%% File generated by CATS v.2.1Thu May  9 12:39:03 2024

%% The CATS webpage is http://robotics.stanford.edu/CATS

%% PARAMETER SETTINGS:
% Goods: 52; Bids: 200; Distribution: arbitrary; Runs: 1; Seed: 37
% Arbitrary Distribution Parameters:
% Max Substitutable Bids = 5
% Removing HV Neighbor   = 0.1
% Adding DIAG Neighbor   = 0.2
% Additional Location    = 0.9
% Additivity             = 0.2
% Budget Factor          = 1.5
% Resale Factor          = 0.5
% Uniform Private Value:
%   Deviation            = 0.5
%   Max Good Value       = 100



goods 52
bids 202
dummy 40

0	562.749	3	9	15	24	25	26	34	48	52	#
1	650.239	0	3	9	12	14	28	46	51	52	#
2	613.749	3	15	20	26	27	40	42	46	52	#
3	607.856	5	6	12	26	27	28	32	34	52	#
4	513.136	0	14	20	22	25	30	34	46	52	#
5	406.883	9	10	26	30	35	41	43	46	52	#
6	1998.79	0	1	5	6	7	9	10	11	12	16	17	18	21	23	24	26	27	28	29	31	32	34	35	38	41	42	43	46	47	48	49	51	53	#
7	2425.79	0	1	3	5	7	8	10	11	12	17	19	20	22	24	26	28	29	34	35	36	37	38	39	40	41	43	44	46	47	48	49	51	53	#
8	2416.37	0	1	5	6	7	8	11	12	18	19	20	22	23	24	26	28	29	31	34	35	36	38	39	40	41	42	43	46	47	48	49	51	53	#
9	2364.4	0	1	6	7	8	9	11	12	15	16	19	20	22	23	24	26	27	28	29	34	35	36	38	40	41	42	43	44	47	48	49	51	53	#
10	2316.33	0	1	6	7	8	9	11	12	15	18	20	22	23	24	26	27	28	29	30	31	32	33	36	38	39	40	41	44	46	47	49	51	53	#
11	2298.04	0	5	6	7	8	9	10	11	12	15	16	17	18	19	22	23	24	26	27	28	31	36	37	38	39	40	44	46	47	48	49	51	53	#
12	670.853	0	5	13	22	29	31	39	42	43	54	#
13	742.952	0	3	11	22	27	28	29	31	46	54	#
14	723.286	2	3	5	20	22	42	43	45	50	54	#
15	651.831	0	3	5	6	29	39	40	45	46	54	#
16	615.047	10	20	22	23	31	33	37	42	46	54	#
17	536.69	7	10	11	15	16	25	35	43	46	54	#
18	114.755	31	#
19	1741.47	0	2	3	6	7	11	13	14	17	18	21	23	27	29	33	34	35	36	37	40	41	42	43	45	46	48	49	55	#
20	2071.96	0	1	2	3	5	7	8	9	16	17	18	19	20	26	28	30	32	35	36	37	39	40	41	45	47	48	51	55	#
21	2041.44	0	2	3	6	7	8	10	13	16	17	18	19	20	26	27	28	30	35	36	37	39	40	41	47	48	50	51	55	#
22	1992.76	0	3	4	5	6	8	9	10	13	14	16	17	18	19	20	21	26	29	30	34	36	37	41	44	45	47	48	55	#
23	1918.14	1	2	3	5	6	8	9	19	20	21	22	23	24	26	29	30	35	36	38	40	41	44	45	46	47	49	51	55	#
24	1917.88	1	2	3	6	8	9	10	11	12	13	14	15	17	18	21	26	27	28	29	30	35	36	38	40	41	45	47	55	#
25	362.107	0	3	9	17	40	56	#
26	388.73	6	10	17	19	41	56	#
27	325.289	0	6	9	43	44	56	#
28	264.921	3	4	17	23	25	56	#
29	223.905	3	27	33	39	40	56	#
30	211.131	6	9	12	14	28	56	#
31	488.982	2	7	11	15	29	43	44	57	#
32	594.103	0	6	17	21	29	35	49	57	#
33	589.55	11	12	21	28	38	41	47	57	#
34	570.469	15	17	22	26	34	42	44	57	#
35	467.527	2	28	29	32	34	38	43	57	#
36	443.681	7	11	15	18	21	37	46	57	#
37	141.885	4	38	58	#
38	33.3083	4	13	58	#
39	1167.14	0	2	3	6	7	11	13	14	16	17	19	20	21	24	31	37	41	45	48	51	59	#
40	1296.4	0	2	3	5	7	10	14	15	17	19	20	23	28	35	36	41	45	46	48	50	59	#
41	1277.79	0	5	10	11	14	15	16	18	19	23	25	26	28	34	35	40	45	46	50	51	59	#
42	1270.72	2	5	9	10	11	13	15	16	18	19	20	26	31	33	35	36	38	45	48	50	59	#
43	1268.07	0	1	3	5	7	13	14	15	17	18	20	23	34	35	37	41	44	46	50	51	59	#
44	1177.07	0	2	7	8	14	16	17	18	19	20	23	24	25	28	29	30	35	37	49	50	59	#
45	474.59	12	18	21	25	29	49	60	#
46	513.528	0	12	14	25	40	49	60	#
47	410.798	2	3	14	23	25	28	60	#
48	389.09	2	23	29	31	32	39	60	#
49	380.342	18	22	34	37	44	49	60	#
50	380.123	1	3	21	39	41	44	60	#
51	2109.34	0	1	2	3	5	6	7	8	9	10	11	12	13	14	15	16	17	18	19	21	22	24	25	27	28	29	30	31	32	33	34	35	36	37	38	39	40	41	42	44	45	46	47	48	50	51	61	#
52	2165.04	0	1	2	3	5	6	7	8	9	10	11	12	14	15	16	17	18	19	21	22	24	25	27	28	29	30	31	32	33	34	35	36	37	38	39	40	41	42	44	45	46	47	48	49	50	51	61	#
53	2134.99	0	1	2	3	5	6	7	8	9	10	11	12	14	15	16	17	18	19	21	22	24	25	26	27	28	29	30	31	32	33	34	35	36	37	38	39	40	41	42	44	45	46	47	48	50	51	61	#
54	2132.5	0	1	2	3	5	6	7	9	10	11	13	14	15	16	17	18	19	20	21	22	24	25	26	27	28	29	30	31	32	33	34	37	38	39	40	41	42	43	44	45	46	47	48	49	50	51	61	#
55	2125.52	0	1	2	3	4	5	6	7	8	9	10	11	12	14	15	16	17	18	19	21	22	23	24	25	26	27	28	30	31	32	34	36	37	38	39	40	41	42	44	45	46	47	48	49	50	51	61	#
56	2116.57	0	1	2	3	5	6	7	9	10	11	12	13	14	15	16	17	18	19	21	22	24	25	26	27	28	30	31	32	33	34	35	36	37	38	39	40	41	42	44	45	46	47	48	49	50	51	61	#
57	1068.33	0	2	6	9	11	17	20	22	28	30	32	36	39	43	49	51	77	#
58	210.968	3	17	40	62	#
59	200.47	5	17	28	62	#
60	184.782	2	3	21	62	#
61	165.133	30	36	40	62	#
62	150.27	10	24	51	63	#
63	152.019	10	21	26	63	#
64	109.641	23	24	46	63	#
65	1440.58	8	11	13	14	15	16	22	23	24	28	30	31	37	39	40	41	42	43	45	49	51	64	#
66	1459.02	7	8	9	14	15	16	22	25	27	31	34	35	36	37	38	39	41	42	47	48	49	64	#
67	1446.03	7	9	11	14	15	18	20	23	25	29	31	33	35	36	37	38	43	45	47	48	49	64	#
68	1441.77	3	4	7	14	15	16	20	21	22	23	25	26	27	30	31	35	38	42	45	47	49	64	#
69	1412.12	3	7	11	15	16	18	19	21	25	30	31	33	34	35	36	37	39	42	45	46	47	64	#
70	1407.92	2	7	8	9	14	19	22	23	24	25	26	28	31	35	37	42	43	47	48	49	51	64	#
71	592.616	3	4	13	19	29	34	37	50	65	#
72	631.49	2	3	8	13	22	28	33	40	65	#
73	596.036	0	14	19	36	37	39	48	50	65	#
74	586.918	1	19	20	28	31	38	40	50	65	#
75	586.589	2	17	28	31	34	36	45	49	65	#
76	515.139	0	4	8	11	12	13	40	50	65	#
77	103.291	4	45	66	#
78	117.521	4	20	66	#
79	1102.88	0	1	2	6	12	21	22	23	25	29	32	34	36	37	38	40	41	44	50	67	#
80	1261.84	0	1	2	4	5	15	21	22	23	24	25	28	36	39	40	43	44	45	46	67	#
81	1233.45	0	1	2	10	11	12	23	24	26	28	29	34	36	38	39	40	43	45	47	67	#
82	1221.82	0	1	2	3	8	11	12	14	15	22	24	32	36	38	41	43	46	47	48	67	#
83	1135.4	0	1	2	4	10	12	13	15	21	22	23	24	27	29	39	44	45	48	50	67	#
84	1129.02	1	5	9	11	12	15	23	25	27	28	29	34	38	40	41	43	45	48	51	67	#
85	77.2503	5	14	68	#
86	106.674	14	43	68	#
87	1106.76	2	8	11	14	17	20	22	24	30	32	34	36	37	40	46	48	77	#
88	617.269	12	14	16	19	28	45	48	69	#
89	626.037	3	15	21	22	37	40	45	69	#
90	592.914	0	19	20	21	27	28	29	69	#
91	582.642	12	16	18	20	28	42	48	69	#
92	579.557	15	16	19	32	39	45	47	69	#
93	514.77	9	19	26	28	31	33	50	69	#
94	226.403	2	9	26	70	#
95	215.232	2	26	36	70	#
96	203.899	2	31	51	70	#
97	137.935	9	17	43	70	#
98	1130.94	1	4	5	8	9	10	14	17	22	24	25	26	30	31	32	42	43	46	47	50	71	#
99	1564.14	0	3	5	8	15	20	22	24	25	26	28	36	37	40	42	44	45	46	47	50	71	#
100	1430.3	0	1	4	8	9	10	15	16	21	22	25	28	31	33	37	42	45	46	47	50	71	#
101	1421.24	0	1	3	4	5	9	19	22	24	25	26	28	31	32	36	38	42	46	47	50	71	#
102	1367.12	0	1	4	5	8	9	10	18	19	21	24	25	28	31	32	38	40	42	47	50	71	#
103	1354.29	1	3	4	5	9	15	20	24	25	26	27	28	31	33	42	44	45	46	47	50	71	#
104	225.871	20	39	47	72	#
105	272.669	39	45	47	72	#
106	196.623	1	29	47	72	#
107	162.526	4	13	20	72	#
108	282.701	1	22	35	36	73	#
109	346.444	3	10	35	51	73	#
110	276.374	9	11	36	46	73	#
111	267.833	22	26	36	46	73	#
112	165.268	1	16	24	36	73	#
113	297.096	2	24	25	30	31	32	39	74	#
114	416.865	6	9	15	26	27	30	40	74	#
115	394.297	3	23	24	30	36	40	47	74	#
116	339.894	12	20	23	25	32	48	50	74	#
117	308.858	9	14	24	32	35	39	40	74	#
118	301.474	6	18	21	23	31	36	51	74	#
119	446.545	4	14	20	24	34	39	46	75	#
120	506.367	17	19	23	27	32	39	46	75	#
121	493.245	4	10	11	12	31	35	37	75	#
122	479.494	7	9	21	24	29	37	44	75	#
123	423.313	4	7	21	22	29	34	44	75	#
124	419.785	6	14	26	29	31	34	35	75	#
125	93.8898	13	39	42	#
126	58.5726	41	#
127	1572.15	1	2	4	7	8	16	20	22	23	24	26	27	28	29	32	33	35	36	37	39	40	42	43	44	50	51	76	#
128	1906.78	2	3	7	8	11	14	15	21	22	23	24	27	28	29	31	34	35	36	37	39	41	43	47	48	49	51	76	#
129	1833.73	2	3	9	10	11	16	20	22	23	24	27	28	29	34	35	36	37	39	42	43	44	45	48	49	50	51	76	#
130	1828.24	1	2	3	4	8	11	14	16	20	22	24	26	27	28	31	36	37	39	40	41	42	44	45	46	50	51	76	#
131	1787.06	3	6	7	8	11	15	19	20	23	24	25	26	27	28	29	31	34	35	36	37	38	42	43	45	47	51	76	#
132	1725.69	0	1	2	3	6	7	8	9	10	11	14	15	16	20	23	24	26	28	29	31	34	36	37	39	40	43	76	#
133	1042.55	5	8	9	10	23	24	31	34	35	37	38	40	45	48	50	51	77	#
134	1162.73	8	13	15	20	22	24	29	30	31	32	36	40	42	46	48	50	77	#
135	1114.26	2	5	8	9	13	20	22	23	31	32	34	35	39	40	43	48	77	#
136	1106.88	0	2	5	8	11	13	14	18	22	23	26	31	33	36	38	51	77	#
137	1317.62	0	3	4	5	11	17	19	22	23	26	28	31	34	36	43	46	47	51	78	#
138	1285.16	0	1	3	5	11	12	19	22	27	35	36	39	41	43	44	45	46	49	78	#
139	1272.9	3	5	11	14	15	17	22	26	30	32	35	36	39	41	42	46	49	51	78	#
140	1228.38	0	9	20	22	23	26	28	30	31	34	35	37	39	42	43	46	49	51	78	#
141	1202.24	0	11	12	14	19	20	21	22	27	28	30	31	32	34	36	37	49	50	78	#
142	1199.99	3	10	11	13	20	21	22	23	25	27	28	35	39	42	43	46	50	51	78	#
143	54.301	30	#
144	93.4521	5	39	79	#
145	116.878	13	39	79	#
146	230.434	40	51	80	#
147	189.223	50	51	80	#
148	96.0442	1	40	80	#
149	184.429	2	27	36	81	#
150	167.833	36	42	45	81	#
151	150.54	7	18	27	81	#
152	680.825	1	9	12	28	29	31	36	38	40	50	82	#
153	821.767	0	1	3	8	16	20	35	40	45	46	82	#
154	784.402	0	5	12	13	19	23	26	28	32	37	82	#
155	771.149	9	19	25	28	36	37	38	42	44	46	82	#
156	770.476	0	1	19	20	29	35	38	42	47	50	82	#
157	758.076	0	1	11	14	23	28	32	43	47	50	82	#
158	165.462	15	26	83	#
159	166.829	8	26	83	#
160	163.855	15	29	83	#
161	813.064	2	3	7	9	17	25	28	32	39	40	42	44	46	47	84	#
162	956.366	2	4	8	11	26	29	30	31	33	39	40	44	47	49	84	#
163	953.587	2	4	6	9	12	18	19	28	30	31	41	43	45	49	84	#
164	953.097	4	6	8	11	18	19	29	31	35	37	38	44	46	51	84	#
165	900.357	2	4	10	12	17	33	35	37	38	40	43	46	47	51	84	#
166	878.339	2	6	9	17	19	20	25	27	30	35	38	45	49	50	84	#
167	576.163	2	6	9	12	18	24	27	30	34	36	45	46	85	#
168	834.203	5	6	8	14	21	25	27	28	30	36	44	48	85	#
169	827.11	6	9	13	16	20	25	28	30	34	36	46	47	85	#
170	772.804	5	7	9	15	21	27	30	34	36	43	48	49	85	#
171	764.581	1	3	6	7	8	9	12	25	27	28	31	45	85	#
172	736.884	1	2	16	17	18	21	25	28	31	34	45	51	85	#
173	1227	3	4	12	21	26	28	29	32	35	37	39	40	45	49	51	86	#
174	1235.78	0	2	3	4	11	14	15	26	28	29	31	34	38	40	45	86	#
175	1182.62	3	7	10	11	18	19	22	26	28	29	31	37	42	44	46	86	#
176	1180.34	0	2	6	7	11	12	14	21	27	29	32	41	46	49	51	86	#
177	1178.22	0	1	3	8	15	17	19	21	27	29	31	34	35	38	46	86	#
178	1134.69	1	2	3	4	7	9	12	15	26	29	31	35	42	44	49	86	#
179	379.767	16	27	28	45	87	#
180	327.965	1	28	34	39	87	#
181	302.55	5	16	20	39	87	#
182	289.416	6	38	45	48	87	#
183	232.544	7	27	37	50	87	#
184	755.211	8	11	19	21	28	35	37	42	43	49	88	#
185	869.1	4	11	18	20	21	25	28	38	44	49	88	#
186	810.433	11	17	19	20	27	35	38	45	48	49	88	#
187	799.418	0	1	6	11	14	21	27	35	40	48	88	#
188	772.332	3	15	21	31	33	37	38	43	44	49	88	#
189	745.427	3	6	8	14	20	21	23	24	40	48	88	#
190	197.922	11	45	89	#
191	235.123	31	45	89	#
192	113.27	11	43	89	#
193	1255.51	3	5	6	7	8	11	12	16	17	21	23	24	25	26	28	30	35	37	40	41	42	90	#
194	1448	0	6	7	8	9	12	14	15	19	21	23	25	26	28	30	34	35	42	48	49	51	90	#
195	1443.37	0	2	3	4	5	8	9	10	11	14	15	21	25	26	28	35	41	42	44	47	51	90	#
196	1362.54	2	5	7	8	11	14	15	16	18	19	21	24	25	26	28	30	34	35	42	44	51	90	#
197	1354.71	6	7	8	10	15	16	17	19	21	22	23	24	26	27	28	32	35	41	42	46	49	90	#
198	1350.55	0	2	6	7	8	11	12	15	17	18	19	21	23	26	29	30	33	35	46	48	49	90	#
199	178.699	9	49	91	#
200	228.907	36	49	91	#
201	157.395	9	47	91	#
