%% File generated by CATS v.2.1Thu May  9 12:39:05 2024

%% The CATS webpage is http://robotics.stanford.edu/CATS

%% PARAMETER SETTINGS:
% Goods: 52; Bids: 200; Distribution: arbitrary; Runs: 1; Seed: 84
% Arbitrary Distribution Parameters:
% Max Substitutable Bids = 5
% Removing HV Neighbor   = 0.1
% Adding DIAG Neighbor   = 0.2
% Additional Location    = 0.9
% Additivity             = 0.2
% Budget Factor          = 1.5
% Resale Factor          = 0.5
% Uniform Private Value:
%   Deviation            = 0.5
%   Max Good Value       = 100



goods 52
bids 202
dummy 36

0	438.247	4	12	27	33	38	44	52	#
1	592.737	10	13	25	27	34	44	52	#
2	552.084	8	13	27	29	36	37	52	#
3	479.414	10	14	18	31	38	44	52	#
4	455.323	10	19	26	33	44	51	52	#
5	423.466	12	27	31	34	36	45	52	#
6	439.846	4	12	13	14	28	42	53	#
7	603.728	0	7	14	28	29	43	53	#
8	428.63	3	4	15	29	42	44	53	#
9	427.232	0	4	9	28	35	46	53	#
10	377.051	3	4	12	31	46	51	53	#
11	376.244	9	14	16	27	28	51	53	#
12	48.0075	9	#
13	112.262	29	#
14	472.921	25	41	42	44	54	#
15	402.281	5	25	43	49	54	#
16	331.282	15	42	44	49	54	#
17	299.306	24	36	39	44	54	#
18	227.13	3	19	38	41	54	#
19	668.184	1	4	17	21	22	36	50	55	#
20	603.911	0	6	21	25	29	36	43	55	#
21	548.406	1	2	26	34	36	39	42	55	#
22	540.612	4	12	13	21	29	46	49	55	#
23	517.279	10	14	17	35	46	47	50	55	#
24	490.442	4	6	18	29	34	42	48	55	#
25	898.748	1	3	6	11	16	19	24	30	31	38	41	42	46	56	#
26	1049.42	1	3	5	9	10	14	16	23	34	35	38	42	45	56	#
27	1029	1	3	11	13	14	21	26	29	34	38	39	41	42	56	#
28	1026.19	2	3	6	8	9	13	14	17	24	31	40	44	48	56	#
29	1004.12	1	4	6	9	10	14	19	20	21	34	38	39	41	56	#
30	1001.56	2	4	8	9	11	14	17	18	25	31	38	42	46	56	#
31	815.312	5	8	11	14	15	19	29	30	35	39	57	#
32	909.836	5	11	12	23	29	30	31	36	40	45	57	#
33	859.16	5	8	11	13	14	15	20	28	36	39	57	#
34	800.493	8	11	13	14	18	25	29	31	32	34	57	#
35	763.411	6	12	14	16	17	25	29	32	35	38	57	#
36	762.095	12	15	16	17	19	25	28	30	36	42	57	#
37	215.026	20	26	39	47	58	#
38	320.49	40	44	47	49	58	#
39	228.378	13	17	27	39	58	#
40	1330.65	0	3	5	14	15	19	23	26	27	29	32	37	39	44	45	46	48	50	59	#
41	1675.72	6	12	15	16	20	22	23	25	28	29	37	38	39	40	41	46	48	51	59	#
42	1585.69	3	4	5	12	13	14	15	18	19	22	25	29	38	40	43	47	48	50	59	#
43	1544.26	0	4	6	13	16	17	18	23	25	29	32	37	38	41	44	45	47	50	59	#
44	1529.54	4	6	13	14	15	17	19	20	23	25	29	32	34	37	38	47	48	50	59	#
45	1528.74	5	6	10	14	15	18	23	24	26	29	33	40	41	43	44	45	46	51	59	#
46	1046.32	3	10	15	19	25	31	32	36	41	44	46	47	49	60	#
47	1080.6	1	4	6	21	26	28	29	32	36	45	46	47	49	60	#
48	1076.75	0	2	10	12	28	35	36	40	44	46	49	50	51	60	#
49	1073.23	1	3	4	9	12	13	26	29	31	32	37	43	46	60	#
50	1071.98	3	4	8	10	12	15	16	31	36	37	41	46	49	60	#
51	1062.35	1	10	11	12	13	14	15	17	21	25	28	46	49	60	#
52	87.9276	47	#
53	493.292	1	9	11	24	35	36	39	45	50	61	#
54	692.322	5	7	8	9	17	20	27	39	46	61	#
55	683.513	20	24	26	35	36	42	43	46	50	61	#
56	646.828	2	4	8	18	20	24	32	45	46	61	#
57	606.439	11	15	20	24	30	34	36	40	46	61	#
58	563.695	0	5	10	11	26	33	40	43	47	61	#
59	733.877	9	11	16	17	18	19	20	24	27	29	32	35	37	50	62	#
60	1042.4	2	6	8	13	21	23	24	25	28	30	33	39	42	51	62	#
61	1019.11	1	6	8	11	16	17	20	24	28	30	35	40	43	45	62	#
62	1009.8	6	8	9	17	18	19	20	21	26	27	33	37	45	47	62	#
63	1008.88	1	8	9	16	17	19	24	25	28	30	39	42	43	48	62	#
64	999.281	6	9	11	13	16	19	23	24	28	32	33	37	43	51	62	#
65	515.914	1	14	18	25	31	39	63	#
66	580.897	1	2	8	15	31	37	63	#
67	576.618	7	10	12	18	25	29	63	#
68	490.571	1	8	11	12	26	49	63	#
69	429.488	8	9	14	15	18	25	63	#
70	428.857	14	15	23	24	39	51	63	#
71	734.584	6	11	21	26	27	31	42	44	47	64	#
72	862.398	0	8	22	26	31	38	40	43	51	64	#
73	809.611	2	8	11	13	20	21	24	42	51	64	#
74	753.717	3	6	16	17	20	29	36	41	49	64	#
75	752.762	7	18	24	26	29	36	39	42	47	64	#
76	650.507	1	2	6	24	27	29	39	46	49	64	#
77	855.085	1	6	11	13	16	18	24	25	26	27	28	29	33	37	51	65	#
78	1274.16	0	1	13	15	19	21	22	28	29	33	40	42	43	44	51	65	#
79	1199.11	1	4	10	12	13	18	21	22	25	28	33	40	41	42	50	65	#
80	1140	1	2	3	4	12	19	20	22	28	33	38	43	49	50	51	65	#
81	1123.44	2	7	10	11	13	18	19	21	22	29	33	38	42	44	46	65	#
82	1120.52	0	2	10	11	13	16	22	28	29	32	33	42	43	44	49	65	#
83	537.883	0	18	24	25	26	35	40	50	66	#
84	744.563	0	3	12	18	31	38	41	46	66	#
85	735.697	0	25	26	27	34	37	40	41	66	#
86	642.534	0	4	16	18	25	26	37	40	66	#
87	638.565	10	17	26	27	35	37	40	44	66	#
88	620.737	12	13	18	20	23	27	34	39	66	#
89	672.627	4	15	16	26	28	42	50	51	67	#
90	693.369	10	20	25	26	31	36	38	47	67	#
91	686.848	18	21	27	28	32	39	40	51	67	#
92	615.768	4	7	9	20	26	28	39	51	67	#
93	608.217	4	10	11	19	21	25	42	46	67	#
94	557.862	1	4	9	12	17	23	30	50	67	#
95	2155.54	0	4	5	7	8	11	13	15	17	18	19	22	23	24	25	26	27	30	31	38	39	40	42	43	46	47	48	49	50	51	68	#
96	2366.54	2	3	5	7	11	14	15	16	17	18	19	20	22	23	25	26	27	29	31	33	38	40	41	43	44	47	48	49	50	51	68	#
97	2317.05	0	1	4	5	7	10	11	13	14	15	16	18	22	23	25	26	27	28	29	31	38	39	42	44	46	47	48	49	50	51	68	#
98	2296.2	5	7	8	14	15	16	18	19	20	22	23	25	26	27	28	29	31	33	34	38	39	40	41	44	45	46	47	48	49	50	68	#
99	2291.47	2	5	6	7	8	11	14	15	16	18	20	22	23	24	25	26	27	28	31	36	39	40	41	42	43	46	47	48	49	51	68	#
100	2278.87	2	5	7	8	10	11	13	14	15	16	17	18	19	20	22	23	24	25	27	29	31	33	38	39	41	46	48	49	50	51	68	#
101	1738.07	3	4	5	9	12	13	14	15	18	21	24	28	33	34	35	36	37	39	40	44	45	46	47	69	#
102	1862.95	3	4	5	6	8	9	10	13	14	17	18	20	21	23	24	28	34	36	38	46	47	49	51	69	#
103	1763.66	2	3	5	10	11	12	13	14	15	16	17	18	21	30	31	33	34	36	37	40	44	46	51	69	#
104	1747.59	3	4	5	9	12	13	14	15	17	18	23	24	28	33	34	35	37	38	40	43	45	46	47	69	#
105	1741.36	5	9	10	12	14	15	17	18	19	20	21	23	28	32	34	36	37	43	44	45	46	47	51	69	#
106	1708.86	1	5	6	11	13	14	17	18	20	21	23	24	30	31	32	34	35	36	37	38	45	48	51	69	#
107	434.847	2	4	9	10	25	26	36	49	70	#
108	648.922	0	7	8	15	26	27	44	46	70	#
109	634.472	5	8	26	29	31	36	37	49	70	#
110	599.645	8	10	11	15	20	24	34	36	70	#
111	552.482	2	3	9	15	17	34	36	48	70	#
112	510.58	2	3	24	29	32	41	42	49	70	#
113	109.6	7	35	71	#
114	129.567	26	35	71	#
115	85.0983	7	12	71	#
116	737.207	2	8	13	20	21	24	29	32	39	47	72	#
117	839.124	8	9	13	27	29	38	43	46	47	49	72	#
118	798.962	5	8	10	11	13	14	16	21	42	51	72	#
119	790.871	1	8	11	20	25	26	30	31	38	47	72	#
120	738.726	9	10	16	19	20	21	31	44	47	50	72	#
121	735.628	0	10	13	17	19	24	27	30	32	38	72	#
122	88.5474	28	#
123	143.753	28	47	73	#
124	126.443	14	28	73	#
125	78.0763	30	47	73	#
126	369.707	11	12	14	25	39	50	74	#
127	498.472	2	18	23	28	35	50	74	#
128	488.564	7	25	30	45	46	51	74	#
129	418.238	3	12	18	23	27	48	74	#
130	403.625	14	20	23	35	45	46	74	#
131	387.744	2	11	25	33	34	39	74	#
132	728.268	12	22	24	27	28	37	38	40	41	75	#
133	833.671	1	5	24	27	37	38	41	43	47	75	#
134	715.951	0	5	20	21	26	29	39	41	48	75	#
135	674.655	5	12	20	27	28	29	34	39	47	75	#
136	672.167	1	23	33	34	37	39	41	43	47	75	#
137	634.273	2	17	19	23	27	28	39	47	50	75	#
138	1146.29	0	1	2	18	22	26	28	29	36	39	42	47	48	50	51	76	#
139	1195.35	0	1	3	5	7	9	10	13	23	25	27	33	36	42	48	76	#
140	1192.01	0	1	2	9	12	13	20	21	22	24	26	27	29	40	51	76	#
141	1151.17	1	2	7	12	13	20	24	27	28	32	40	41	42	50	51	76	#
142	1098.53	1	10	13	18	20	22	27	28	29	32	37	39	42	45	51	76	#
143	1096.66	3	5	13	14	16	20	24	25	27	29	33	37	42	47	51	76	#
144	116.844	36	39	77	#
145	132.143	39	48	77	#
146	3016.47	0	1	2	4	5	6	7	8	9	11	12	13	14	15	17	18	20	23	24	25	26	27	28	30	31	33	34	35	38	39	40	42	43	44	45	46	48	50	51	78	#
147	3083.05	1	2	4	5	6	7	8	11	12	13	14	15	17	18	19	20	21	23	24	26	27	28	29	30	31	32	33	34	35	38	39	40	41	42	43	44	46	49	50	78	#
148	3049.39	1	2	4	5	6	7	11	12	13	14	15	16	17	18	20	21	22	23	24	26	27	28	29	30	31	33	34	35	38	40	42	43	44	45	46	48	49	50	51	78	#
149	3039.32	0	2	3	4	5	6	7	8	12	13	14	15	17	18	19	20	21	23	24	26	27	29	30	31	33	34	35	37	39	41	42	43	44	45	46	48	49	50	51	78	#
150	3037.92	0	2	3	4	5	6	7	8	12	13	14	15	16	18	20	21	23	24	26	27	28	29	30	31	33	34	35	36	37	38	39	40	43	44	45	46	48	50	51	78	#
151	3036.77	2	5	6	7	8	11	12	14	15	16	17	18	19	20	21	23	24	25	26	27	28	30	31	33	34	35	38	39	40	41	42	43	44	45	46	48	49	50	51	78	#
152	168.053	2	35	36	79	#
153	239.002	28	36	50	79	#
154	218.047	2	9	43	79	#
155	174.681	8	26	35	79	#
156	265.863	6	7	13	80	#
157	308.755	7	18	29	80	#
158	267.418	13	32	43	80	#
159	228.506	6	28	40	80	#
160	3095.17	0	1	2	3	4	5	6	7	8	9	10	12	13	14	16	18	19	20	21	22	24	25	26	27	28	29	30	31	32	33	34	35	36	37	38	39	40	41	42	43	44	45	46	47	48	49	50	51	81	#
161	3182.13	0	1	2	3	4	5	7	8	10	12	13	14	16	17	18	19	20	21	22	23	24	25	26	27	28	29	30	31	32	33	34	35	36	37	38	39	40	41	42	43	44	45	46	47	48	49	50	51	81	#
162	3163.74	0	2	3	4	5	6	7	8	9	10	12	13	14	15	16	17	18	19	20	21	22	23	25	26	27	28	29	30	31	32	33	35	36	37	38	39	40	41	42	43	44	45	46	47	48	49	50	51	81	#
163	3152.01	0	1	2	3	4	5	6	7	8	10	12	13	14	15	16	18	19	20	21	22	24	25	26	27	28	29	30	31	32	33	34	35	36	37	38	39	40	41	42	43	44	45	46	47	48	49	50	51	81	#
164	3149.76	0	2	3	4	5	6	7	8	9	10	12	13	14	15	16	17	18	19	20	21	22	23	24	25	26	27	28	29	30	31	32	33	35	36	37	38	40	41	42	43	44	45	46	47	48	49	50	51	81	#
165	3149.24	0	1	2	3	4	5	6	7	8	9	10	12	13	14	16	18	19	20	21	22	23	25	26	27	28	29	30	31	32	33	34	35	36	37	38	39	40	41	42	43	44	45	46	47	48	49	50	51	81	#
166	2858.14	0	1	2	3	5	7	8	10	13	14	15	16	18	20	21	23	24	26	28	29	30	31	33	34	35	36	37	38	41	42	43	44	46	48	49	50	51	82	#
167	2931.05	0	2	5	7	8	9	10	12	13	14	15	17	18	20	21	22	23	24	25	26	29	31	33	34	36	38	40	41	42	43	44	45	46	47	48	49	50	82	#
168	2846.4	0	2	5	7	8	10	11	13	14	15	16	20	21	22	24	25	26	28	29	31	32	33	34	36	37	38	40	41	42	43	44	45	46	48	49	50	51	82	#
169	2819.48	0	2	5	7	8	9	10	13	14	15	16	18	20	21	22	23	24	25	29	30	31	34	36	37	38	39	41	42	43	44	45	46	47	48	49	50	51	82	#
170	2811.25	0	2	5	6	7	8	9	10	11	13	14	15	16	18	21	22	23	25	26	29	31	33	34	35	36	37	38	40	42	43	45	46	47	48	49	50	51	82	#
171	2802.92	0	1	2	5	7	8	9	10	11	14	15	16	17	18	21	22	23	24	25	26	28	29	31	33	34	36	37	38	40	41	42	43	44	45	46	50	51	82	#
172	979.953	1	21	24	25	32	34	36	38	40	46	51	83	#
173	1086.64	11	13	14	24	29	34	35	36	41	46	51	83	#
174	1047.66	5	8	11	13	19	24	31	34	36	41	51	83	#
175	961.932	0	2	3	4	14	23	26	37	40	42	51	83	#
176	947.482	1	2	5	13	23	27	29	34	35	38	49	83	#
177	921.834	1	5	8	20	27	29	31	34	36	42	47	83	#
178	2704.73	1	2	5	6	8	9	10	11	13	14	15	16	17	18	19	20	22	23	25	26	27	28	29	30	31	32	33	35	36	37	39	40	41	42	43	44	45	46	47	48	49	84	#
179	2929.04	1	2	5	6	8	9	10	11	13	14	15	16	17	18	20	21	22	23	24	25	26	27	28	29	31	32	35	36	37	38	39	40	41	43	44	45	46	48	49	50	51	84	#
180	2925.63	1	2	5	6	8	9	10	11	13	14	15	17	18	20	21	22	23	24	25	26	27	28	29	30	31	32	33	35	36	37	38	39	40	42	43	44	45	46	48	49	51	84	#
181	2899.45	1	2	5	8	9	10	11	13	14	15	17	18	20	21	22	23	24	25	26	27	28	29	30	31	32	33	35	36	37	38	39	40	42	43	44	45	46	48	49	50	51	84	#
182	2896.78	1	2	5	6	8	9	10	11	13	14	15	16	17	18	21	22	23	25	26	28	29	30	31	32	33	35	36	37	38	39	40	41	42	43	44	45	46	47	48	49	51	84	#
183	2882.62	1	2	3	4	5	6	8	9	10	11	13	14	15	16	17	18	20	21	22	23	25	26	27	28	29	31	35	36	37	39	40	41	42	43	44	45	46	48	49	50	51	84	#
184	690.912	6	8	21	25	31	38	85	#
185	554.123	7	8	18	23	33	41	85	#
186	452.707	3	4	7	21	31	45	85	#
187	398.498	5	6	13	18	32	33	85	#
188	388.368	13	17	31	32	47	49	85	#
189	359.379	4	9	17	24	38	45	85	#
190	1450.28	2	3	5	7	10	14	15	16	22	23	30	32	33	34	36	40	41	43	44	47	48	86	#
191	1740.18	2	5	6	7	8	9	10	13	16	17	18	21	22	27	28	32	36	37	44	47	51	86	#
192	1701.79	5	7	8	15	16	18	19	21	23	28	30	31	34	36	37	40	42	43	44	46	48	86	#
193	1642.32	0	8	10	11	16	17	19	21	22	23	25	28	30	31	36	39	41	42	43	44	48	86	#
194	1624.02	5	10	11	13	16	18	19	20	21	22	23	28	30	31	32	40	41	43	46	47	48	86	#
195	1623.83	0	1	2	8	10	12	13	18	19	22	25	29	31	32	36	39	40	41	44	46	48	86	#
196	840.254	7	8	15	16	17	23	26	33	34	44	50	51	87	#
197	1152.76	0	2	5	7	17	18	31	34	37	41	46	51	87	#
198	1044.41	0	5	7	16	17	23	25	28	33	34	36	43	87	#
199	1040.95	5	9	13	15	23	25	28	31	34	36	41	46	87	#
200	968.539	1	3	5	6	18	23	24	28	38	46	49	50	87	#
201	951.718	5	6	17	25	26	29	32	34	36	40	42	46	87	#
