%% File generated by CATS v.2.1Thu May  9 12:39:04 2024

%% The CATS webpage is http://robotics.stanford.edu/CATS

%% PARAMETER SETTINGS:
% Goods: 52; Bids: 200; Distribution: arbitrary; Runs: 1; Seed: 40
% Arbitrary Distribution Parameters:
% Max Substitutable Bids = 5
% Removing HV Neighbor   = 0.1
% Adding DIAG Neighbor   = 0.2
% Additional Location    = 0.9
% Additivity             = 0.2
% Budget Factor          = 1.5
% Resale Factor          = 0.5
% Uniform Private Value:
%   Deviation            = 0.5
%   Max Good Value       = 100



goods 52
bids 201
dummy 35

0	147.316	1	27	52	#
1	163.115	23	27	52	#
2	132.679	1	35	52	#
3	496.937	9	15	28	35	36	39	53	#
4	539.176	1	15	35	40	43	49	53	#
5	506.171	1	9	20	23	32	39	53	#
6	476.464	0	2	13	21	39	42	53	#
7	454.868	11	15	28	30	35	39	53	#
8	454.788	16	28	36	40	42	45	53	#
9	1975.09	3	5	6	12	13	14	15	17	19	20	21	22	26	27	29	31	32	34	35	38	39	41	42	45	47	48	49	54	#
10	2215.19	2	3	5	6	9	13	14	15	17	20	21	22	25	26	27	29	31	33	36	37	38	39	42	44	45	47	50	54	#
11	2127.14	1	3	9	14	16	17	19	21	22	23	25	26	27	31	33	34	35	36	39	41	42	43	45	47	48	50	51	54	#
12	2122.91	1	2	3	4	13	14	15	17	20	21	22	23	25	26	28	31	33	34	36	38	39	41	42	44	45	47	51	54	#
13	2105.81	0	1	3	9	13	15	19	20	21	22	26	27	30	31	32	33	34	36	38	39	41	42	44	45	49	50	51	54	#
14	2104.49	1	3	9	12	13	14	15	16	19	20	21	22	23	26	27	28	29	32	34	36	38	39	42	44	45	47	51	54	#
15	296.849	22	28	30	37	42	45	55	#
16	395.253	22	32	42	44	47	50	55	#
17	352.308	22	24	27	32	47	49	55	#
18	339.768	19	28	29	34	35	45	55	#
19	335.453	14	19	28	45	49	51	55	#
20	259.819	5	18	31	37	43	44	55	#
21	1555.76	0	5	7	8	11	16	17	23	25	26	27	28	29	31	34	35	36	37	39	41	42	43	44	45	46	47	49	51	56	#
22	1870.7	0	1	2	4	5	8	12	14	15	17	20	22	24	25	26	27	28	29	30	34	36	37	38	39	44	45	50	51	56	#
23	1838.71	1	2	4	5	9	11	12	13	14	15	17	18	22	25	26	27	29	30	32	34	35	36	37	39	41	43	44	45	56	#
24	1823	0	1	2	5	8	11	12	14	20	24	25	26	27	29	30	33	34	38	39	40	41	44	45	46	47	49	50	51	56	#
25	1783.98	1	2	4	5	7	11	12	13	14	16	17	20	22	23	24	25	26	28	29	30	34	35	36	37	39	43	50	51	56	#
26	1782.83	1	2	4	5	7	8	9	11	12	14	18	24	25	26	27	28	29	30	32	33	34	35	37	41	44	45	47	50	56	#
27	545.85	5	15	18	24	36	43	48	57	#
28	527.897	7	24	26	45	47	48	51	57	#
29	525.893	5	6	25	31	36	37	43	57	#
30	520.501	7	25	40	43	46	49	50	57	#
31	513.844	0	5	15	25	33	35	46	57	#
32	450.845	0	1	18	26	29	36	39	57	#
33	49.6553	41	#
34	1388.51	1	2	3	6	9	10	15	16	18	27	29	32	33	34	37	41	42	43	46	49	50	58	#
35	1657.99	1	2	6	9	10	15	18	19	20	24	25	26	33	35	38	41	42	43	47	50	51	58	#
36	1649.13	8	10	14	15	18	19	23	24	25	26	29	30	34	35	40	41	43	46	47	49	50	58	#
37	1554.13	9	13	14	15	18	20	24	25	34	35	36	37	39	40	42	44	45	46	47	50	51	58	#
38	1548.14	9	10	14	15	16	17	18	22	23	24	25	28	29	30	34	35	41	43	45	46	47	58	#
39	1534	1	6	9	11	14	16	18	20	23	24	28	32	33	38	39	40	42	43	47	49	51	58	#
40	1855	1	7	8	9	10	11	12	13	14	17	20	21	24	26	27	29	35	37	40	42	43	44	45	47	49	50	51	59	#
41	2032.1	1	2	3	4	5	8	9	11	12	17	18	20	22	23	24	26	27	29	32	33	35	37	40	43	45	47	51	59	#
42	1968.36	2	3	4	5	8	9	12	14	15	17	18	20	24	26	27	32	35	36	37	40	43	44	45	47	48	49	51	59	#
43	1933.91	1	2	3	4	10	11	12	13	14	15	17	18	20	21	24	25	26	27	28	29	30	40	45	47	48	50	51	59	#
44	1918.93	1	2	3	4	5	7	8	9	11	12	13	17	18	20	21	26	28	29	32	36	37	40	41	43	45	50	51	59	#
45	1917.12	1	2	3	4	7	8	11	14	15	17	18	24	25	26	27	28	29	31	35	36	37	40	43	45	47	50	51	59	#
46	1036.74	4	7	11	12	13	14	16	17	18	20	22	23	24	25	30	32	34	39	46	48	60	#
47	1433.28	0	3	5	6	7	10	15	18	23	24	25	30	36	37	38	39	40	42	46	47	60	#
48	1338.9	9	10	11	15	16	18	19	23	27	28	32	37	38	39	40	42	46	48	50	51	60	#
49	1320.14	3	7	10	12	14	15	16	18	23	25	27	28	31	36	37	38	39	40	42	46	60	#
50	1242.67	3	6	7	8	9	10	15	16	20	23	25	28	30	35	37	38	40	42	48	49	60	#
51	1235.5	8	9	11	12	14	15	18	22	23	24	25	28	30	31	37	39	42	44	46	47	60	#
52	1969.78	1	6	7	10	12	13	14	15	16	18	19	21	23	25	26	27	30	34	35	36	37	39	40	41	42	44	45	49	50	61	#
53	2015.96	1	2	3	4	5	7	10	13	19	20	21	22	23	25	26	27	28	30	33	34	35	36	39	41	42	43	44	50	51	61	#
54	1939.21	3	5	7	13	14	17	18	20	21	23	24	25	26	27	29	30	31	33	34	35	36	37	38	40	41	42	44	45	50	61	#
55	1907.4	1	4	6	10	12	13	14	15	18	19	20	21	23	25	27	28	29	30	32	34	35	36	37	38	39	40	42	44	45	61	#
56	1903.69	0	4	5	7	8	10	12	13	15	17	19	20	23	25	26	27	28	33	34	35	36	37	38	39	40	41	42	44	45	61	#
57	1889.76	0	4	5	6	7	8	10	12	13	15	19	20	23	25	26	27	28	29	30	33	36	37	38	39	42	43	44	45	47	61	#
58	462.964	0	2	5	6	14	24	31	62	#
59	611.6	2	5	37	43	44	47	50	62	#
60	581.064	5	12	14	28	30	39	50	62	#
61	550.757	0	3	5	24	28	32	49	62	#
62	504.304	0	6	15	26	33	42	51	62	#
63	377.942	3	20	22	26	29	31	51	62	#
64	481.313	5	18	25	31	45	48	63	#
65	501.264	3	5	18	23	26	48	63	#
66	492.93	21	27	40	48	49	51	63	#
67	481.485	4	18	21	31	40	44	63	#
68	421.785	4	7	21	25	29	44	63	#
69	412.143	4	17	20	21	45	49	63	#
70	45.8554	20	#
71	394.423	16	21	30	36	40	42	64	#
72	510.234	7	10	21	40	46	50	64	#
73	504.023	1	2	3	6	10	21	64	#
74	477.923	16	26	30	37	44	49	64	#
75	416.741	26	36	37	38	39	45	64	#
76	396.436	4	10	18	37	42	47	64	#
77	1091.45	0	3	5	6	7	8	12	14	17	19	22	26	27	31	33	37	43	49	65	#
78	1473.08	8	10	14	15	19	24	25	26	27	30	33	36	41	43	45	46	47	51	65	#
79	1310.07	2	5	11	14	18	20	25	30	31	34	36	39	40	45	46	47	50	51	65	#
80	1288.41	3	4	6	14	25	27	28	30	33	37	38	40	43	44	45	46	50	51	65	#
81	1253.78	4	6	7	8	11	15	19	24	25	26	27	36	37	41	43	47	50	51	65	#
82	1248.67	5	6	11	18	24	25	28	30	33	34	36	37	43	46	48	49	50	51	65	#
83	97.9455	5	#
84	500.559	11	12	14	30	34	39	50	51	66	#
85	659.418	1	5	14	17	19	39	49	51	66	#
86	637.73	1	14	22	25	30	40	48	51	66	#
87	610.129	1	11	16	18	31	39	42	50	66	#
88	579.637	2	26	33	34	35	36	45	49	66	#
89	542.678	2	8	17	26	39	43	47	51	66	#
90	135.556	40	#
91	1070.72	1	8	9	10	11	13	15	16	18	20	23	28	29	30	32	43	44	67	#
92	1131.41	0	1	7	8	10	16	17	18	20	21	24	25	30	39	44	45	50	67	#
93	1095.1	1	4	8	10	15	17	18	20	21	28	29	30	42	43	45	46	48	67	#
94	1089.19	1	5	7	10	17	21	23	24	28	29	31	34	36	42	43	45	50	67	#
95	1069.93	0	1	7	9	10	11	16	18	20	21	28	29	35	39	45	48	49	67	#
96	1053.77	1	8	10	11	12	13	20	21	23	25	29	34	35	40	45	48	50	67	#
97	1924.45	0	1	2	9	10	11	15	18	20	22	25	26	27	30	31	32	34	35	37	38	39	40	41	42	46	47	49	50	68	#
98	2128.14	0	6	8	13	14	15	17	18	20	21	23	26	27	28	30	32	33	35	38	39	40	41	42	44	45	47	48	50	68	#
99	2105.92	0	1	2	6	10	18	19	21	22	23	26	27	30	31	32	33	34	36	37	38	39	40	42	44	47	48	49	50	68	#
100	2101.9	1	2	5	6	7	11	13	15	16	17	18	20	21	22	23	25	26	27	29	30	37	38	39	40	41	47	48	50	68	#
101	2028	0	1	4	7	10	11	13	15	18	20	21	23	25	26	27	28	29	33	34	37	38	39	40	41	48	49	50	51	68	#
102	2002.7	0	1	4	6	7	8	10	12	15	19	20	23	25	26	28	30	31	33	35	37	38	40	44	47	48	49	50	51	68	#
103	664.447	3	13	20	30	40	42	44	50	69	#
104	653.609	3	5	11	13	20	34	43	50	69	#
105	623.951	13	14	20	24	29	36	39	42	69	#
106	595.344	1	5	8	27	36	40	43	45	69	#
107	532.922	7	11	18	20	30	39	44	47	69	#
108	532.363	10	12	30	37	38	42	45	46	69	#
109	738.816	0	2	9	13	17	31	40	42	43	45	48	51	70	#
110	1100.62	4	5	6	14	15	18	20	23	27	40	48	50	70	#
111	937.688	5	15	18	26	27	30	31	38	40	42	44	47	70	#
112	881.282	9	19	21	23	31	37	39	42	43	44	50	51	70	#
113	879.758	2	6	11	17	18	21	22	24	27	31	43	51	70	#
114	845.206	2	6	10	17	24	27	37	38	40	42	45	47	70	#
115	690.7	4	5	10	11	18	25	32	33	37	45	47	71	#
116	901.068	3	18	19	20	21	25	26	30	38	45	51	71	#
117	818.039	3	9	11	17	18	21	29	33	35	37	45	71	#
118	770.317	15	16	20	21	26	30	40	42	46	47	51	71	#
119	721.666	4	6	10	12	13	20	25	31	32	40	45	71	#
120	719.172	2	3	6	14	16	17	23	25	32	33	39	71	#
121	882.68	0	3	21	26	33	35	36	37	40	42	43	45	48	72	#
122	1004.01	2	3	9	10	13	14	15	27	37	39	42	43	49	72	#
123	952.712	2	9	14	16	17	19	25	33	38	39	43	46	49	72	#
124	915.018	12	14	16	18	19	20	21	33	37	39	42	44	50	72	#
125	860.476	2	3	9	20	28	36	39	43	45	46	47	48	49	72	#
126	843.072	4	7	10	12	17	25	33	35	36	39	42	43	48	72	#
127	60.9636	0	#
128	495.731	2	3	26	35	41	46	48	73	#
129	607.37	1	5	18	23	26	48	49	73	#
130	465.051	1	2	11	14	32	37	45	73	#
131	440.137	6	12	35	41	46	48	49	73	#
132	416.279	6	10	11	12	31	47	48	73	#
133	394.617	3	4	6	12	35	37	46	73	#
134	1009.4	5	8	13	19	23	28	31	35	36	37	39	40	45	47	49	74	#
135	1299.75	4	5	6	11	18	19	23	25	27	30	36	37	38	39	43	74	#
136	1211.89	6	11	15	19	20	22	24	25	30	35	36	38	41	43	47	74	#
137	1198.02	5	9	10	11	18	24	27	34	35	36	37	42	43	44	47	74	#
138	1183.87	3	5	8	13	15	18	22	23	27	28	35	37	40	46	47	74	#
139	1160.13	4	5	8	15	18	19	22	23	27	29	32	34	35	37	47	74	#
140	234.338	7	30	47	49	75	#
141	329.784	27	41	44	49	75	#
142	300.978	3	7	26	47	75	#
143	276.5	18	41	44	47	75	#
144	165.865	17	28	30	42	75	#
145	252.941	18	27	28	29	76	#
146	316.905	2	17	18	43	76	#
147	219.07	0	1	27	49	76	#
148	155.835	0	21	29	35	76	#
149	325.694	2	16	30	31	35	38	41	48	77	#
150	473.406	2	8	10	15	30	35	38	47	77	#
151	411.805	7	8	16	18	21	36	42	50	77	#
152	376.053	2	8	9	16	22	34	38	48	77	#
153	1779.66	0	1	3	4	6	14	17	18	19	22	23	26	28	30	31	33	35	39	40	41	42	43	44	45	48	49	51	78	#
154	1951.87	0	1	2	6	7	8	11	12	14	15	16	19	21	23	24	26	30	33	39	40	41	42	43	44	46	48	49	78	#
155	1877.08	0	1	2	3	4	5	6	11	14	15	18	19	23	24	25	26	28	34	36	39	40	42	44	45	47	48	49	78	#
156	1848.02	0	2	4	6	16	18	19	22	23	24	26	27	30	31	33	35	36	38	39	40	42	43	44	45	48	49	50	78	#
157	1840.75	0	2	4	6	8	11	12	14	18	19	20	21	23	24	26	28	30	31	38	40	42	43	44	46	47	48	49	78	#
158	1798.78	0	1	2	4	5	6	8	11	12	14	15	17	18	22	23	26	28	30	31	33	36	40	41	42	44	45	49	78	#
159	537.003	3	10	14	18	23	46	79	#
160	506.333	3	10	14	28	35	42	79	#
161	475.738	18	23	24	36	37	47	79	#
162	394.624	4	5	14	27	35	46	79	#
163	362.295	10	32	37	43	46	48	79	#
164	358.357	9	12	30	35	40	46	79	#
165	32.9447	7	8	80	#
166	30.3934	8	16	80	#
167	349.514	9	12	18	29	30	31	81	#
168	435.874	2	8	18	23	25	45	81	#
169	396.458	8	9	22	25	49	50	81	#
170	323.664	10	12	22	32	45	50	81	#
171	311.555	1	15	30	31	47	51	81	#
172	241.833	7	13	17	30	33	38	81	#
173	1507.8	1	2	10	13	17	20	21	25	27	29	32	33	35	36	40	42	82	#
174	1526.75	1	5	11	13	17	19	22	23	25	26	27	29	33	39	42	46	82	#
175	1504.59	0	1	2	3	9	10	20	22	23	25	27	36	42	44	49	50	82	#
176	1376.42	0	2	13	20	22	23	25	29	32	33	35	36	42	44	49	50	82	#
177	1339.04	3	5	9	10	16	23	25	29	30	35	36	39	40	44	45	50	82	#
178	1334.18	1	2	3	4	9	11	13	21	23	27	29	35	40	42	48	49	82	#
179	466.921	1	23	25	33	34	36	83	#
180	560.823	11	17	19	25	39	48	83	#
181	546.727	11	16	27	30	33	35	83	#
182	538.37	12	19	23	26	27	32	83	#
183	533.432	6	12	21	26	36	40	83	#
184	532.317	5	25	33	34	39	40	83	#
185	887.978	1	3	5	14	24	25	26	31	33	40	50	84	#
186	867.351	1	3	14	16	30	33	37	44	46	50	51	84	#
187	864.339	0	1	3	6	10	15	33	40	43	45	51	84	#
188	835.185	8	12	15	24	26	27	33	44	46	50	51	84	#
189	808.447	1	2	5	7	14	24	34	46	48	49	50	84	#
190	802.551	3	14	18	27	28	30	38	39	44	48	49	84	#
191	843.955	0	3	7	9	18	22	24	25	33	38	39	40	85	#
192	983.255	9	11	22	24	25	26	27	35	39	42	47	50	85	#
193	947.763	3	4	7	10	20	25	26	33	38	40	44	46	85	#
194	890.721	3	7	18	33	35	37	38	42	45	46	50	51	85	#
195	871.419	3	4	5	15	24	26	27	35	37	45	46	51	85	#
196	868.727	3	7	11	18	20	22	29	44	46	48	49	50	85	#
197	250.979	9	10	18	86	#
198	296.612	11	18	45	86	#
199	265.488	9	28	40	86	#
200	229.183	10	21	32	86	#
