%% File generated by CATS v.2.1Thu May  9 12:48:24 2024

%% The CATS webpage is http://robotics.stanford.edu/CATS

%% PARAMETER SETTINGS:
% Goods: 52; Bids: 200; Distribution: matching; Runs: 1; Seed: 8
% Matching Distribution Parameters:
% Max airport price       = 5
% Early takeoff deviation = 1
% Late takeoff deviation  = 2
% Early landing deviation = 1
% Late landing deviation  = 2
% Deviation               = 0.500000
% Delay coefficient       = 0.900000
% Amount late coefficient = 0.750000



goods 52
bids 202
dummy 30

0	0.792608	4	46	52	#
1	0.53501	4	50	52	#
2	0.594456	8	50	52	#
3	0.574767	6	44	53	#
4	0.387968	6	48	53	#
5	0.431075	10	48	53	#
6	4.72409	3	40	54	#
7	4.25169	3	44	54	#
8	3.82652	3	48	54	#
9	4.72409	7	44	54	#
10	4.25169	7	48	54	#
11	4.72409	11	48	54	#
12	6.8214	7	17	55	#
13	4.60445	7	21	55	#
14	4.144	7	25	55	#
15	3.7296	7	29	55	#
16	5.11605	11	21	55	#
17	4.60445	11	25	55	#
18	4.144	11	29	55	#
19	5.11605	15	25	55	#
20	4.60445	15	29	55	#
21	5.11605	19	29	55	#
22	3.51918	10	21	56	#
23	2.37544	10	25	56	#
24	2.1379	10	29	56	#
25	1.92411	10	33	56	#
26	2.63938	14	25	56	#
27	2.37544	14	29	56	#
28	2.1379	14	33	56	#
29	2.63938	18	29	56	#
30	2.37544	18	33	56	#
31	2.63938	22	33	56	#
32	2.88665	6	17	57	#
33	1.94849	6	21	57	#
34	1.75364	6	25	57	#
35	1.57828	6	29	57	#
36	2.16499	10	21	57	#
37	1.94849	10	25	57	#
38	1.75364	10	29	57	#
39	2.16499	14	25	57	#
40	1.94849	14	29	57	#
41	2.16499	18	29	57	#
42	8.35615	27	37	58	#
43	5.6404	27	41	58	#
44	5.07636	27	45	58	#
45	4.56872	27	49	58	#
46	6.26711	31	41	58	#
47	5.6404	31	45	58	#
48	5.07636	31	49	58	#
49	6.26711	35	45	58	#
50	5.6404	35	49	58	#
51	6.26711	39	49	58	#
52	3.61649	3	40	59	#
53	3.25485	3	44	59	#
54	2.92936	3	48	59	#
55	3.61649	7	44	59	#
56	3.25485	7	48	59	#
57	3.61649	11	48	59	#
58	3.86208	7	17	60	#
59	2.6069	7	21	60	#
60	2.34621	7	25	60	#
61	2.11159	7	29	60	#
62	2.89656	11	21	60	#
63	2.6069	11	25	60	#
64	2.34621	11	29	60	#
65	2.89656	15	25	60	#
66	2.6069	15	29	60	#
67	2.89656	19	29	60	#
68	4.19707	3	40	61	#
69	3.77736	3	44	61	#
70	3.39962	3	48	61	#
71	4.19707	7	44	61	#
72	3.77736	7	48	61	#
73	4.19707	11	48	61	#
74	2.9218	6	17	62	#
75	1.97221	6	21	62	#
76	1.77499	6	25	62	#
77	1.59749	6	29	62	#
78	2.19135	10	21	62	#
79	1.97221	10	25	62	#
80	1.77499	10	29	62	#
81	2.19135	14	25	62	#
82	1.97221	14	29	62	#
83	2.19135	18	29	62	#
84	3.69198	23	33	63	#
85	2.49209	23	37	63	#
86	2.24288	23	41	63	#
87	2.01859	23	45	63	#
88	2.76899	27	37	63	#
89	2.49209	27	41	63	#
90	2.24288	27	45	63	#
91	2.76899	31	41	63	#
92	2.49209	31	45	63	#
93	2.76899	35	45	63	#
94	0.921183	2	40	64	#
95	0.621798	2	44	64	#
96	0.559618	2	48	64	#
97	0.690887	6	44	64	#
98	0.621798	6	48	64	#
99	0.690887	10	48	64	#
100	5.31899	3	40	65	#
101	3.59032	3	44	65	#
102	3.23129	3	48	65	#
103	3.98924	7	44	65	#
104	3.59032	7	48	65	#
105	3.98924	11	48	65	#
106	2.10416	2	13	66	#
107	1.89374	2	17	66	#
108	1.70437	2	21	66	#
109	2.10416	6	17	66	#
110	1.89374	6	21	66	#
111	2.10416	10	21	66	#
112	4.49473	31	41	67	#
113	3.03394	31	45	67	#
114	2.73055	31	49	67	#
115	3.37105	35	45	67	#
116	3.03394	35	49	67	#
117	3.37105	39	49	67	#
118	1.62987	9	22	68	#
119	1.10016	9	26	68	#
120	0.990145	9	30	68	#
121	0.89113	9	34	68	#
122	1.2224	13	26	68	#
123	1.10016	13	30	68	#
124	0.990145	13	34	68	#
125	1.2224	17	30	68	#
126	1.10016	17	34	68	#
127	1.2224	21	34	68	#
128	2.57628	0	33	69	#
129	2.31865	0	37	69	#
130	2.08678	0	41	69	#
131	2.57628	4	37	69	#
132	2.31865	4	41	69	#
133	2.57628	8	41	69	#
134	3.96974	13	44	70	#
135	2.67958	13	48	70	#
136	2.97731	17	48	70	#
137	6.68832	27	37	71	#
138	4.51462	27	41	71	#
139	4.06316	27	45	71	#
140	3.65684	27	49	71	#
141	5.01624	31	41	71	#
142	4.51462	31	45	71	#
143	4.06316	31	49	71	#
144	5.01624	35	45	71	#
145	4.51462	35	49	71	#
146	5.01624	39	49	71	#
147	3.72118	12	45	72	#
148	2.5118	12	49	72	#
149	2.79088	16	49	72	#
150	7.87414	1	15	73	#
151	5.31504	1	19	73	#
152	4.78354	1	23	73	#
153	4.30518	1	27	73	#
154	5.9056	5	19	73	#
155	5.31504	5	23	73	#
156	4.78354	5	27	73	#
157	5.9056	9	23	73	#
158	5.31504	9	27	73	#
159	5.9056	13	27	73	#
160	5.40065	3	40	74	#
161	4.86059	3	44	74	#
162	4.37453	3	48	74	#
163	5.40065	7	44	74	#
164	4.86059	7	48	74	#
165	5.40065	11	48	74	#
166	1.39158	29	42	75	#
167	0.93932	29	46	75	#
168	0.845388	29	50	75	#
169	1.04369	33	46	75	#
170	0.93932	33	50	75	#
171	1.04369	37	50	75	#
172	2.815	8	41	76	#
173	1.90013	8	45	76	#
174	1.71011	8	49	76	#
175	2.11125	12	45	76	#
176	1.90013	12	49	76	#
177	2.11125	16	49	76	#
178	1.61648	1	32	77	#
179	1.45484	1	36	77	#
180	1.30935	1	40	77	#
181	1.61648	5	36	77	#
182	1.45484	5	40	77	#
183	1.61648	9	40	77	#
184	4.96507	9	40	78	#
185	3.35142	9	44	78	#
186	3.01628	9	48	78	#
187	3.7238	13	44	78	#
188	3.35142	13	48	78	#
189	3.7238	17	48	78	#
190	2.74052	2	13	79	#
191	2.46647	2	17	79	#
192	2.21982	2	21	79	#
193	2.74052	6	17	79	#
194	2.46647	6	21	79	#
195	2.74052	10	21	79	#
196	6.88493	7	44	80	#
197	4.64733	7	48	80	#
198	5.1637	11	48	80	#
199	5.71011	7	44	81	#
200	3.85432	7	48	81	#
201	4.28258	11	48	81	#
