%% File generated by CATS v.2.1Thu May  9 12:48:24 2024

%% The CATS webpage is http://robotics.stanford.edu/CATS

%% PARAMETER SETTINGS:
% Goods: 52; Bids: 200; Distribution: matching; Runs: 1; Seed: 19
% Matching Distribution Parameters:
% Max airport price       = 5
% Early takeoff deviation = 1
% Late takeoff deviation  = 2
% Early landing deviation = 1
% Late landing deviation  = 2
% Deviation               = 0.500000
% Delay coefficient       = 0.900000
% Amount late coefficient = 0.750000



goods 52
bids 208
dummy 33

0	5.85388	4	37	52	#
1	3.95137	4	41	52	#
2	3.55623	4	45	52	#
3	3.20061	4	49	52	#
4	4.39041	8	41	52	#
5	3.95137	8	45	52	#
6	3.55623	8	49	52	#
7	4.39041	12	45	52	#
8	3.95137	12	49	52	#
9	4.39041	16	49	52	#
10	4.73512	17	31	53	#
11	3.19621	17	35	53	#
12	2.87658	17	39	53	#
13	2.58893	17	43	53	#
14	3.55134	21	35	53	#
15	3.19621	21	39	53	#
16	2.87658	21	43	53	#
17	3.55134	25	39	53	#
18	3.19621	25	43	53	#
19	3.55134	29	43	53	#
20	7.10962	17	31	54	#
21	4.79899	17	35	54	#
22	4.31909	17	39	54	#
23	3.88718	17	43	54	#
24	5.33221	21	35	54	#
25	4.79899	21	39	54	#
26	4.31909	21	43	54	#
27	5.33221	25	39	54	#
28	4.79899	25	43	54	#
29	5.33221	29	43	54	#
30	2.96659	4	46	55	#
31	2.00245	4	50	55	#
32	2.22494	8	50	55	#
33	2.99651	1	15	56	#
34	2.69686	1	19	56	#
35	2.42717	1	23	56	#
36	2.99651	5	19	56	#
37	2.69686	5	23	56	#
38	2.99651	9	23	56	#
39	8.0465	2	40	57	#
40	5.43139	2	44	57	#
41	4.88825	2	48	57	#
42	6.03488	6	44	57	#
43	5.43139	6	48	57	#
44	6.03488	10	48	57	#
45	4.53913	2	40	58	#
46	4.08522	2	44	58	#
47	3.6767	2	48	58	#
48	4.53913	6	44	58	#
49	4.08522	6	48	58	#
50	4.53913	10	48	58	#
51	5.60773	29	43	59	#
52	3.78521	29	47	59	#
53	3.40669	29	51	59	#
54	4.20579	33	47	59	#
55	3.78521	33	51	59	#
56	4.20579	37	51	59	#
57	3.93768	4	46	60	#
58	2.65793	4	50	60	#
59	2.95326	8	50	60	#
60	3.52009	2	40	61	#
61	2.37606	2	44	61	#
62	2.13846	2	48	61	#
63	2.64007	6	44	61	#
64	2.37606	6	48	61	#
65	2.64007	10	48	61	#
66	8.08058	31	41	62	#
67	5.45439	31	45	62	#
68	4.90895	31	49	62	#
69	6.06043	35	45	62	#
70	5.45439	35	49	62	#
71	6.06043	39	49	62	#
72	6.49935	9	40	63	#
73	4.38706	9	44	63	#
74	3.94836	9	48	63	#
75	4.87451	13	44	63	#
76	4.38706	13	48	63	#
77	4.87451	17	48	63	#
78	3.5475	7	17	64	#
79	2.39456	7	21	64	#
80	2.1551	7	25	64	#
81	1.93959	7	29	64	#
82	2.66062	11	21	64	#
83	2.39456	11	25	64	#
84	2.1551	11	29	64	#
85	2.66062	15	25	64	#
86	2.39456	15	29	64	#
87	2.66062	19	29	64	#
88	6.67509	6	44	65	#
89	4.50568	6	48	65	#
90	5.00632	10	48	65	#
91	7.99736	0	43	66	#
92	5.39822	0	47	66	#
93	4.8584	0	51	66	#
94	5.99802	4	47	66	#
95	5.39822	4	51	66	#
96	5.99802	8	51	66	#
97	5.13547	1	15	67	#
98	3.46644	1	19	67	#
99	3.1198	1	23	67	#
100	2.80782	1	27	67	#
101	3.8516	5	19	67	#
102	3.46644	5	23	67	#
103	3.1198	5	27	67	#
104	3.8516	9	23	67	#
105	3.46644	9	27	67	#
106	3.8516	13	27	67	#
107	4.77143	6	44	68	#
108	3.22071	6	48	68	#
109	3.57857	10	48	68	#
110	7.68074	0	43	69	#
111	5.1845	0	47	69	#
112	4.66605	0	51	69	#
113	5.76056	4	47	69	#
114	5.1845	4	51	69	#
115	5.76056	8	51	69	#
116	3.16663	4	46	70	#
117	2.13748	4	50	70	#
118	2.37498	8	50	70	#
119	4.58164	3	13	71	#
120	4.12348	3	17	71	#
121	3.71113	3	21	71	#
122	4.58164	7	17	71	#
123	4.12348	7	21	71	#
124	4.58164	11	21	71	#
125	1.70159	25	38	72	#
126	1.14858	25	42	72	#
127	1.03372	25	46	72	#
128	0.930346	25	50	72	#
129	1.27619	29	42	72	#
130	1.14858	29	46	72	#
131	1.03372	29	50	72	#
132	1.27619	33	46	72	#
133	1.14858	33	50	72	#
134	1.27619	37	50	72	#
135	6.6968	4	46	73	#
136	4.52034	4	50	73	#
137	5.0226	8	50	73	#
138	11.4263	7	44	74	#
139	7.71273	7	48	74	#
140	8.5697	11	48	74	#
141	5.1933	9	40	75	#
142	3.50548	9	44	75	#
143	3.15493	9	48	75	#
144	3.89497	13	44	75	#
145	3.50548	13	48	75	#
146	3.89497	17	48	75	#
147	2.27531	6	17	76	#
148	1.53583	6	21	76	#
149	1.38225	6	25	76	#
150	1.24402	6	29	76	#
151	1.70648	10	21	76	#
152	1.53583	10	25	76	#
153	1.38225	10	29	76	#
154	1.70648	14	25	76	#
155	1.53583	14	29	76	#
156	1.70648	18	29	76	#
157	5.42242	0	33	77	#
158	4.88017	0	37	77	#
159	4.39216	0	41	77	#
160	5.42242	4	37	77	#
161	4.88017	4	41	77	#
162	5.42242	8	41	77	#
163	3.9565	27	37	78	#
164	2.67064	27	41	78	#
165	2.40358	27	45	78	#
166	2.16322	27	49	78	#
167	2.96738	31	41	78	#
168	2.67064	31	45	78	#
169	2.40358	31	49	78	#
170	2.96738	35	45	78	#
171	2.67064	35	49	78	#
172	2.96738	39	49	78	#
173	8.19412	3	40	79	#
174	5.53103	3	44	79	#
175	4.97793	3	48	79	#
176	6.14559	7	44	79	#
177	5.53103	7	48	79	#
178	6.14559	11	48	79	#
179	2.02363	21	34	80	#
180	1.36595	21	38	80	#
181	1.22936	21	42	80	#
182	1.10642	21	46	80	#
183	1.51772	25	38	80	#
184	1.36595	25	42	80	#
185	1.22936	25	46	80	#
186	1.51772	29	42	80	#
187	1.36595	29	46	80	#
188	1.51772	33	46	80	#
189	5.75071	4	46	81	#
190	3.88173	4	50	81	#
191	4.31303	8	50	81	#
192	5.26684	6	44	82	#
193	3.55512	6	48	82	#
194	3.95013	10	48	82	#
195	8.08824	7	44	83	#
196	5.45956	7	48	83	#
197	6.06618	11	48	83	#
198	1.38834	2	13	84	#
199	0.93713	2	17	84	#
200	0.843417	2	21	84	#
201	0.759075	2	25	84	#
202	1.04126	6	17	84	#
203	0.93713	6	21	84	#
204	0.843417	6	25	84	#
205	1.04126	10	21	84	#
206	0.93713	10	25	84	#
207	1.04126	14	25	84	#
