%% File generated by CATS v.2.1Thu May  9 12:50:27 2024

%% The CATS webpage is http://robotics.stanford.edu/CATS

%% PARAMETER SETTINGS:
% Goods: 52; Bids: 200; Distribution: regions; Runs: 1; Seed: 82
% Regions Distribution Parameters:
% Max Substitutable Bids = 5
% Removing HV Neighbor   = 0.1
% Adding DIAG Neighbor   = 0.2
% Additional Location    = 0.9
% Jump Probability       = 0.05
% Additivity             = 0.2
% Budget Factor          = 1.5
% Resale Factor          = 0.5
% Normal Private Value:
%   Mean                 = 0
%   Standard Deviation   = 30



goods 52
bids 202
dummy 41

0	808.401	24	25	26	31	32	33	34	35	39	40	41	42	45	46	47	52	#
1	1036.29	2	9	16	21	22	23	28	29	30	35	36	42	43	44	45	52	#
2	968.953	21	22	23	24	28	29	30	35	36	38	39	42	43	44	45	52	#
3	923.101	2	9	18	23	24	25	31	35	36	37	38	42	43	44	45	52	#
4	917.237	1	2	7	8	9	32	36	37	38	39	43	44	45	46	47	52	#
5	851.576	1	7	8	9	15	16	22	23	24	29	30	37	38	39	45	52	#
6	145.11	32	40	53	#
7	201.957	40	47	53	#
8	89.7113	25	32	53	#
9	236.296	22	28	29	35	54	#
10	293.234	28	29	35	42	54	#
11	273.874	28	35	42	43	54	#
12	173.11	22	29	30	36	54	#
13	131.704	21	22	23	28	54	#
14	183.583	7	8	9	15	55	#
15	255.711	2	8	9	15	55	#
16	229.419	8	9	10	16	55	#
17	214.686	7	8	15	22	55	#
18	184.993	0	1	7	8	55	#
19	64.4126	20	#
20	2190.22	0	1	2	3	4	5	7	8	9	10	11	12	16	17	18	19	22	23	24	25	26	29	30	31	32	33	34	35	36	37	38	39	40	41	42	43	44	45	46	47	56	#
21	2355.6	1	2	3	5	8	9	10	11	12	13	16	17	18	19	21	22	23	24	25	26	27	28	29	30	31	32	33	34	35	36	37	38	39	40	42	43	44	45	46	47	56	#
22	2303.44	2	3	4	6	9	10	11	12	13	17	18	19	20	21	22	23	24	25	26	27	28	29	30	31	32	33	34	35	36	37	38	39	40	42	43	44	45	46	47	51	56	#
23	2274.8	2	3	4	5	6	8	9	10	11	12	13	15	16	17	18	19	20	21	25	26	27	28	29	30	31	32	33	34	35	36	37	38	39	40	42	43	44	45	46	47	56	#
24	2273.08	0	1	2	3	4	5	6	8	10	11	12	13	17	18	19	20	22	23	24	25	26	27	28	29	30	31	32	33	34	35	36	38	39	40	42	43	45	46	47	50	56	#
25	2257.48	2	3	4	9	10	11	12	13	17	18	19	20	21	22	23	24	25	26	27	28	29	30	31	32	33	34	35	36	37	38	39	40	41	42	43	44	45	46	47	48	56	#
26	3007.08	0	1	2	3	4	5	6	7	8	9	10	11	12	13	14	15	16	17	18	19	20	21	22	23	24	25	26	27	28	29	30	31	32	33	34	35	36	37	38	39	40	41	42	43	44	45	46	47	48	49	57	#
27	3022.56	0	1	2	3	4	5	6	7	8	9	10	11	12	13	15	16	17	18	19	20	21	22	23	24	25	26	27	28	29	30	31	32	33	34	35	36	37	38	39	40	41	42	43	44	45	46	47	48	49	51	57	#
28	3022.21	0	1	2	3	4	5	6	7	8	9	10	11	12	13	14	15	16	17	18	19	20	21	22	23	24	25	26	27	28	29	30	31	32	33	34	35	36	37	38	39	40	41	42	44	45	46	47	48	49	50	57	#
29	3012.76	0	1	2	3	4	5	6	7	8	9	10	11	12	13	14	15	16	17	18	19	20	21	22	23	24	25	26	27	28	29	30	31	32	33	34	35	36	37	38	39	40	41	42	43	44	45	46	47	48	50	57	#
30	2982.54	0	1	2	4	5	6	7	8	9	10	11	12	13	14	15	16	17	18	19	20	21	22	23	24	25	26	27	28	29	30	31	32	33	34	35	36	37	38	39	40	41	42	43	44	45	46	47	48	49	51	57	#
31	2981.95	0	1	2	3	4	5	6	7	8	9	10	11	12	13	14	15	16	17	18	19	20	21	22	23	24	25	26	27	28	29	30	31	32	33	34	35	36	37	38	39	40	41	42	43	44	45	46	47	49	51	57	#
32	112.38	7	8	14	58	#
33	126.153	1	7	8	58	#
34	59.2739	0	7	14	58	#
35	392.702	2	3	4	5	9	10	11	59	#
36	391.723	3	4	5	10	11	17	51	59	#
37	387.294	3	9	10	11	16	17	18	59	#
38	379.851	4	5	8	9	10	11	15	59	#
39	373.551	3	4	5	9	10	11	17	59	#
40	356.269	4	10	11	12	17	18	19	59	#
41	270.913	21	28	35	60	#
42	381.443	35	36	43	60	#
43	143.447	21	28	29	60	#
44	122.475	15	21	22	60	#
45	428.202	25	26	27	31	32	33	38	39	40	45	46	61	#
46	600.45	6	24	27	31	32	34	39	40	41	47	50	61	#
47	593.682	11	18	19	33	39	40	41	45	46	47	48	61	#
48	565.425	13	19	20	25	26	27	32	36	44	45	46	61	#
49	539.219	17	18	19	24	25	31	32	33	39	40	41	61	#
50	509.125	3	6	10	18	24	25	31	37	38	39	46	61	#
51	633.315	4	5	10	11	12	17	18	19	24	25	26	32	33	62	#
52	903.234	2	3	4	5	8	9	10	11	12	13	17	18	20	62	#
53	851.776	3	4	5	6	9	10	11	12	13	17	18	19	20	62	#
54	845.252	5	11	12	18	26	32	33	34	39	40	41	46	47	62	#
55	843.737	3	4	5	9	10	11	12	13	17	18	19	38	45	62	#
56	834.014	4	5	6	10	11	12	13	17	18	19	20	25	35	62	#
57	133.363	18	24	25	63	#
58	131.97	24	31	32	63	#
59	127.195	17	18	25	63	#
60	121.065	24	25	26	63	#
61	535.251	19	20	26	27	33	34	40	64	#
62	540.699	20	26	27	33	34	40	41	64	#
63	503.076	20	27	28	34	40	41	47	64	#
64	475.226	24	31	32	39	40	46	47	64	#
65	454.117	9	26	27	33	34	41	48	64	#
66	428.885	12	18	19	20	26	27	33	64	#
67	451.853	1	2	7	8	9	15	16	26	65	#
68	408.814	1	2	3	7	8	9	15	16	65	#
69	395.441	1	5	8	9	11	15	16	22	65	#
70	391.914	11	17	18	25	26	27	33	34	65	#
71	370.487	0	1	2	6	8	9	10	17	65	#
72	367.295	1	2	7	8	9	10	15	16	65	#
73	1736.74	3	4	5	6	10	11	12	13	17	18	19	20	22	23	24	25	26	27	31	32	33	34	37	38	39	40	41	45	46	47	66	#
74	1947.17	4	5	12	16	18	19	20	21	23	25	26	27	28	29	30	31	33	34	35	36	37	38	39	40	41	42	43	45	46	47	66	#
75	1903.63	4	5	11	12	18	20	22	23	25	26	27	29	30	32	33	34	35	36	37	38	39	40	41	42	43	44	45	46	47	48	66	#
76	1896.01	4	5	12	13	16	20	23	24	25	26	27	29	30	31	32	33	34	35	36	37	38	39	40	41	43	44	45	46	47	48	66	#
77	1884.72	0	1	7	8	11	12	17	18	19	20	24	25	26	27	30	31	32	33	34	35	37	38	39	40	41	42	43	46	47	48	66	#
78	1870.43	1	2	3	4	5	6	7	8	9	10	11	12	13	15	16	17	19	20	22	23	27	29	30	35	36	37	43	44	45	50	66	#
79	143.401	22	23	24	67	#
80	209.526	16	23	24	67	#
81	29.5019	8	#
82	99.4955	40	41	47	68	#
83	130.603	39	40	47	68	#
84	40.8914	48	#
85	511.054	3	4	8	9	10	11	16	17	18	69	#
86	542.601	8	9	15	16	22	38	44	45	46	69	#
87	530.582	3	4	5	10	11	12	17	19	48	69	#
88	505.97	4	5	6	10	11	12	13	17	20	69	#
89	481.325	3	4	5	10	11	12	17	18	19	69	#
90	477.881	4	5	10	11	12	17	18	19	20	69	#
91	360.736	39	40	42	44	45	46	47	70	#
92	527.976	36	37	38	43	44	45	46	70	#
93	502.465	35	36	38	42	43	44	45	70	#
94	421.682	34	39	40	41	45	46	47	70	#
95	347.613	24	32	38	39	41	46	47	70	#
96	266.434	25	32	33	39	40	46	47	70	#
97	154.151	50	51	71	#
98	192.799	41	50	71	#
99	53.2986	30	51	71	#
100	1122.25	10	12	13	15	16	17	18	19	20	23	24	25	26	27	30	31	32	33	34	38	39	40	41	45	46	47	72	#
101	1642.6	3	4	10	11	12	13	15	16	17	18	19	23	24	25	28	30	35	36	37	38	39	42	43	44	45	47	72	#
102	1593.55	9	15	16	21	22	23	24	25	28	29	30	31	32	35	36	37	38	39	40	41	42	43	44	45	46	47	72	#
103	1591.19	1	2	3	4	7	8	9	10	14	15	16	21	22	23	28	29	30	35	36	37	38	39	42	44	46	47	72	#
104	1569.59	2	3	4	5	8	9	10	11	12	15	16	17	18	19	21	22	23	28	29	30	31	36	37	38	43	44	72	#
105	1547.53	8	9	10	15	16	21	22	23	24	25	28	29	30	31	32	35	36	37	38	39	40	42	44	45	46	47	72	#
106	715.567	11	12	13	18	19	20	25	26	27	31	32	33	34	41	48	73	#
107	885.767	20	26	27	30	32	33	34	37	38	39	40	41	44	46	47	73	#
108	875.913	4	10	11	12	13	17	18	19	20	26	27	33	34	40	41	73	#
109	873.529	6	12	13	18	19	20	21	22	23	24	25	26	27	32	34	73	#
110	872.388	13	20	24	25	26	27	32	33	34	39	40	41	45	46	47	73	#
111	845.83	20	25	26	27	32	33	34	38	39	40	41	44	45	46	47	73	#
112	2461.56	0	1	2	3	4	5	6	7	8	9	10	11	12	13	14	15	16	17	18	19	20	21	22	23	24	25	26	27	28	29	30	31	32	33	34	35	36	37	38	39	40	41	42	43	44	45	46	47	48	74	#
113	2601.51	0	1	2	3	4	5	6	7	8	9	10	11	12	13	15	16	17	18	19	20	21	22	23	24	25	26	27	28	29	30	31	32	33	34	35	36	37	38	39	40	41	42	43	44	45	46	47	48	49	74	#
114	2598.21	0	1	2	3	4	5	6	7	8	9	10	11	12	13	15	16	17	18	19	20	21	22	23	24	25	26	27	28	29	30	31	32	33	34	35	36	37	38	39	40	41	42	43	44	45	46	47	48	50	74	#
115	2550.27	0	1	2	3	4	5	6	7	8	9	10	11	12	13	15	16	17	18	19	20	21	22	23	24	25	26	27	28	29	30	31	32	33	34	35	36	37	38	39	40	41	42	43	44	45	46	47	48	51	74	#
116	2531.42	0	1	2	3	4	5	7	8	9	10	11	13	14	15	16	17	18	19	20	21	22	23	24	25	26	27	28	29	30	31	32	33	34	35	36	37	38	39	40	41	42	43	44	45	46	47	48	50	51	74	#
117	2512.14	0	1	2	3	4	5	6	7	8	9	10	11	12	13	14	15	16	17	18	19	20	21	22	23	24	25	26	27	29	30	31	32	33	34	35	36	37	38	39	40	41	42	43	44	45	46	47	48	50	74	#
118	386.214	23	29	30	37	75	#
119	382.871	29	30	36	37	75	#
120	367.517	23	24	30	37	75	#
121	338.014	24	31	37	44	75	#
122	326.549	23	29	30	36	75	#
123	121.26	26	33	40	76	#
124	152.164	32	33	40	76	#
125	142.032	26	27	33	76	#
126	105.622	34	40	41	76	#
127	79.1381	5	12	77	#
128	117.848	12	19	77	#
129	279.435	2	9	16	23	78	#
130	266.987	2	3	9	16	78	#
131	241.942	23	24	30	31	78	#
132	239.675	16	23	30	36	78	#
133	235.904	1	2	8	9	78	#
134	34.9888	10	11	12	#
135	514.226	3	4	5	10	11	12	17	18	19	79	#
136	741.423	4	5	11	12	22	28	29	30	35	79	#
137	679.272	4	5	11	12	18	19	24	25	32	79	#
138	579.307	4	5	8	9	10	11	12	15	16	79	#
139	576.013	11	12	13	17	18	25	31	32	51	79	#
140	571.457	3	4	5	10	11	12	18	19	25	79	#
141	982.277	8	9	13	15	16	20	21	22	23	28	29	30	31	32	35	36	37	38	42	43	44	45	80	#
142	1223.52	2	3	4	5	6	11	12	13	18	19	20	24	25	26	27	31	32	33	34	40	41	48	80	#
143	1141.88	0	1	2	5	7	8	9	10	11	15	16	21	22	23	24	28	29	30	35	36	37	43	80	#
144	1136.03	2	3	4	5	7	8	9	10	11	16	21	22	23	28	29	35	36	37	42	43	44	50	80	#
145	1133.01	12	13	15	16	20	21	22	23	26	27	28	29	30	33	34	35	36	37	40	42	43	44	80	#
146	1111.47	2	3	4	5	7	8	9	10	11	15	16	21	22	23	24	28	29	30	35	36	37	42	80	#
147	66.2858	49	#
148	299.347	22	23	24	25	30	81	#
149	443.707	16	23	24	30	43	81	#
150	331.811	12	17	18	24	25	81	#
151	324.053	16	21	22	23	24	81	#
152	315.148	15	16	22	23	24	81	#
153	271.717	21	22	23	24	29	81	#
154	236.07	24	25	32	82	#
155	178.863	32	39	40	82	#
156	146.137	25	32	39	82	#
157	124.577	46	47	83	#
158	31.0961	17	46	83	#
159	106.232	20	27	84	#
160	126.168	27	34	84	#
161	1154.32	1	2	3	4	5	9	10	11	12	13	15	16	17	18	19	20	22	25	27	34	41	85	#
162	1295.96	1	2	3	4	5	10	11	12	13	15	17	18	19	20	21	22	25	27	28	35	42	85	#
163	1239.02	1	2	3	4	5	7	8	9	10	11	12	14	15	16	18	22	23	24	42	43	51	85	#
164	1233.17	1	2	3	4	5	7	8	9	10	11	14	15	16	17	22	23	30	40	41	47	48	85	#
165	1218.96	2	3	4	5	9	10	11	12	13	17	18	19	20	24	25	26	31	32	40	41	48	85	#
166	1213.13	1	2	3	4	5	7	8	9	10	11	12	14	15	16	17	18	19	21	22	23	24	85	#
167	1087.29	23	24	28	29	30	31	35	36	37	38	39	43	44	47	86	#
168	1165.47	8	9	15	16	22	23	29	30	32	36	37	38	39	43	86	#
169	1156.56	16	21	23	28	29	30	35	36	37	38	42	43	44	45	86	#
170	1130.53	25	29	30	31	32	35	36	37	38	39	40	43	45	46	86	#
171	1127.37	28	29	30	31	32	35	36	37	38	39	42	43	44	45	86	#
172	1048.05	8	9	10	16	23	29	30	31	36	37	38	42	43	44	86	#
173	163.563	5	11	87	#
174	101.706	4	11	87	#
175	543.228	24	25	26	33	34	39	40	41	47	88	#
176	701.017	26	28	33	34	40	41	46	47	48	88	#
177	620.816	24	25	26	31	33	34	40	41	48	88	#
178	572.383	16	23	24	25	26	31	32	40	41	88	#
179	544.183	22	23	24	30	31	38	39	40	45	88	#
180	541.083	18	31	33	38	39	40	44	45	46	88	#
181	35.3634	26	#
182	176.46	2	9	89	#
183	117.061	8	9	89	#
184	663.325	23	28	29	30	31	35	36	37	38	42	44	45	90	#
185	804.339	16	23	24	28	29	30	31	32	35	36	37	43	90	#
186	799.201	28	29	30	35	36	37	39	40	44	45	46	47	90	#
187	771.111	21	28	29	30	36	37	38	39	40	44	45	46	90	#
188	755.387	5	11	12	17	18	24	31	32	33	39	40	45	90	#
189	751.617	21	22	23	29	30	35	36	37	42	43	44	45	90	#
190	284.877	39	40	41	46	48	91	#
191	359.302	40	41	46	47	48	91	#
192	284.829	37	38	39	40	47	91	#
193	260.295	38	39	40	46	47	91	#
194	233.924	37	39	44	45	46	91	#
195	193.858	26	27	34	41	48	91	#
196	273.043	5	11	12	17	18	19	20	25	26	92	#
197	403.373	10	11	17	18	19	21	22	28	29	92	#
198	341.707	3	5	8	9	10	11	12	16	17	92	#
199	334.817	0	6	11	12	13	17	18	19	25	92	#
200	323.145	0	7	12	13	14	19	20	26	27	92	#
201	295.306	5	6	10	11	12	13	17	18	19	92	#
