%% File generated by CATS v.2.1Thu May  9 12:50:24 2024

%% The CATS webpage is http://robotics.stanford.edu/CATS

%% PARAMETER SETTINGS:
% Goods: 52; Bids: 200; Distribution: regions; Runs: 1; Seed: 36
% Regions Distribution Parameters:
% Max Substitutable Bids = 5
% Removing HV Neighbor   = 0.1
% Adding DIAG Neighbor   = 0.2
% Additional Location    = 0.9
% Jump Probability       = 0.05
% Additivity             = 0.2
% Budget Factor          = 1.5
% Resale Factor          = 0.5
% Uniform Private Value:
%   Deviation            = 0.5
%   Max Good Value       = 100



goods 52
bids 203
dummy 37

0	311.881	2	9	10	16	17	52	#
1	314.893	2	8	9	10	16	52	#
2	289.95	2	9	16	17	18	52	#
3	273.684	3	9	10	11	17	52	#
4	269.815	9	10	17	24	25	52	#
5	203.479	10	15	17	23	24	52	#
6	110.378	50	#
7	1496.92	0	1	2	3	4	6	7	8	9	10	11	12	13	14	15	16	17	18	19	20	21	22	23	24	25	26	53	#
8	1605.83	0	1	2	3	4	5	7	8	9	10	12	13	15	16	17	19	20	21	22	23	28	29	30	36	37	51	53	#
9	1577.65	1	2	3	4	7	8	9	10	12	15	16	17	18	19	21	22	23	24	25	26	29	30	35	36	37	42	53	#
10	1553.4	3	4	5	6	7	8	9	10	11	12	13	15	16	17	18	19	20	21	22	23	24	25	26	29	30	31	53	#
11	1536.01	0	2	3	4	7	8	9	10	11	12	13	14	15	16	17	18	19	20	21	22	23	24	25	26	40	47	53	#
12	1531.24	0	3	4	7	8	9	10	12	13	15	16	17	18	19	20	22	23	24	25	26	29	30	44	45	46	47	53	#
13	714.168	2	10	11	17	18	19	20	26	27	32	33	34	39	40	41	46	54	#
14	950.958	2	7	8	9	10	12	13	14	15	16	17	18	19	20	21	22	54	#
15	938.472	1	2	5	8	9	10	11	12	14	15	17	18	19	20	26	32	54	#
16	882.839	4	5	6	10	12	13	17	18	19	20	26	27	32	33	34	41	54	#
17	859.698	9	10	12	17	18	19	20	26	27	32	33	34	39	40	41	48	54	#
18	838.503	2	9	10	11	13	17	18	19	20	26	27	33	34	40	41	48	54	#
19	144.818	16	23	55	#
20	159.825	15	16	55	#
21	89.0238	23	24	55	#
22	315.936	33	39	40	46	47	48	56	#
23	367.897	32	33	39	40	47	48	56	#
24	315.048	41	44	45	46	47	48	56	#
25	312.077	38	39	40	46	47	48	56	#
26	293.684	39	40	41	46	47	48	56	#
27	230.228	26	27	32	33	46	47	56	#
28	769.46	0	1	2	3	4	5	8	11	15	22	23	29	57	#
29	973.313	1	2	3	4	9	14	15	16	22	23	30	32	57	#
30	958.617	1	2	3	4	5	8	14	15	16	22	23	24	57	#
31	937.358	1	2	3	4	5	8	15	22	23	24	27	34	57	#
32	783.741	1	2	3	4	5	8	11	12	14	15	19	26	57	#
33	750.228	0	1	2	3	4	5	7	8	12	13	14	15	57	#
34	1273.49	0	1	2	3	4	5	8	9	10	11	12	16	17	18	19	24	25	29	30	31	32	33	39	58	#
35	1443.7	0	1	2	3	5	9	10	11	12	13	14	15	16	17	18	19	21	22	23	30	31	37	38	58	#
36	1378.25	0	1	2	3	5	6	9	10	11	12	13	15	16	17	18	19	22	23	24	25	30	31	37	58	#
37	1374.76	0	1	2	3	5	7	9	10	11	12	13	14	15	16	17	18	19	24	25	31	32	33	43	58	#
38	1367.71	0	1	2	3	9	10	11	16	17	18	23	24	30	31	32	33	38	39	40	41	46	47	48	58	#
39	1362.85	2	3	5	6	9	10	11	12	13	15	16	17	18	19	22	23	24	25	30	31	36	37	44	58	#
40	1787.41	0	1	2	3	4	7	8	9	10	11	14	15	16	17	18	19	21	22	23	24	25	26	29	30	31	32	33	34	36	37	38	39	40	44	45	46	47	59	#
41	2079.45	0	1	2	3	4	5	6	8	9	10	11	12	13	14	15	16	17	18	21	22	24	25	27	28	30	31	32	33	34	35	37	38	39	44	45	46	51	59	#
42	2042.94	0	1	2	3	4	7	8	9	10	12	14	15	17	18	19	21	22	23	24	28	29	30	31	32	33	35	36	37	38	39	42	43	44	45	46	47	50	59	#
43	2039.46	3	4	5	6	8	9	12	13	15	17	18	19	20	21	23	24	25	26	27	29	30	31	32	33	34	37	38	39	40	42	43	44	45	46	47	48	51	59	#
44	2036.16	0	1	3	4	5	6	7	8	9	10	11	12	13	14	15	16	17	18	19	21	22	23	24	25	26	28	29	30	31	32	35	36	37	38	42	43	44	59	#
45	2017.72	3	4	6	9	10	11	12	13	15	16	17	18	19	20	21	23	24	25	26	28	29	30	31	32	33	34	35	36	37	38	39	40	42	44	45	46	47	59	#
46	119.892	36	42	43	#
47	463.678	0	1	2	7	8	14	15	22	23	60	#
48	687.701	0	1	2	3	4	7	8	9	10	60	#
49	501.23	1	7	8	31	36	37	38	40	44	60	#
50	500.008	1	7	8	14	15	16	21	22	28	60	#
51	462.515	1	2	7	8	9	10	11	14	16	60	#
52	457.346	0	1	2	7	8	9	14	15	21	60	#
53	160.298	32	34	39	40	41	46	61	#
54	236.15	8	14	15	16	31	32	61	#
55	49.5699	15	33	34	39	40	46	61	#
56	747.855	25	26	31	32	33	34	36	37	38	39	40	44	45	46	47	62	#
57	929.616	13	17	18	19	20	25	26	27	33	34	39	40	41	47	48	62	#
58	907.228	5	12	13	19	20	31	32	33	37	38	39	40	41	44	47	62	#
59	904.636	12	19	20	25	26	32	33	37	38	39	40	45	46	47	48	62	#
60	867.086	26	30	31	32	33	34	37	38	39	40	44	45	46	47	48	62	#
61	800.886	28	29	30	31	32	33	37	38	39	40	44	45	46	47	48	62	#
62	468.439	6	9	10	14	15	16	21	28	63	#
63	663.574	0	1	2	3	9	10	16	17	63	#
64	606.171	2	3	9	10	15	16	17	23	63	#
65	584.178	2	4	9	10	11	16	17	18	63	#
66	582.867	1	2	9	10	11	15	16	17	63	#
67	544.377	3	4	5	6	9	10	11	12	63	#
68	2330.74	0	2	4	5	7	8	9	10	11	12	13	14	15	16	17	18	19	20	21	22	23	24	25	26	27	29	30	31	32	33	34	35	36	37	38	39	40	41	43	44	45	46	47	48	49	50	64	#
69	2421.74	1	2	3	4	5	6	7	8	9	10	11	12	13	14	15	16	17	18	19	20	21	22	23	25	26	27	28	29	30	31	32	33	34	35	36	37	39	40	41	42	43	44	45	47	48	50	64	#
70	2390.35	1	2	4	5	7	8	9	10	11	12	13	14	15	16	18	19	20	21	22	23	25	26	27	28	29	30	31	32	33	34	35	36	37	38	39	40	41	42	43	44	45	46	47	48	49	50	64	#
71	2348.43	0	1	2	4	5	7	8	9	10	11	12	13	14	15	16	17	18	19	20	21	22	23	25	26	27	28	29	30	31	32	33	34	35	36	37	39	40	41	42	43	44	45	46	47	48	51	64	#
72	2340.93	1	2	4	5	7	8	9	10	11	12	13	14	15	16	17	18	19	20	21	22	23	24	25	26	27	28	29	30	31	32	33	35	36	37	38	39	40	41	42	43	44	45	46	47	48	50	64	#
73	2333.29	0	1	2	4	7	8	9	10	11	12	13	14	15	16	17	18	19	20	21	22	23	24	25	26	27	28	29	30	31	32	33	35	36	37	38	39	40	41	42	43	45	46	47	48	50	51	64	#
74	364.109	0	9	14	15	16	21	65	#
75	408.949	3	9	10	17	18	24	65	#
76	349.268	0	7	14	21	28	29	65	#
77	345.481	7	14	21	28	29	36	65	#
78	320.475	15	16	21	22	23	29	65	#
79	308.621	16	23	37	38	39	46	65	#
80	365.287	34	40	41	47	48	66	#
81	390.482	13	20	34	41	48	66	#
82	359.306	34	41	46	47	48	66	#
83	279.43	40	41	46	47	48	66	#
84	229.017	18	25	26	33	34	66	#
85	219.535	33	34	39	40	41	66	#
86	621.853	31	34	38	39	40	41	44	45	46	47	48	67	#
87	686.553	26	28	35	36	37	38	42	43	44	45	46	67	#
88	670.557	31	37	38	39	40	41	44	45	46	47	48	67	#
89	641.052	21	28	30	31	36	37	38	39	44	45	46	67	#
90	618.675	21	29	30	31	35	36	37	38	44	45	46	67	#
91	610.785	31	38	39	40	41	43	44	45	46	48	50	67	#
92	244.295	30	37	38	68	#
93	163.667	31	37	38	68	#
94	820.365	7	8	9	15	22	23	29	30	31	32	35	36	38	39	43	44	69	#
95	1081.65	22	29	30	31	32	33	35	36	37	38	42	43	44	45	46	47	69	#
96	1080.92	4	5	9	10	11	12	17	18	22	25	29	30	31	32	37	38	69	#
97	1062.03	1	4	5	31	32	33	34	36	37	38	39	43	45	46	47	51	69	#
98	1012.72	8	9	11	15	16	17	22	23	29	30	31	32	37	38	43	44	69	#
99	1011.95	19	21	22	25	26	29	30	31	32	33	34	35	36	37	38	43	69	#
100	104.247	51	#
101	26.3056	45	#
102	180.213	18	26	27	33	34	43	70	#
103	246.234	18	19	25	26	27	34	70	#
104	223.182	19	20	26	27	34	41	70	#
105	92.3591	33	34	38	39	45	46	70	#
106	187.041	35	42	#
107	68.3401	45	46	71	#
108	75.9588	38	45	71	#
109	56.7096	39	46	71	#
110	237.896	5	11	12	13	72	#
111	297.31	4	5	13	42	72	#
112	246.671	5	6	12	13	72	#
113	112.328	11	12	18	19	72	#
114	107.905	13	18	24	25	72	#
115	686.471	7	8	9	10	11	15	16	17	18	24	25	37	44	73	#
116	1028.65	3	4	7	8	9	10	14	15	16	17	18	30	31	73	#
117	949.956	0	3	4	7	8	9	10	11	14	15	16	17	18	73	#
118	933.473	2	3	7	8	9	10	16	17	18	26	32	38	39	73	#
119	890.992	3	4	5	6	10	11	12	13	17	18	20	26	27	73	#
120	874.015	2	3	4	7	8	9	10	11	15	16	17	18	25	73	#
121	1445.59	2	3	4	5	9	10	11	12	13	17	18	19	20	24	27	31	32	33	34	38	39	40	41	46	47	48	74	#
122	1731.65	0	2	3	4	5	7	8	9	10	11	12	15	17	18	19	22	23	24	35	36	40	41	42	46	47	48	74	#
123	1698.27	2	3	4	5	7	8	9	10	11	12	13	17	19	20	27	28	29	30	31	33	34	35	36	37	41	42	74	#
124	1663.12	5	13	19	20	21	22	27	28	29	30	32	33	34	35	36	37	38	40	41	42	43	44	45	46	47	48	74	#
125	1657.75	0	1	2	3	4	5	7	8	9	10	11	12	13	17	18	19	20	24	27	32	33	34	40	41	47	48	74	#
126	1648.96	0	1	2	3	4	5	7	8	9	10	12	15	17	19	24	25	26	27	34	35	36	37	41	42	43	44	74	#
127	1659.47	0	7	14	17	18	21	23	24	26	29	30	31	32	33	34	35	36	37	38	39	40	41	42	43	44	45	46	47	49	75	#
128	2011.43	3	4	7	8	9	10	14	15	21	22	23	28	29	30	31	32	33	34	35	36	37	38	39	40	41	42	43	44	47	75	#
129	1948.21	0	2	3	4	7	8	9	10	14	15	16	17	18	21	22	23	24	28	29	30	31	32	33	35	36	39	40	42	43	75	#
130	1898.07	0	2	3	4	5	7	9	10	11	14	15	16	17	18	21	22	23	26	28	29	30	33	35	36	39	42	43	44	45	75	#
131	1881.14	0	1	2	3	7	8	9	10	14	15	16	17	18	21	22	23	24	25	28	29	30	31	32	33	35	36	42	43	44	75	#
132	1857.72	0	1	2	3	4	7	8	9	10	11	14	15	16	18	21	22	23	25	28	29	30	31	35	36	37	38	42	43	44	75	#
133	30.7862	21	#
134	257.065	38	39	40	45	46	47	76	#
135	339.29	32	38	39	40	45	47	76	#
136	324.852	32	33	34	39	46	47	76	#
137	311.489	32	39	40	46	47	48	76	#
138	286.702	39	40	45	46	47	48	76	#
139	286.523	30	32	37	38	39	45	76	#
140	147.669	12	19	77	#
141	135.45	18	19	77	#
142	69.6256	12	13	77	#
143	542.294	14	15	21	22	23	30	31	38	39	78	#
144	548.257	14	21	22	28	29	30	35	36	42	78	#
145	533.693	14	15	16	21	22	23	29	30	36	78	#
146	513.775	9	22	23	24	30	31	32	33	39	78	#
147	496.147	15	16	21	22	23	24	29	30	36	78	#
148	490.467	14	15	21	22	28	29	30	35	36	78	#
149	219.105	19	26	33	79	#
150	240.625	26	32	33	79	#
151	168.244	5	12	19	79	#
152	114.732	15	25	26	79	#
153	272.482	9	16	17	80	#
154	238.189	9	10	17	80	#
155	198.572	2	9	16	80	#
156	165.961	10	17	18	80	#
157	315.047	26	27	32	33	34	49	81	#
158	419.018	31	32	33	34	40	47	81	#
159	370.455	20	25	26	27	33	34	81	#
160	341.921	20	26	27	34	40	41	81	#
161	310.174	26	33	34	38	39	40	81	#
162	264.866	33	39	40	46	47	49	81	#
163	893.021	1	7	8	9	10	11	15	16	17	18	19	21	22	23	24	25	26	30	33	82	#
164	1207.29	3	4	5	6	8	9	11	13	14	15	16	17	18	19	22	23	24	25	26	82	#
165	1162.72	0	1	2	3	4	5	6	7	8	9	10	11	13	16	17	18	19	25	26	82	#
166	1151.73	2	3	4	5	6	7	8	9	10	11	13	17	18	19	20	24	25	26	27	82	#
167	1083.19	2	3	8	9	10	11	15	16	17	18	21	22	23	24	28	30	35	36	37	82	#
168	1010.64	8	9	15	16	21	22	23	24	25	26	27	28	29	30	35	36	37	42	43	82	#
169	778.773	17	18	24	27	32	33	34	39	40	41	44	45	46	47	48	83	#
170	1080.32	0	1	2	4	5	10	11	13	18	19	20	27	32	33	34	83	#
171	1035.86	2	3	4	9	10	13	17	19	20	27	32	33	34	39	46	83	#
172	975.3	2	3	9	10	17	18	19	28	36	39	43	44	45	46	47	83	#
173	974.149	4	5	13	19	20	27	32	33	34	39	40	41	47	48	49	83	#
174	946.046	5	13	18	19	20	27	32	33	34	38	39	40	41	45	47	83	#
175	417.249	32	34	39	40	41	47	84	#
176	386.374	32	39	40	41	46	47	84	#
177	362.773	32	33	34	40	41	47	84	#
178	333.899	17	18	19	25	26	39	84	#
179	331.528	32	38	39	40	41	45	84	#
180	301.155	27	34	37	39	40	41	84	#
181	708.934	7	8	14	21	22	23	24	28	29	30	35	36	37	42	43	85	#
182	917.878	3	4	9	10	11	15	16	17	18	23	24	29	30	34	41	85	#
183	885.251	2	7	8	9	11	14	16	17	18	19	24	35	36	42	43	85	#
184	825.041	28	29	30	31	32	33	34	35	36	37	39	40	42	43	46	85	#
185	809.748	8	9	14	15	16	17	18	19	21	23	24	29	30	36	37	85	#
186	799.963	14	15	16	21	22	28	29	30	35	36	37	41	42	43	48	85	#
187	558.984	3	15	16	22	23	29	35	36	86	#
188	578.437	1	2	3	8	9	10	15	17	86	#
189	558.549	8	9	15	16	22	23	30	37	86	#
190	528.902	15	16	17	22	23	24	29	47	86	#
191	489.509	29	30	35	36	37	38	42	45	86	#
192	485.346	15	22	23	28	29	30	36	37	86	#
193	949.051	9	10	11	17	18	23	24	25	26	27	32	33	34	39	41	87	#
194	1005.17	5	9	10	11	13	17	18	19	20	25	26	27	32	33	39	87	#
195	948.875	10	11	17	18	23	24	25	26	32	33	34	39	40	41	47	87	#
196	886.46	10	11	12	13	17	18	19	20	24	25	26	27	32	33	39	87	#
197	885.595	2	8	9	10	11	13	17	18	19	20	23	24	25	26	30	87	#
198	863.56	10	11	16	17	18	19	22	23	24	25	26	32	33	39	46	87	#
199	226.529	5	11	12	88	#
200	292.226	3	4	11	88	#
201	269.657	5	12	13	88	#
202	182.66	11	12	13	88	#
