%% File generated by CATS v.2.1Thu May  9 12:50:27 2024

%% The CATS webpage is http://robotics.stanford.edu/CATS

%% PARAMETER SETTINGS:
% Goods: 52; Bids: 200; Distribution: regions; Runs: 1; Seed: 85
% Regions Distribution Parameters:
% Max Substitutable Bids = 5
% Removing HV Neighbor   = 0.1
% Adding DIAG Neighbor   = 0.2
% Additional Location    = 0.9
% Jump Probability       = 0.05
% Additivity             = 0.2
% Budget Factor          = 1.5
% Resale Factor          = 0.5
% Uniform Private Value:
%   Deviation            = 0.5
%   Max Good Value       = 100



goods 52
bids 204
dummy 34

0	785.318	7	12	14	19	26	29	33	39	40	46	47	52	#
1	757.358	26	31	33	37	39	40	44	45	46	47	48	52	#
2	742.898	0	13	20	38	39	40	44	45	46	47	48	52	#
3	729.472	13	18	19	20	22	23	24	25	26	33	40	52	#
4	704.268	13	18	19	20	25	26	27	33	34	40	41	52	#
5	690.961	31	32	37	39	40	41	44	45	46	47	48	52	#
6	1082.04	2	6	8	9	10	12	13	14	15	16	17	18	21	22	23	28	29	36	53	#
7	1316.47	0	1	2	4	5	8	9	10	11	12	13	15	16	17	18	22	25	26	53	#
8	1233.38	3	4	5	8	9	10	11	12	13	15	16	17	18	22	23	25	28	29	53	#
9	1221.67	3	4	5	6	10	11	12	13	18	20	24	25	26	30	31	32	34	39	53	#
10	1185.09	0	1	2	8	9	10	14	15	16	17	21	22	25	28	29	30	36	43	53	#
11	1134.15	1	2	3	4	5	9	10	11	12	13	14	15	16	17	22	24	29	30	53	#
12	598.651	10	11	18	19	20	26	27	34	41	54	#
13	608.077	4	5	10	11	18	19	20	26	27	54	#
14	596.173	11	18	19	20	26	27	32	34	41	54	#
15	555.858	18	19	20	25	26	27	33	34	41	54	#
16	546.309	17	18	19	20	21	24	25	26	27	54	#
17	500.426	11	17	18	19	20	25	26	27	33	54	#
18	1434.34	4	6	11	13	18	19	20	24	25	26	27	32	33	34	37	38	39	40	41	45	46	47	48	55	#
19	1560.66	4	9	11	16	17	18	19	20	24	25	26	27	31	32	33	34	38	39	40	41	45	47	48	55	#
20	1522.81	2	4	7	8	9	11	14	15	16	17	18	19	21	22	24	25	26	27	29	30	32	33	40	55	#
21	1511.82	13	14	16	20	21	24	25	26	27	29	32	33	34	36	38	39	40	41	44	45	46	47	48	55	#
22	1489.79	4	8	11	14	15	16	17	18	21	24	25	32	33	37	38	39	40	42	43	44	45	46	47	55	#
23	1481.61	4	8	9	10	11	15	16	17	18	19	20	24	25	26	27	30	32	33	34	40	41	47	48	55	#
24	56.6109	24	#
25	523.023	4	5	6	9	10	11	12	13	17	19	56	#
26	602.683	2	3	8	9	10	11	15	16	24	31	56	#
27	597.102	6	29	30	32	36	37	38	39	44	46	56	#
28	594.949	4	5	6	11	12	13	30	31	32	33	56	#
29	574.155	8	9	16	23	24	30	31	32	37	44	56	#
30	529.603	4	5	9	10	11	12	13	16	19	20	56	#
31	435.763	20	24	26	27	31	32	37	39	57	#
32	505.52	31	32	37	38	39	40	45	46	57	#
33	491.108	8	16	22	24	25	29	30	31	57	#
34	481.975	30	31	32	33	37	40	45	46	57	#
35	457.647	11	12	13	18	19	20	27	34	57	#
36	454.037	9	16	24	25	29	30	31	37	57	#
37	102.404	35	42	#
38	1590.13	2	3	7	8	9	12	14	16	17	18	19	20	21	22	23	24	25	26	27	29	30	31	32	33	34	37	44	58	#
39	1726.38	0	7	9	14	16	21	22	23	24	25	26	28	29	30	31	32	35	36	37	38	39	41	44	45	46	47	48	58	#
40	1709.71	6	9	13	14	16	17	18	19	20	21	24	25	26	27	28	29	32	33	34	37	40	41	44	45	46	47	48	58	#
41	1656.99	0	3	9	10	11	12	16	17	18	19	20	22	24	25	26	27	29	30	31	32	33	34	37	44	46	47	48	58	#
42	1639.26	3	4	8	9	10	14	15	16	17	18	20	22	23	24	25	26	27	28	29	31	32	33	36	37	38	44	45	58	#
43	1637.35	2	3	9	17	20	25	26	27	28	29	30	31	32	33	34	35	36	37	38	41	42	43	44	45	46	47	48	58	#
44	885.877	0	1	2	3	4	5	7	8	9	10	11	15	18	19	59	#
45	1019.29	2	4	5	9	10	11	12	18	19	20	25	26	27	34	59	#
46	979.832	2	7	8	9	14	15	19	21	26	27	31	32	34	41	59	#
47	945.592	4	5	9	10	11	12	17	18	19	20	25	26	27	34	59	#
48	910.64	4	5	10	11	12	18	19	20	24	25	26	27	34	41	59	#
49	879.116	1	7	8	9	10	11	15	17	18	19	25	26	27	34	59	#
50	1197.05	6	17	22	24	28	29	30	31	32	33	34	35	36	37	38	39	40	41	42	43	44	45	46	47	48	51	60	#
51	1769.37	3	4	8	9	10	11	16	17	18	21	23	24	25	26	31	32	33	37	38	40	41	43	44	46	47	48	60	#
52	1555.27	4	5	11	12	17	18	19	20	24	25	26	28	29	31	32	33	35	36	38	39	40	42	43	46	47	48	60	#
53	1542.39	1	2	3	4	5	7	8	9	10	11	12	14	16	17	18	19	20	21	24	25	26	31	32	37	44	51	60	#
54	1528.49	2	3	4	5	8	9	10	11	12	15	17	18	19	21	22	23	24	25	28	29	35	36	37	42	43	44	60	#
55	1519.86	5	10	11	12	17	18	19	20	24	25	26	31	32	33	37	38	39	40	41	42	43	44	45	46	47	48	60	#
56	625.646	3	10	17	18	22	23	24	25	30	31	48	61	#
57	878.427	1	3	4	8	9	10	11	15	16	18	22	61	#
58	848.168	3	8	9	10	11	15	16	17	22	23	24	61	#
59	775.875	3	9	10	15	16	17	22	23	24	30	31	61	#
60	750.373	9	10	11	15	16	17	18	22	23	24	25	61	#
61	745.955	9	15	16	21	22	23	24	30	31	37	38	61	#
62	878.504	6	12	13	18	19	20	27	31	32	33	36	37	40	42	43	44	45	46	47	62	#
63	1110.59	6	8	9	13	16	17	19	20	24	25	26	27	31	32	33	34	39	40	42	62	#
64	1104.25	0	1	2	3	7	8	9	14	15	16	17	21	22	23	33	40	45	46	47	62	#
65	1103.07	13	19	20	26	27	29	31	32	33	36	37	40	42	43	44	45	46	47	49	62	#
66	1077.84	6	9	10	13	15	16	17	18	19	20	25	26	27	33	34	40	41	46	48	62	#
67	1047.33	6	13	15	16	17	19	20	24	25	26	27	31	32	33	34	37	40	45	46	62	#
68	647.971	1	2	3	7	8	9	14	15	16	22	23	63	#
69	790.405	1	8	9	14	15	16	17	18	21	22	29	63	#
70	775.612	1	8	9	14	15	16	21	22	29	36	43	63	#
71	707.153	1	2	7	8	9	14	15	16	21	22	23	63	#
72	706.565	2	3	9	16	17	22	23	25	26	30	31	63	#
73	699.191	1	2	3	8	9	15	16	17	23	25	26	63	#
74	526.596	32	36	37	38	39	42	43	44	45	64	#
75	708.343	17	25	31	37	38	39	40	44	45	64	#
76	638.212	29	31	36	37	38	40	43	45	46	64	#
77	618.517	37	38	39	40	44	45	46	47	48	64	#
78	614.808	26	33	37	38	39	40	44	45	46	64	#
79	515.352	17	18	25	26	31	32	33	34	37	64	#
80	15.3336	33	#
81	40.8331	51	#
82	173.396	28	35	36	65	#
83	211.097	29	35	36	65	#
84	154.591	1	28	35	65	#
85	777.459	6	12	13	18	19	20	26	27	31	32	33	37	38	39	66	#
86	944.436	14	16	21	32	34	35	36	37	38	39	43	44	45	46	66	#
87	924.474	20	22	26	27	30	31	32	33	34	37	38	43	44	45	66	#
88	877.477	2	3	10	12	17	18	19	20	26	27	32	34	38	39	66	#
89	871.566	10	16	17	19	20	24	25	26	27	30	31	32	34	39	66	#
90	845.252	12	19	20	26	27	30	31	32	33	34	37	38	39	44	66	#
91	362.247	4	5	11	31	37	67	#
92	358.079	4	5	10	11	17	67	#
93	297.398	4	5	11	12	13	67	#
94	279.245	23	30	31	37	38	67	#
95	259.897	10	30	31	37	45	67	#
96	243.482	5	10	11	12	18	67	#
97	68.9969	12	13	37	#
98	885.686	0	1	9	10	16	17	18	19	22	23	24	31	32	33	39	68	#
99	972.258	3	9	10	17	19	20	23	24	26	31	32	33	34	39	41	68	#
100	950.495	0	1	2	3	4	5	9	15	16	17	18	22	23	24	30	68	#
101	887.948	17	18	19	24	25	26	31	32	33	34	37	39	41	46	47	68	#
102	881.36	9	16	17	18	19	22	23	24	31	32	35	36	37	39	43	68	#
103	865.576	13	15	16	17	18	19	20	21	22	23	24	25	26	31	43	68	#
104	880.871	5	16	17	18	19	20	22	23	25	26	27	37	38	69	#
105	966.938	16	17	19	21	23	24	25	26	28	29	36	43	44	69	#
106	960.498	10	11	16	17	18	19	20	22	23	24	25	26	31	69	#
107	943.359	16	17	22	23	24	25	26	30	31	32	37	38	39	69	#
108	902.925	15	16	17	18	21	22	23	24	25	28	29	30	31	69	#
109	890.265	15	16	17	18	19	20	22	23	24	25	26	27	34	69	#
110	1723.28	2	3	9	10	11	15	16	17	22	23	24	25	26	29	31	32	35	36	37	40	42	43	44	70	#
111	1759.87	0	1	2	3	7	8	9	10	11	14	21	32	33	36	37	38	39	40	42	43	44	45	46	70	#
112	1748.03	0	1	2	3	4	5	7	8	9	10	11	14	15	16	21	22	23	24	25	29	30	31	32	70	#
113	1727.23	0	1	2	3	4	6	7	8	9	11	13	14	16	18	19	21	22	23	24	29	30	31	32	70	#
114	1710.99	3	9	10	11	13	20	26	27	28	32	33	34	35	36	37	40	41	42	43	44	45	46	48	70	#
115	1695.73	3	8	9	10	16	21	22	23	24	26	28	29	30	32	33	35	36	37	40	42	43	44	46	70	#
116	1381.43	9	10	12	13	15	16	17	18	19	20	22	23	24	25	26	27	31	32	33	34	36	37	38	44	71	#
117	1712.52	9	10	11	14	15	16	17	18	22	23	24	25	29	30	31	36	37	38	39	40	42	43	44	47	71	#
118	1635.2	3	9	10	11	12	14	15	16	17	18	21	22	23	24	25	26	28	29	30	31	35	36	42	43	71	#
119	1575.33	6	10	11	12	13	14	15	16	17	18	20	21	22	23	24	25	26	30	31	32	33	38	39	40	71	#
120	1552.84	9	10	11	13	14	15	16	17	18	19	20	22	23	24	25	26	27	28	29	30	31	32	33	49	71	#
121	1545.16	7	14	15	16	19	21	22	23	24	26	28	29	30	31	32	35	36	37	38	39	42	43	44	45	71	#
122	114.494	8	#
123	323.03	14	15	16	21	28	35	72	#
124	398.733	15	16	17	24	25	31	72	#
125	361.479	14	15	16	21	22	23	72	#
126	332.143	15	16	17	22	23	24	72	#
127	319.921	21	28	35	36	37	42	72	#
128	318.361	8	14	15	21	28	35	72	#
129	403.658	22	28	29	30	35	36	42	43	73	#
130	525.751	29	32	35	36	37	38	39	45	73	#
131	494.097	15	21	28	29	30	31	35	36	73	#
132	487.566	21	28	29	30	35	36	37	38	73	#
133	480.34	2	3	9	16	22	23	29	30	73	#
134	478.875	17	20	23	24	25	26	30	31	73	#
135	1223.2	1	2	3	7	8	9	10	14	15	16	17	18	19	21	22	23	24	28	29	30	31	74	#
136	1392.09	11	16	17	22	23	24	25	26	29	30	31	32	36	37	38	39	40	43	44	45	46	74	#
137	1376.02	3	9	10	16	17	22	23	24	25	29	30	31	32	33	37	38	39	40	44	45	46	74	#
138	1372.99	2	3	8	9	15	16	17	18	19	22	23	24	25	29	30	31	32	33	36	43	44	74	#
139	1370.08	4	8	11	15	16	17	18	19	21	22	23	24	25	28	29	30	31	32	33	36	49	74	#
140	1350.77	0	1	2	3	7	8	9	15	16	17	21	22	23	24	29	30	31	32	33	37	45	74	#
141	1445.87	4	6	10	11	12	13	16	18	19	20	22	23	25	26	28	29	30	31	32	35	36	75	#
142	1643.4	2	3	4	5	6	8	9	10	11	12	13	18	19	25	26	27	34	35	41	42	48	75	#
143	1551.63	4	5	6	9	11	12	13	16	18	19	20	23	24	25	26	27	31	34	37	41	48	75	#
144	1541.87	4	22	23	24	28	29	30	31	34	35	36	37	40	41	42	43	44	45	46	47	48	75	#
145	1504.31	4	5	6	10	11	12	13	18	19	20	25	26	27	31	32	34	36	41	43	44	48	75	#
146	1486.56	3	4	5	10	11	12	18	19	24	25	26	27	30	31	32	34	37	39	40	46	47	75	#
147	55.3747	48	#
148	236.694	10	17	25	76	#
149	304.833	9	10	16	76	#
150	276.524	9	10	17	76	#
151	188.515	14	17	25	76	#
152	785.281	1	2	4	5	6	12	13	20	26	27	33	34	77	#
153	808.833	13	18	20	25	26	27	33	34	39	40	41	46	77	#
154	793.639	4	5	8	9	10	11	12	13	20	26	27	33	77	#
155	788.812	5	12	13	20	23	26	27	30	31	34	37	44	77	#
156	729.331	6	12	13	20	23	26	27	28	29	30	34	41	77	#
157	727.806	0	1	2	8	14	15	21	28	39	40	45	46	77	#
158	811.26	0	1	2	7	8	14	15	21	22	28	29	30	36	37	38	45	78	#
159	1118.08	13	15	16	19	20	22	26	27	29	32	36	37	38	39	44	45	78	#
160	1060.14	4	8	11	12	14	15	16	17	18	21	22	23	24	28	29	36	78	#
161	1054.13	0	1	2	3	8	10	14	15	16	17	21	22	23	24	25	44	78	#
162	1015.67	0	1	2	3	8	10	14	15	16	17	18	21	22	23	24	25	78	#
163	1003.58	0	1	8	14	15	16	17	18	21	22	23	24	29	30	41	48	78	#
164	356.346	0	1	7	8	9	79	#
165	432.974	1	2	8	9	15	79	#
166	412.022	8	9	10	15	17	79	#
167	294.193	0	1	2	7	8	79	#
168	249.89	0	1	7	14	15	79	#
169	194.044	42	43	44	80	#
170	157.779	36	43	44	80	#
171	115.068	37	44	45	80	#
172	106.733	35	36	42	80	#
173	719.585	14	15	16	19	21	22	24	28	29	30	35	36	81	#
174	773.117	8	9	10	16	17	18	22	23	24	25	41	48	81	#
175	760.439	0	1	7	8	9	13	14	15	21	28	35	36	81	#
176	746.157	0	7	8	14	15	21	22	28	29	30	36	43	81	#
177	731.605	6	16	17	24	25	30	31	36	37	38	44	45	81	#
178	728.278	14	15	20	21	22	27	28	29	30	35	36	42	81	#
179	1033.42	0	1	2	3	7	8	14	15	21	22	23	24	28	29	30	35	36	37	42	43	44	82	#
180	1395.23	4	5	11	12	14	15	17	18	19	20	21	22	23	24	25	26	30	34	42	43	46	82	#
181	1285.12	3	4	6	10	11	12	13	14	15	17	18	21	22	23	24	25	26	28	29	30	31	82	#
182	1245.31	14	15	17	21	22	23	24	25	26	28	29	30	32	34	35	36	37	38	42	43	45	82	#
183	1237.36	0	1	2	3	4	5	10	11	12	13	17	18	19	20	23	24	25	26	27	34	41	82	#
184	1203.89	2	3	4	5	9	10	11	12	17	24	25	26	32	33	37	38	39	40	44	45	46	82	#
185	672.857	26	28	31	32	33	35	36	37	39	40	42	43	44	45	46	83	#
186	986.226	15	16	17	19	25	26	32	33	34	39	40	41	46	47	48	83	#
187	881.919	12	16	17	19	24	25	26	32	33	34	39	40	41	46	48	83	#
188	880.127	6	13	16	17	19	20	22	24	25	26	27	32	33	34	41	83	#
189	838.086	3	10	15	16	17	24	31	32	33	38	39	40	44	45	46	83	#
190	831.945	7	8	9	10	15	16	17	22	28	29	35	36	37	42	43	83	#
191	46.3716	7	#
192	550.969	9	10	15	16	22	23	24	48	84	#
193	642.443	1	8	9	10	15	16	22	24	84	#
194	641.834	1	2	3	8	9	10	15	16	84	#
195	605.604	1	2	3	7	8	9	10	15	84	#
196	602.645	8	15	16	22	23	30	31	32	84	#
197	595.13	16	19	23	24	26	30	31	32	84	#
198	661.736	4	10	11	17	18	19	20	24	25	26	85	#
199	791.358	2	3	4	5	10	11	17	24	25	26	85	#
200	704.033	4	10	11	17	18	19	24	25	26	27	85	#
201	687.631	4	5	10	11	17	18	23	24	25	26	85	#
202	601.906	4	5	10	11	12	16	17	24	25	31	85	#
203	569.677	10	17	19	20	24	25	26	27	32	34	85	#
