%% File generated by CATS v.2.1Thu May  9 12:50:25 2024

%% The CATS webpage is http://robotics.stanford.edu/CATS

%% PARAMETER SETTINGS:
% Goods: 52; Bids: 200; Distribution: regions; Runs: 1; Seed: 55
% Regions Distribution Parameters:
% Max Substitutable Bids = 5
% Removing HV Neighbor   = 0.1
% Adding DIAG Neighbor   = 0.2
% Additional Location    = 0.9
% Jump Probability       = 0.05
% Additivity             = 0.2
% Budget Factor          = 1.5
% Resale Factor          = 0.5
% Normal Private Value:
%   Mean                 = 0
%   Standard Deviation   = 30



goods 52
bids 201
dummy 37

0	235.108	26	32	33	39	52	#
1	263.54	25	32	33	39	52	#
2	181.428	19	26	27	33	52	#
3	164.405	33	39	40	46	52	#
4	153.743	26	33	39	46	52	#
5	179.961	29	30	53	#
6	174.897	29	36	53	#
7	126.067	30	31	53	#
8	1216.86	0	1	2	7	8	9	14	15	16	17	21	23	24	28	29	30	31	33	34	35	36	43	54	#
9	1270.18	8	9	11	15	16	17	18	19	20	23	24	25	26	27	29	30	31	32	33	34	39	40	54	#
10	1261.46	1	7	8	14	16	17	21	22	23	24	28	29	30	35	36	37	42	43	44	45	46	47	54	#
11	1252.21	2	4	7	8	9	11	12	13	14	16	17	18	19	20	23	24	27	29	30	31	37	38	54	#
12	1222.46	1	2	7	8	9	13	14	15	16	19	20	21	22	24	26	27	28	29	30	33	34	35	54	#
13	1213.38	2	7	8	9	14	15	16	17	18	23	24	25	29	30	31	32	36	37	38	42	43	44	54	#
14	329.388	5	12	13	20	55	#
15	382.313	11	12	19	20	55	#
16	377.239	12	13	20	26	55	#
17	368.79	12	13	19	20	55	#
18	252.289	5	6	12	19	55	#
19	987.019	15	16	19	24	29	30	31	32	33	35	36	37	38	39	43	44	45	46	56	#
20	1071.92	0	1	7	8	9	10	15	16	19	20	23	24	25	27	30	31	32	34	56	#
21	1060.34	16	21	22	23	24	26	28	29	30	31	32	35	36	37	38	42	43	44	56	#
22	988.413	15	16	17	23	24	26	29	30	31	32	33	37	38	39	43	44	45	46	56	#
23	970.649	14	16	21	22	23	28	29	30	31	35	36	37	38	42	43	44	45	51	56	#
24	970.632	10	11	12	16	18	19	23	24	25	26	27	30	31	32	33	34	39	40	56	#
25	553.475	13	19	20	26	27	33	34	39	46	57	#
26	641.175	13	19	20	26	27	32	33	34	39	57	#
27	626.757	11	12	17	18	19	20	27	33	34	57	#
28	625.143	26	30	31	32	33	34	37	38	39	57	#
29	596.866	9	10	11	12	19	20	26	27	34	57	#
30	528.497	5	6	11	12	13	19	20	26	27	57	#
31	74.6613	1	#
32	768.643	31	37	38	39	41	43	44	45	46	47	48	58	#
33	738.175	29	30	31	32	36	37	38	42	43	44	45	58	#
34	726.196	23	24	30	31	37	38	43	44	45	46	47	58	#
35	698.242	24	30	31	36	37	38	43	44	45	46	47	58	#
36	668.996	23	24	25	30	31	32	37	38	44	45	46	58	#
37	606.243	0	1	8	15	33	39	40	41	46	47	48	58	#
38	1173.62	4	9	10	11	12	13	16	17	18	19	20	24	25	26	27	28	29	32	33	59	#
39	1278.43	9	11	12	15	16	17	18	19	23	25	26	28	29	30	31	32	36	43	44	59	#
40	1249.91	1	2	3	4	7	8	9	10	11	12	13	16	17	18	19	20	22	24	30	59	#
41	1213.67	3	4	6	9	10	11	12	13	17	18	19	25	28	29	35	36	37	42	43	59	#
42	1211.55	12	13	18	19	20	25	26	27	28	32	33	34	36	37	38	39	40	42	43	59	#
43	1143.68	9	16	23	24	28	29	30	31	32	35	36	37	38	42	43	44	45	46	47	59	#
44	44.1606	47	#
45	745.771	3	4	9	15	16	23	30	31	60	#
46	673.243	15	16	17	23	24	30	31	38	60	#
47	663.492	23	24	26	30	31	32	33	38	60	#
48	634.014	1	2	3	8	9	10	11	15	60	#
49	631.653	1	2	7	8	9	15	16	24	60	#
50	614.544	0	1	2	8	9	10	15	16	60	#
51	509.75	16	19	23	25	26	30	31	32	39	46	47	61	#
52	717.93	12	13	19	20	26	27	33	34	39	40	50	61	#
53	694.513	7	14	21	28	29	30	35	36	37	42	43	61	#
54	663.375	2	7	8	9	10	14	15	16	21	23	30	61	#
55	639.617	5	10	11	12	13	18	19	20	26	27	34	61	#
56	593.988	26	27	31	32	33	34	39	40	46	47	48	61	#
57	987.089	5	11	12	18	19	20	25	26	27	32	33	34	40	41	44	45	46	47	48	62	#
58	1198.05	3	10	11	12	14	18	20	21	22	25	26	28	29	32	33	35	36	42	43	62	#
59	1195.86	1	2	8	9	10	15	16	29	30	35	36	37	38	41	43	45	46	47	48	62	#
60	1186.97	23	28	29	30	31	32	33	35	36	37	38	41	42	43	44	45	46	47	48	62	#
61	1156.76	2	14	23	25	26	29	30	31	32	35	36	37	38	42	43	44	45	46	47	62	#
62	1153.57	3	4	7	8	9	10	11	12	14	16	17	18	19	20	24	25	26	27	41	62	#
63	1711.27	4	5	6	7	8	11	12	13	17	18	19	20	24	25	26	27	29	30	31	32	33	34	39	40	41	47	48	63	#
64	1710.66	8	9	10	15	16	17	18	20	23	24	26	27	29	30	31	32	33	36	38	39	40	41	44	45	46	47	48	63	#
65	1641.49	4	6	11	13	14	17	18	19	20	21	23	25	26	27	28	29	30	31	32	33	34	38	39	40	45	46	47	63	#
66	1628.2	0	1	2	3	4	7	8	9	10	11	12	14	15	16	17	18	19	20	21	22	24	26	27	28	29	30	31	63	#
67	1624.53	4	6	11	12	13	17	18	19	20	23	24	25	26	27	30	31	32	33	34	38	39	40	41	44	45	46	47	63	#
68	1610.12	3	4	10	11	12	13	17	18	19	20	23	24	25	26	27	29	30	31	32	33	34	38	39	40	45	46	47	63	#
69	412.848	11	17	18	19	20	25	27	64	#
70	508.373	12	17	18	19	20	25	27	64	#
71	508.003	12	13	17	18	19	20	26	64	#
72	436.861	17	18	19	20	25	32	35	64	#
73	285.434	5	6	10	11	12	13	20	64	#
74	260.518	11	17	18	19	24	25	32	64	#
75	1077.65	19	20	25	26	27	31	32	33	34	37	38	39	40	41	45	46	47	48	65	#
76	1338.25	19	20	26	27	30	31	32	33	34	36	37	38	39	42	43	44	45	46	65	#
77	1278.48	9	15	16	17	18	19	20	23	24	25	27	30	31	32	33	34	39	40	65	#
78	1278.32	4	20	22	26	27	32	33	34	37	39	40	41	43	44	45	46	47	48	65	#
79	1255.96	17	18	19	20	26	27	30	31	33	34	37	38	39	40	45	46	47	48	65	#
80	1206.63	20	26	27	32	33	34	36	37	38	39	40	41	43	44	45	46	47	48	65	#
81	151.465	2	9	15	16	66	#
82	141.873	2	8	9	10	66	#
83	569.453	0	2	4	7	8	9	10	11	15	16	17	18	19	23	24	25	32	67	#
84	836.173	6	10	11	12	13	19	26	27	32	33	34	37	39	44	45	46	47	67	#
85	830.335	2	8	9	10	11	15	16	17	18	19	23	24	30	37	40	44	47	67	#
86	797.853	0	1	2	7	8	9	14	15	16	21	22	23	28	29	30	35	36	67	#
87	793.376	16	23	24	28	29	30	31	35	36	38	39	40	44	45	46	47	51	67	#
88	790.335	0	1	2	7	8	9	10	15	16	23	24	29	30	31	37	38	44	67	#
89	100.827	36	43	68	#
90	105.655	35	36	68	#
91	82.7625	15	16	#
92	1373.91	9	12	13	16	19	20	24	25	26	27	31	32	33	37	38	39	40	44	45	46	47	69	#
93	1568.12	12	19	20	23	24	25	26	27	31	32	33	34	37	38	39	40	41	45	46	47	48	69	#
94	1530.25	3	4	19	20	25	26	27	31	32	33	36	37	38	39	40	41	44	45	46	47	48	69	#
95	1514.55	16	19	23	24	26	27	30	31	32	33	34	37	38	39	40	41	44	45	46	47	48	69	#
96	1471.67	0	5	12	13	17	19	20	23	24	25	26	27	31	32	33	39	40	41	46	47	48	69	#
97	1471.6	8	9	12	15	16	17	18	19	20	23	24	25	29	30	31	32	36	37	38	43	45	69	#
98	192.328	3	4	70	#
99	141.054	3	10	70	#
100	129.126	4	11	70	#
101	1311.13	2	3	4	5	6	8	9	10	11	12	15	16	23	24	28	29	30	31	35	36	37	38	71	#
102	1454.91	0	11	12	19	20	23	25	26	27	30	31	32	35	36	37	38	39	43	44	45	46	49	71	#
103	1322.56	8	9	15	16	17	23	24	28	29	30	31	32	33	35	36	37	38	42	43	44	45	46	71	#
104	1300.96	9	10	14	16	17	21	22	23	24	28	29	30	31	35	36	37	38	42	43	44	45	46	71	#
105	1273.76	0	1	2	3	4	8	9	10	11	12	15	16	18	19	20	23	24	25	27	30	31	32	71	#
106	1250.68	14	16	21	22	23	24	28	29	30	31	35	36	37	38	40	42	43	44	45	46	47	48	71	#
107	1319.17	14	16	17	21	22	23	24	25	28	29	30	31	32	35	36	37	38	42	43	44	45	46	72	#
108	1466.85	1	2	3	4	6	8	9	10	11	13	16	17	18	19	20	23	24	25	26	27	30	34	72	#
109	1410.54	6	13	20	26	27	28	29	30	31	32	35	36	37	38	39	40	42	43	44	45	46	47	72	#
110	1400.38	6	13	20	26	27	29	30	31	32	33	34	35	36	37	38	40	42	43	44	45	46	47	72	#
111	1394.71	17	18	19	23	24	25	26	27	29	30	31	32	33	34	36	37	38	39	43	44	45	46	72	#
112	1379.56	8	9	13	15	16	17	18	19	20	23	24	25	26	27	30	31	32	39	40	46	47	51	72	#
113	136.379	47	48	#
114	526.392	3	5	9	10	11	12	16	19	41	48	73	#
115	682.761	33	38	39	40	41	44	45	46	47	48	73	#
116	586.956	32	33	38	39	40	41	45	46	47	48	73	#
117	557.852	5	10	11	12	19	20	40	45	46	47	73	#
118	471.749	3	4	5	9	10	11	12	16	19	20	73	#
119	462.673	3	4	5	10	11	12	17	18	19	25	73	#
120	442.487	21	28	29	35	36	37	38	43	45	74	#
121	612.363	14	21	28	29	30	35	36	42	43	74	#
122	582.63	23	29	30	35	36	37	38	43	44	74	#
123	550.936	7	14	21	22	23	28	29	30	35	74	#
124	543.123	8	9	10	21	25	28	29	35	36	74	#
125	513.09	18	25	28	29	35	36	37	43	44	74	#
126	143.235	7	8	75	#
127	147.344	8	15	75	#
128	102.832	7	14	75	#
129	2537.84	1	2	4	5	6	7	8	9	10	11	12	13	14	15	16	17	18	19	20	21	22	23	24	25	26	27	28	29	30	31	32	33	34	35	36	38	39	40	42	43	44	45	76	#
130	2659.86	4	5	6	7	8	9	10	11	12	13	15	16	17	18	19	20	21	23	24	25	26	27	28	29	30	31	32	33	34	35	36	37	38	39	40	41	42	43	45	46	47	48	76	#
131	2633.34	1	3	4	5	6	8	9	10	11	12	13	14	15	16	17	18	19	20	21	23	24	25	26	27	28	29	30	31	32	33	34	35	36	38	39	40	41	42	43	46	47	48	76	#
132	2614.37	3	4	5	6	7	9	10	11	12	13	16	17	18	19	20	21	23	24	25	26	27	28	29	30	31	32	33	34	35	36	37	38	39	40	41	42	43	44	45	46	47	48	76	#
133	2600.45	3	4	5	6	8	9	10	11	12	13	16	17	18	19	20	21	23	24	25	26	27	28	29	30	31	32	33	34	35	36	37	38	39	40	41	43	44	45	46	47	48	51	76	#
134	2586.47	3	4	5	6	8	9	10	11	12	13	14	15	16	17	18	19	20	21	23	24	25	26	27	28	29	30	31	32	33	34	35	36	37	38	39	40	42	43	44	45	47	50	76	#
135	527.141	14	21	22	28	29	35	36	37	77	#
136	631.485	23	29	30	31	35	36	42	43	77	#
137	600.289	14	21	22	28	29	30	36	37	77	#
138	534.796	14	21	28	29	30	35	36	43	77	#
139	533.929	21	28	29	30	31	35	36	42	77	#
140	517.03	14	21	22	28	29	30	35	42	77	#
141	749.21	11	12	17	18	19	20	27	34	78	#
142	733.08	6	12	13	19	20	40	47	48	78	#
143	716.294	11	12	13	18	19	20	27	34	78	#
144	640.91	5	11	12	18	19	20	26	27	78	#
145	515.931	9	10	11	18	19	20	25	27	78	#
146	514.597	18	19	20	26	32	33	34	40	78	#
147	445.642	0	1	2	7	8	9	37	38	44	45	46	79	#
148	603.643	36	37	38	41	42	43	44	45	46	47	48	79	#
149	567.444	16	23	24	30	31	37	38	43	44	45	46	79	#
150	564.959	1	2	7	8	9	10	16	23	24	29	30	79	#
151	541.382	17	18	24	29	30	31	37	38	44	45	46	79	#
152	514.495	0	1	2	8	9	16	17	23	24	30	31	79	#
153	130.597	0	1	2	8	80	#
154	188.297	2	8	9	15	80	#
155	142.142	0	1	7	8	80	#
156	400.206	16	17	23	24	30	39	81	#
157	396.964	16	23	24	29	30	43	81	#
158	388.843	23	29	30	31	36	38	81	#
159	371.324	8	9	15	16	23	24	81	#
160	327.082	9	10	16	23	29	30	81	#
161	296.275	16	17	18	23	24	31	81	#
162	785.625	0	1	2	7	8	9	14	15	16	21	23	24	29	30	36	82	#
163	1029.36	21	22	23	28	29	30	31	35	36	37	38	42	43	44	45	82	#
164	969.987	14	21	22	23	24	28	29	30	31	35	36	37	38	42	43	82	#
165	930.574	9	16	21	22	23	24	28	29	30	31	32	35	36	42	43	82	#
166	916.013	11	17	18	23	24	25	29	30	31	32	33	34	38	39	40	82	#
167	907.648	14	21	24	28	29	30	31	32	35	36	37	38	43	44	45	82	#
168	186.086	23	30	#
169	108.438	49	#
170	469.426	17	18	19	26	27	32	83	#
171	537.952	26	31	32	36	37	38	83	#
172	369.724	18	25	26	30	31	32	83	#
173	326.005	18	19	20	26	27	34	83	#
174	295.385	12	13	17	18	19	25	83	#
175	216.69	11	17	18	19	24	25	83	#
176	122.79	11	18	19	26	33	84	#
177	128.701	10	11	18	19	25	84	#
178	773.79	0	1	2	3	4	7	8	9	10	11	15	16	17	18	19	23	24	31	47	48	85	#
179	1071.24	3	4	5	10	11	12	13	17	18	19	20	25	26	27	32	34	39	40	47	48	85	#
180	1029.77	2	3	4	5	6	9	10	11	12	13	16	18	19	20	23	25	26	27	32	34	85	#
181	1028.24	3	4	5	6	7	9	10	11	12	13	14	15	16	19	20	23	24	26	29	30	85	#
182	1016.94	1	3	4	5	6	7	8	9	10	11	12	13	14	16	18	19	20	26	27	34	85	#
183	892.208	0	1	2	3	4	7	8	9	10	11	14	15	16	19	20	21	23	28	39	44	85	#
184	352.822	20	35	36	37	86	#
185	291.406	20	26	27	32	86	#
186	284.113	28	29	30	35	86	#
187	254.315	29	36	37	45	86	#
188	121.672	9	10	16	37	86	#
189	1014.27	10	12	19	20	25	26	27	31	32	33	34	38	39	40	44	87	#
190	1022.72	19	20	26	27	33	34	36	37	39	40	41	44	46	47	48	87	#
191	981.276	12	13	16	19	20	24	25	26	27	30	31	32	34	38	51	87	#
192	939.406	5	12	13	18	19	20	26	27	32	33	39	40	41	47	48	87	#
193	933.589	7	8	9	16	17	19	23	24	26	27	31	32	33	39	40	87	#
194	866.1	6	12	13	17	19	20	25	26	27	29	30	32	33	34	40	87	#
195	611.999	4	11	12	19	20	27	34	88	#
196	563.938	12	18	19	20	25	27	34	88	#
197	529.313	20	26	27	32	33	34	41	88	#
198	500.29	20	25	26	27	32	33	34	88	#
199	443.629	4	11	12	13	17	18	44	88	#
200	438.414	3	4	8	9	10	11	15	88	#
