%% File generated by CATS v.2.1Thu May  9 12:50:22 2024

%% The CATS webpage is http://robotics.stanford.edu/CATS

%% PARAMETER SETTINGS:
% Goods: 52; Bids: 200; Distribution: regions; Runs: 1; Seed: 11
% Regions Distribution Parameters:
% Max Substitutable Bids = 5
% Removing HV Neighbor   = 0.1
% Adding DIAG Neighbor   = 0.2
% Additional Location    = 0.9
% Jump Probability       = 0.05
% Additivity             = 0.2
% Budget Factor          = 1.5
% Resale Factor          = 0.5
% Normal Private Value:
%   Mean                 = 0
%   Standard Deviation   = 30



goods 52
bids 202
dummy 37

0	736.434	1	2	4	5	9	10	12	17	22	29	43	49	52	#
1	873.307	2	3	9	10	16	17	29	30	31	36	37	38	52	#
2	812.634	7	9	14	15	16	17	21	22	23	29	45	46	52	#
3	778.545	0	1	2	3	4	7	8	9	10	14	15	21	52	#
4	705.421	30	31	35	36	37	38	39	42	43	44	45	47	52	#
5	686.569	1	2	3	4	5	6	9	10	11	12	16	17	52	#
6	273.877	21	22	28	35	36	53	#
7	349.515	21	22	23	31	35	53	#
8	293.031	21	28	35	36	43	53	#
9	263.64	7	14	15	21	22	53	#
10	255.846	21	22	28	29	35	53	#
11	224.094	21	28	35	36	37	53	#
12	63.3134	5	6	54	#
13	82.5237	6	13	54	#
14	1032.13	16	22	23	28	29	30	31	32	35	36	37	38	39	43	44	45	55	#
15	1163.49	5	15	16	21	22	28	29	30	35	36	37	42	43	44	45	46	55	#
16	1113.77	28	29	30	32	35	36	37	39	40	41	42	43	44	45	46	47	55	#
17	1021.92	1	8	9	14	15	16	21	22	23	28	29	35	36	37	45	46	55	#
18	1018.53	14	21	22	23	29	30	31	32	37	38	39	40	43	44	45	46	55	#
19	989.081	12	17	18	19	20	25	26	30	31	32	39	40	42	43	45	46	55	#
20	36.2203	49	#
21	2075.98	1	3	5	6	8	9	10	11	12	13	14	15	16	17	18	19	20	21	22	23	24	25	26	27	30	31	32	33	34	37	39	40	41	43	44	45	46	47	56	#
22	2328.74	3	4	5	6	10	11	12	13	14	16	18	19	20	21	22	23	24	25	26	27	29	30	31	32	34	35	36	37	38	39	40	41	42	43	44	45	46	47	56	#
23	2269.14	2	3	6	7	10	11	12	13	14	15	16	17	18	19	20	21	22	23	24	25	26	29	30	31	32	33	34	35	36	37	38	39	40	41	44	45	46	47	56	#
24	2261.45	3	6	10	11	12	13	16	17	18	19	20	21	22	23	25	26	27	29	30	31	32	33	34	35	36	37	38	39	40	41	42	43	44	45	46	47	48	50	56	#
25	2259.84	0	1	2	3	4	5	6	8	9	10	11	12	13	16	17	18	19	20	23	24	25	26	27	30	31	32	33	34	35	36	37	39	40	41	44	45	46	47	56	#
26	2242.61	1	2	4	5	6	7	8	9	12	13	14	16	18	19	20	21	22	23	24	25	26	27	28	30	31	32	33	34	35	37	38	39	40	41	44	45	46	47	56	#
27	545.466	15	16	23	30	31	38	39	45	46	57	#
28	603.496	1	2	3	4	9	10	11	15	16	57	#
29	544.746	10	16	17	22	23	30	31	35	36	57	#
30	515.732	12	18	19	20	26	27	39	40	46	57	#
31	497.474	19	20	23	26	30	31	36	37	51	57	#
32	432.136	24	25	31	32	39	40	41	46	47	57	#
33	408.247	0	1	2	9	58	#
34	393.829	1	2	3	9	58	#
35	361.75	0	1	7	9	58	#
36	237.483	0	7	15	22	58	#
37	314.088	2	3	9	16	59	#
38	299.664	16	23	31	32	59	#
39	264.71	8	9	10	17	59	#
40	256.149	1	2	9	10	59	#
41	231.938	3	4	10	17	59	#
42	240.581	2	3	9	10	11	60	#
43	259.035	9	10	16	17	18	60	#
44	171.898	3	9	10	11	18	60	#
45	57.419	3	10	11	17	18	60	#
46	474.481	7	8	14	15	21	22	23	28	29	31	32	61	#
47	645.4	23	24	25	30	31	32	37	38	40	45	47	61	#
48	585.737	28	29	31	32	35	36	37	38	39	43	46	61	#
49	579.174	0	1	2	3	7	8	9	10	11	14	15	61	#
50	552.077	1	2	7	8	9	14	15	16	21	22	23	61	#
51	494.718	7	14	15	21	22	29	30	35	36	37	44	61	#
52	349.887	32	38	39	40	46	47	62	#
53	368.903	3	38	39	40	41	47	62	#
54	368.856	32	33	39	40	46	47	62	#
55	363.587	38	43	44	45	46	47	62	#
56	329.727	24	31	37	38	44	45	62	#
57	317.175	25	32	39	41	46	47	62	#
58	96.8017	25	26	63	#
59	116.838	26	27	63	#
60	85.7201	18	25	63	#
61	426.681	4	10	18	19	20	26	64	#
62	540.535	0	1	8	12	18	19	64	#
63	446.881	12	13	19	20	26	27	64	#
64	365.404	10	11	17	18	19	25	64	#
65	336.19	12	18	19	20	26	27	64	#
66	296.74	19	25	26	32	39	47	64	#
67	943.425	17	19	23	24	25	26	27	30	31	32	33	34	37	38	39	40	41	43	44	45	65	#
68	1294.7	1	2	3	4	8	10	11	15	18	30	31	32	37	38	39	40	44	45	46	47	65	#
69	1273.61	1	2	3	4	7	9	10	13	14	15	16	17	31	32	39	40	42	43	44	47	65	#
70	1248.84	2	3	4	9	10	11	12	16	17	18	19	24	25	26	27	33	37	45	46	51	65	#
71	1208.71	2	4	5	6	9	10	11	12	18	19	21	22	23	24	25	26	27	29	31	48	65	#
72	1207.74	7	10	12	15	17	18	19	25	30	32	33	37	40	41	42	43	44	45	46	47	65	#
73	1018.06	14	21	22	23	24	28	29	30	31	32	33	37	38	42	43	44	45	66	#
74	1311.72	2	3	4	7	8	9	10	11	15	16	17	18	19	23	25	44	45	66	#
75	1257.92	2	9	10	15	16	17	22	23	28	29	30	31	35	36	37	42	43	66	#
76	1215.43	1	2	9	11	15	16	17	18	21	22	23	24	28	30	31	32	38	66	#
77	1175.53	16	17	21	22	23	28	29	30	31	36	37	38	42	43	44	45	46	66	#
78	1145.64	1	7	8	9	10	14	15	16	21	22	23	29	30	31	37	38	44	66	#
79	277.808	18	24	25	26	27	31	32	67	#
80	406.66	31	32	39	40	41	47	48	67	#
81	379.89	25	26	32	39	40	41	47	67	#
82	361.318	20	24	25	26	27	34	41	67	#
83	322.749	17	23	24	30	31	32	34	67	#
84	283.08	24	25	26	31	32	33	34	67	#
85	937.538	0	1	3	7	8	9	10	14	15	16	21	22	23	27	28	34	68	#
86	1214.44	26	27	32	33	34	36	37	38	39	40	41	45	46	47	48	51	68	#
87	1171.41	0	1	2	7	8	9	14	15	22	23	29	30	36	38	40	47	68	#
88	1132.29	2	3	4	9	10	11	16	18	22	23	30	31	32	38	45	48	68	#
89	1124.12	7	9	15	16	17	22	23	30	31	35	36	37	38	43	44	45	68	#
90	1123.79	25	26	27	31	32	33	34	38	39	40	41	44	45	46	47	48	68	#
91	456.017	1	2	9	10	69	#
92	408.991	0	1	2	9	69	#
93	360.581	1	2	9	39	69	#
94	299.23	2	7	8	9	69	#
95	272.428	4	9	10	11	69	#
96	477.183	22	28	29	35	36	42	43	44	49	70	#
97	573.236	15	21	22	23	28	29	30	35	49	70	#
98	513.782	28	29	35	36	42	43	44	45	51	70	#
99	427.899	14	15	21	22	23	24	28	30	31	70	#
100	419.557	7	8	9	16	25	28	29	35	36	70	#
101	409.06	0	7	8	14	15	21	22	23	28	70	#
102	417.388	8	14	15	21	28	29	35	36	71	#
103	543.257	0	2	7	9	10	14	15	17	71	#
104	534.92	2	7	8	9	14	15	16	21	71	#
105	526.161	30	31	35	36	37	38	43	44	71	#
106	489.897	9	14	15	16	21	22	23	29	71	#
107	417.135	15	21	22	28	29	35	36	37	71	#
108	737.255	4	5	6	10	11	12	13	18	19	20	26	27	34	50	72	#
109	903.042	0	1	7	8	10	12	13	15	18	19	22	26	29	33	72	#
110	814.38	0	1	2	4	7	8	9	10	11	14	15	18	49	50	72	#
111	807.419	1	2	3	4	5	9	10	11	12	13	16	17	18	45	72	#
112	785.04	2	3	4	5	10	11	12	13	18	19	20	26	27	34	72	#
113	743.687	4	5	6	10	11	12	13	17	18	19	25	26	27	32	72	#
114	38.5156	21	#
115	1170.34	2	6	7	8	9	10	13	14	15	16	17	18	23	24	30	31	36	37	38	49	73	#
116	1270.91	0	1	2	3	7	8	9	10	14	15	16	21	22	23	24	30	31	37	38	45	73	#
117	1258.14	0	1	2	3	4	7	8	9	10	11	14	15	16	21	22	23	27	29	33	34	73	#
118	1206.55	2	3	4	9	10	11	15	16	17	18	21	22	23	24	30	31	37	38	44	45	73	#
119	1202.55	0	2	4	5	6	7	8	9	10	11	13	15	16	18	25	26	28	29	30	31	73	#
120	1147.86	9	16	17	22	23	29	31	32	33	34	35	36	37	38	39	40	41	44	45	46	73	#
121	38.0667	50	#
122	864.397	2	3	9	10	16	17	18	23	24	30	31	37	74	#
123	840.032	0	1	2	3	8	9	10	11	15	18	19	25	74	#
124	757.7	21	22	23	28	29	30	31	35	36	37	38	45	74	#
125	734.698	0	1	2	3	7	9	10	16	17	36	43	46	74	#
126	729.169	0	1	2	3	4	7	8	9	10	15	16	17	74	#
127	726.032	0	3	9	10	11	12	15	16	17	18	19	25	74	#
128	53.903	43	#
129	101.713	7	15	75	#
130	128.944	2	7	75	#
131	73.9375	15	16	75	#
132	1244.97	0	1	2	3	4	5	7	8	9	10	11	12	13	14	15	16	17	18	19	21	22	28	29	36	76	#
133	1578.55	0	1	2	7	8	9	10	15	16	18	22	23	24	25	26	28	29	30	31	35	36	37	38	44	76	#
134	1535.63	1	9	15	16	21	22	23	27	28	29	30	31	32	34	35	36	37	38	39	40	41	42	43	44	76	#
135	1485.8	0	1	2	7	8	9	10	11	14	15	16	18	19	21	23	24	25	26	28	29	30	35	36	44	76	#
136	1375.9	20	22	23	24	26	27	28	29	30	31	32	33	34	35	36	37	38	39	40	41	44	45	47	50	76	#
137	1365.82	0	1	2	3	7	8	9	10	14	15	16	17	21	22	23	28	29	35	36	37	42	43	44	45	76	#
138	143.333	26	27	33	77	#
139	193.691	26	27	34	77	#
140	127.804	18	19	26	77	#
141	104.379	26	32	33	77	#
142	67.4302	33	#
143	80.0182	40	#
144	251.164	5	10	11	12	18	25	78	#
145	306.609	1	9	10	11	17	18	78	#
146	304.298	4	5	6	11	12	13	78	#
147	288.265	4	5	11	12	13	18	78	#
148	201.996	9	10	17	18	24	25	78	#
149	198.268	5	6	11	12	13	20	78	#
150	194.617	22	29	79	#
151	134.137	15	22	79	#
152	126.393	21	29	79	#
153	241.97	29	35	36	80	#
154	124.322	21	28	29	80	#
155	115.52	35	36	43	80	#
156	151.243	46	#
157	492.508	10	11	12	13	18	19	20	23	24	25	26	27	30	31	33	34	81	#
158	690.315	2	3	4	8	9	10	11	16	17	18	22	23	24	25	30	31	81	#
159	683.421	1	2	5	8	9	10	11	12	13	16	17	18	19	20	22	23	81	#
160	643.083	2	3	4	10	11	12	15	18	19	21	22	26	27	29	33	36	81	#
161	637.512	12	19	20	24	26	27	30	31	32	33	34	38	40	41	46	47	81	#
162	597.732	10	12	18	19	20	25	26	27	30	31	32	33	34	41	47	49	81	#
163	200.895	44	45	82	#
164	149.079	7	45	82	#
165	22.2328	11	12	19	#
166	1162.51	1	2	3	4	5	6	7	8	9	10	11	12	13	14	15	16	17	18	19	23	24	83	#
167	1460.24	0	1	2	7	8	9	10	14	15	16	17	18	21	22	23	24	25	29	31	32	48	83	#
168	1398.57	0	1	2	3	4	7	8	9	10	11	12	14	15	16	18	21	22	23	28	30	35	83	#
169	1397.43	1	2	3	4	5	7	8	9	10	14	15	16	17	21	22	29	42	43	44	45	51	83	#
170	1370.8	0	1	2	3	4	7	8	9	10	14	15	16	17	21	22	23	28	29	36	43	46	83	#
171	1334.93	1	2	3	4	9	10	11	12	17	18	19	20	25	26	27	32	33	34	41	42	43	83	#
172	565.955	22	28	29	30	36	37	38	43	44	45	84	#
173	666.737	9	10	24	25	31	37	38	39	44	45	84	#
174	636.676	29	30	35	36	37	38	43	44	45	46	84	#
175	626.621	29	30	35	36	37	38	42	43	44	45	84	#
176	595.1	7	9	15	16	17	18	21	22	29	36	84	#
177	585.346	21	28	29	36	37	42	43	44	45	46	84	#
178	1214.03	7	8	9	14	15	21	22	26	27	29	30	31	34	35	36	37	38	43	44	45	85	#
179	1244.45	0	1	2	3	7	8	9	14	15	16	17	21	22	28	29	35	39	41	46	47	85	#
180	1179.4	0	1	7	14	15	16	21	22	23	28	29	30	35	36	37	38	41	43	45	48	85	#
181	1166.18	0	1	2	3	4	7	8	9	10	11	14	15	21	22	28	29	35	36	37	42	85	#
182	1166.18	14	21	22	23	24	28	29	30	31	35	36	37	38	39	42	43	44	45	46	47	85	#
183	1135.11	0	1	2	7	8	9	14	15	16	17	18	20	21	22	23	28	29	30	35	36	85	#
184	1209.84	9	16	17	18	24	25	27	30	31	32	33	34	37	38	39	40	41	42	43	44	46	47	48	50	86	#
185	1426.3	9	15	16	21	22	23	24	28	29	30	31	32	35	36	37	39	40	41	42	43	44	45	46	47	86	#
186	1409.87	9	16	21	23	28	29	30	31	32	34	35	36	37	38	39	40	41	42	43	44	45	46	47	50	86	#
187	1399.69	2	4	9	10	11	18	19	20	24	25	29	30	31	32	33	36	37	38	39	42	43	44	45	46	86	#
188	1373.85	1	2	3	4	7	8	9	10	11	15	16	18	25	30	34	36	37	38	41	42	43	44	45	48	86	#
189	1373.11	15	16	22	23	24	28	29	30	31	32	33	34	35	36	37	38	40	41	42	43	44	45	46	47	86	#
190	487.205	3	4	5	11	12	17	18	19	20	25	26	27	87	#
191	705.359	4	5	9	10	11	12	13	19	20	27	33	34	87	#
192	671.881	18	19	20	25	26	27	32	34	36	40	41	43	87	#
193	596.363	19	20	24	25	26	27	31	32	33	34	38	41	87	#
194	595.709	4	5	10	11	15	16	17	22	23	24	30	31	87	#
195	551.549	4	5	6	9	10	11	12	18	19	20	24	25	87	#
196	398.776	3	4	5	6	11	12	18	19	20	88	#
197	570.303	3	4	5	10	11	12	13	18	25	88	#
198	565.894	3	4	5	10	11	12	13	18	20	88	#
199	463.929	4	5	6	10	11	12	13	19	20	88	#
200	405.337	11	12	13	18	19	25	26	27	32	88	#
201	330.466	18	19	20	24	25	26	27	32	33	88	#
