%% File generated by CATS v.2.1Thu May  9 13:09:08 2024

%% The CATS webpage is http://robotics.stanford.edu/CATS

%% PARAMETER SETTINGS:
% Goods: 52; Bids: 200; Distribution: scheduling; Runs: 1; Seed: 56
% Scheduling Distribution Parameters:
% max_length                = 10
% deviation                 = 0.500000
% prob_additional_deadline  = 0.700000
% additivity                = 0.200000



goods 52
bids 207
dummy 7

0	9.8069	0	1	2	3	4	5	6	52	#
1	9.8069	1	2	3	4	5	6	7	52	#
2	9.8069	2	3	4	5	6	7	8	52	#
3	9.8069	3	4	5	6	7	8	9	52	#
4	9.8069	4	5	6	7	8	9	10	52	#
5	9.8069	5	6	7	8	9	10	11	52	#
6	9.8069	6	7	8	9	10	11	12	52	#
7	9.8069	7	8	9	10	11	12	13	52	#
8	9.8069	8	9	10	11	12	13	14	52	#
9	9.8069	9	10	11	12	13	14	15	52	#
10	9.8069	10	11	12	13	14	15	16	52	#
11	9.8069	11	12	13	14	15	16	17	52	#
12	9.8069	12	13	14	15	16	17	18	52	#
13	9.8069	13	14	15	16	17	18	19	52	#
14	9.8069	14	15	16	17	18	19	20	52	#
15	9.8069	15	16	17	18	19	20	21	52	#
16	9.8069	16	17	18	19	20	21	22	52	#
17	9.8069	17	18	19	20	21	22	23	52	#
18	9.8069	18	19	20	21	22	23	24	52	#
19	9.8069	19	20	21	22	23	24	25	52	#
20	9.8069	20	21	22	23	24	25	26	52	#
21	9.8069	21	22	23	24	25	26	27	52	#
22	9.8069	22	23	24	25	26	27	28	52	#
23	4.70601	0	1	2	3	4	53	#
24	4.70601	1	2	3	4	5	53	#
25	4.70601	2	3	4	5	6	53	#
26	4.70601	3	4	5	6	7	53	#
27	4.70601	4	5	6	7	8	53	#
28	4.70601	5	6	7	8	9	53	#
29	2.64713	6	7	8	9	10	53	#
30	2.64713	7	8	9	10	11	53	#
31	2.64713	8	9	10	11	12	53	#
32	2.64713	9	10	11	12	13	53	#
33	2.64713	10	11	12	13	14	53	#
34	2.64713	11	12	13	14	15	53	#
35	2.64713	12	13	14	15	16	53	#
36	2.22916	13	14	15	16	17	53	#
37	2.22916	14	15	16	17	18	53	#
38	2.22916	15	16	17	18	19	53	#
39	0.984978	16	17	18	19	20	53	#
40	0.984978	17	18	19	20	21	53	#
41	0.984978	18	19	20	21	22	53	#
42	0.984978	19	20	21	22	23	53	#
43	0.984978	20	21	22	23	24	53	#
44	0.984978	21	22	23	24	25	53	#
45	0.984978	22	23	24	25	26	53	#
46	0.984978	23	24	25	26	27	53	#
47	0.984978	24	25	26	27	28	53	#
48	0.984978	25	26	27	28	29	53	#
49	0.984978	26	27	28	29	30	53	#
50	0.984978	27	28	29	30	31	53	#
51	0.984978	28	29	30	31	32	53	#
52	0.984978	29	30	31	32	33	53	#
53	0.984978	30	31	32	33	34	53	#
54	0.984978	31	32	33	34	35	53	#
55	0.984978	32	33	34	35	36	53	#
56	0.984978	33	34	35	36	37	53	#
57	0.984978	34	35	36	37	38	53	#
58	0.984978	35	36	37	38	39	53	#
59	0.984978	36	37	38	39	40	53	#
60	0.984978	37	38	39	40	41	53	#
61	0.984978	38	39	40	41	42	53	#
62	0.984978	39	40	41	42	43	53	#
63	6.91144	0	1	2	3	54	#
64	6.91144	1	2	3	4	54	#
65	6.91144	2	3	4	5	54	#
66	6.91144	3	4	5	6	54	#
67	6.91144	4	5	6	7	54	#
68	6.91144	5	6	7	8	54	#
69	6.91144	6	7	8	9	54	#
70	6.91144	7	8	9	10	54	#
71	6.91144	8	9	10	11	54	#
72	6.91144	9	10	11	12	54	#
73	6.91144	10	11	12	13	54	#
74	6.91144	11	12	13	14	54	#
75	6.91144	12	13	14	15	54	#
76	6.91144	13	14	15	16	54	#
77	6.91144	14	15	16	17	54	#
78	13.544	0	1	2	3	4	5	6	7	55	#
79	13.544	1	2	3	4	5	6	7	8	55	#
80	13.544	2	3	4	5	6	7	8	9	55	#
81	13.544	3	4	5	6	7	8	9	10	55	#
82	13.544	4	5	6	7	8	9	10	11	55	#
83	13.544	5	6	7	8	9	10	11	12	55	#
84	13.544	6	7	8	9	10	11	12	13	55	#
85	13.544	7	8	9	10	11	12	13	14	55	#
86	13.544	8	9	10	11	12	13	14	15	55	#
87	13.544	9	10	11	12	13	14	15	16	55	#
88	13.544	10	11	12	13	14	15	16	17	55	#
89	13.544	11	12	13	14	15	16	17	18	55	#
90	13.544	12	13	14	15	16	17	18	19	55	#
91	13.544	13	14	15	16	17	18	19	20	55	#
92	13.544	14	15	16	17	18	19	20	21	55	#
93	13.544	15	16	17	18	19	20	21	22	55	#
94	13.544	16	17	18	19	20	21	22	23	55	#
95	13.544	17	18	19	20	21	22	23	24	55	#
96	13.544	18	19	20	21	22	23	24	25	55	#
97	13.544	19	20	21	22	23	24	25	26	55	#
98	13.544	20	21	22	23	24	25	26	27	55	#
99	13.544	21	22	23	24	25	26	27	28	55	#
100	13.544	22	23	24	25	26	27	28	29	55	#
101	13.544	23	24	25	26	27	28	29	30	55	#
102	13.544	24	25	26	27	28	29	30	31	55	#
103	13.544	25	26	27	28	29	30	31	32	55	#
104	13.544	26	27	28	29	30	31	32	33	55	#
105	13.544	27	28	29	30	31	32	33	34	55	#
106	13.544	28	29	30	31	32	33	34	35	55	#
107	13.544	29	30	31	32	33	34	35	36	55	#
108	13.544	30	31	32	33	34	35	36	37	55	#
109	13.544	31	32	33	34	35	36	37	38	55	#
110	13.544	32	33	34	35	36	37	38	39	55	#
111	12.5765	33	34	35	36	37	38	39	40	55	#
112	12.5765	34	35	36	37	38	39	40	41	55	#
113	12.5765	35	36	37	38	39	40	41	42	55	#
114	11.7381	36	37	38	39	40	41	42	43	55	#
115	11.7381	37	38	39	40	41	42	43	44	55	#
116	11.7381	38	39	40	41	42	43	44	45	55	#
117	10.7799	39	40	41	42	43	44	45	46	55	#
118	10.7799	40	41	42	43	44	45	46	47	55	#
119	10.7799	41	42	43	44	45	46	47	48	55	#
120	10.7799	42	43	44	45	46	47	48	49	55	#
121	2.73917	0	1	56	#
122	2.73917	1	2	56	#
123	2.73917	2	3	56	#
124	2.73917	3	4	56	#
125	2.73917	4	5	56	#
126	2.73917	5	6	56	#
127	2.73917	6	7	56	#
128	2.73917	7	8	56	#
129	2.73917	8	9	56	#
130	2.73917	9	10	56	#
131	2.73917	10	11	56	#
132	1.0761	11	12	56	#
133	1.0761	12	13	56	#
134	1.0761	13	14	56	#
135	1.0761	14	15	56	#
136	1.0761	15	16	56	#
137	1.0761	16	17	56	#
138	1.0761	17	18	56	#
139	1.0761	18	19	56	#
140	1.0761	19	20	56	#
141	1.0761	20	21	56	#
142	1.0761	21	22	56	#
143	1.0761	22	23	56	#
144	1.0761	23	24	56	#
145	1.0761	24	25	56	#
146	1.0761	25	26	56	#
147	1.0761	26	27	56	#
148	1.0761	27	28	56	#
149	1.00436	28	29	56	#
150	1.00436	29	30	56	#
151	20.1828	0	1	2	3	4	5	6	7	8	57	#
152	20.1828	1	2	3	4	5	6	7	8	9	57	#
153	20.1828	2	3	4	5	6	7	8	9	10	57	#
154	20.1828	3	4	5	6	7	8	9	10	11	57	#
155	20.1828	4	5	6	7	8	9	10	11	12	57	#
156	20.1828	5	6	7	8	9	10	11	12	13	57	#
157	20.1828	6	7	8	9	10	11	12	13	14	57	#
158	3.29293	0	1	2	3	58	#
159	3.29293	1	2	3	4	58	#
160	3.29293	2	3	4	5	58	#
161	3.29293	3	4	5	6	58	#
162	3.29293	4	5	6	7	58	#
163	3.29293	5	6	7	8	58	#
164	3.29293	6	7	8	9	58	#
165	3.29293	7	8	9	10	58	#
166	3.29293	8	9	10	11	58	#
167	3.29293	9	10	11	12	58	#
168	3.29293	10	11	12	13	58	#
169	3.29293	11	12	13	14	58	#
170	3.29293	12	13	14	15	58	#
171	3.29293	13	14	15	16	58	#
172	3.29293	14	15	16	17	58	#
173	3.29293	15	16	17	18	58	#
174	3.29293	16	17	18	19	58	#
175	3.29293	17	18	19	20	58	#
176	3.29293	18	19	20	21	58	#
177	3.29293	19	20	21	22	58	#
178	3.29293	20	21	22	23	58	#
179	3.29293	21	22	23	24	58	#
180	3.29293	22	23	24	25	58	#
181	3.29293	23	24	25	26	58	#
182	3.29293	24	25	26	27	58	#
183	3.29293	25	26	27	28	58	#
184	3.29293	26	27	28	29	58	#
185	3.29293	27	28	29	30	58	#
186	3.29293	28	29	30	31	58	#
187	3.29293	29	30	31	32	58	#
188	3.29293	30	31	32	33	58	#
189	3.29293	31	32	33	34	58	#
190	3.29293	32	33	34	35	58	#
191	3.29293	33	34	35	36	58	#
192	3.29293	34	35	36	37	58	#
193	3.29293	35	36	37	38	58	#
194	3.29293	36	37	38	39	58	#
195	3.29293	37	38	39	40	58	#
196	3.29293	38	39	40	41	58	#
197	3.29293	39	40	41	42	58	#
198	3.29293	40	41	42	43	58	#
199	3.29293	41	42	43	44	58	#
200	3.29293	42	43	44	45	58	#
201	3.29293	43	44	45	46	58	#
202	3.29293	44	45	46	47	58	#
203	3.29293	45	46	47	48	58	#
204	3.29293	46	47	48	49	58	#
205	3.29293	47	48	49	50	58	#
206	3.29293	48	49	50	51	58	#
