%% File generated by CATS v.2.1Thu May  9 12:39:00 2024

%% The CATS webpage is http://robotics.stanford.edu/CATS

%% PARAMETER SETTINGS:
% Goods: 40; Bids: 100; Distribution: arbitrary; Runs: 1; Seed: 47
% Arbitrary Distribution Parameters:
% Max Substitutable Bids = 5
% Removing HV Neighbor   = 0.1
% Adding DIAG Neighbor   = 0.2
% Additional Location    = 0.9
% Additivity             = 0.2
% Budget Factor          = 1.5
% Resale Factor          = 0.5
% Normal Private Value:
%   Mean                 = 0
%   Standard Deviation   = 30



goods 40
bids 102
dummy 19

0	51.8524	17	26	40	#
1	60.5292	26	34	40	#
2	1319.54	1	2	3	7	11	13	15	16	18	21	22	24	27	28	30	31	32	33	39	41	#
3	1261.32	1	2	3	7	9	10	11	12	15	16	17	18	21	22	24	28	31	32	34	41	#
4	1218.03	0	2	3	9	10	11	12	13	15	16	17	18	21	25	27	31	32	34	39	41	#
5	1207.84	1	2	3	4	9	11	13	14	16	21	22	24	27	29	30	31	32	34	39	41	#
6	1179.52	1	2	3	6	8	11	12	13	14	15	16	17	21	25	26	30	32	34	35	41	#
7	1159.38	0	2	3	8	10	11	13	14	15	17	18	21	22	23	25	26	27	29	31	41	#
8	897.36	0	1	7	8	10	14	17	20	26	28	29	30	32	35	38	39	42	#
9	1055.34	1	2	3	6	7	8	12	15	18	22	23	25	26	31	32	38	42	#
10	972.087	1	2	5	6	8	9	10	13	14	16	19	22	30	32	37	39	42	#
11	951.418	2	3	4	5	6	7	8	11	14	18	23	30	32	35	36	38	42	#
12	938.17	2	3	5	6	7	13	22	25	26	27	28	29	30	35	36	38	42	#
13	929.337	0	1	6	7	8	10	11	19	23	25	26	27	28	29	32	38	42	#
14	854.681	2	7	16	20	23	26	27	30	33	34	35	38	39	43	#
15	1011.29	1	3	4	7	11	15	20	25	26	28	30	32	39	43	#
16	979.689	4	7	11	15	17	25	26	30	31	32	33	34	35	43	#
17	922.682	0	2	5	7	21	23	27	30	31	32	34	38	39	43	#
18	914.968	1	4	5	8	15	19	20	21	26	31	33	34	38	43	#
19	891.489	0	1	3	4	7	10	11	25	28	31	32	35	39	43	#
20	116.244	12	37	44	#
21	147.092	12	28	44	#
22	118.824	7	37	44	#
23	1394.97	0	1	3	4	6	8	11	13	14	16	17	20	23	24	25	26	27	30	31	33	35	36	37	38	45	#
24	1723.92	0	2	3	8	9	11	13	14	16	18	19	20	24	27	28	29	31	32	33	34	35	36	38	39	45	#
25	1663.9	1	2	4	7	8	10	13	16	17	18	19	20	22	25	27	29	30	31	33	34	35	36	37	38	45	#
26	1647.67	1	2	3	9	11	13	14	16	17	18	22	23	24	25	26	28	29	30	33	34	35	36	38	39	45	#
27	1584.43	0	1	3	9	10	11	13	14	16	18	19	23	24	25	26	28	29	30	32	33	35	37	38	39	45	#
28	1581.34	0	1	4	6	11	13	16	18	19	20	22	23	24	25	27	28	30	31	32	33	34	36	37	38	45	#
29	812.128	0	1	6	9	11	19	20	21	22	23	26	30	31	33	36	37	46	#
30	1112.83	1	3	5	6	8	9	11	13	18	23	31	32	33	34	35	38	46	#
31	1064.02	0	3	5	6	8	9	10	13	14	18	19	20	26	29	33	34	46	#
32	999.285	0	3	4	6	9	11	13	15	19	20	21	26	27	33	35	37	46	#
33	974.306	0	1	3	4	6	9	11	16	19	20	21	22	23	28	32	34	46	#
34	947.327	0	5	6	8	11	13	14	20	22	24	25	26	29	32	35	37	46	#
35	397.994	21	28	32	33	47	#
36	260.462	2	24	32	38	47	#
37	217.344	0	20	21	25	47	#
38	169.358	5	17	23	28	47	#
39	127.415	1	8	12	33	47	#
40	700.271	0	5	8	9	12	17	26	27	28	29	32	34	35	37	39	48	#
41	969.814	2	3	4	5	8	9	10	15	16	18	28	30	37	38	39	48	#
42	919.495	0	3	5	6	10	13	14	15	17	26	27	28	29	32	36	48	#
43	882.351	1	3	5	7	10	13	15	16	23	24	26	28	30	37	38	48	#
44	862.4	1	3	4	12	16	17	18	19	24	26	28	33	36	37	39	48	#
45	836.26	1	4	10	11	15	16	18	19	25	29	30	32	34	36	37	48	#
46	179.41	6	7	18	23	36	39	#
47	845.628	4	5	13	14	17	19	25	32	33	34	37	38	49	#
48	911.043	2	5	6	11	15	16	20	25	27	34	37	38	49	#
49	847.862	1	2	5	10	11	12	21	25	27	33	34	37	49	#
50	806.73	1	2	3	9	12	16	19	20	22	34	36	38	49	#
51	799.591	0	5	9	13	16	17	18	19	25	34	37	39	49	#
52	729.596	3	4	9	14	25	26	27	30	33	35	36	37	49	#
53	72.4187	37	39	#
54	1096.28	1	2	3	4	7	8	9	12	13	17	19	22	24	25	28	30	31	32	34	35	37	38	50	#
55	1306.73	0	1	3	4	6	8	12	15	17	18	23	24	27	28	29	30	31	32	35	36	38	39	50	#
56	1291.77	0	3	4	6	8	9	12	14	15	16	18	20	22	24	27	28	30	32	33	34	35	38	50	#
57	1291.47	0	1	4	8	12	14	15	16	17	18	21	22	24	25	28	29	30	31	34	35	37	38	50	#
58	1280.9	0	1	3	4	6	7	8	11	14	16	17	18	20	21	24	26	28	31	33	34	35	38	50	#
59	1271.64	0	1	3	4	5	6	8	9	10	11	13	14	17	18	24	27	32	33	34	35	38	39	50	#
60	796.415	12	13	16	18	21	22	23	28	32	33	34	35	39	51	#
61	1073.08	2	3	8	17	18	19	22	24	28	31	32	35	38	51	#
62	932.547	0	1	2	16	17	19	24	31	32	34	35	38	39	51	#
63	896.34	2	4	8	10	16	22	25	28	31	32	33	35	38	51	#
64	838.908	2	11	12	16	17	18	21	23	26	31	32	35	39	51	#
65	834.486	2	3	12	16	22	24	25	26	27	28	34	36	39	51	#
66	892.624	0	1	7	10	12	13	15	21	22	24	25	26	28	30	31	32	35	36	37	38	52	#
67	1259.69	0	1	4	5	8	11	13	14	15	16	17	18	19	21	25	28	29	30	31	38	52	#
68	1201.05	0	1	5	7	11	12	13	14	15	16	18	21	24	27	29	30	31	36	37	38	52	#
69	1145.92	1	3	5	9	10	11	12	13	14	15	17	18	20	22	24	25	27	28	29	30	52	#
70	1118.64	0	1	4	9	11	12	13	15	17	18	19	20	24	28	29	30	33	34	36	38	52	#
71	1064.73	0	1	4	9	10	11	13	15	16	18	19	20	24	25	30	32	35	36	37	38	52	#
72	425.215	9	10	13	24	25	27	35	37	38	53	#
73	607.062	1	4	9	10	14	15	19	20	34	53	#
74	596.489	6	12	13	14	17	18	27	28	34	53	#
75	538.09	7	15	16	27	28	30	34	36	38	53	#
76	470.549	11	13	15	17	20	22	23	25	27	53	#
77	429.541	1	10	12	16	19	21	26	27	31	53	#
78	573.768	0	2	3	6	10	15	21	23	24	26	31	35	37	38	39	54	#
79	839.252	1	3	6	8	11	16	18	20	21	27	33	35	36	37	39	54	#
80	794.6	0	1	2	6	10	11	12	17	20	22	24	27	28	32	34	54	#
81	746.441	5	6	7	9	13	14	15	17	18	19	22	24	27	38	39	54	#
82	722.615	1	6	8	9	11	12	13	14	15	17	18	21	25	30	36	54	#
83	699.363	0	5	6	11	12	13	14	19	21	24	28	31	37	38	39	54	#
84	63.4221	12	23	#
85	278.547	2	11	32	55	#
86	240.044	2	4	22	55	#
87	155.905	6	27	32	55	#
88	117.72	11	23	27	55	#
89	553.134	2	3	4	8	9	12	13	14	22	34	36	56	#
90	731.496	2	3	11	12	14	15	18	23	25	27	37	56	#
91	697.055	8	10	16	18	19	27	30	31	36	37	38	56	#
92	640.679	2	3	4	6	8	11	14	15	16	22	25	56	#
93	553.24	4	6	12	14	19	20	22	25	29	34	38	56	#
94	548.779	3	6	8	11	13	24	27	30	34	37	39	56	#
95	191.274	3	10	29	57	#
96	142.063	3	6	20	57	#
97	115.276	2	10	20	57	#
98	131.882	15	30	33	58	#
99	126.577	15	32	34	58	#
100	102.825	19	33	34	58	#
101	73.5551	14	30	39	58	#
