%% File generated by CATS v.2.1Thu May  9 12:39:01 2024

%% The CATS webpage is http://robotics.stanford.edu/CATS

%% PARAMETER SETTINGS:
% Goods: 40; Bids: 100; Distribution: arbitrary; Runs: 1; Seed: 87
% Arbitrary Distribution Parameters:
% Max Substitutable Bids = 5
% Removing HV Neighbor   = 0.1
% Adding DIAG Neighbor   = 0.2
% Additional Location    = 0.9
% Additivity             = 0.2
% Budget Factor          = 1.5
% Resale Factor          = 0.5
% Normal Private Value:
%   Mean                 = 0
%   Standard Deviation   = 30



goods 40
bids 101
dummy 18

0	359.109	20	25	28	30	33	40	#
1	463.964	9	10	28	33	34	40	#
2	456.316	7	16	25	28	30	40	#
3	407.902	16	22	25	35	37	40	#
4	303.544	9	19	20	23	24	40	#
5	178.96	0	15	16	20	33	40	#
6	1803.1	1	2	3	4	5	6	7	8	9	13	14	15	16	19	20	21	25	26	27	33	34	35	36	37	39	41	#
7	1718.94	0	1	3	4	6	7	8	9	13	14	15	16	20	21	23	26	27	29	30	32	33	34	35	36	37	41	#
8	1689.26	1	3	4	5	6	7	8	9	10	13	14	15	16	18	20	21	25	26	29	31	32	33	34	36	37	41	#
9	1685.26	1	2	5	6	7	9	10	13	14	15	17	20	21	23	24	25	26	27	30	31	32	33	34	35	36	41	#
10	1665.14	0	2	3	4	5	6	7	8	9	13	15	16	18	19	21	23	24	26	27	29	30	31	35	37	39	41	#
11	1657.42	0	1	2	4	6	8	9	13	14	15	16	17	18	19	21	23	25	27	28	31	32	34	36	37	39	41	#
12	1266.05	2	6	7	10	11	13	14	15	17	18	19	22	23	25	26	27	30	38	39	42	#
13	1442.92	2	5	6	7	10	12	13	15	18	21	23	24	25	26	27	31	34	35	37	42	#
14	1305.45	2	4	6	7	9	10	12	13	14	15	20	21	25	28	29	30	32	33	35	42	#
15	1246.5	3	5	6	7	10	14	15	17	18	23	26	28	29	31	32	33	35	38	39	42	#
16	1228.82	0	1	2	6	9	13	14	15	16	17	23	25	27	28	30	31	34	35	39	42	#
17	1192.28	0	6	7	10	12	14	15	20	21	23	26	29	30	31	33	35	36	38	39	42	#
18	356.055	6	7	8	27	33	34	43	#
19	470.799	3	6	7	18	23	36	43	#
20	467.339	4	13	16	26	27	30	43	#
21	428.518	3	7	19	30	33	35	43	#
22	426.402	0	3	21	28	34	39	43	#
23	332.325	6	10	11	20	33	35	43	#
24	251.218	7	22	39	44	#
25	263.654	21	30	39	44	#
26	192.28	1	7	16	44	#
27	165.883	0	21	22	44	#
28	74.3439	23	#
29	72.7074	7	#
30	698.529	0	4	6	8	12	13	15	17	24	27	29	32	33	36	45	#
31	1029.5	0	6	13	16	17	21	22	23	24	27	31	32	34	35	45	#
32	1003.07	0	4	6	7	9	12	14	16	19	22	26	28	32	38	45	#
33	970.298	0	6	9	10	11	16	17	18	21	23	26	29	31	32	45	#
34	961.861	2	4	6	7	13	17	21	26	29	31	32	33	34	35	45	#
35	850.057	1	5	7	8	9	11	13	14	15	32	34	35	38	39	45	#
36	40.4827	30	#
37	370.398	0	5	12	18	28	32	46	#
38	457.576	0	12	23	24	28	34	46	#
39	454.765	5	9	10	24	26	37	46	#
40	439.022	4	8	12	15	17	35	46	#
41	393.222	7	11	17	25	31	32	46	#
42	374.953	5	10	17	18	19	39	46	#
43	746.323	6	10	11	12	13	14	16	18	23	32	33	36	47	#
44	906.535	2	6	11	13	14	16	22	27	30	33	35	36	47	#
45	872.917	1	2	3	9	12	13	15	22	24	30	34	39	47	#
46	814.392	7	10	11	14	16	22	23	24	25	27	35	38	47	#
47	808.564	5	9	10	12	15	16	20	21	22	28	33	36	47	#
48	755.573	0	3	9	10	12	18	19	20	21	26	32	38	47	#
49	2308.49	0	1	2	3	4	5	6	7	8	9	10	12	13	14	15	16	17	18	19	21	22	23	25	26	27	28	29	30	31	32	33	34	35	36	38	39	48	#
50	2262.12	0	1	2	3	4	5	6	7	9	10	12	13	14	15	16	17	18	19	20	21	22	23	25	26	28	29	30	31	32	33	34	35	36	37	38	39	48	#
51	2254.81	0	2	3	4	5	6	7	8	9	10	11	12	13	14	15	16	17	18	19	21	23	24	25	26	27	28	29	30	31	32	33	34	35	37	38	39	48	#
52	2250.95	0	1	2	3	4	5	6	7	8	9	10	11	12	13	14	15	16	17	18	19	21	22	23	25	27	28	29	30	31	32	33	35	36	37	38	39	48	#
53	2250.4	0	1	2	3	4	5	6	7	8	10	11	12	14	15	16	17	18	19	21	22	23	25	26	27	28	29	30	31	32	33	34	35	36	37	38	39	48	#
54	2241.52	1	2	3	4	5	6	7	8	9	10	11	12	13	15	16	17	18	19	20	21	22	23	25	26	27	28	29	30	31	32	33	35	36	37	38	39	48	#
55	391.846	2	4	5	12	17	25	33	36	37	49	#
56	549.847	0	2	4	5	7	10	14	29	36	49	#
57	381.721	1	4	5	15	23	24	31	33	36	37	50	#
58	545.882	1	8	10	12	15	16	18	27	31	34	50	#
59	505.929	0	4	6	15	16	19	31	33	35	37	50	#
60	1739.93	1	4	5	6	7	8	9	11	13	14	15	16	17	23	24	25	26	28	30	31	32	34	37	38	39	51	#
61	1840.9	1	3	4	5	6	8	9	10	11	12	13	14	16	20	25	26	28	29	30	32	33	34	35	36	39	51	#
62	1840.78	1	3	4	7	8	9	10	11	12	13	14	16	17	18	23	27	28	29	30	31	32	33	34	36	39	51	#
63	1785.38	1	2	3	4	6	7	9	10	11	12	13	14	16	17	20	23	25	27	28	29	31	32	34	35	39	51	#
64	1730.58	4	5	6	7	8	9	10	11	12	13	14	15	16	17	18	22	24	25	27	28	29	30	34	35	38	51	#
65	1725.16	0	2	3	4	5	6	7	9	11	12	15	16	17	19	21	22	23	25	28	29	30	31	35	36	39	51	#
66	1544.74	0	4	5	6	7	8	9	10	11	12	13	15	16	17	19	20	25	28	30	31	32	35	37	38	52	#
67	1706.71	0	1	3	4	9	10	11	12	13	14	15	17	19	22	26	27	28	30	31	33	34	35	36	38	52	#
68	1627.55	2	3	4	5	6	13	14	15	16	18	19	23	24	28	29	30	31	32	33	34	35	36	38	39	52	#
69	1604.09	0	3	4	5	7	9	11	13	14	15	17	21	22	23	24	25	28	29	30	31	32	35	36	38	52	#
70	1586.04	0	1	2	3	4	5	7	10	13	15	17	18	21	24	26	28	29	31	32	34	35	36	37	38	52	#
71	1568.59	0	4	8	9	10	12	13	14	15	16	18	19	21	23	24	25	26	27	30	32	35	36	37	38	52	#
72	271.464	7	11	24	30	37	38	53	#
73	370.196	12	14	15	17	19	24	53	#
74	348.873	2	11	16	17	23	33	53	#
75	232.842	0	7	14	20	30	39	53	#
76	113.504	25	#
77	743.845	0	10	12	13	15	17	23	24	27	31	32	37	54	#
78	963.496	1	2	13	17	22	23	26	28	32	33	35	36	54	#
79	948.407	2	8	9	10	15	17	23	24	25	28	30	34	54	#
80	870.147	1	7	9	11	12	13	15	23	27	31	33	35	54	#
81	829.195	1	9	15	18	20	23	24	25	33	34	36	37	54	#
82	827.532	1	6	10	13	15	17	20	22	25	27	34	37	54	#
83	1186.43	0	2	4	5	6	9	11	19	20	22	23	24	27	29	30	32	33	34	35	36	37	38	55	#
84	1727.22	1	2	5	6	7	8	9	10	15	16	18	20	23	24	26	27	28	34	35	36	38	39	55	#
85	1656.14	1	2	3	4	10	12	15	16	18	20	21	24	25	26	27	28	29	31	34	35	36	39	55	#
86	1596.87	0	1	2	3	7	9	10	12	13	15	16	19	20	22	27	28	31	32	34	35	38	39	55	#
87	1591.09	0	6	7	8	9	10	13	15	17	18	19	21	22	23	25	26	27	30	35	36	38	39	55	#
88	1569.26	1	2	3	4	7	8	10	15	17	18	19	21	22	24	26	27	28	29	35	37	38	39	55	#
89	1456.14	0	2	5	6	7	8	10	11	12	13	15	17	18	21	22	23	24	26	27	28	29	31	32	33	35	37	38	56	#
90	1884.5	0	1	2	3	6	10	12	13	16	17	19	20	21	22	25	26	27	28	29	30	31	32	33	34	36	38	39	56	#
91	1882.6	2	3	4	5	6	7	9	10	11	13	14	15	16	21	22	23	24	25	27	28	29	30	31	32	34	36	39	56	#
92	1862.74	1	6	7	8	9	10	11	12	13	14	15	16	17	18	21	25	27	28	29	30	31	32	33	34	36	38	39	56	#
93	1857.58	2	3	4	7	9	10	11	12	13	16	17	18	20	21	22	25	26	27	28	30	31	32	33	34	36	38	39	56	#
94	1842.15	1	2	3	5	6	7	9	10	11	13	15	16	17	20	21	22	23	24	25	26	28	29	30	31	33	34	39	56	#
95	1530.15	0	2	4	5	6	9	10	11	13	15	16	17	18	21	22	23	24	27	30	32	33	34	35	37	38	57	#
96	1824.68	1	2	4	6	7	9	10	13	14	15	17	18	22	23	24	25	26	31	32	34	35	36	37	38	39	57	#
97	1786.52	0	3	4	6	7	8	13	14	15	17	18	21	22	23	24	25	26	28	29	31	34	35	36	37	39	57	#
98	1755.58	2	3	4	6	7	8	9	10	11	13	14	15	17	19	21	22	24	25	26	29	30	31	32	36	37	57	#
99	1738.01	1	2	3	5	6	7	9	10	12	13	14	15	18	19	21	22	24	25	29	30	31	32	37	38	39	57	#
100	1713.04	1	3	4	6	7	8	9	10	13	15	16	19	20	21	22	27	28	29	30	33	34	35	36	37	38	57	#
