%% File generated by CATS v.2.1Thu May  9 12:39:01 2024

%% The CATS webpage is http://robotics.stanford.edu/CATS

%% PARAMETER SETTINGS:
% Goods: 40; Bids: 100; Distribution: arbitrary; Runs: 1; Seed: 99
% Arbitrary Distribution Parameters:
% Max Substitutable Bids = 5
% Removing HV Neighbor   = 0.1
% Adding DIAG Neighbor   = 0.2
% Additional Location    = 0.9
% Additivity             = 0.2
% Budget Factor          = 1.5
% Resale Factor          = 0.5
% Normal Private Value:
%   Mean                 = 0
%   Standard Deviation   = 30



goods 40
bids 104
dummy 19

0	803.616	5	6	7	8	9	11	14	16	19	22	24	30	31	32	33	35	39	40	#
1	1186.85	0	1	4	12	15	16	17	19	20	24	25	27	29	32	35	37	38	40	#
2	1074.73	0	1	3	4	5	6	7	16	17	18	19	20	23	24	28	38	39	40	#
3	1066.77	0	2	6	7	9	10	14	18	20	24	27	28	30	32	33	35	37	40	#
4	1055.02	0	1	2	3	6	13	15	16	17	19	20	25	27	29	32	35	36	40	#
5	1033.92	0	1	5	8	9	10	12	13	14	16	23	24	28	29	30	35	38	40	#
6	1582.94	0	1	2	3	4	5	6	9	11	13	15	16	18	19	21	22	23	24	25	27	28	29	30	31	33	34	36	37	38	39	41	#
7	1737.63	0	1	2	4	6	9	10	12	13	15	16	17	18	20	21	22	23	24	25	27	28	29	30	31	32	33	34	37	38	39	41	#
8	1654.55	2	3	4	5	6	8	9	10	14	15	16	17	18	20	21	23	24	25	27	28	29	30	31	32	33	34	35	37	38	39	41	#
9	1651.04	0	1	2	3	4	5	6	8	9	10	11	13	15	16	18	19	20	22	23	24	25	27	28	29	34	35	36	37	38	39	41	#
10	1638.6	0	2	4	6	8	10	11	13	14	15	16	17	18	19	21	22	23	24	25	27	28	29	31	32	33	34	35	37	38	39	41	#
11	1636.58	0	1	2	4	6	8	11	13	14	15	16	17	18	19	20	21	22	23	24	25	28	29	30	32	33	34	35	36	38	39	41	#
12	533.787	8	10	18	20	21	24	27	29	31	34	42	#
13	761.509	7	9	12	16	17	20	27	29	33	37	42	#
14	694.773	0	2	6	7	12	17	18	22	26	27	42	#
15	680.539	0	2	3	7	9	11	23	29	34	38	42	#
16	636.919	6	16	17	18	22	24	27	30	36	38	42	#
17	613.596	0	9	22	24	27	28	30	31	33	37	42	#
18	639.543	0	2	8	11	17	19	20	23	37	38	43	#
19	792.353	1	3	9	10	11	19	20	29	34	35	43	#
20	763.834	0	3	4	9	10	17	20	26	28	31	43	#
21	745.603	0	2	3	11	16	19	23	34	35	37	43	#
22	628.928	2	7	8	9	16	20	23	31	32	35	43	#
23	601.058	2	4	5	9	16	23	26	35	38	39	43	#
24	315.287	1	7	11	21	28	30	44	#
25	403.14	1	8	10	11	12	39	44	#
26	391.371	5	11	20	24	27	28	44	#
27	370.293	1	20	21	24	30	39	44	#
28	357.667	2	8	9	20	22	28	44	#
29	319.265	6	7	27	33	34	38	44	#
30	370.794	4	10	12	14	18	19	24	36	38	45	#
31	514.04	5	10	14	20	23	25	37	38	39	45	#
32	483.608	0	2	9	14	28	29	30	34	37	45	#
33	434.702	1	5	8	11	15	28	29	36	38	45	#
34	388.748	2	8	10	15	19	23	33	36	39	45	#
35	383.215	3	7	12	15	19	24	27	35	39	45	#
36	282.427	9	22	25	28	46	#
37	360.288	1	9	11	12	46	#
38	322.826	2	5	22	25	46	#
39	298.183	5	22	23	25	46	#
40	293.208	9	22	28	33	46	#
41	357.997	6	13	29	32	39	47	#
42	356.887	1	13	20	23	29	47	#
43	345.123	0	25	28	32	33	47	#
44	308.232	2	13	17	36	39	47	#
45	294.654	12	17	21	25	29	47	#
46	222.747	6	10	11	16	24	47	#
47	338.038	2	5	14	28	34	48	#
48	337.423	13	28	29	34	37	48	#
49	239.224	9	12	14	20	35	48	#
50	238.997	3	5	14	19	35	48	#
51	225.619	2	7	20	27	37	48	#
52	221.383	9	16	25	28	33	48	#
53	91.0628	4	31	49	#
54	3.46308	28	31	49	#
55	293.711	1	9	14	20	50	#
56	247.481	9	20	22	38	50	#
57	238.07	6	14	27	29	50	#
58	167.1	1	15	18	20	50	#
59	166.568	13	20	25	32	50	#
60	1009.03	0	1	4	7	9	10	14	15	17	18	22	23	27	31	32	33	36	37	51	#
61	1091.19	1	2	3	4	5	7	8	10	17	18	22	23	27	32	33	34	36	39	51	#
62	998.398	1	5	7	8	9	10	11	12	16	17	18	20	22	27	28	31	32	34	51	#
63	974.082	1	4	5	8	9	10	11	13	18	19	20	21	22	25	27	28	30	32	51	#
64	972.1	1	2	5	6	9	12	15	17	18	20	22	23	28	32	33	34	37	39	51	#
65	960.068	1	2	3	4	7	10	15	17	19	20	21	22	23	25	27	28	35	39	51	#
66	1807.27	0	1	2	4	5	6	7	8	9	10	11	12	14	15	16	17	18	19	20	21	22	23	25	26	27	29	30	31	32	33	34	35	36	37	38	39	52	#
67	1804.52	0	1	2	4	5	6	9	10	11	12	13	14	15	16	17	18	19	20	21	22	23	25	26	27	28	29	30	31	32	33	34	35	36	37	38	39	52	#
68	1786.59	0	1	2	4	5	6	8	9	10	11	12	13	14	15	16	17	18	19	20	21	22	23	25	26	27	29	30	31	32	33	34	35	36	37	38	39	52	#
69	1770.7	0	1	2	3	4	5	6	8	9	10	11	13	14	15	16	17	18	19	20	22	23	25	26	27	28	29	30	31	32	33	34	35	36	37	38	39	52	#
70	1767.58	0	1	2	4	5	6	7	9	10	11	13	14	15	16	17	18	19	20	21	22	24	25	26	27	28	29	30	31	32	33	34	35	36	37	38	39	52	#
71	1766.13	0	1	2	4	5	6	8	9	10	11	12	13	14	15	16	17	18	19	20	21	22	24	25	26	27	28	29	30	32	33	34	35	36	37	38	39	52	#
72	8.14498	12	33	37	#
73	1609.83	0	2	4	5	6	8	11	12	13	14	15	16	17	18	19	20	21	22	23	26	28	29	30	32	33	34	36	37	38	39	53	#
74	1695.92	0	1	4	5	6	9	10	11	12	13	15	16	17	18	19	20	21	22	25	26	28	29	31	32	33	34	35	36	38	39	53	#
75	1694.54	0	2	6	7	8	9	11	12	14	15	16	17	18	19	20	21	22	23	26	27	28	29	30	32	33	34	36	37	38	39	53	#
76	1680.21	0	1	5	6	8	9	10	11	12	14	15	16	17	18	19	21	22	26	27	28	30	31	32	33	34	35	36	37	38	39	53	#
77	1660.73	1	2	3	5	7	9	10	11	12	14	15	17	18	19	20	21	22	26	27	28	29	30	32	33	34	35	36	37	38	39	53	#
78	1658.89	0	2	4	5	6	7	9	11	13	14	15	16	17	19	22	23	24	25	26	27	28	29	30	32	33	34	35	36	38	39	53	#
79	196.549	3	31	33	39	54	#
80	240.181	5	22	26	39	54	#
81	213.623	3	4	7	25	54	#
82	195.628	23	33	34	36	54	#
83	390.834	18	21	24	27	28	29	30	39	55	#
84	522.214	1	9	18	28	30	34	36	39	55	#
85	495.734	1	2	3	9	14	21	24	27	55	#
86	486.471	4	9	11	18	28	32	35	36	55	#
87	475.168	0	7	20	21	24	26	27	39	55	#
88	380.533	3	5	6	10	16	21	29	39	55	#
89	1405.39	0	1	8	11	12	14	15	16	17	18	21	23	26	28	29	31	33	34	35	37	38	39	56	#
90	1628.44	0	2	3	4	6	7	11	14	16	17	18	21	24	27	28	29	30	32	34	35	38	39	56	#
91	1531.04	0	3	4	5	6	7	8	10	16	17	20	22	23	27	28	29	32	33	34	37	38	39	56	#
92	1460.54	0	1	2	7	8	12	15	16	17	22	24	26	27	28	29	30	31	32	33	35	38	39	56	#
93	1460.5	0	1	2	4	6	7	8	11	12	16	18	22	24	27	29	30	31	32	33	35	37	38	56	#
94	1452.47	0	2	4	7	10	11	12	13	14	17	18	20	23	24	27	28	29	33	34	35	37	38	56	#
95	176.643	4	16	21	57	#
96	208.781	4	21	38	57	#
97	190.374	4	16	32	57	#
98	1166.72	0	1	2	3	7	9	11	13	15	17	18	19	23	24	27	29	31	33	37	38	39	58	#
99	1249.54	1	3	4	5	6	8	11	12	14	18	21	22	24	27	28	29	33	35	36	38	39	58	#
100	1242.56	1	2	3	5	8	9	11	13	17	19	21	27	28	29	30	31	32	33	35	36	39	58	#
101	1227.3	1	4	5	8	10	14	15	16	17	18	19	21	22	25	26	27	32	33	36	38	39	58	#
102	1220.08	4	5	6	8	9	10	11	13	14	15	17	18	23	26	27	28	31	32	33	37	39	58	#
103	1206.16	0	1	2	3	7	8	9	10	11	17	18	19	20	21	25	26	27	32	33	34	38	58	#
