%% File generated by CATS v.2.1Thu May  9 12:39:01 2024

%% The CATS webpage is http://robotics.stanford.edu/CATS

%% PARAMETER SETTINGS:
% Goods: 40; Bids: 100; Distribution: arbitrary; Runs: 1; Seed: 94
% Arbitrary Distribution Parameters:
% Max Substitutable Bids = 5
% Removing HV Neighbor   = 0.1
% Adding DIAG Neighbor   = 0.2
% Additional Location    = 0.9
% Additivity             = 0.2
% Budget Factor          = 1.5
% Resale Factor          = 0.5
% Normal Private Value:
%   Mean                 = 0
%   Standard Deviation   = 30



goods 40
bids 103
dummy 18

0	2030.5	0	1	3	4	5	6	7	8	9	10	11	12	14	15	16	17	18	19	21	22	23	25	26	28	30	31	34	35	36	38	39	40	#
1	2085.22	1	3	5	6	7	8	9	10	11	12	13	14	15	16	18	19	21	22	23	24	25	26	28	29	30	31	34	35	36	37	38	40	#
2	2066.08	0	3	4	5	6	7	8	9	10	12	13	14	15	16	18	19	21	22	23	24	25	26	28	30	31	34	35	36	37	38	39	40	#
3	2057.63	0	1	3	4	5	6	7	8	9	12	13	14	15	16	18	20	21	22	23	24	25	26	28	30	31	32	34	35	36	37	38	40	#
4	2056.04	0	1	2	3	5	6	7	8	9	10	12	13	14	15	16	17	18	21	22	23	25	26	28	29	30	31	34	35	36	37	38	40	#
5	2047.32	0	1	2	3	5	7	8	9	10	11	12	14	15	16	18	19	22	23	24	25	26	28	29	30	31	34	35	36	37	38	39	40	#
6	128.865	14	20	36	38	41	#
7	181.509	7	16	29	38	41	#
8	161.13	0	7	29	36	41	#
9	737.847	1	4	5	11	12	14	18	22	24	30	31	37	42	#
10	1105.61	1	3	6	12	20	22	23	24	27	33	34	39	42	#
11	1023.43	1	3	5	8	12	20	26	29	30	34	36	37	42	#
12	1002.54	4	5	6	8	10	12	20	21	26	34	36	37	42	#
13	971.074	3	5	6	7	8	9	12	15	16	21	26	34	42	#
14	891.768	2	5	12	14	16	18	21	22	23	27	34	37	42	#
15	953.663	0	3	4	6	7	11	15	17	22	24	27	31	35	43	#
16	1099.78	0	1	3	7	11	15	22	23	25	27	31	35	39	43	#
17	1056.88	1	4	5	9	14	15	22	24	27	31	32	33	36	43	#
18	989.564	1	6	7	10	11	13	18	25	31	32	33	36	39	43	#
19	967.162	1	6	11	14	15	16	21	22	23	24	29	35	39	43	#
20	963.155	0	1	2	4	9	14	17	18	22	24	31	35	36	43	#
21	1212.46	0	2	7	8	12	14	16	20	22	25	28	31	32	34	35	37	44	#
22	1199.08	4	6	7	8	12	16	19	20	21	24	26	27	33	34	35	39	44	#
23	1191.74	0	4	5	6	7	8	10	12	17	21	22	31	33	34	35	36	44	#
24	1186.65	1	2	3	4	7	14	17	18	19	26	30	31	33	34	35	37	44	#
25	1143.26	0	3	4	6	7	8	14	22	24	26	28	30	31	33	34	38	44	#
26	1127.09	0	2	3	4	6	7	10	12	16	18	20	22	28	31	35	36	44	#
27	402.233	0	5	11	24	36	37	38	45	#
28	544.446	2	14	20	22	24	33	35	45	#
29	437.031	4	5	22	23	35	36	38	45	#
30	398.026	2	5	13	15	18	35	37	45	#
31	375.693	0	1	7	18	23	25	29	45	#
32	365.004	2	6	11	18	19	29	38	45	#
33	1116.59	1	2	4	6	11	13	15	18	19	21	22	26	28	37	46	#
34	1367.78	1	2	6	7	12	21	22	23	27	31	34	35	36	39	46	#
35	1328.17	1	4	6	7	11	14	15	18	21	22	27	34	37	39	46	#
36	1185.16	1	2	5	6	14	20	27	28	29	33	34	36	37	39	46	#
37	1178.83	0	1	4	6	7	11	14	15	17	22	29	32	34	38	46	#
38	1163.08	1	5	6	7	9	14	16	19	21	23	24	29	37	39	46	#
39	1245.32	0	3	4	5	8	12	13	16	21	22	27	32	33	36	38	39	47	#
40	1221.72	0	3	6	8	14	16	19	22	23	27	30	31	32	36	37	39	47	#
41	1215.12	1	2	8	9	10	12	16	17	18	21	22	23	29	35	36	38	47	#
42	1196.43	0	5	11	14	19	22	23	24	25	30	32	33	36	37	38	39	47	#
43	1159.65	0	4	5	8	10	14	15	17	21	22	25	28	29	32	33	36	47	#
44	1152.85	0	2	4	11	12	16	20	21	22	24	25	27	30	33	34	36	47	#
45	393.367	7	10	17	23	28	35	48	#
46	544.194	6	25	27	35	36	39	48	#
47	436.987	0	3	7	23	24	32	48	#
48	414.795	1	10	12	17	19	26	48	#
49	373.061	7	10	13	28	30	39	48	#
50	370.522	5	6	13	14	23	32	48	#
51	150.176	19	30	31	49	#
52	161.758	19	24	27	49	#
53	154.972	12	29	31	49	#
54	111.134	7	9	30	49	#
55	35.8004	4	5	#
56	427.242	21	28	30	34	37	38	50	#
57	515.072	3	16	30	32	37	38	50	#
58	425.727	0	17	22	25	37	39	50	#
59	414.353	0	10	23	28	29	39	50	#
60	358.308	6	18	24	28	30	38	50	#
61	336.037	8	13	15	21	32	38	50	#
62	386.634	0	1	2	7	27	35	51	#
63	389.076	2	4	15	24	28	38	51	#
64	387.602	1	7	9	19	27	36	51	#
65	376.801	1	2	10	11	18	35	51	#
66	367.524	4	7	10	27	34	37	51	#
67	360.922	0	2	22	27	34	36	51	#
68	417.375	2	12	27	34	52	#
69	427.952	2	7	24	39	52	#
70	381.844	12	17	29	36	52	#
71	309.628	15	22	23	34	52	#
72	205.326	0	14	27	30	52	#
73	480.425	7	9	10	14	16	27	35	38	53	#
74	692.129	1	7	8	16	25	29	32	35	53	#
75	642.026	6	14	24	29	31	32	33	38	53	#
76	624.202	6	9	11	18	23	32	36	39	53	#
77	575.784	2	4	9	10	15	20	28	32	53	#
78	565.569	5	15	23	24	25	32	35	38	53	#
79	415.155	6	12	17	26	54	#
80	335.991	6	12	29	39	54	#
81	270.567	8	15	26	29	54	#
82	224.768	0	12	17	18	54	#
83	185.137	6	15	27	38	54	#
84	1199.43	2	7	9	10	12	13	14	18	20	22	24	26	27	28	31	36	55	#
85	1352.13	1	3	5	6	9	12	14	18	20	22	23	26	27	32	34	36	55	#
86	1330.41	2	7	10	11	12	13	17	18	19	22	23	26	29	32	33	36	55	#
87	1325.58	1	4	10	11	12	13	18	19	22	26	27	30	31	33	35	39	55	#
88	1304.5	2	5	6	8	10	13	18	22	23	24	26	28	31	32	33	39	55	#
89	1245.56	1	3	4	7	8	9	22	25	27	28	31	32	35	36	37	39	55	#
90	99.0103	27	#
91	526.789	0	7	9	16	26	29	32	35	39	56	#
92	663.802	6	7	13	14	30	31	33	35	38	56	#
93	622.491	1	8	9	10	13	15	16	21	27	56	#
94	601.166	8	10	13	15	16	17	26	34	35	56	#
95	600.138	2	3	5	11	13	30	32	37	39	56	#
96	567.838	0	7	8	11	13	16	28	30	35	56	#
97	374.203	23	27	33	34	35	57	#
98	463.073	9	11	23	24	25	57	#
99	403.256	9	14	24	26	33	57	#
100	400.964	0	10	12	24	27	57	#
101	316.462	14	22	25	34	38	57	#
102	225.621	11	20	25	27	35	57	#
