%% File generated by CATS v.2.1Thu May  9 12:39:00 2024

%% The CATS webpage is http://robotics.stanford.edu/CATS

%% PARAMETER SETTINGS:
% Goods: 40; Bids: 100; Distribution: arbitrary; Runs: 1; Seed: 45
% Arbitrary Distribution Parameters:
% Max Substitutable Bids = 5
% Removing HV Neighbor   = 0.1
% Adding DIAG Neighbor   = 0.2
% Additional Location    = 0.9
% Additivity             = 0.2
% Budget Factor          = 1.5
% Resale Factor          = 0.5
% Uniform Private Value:
%   Deviation            = 0.5
%   Max Good Value       = 100



goods 40
bids 100
dummy 19

0	343.715	2	6	8	12	14	40	#
1	362.829	9	12	13	19	28	40	#
2	258.476	6	7	8	19	36	40	#
3	257.456	2	3	10	12	38	40	#
4	249.03	6	25	28	33	36	40	#
5	205.876	14	20	22	26	30	40	#
6	1220.28	0	3	7	11	14	17	18	20	21	22	24	28	30	31	32	33	41	#
7	1282.41	0	4	7	11	13	14	17	18	19	21	22	24	28	32	37	39	41	#
8	1179.85	2	4	11	14	15	18	21	22	27	28	29	30	31	36	37	38	41	#
9	1165.52	0	2	3	4	5	6	7	12	16	18	28	30	31	33	37	38	41	#
10	1145.25	3	12	13	14	16	17	18	20	22	24	28	29	31	32	36	37	41	#
11	1144.59	0	1	2	3	4	9	14	17	18	19	20	21	28	33	38	39	41	#
12	104.457	18	25	37	42	#
13	109.633	36	37	39	42	#
14	80.3506	25	38	39	42	#
15	241.292	28	29	38	43	#
16	280.573	11	18	28	43	#
17	249.335	29	38	39	43	#
18	180.432	12	34	38	43	#
19	915.459	0	3	4	5	7	8	9	10	12	18	22	24	25	27	28	29	32	33	44	#
20	1263.86	0	3	4	6	9	16	17	18	22	24	27	28	29	30	31	37	38	39	44	#
21	1208.77	0	3	4	9	10	13	16	17	22	24	25	26	28	29	30	34	37	39	44	#
22	1156.29	0	2	3	4	5	6	9	10	12	13	16	24	28	33	34	37	38	39	44	#
23	1146.85	0	3	4	5	6	7	8	9	13	16	17	22	26	27	28	33	34	37	44	#
24	1135.2	0	2	4	6	7	8	9	11	16	17	18	26	27	29	33	34	37	38	44	#
25	1022.83	1	8	10	12	16	18	19	25	28	30	32	33	37	38	45	#
26	1259.28	0	2	6	9	11	17	18	19	20	26	28	30	32	38	45	#
27	1150.79	1	2	3	10	11	13	16	19	20	26	33	35	36	38	45	#
28	1126.1	1	2	6	10	12	15	17	18	25	26	28	30	36	38	45	#
29	1099.71	1	10	11	13	16	17	19	23	25	26	28	29	35	36	45	#
30	1081.19	0	1	2	9	12	13	21	24	30	32	35	36	37	38	45	#
31	349.395	9	20	32	33	34	39	46	#
32	472.626	1	2	3	23	27	32	46	#
33	468.654	9	15	16	23	32	39	46	#
34	453.133	2	9	14	16	27	35	46	#
35	433.423	1	2	10	20	25	32	46	#
36	368.169	6	15	16	23	32	33	46	#
37	529.162	5	8	9	11	12	15	16	47	#
38	531.051	4	12	17	18	19	31	37	47	#
39	439.128	6	11	15	16	24	32	36	47	#
40	365.071	6	7	8	11	14	19	38	47	#
41	354.766	4	9	14	15	25	29	33	47	#
42	328.479	4	5	6	7	12	22	38	47	#
43	312.238	16	19	29	36	38	48	#
44	361.225	8	14	20	28	29	48	#
45	351.349	7	18	28	33	38	48	#
46	296.227	0	16	20	34	38	48	#
47	288.449	11	34	36	37	38	48	#
48	173.409	15	19	24	26	27	48	#
49	1062.36	5	8	11	14	15	20	23	24	29	30	31	38	39	49	#
50	1087.06	1	8	12	13	16	20	24	27	29	30	31	38	39	49	#
51	1059.81	2	8	9	12	13	15	16	22	23	27	29	31	39	49	#
52	1032.45	2	8	11	17	20	23	29	30	31	32	37	38	39	49	#
53	1005.5	0	5	6	8	10	11	13	20	22	27	31	32	39	49	#
54	987.882	0	6	11	15	16	20	24	26	27	29	30	37	38	49	#
55	1272.86	2	6	7	10	13	15	21	22	23	24	27	29	31	39	50	#
56	1362.35	2	5	6	9	10	12	14	17	19	21	23	24	34	39	50	#
57	1317.88	2	5	8	9	10	13	14	19	20	21	22	31	34	39	50	#
58	1253.03	2	5	6	7	11	14	19	21	22	24	29	31	37	39	50	#
59	1228.66	5	6	9	15	16	19	21	24	29	30	32	34	37	39	50	#
60	1218.77	3	5	8	9	10	15	19	20	22	27	29	30	31	39	50	#
61	301.14	5	6	12	18	51	#
62	349.625	5	12	26	30	51	#
63	292.071	8	15	18	30	51	#
64	236.189	1	5	25	35	51	#
65	142.33	6	16	20	25	51	#
66	1407.71	0	1	2	3	4	8	9	10	13	14	19	20	21	23	26	29	31	34	38	52	#
67	1451.28	1	4	8	9	11	13	14	15	20	21	24	26	27	28	29	30	31	33	39	52	#
68	1351.79	1	2	3	4	5	8	11	14	15	18	21	22	23	26	29	30	31	34	38	52	#
69	1328.22	1	4	5	6	8	9	10	13	14	16	18	20	23	24	29	31	33	37	39	52	#
70	1328.1	0	4	7	10	13	15	17	18	20	21	23	24	26	27	29	31	36	38	39	52	#
71	1326.02	1	3	4	8	9	13	14	15	18	22	24	27	28	29	30	31	33	35	38	52	#
72	163.211	11	27	33	38	53	#
73	241.676	10	11	15	34	53	#
74	237.428	16	28	37	38	53	#
75	197.912	32	33	36	39	53	#
76	474.212	2	6	7	11	14	19	23	25	30	34	54	#
77	695.968	0	3	5	15	16	21	24	27	32	34	54	#
78	682.001	2	5	14	15	16	20	24	32	34	37	54	#
79	640.277	0	3	15	16	17	23	25	27	32	34	54	#
80	608.426	2	12	14	16	17	25	32	33	34	35	54	#
81	543.338	3	7	14	17	23	30	32	34	37	38	54	#
82	517.702	4	7	12	21	25	27	31	38	55	#
83	662.752	8	17	18	19	23	26	27	36	55	#
84	641.566	4	7	14	16	18	24	30	38	55	#
85	616.671	0	11	15	21	23	24	27	31	55	#
86	611.076	5	7	9	13	22	26	31	38	55	#
87	559.808	2	3	7	14	16	19	35	38	55	#
88	691.711	4	6	7	13	16	17	22	24	25	30	34	37	39	56	#
89	900.693	5	9	13	14	16	17	23	24	25	26	29	37	39	56	#
90	803.995	1	4	5	6	9	14	16	23	25	29	31	35	38	56	#
91	778.234	3	5	6	9	12	13	14	15	16	17	23	34	37	56	#
92	715.126	4	5	8	13	14	15	20	22	23	25	29	34	39	56	#
93	691.188	3	4	5	7	8	9	13	18	20	22	23	25	34	56	#
94	166.734	6	17	38	57	#
95	248.918	17	18	23	57	#
96	235.593	6	11	32	57	#
97	79.2519	6	7	38	57	#
98	127.311	5	12	58	#
99	43.5766	5	25	58	#
