%% File generated by CATS v.2.1Thu May  9 12:39:00 2024

%% The CATS webpage is http://robotics.stanford.edu/CATS

%% PARAMETER SETTINGS:
% Goods: 40; Bids: 100; Distribution: arbitrary; Runs: 1; Seed: 16
% Arbitrary Distribution Parameters:
% Max Substitutable Bids = 5
% Removing HV Neighbor   = 0.1
% Adding DIAG Neighbor   = 0.2
% Additional Location    = 0.9
% Additivity             = 0.2
% Budget Factor          = 1.5
% Resale Factor          = 0.5
% Uniform Private Value:
%   Deviation            = 0.5
%   Max Good Value       = 100



goods 40
bids 101
dummy 18

0	1164.38	0	1	3	4	6	7	9	10	11	15	17	18	20	22	23	24	31	32	34	38	39	40	#
1	1254.43	0	3	5	6	10	11	12	15	17	18	19	20	22	23	27	29	31	32	33	34	39	40	#
2	1232.03	0	1	2	4	6	7	9	10	12	15	17	19	22	23	25	27	29	30	32	34	39	40	#
3	1172.3	0	1	2	6	7	9	10	15	17	18	19	23	27	28	29	30	32	33	34	38	39	40	#
4	1168.25	0	2	3	4	7	10	15	17	18	19	20	23	29	30	31	32	33	34	36	38	39	40	#
5	1137.56	0	1	3	4	5	7	8	9	10	11	12	15	17	23	26	27	30	31	32	34	35	40	#
6	80.5351	4	#
7	977.366	3	4	11	12	13	14	15	19	22	23	26	27	32	34	35	36	38	39	41	#
8	1332.41	1	2	5	7	10	11	12	13	14	23	25	26	27	32	33	34	35	39	41	#
9	1310.21	1	2	4	7	10	12	14	15	19	25	26	30	32	33	34	35	36	39	41	#
10	1155.8	3	4	5	7	8	9	11	13	14	16	18	19	26	27	32	34	35	39	41	#
11	1129.93	1	2	4	6	7	8	9	10	11	12	14	19	25	27	34	35	36	38	41	#
12	1123.67	1	2	6	7	9	10	11	14	15	17	19	27	29	30	32	33	35	39	41	#
13	1555.99	1	3	5	6	8	9	13	15	16	17	19	20	21	22	24	25	26	27	30	31	32	33	34	35	36	39	42	#
14	1637.41	1	2	5	7	8	10	11	12	13	15	17	19	20	21	22	24	25	27	30	32	33	34	35	36	37	39	42	#
15	1634.58	1	2	3	4	6	7	8	9	12	13	14	15	16	17	19	20	21	25	27	28	30	31	33	35	36	37	42	#
16	1632.28	5	7	8	12	13	15	16	17	18	19	20	21	23	24	25	26	27	28	30	31	32	33	35	36	37	39	42	#
17	1631.68	1	3	6	7	8	9	11	13	15	17	18	19	20	21	22	23	24	25	27	28	30	32	33	35	36	37	42	#
18	1629.52	2	4	5	6	7	8	12	13	15	17	19	20	21	22	27	28	30	31	32	33	34	35	36	37	38	39	42	#
19	285.126	19	23	29	32	36	43	#
20	376.564	6	12	21	23	33	43	#
21	328.826	13	26	32	34	38	43	#
22	289.097	10	19	25	35	38	43	#
23	286.669	1	4	16	27	36	43	#
24	238.786	2	15	25	29	37	43	#
25	110.429	27	#
26	316.474	0	2	5	24	44	#
27	405.922	2	5	33	34	44	#
28	351.043	5	6	24	36	44	#
29	349.16	2	5	11	34	44	#
30	177.532	0	2	26	36	44	#
31	932.61	7	11	15	16	19	20	27	29	32	34	45	#
32	881.8	7	11	14	16	22	25	27	29	31	34	45	#
33	851.889	4	9	14	15	19	22	23	29	31	34	45	#
34	839.749	11	19	23	29	30	32	33	34	37	38	45	#
35	727.994	1	2	4	7	9	22	25	27	29	34	45	#
36	717.304	13	16	18	20	28	31	32	35	37	39	45	#
37	236.591	3	13	19	46	#
38	234.89	3	15	19	46	#
39	233.286	13	15	25	46	#
40	190.189	3	12	19	46	#
41	408.826	5	15	17	22	29	36	39	47	#
42	499.345	5	12	13	15	17	37	38	47	#
43	430.645	6	11	25	29	31	34	36	47	#
44	430.1	6	15	17	27	28	35	39	47	#
45	420.174	15	22	25	29	32	34	37	47	#
46	366.843	9	11	14	15	27	35	36	47	#
47	133.78	1	35	38	48	#
48	194.55	11	19	35	48	#
49	149.944	11	21	38	48	#
50	985.346	1	2	4	8	10	19	22	23	25	26	28	33	34	38	49	#
51	1116.52	2	5	6	8	10	17	20	24	26	27	28	29	37	39	49	#
52	1112.32	5	8	11	12	23	25	27	28	29	31	33	34	37	39	49	#
53	1070.61	0	1	2	8	13	15	17	20	23	27	33	36	37	39	49	#
54	1053.37	1	2	5	10	16	19	21	23	24	27	28	29	36	39	49	#
55	1023.55	1	4	5	9	10	11	16	20	25	27	31	33	34	37	49	#
56	324.784	3	5	13	38	50	#
57	329.026	2	3	10	33	50	#
58	294.908	3	13	26	28	50	#
59	267.664	2	5	27	38	50	#
60	247.773	11	13	27	38	50	#
61	1468.6	0	1	2	7	8	10	11	13	15	20	21	24	26	27	30	31	34	37	39	51	#
62	1533.13	1	2	5	7	8	10	11	13	17	20	21	22	28	29	30	31	33	34	37	51	#
63	1480.44	0	1	2	4	7	8	10	13	17	20	24	27	30	31	33	34	36	38	39	51	#
64	1414.22	0	4	5	7	8	9	10	15	16	17	20	21	24	27	30	31	32	34	37	51	#
65	1411.36	0	4	5	8	10	13	15	18	20	27	28	29	30	31	34	36	37	38	39	51	#
66	1408.31	1	2	7	8	9	10	15	18	20	23	24	30	31	32	33	34	37	38	39	51	#
67	232.9	3	12	26	33	52	#
68	294.743	3	12	24	28	52	#
69	252.643	1	12	21	26	52	#
70	213.104	16	24	25	33	52	#
71	136.983	2	12	26	29	52	#
72	2069.96	1	4	5	6	7	8	9	10	11	12	13	14	15	16	17	18	19	20	21	22	23	24	26	27	29	31	32	33	34	36	37	53	#
73	2032.07	0	1	4	5	6	7	8	9	10	11	12	13	14	15	16	17	19	20	21	22	23	24	25	26	29	30	31	32	33	36	37	53	#
74	2006.1	0	1	3	4	5	6	7	9	10	11	12	13	14	15	16	17	19	20	21	22	23	24	25	27	28	30	31	33	34	36	37	53	#
75	2000.58	0	1	3	4	5	6	7	8	10	12	13	14	15	16	17	19	20	21	22	23	24	25	26	27	30	32	33	34	36	37	39	53	#
76	1991.51	1	4	5	6	7	9	10	11	12	13	14	15	17	19	20	21	22	23	24	25	26	27	29	30	31	32	33	34	35	36	37	53	#
77	1980.11	0	1	4	5	6	7	8	9	10	11	12	13	14	15	16	17	19	20	21	22	23	24	25	26	27	30	32	33	35	36	37	53	#
78	107.442	33	#
79	150.66	2	22	24	26	54	#
80	199.249	3	5	9	26	54	#
81	172.028	2	4	16	24	54	#
82	2000.2	0	3	4	5	6	7	8	9	10	11	12	13	14	15	16	19	21	23	24	25	26	27	28	31	32	33	34	35	36	37	38	39	55	#
83	2106.61	0	1	3	4	5	6	7	8	10	11	12	13	14	15	16	17	18	19	21	22	23	24	25	27	28	32	33	34	35	36	37	38	55	#
84	2099.16	0	1	3	4	5	6	7	8	9	10	11	12	13	14	15	16	19	21	22	23	24	25	26	27	28	32	33	34	35	36	37	38	55	#
85	2082.68	0	1	3	4	5	6	7	8	11	12	13	14	15	16	21	22	23	24	25	26	27	28	30	31	32	33	34	35	36	37	38	39	55	#
86	2070.96	0	1	3	4	5	6	7	10	11	12	13	14	15	16	17	18	19	21	22	23	24	25	27	28	30	31	32	34	35	36	37	38	55	#
87	2066.48	0	1	3	4	5	6	7	8	11	12	13	14	15	16	17	19	21	22	23	24	25	27	28	29	31	32	34	35	36	37	38	39	55	#
88	308.53	4	10	14	23	26	56	#
89	387.019	4	17	28	29	34	56	#
90	364.787	4	7	16	22	26	56	#
91	354.543	4	8	10	28	33	56	#
92	317.527	12	22	23	28	35	56	#
93	288.258	3	14	16	25	38	56	#
94	70.4096	3	#
95	786.039	3	7	13	14	15	20	24	28	32	35	36	57	#
96	853.892	3	6	10	12	13	14	15	17	18	31	35	57	#
97	828.899	0	3	8	9	10	13	18	19	25	26	34	57	#
98	812.605	0	6	9	11	13	14	15	20	22	32	36	57	#
99	773.66	1	5	7	8	10	14	21	25	32	34	35	57	#
100	772.119	3	5	9	10	12	13	15	21	28	35	36	57	#
