%% File generated by CATS v.2.1Thu May  9 12:49:02 2024

%% The CATS webpage is http://robotics.stanford.edu/CATS

%% PARAMETER SETTINGS:
% Goods: 40; Bids: 100; Distribution: paths; Runs: 1; Seed: 32
% Paths Distribution Parameters:
% Initial connections:       = 2
% Edge density:              = 3.000000
% Shipping cost factor:      = 1.500000
% Max bid set size:          = 5
% Building penalty:          = 1.700000



goods 40
bids 100
dummy 41

0	0.437491	2	8	#
1	0.687141	25	40	#
2	0.687141	5	29	40	#
3	0.687141	15	31	40	#
4	0.687141	13	15	19	40	#
5	0.687141	12	39	40	#
6	0.431921	7	16	#
7	0.271284	16	#
8	1.00315	2	27	41	#
9	1.00315	7	8	9	16	41	#
10	0.228995	6	#
11	0.233478	0	#
12	0.246895	8	#
13	0.249723	10	#
14	0.832528	22	42	#
15	0.832528	2	36	42	#
16	0.832528	2	13	38	42	#
17	0.832528	3	25	42	#
18	0.832528	2	4	5	38	42	#
19	1.09111	3	17	28	43	#
20	1.09111	3	10	17	33	43	#
21	1.09111	8	20	43	#
22	1.09111	8	17	21	43	#
23	0.511841	15	19	#
24	0.567137	8	9	#
25	0.82051	32	44	#
26	0.82051	9	23	44	#
27	0.82051	6	9	16	44	#
28	0.975826	2	27	#
29	0.272234	0	#
30	0.573588	1	24	45	#
31	0.573588	6	34	45	#
32	1.07688	8	22	46	#
33	1.07688	2	8	36	46	#
34	1.07688	2	8	13	38	46	#
35	1.07688	3	8	25	46	#
36	1.07688	31	37	46	#
37	1.07708	33	34	47	#
38	1.07708	15	19	35	47	#
39	1.07708	1	28	47	#
40	1.07708	1	10	33	47	#
41	1.07708	18	35	38	47	#
42	0.254433	7	#
43	0.994998	11	17	26	48	#
44	0.994998	12	17	28	48	#
45	0.994998	10	12	17	33	48	#
46	0.994998	11	15	17	28	48	#
47	0.994998	10	11	15	17	33	48	#
48	0.249444	16	#
49	0.660646	2	38	49	#
50	0.660646	19	30	49	#
51	0.660646	3	15	19	49	#
52	1.04698	19	35	50	#
53	1.04698	15	33	34	50	#
54	0.818072	6	15	33	#
55	0.998934	28	51	#
56	0.998934	10	33	51	#
57	0.998934	15	26	51	#
58	0.998934	11	12	26	51	#
59	0.998934	6	24	33	51	#
60	0.445592	2	8	#
61	0.644292	1	24	52	#
62	0.644292	6	34	52	#
63	0.644292	0	17	24	52	#
64	0.644292	1	6	10	52	#
65	0.189215	6	#
66	1.01083	27	#
67	0.687141	25	53	#
68	0.687141	5	29	53	#
69	0.687141	15	31	53	#
70	0.687141	13	15	19	53	#
71	0.687141	12	39	53	#
72	0.537334	2	38	#
73	0.439796	34	#
74	1.06591	19	35	54	#
75	1.06591	15	33	34	54	#
76	1.06591	1	26	54	#
77	1.06591	1	15	28	54	#
78	1.06591	1	10	15	33	54	#
79	0.805225	16	17	24	55	#
80	0.805225	10	17	23	55	#
81	0.805225	6	10	16	17	55	#
82	0.805225	7	14	16	17	55	#
83	0.589234	19	15	56	#
84	0.589234	38	18	56	#
85	0.29844	8	#
86	0.896933	27	18	#
87	0.499619	16	7	#
88	0.741244	21	#
89	0.155929	2	#
90	1.03974	27	2	57	#
91	1.03974	7	16	9	8	57	#
92	1.03974	27	18	3	57	#
93	0.364175	17	10	#
94	1.14476	34	33	12	58	#
95	1.14476	35	19	11	58	#
96	1.14476	34	33	15	11	58	#
97	1.14476	35	19	15	12	58	#
98	1.14476	1	26	11	58	#
99	0.315882	0	#
