%% File generated by CATS v.2.1Thu May  9 12:49:03 2024

%% The CATS webpage is http://robotics.stanford.edu/CATS

%% PARAMETER SETTINGS:
% Goods: 40; Bids: 100; Distribution: paths; Runs: 1; Seed: 93
% Paths Distribution Parameters:
% Initial connections:       = 2
% Edge density:              = 3.000000
% Shipping cost factor:      = 1.500000
% Max bid set size:          = 5
% Building penalty:          = 1.700000



goods 40
bids 101
dummy 34

0	0.510178	4	5	#
1	0.396969	39	#
2	0.168537	3	13	#
3	0.287098	17	#
4	1.13222	24	40	#
5	1.13222	10	23	40	#
6	1.13222	11	12	38	40	#
7	1.13222	10	12	27	40	#
8	1.13222	2	10	12	38	40	#
9	0.165028	12	#
10	0.978013	0	29	41	#
11	0.978013	0	21	35	41	#
12	0.978013	0	13	21	26	41	#
13	0.978013	0	3	10	35	41	#
14	0.978013	0	11	30	41	#
15	0.176281	3	42	#
16	0.176281	2	6	42	#
17	0.516426	1	17	#
18	0.648507	3	35	43	#
19	0.648507	2	30	43	#
20	0.648507	3	13	26	43	#
21	0.648507	2	6	35	43	#
22	0.648507	2	18	26	43	#
23	1.03047	11	38	44	#
24	1.03047	10	27	44	#
25	1.03047	2	10	38	44	#
26	1.03047	21	22	44	#
27	1.03047	3	10	22	44	#
28	0.779664	0	30	45	#
29	0.779664	0	6	35	45	#
30	0.779664	0	18	26	45	#
31	0.779664	0	6	13	26	45	#
32	0.779664	0	2	3	35	45	#
33	0.417655	36	#
34	0.166434	1	#
35	0.132001	0	#
36	0.157986	18	46	#
37	0.157986	6	13	46	#
38	0.286015	16	47	#
39	0.286015	0	1	47	#
40	0.963181	20	39	48	#
41	0.963181	12	13	22	48	#
42	0.963181	15	19	39	48	#
43	0.963181	12	15	36	39	48	#
44	1.03047	11	38	49	#
45	1.03047	10	27	49	#
46	1.03047	2	10	38	49	#
47	1.03047	21	22	49	#
48	1.03047	3	10	22	49	#
49	0.717595	37	#
50	0.49909	20	#
51	0.162438	3	13	#
52	0.566573	0	15	28	50	#
53	0.566573	15	16	32	50	#
54	0.648507	3	35	51	#
55	0.648507	2	30	51	#
56	0.648507	3	13	26	51	#
57	0.648507	2	6	35	51	#
58	0.648507	2	18	26	51	#
59	0.978013	0	29	52	#
60	0.978013	0	21	35	52	#
61	0.978013	0	13	21	26	52	#
62	0.978013	0	3	10	35	52	#
63	0.978013	0	11	30	52	#
64	0.193252	12	#
65	0.660798	33	53	#
66	0.660798	3	7	13	39	53	#
67	0.660798	2	7	18	39	53	#
68	0.660798	2	6	7	13	39	53	#
69	0.729658	4	15	31	54	#
70	0.729658	4	8	9	54	#
71	0.729658	4	7	9	15	54	#
72	0.75175	2	37	55	#
73	0.75175	3	13	32	39	55	#
74	0.75175	2	18	32	39	55	#
75	0.75175	2	6	13	32	39	55	#
76	0.75175	14	33	55	#
77	0.616916	3	13	39	56	#
78	0.616916	2	18	39	56	#
79	0.616916	2	6	13	39	56	#
80	0.616916	7	33	56	#
81	1.03047	11	38	57	#
82	1.03047	10	27	57	#
83	1.03047	2	10	38	57	#
84	1.03047	21	22	57	#
85	1.03047	3	10	22	57	#
86	0.70975	13	21	39	58	#
87	0.70975	3	10	13	39	58	#
88	0.70975	11	18	39	58	#
89	0.70975	2	10	18	39	58	#
90	0.70975	6	11	13	39	58	#
91	1.02888	4	34	59	#
92	1.02888	4	13	25	59	#
93	0.775745	10	33	60	#
94	0.775745	11	2	33	60	#
95	0.432832	5	#
96	0.494414	36	#
97	0.579823	16	17	61	#
98	0.579823	0	1	17	61	#
99	0.37265	32	62	#
100	0.37265	7	14	62	#
