%% File generated by CATS v.2.1Thu May  9 12:50:19 2024

%% The CATS webpage is http://robotics.stanford.edu/CATS

%% PARAMETER SETTINGS:
% Goods: 40; Bids: 100; Distribution: regions; Runs: 1; Seed: 96
% Regions Distribution Parameters:
% Max Substitutable Bids = 5
% Removing HV Neighbor   = 0.1
% Adding DIAG Neighbor   = 0.2
% Additional Location    = 0.9
% Jump Probability       = 0.05
% Additivity             = 0.2
% Budget Factor          = 1.5
% Resale Factor          = 0.5
% Uniform Private Value:
%   Deviation            = 0.5
%   Max Good Value       = 100



goods 40
bids 102
dummy 18

0	580.296	1	2	6	7	12	13	19	25	35	40	#
1	631.879	1	2	6	7	12	13	19	20	26	40	#
2	606.235	19	20	21	24	25	26	30	31	32	40	#
3	552.689	1	6	7	12	13	18	19	24	25	40	#
4	527.425	6	7	9	12	13	14	15	16	19	40	#
5	524.485	6	7	8	12	13	14	19	20	21	40	#
6	307.77	11	17	22	23	28	29	34	41	#
7	450.166	26	28	29	32	33	34	35	41	#
8	361.423	8	13	14	20	28	33	34	41	#
9	338.234	11	17	21	22	23	29	35	41	#
10	317.115	21	22	23	27	28	29	34	41	#
11	316.905	11	14	16	17	21	22	23	41	#
12	1214.01	0	1	2	6	7	8	9	12	13	14	16	18	19	21	22	23	24	25	26	27	28	29	33	34	35	42	#
13	1299.62	1	2	6	7	8	12	13	14	15	16	17	18	19	20	21	22	23	24	26	27	29	32	33	35	39	42	#
14	1243.54	3	8	13	14	15	16	17	19	20	21	22	23	24	25	26	27	28	29	30	31	32	33	34	35	36	42	#
15	1240.88	1	7	8	10	12	13	14	16	17	19	20	21	22	23	24	25	26	27	28	29	31	32	33	34	35	42	#
16	1231.79	1	6	7	8	9	10	13	14	16	18	19	20	21	22	23	24	25	26	27	28	29	32	33	34	35	42	#
17	1229.22	0	1	2	6	7	8	9	11	12	13	14	15	16	17	18	19	20	21	23	24	25	29	31	37	39	42	#
18	45.8859	2	#
19	70.3942	13	#
20	1705.46	0	1	2	3	4	6	7	8	9	10	12	14	15	16	17	18	19	20	21	22	24	25	26	27	28	29	31	32	33	34	35	43	#
21	1787.32	0	1	3	4	5	6	7	8	9	10	12	13	14	15	16	17	18	19	20	21	22	24	25	26	27	28	29	32	33	34	35	43	#
22	1782.8	0	1	3	4	5	6	7	8	9	10	11	12	13	14	15	16	17	18	19	20	21	22	24	25	26	28	31	32	33	34	37	43	#
23	1778.14	0	1	2	3	4	5	6	7	8	9	10	11	12	13	14	15	16	17	18	19	20	21	22	24	25	26	28	30	31	32	34	43	#
24	1771.51	0	1	2	3	6	7	8	9	12	13	14	15	16	17	18	19	20	21	22	24	25	26	27	28	29	30	31	32	33	34	35	43	#
25	1762.02	0	1	2	3	4	5	6	7	8	9	10	11	12	13	14	15	16	17	18	19	20	21	22	24	25	26	27	28	29	32	34	43	#
26	1068.46	7	8	10	14	15	16	17	20	21	22	23	24	26	27	29	33	34	35	44	#
27	1140.98	6	7	8	13	14	17	18	19	20	21	22	23	24	27	29	33	34	35	44	#
28	1043.65	15	16	17	18	20	21	22	23	24	25	26	27	29	30	31	33	34	35	44	#
29	1039.96	13	14	15	18	19	20	21	22	23	24	25	26	27	29	31	33	34	35	44	#
30	1037.47	7	8	12	13	14	15	19	20	21	22	23	25	26	27	29	33	34	35	44	#
31	1017.97	3	4	5	8	10	13	14	15	16	19	20	21	22	26	27	29	33	34	44	#
32	788.268	6	7	12	13	18	19	20	24	25	31	45	#
33	863.291	6	7	8	9	13	18	19	20	24	25	45	#
34	839.881	6	7	13	19	20	24	25	26	31	37	45	#
35	818.432	12	13	15	18	19	20	24	25	26	27	45	#
36	793.04	12	13	14	18	19	20	24	25	26	27	45	#
37	788.928	6	7	12	13	14	18	19	20	24	25	45	#
38	290.13	13	18	19	20	46	#
39	315.583	13	18	19	25	46	#
40	259.052	20	25	26	32	46	#
41	230.367	18	19	24	25	46	#
42	1423.76	0	1	2	3	4	5	6	7	8	9	10	11	12	13	14	15	16	17	18	19	20	21	22	23	24	25	26	27	28	29	30	31	32	33	34	35	39	47	#
43	1594.08	0	1	2	3	4	6	7	8	9	10	11	12	13	14	15	16	17	18	19	20	21	22	23	24	25	26	27	28	29	30	31	32	33	34	35	36	38	47	#
44	1546.19	0	1	2	3	4	5	6	7	8	9	10	11	12	13	14	15	16	17	18	19	20	21	22	23	24	25	26	27	28	29	30	31	32	33	34	35	38	47	#
45	1533.74	0	1	2	3	4	6	7	8	9	10	11	12	13	14	15	16	17	18	19	20	21	22	23	24	25	26	27	28	29	30	31	32	33	34	35	36	37	47	#
46	1485.85	0	1	2	3	4	5	6	7	8	9	10	11	12	13	14	15	16	17	18	19	20	21	22	23	24	25	26	27	28	29	30	31	32	33	34	35	37	47	#
47	1484.64	0	1	2	3	4	5	6	7	8	9	10	11	12	13	14	15	16	17	18	19	20	21	22	23	24	25	26	27	28	29	30	31	32	33	34	35	36	47	#
48	381.582	3	9	10	12	13	14	15	19	20	21	48	#
49	570.577	1	14	15	16	20	21	22	26	27	32	48	#
50	551.196	0	1	6	7	12	13	14	15	16	19	48	#
51	545.119	8	11	13	14	19	20	25	26	27	28	48	#
52	542.708	2	8	13	14	20	21	22	23	26	27	48	#
53	517.597	0	1	2	6	7	12	13	14	18	21	48	#
54	427.28	8	10	16	17	21	22	23	29	49	#
55	582.492	3	9	10	11	15	16	17	23	49	#
56	544.404	3	9	10	14	15	16	21	27	49	#
57	528.828	7	8	14	19	20	21	26	27	49	#
58	474.664	3	4	5	8	9	10	16	24	49	#
59	449.429	9	10	11	15	16	17	22	23	49	#
60	152.816	8	14	50	#
61	162.28	13	14	50	#
62	101.19	8	9	50	#
63	209.907	15	16	22	51	#
64	179.911	13	14	15	51	#
65	163.271	10	16	22	51	#
66	779.222	3	4	5	8	9	10	12	13	14	15	21	22	26	27	28	29	34	52	#
67	960.097	8	11	14	15	18	19	21	22	25	26	27	28	29	33	34	35	38	52	#
68	902.216	8	14	15	18	19	21	22	23	24	25	26	27	28	29	33	34	35	52	#
69	866.505	3	4	5	10	14	15	16	21	22	25	26	27	28	29	33	34	35	52	#
70	863.615	8	13	14	15	19	20	21	24	25	26	27	28	29	31	33	34	35	52	#
71	854.205	0	1	2	6	14	15	21	22	24	25	26	27	28	29	33	34	35	52	#
72	417.12	15	20	21	25	26	32	53	#
73	461.381	18	19	20	25	26	32	53	#
74	419.749	1	7	13	20	26	27	53	#
75	363.478	20	21	25	26	27	33	53	#
76	342.136	13	14	15	16	17	21	53	#
77	325.976	21	25	26	31	32	33	53	#
78	1031.14	0	1	3	4	6	7	8	9	10	12	13	14	18	19	20	24	38	39	54	#
79	1196.13	0	1	2	4	6	7	10	11	12	13	14	18	19	20	24	26	31	32	54	#
80	1149.18	0	1	2	6	7	8	9	12	13	14	15	18	19	20	24	26	31	32	54	#
81	1106.74	0	1	2	6	7	8	9	12	13	14	18	19	20	21	26	27	28	32	54	#
82	1070.1	0	1	2	6	7	8	9	12	13	15	18	19	24	25	26	28	31	32	54	#
83	1060.68	0	1	2	6	7	8	12	13	14	18	19	20	21	24	25	26	30	37	54	#
84	1312.68	3	4	8	9	10	11	12	13	14	15	16	17	18	19	20	22	24	25	26	27	28	29	32	33	37	55	#
85	1611.5	0	1	2	3	6	7	8	9	10	12	13	14	17	18	19	20	22	23	24	25	26	32	33	35	38	55	#
86	1438.3	1	2	3	4	6	7	8	9	10	12	14	18	19	20	21	24	25	26	27	28	31	32	33	34	37	55	#
87	1414.49	1	2	6	7	8	9	11	12	14	17	18	19	20	22	23	24	25	26	27	28	29	31	32	33	34	55	#
88	1408.74	0	1	2	3	4	6	7	8	9	10	12	13	14	15	18	19	20	24	25	26	31	32	33	34	36	55	#
89	1406.95	0	1	2	4	6	7	8	9	10	11	12	13	14	15	17	18	19	20	21	24	25	26	31	32	33	55	#
90	1023.49	7	13	15	18	19	20	21	22	23	24	25	26	28	30	31	32	33	56	#
91	1110.04	15	18	19	20	21	23	24	25	26	27	28	29	31	32	33	34	37	56	#
92	983.821	14	18	19	20	21	22	23	24	25	26	27	28	30	31	32	33	34	56	#
93	921.698	7	12	13	14	15	18	19	20	21	24	25	26	27	28	31	32	33	56	#
94	915.955	0	1	7	11	13	14	15	17	18	19	20	21	22	23	25	26	27	56	#
95	915.18	13	14	15	17	18	20	21	22	23	24	25	26	27	28	31	32	33	56	#
96	467.851	17	23	28	29	34	35	57	#
97	382.273	26	27	28	29	34	35	57	#
98	380.071	17	22	23	28	29	34	57	#
99	376.707	17	23	27	28	29	35	57	#
100	300.69	21	22	28	29	34	35	57	#
101	148.917	14	20	21	22	27	28	57	#
