%% File generated by CATS v.2.1Thu May  9 12:50:18 2024

%% The CATS webpage is http://robotics.stanford.edu/CATS

%% PARAMETER SETTINGS:
% Goods: 40; Bids: 100; Distribution: regions; Runs: 1; Seed: 68
% Regions Distribution Parameters:
% Max Substitutable Bids = 5
% Removing HV Neighbor   = 0.1
% Adding DIAG Neighbor   = 0.2
% Additional Location    = 0.9
% Jump Probability       = 0.05
% Additivity             = 0.2
% Budget Factor          = 1.5
% Resale Factor          = 0.5
% Uniform Private Value:
%   Deviation            = 0.5
%   Max Good Value       = 100



goods 40
bids 101
dummy 19

0	255.236	16	22	23	37	40	#
1	227.028	17	21	22	23	40	#
2	190.616	9	10	15	37	40	#
3	184.547	21	22	23	28	40	#
4	169.501	10	16	22	23	40	#
5	837.545	4	5	8	9	10	11	16	17	21	22	23	28	29	34	35	41	#
6	1002.05	0	1	6	7	8	12	13	14	18	19	24	25	30	31	37	41	#
7	991.655	2	3	4	5	8	10	11	12	13	16	19	22	24	25	28	41	#
8	956.72	1	2	4	5	6	7	8	9	10	11	13	16	19	25	30	41	#
9	937.359	1	2	3	4	6	7	8	9	10	11	12	13	19	24	25	41	#
10	884.882	5	8	9	10	11	16	17	21	22	23	28	29	33	34	35	41	#
11	73.1823	17	#
12	80.381	29	#
13	237.653	20	24	25	26	42	#
14	204.78	15	16	20	26	42	#
15	156.619	24	25	30	31	42	#
16	104.895	25	31	32	38	42	#
17	359.025	10	11	13	16	22	43	#
18	471.319	1	6	7	13	25	43	#
19	300.196	1	4	5	10	11	43	#
20	286.936	10	16	21	22	23	43	#
21	253.411	3	4	10	11	16	43	#
22	220.096	4	10	11	15	16	43	#
23	274.426	2	3	8	14	44	#
24	364.083	13	14	15	20	44	#
25	357.994	3	4	5	11	44	#
26	276.896	2	3	8	9	44	#
27	174.315	17	23	45	#
28	169.364	22	23	45	#
29	639.033	14	15	16	20	22	23	28	29	33	34	46	#
30	750.591	2	6	7	8	9	14	15	16	20	22	46	#
31	669.992	19	20	22	23	25	27	28	33	34	36	46	#
32	655.324	9	15	22	23	27	28	29	33	34	35	46	#
33	626.17	8	9	10	14	15	16	20	22	23	28	46	#
34	605.913	4	9	10	15	16	17	22	23	28	29	46	#
35	126.014	3	#
36	688.918	1	2	3	5	7	13	14	27	47	#
37	734.834	6	7	9	12	13	14	15	22	47	#
38	719.897	1	6	7	12	13	19	25	26	47	#
39	639.847	1	2	3	7	8	13	14	15	47	#
40	572.758	3	4	5	9	10	15	16	22	47	#
41	563.409	1	2	3	7	8	9	10	15	47	#
42	924.195	0	2	4	5	6	8	9	10	11	12	13	14	15	16	17	48	#
43	1073.74	0	1	2	3	7	8	9	12	13	14	15	18	19	25	26	48	#
44	998.238	0	2	6	7	8	9	10	12	13	14	15	16	18	21	22	48	#
45	986.827	0	2	4	6	7	8	9	10	11	12	13	14	15	16	18	48	#
46	957.776	0	1	6	7	8	9	10	12	13	14	15	16	18	20	21	48	#
47	956.137	2	7	8	9	12	13	14	15	16	22	28	29	32	34	35	48	#
48	134.875	23	#
49	297.875	15	16	21	22	23	28	49	#
50	417.292	15	19	20	21	22	26	49	#
51	382.446	22	23	28	29	34	35	49	#
52	364.103	15	21	22	23	29	35	49	#
53	323.709	10	16	17	21	22	23	49	#
54	319.357	15	16	17	21	22	23	49	#
55	99.2969	19	#
56	611.814	9	15	18	19	20	26	29	35	50	#
57	717.412	13	18	19	20	24	25	26	32	50	#
58	698.085	18	19	20	24	25	26	30	32	50	#
59	695.424	7	8	13	18	19	24	25	30	50	#
60	671.598	12	18	19	20	24	25	26	32	50	#
61	658.876	0	2	7	8	9	10	13	19	50	#
62	1499.83	1	2	3	4	5	8	9	10	11	12	13	14	15	16	17	19	21	22	23	28	29	33	34	35	38	51	#
63	1811.72	2	3	4	5	9	10	11	12	13	14	15	16	18	19	20	21	22	23	24	25	26	29	32	36	38	51	#
64	1784.37	3	4	5	6	8	9	10	11	12	13	14	15	16	17	18	19	20	21	22	23	24	25	26	29	37	51	#
65	1743.77	3	4	5	8	9	10	11	12	13	14	15	16	17	18	19	20	21	22	23	24	25	26	29	30	32	51	#
66	1731.59	4	5	6	8	9	10	11	12	13	14	15	16	17	18	19	20	22	23	24	25	26	29	30	31	35	51	#
67	1713.34	0	2	3	4	5	6	8	9	10	11	12	13	14	15	16	18	19	21	22	23	24	25	26	29	32	51	#
68	1128.28	0	1	2	3	4	5	6	7	8	9	10	11	12	13	14	15	16	18	53	#
69	1316.31	0	2	3	6	7	8	9	12	13	14	16	18	19	20	23	24	26	38	53	#
70	1288.15	0	1	2	3	5	6	7	9	10	11	12	13	16	17	18	19	23	29	53	#
71	1245.65	1	3	6	7	8	9	10	11	12	13	14	16	18	19	20	22	23	29	53	#
72	1236.25	0	1	2	3	6	7	8	9	10	11	12	13	14	16	18	19	22	23	53	#
73	1216.04	0	1	2	3	5	6	7	8	9	10	11	12	13	14	16	18	19	24	53	#
74	1371.26	3	4	5	7	8	10	11	12	13	14	15	16	17	20	21	22	23	26	28	29	35	54	#
75	1528.16	0	1	5	6	7	8	10	11	12	13	14	15	16	18	19	20	21	22	24	25	26	54	#
76	1512.91	0	1	2	3	4	5	6	7	8	9	10	11	12	13	15	16	17	20	21	22	23	54	#
77	1511.93	1	6	7	8	12	13	14	15	16	17	19	20	21	22	23	25	26	27	28	29	33	54	#
78	1505.55	1	2	3	4	5	6	7	8	9	10	11	12	13	14	15	16	18	19	20	22	31	54	#
79	1504.08	1	3	7	8	9	12	13	14	15	16	17	18	19	20	21	22	23	27	28	33	36	54	#
80	176.415	16	21	22	55	#
81	191.651	15	21	22	55	#
82	168.05	16	22	23	55	#
83	496.585	0	6	12	13	14	18	56	#
84	524.767	2	8	13	14	20	26	56	#
85	485.87	18	24	25	26	30	32	56	#
86	452.527	0	6	7	12	13	14	56	#
87	445.11	0	6	7	8	13	14	56	#
88	356.971	8	13	14	15	19	37	56	#
89	768.304	15	18	19	20	21	22	24	25	26	30	31	32	57	#
90	965.412	3	8	9	15	17	19	20	22	23	25	26	32	57	#
91	950.97	7	13	15	18	19	20	23	24	25	26	29	31	57	#
92	943.98	2	3	8	9	15	17	19	20	21	22	23	25	57	#
93	941.135	9	12	13	15	16	18	19	20	22	23	26	29	57	#
94	933.238	6	7	8	9	12	15	18	19	20	22	24	25	57	#
95	771.223	2	3	7	8	9	10	15	21	22	23	28	58	#
96	845.932	1	2	3	7	8	9	10	13	15	19	20	58	#
97	829.571	1	2	3	7	8	9	13	14	15	20	21	58	#
98	822.044	0	1	7	13	15	19	20	21	27	28	33	58	#
99	785.303	0	1	2	3	4	5	6	7	8	13	14	58	#
100	762.417	15	19	20	22	23	26	27	28	32	33	34	58	#
