%% File generated by CATS v.2.1Thu May  9 12:50:17 2024

%% The CATS webpage is http://robotics.stanford.edu/CATS

%% PARAMETER SETTINGS:
% Goods: 40; Bids: 100; Distribution: regions; Runs: 1; Seed: 1
% Regions Distribution Parameters:
% Max Substitutable Bids = 5
% Removing HV Neighbor   = 0.1
% Adding DIAG Neighbor   = 0.2
% Additional Location    = 0.9
% Jump Probability       = 0.05
% Additivity             = 0.2
% Budget Factor          = 1.5
% Resale Factor          = 0.5
% Uniform Private Value:
%   Deviation            = 0.5
%   Max Good Value       = 100



goods 40
bids 104
dummy 19

0	293.016	23	27	29	33	34	35	40	#
1	336.109	21	26	27	32	33	34	40	#
2	323.877	26	27	29	33	34	35	40	#
3	322.658	5	11	17	23	29	35	40	#
4	319.94	0	21	23	27	29	33	40	#
5	319.85	15	16	17	22	23	29	40	#
6	1192.13	0	1	2	3	5	6	7	8	9	10	11	12	13	14	20	26	27	28	41	#
7	1382.83	1	2	3	7	8	9	10	14	20	21	22	25	26	27	28	29	31	35	41	#
8	1192.83	2	3	5	7	8	9	10	11	13	14	16	20	21	22	25	26	27	28	41	#
9	1189.07	1	2	3	4	7	8	9	10	11	13	14	19	20	25	26	27	28	29	41	#
10	1182.31	1	2	3	7	8	9	10	11	12	13	14	18	19	20	24	25	26	31	41	#
11	1174.11	0	1	2	3	6	7	8	9	12	13	14	18	19	20	21	25	26	27	41	#
12	565.125	2	3	4	5	7	13	19	42	#
13	634.944	1	2	3	7	8	9	13	42	#
14	599.415	2	3	7	8	9	13	29	42	#
15	562.385	7	8	12	13	18	24	30	42	#
16	543.548	2	3	4	7	8	13	19	42	#
17	433.63	13	19	20	24	25	26	32	42	#
18	613.194	0	1	6	8	14	15	16	22	43	#
19	827.311	1	2	7	8	9	12	13	14	43	#
20	817.12	0	1	6	7	8	9	13	14	43	#
21	751.336	0	1	2	6	7	8	13	14	43	#
22	745.982	0	1	6	7	8	12	13	14	43	#
23	684.677	2	7	8	9	13	14	15	19	43	#
24	181.744	30	31	44	#
25	155.024	31	32	44	#
26	676.43	0	1	2	6	7	12	13	14	18	20	24	45	#
27	808.191	1	2	7	13	18	19	20	21	24	25	31	45	#
28	795.118	7	13	14	15	19	21	22	25	27	28	33	45	#
29	756.295	15	16	17	19	20	21	22	25	26	27	31	45	#
30	754.436	0	1	2	6	7	12	18	19	24	25	31	45	#
31	752.322	6	7	12	13	14	18	19	24	25	26	31	45	#
32	544.896	3	4	5	8	9	10	11	21	46	#
33	630.366	4	5	10	11	13	14	19	20	46	#
34	625.446	3	4	8	9	10	11	13	14	46	#
35	549.045	3	5	9	10	11	15	16	22	46	#
36	547.14	8	13	14	19	28	29	34	35	46	#
37	545.519	15	19	20	21	25	26	31	32	46	#
38	663.332	16	20	21	22	23	26	27	28	29	34	35	47	#
39	667.677	16	19	20	21	22	24	25	26	27	30	31	47	#
40	664.556	13	18	19	20	21	22	23	24	25	26	27	47	#
41	660.869	2	3	4	9	10	17	22	23	29	34	35	47	#
42	652.039	20	22	23	24	25	26	27	28	30	31	39	47	#
43	641.167	16	19	20	21	22	23	26	27	28	34	35	47	#
44	1106.04	8	13	14	18	19	20	24	25	26	27	28	29	31	32	36	37	48	#
45	1153.8	6	7	8	9	12	13	14	15	19	20	24	25	31	32	36	39	48	#
46	1050.14	1	3	7	9	13	14	15	18	19	20	21	26	27	28	33	37	48	#
47	1038.49	1	7	8	9	13	14	15	19	20	21	25	26	27	28	32	38	48	#
48	1037.71	14	15	16	19	20	22	26	27	28	29	31	32	33	34	35	36	48	#
49	1031.03	0	7	13	14	16	19	20	22	25	26	27	28	29	32	33	34	48	#
50	290.957	25	30	31	49	#
51	286.289	19	25	31	49	#
52	190.004	24	25	31	49	#
53	155.888	18	24	30	49	#
54	162.09	24	25	50	#
55	150.121	18	24	50	#
56	142.305	25	26	50	#
57	1337.06	2	3	4	5	9	10	11	15	16	17	18	21	22	23	24	25	26	27	28	29	30	31	32	33	34	35	51	#
58	1736.13	1	2	3	7	8	9	12	13	14	15	18	19	21	22	23	24	25	26	27	28	29	31	32	33	35	39	51	#
59	1673.48	1	2	7	8	9	11	12	13	14	15	17	18	19	20	21	22	23	24	25	26	27	28	30	31	32	33	51	#
60	1633.2	0	1	2	3	6	7	8	9	12	13	14	15	17	18	19	21	23	24	25	26	27	28	30	31	32	33	51	#
61	1610.57	0	1	7	9	11	12	13	14	15	16	17	18	19	20	21	22	23	24	25	26	27	28	30	31	32	33	51	#
62	1595.62	0	1	2	3	4	5	7	8	9	10	11	12	13	14	15	17	18	19	21	22	24	25	26	27	31	33	51	#
63	913.158	9	15	20	21	22	23	26	27	28	29	33	34	35	52	#
64	945.545	5	11	12	13	14	17	20	21	22	25	26	27	28	52	#
65	922.683	9	15	16	20	21	22	26	27	28	29	32	33	35	52	#
66	917.62	5	9	10	11	13	14	15	19	21	27	28	29	33	52	#
67	892.653	14	15	20	21	22	26	27	28	29	32	33	34	35	52	#
68	888.78	9	13	15	18	19	20	21	25	26	27	28	32	33	52	#
69	367.002	1	7	8	34	53	#
70	395.122	1	2	3	7	53	#
71	372.743	1	2	7	8	53	#
72	298.464	2	7	8	14	53	#
73	156.817	28	32	33	34	53	#
74	441.251	18	19	20	21	25	27	33	34	54	#
75	653.945	0	6	12	13	14	19	20	25	54	#
76	562.321	6	12	18	19	20	21	22	28	54	#
77	538.502	12	13	18	19	24	25	31	32	54	#
78	465.014	8	14	17	20	21	26	27	32	54	#
79	384.521	20	21	26	27	29	33	34	35	54	#
80	597.952	2	8	14	18	19	24	25	26	31	55	#
81	759.285	7	8	9	10	14	15	16	20	22	55	#
82	740.324	2	7	8	12	13	14	15	19	21	55	#
83	693.546	7	13	14	18	19	20	21	24	25	55	#
84	646.634	18	19	20	21	22	24	25	30	31	55	#
85	644.064	2	3	4	7	8	9	10	12	13	55	#
86	1761.09	0	1	2	3	4	5	7	8	9	10	11	13	14	15	16	17	19	20	21	22	23	24	26	27	28	29	31	32	33	34	35	56	#
87	2008.39	1	2	3	4	5	7	8	9	10	11	14	15	16	17	18	19	20	21	22	23	25	26	27	28	29	31	32	33	34	35	38	56	#
88	1996.25	1	2	3	4	5	7	8	9	10	11	12	14	15	16	17	18	19	20	21	22	23	25	26	27	28	29	31	32	33	34	35	56	#
89	1973.99	1	2	3	4	5	7	8	9	10	11	12	13	15	16	17	18	19	20	21	22	23	25	26	27	28	29	31	32	33	34	35	56	#
90	1956.38	2	3	4	5	7	8	9	10	11	12	13	14	15	16	17	18	19	20	21	22	23	25	26	27	28	29	31	32	33	34	35	56	#
91	1955.01	1	2	3	4	5	7	8	9	10	11	12	14	15	16	17	18	19	21	22	23	25	26	27	28	29	31	32	33	34	35	37	56	#
92	2016.8	0	1	2	3	4	5	6	7	8	9	10	11	12	13	14	15	16	17	18	19	20	21	22	23	24	25	26	27	28	29	30	31	32	33	34	35	37	38	57	#
93	1979.82	0	1	2	3	4	5	6	7	8	9	10	11	12	13	14	15	16	17	18	19	20	21	22	23	24	25	26	27	28	29	30	31	32	33	34	35	36	38	57	#
94	1977.97	0	1	2	3	4	5	6	7	8	9	10	11	12	13	14	15	16	17	18	19	20	21	22	23	24	25	26	27	28	29	30	31	32	33	34	35	38	39	57	#
95	1963.07	0	1	2	3	4	5	6	7	8	9	10	11	12	13	14	15	16	17	18	19	20	21	22	23	24	25	26	27	28	29	30	31	32	33	34	35	36	37	57	#
96	1961.21	0	1	2	3	4	5	6	7	8	9	10	11	12	13	14	15	16	17	18	19	20	21	22	23	24	25	26	27	28	29	30	31	32	33	34	35	37	39	57	#
97	1924.24	0	1	2	3	4	5	6	7	8	9	10	11	12	13	14	15	16	17	18	19	20	21	22	23	24	25	26	27	28	29	30	31	32	33	34	35	36	39	57	#
98	293.736	11	17	22	23	29	34	35	58	#
99	400.132	3	9	10	11	17	22	23	58	#
100	345.113	9	10	11	17	22	23	28	58	#
101	330.178	22	23	24	29	31	32	35	58	#
102	312.932	4	5	9	10	11	17	23	58	#
103	243.772	22	27	28	33	34	35	36	58	#
