%% File generated by CATS v.2.1Thu May  9 12:50:17 2024

%% The CATS webpage is http://robotics.stanford.edu/CATS

%% PARAMETER SETTINGS:
% Goods: 40; Bids: 100; Distribution: regions; Runs: 1; Seed: 11
% Regions Distribution Parameters:
% Max Substitutable Bids = 5
% Removing HV Neighbor   = 0.1
% Adding DIAG Neighbor   = 0.2
% Additional Location    = 0.9
% Jump Probability       = 0.05
% Additivity             = 0.2
% Budget Factor          = 1.5
% Resale Factor          = 0.5
% Normal Private Value:
%   Mean                 = 0
%   Standard Deviation   = 30



goods 40
bids 103
dummy 19

0	127.047	19	25	40	#
1	100.508	19	20	40	#
2	76.1082	24	25	40	#
3	1382.12	0	1	3	4	6	7	8	9	10	12	13	14	15	16	17	18	19	20	21	22	23	26	29	33	34	35	41	#
4	1755.66	1	2	4	5	7	8	9	10	11	13	15	16	17	19	20	21	22	25	26	27	28	30	31	32	33	34	41	#
5	1747.95	1	2	6	7	8	12	13	15	18	19	20	21	22	23	24	25	26	27	28	29	30	31	32	33	34	35	41	#
6	1722.08	1	2	4	7	8	9	10	15	16	17	19	20	21	22	23	25	26	27	28	29	30	31	32	33	34	35	41	#
7	1673.96	2	3	4	5	8	9	11	15	16	18	19	20	21	22	23	24	25	26	28	29	30	31	32	33	34	35	41	#
8	1668.95	1	2	3	4	5	7	8	9	10	11	15	16	17	19	20	21	22	25	26	27	28	29	31	32	33	34	41	#
9	166.001	10	16	17	42	#
10	202.702	4	9	10	42	#
11	190.383	10	11	16	42	#
12	1445.98	0	1	2	6	7	8	12	13	14	15	18	19	20	21	22	25	26	27	28	30	31	32	43	#
13	1551.2	6	7	8	12	13	14	18	19	20	22	23	24	25	26	27	28	29	30	31	32	33	35	43	#
14	1548.35	6	7	12	13	14	17	18	19	20	21	22	23	24	25	26	27	28	29	30	31	32	33	43	#
15	1541.35	4	5	10	11	16	17	18	19	20	21	22	23	24	25	26	27	28	29	30	31	32	33	43	#
16	1489.09	2	3	7	8	12	13	14	16	18	19	20	21	22	23	24	25	26	27	28	31	32	33	43	#
17	1475.32	1	6	7	12	13	14	15	16	18	19	20	21	22	24	25	26	27	28	30	31	32	33	43	#
18	703.631	0	1	2	3	6	7	8	13	14	15	44	#
19	745.348	0	1	6	8	9	10	11	17	30	31	44	#
20	725.371	0	1	2	3	4	6	7	8	13	14	44	#
21	684.453	0	1	2	6	7	8	13	14	15	21	44	#
22	670.792	1	2	3	6	7	8	9	13	14	15	44	#
23	632.601	0	1	2	6	7	8	9	10	14	22	44	#
24	748.4	9	14	15	16	20	21	22	23	28	29	34	35	45	#
25	952.759	15	16	20	21	22	23	25	26	27	28	29	35	45	#
26	951.215	8	11	14	15	16	17	21	22	23	27	28	29	45	#
27	915.889	16	17	19	20	21	22	23	25	26	27	28	29	45	#
28	878.673	8	15	16	17	20	21	22	23	26	28	29	34	45	#
29	854.983	10	11	14	15	16	17	21	22	23	24	29	35	45	#
30	847.203	1	2	6	7	8	13	14	15	16	19	20	21	46	#
31	974.739	0	1	2	6	7	8	13	14	18	19	20	25	46	#
32	874.66	1	2	3	4	6	7	8	9	12	13	18	19	46	#
33	872.616	0	1	2	4	6	7	8	9	10	13	14	15	46	#
34	858.901	0	1	2	6	7	8	12	13	14	20	21	26	46	#
35	846.947	0	1	2	3	6	7	8	12	13	14	18	19	46	#
36	1129.35	2	3	4	5	7	8	9	10	11	14	15	18	19	20	21	25	27	33	37	47	#
37	1442.63	1	2	3	9	15	16	17	21	22	23	25	26	27	28	29	32	33	34	35	47	#
38	1431.98	2	3	4	5	8	9	10	11	15	16	17	21	22	23	29	30	31	32	35	47	#
39	1430.08	6	12	18	19	20	21	22	23	24	25	26	27	28	29	30	31	32	33	34	47	#
40	1394.26	2	4	8	9	14	15	18	19	20	21	22	24	25	26	27	28	29	31	32	47	#
41	1390.27	4	6	7	8	9	10	11	12	13	15	16	17	18	19	23	24	25	30	31	47	#
42	506.203	3	4	5	9	10	11	48	#
43	425.264	1	2	3	4	8	9	48	#
44	423.229	4	10	11	16	17	23	48	#
45	399.639	1	2	3	4	9	15	48	#
46	345.308	8	9	10	16	17	23	48	#
47	341.934	4	8	9	10	16	17	48	#
48	1484.96	3	4	5	9	10	11	14	15	16	17	18	19	20	21	22	23	24	27	28	29	30	35	39	49	#
49	1685.93	1	2	3	4	5	7	8	9	10	11	12	13	14	15	16	17	19	20	21	22	23	26	27	49	#
50	1632.47	1	2	3	4	6	7	8	9	10	11	13	14	15	16	17	19	20	21	22	23	27	28	33	49	#
51	1619	0	1	2	3	4	5	6	7	8	9	10	11	12	13	14	15	16	17	19	22	23	28	29	49	#
52	1579.99	0	1	2	3	4	5	7	8	9	10	11	12	13	14	15	16	17	19	20	21	22	23	28	49	#
53	1565.37	0	2	3	4	5	6	7	8	9	10	11	12	13	14	15	16	17	19	20	21	22	23	29	49	#
54	308.297	6	12	13	19	50	#
55	313.255	7	13	14	15	50	#
56	264.865	6	12	19	25	50	#
57	251.88	6	12	18	19	50	#
58	221.275	12	19	25	31	50	#
59	1088.54	12	15	16	17	19	20	21	22	23	25	26	27	28	32	36	51	#
60	1209.08	7	12	13	14	18	19	20	21	25	26	27	28	30	31	32	51	#
61	1152.52	15	16	18	19	20	21	22	24	25	26	27	28	30	31	32	51	#
62	1137.56	1	7	13	14	15	20	21	22	25	26	27	28	31	32	33	51	#
63	1105.46	7	10	11	14	15	16	17	19	20	21	22	23	25	26	27	51	#
64	1068.23	18	19	20	21	22	24	25	26	27	28	29	30	31	32	33	51	#
65	83.4043	2	#
66	873.802	13	14	15	19	20	21	22	24	25	26	27	30	31	32	52	#
67	905.457	8	9	14	15	16	20	21	25	26	27	30	31	32	33	52	#
68	901.41	0	1	2	7	8	12	13	20	24	25	26	30	31	32	52	#
69	901.306	15	20	21	25	26	27	28	29	30	31	32	33	34	38	52	#
70	864.724	1	7	8	10	11	14	16	17	22	23	27	28	33	34	52	#
71	862.514	1	6	7	12	18	19	24	25	26	27	31	32	33	34	52	#
72	286.559	1	6	7	12	13	14	20	53	#
73	411.684	0	6	7	11	14	20	25	53	#
74	388.655	0	1	8	19	20	21	22	53	#
75	344.353	0	1	2	7	8	14	15	53	#
76	338.459	0	1	2	6	7	13	14	53	#
77	313.297	6	7	12	19	20	21	35	53	#
78	91.681	16	22	28	#
79	241.774	6	12	13	54	#
80	301.319	12	13	18	54	#
81	299.357	7	12	13	54	#
82	198.234	6	7	12	54	#
83	210.673	4	5	10	55	#
84	271.145	4	10	11	55	#
85	253.982	3	4	10	55	#
86	229.312	4	5	11	55	#
87	817.414	0	1	2	3	4	6	7	8	9	10	12	13	14	19	20	56	#
88	1013.71	0	1	2	6	7	8	13	14	15	16	20	26	27	32	33	56	#
89	1012.69	0	1	2	3	6	7	8	9	10	11	13	14	15	20	21	56	#
90	1009.74	0	1	2	4	5	7	8	9	10	11	13	14	15	16	22	56	#
91	1007.62	1	2	6	7	8	9	13	14	15	20	21	25	26	27	32	56	#
92	977.7	0	1	2	6	7	8	9	10	13	14	15	20	21	26	27	56	#
93	298.376	0	1	2	6	57	#
94	428.187	1	4	7	14	57	#
95	298.189	0	1	6	7	57	#
96	269.354	0	6	7	14	57	#
97	234.674	0	1	2	3	57	#
98	198.741	24	25	26	27	58	#
99	279.115	20	21	26	27	58	#
100	233.647	26	31	32	33	58	#
101	225.358	20	24	25	26	58	#
102	186.265	18	19	24	25	58	#
