%% File generated by CATS v.2.1Thu May  9 12:50:17 2024

%% The CATS webpage is http://robotics.stanford.edu/CATS

%% PARAMETER SETTINGS:
% Goods: 40; Bids: 100; Distribution: regions; Runs: 1; Seed: 14
% Regions Distribution Parameters:
% Max Substitutable Bids = 5
% Removing HV Neighbor   = 0.1
% Adding DIAG Neighbor   = 0.2
% Additional Location    = 0.9
% Jump Probability       = 0.05
% Additivity             = 0.2
% Budget Factor          = 1.5
% Resale Factor          = 0.5
% Normal Private Value:
%   Mean                 = 0
%   Standard Deviation   = 30



goods 40
bids 100
dummy 18

0	267.676	24	25	26	30	40	#
1	288.992	18	24	25	31	40	#
2	227.27	19	24	25	30	40	#
3	209.475	19	20	26	31	40	#
4	226.123	6	12	13	18	24	30	41	#
5	338.677	1	6	7	12	13	14	41	#
6	292.514	18	24	25	26	30	31	41	#
7	260.605	6	8	12	13	18	24	41	#
8	217.02	6	7	12	13	19	20	41	#
9	164.085	6	12	13	14	18	19	41	#
10	69.7202	8	9	#
11	2323.23	0	1	2	3	4	5	6	7	8	9	10	11	12	13	14	15	16	17	18	19	20	21	22	23	24	25	26	27	28	29	30	31	32	33	34	35	42	#
12	2474.55	0	1	2	3	4	5	6	7	8	9	10	11	12	13	14	15	16	17	18	19	20	21	22	23	25	26	27	28	29	31	32	33	34	35	37	38	42	#
13	2456.35	0	1	2	3	4	5	6	7	8	9	10	11	12	13	14	15	16	17	18	19	20	21	22	23	25	26	27	28	29	31	32	33	34	35	36	37	42	#
14	2448.93	0	1	2	3	4	5	6	7	8	9	10	11	12	13	14	15	16	18	19	20	21	22	23	24	25	26	27	28	29	30	31	32	33	34	35	38	42	#
15	2412.66	0	1	2	3	4	5	6	7	8	9	10	11	12	13	14	15	16	18	19	20	21	22	23	24	25	26	27	28	29	30	31	32	33	34	35	37	42	#
16	2409.77	0	1	2	3	4	6	7	8	9	10	11	12	13	14	15	16	17	18	19	20	21	22	23	24	25	26	27	28	29	30	31	32	33	34	35	38	42	#
17	336.944	1	2	6	7	43	#
18	330.187	1	6	7	8	43	#
19	294.575	1	6	7	12	43	#
20	292.26	7	8	12	13	43	#
21	219.594	2	3	4	5	43	#
22	392.03	24	25	30	31	44	#
23	381.711	18	24	25	30	44	#
24	269.615	12	18	24	30	44	#
25	220.76	13	19	25	31	44	#
26	224.698	6	7	8	14	45	#
27	301.16	0	8	13	14	45	#
28	271.972	7	8	13	14	45	#
29	248.85	6	12	13	14	45	#
30	192.786	9	13	14	15	45	#
31	122.025	22	#
32	46.892	24	30	#
33	253.663	16	22	23	46	#
34	282.099	17	22	23	46	#
35	215.914	10	16	22	46	#
36	126.293	21	22	27	46	#
37	782.765	9	14	15	16	20	21	22	26	27	28	29	31	34	47	#
38	1011.17	3	7	8	9	14	15	20	21	22	23	26	28	34	47	#
39	982.757	4	9	12	14	15	20	21	22	27	28	33	34	35	47	#
40	951.338	0	6	7	8	9	12	13	14	15	19	20	21	22	47	#
41	933.433	19	20	21	22	23	24	25	26	27	28	30	31	34	47	#
42	929.904	7	8	14	15	16	17	18	19	20	21	22	23	24	47	#
43	350.857	4	5	12	18	19	20	24	48	#
44	444.759	0	6	7	12	18	24	30	48	#
45	414.217	4	5	10	11	16	17	23	48	#
46	386.383	19	24	25	26	31	32	33	48	#
47	331.009	19	20	24	25	30	32	33	48	#
48	330.872	0	1	6	7	12	13	19	48	#
49	861.693	14	15	16	19	20	21	22	24	25	26	30	31	32	49	#
50	1060.98	1	2	6	7	12	13	20	25	26	27	30	32	33	49	#
51	1022.46	6	8	12	13	14	18	19	20	24	25	26	37	39	49	#
52	1006.12	6	7	8	13	14	15	19	20	24	25	26	30	31	49	#
53	928.157	6	13	14	15	19	20	21	25	26	27	28	31	32	49	#
54	925.601	6	8	12	13	19	20	21	24	25	26	27	30	31	49	#
55	1259.98	0	4	6	7	8	9	10	11	12	13	14	15	16	17	18	19	20	21	22	23	24	27	29	34	50	#
56	1492.36	3	4	6	7	8	10	11	12	13	14	15	16	17	18	19	20	21	22	23	28	29	34	35	36	50	#
57	1477.51	1	3	4	5	7	8	10	11	13	14	15	16	17	18	19	20	21	22	23	27	28	29	34	35	50	#
58	1474.42	3	4	10	14	15	16	17	18	19	20	21	22	23	25	26	27	28	29	31	33	34	35	36	38	50	#
59	1443.44	0	1	2	6	7	8	9	12	13	14	15	18	19	20	21	23	26	27	28	29	33	34	35	37	50	#
60	1415.29	0	1	6	7	8	12	13	14	15	17	18	19	20	21	22	23	24	25	26	27	28	30	31	33	50	#
61	706.797	3	4	5	8	9	10	11	14	15	16	17	20	21	51	#
62	1027.53	8	9	10	14	15	19	20	22	23	28	29	34	35	51	#
63	1010.86	6	12	16	20	21	22	25	26	27	28	31	34	35	51	#
64	970.099	6	13	15	16	19	20	21	22	25	26	28	29	31	51	#
65	954.154	2	3	9	10	13	19	25	26	31	32	33	34	35	51	#
66	925.023	2	3	4	5	10	11	14	15	16	17	22	23	28	51	#
67	920.794	9	10	13	14	15	16	17	21	22	23	28	29	34	35	52	#
68	1059.46	0	1	2	6	7	8	9	12	13	14	15	18	21	22	52	#
69	971.633	8	9	10	14	15	16	17	21	22	23	28	29	34	35	52	#
70	917.165	1	2	3	7	8	9	12	13	14	15	18	19	24	30	52	#
71	902.355	0	1	7	8	12	13	14	15	18	19	24	25	26	31	52	#
72	871.72	7	8	14	15	16	20	21	22	23	28	29	33	34	35	52	#
73	193.384	6	12	36	53	#
74	251.915	21	22	36	53	#
75	117.063	6	12	13	53	#
76	916.928	0	1	6	7	8	9	10	12	13	14	15	20	54	#
77	913.226	0	1	6	7	8	12	13	14	19	20	25	26	54	#
78	889.007	14	15	16	18	19	20	22	24	25	26	27	30	54	#
79	876.87	0	1	2	4	5	6	7	8	9	10	13	38	54	#
80	864.373	0	1	6	7	13	14	18	19	25	26	27	33	54	#
81	863.057	7	8	14	19	20	21	22	25	26	27	28	31	54	#
82	568.632	8	13	14	19	20	31	39	55	#
83	629.216	8	14	15	20	21	22	28	55	#
84	511.437	14	20	26	27	32	33	34	55	#
85	498.302	6	7	8	9	13	14	20	55	#
86	498.073	28	29	33	34	35	37	39	55	#
87	454.22	3	8	9	10	15	21	22	55	#
88	774.04	6	7	8	12	13	14	19	20	25	26	31	56	#
89	793.696	0	1	2	8	11	13	14	15	19	25	30	56	#
90	781.784	0	1	6	7	8	12	13	14	18	19	37	56	#
91	771.744	0	6	8	12	13	14	15	18	19	20	26	56	#
92	760.595	1	6	7	8	12	13	14	19	20	25	26	56	#
93	742.751	6	7	8	9	12	13	14	19	20	23	39	56	#
94	734.704	18	19	20	21	24	25	26	27	28	30	31	32	33	34	57	#
95	932.36	14	15	16	17	21	22	23	26	28	29	32	33	34	35	57	#
96	925.774	15	16	18	21	22	24	25	26	27	28	30	32	33	34	57	#
97	923.999	7	8	12	13	14	18	19	24	25	26	27	30	32	33	57	#
98	919.663	0	1	6	8	13	14	18	19	25	26	27	30	32	33	57	#
99	917.307	6	7	8	12	13	19	24	25	26	27	30	32	33	34	57	#
