%% File generated by CATS v.2.1Thu May  9 13:09:07 2024

%% The CATS webpage is http://robotics.stanford.edu/CATS

%% PARAMETER SETTINGS:
% Goods: 40; Bids: 100; Distribution: scheduling; Runs: 1; Seed: 83
% Scheduling Distribution Parameters:
% max_length                = 10
% deviation                 = 0.500000
% prob_additional_deadline  = 0.700000
% additivity                = 0.200000



goods 40
bids 113
dummy 4

0	4.68348	0	1	2	3	40	#
1	4.68348	1	2	3	4	40	#
2	4.68348	2	3	4	5	40	#
3	4.68348	3	4	5	6	40	#
4	4.68348	4	5	6	7	40	#
5	4.68348	5	6	7	8	40	#
6	4.68348	6	7	8	9	40	#
7	4.68348	7	8	9	10	40	#
8	4.68348	8	9	10	11	40	#
9	4.68348	9	10	11	12	40	#
10	4.68348	10	11	12	13	40	#
11	4.68348	11	12	13	14	40	#
12	4.68348	12	13	14	15	40	#
13	4.68348	13	14	15	16	40	#
14	4.68348	14	15	16	17	40	#
15	4.68348	15	16	17	18	40	#
16	4.68348	16	17	18	19	40	#
17	4.68348	17	18	19	20	40	#
18	4.68348	18	19	20	21	40	#
19	4.68348	19	20	21	22	40	#
20	4.68348	20	21	22	23	40	#
21	4.68348	21	22	23	24	40	#
22	4.68348	22	23	24	25	40	#
23	4.68348	23	24	25	26	40	#
24	4.68348	24	25	26	27	40	#
25	4.68348	25	26	27	28	40	#
26	4.68348	26	27	28	29	40	#
27	4.68348	27	28	29	30	40	#
28	4.68348	28	29	30	31	40	#
29	4.68348	29	30	31	32	40	#
30	4.68348	30	31	32	33	40	#
31	4.68348	31	32	33	34	40	#
32	4.68348	32	33	34	35	40	#
33	4.68348	33	34	35	36	40	#
34	4.68348	34	35	36	37	40	#
35	4.56023	35	36	37	38	40	#
36	8.29443	0	1	2	3	4	5	6	41	#
37	8.29443	1	2	3	4	5	6	7	41	#
38	8.29443	2	3	4	5	6	7	8	41	#
39	8.29443	3	4	5	6	7	8	9	41	#
40	8.29443	4	5	6	7	8	9	10	41	#
41	8.29443	5	6	7	8	9	10	11	41	#
42	8.29443	6	7	8	9	10	11	12	41	#
43	8.29443	7	8	9	10	11	12	13	41	#
44	8.29443	8	9	10	11	12	13	14	41	#
45	5.8061	9	10	11	12	13	14	15	41	#
46	5.8061	10	11	12	13	14	15	16	41	#
47	5.8061	11	12	13	14	15	16	17	41	#
48	5.8061	12	13	14	15	16	17	18	41	#
49	5.8061	13	14	15	16	17	18	19	41	#
50	5.8061	14	15	16	17	18	19	20	41	#
51	8.88836	0	1	2	3	4	5	6	7	42	#
52	8.88836	1	2	3	4	5	6	7	8	42	#
53	8.88836	2	3	4	5	6	7	8	9	42	#
54	8.88836	3	4	5	6	7	8	9	10	42	#
55	8.88836	4	5	6	7	8	9	10	11	42	#
56	8.88836	5	6	7	8	9	10	11	12	42	#
57	8.88836	6	7	8	9	10	11	12	13	42	#
58	3.39849	7	8	9	10	11	12	13	14	42	#
59	3.39849	8	9	10	11	12	13	14	15	42	#
60	3.39849	9	10	11	12	13	14	15	16	42	#
61	3.39849	10	11	12	13	14	15	16	17	42	#
62	3.39849	11	12	13	14	15	16	17	18	42	#
63	3.39849	12	13	14	15	16	17	18	19	42	#
64	3.39849	13	14	15	16	17	18	19	20	42	#
65	3.39849	14	15	16	17	18	19	20	21	42	#
66	3.39849	15	16	17	18	19	20	21	22	42	#
67	3.39849	16	17	18	19	20	21	22	23	42	#
68	3.39849	17	18	19	20	21	22	23	24	42	#
69	3.39849	18	19	20	21	22	23	24	25	42	#
70	3.39849	19	20	21	22	23	24	25	26	42	#
71	3.39849	20	21	22	23	24	25	26	27	42	#
72	3.39849	21	22	23	24	25	26	27	28	42	#
73	3.39849	22	23	24	25	26	27	28	29	42	#
74	3.39849	23	24	25	26	27	28	29	30	42	#
75	3.39849	24	25	26	27	28	29	30	31	42	#
76	3.39849	25	26	27	28	29	30	31	32	42	#
77	3.39849	26	27	28	29	30	31	32	33	42	#
78	3.39849	27	28	29	30	31	32	33	34	42	#
79	3.30139	28	29	30	31	32	33	34	35	42	#
80	2.53553	0	1	43	#
81	2.53553	1	2	43	#
82	2.53553	2	3	43	#
83	2.53553	3	4	43	#
84	2.53553	4	5	43	#
85	2.53553	5	6	43	#
86	2.53553	6	7	43	#
87	2.53553	7	8	43	#
88	2.53553	8	9	43	#
89	2.53553	9	10	43	#
90	2.53553	10	11	43	#
91	2.53553	11	12	43	#
92	2.53553	12	13	43	#
93	2.53553	13	14	43	#
94	2.53553	14	15	43	#
95	2.53553	15	16	43	#
96	2.53553	16	17	43	#
97	2.53553	17	18	43	#
98	2.53553	18	19	43	#
99	2.53553	19	20	43	#
100	2.53553	20	21	43	#
101	2.53553	21	22	43	#
102	2.53553	22	23	43	#
103	2.53553	23	24	43	#
104	2.53553	24	25	43	#
105	2.53553	25	26	43	#
106	2.53553	26	27	43	#
107	2.53553	27	28	43	#
108	2.53553	28	29	43	#
109	2.53553	29	30	43	#
110	2.53553	30	31	43	#
111	2.53553	31	32	43	#
112	2.53553	32	33	43	#
