%% File generated by CATS v.2.1Thu May  9 13:09:07 2024

%% The CATS webpage is http://robotics.stanford.edu/CATS

%% PARAMETER SETTINGS:
% Goods: 40; Bids: 100; Distribution: scheduling; Runs: 1; Seed: 79
% Scheduling Distribution Parameters:
% max_length                = 10
% deviation                 = 0.500000
% prob_additional_deadline  = 0.700000
% additivity                = 0.200000



goods 40
bids 119
dummy 5

0	2.14478	0	1	40	#
1	2.14478	1	2	40	#
2	2.14478	2	3	40	#
3	2.14478	3	4	40	#
4	2.14478	4	5	40	#
5	2.14478	5	6	40	#
6	2.14478	6	7	40	#
7	2.14478	7	8	40	#
8	2.14478	8	9	40	#
9	2.14478	9	10	40	#
10	2.14478	10	11	40	#
11	2.14478	11	12	40	#
12	2.14478	12	13	40	#
13	2.14478	13	14	40	#
14	2.14478	14	15	40	#
15	2.14478	15	16	40	#
16	2.14478	16	17	40	#
17	2.14478	17	18	40	#
18	2.14478	18	19	40	#
19	2.14478	19	20	40	#
20	2.14478	20	21	40	#
21	1.40751	21	22	40	#
22	1.40751	22	23	40	#
23	1.40751	23	24	40	#
24	1.40751	24	25	40	#
25	1.40751	25	26	40	#
26	1.40751	26	27	40	#
27	1.40751	27	28	40	#
28	1.40751	28	29	40	#
29	1.40751	29	30	40	#
30	1.40751	30	31	40	#
31	1.40751	31	32	40	#
32	13.6175	0	1	2	3	4	5	6	41	#
33	13.6175	1	2	3	4	5	6	7	41	#
34	13.6175	2	3	4	5	6	7	8	41	#
35	13.6175	3	4	5	6	7	8	9	41	#
36	13.6175	4	5	6	7	8	9	10	41	#
37	13.6175	5	6	7	8	9	10	11	41	#
38	13.6175	6	7	8	9	10	11	12	41	#
39	13.6175	7	8	9	10	11	12	13	41	#
40	13.6175	8	9	10	11	12	13	14	41	#
41	13.6175	9	10	11	12	13	14	15	41	#
42	13.6175	10	11	12	13	14	15	16	41	#
43	13.6175	11	12	13	14	15	16	17	41	#
44	13.6175	12	13	14	15	16	17	18	41	#
45	13.6175	13	14	15	16	17	18	19	41	#
46	13.6175	14	15	16	17	18	19	20	41	#
47	10.4588	0	1	2	3	4	5	6	7	42	#
48	10.4588	1	2	3	4	5	6	7	8	42	#
49	10.4588	2	3	4	5	6	7	8	9	42	#
50	10.4588	3	4	5	6	7	8	9	10	42	#
51	10.4588	4	5	6	7	8	9	10	11	42	#
52	10.4588	5	6	7	8	9	10	11	12	42	#
53	10.4588	6	7	8	9	10	11	12	13	42	#
54	10.4588	7	8	9	10	11	12	13	14	42	#
55	10.4588	8	9	10	11	12	13	14	15	42	#
56	10.4588	9	10	11	12	13	14	15	16	42	#
57	10.4588	10	11	12	13	14	15	16	17	42	#
58	10.4588	11	12	13	14	15	16	17	18	42	#
59	10.4588	12	13	14	15	16	17	18	19	42	#
60	10.4588	13	14	15	16	17	18	19	20	42	#
61	10.4588	14	15	16	17	18	19	20	21	42	#
62	10.4588	15	16	17	18	19	20	21	22	42	#
63	10.4588	16	17	18	19	20	21	22	23	42	#
64	10.4588	17	18	19	20	21	22	23	24	42	#
65	10.4588	18	19	20	21	22	23	24	25	42	#
66	10.4588	19	20	21	22	23	24	25	26	42	#
67	10.4588	20	21	22	23	24	25	26	27	42	#
68	9.73752	21	22	23	24	25	26	27	28	42	#
69	9.73752	22	23	24	25	26	27	28	29	42	#
70	8.16597	0	1	2	3	4	5	6	7	8	43	#
71	8.16597	1	2	3	4	5	6	7	8	9	43	#
72	8.16597	2	3	4	5	6	7	8	9	10	43	#
73	8.16597	3	4	5	6	7	8	9	10	11	43	#
74	8.16597	4	5	6	7	8	9	10	11	12	43	#
75	8.16597	5	6	7	8	9	10	11	12	13	43	#
76	8.16597	6	7	8	9	10	11	12	13	14	43	#
77	8.16597	7	8	9	10	11	12	13	14	15	43	#
78	8.16597	8	9	10	11	12	13	14	15	16	43	#
79	8.16597	9	10	11	12	13	14	15	16	17	43	#
80	8.16597	10	11	12	13	14	15	16	17	18	43	#
81	8.16597	11	12	13	14	15	16	17	18	19	43	#
82	8.16597	12	13	14	15	16	17	18	19	20	43	#
83	8.16597	13	14	15	16	17	18	19	20	21	43	#
84	8.16597	14	15	16	17	18	19	20	21	22	43	#
85	8.16597	15	16	17	18	19	20	21	22	23	43	#
86	8.16597	16	17	18	19	20	21	22	23	24	43	#
87	8.16597	17	18	19	20	21	22	23	24	25	43	#
88	8.16597	18	19	20	21	22	23	24	25	26	43	#
89	8.16597	19	20	21	22	23	24	25	26	27	43	#
90	8.16597	20	21	22	23	24	25	26	27	28	43	#
91	8.16597	21	22	23	24	25	26	27	28	29	43	#
92	8.16597	22	23	24	25	26	27	28	29	30	43	#
93	8.16597	23	24	25	26	27	28	29	30	31	43	#
94	8.16597	24	25	26	27	28	29	30	31	32	43	#
95	8.16597	25	26	27	28	29	30	31	32	33	43	#
96	8.16597	26	27	28	29	30	31	32	33	34	43	#
97	8.16597	27	28	29	30	31	32	33	34	35	43	#
98	8.37	0	1	2	3	4	44	#
99	8.37	1	2	3	4	5	44	#
100	8.37	2	3	4	5	6	44	#
101	8.37	3	4	5	6	7	44	#
102	8.37	4	5	6	7	8	44	#
103	8.37	5	6	7	8	9	44	#
104	8.37	6	7	8	9	10	44	#
105	8.37	7	8	9	10	11	44	#
106	8.37	8	9	10	11	12	44	#
107	8.37	9	10	11	12	13	44	#
108	4.53375	10	11	12	13	14	44	#
109	4.53375	11	12	13	14	15	44	#
110	4.53375	12	13	14	15	16	44	#
111	4.53375	13	14	15	16	17	44	#
112	4.53375	14	15	16	17	18	44	#
113	4.53375	15	16	17	18	19	44	#
114	4.53375	16	17	18	19	20	44	#
115	4.53375	17	18	19	20	21	44	#
116	4.53375	18	19	20	21	22	44	#
117	4.53375	19	20	21	22	23	44	#
118	4.53375	20	21	22	23	24	44	#
