%% File generated by CATS v.2.1Thu May  9 13:09:07 2024

%% The CATS webpage is http://robotics.stanford.edu/CATS

%% PARAMETER SETTINGS:
% Goods: 40; Bids: 100; Distribution: scheduling; Runs: 1; Seed: 24
% Scheduling Distribution Parameters:
% max_length                = 10
% deviation                 = 0.500000
% prob_additional_deadline  = 0.700000
% additivity                = 0.200000



goods 40
bids 128
dummy 4

0	1.31907	0	40	#
1	1.31907	1	40	#
2	1.31907	2	40	#
3	1.31907	3	40	#
4	1.31907	4	40	#
5	1.31907	5	40	#
6	1.31907	6	40	#
7	1.31907	7	40	#
8	1.31907	8	40	#
9	1.31907	9	40	#
10	1.31907	10	40	#
11	1.31907	11	40	#
12	1.31907	12	40	#
13	1.31907	13	40	#
14	1.31907	14	40	#
15	1.31907	15	40	#
16	1.31907	16	40	#
17	1.31907	17	40	#
18	1.31907	18	40	#
19	1.31907	19	40	#
20	1.31907	20	40	#
21	1.31907	21	40	#
22	1.31907	22	40	#
23	1.31907	23	40	#
24	1.31907	24	40	#
25	1.31907	25	40	#
26	1.31907	26	40	#
27	1.31907	27	40	#
28	1.31907	28	40	#
29	1.31907	29	40	#
30	1.31907	30	40	#
31	1.31907	31	40	#
32	1.31907	32	40	#
33	1.31907	33	40	#
34	1.31907	34	40	#
35	1.31907	35	40	#
36	1.31907	36	40	#
37	1.24964	37	40	#
38	1.24964	38	40	#
39	1.2176	39	40	#
40	1.15338	0	41	#
41	1.15338	1	41	#
42	1.15338	2	41	#
43	1.15338	3	41	#
44	1.15338	4	41	#
45	1.15338	5	41	#
46	1.15338	6	41	#
47	1.15338	7	41	#
48	1.15338	8	41	#
49	1.15338	9	41	#
50	1.15338	10	41	#
51	1.15338	11	41	#
52	1.15338	12	41	#
53	1.15338	13	41	#
54	1.15338	14	41	#
55	0.76892	15	41	#
56	0.76892	16	41	#
57	0.76892	17	41	#
58	0.76892	18	41	#
59	0.76892	19	41	#
60	0.76892	20	41	#
61	0.76892	21	41	#
62	0.702057	22	41	#
63	0.702057	23	41	#
64	12.0086	0	1	2	3	4	5	42	#
65	12.0086	1	2	3	4	5	6	42	#
66	12.0086	2	3	4	5	6	7	42	#
67	12.0086	3	4	5	6	7	8	42	#
68	12.0086	4	5	6	7	8	9	42	#
69	12.0086	5	6	7	8	9	10	42	#
70	12.0086	6	7	8	9	10	11	42	#
71	12.0086	7	8	9	10	11	12	42	#
72	12.0086	8	9	10	11	12	13	42	#
73	12.0086	9	10	11	12	13	14	42	#
74	12.0086	10	11	12	13	14	15	42	#
75	12.0086	11	12	13	14	15	16	42	#
76	12.0086	12	13	14	15	16	17	42	#
77	12.0086	13	14	15	16	17	18	42	#
78	12.0086	14	15	16	17	18	19	42	#
79	12.0086	15	16	17	18	19	20	42	#
80	12.0086	16	17	18	19	20	21	42	#
81	12.0086	17	18	19	20	21	22	42	#
82	12.0086	18	19	20	21	22	23	42	#
83	12.0086	19	20	21	22	23	24	42	#
84	11.5282	20	21	22	23	24	25	42	#
85	9.93814	21	22	23	24	25	26	42	#
86	9.93814	22	23	24	25	26	27	42	#
87	9.93814	23	24	25	26	27	28	42	#
88	9.93814	24	25	26	27	28	29	42	#
89	8.23445	25	26	27	28	29	30	42	#
90	8.23445	26	27	28	29	30	31	42	#
91	8.23445	27	28	29	30	31	32	42	#
92	8.23445	28	29	30	31	32	33	42	#
93	8.23445	29	30	31	32	33	34	42	#
94	8.23445	30	31	32	33	34	35	42	#
95	7.78935	31	32	33	34	35	36	42	#
96	7.78935	32	33	34	35	36	37	42	#
97	7.58437	33	34	35	36	37	38	42	#
98	7.3899	34	35	36	37	38	39	42	#
99	11.9289	0	1	2	3	4	5	6	7	8	43	#
100	11.9289	1	2	3	4	5	6	7	8	9	43	#
101	11.9289	2	3	4	5	6	7	8	9	10	43	#
102	11.9289	3	4	5	6	7	8	9	10	11	43	#
103	11.9289	4	5	6	7	8	9	10	11	12	43	#
104	11.9289	5	6	7	8	9	10	11	12	13	43	#
105	11.9289	6	7	8	9	10	11	12	13	14	43	#
106	11.9289	7	8	9	10	11	12	13	14	15	43	#
107	11.9289	8	9	10	11	12	13	14	15	16	43	#
108	11.9289	9	10	11	12	13	14	15	16	17	43	#
109	11.9289	10	11	12	13	14	15	16	17	18	43	#
110	11.9289	11	12	13	14	15	16	17	18	19	43	#
111	11.9289	12	13	14	15	16	17	18	19	20	43	#
112	11.9289	13	14	15	16	17	18	19	20	21	43	#
113	11.9289	14	15	16	17	18	19	20	21	22	43	#
114	11.9289	15	16	17	18	19	20	21	22	23	43	#
115	11.9289	16	17	18	19	20	21	22	23	24	43	#
116	11.9289	17	18	19	20	21	22	23	24	25	43	#
117	11.9289	18	19	20	21	22	23	24	25	26	43	#
118	11.9289	19	20	21	22	23	24	25	26	27	43	#
119	11.9289	20	21	22	23	24	25	26	27	28	43	#
120	11.9289	21	22	23	24	25	26	27	28	29	43	#
121	11.9289	22	23	24	25	26	27	28	29	30	43	#
122	11.9289	23	24	25	26	27	28	29	30	31	43	#
123	10.8763	24	25	26	27	28	29	30	31	32	43	#
124	10.8763	25	26	27	28	29	30	31	32	33	43	#
125	10.8763	26	27	28	29	30	31	32	33	34	43	#
126	10.2721	27	28	29	30	31	32	33	34	35	43	#
127	10.2721	28	29	30	31	32	33	34	35	36	43	#
