%% File generated by CATS v.2.1Thu May  9 13:09:07 2024

%% The CATS webpage is http://robotics.stanford.edu/CATS

%% PARAMETER SETTINGS:
% Goods: 40; Bids: 100; Distribution: scheduling; Runs: 1; Seed: 3
% Scheduling Distribution Parameters:
% max_length                = 10
% deviation                 = 0.500000
% prob_additional_deadline  = 0.700000
% additivity                = 0.200000



goods 40
bids 116
dummy 4

0	4.28422	0	1	2	3	40	#
1	4.28422	1	2	3	4	40	#
2	4.28422	2	3	4	5	40	#
3	4.28422	3	4	5	6	40	#
4	4.28422	4	5	6	7	40	#
5	4.28422	5	6	7	8	40	#
6	4.28422	6	7	8	9	40	#
7	4.28422	7	8	9	10	40	#
8	4.28422	8	9	10	11	40	#
9	4.28422	9	10	11	12	40	#
10	4.28422	10	11	12	13	40	#
11	4.28422	11	12	13	14	40	#
12	4.28422	12	13	14	15	40	#
13	4.28422	13	14	15	16	40	#
14	4.28422	14	15	16	17	40	#
15	4.28422	15	16	17	18	40	#
16	4.28422	16	17	18	19	40	#
17	4.28422	17	18	19	20	40	#
18	4.28422	18	19	20	21	40	#
19	4.28422	19	20	21	22	40	#
20	4.28422	20	21	22	23	40	#
21	4.28422	21	22	23	24	40	#
22	4.28422	22	23	24	25	40	#
23	4.28422	23	24	25	26	40	#
24	4.28422	24	25	26	27	40	#
25	4.28422	25	26	27	28	40	#
26	4.28422	26	27	28	29	40	#
27	4.28422	27	28	29	30	40	#
28	3.38228	28	29	30	31	40	#
29	3.38228	29	30	31	32	40	#
30	3.38228	30	31	32	33	40	#
31	3.38228	31	32	33	34	40	#
32	3.38228	32	33	34	35	40	#
33	3.38228	33	34	35	36	40	#
34	3.38228	34	35	36	37	40	#
35	3.38228	35	36	37	38	40	#
36	3.29556	36	37	38	39	40	#
37	15.4838	0	1	2	3	4	5	6	7	8	41	#
38	15.4838	1	2	3	4	5	6	7	8	9	41	#
39	15.4838	2	3	4	5	6	7	8	9	10	41	#
40	15.4838	3	4	5	6	7	8	9	10	11	41	#
41	15.4838	4	5	6	7	8	9	10	11	12	41	#
42	15.4838	5	6	7	8	9	10	11	12	13	41	#
43	15.4838	6	7	8	9	10	11	12	13	14	41	#
44	15.4838	7	8	9	10	11	12	13	14	15	41	#
45	15.4838	8	9	10	11	12	13	14	15	16	41	#
46	15.4838	9	10	11	12	13	14	15	16	17	41	#
47	15.4838	10	11	12	13	14	15	16	17	18	41	#
48	15.4838	11	12	13	14	15	16	17	18	19	41	#
49	15.4838	12	13	14	15	16	17	18	19	20	41	#
50	15.4838	13	14	15	16	17	18	19	20	21	41	#
51	15.4838	14	15	16	17	18	19	20	21	22	41	#
52	8.73446	15	16	17	18	19	20	21	22	23	41	#
53	8.73446	16	17	18	19	20	21	22	23	24	41	#
54	8.73446	17	18	19	20	21	22	23	24	25	41	#
55	8.73446	18	19	20	21	22	23	24	25	26	41	#
56	8.73446	19	20	21	22	23	24	25	26	27	41	#
57	8.73446	20	21	22	23	24	25	26	27	28	41	#
58	8.73446	21	22	23	24	25	26	27	28	29	41	#
59	8.73446	22	23	24	25	26	27	28	29	30	41	#
60	8.73446	23	24	25	26	27	28	29	30	31	41	#
61	8.73446	24	25	26	27	28	29	30	31	32	41	#
62	8.73446	25	26	27	28	29	30	31	32	33	41	#
63	8.73446	26	27	28	29	30	31	32	33	34	41	#
64	8.73446	27	28	29	30	31	32	33	34	35	41	#
65	8.73446	28	29	30	31	32	33	34	35	36	41	#
66	8.73446	29	30	31	32	33	34	35	36	37	41	#
67	8.73446	30	31	32	33	34	35	36	37	38	41	#
68	8.73446	31	32	33	34	35	36	37	38	39	41	#
69	8.93838	0	1	2	3	4	5	6	7	8	9	42	#
70	2.43774	1	2	3	4	5	6	7	8	9	10	42	#
71	2.43774	2	3	4	5	6	7	8	9	10	11	42	#
72	2.43774	3	4	5	6	7	8	9	10	11	12	42	#
73	2.43774	4	5	6	7	8	9	10	11	12	13	42	#
74	2.43774	5	6	7	8	9	10	11	12	13	14	42	#
75	2.43774	6	7	8	9	10	11	12	13	14	15	42	#
76	2.43774	7	8	9	10	11	12	13	14	15	16	42	#
77	2.43774	8	9	10	11	12	13	14	15	16	17	42	#
78	2.43774	9	10	11	12	13	14	15	16	17	18	42	#
79	2.43774	10	11	12	13	14	15	16	17	18	19	42	#
80	2.43774	11	12	13	14	15	16	17	18	19	20	42	#
81	2.43774	12	13	14	15	16	17	18	19	20	21	42	#
82	2.43774	13	14	15	16	17	18	19	20	21	22	42	#
83	2.43774	14	15	16	17	18	19	20	21	22	23	42	#
84	2.43774	15	16	17	18	19	20	21	22	23	24	42	#
85	2.43774	16	17	18	19	20	21	22	23	24	25	42	#
86	2.43774	17	18	19	20	21	22	23	24	25	26	42	#
87	2.43774	18	19	20	21	22	23	24	25	26	27	42	#
88	2.43774	19	20	21	22	23	24	25	26	27	28	42	#
89	2.43774	20	21	22	23	24	25	26	27	28	29	42	#
90	2.43774	21	22	23	24	25	26	27	28	29	30	42	#
91	2.43774	22	23	24	25	26	27	28	29	30	31	42	#
92	2.43774	23	24	25	26	27	28	29	30	31	32	42	#
93	2.43774	24	25	26	27	28	29	30	31	32	33	42	#
94	3.41125	0	1	2	43	#
95	3.41125	1	2	3	43	#
96	3.41125	2	3	4	43	#
97	3.41125	3	4	5	43	#
98	3.41125	4	5	6	43	#
99	3.41125	5	6	7	43	#
100	3.41125	6	7	8	43	#
101	3.41125	7	8	9	43	#
102	3.41125	8	9	10	43	#
103	3.41125	9	10	11	43	#
104	3.41125	10	11	12	43	#
105	3.41125	11	12	13	43	#
106	3.41125	12	13	14	43	#
107	3.41125	13	14	15	43	#
108	3.41125	14	15	16	43	#
109	3.41125	15	16	17	43	#
110	3.41125	16	17	18	43	#
111	3.41125	17	18	19	43	#
112	3.41125	18	19	20	43	#
113	3.41125	19	20	21	43	#
114	3.41125	20	21	22	43	#
115	3.41125	21	22	23	43	#
