%% File generated by CATS v.2.1Thu May  9 12:39:01 2024

%% The CATS webpage is http://robotics.stanford.edu/CATS

%% PARAMETER SETTINGS:
% Goods: 52; Bids: 100; Distribution: arbitrary; Runs: 1; Seed: 27
% Arbitrary Distribution Parameters:
% Max Substitutable Bids = 5
% Removing HV Neighbor   = 0.1
% Adding DIAG Neighbor   = 0.2
% Additional Location    = 0.9
% Additivity             = 0.2
% Budget Factor          = 1.5
% Resale Factor          = 0.5
% Normal Private Value:
%   Mean                 = 0
%   Standard Deviation   = 30



goods 52
bids 104
dummy 21

0	316.135	0	10	13	26	27	28	30	52	#
1	438.601	0	5	9	18	24	27	32	52	#
2	436.318	6	12	15	30	41	44	48	52	#
3	421.815	9	10	30	37	40	45	49	52	#
4	420.539	1	2	6	11	26	39	40	52	#
5	155.424	2	50	53	#
6	87.9562	25	50	53	#
7	78.797	2	7	53	#
8	412.775	15	25	35	38	42	54	#
9	485.972	2	6	30	42	49	54	#
10	424.071	2	6	15	33	38	54	#
11	288.867	2	15	25	35	45	54	#
12	258.959	2	4	10	13	38	54	#
13	833.107	0	2	5	6	7	8	9	11	17	25	28	32	33	35	38	47	55	#
14	1076.44	2	5	8	12	15	16	21	25	27	28	33	36	38	45	50	51	55	#
15	1072.86	2	4	6	9	13	16	18	21	25	31	38	39	45	46	49	50	55	#
16	1009.42	1	6	11	13	16	19	21	22	26	27	28	34	39	40	47	49	55	#
17	993.07	0	2	3	6	12	14	16	18	19	27	28	31	32	46	47	49	55	#
18	988.381	2	4	9	10	13	16	17	19	22	25	34	35	38	40	50	51	55	#
19	195.351	9	31	44	48	56	#
20	151.311	2	10	28	44	56	#
21	148.901	17	24	57	#
22	121.286	17	37	57	#
23	304.784	2	15	18	29	36	46	47	58	#
24	413.792	4	5	16	23	41	46	49	58	#
25	375.318	20	24	25	29	33	34	36	58	#
26	370.687	5	11	22	27	29	38	39	58	#
27	303.66	0	14	30	33	34	37	47	58	#
28	276.495	1	15	20	22	35	43	45	58	#
29	454.487	7	29	33	36	38	42	51	59	#
30	545.853	16	18	29	33	44	47	50	59	#
31	526.796	14	17	18	32	36	46	48	59	#
32	517.688	2	30	33	35	42	49	51	59	#
33	362.84	3	11	16	33	35	48	51	59	#
34	341.954	7	13	32	36	41	44	51	59	#
35	184.986	26	32	38	60	#
36	161.483	4	33	38	60	#
37	119.565	1	32	41	60	#
38	629.808	0	2	4	7	16	20	29	34	35	36	40	43	45	48	61	#
39	838.37	1	8	9	13	17	20	24	25	27	30	33	34	43	49	61	#
40	703.326	2	7	10	16	20	21	24	28	29	36	38	43	44	48	61	#
41	700.177	0	2	9	16	19	22	24	31	33	35	36	37	41	43	61	#
42	698.795	3	4	9	11	14	19	24	29	30	37	38	43	48	51	61	#
43	698.015	3	4	7	12	13	16	19	24	29	30	35	37	44	51	61	#
44	81.4182	0	30	45	47	#
45	508.385	1	4	17	22	24	29	33	34	35	41	44	45	48	49	62	#
46	760.058	1	2	9	12	13	16	17	25	27	29	32	34	36	48	62	#
47	754.467	0	1	4	5	10	12	13	20	28	29	35	38	39	48	62	#
48	736.595	2	4	17	20	21	24	25	29	33	36	41	43	44	46	62	#
49	729.688	1	4	9	24	27	29	35	38	39	41	43	44	49	51	62	#
50	710.397	0	1	3	13	14	18	23	24	25	29	31	36	38	51	62	#
51	325.862	8	25	31	32	37	39	43	63	#
52	431.399	3	13	16	32	37	39	40	63	#
53	410.766	11	20	25	27	32	35	47	63	#
54	350.286	0	19	29	31	32	35	37	63	#
55	333.43	5	8	12	28	36	43	50	63	#
56	296.243	12	18	22	27	32	34	38	63	#
57	173.227	50	51	64	#
58	195.102	25	50	64	#
59	74.4012	41	51	64	#
60	52.5436	27	43	65	#
61	51.8123	43	44	65	#
62	1132.23	0	6	12	14	17	19	20	21	24	26	28	29	30	42	45	47	48	49	50	51	66	#
63	1244.98	0	2	3	5	6	11	12	14	15	17	20	22	28	31	39	40	42	43	44	49	66	#
64	1232.57	0	1	6	7	8	9	12	15	17	20	23	27	33	41	42	45	47	49	50	51	66	#
65	1231.17	0	2	3	5	9	10	20	23	24	28	29	32	35	36	40	43	45	48	49	51	66	#
66	1151.06	2	3	5	7	9	14	15	20	23	26	33	36	40	41	43	44	45	47	49	51	66	#
67	1148.32	0	3	4	5	10	12	17	18	20	24	31	32	33	34	35	41	42	43	45	51	66	#
68	601.434	2	6	9	10	11	13	16	18	19	24	29	38	67	#
69	753.54	6	9	11	15	16	20	28	37	44	46	47	48	67	#
70	702.647	2	4	9	14	17	18	24	25	28	39	41	50	67	#
71	684.237	2	4	10	14	17	23	27	28	29	39	46	49	67	#
72	669.841	0	5	7	9	15	18	20	25	27	34	36	49	67	#
73	642.935	0	3	4	9	12	13	20	26	32	36	48	50	67	#
74	459.332	5	11	13	17	31	33	34	35	49	68	#
75	640.271	0	1	11	14	42	43	47	49	50	68	#
76	636.673	0	1	2	14	17	25	36	42	43	68	#
77	587.913	0	4	11	14	17	31	32	34	35	68	#
78	486.331	1	3	4	9	11	33	43	46	50	68	#
79	473.145	2	7	13	20	21	35	36	46	51	68	#
80	547.526	3	5	8	23	24	33	34	41	44	47	69	#
81	674.444	10	12	17	22	30	32	34	41	42	46	69	#
82	656.524	3	6	10	23	27	29	32	34	41	47	69	#
83	609.846	8	10	24	25	30	35	40	41	46	47	69	#
84	574.743	3	4	10	14	26	33	37	38	41	47	69	#
85	532.218	3	4	6	8	10	26	27	32	46	49	69	#
86	1399.95	2	5	7	8	11	12	14	15	16	19	21	22	27	28	30	33	34	35	39	41	42	45	48	49	70	#
87	1695.18	0	1	2	4	6	9	10	12	15	18	21	22	23	25	32	33	35	36	37	39	40	41	46	51	70	#
88	1607.25	4	9	12	13	14	18	19	20	21	22	27	29	31	33	36	37	39	40	41	42	44	45	50	51	70	#
89	1595.91	2	4	6	7	12	17	18	20	21	22	23	27	28	29	30	32	33	35	36	39	40	43	45	46	70	#
90	1587.64	1	2	4	11	12	13	15	16	17	18	19	20	21	22	24	29	32	34	35	39	41	44	50	51	70	#
91	1456.36	0	1	2	4	9	12	13	15	16	21	22	25	27	28	29	30	34	35	37	38	39	41	44	46	70	#
92	687.215	2	3	4	5	7	10	22	23	24	25	28	33	46	71	#
93	890.687	1	2	9	11	12	13	14	15	19	28	33	47	50	71	#
94	860.975	0	2	4	12	17	19	20	22	23	25	32	46	49	71	#
95	840.598	10	11	12	13	17	28	29	32	33	37	39	43	51	71	#
96	773.125	1	2	4	5	8	9	10	16	20	27	30	46	51	71	#
97	736.188	4	5	6	9	11	22	24	26	32	42	43	49	51	71	#
98	1461.02	0	2	8	9	10	11	12	13	14	15	16	17	18	20	23	29	31	34	36	37	38	41	43	44	46	47	48	72	#
99	1748.7	0	2	6	7	8	10	12	14	15	16	18	20	22	24	26	27	28	29	32	33	34	39	40	42	43	48	50	72	#
100	1723.26	0	4	5	6	8	9	13	14	15	16	17	18	20	22	24	25	29	33	35	37	39	42	45	46	47	48	50	72	#
101	1723	0	3	4	5	6	12	13	15	16	17	18	20	21	23	25	26	30	32	39	41	43	44	45	47	48	50	51	72	#
102	1688.75	0	2	5	6	8	9	10	13	15	17	20	22	23	25	26	28	29	32	36	39	41	42	43	44	45	48	51	72	#
103	1684.29	0	4	9	10	12	15	18	19	20	22	25	26	27	28	29	30	33	36	37	39	40	42	44	45	48	50	51	72	#
