%% File generated by CATS v.2.1Thu May  9 12:39:01 2024

%% The CATS webpage is http://robotics.stanford.edu/CATS

%% PARAMETER SETTINGS:
% Goods: 52; Bids: 100; Distribution: arbitrary; Runs: 1; Seed: 13
% Arbitrary Distribution Parameters:
% Max Substitutable Bids = 5
% Removing HV Neighbor   = 0.1
% Adding DIAG Neighbor   = 0.2
% Additional Location    = 0.9
% Additivity             = 0.2
% Budget Factor          = 1.5
% Resale Factor          = 0.5
% Uniform Private Value:
%   Deviation            = 0.5
%   Max Good Value       = 100



goods 52
bids 105
dummy 19

0	919.949	2	3	6	9	13	15	16	20	29	40	44	51	52	#
1	1007.05	2	8	9	13	16	31	32	34	37	40	41	46	52	#
2	906.487	6	8	21	30	35	37	38	41	43	44	47	49	52	#
3	858.446	5	8	9	15	17	19	28	29	30	38	42	44	52	#
4	836.171	3	9	14	15	25	28	29	35	43	44	45	46	52	#
5	821.751	2	3	5	9	18	22	31	32	34	35	37	40	52	#
6	578.981	8	12	20	40	44	45	53	#
7	591.636	21	25	30	41	43	45	53	#
8	546.594	4	7	8	13	30	48	53	#
9	539.624	8	12	21	25	26	39	53	#
10	484.191	1	28	30	41	44	46	53	#
11	423.676	5	10	12	28	30	40	53	#
12	1366.03	1	11	14	15	19	21	23	26	28	29	33	34	36	37	39	40	43	45	54	#
13	1423.2	1	3	9	15	16	19	20	26	28	29	30	36	37	38	40	42	45	46	54	#
14	1421.58	1	9	14	15	20	28	29	33	34	36	37	38	40	41	42	45	46	47	54	#
15	1404.55	1	2	3	7	9	11	14	15	19	22	26	27	33	36	40	42	45	51	54	#
16	1341.83	1	8	11	13	14	15	16	19	23	24	34	36	37	39	40	41	46	51	54	#
17	1341.38	1	2	9	14	15	20	23	26	28	30	33	36	38	39	41	43	47	51	54	#
18	494.91	29	36	40	42	46	50	55	#
19	622.899	6	19	21	22	40	42	55	#
20	556.653	10	13	17	40	41	46	55	#
21	525.913	9	12	13	18	42	50	55	#
22	512.851	8	12	17	36	41	51	55	#
23	434.644	9	20	21	29	40	48	55	#
24	472.775	0	5	8	16	23	44	46	47	56	#
25	656.581	5	9	12	13	21	27	31	40	56	#
26	655.334	1	3	5	8	12	24	31	40	56	#
27	644.412	3	4	5	12	17	18	46	50	56	#
28	608.036	3	5	6	16	19	20	24	41	56	#
29	555.868	8	18	21	23	24	28	31	37	56	#
30	339.107	5	10	25	33	36	50	57	#
31	488.532	3	10	16	17	21	40	57	#
32	407.276	5	18	19	34	44	50	57	#
33	405.731	10	16	17	25	38	46	57	#
34	401.256	8	10	29	36	44	48	57	#
35	367.799	1	11	19	35	38	50	57	#
36	119.6	3	41	58	#
37	87.6492	3	5	58	#
38	1627.04	1	5	6	8	9	10	18	19	20	21	23	26	28	34	35	43	44	45	47	48	50	51	59	#
39	1671.69	1	3	5	7	8	10	11	12	13	19	20	26	27	30	31	32	34	35	42	43	45	51	59	#
40	1639.48	1	2	3	5	11	13	18	20	23	24	26	27	31	34	35	38	43	44	46	47	50	51	59	#
41	1626.3	1	2	6	7	8	9	10	14	18	19	23	24	28	30	34	35	38	43	44	46	50	51	59	#
42	1626.2	5	6	7	8	9	10	11	13	14	15	19	20	23	24	28	31	32	34	35	40	43	48	59	#
43	1590.94	2	5	6	7	8	9	10	13	20	23	24	27	28	30	32	34	35	36	38	43	45	48	59	#
44	340.042	30	32	36	46	60	#
45	400.235	22	29	30	44	60	#
46	360.385	9	13	31	32	60	#
47	298.162	29	32	38	46	60	#
48	252.495	4	13	25	36	60	#
49	41.1319	14	#
50	293.348	29	42	45	61	#
51	285.95	23	29	38	61	#
52	272.217	15	31	42	61	#
53	263.687	25	45	50	61	#
54	564.186	1	9	13	22	23	38	48	62	#
55	622.643	1	4	22	26	31	33	36	62	#
56	613.317	13	18	24	30	31	41	43	62	#
57	605.895	9	23	31	36	38	45	48	62	#
58	602.733	4	12	23	26	33	48	51	62	#
59	556.021	1	18	23	26	28	30	50	62	#
60	444.392	6	7	8	16	38	48	63	#
61	485.924	3	7	28	30	48	51	63	#
62	390.796	31	33	35	38	43	44	63	#
63	384.439	0	5	7	8	12	31	63	#
64	355.73	3	4	6	18	24	31	63	#
65	340.818	3	9	12	17	38	48	63	#
66	878.197	4	5	6	7	12	15	17	25	26	31	32	45	64	#
67	1025.37	0	8	12	14	30	31	32	38	39	45	46	50	64	#
68	1020.89	5	15	16	18	20	21	26	31	34	37	39	50	64	#
69	1010.78	0	1	2	4	5	7	14	15	26	30	32	46	64	#
70	999.181	1	8	11	12	15	16	17	30	31	32	34	42	64	#
71	983.058	0	5	8	14	21	25	26	28	33	34	36	45	64	#
72	342.393	2	4	13	14	65	#
73	319.356	2	4	8	43	65	#
74	260.053	1	5	9	14	65	#
75	235.093	13	15	25	42	65	#
76	216.625	4	7	33	39	65	#
77	86.3826	30	#
78	234.146	0	29	39	66	#
79	298.713	0	21	40	66	#
80	251.799	0	20	29	66	#
81	202.466	11	16	39	66	#
82	80.8861	39	#
83	219.344	6	33	38	67	#
84	287.202	4	6	33	67	#
85	221.81	33	37	48	67	#
86	139.912	14	32	38	67	#
87	1776.34	0	3	5	8	10	12	13	14	16	17	18	21	27	28	29	30	32	33	34	35	37	39	40	42	43	46	50	68	#
88	2067.43	0	2	3	8	9	10	13	15	18	19	22	23	26	28	30	31	33	35	37	38	39	40	42	43	45	47	50	68	#
89	2065.63	0	2	3	4	5	8	12	13	15	16	18	21	26	29	30	31	32	33	34	35	37	38	40	42	43	44	46	68	#
90	2040.48	0	2	3	4	7	8	10	12	18	19	26	30	31	32	33	34	35	38	39	40	42	44	45	46	49	50	51	68	#
91	1983.58	0	2	4	8	9	10	11	12	13	15	16	18	19	21	22	25	33	34	37	39	41	43	44	45	46	47	51	68	#
92	1964.6	0	3	5	7	8	9	10	12	15	17	19	21	22	28	29	30	33	34	38	41	42	43	46	47	48	50	51	68	#
93	1244.1	0	1	10	12	24	26	29	30	31	34	36	37	44	48	49	50	69	#
94	1401.71	2	10	11	15	19	23	30	31	32	35	37	40	42	48	49	50	69	#
95	1371.35	0	6	7	8	12	17	20	23	24	29	35	36	37	40	41	42	69	#
96	1325.8	0	2	12	14	15	20	23	24	30	32	37	39	45	48	49	51	69	#
97	1282.27	0	1	4	8	12	17	21	22	23	26	30	32	34	37	48	49	69	#
98	1280	0	8	10	12	14	17	18	20	23	26	27	29	31	35	42	45	69	#
99	2080.35	2	3	5	6	7	9	10	11	12	13	16	17	20	22	26	30	33	34	36	39	41	42	44	45	47	48	50	70	#
100	2151.47	2	3	4	5	6	9	10	11	13	15	16	17	20	22	26	28	30	31	32	34	35	37	39	43	47	48	50	70	#
101	2143.7	0	1	2	4	5	9	10	11	15	17	20	21	22	25	28	29	31	33	34	35	37	39	41	42	43	45	48	70	#
102	2121.88	1	2	5	9	10	13	15	17	21	22	23	26	28	30	32	35	36	39	41	42	43	44	45	46	47	48	50	70	#
103	2120.11	2	5	6	8	9	10	13	15	16	17	22	24	25	26	28	29	33	34	36	37	39	41	42	43	45	47	48	70	#
104	2106.63	1	4	5	6	9	10	11	12	13	15	17	22	23	25	26	28	29	30	34	36	38	39	42	43	45	48	50	70	#
