%% File generated by CATS v.2.1Thu May  9 12:39:01 2024

%% The CATS webpage is http://robotics.stanford.edu/CATS

%% PARAMETER SETTINGS:
% Goods: 52; Bids: 100; Distribution: arbitrary; Runs: 1; Seed: 20
% Arbitrary Distribution Parameters:
% Max Substitutable Bids = 5
% Removing HV Neighbor   = 0.1
% Adding DIAG Neighbor   = 0.2
% Additional Location    = 0.9
% Additivity             = 0.2
% Budget Factor          = 1.5
% Resale Factor          = 0.5
% Uniform Private Value:
%   Deviation            = 0.5
%   Max Good Value       = 100



goods 52
bids 100
dummy 19

0	583.418	1	4	21	23	26	34	39	40	52	#
1	612.755	0	12	16	23	24	26	33	35	52	#
2	603.427	1	10	20	23	33	44	46	48	52	#
3	556.483	1	3	4	20	22	23	24	25	52	#
4	541.293	1	16	19	23	27	28	38	40	52	#
5	498.152	7	11	23	27	34	37	39	44	52	#
6	722.366	0	7	8	11	26	27	34	36	45	53	#
7	757.566	8	12	13	14	26	27	28	41	45	53	#
8	736.056	6	8	10	17	30	36	37	44	45	53	#
9	730.916	8	10	27	28	34	37	39	41	50	53	#
10	721.999	0	11	20	28	30	36	38	41	50	53	#
11	662.661	0	6	8	11	12	20	24	38	39	53	#
12	830.428	4	5	11	13	19	21	25	28	34	36	43	46	51	54	#
13	1062.65	1	3	6	12	15	24	25	28	29	35	37	41	51	54	#
14	1056.39	1	20	21	25	26	27	30	31	32	35	39	45	49	54	#
15	1034.38	12	15	18	24	25	31	32	34	39	42	43	49	51	54	#
16	999.351	4	5	8	20	27	29	30	31	34	40	41	42	49	54	#
17	979.005	2	6	8	11	18	21	28	31	32	34	35	42	51	54	#
18	1206.45	2	3	4	6	12	13	18	21	28	30	38	41	48	49	55	#
19	1376.75	0	3	6	11	12	13	24	25	27	28	29	30	32	40	55	#
20	1366.96	2	3	6	12	13	17	18	25	28	29	30	31	37	39	55	#
21	1266.82	2	6	12	13	23	24	25	29	30	36	40	44	47	51	55	#
22	1187.44	0	3	17	18	24	25	26	27	28	31	36	37	48	51	55	#
23	1186.66	2	7	11	12	19	21	26	28	29	32	38	39	48	49	55	#
24	102.302	33	#
25	287.166	7	12	13	17	19	56	#
26	391.235	5	13	14	25	50	56	#
27	303.103	7	10	18	41	50	56	#
28	289.799	6	8	10	11	17	56	#
29	33.4187	13	#
30	250.194	20	31	57	#
31	241.646	26	31	57	#
32	116.627	20	22	57	#
33	141.227	21	38	48	58	#
34	145.124	7	9	21	58	#
35	61.2511	30	#
36	396.026	6	11	42	45	59	#
37	451.587	6	38	42	45	59	#
38	437.902	5	6	42	45	59	#
39	297.039	11	17	38	46	59	#
40	282.551	6	25	48	50	59	#
41	594.421	6	16	35	40	44	46	50	60	#
42	732.971	9	14	35	40	42	46	47	60	#
43	669.368	6	15	28	38	39	45	51	60	#
44	637.413	0	5	6	16	28	40	43	60	#
45	559.399	3	5	6	14	23	47	50	60	#
46	513.661	0	5	35	39	41	47	51	60	#
47	671	4	10	12	16	22	30	38	49	51	61	#
48	766.041	3	6	10	14	20	38	39	40	49	61	#
49	760.943	6	12	13	26	30	34	45	49	51	61	#
50	700.426	3	13	15	22	27	38	40	48	51	61	#
51	665.172	1	6	10	13	21	26	38	44	49	61	#
52	641.726	0	8	12	13	23	35	37	47	50	61	#
53	151.258	2	16	37	44	62	#
54	202.781	0	2	16	48	62	#
55	191.469	21	26	37	44	62	#
56	334.817	28	29	32	35	63	#
57	424.802	18	35	43	49	63	#
58	315.609	16	31	32	35	63	#
59	309.191	2	28	35	45	63	#
60	308.288	2	27	29	48	63	#
61	197.131	16	21	41	44	64	#
62	265.826	8	19	39	44	64	#
63	265.245	13	14	21	29	64	#
64	149.999	15	26	41	51	64	#
65	574.952	5	7	22	23	32	34	37	38	44	65	#
66	729.803	9	24	26	28	32	33	34	48	50	65	#
67	703.747	7	11	15	21	22	26	28	34	38	65	#
68	694.966	6	7	12	21	24	34	36	37	47	65	#
69	675.268	5	6	8	9	15	18	21	34	46	65	#
70	657.466	9	13	15	22	23	24	35	42	50	65	#
71	969.471	6	11	20	23	24	25	27	29	34	39	40	44	48	66	#
72	1011.37	3	5	6	17	18	21	29	31	32	35	41	47	50	66	#
73	972.31	3	6	7	9	16	18	20	25	27	32	35	41	46	66	#
74	971.657	2	3	6	7	12	27	29	31	39	40	47	48	50	66	#
75	945.465	4	5	15	18	25	27	29	32	40	45	46	48	50	66	#
76	933.468	4	10	11	17	20	24	30	31	35	37	40	48	50	66	#
77	439.687	0	8	15	18	32	43	67	#
78	458.198	0	18	22	30	36	38	67	#
79	446.078	0	14	32	36	39	43	67	#
80	419.462	0	21	28	32	44	49	67	#
81	417.985	4	8	12	13	25	27	67	#
82	415.97	0	11	12	16	18	49	67	#
83	266.113	7	9	13	34	68	#
84	324.091	11	12	13	48	68	#
85	305.852	1	10	34	39	68	#
86	303.495	7	28	42	45	68	#
87	256.787	4	9	14	49	68	#
88	510.173	11	16	18	22	30	42	44	69	#
89	589.966	0	24	25	39	40	42	46	69	#
90	552.485	7	8	18	21	22	39	49	69	#
91	540.642	7	11	18	19	22	29	39	69	#
92	522.905	7	15	18	26	28	41	44	69	#
93	494.719	0	8	29	30	34	37	49	69	#
94	1884.95	3	6	9	13	14	15	17	20	24	26	27	29	32	33	37	40	42	43	45	46	47	49	51	70	#
95	1817.98	1	3	9	10	11	13	24	26	27	28	30	32	33	34	36	37	38	40	42	43	44	49	50	70	#
96	1811.21	1	3	5	6	9	13	15	16	17	28	29	31	32	33	34	37	40	41	44	45	46	47	51	70	#
97	1730.5	0	1	3	5	13	15	17	18	22	24	26	27	28	31	33	36	40	41	43	46	48	49	51	70	#
98	1726	0	1	3	5	7	12	13	14	16	18	24	26	28	29	31	32	34	37	39	40	43	49	50	70	#
99	1709.04	3	5	6	8	11	14	16	24	29	31	32	33	36	37	39	42	43	45	46	47	49	50	51	70	#
