%% File generated by CATS v.2.1Thu May  9 12:49:03 2024

%% The CATS webpage is http://robotics.stanford.edu/CATS

%% PARAMETER SETTINGS:
% Goods: 52; Bids: 100; Distribution: paths; Runs: 1; Seed: 56
% Paths Distribution Parameters:
% Initial connections:       = 2
% Edge density:              = 3.000000
% Shipping cost factor:      = 1.500000
% Max bid set size:          = 5
% Building penalty:          = 1.700000



goods 52
bids 100
dummy 35

0	0.899749	37	52	#
1	0.899749	13	49	52	#
2	0.493171	2	23	#
3	0.521384	4	48	53	#
4	0.521384	2	45	53	#
5	0.521384	2	16	23	53	#
6	0.521384	2	4	24	53	#
7	0.521384	2	4	5	23	53	#
8	0.5325	29	#
9	1.16221	8	10	28	38	54	#
10	1.16221	45	50	54	#
11	1.16221	16	23	50	54	#
12	1.16221	9	45	47	54	#
13	1.16221	9	16	23	47	54	#
14	0.768846	23	36	55	#
15	0.768846	24	25	35	55	#
16	0.768846	5	23	25	35	55	#
17	0.768846	5	24	36	55	#
18	0.768846	4	25	35	45	55	#
19	0.743206	0	5	35	#
20	1.02762	46	56	#
21	1.02762	7	20	32	56	#
22	1.02762	19	20	30	56	#
23	1.02762	15	16	37	56	#
24	1.02762	4	5	15	37	56	#
25	1.05388	4	50	57	#
26	1.05388	4	9	47	57	#
27	1.05388	4	8	12	47	57	#
28	1.05388	4	7	9	43	57	#
29	1.05388	4	7	8	12	43	57	#
30	0.282272	20	#
31	0.655237	19	51	58	#
32	0.655237	10	11	19	58	#
33	0.701529	20	32	#
34	0.70559	10	19	22	59	#
35	0.70559	19	21	51	59	#
36	0.70559	10	11	19	21	59	#
37	0.842818	46	#
38	0.680714	36	60	#
39	0.680714	5	25	35	60	#
40	0.680714	4	16	25	35	60	#
41	0.680714	7	16	26	60	#
42	1.05303	44	61	#
43	1.05303	3	41	61	#
44	1.05303	0	35	48	61	#
45	1.05303	0	2	24	35	61	#
46	0.334105	26	#
47	0.754658	10	14	19	20	62	#
48	0.754658	10	13	15	19	20	62	#
49	0.176006	25	#
50	1.00941	37	63	#
51	1.00941	13	49	63	#
52	1.00941	13	27	36	63	#
53	1.00941	5	13	25	27	35	63	#
54	1.00941	15	16	46	63	#
55	0.368907	18	64	#
56	0.368907	17	23	64	#
57	0.640569	30	#
58	0.588463	7	45	65	#
59	0.588463	7	16	23	65	#
60	0.588463	4	7	24	65	#
61	0.588463	4	5	7	23	65	#
62	1.00155	6	43	66	#
63	1.00155	12	40	66	#
64	1.00155	12	28	33	66	#
65	1.00155	12	25	34	66	#
66	1.00155	9	42	66	#
67	1.05209	8	34	67	#
68	1.05209	9	12	34	67	#
69	1.05209	9	26	43	67	#
70	1.05209	8	12	26	43	67	#
71	1.05209	25	42	67	#
72	0.494645	32	#
73	0.985005	6	43	68	#
74	0.985005	12	40	68	#
75	0.985005	12	28	33	68	#
76	0.994533	12	43	69	#
77	0.994533	8	9	43	69	#
78	0.994533	29	32	69	#
79	0.994533	10	19	28	32	69	#
80	0.133985	21	#
81	1.0331	0	10	33	70	#
82	1.0331	0	6	19	32	70	#
83	0.794158	10	30	#
84	0.769938	1	13	27	#
85	0.309848	26	#
86	0.758611	9	31	71	#
87	0.758611	8	12	31	71	#
88	0.758611	12	20	29	71	#
89	0.758611	14	39	71	#
90	0.825374	18	36	72	#
91	0.825374	18	5	35	25	72	#
92	0.389765	28	8	#
93	1.10824	0	33	73	#
94	1.10824	1	25	33	73	#
95	1.05388	50	4	74	#
96	1.05388	9	47	4	74	#
97	1.05388	8	12	47	4	74	#
98	1.05388	9	43	7	4	74	#
99	1.05388	8	12	43	7	4	74	#
