%% File generated by CATS v.2.1Thu May  9 12:49:03 2024

%% The CATS webpage is http://robotics.stanford.edu/CATS

%% PARAMETER SETTINGS:
% Goods: 52; Bids: 100; Distribution: paths; Runs: 1; Seed: 4
% Paths Distribution Parameters:
% Initial connections:       = 2
% Edge density:              = 3.000000
% Shipping cost factor:      = 1.500000
% Max bid set size:          = 5
% Building penalty:          = 1.700000



goods 52
bids 101
dummy 35

0	0.667793	6	26	#
1	0.761526	19	50	#
2	0.268554	38	53	#
3	0.268554	15	18	53	#
4	0.268554	6	14	18	53	#
5	0.268554	7	13	15	53	#
6	0.268554	6	7	13	14	53	#
7	0.934821	4	19	23	25	54	#
8	0.934821	0	23	42	54	#
9	0.934821	1	37	54	#
10	0.934821	0	10	37	54	#
11	0.934821	0	23	25	30	54	#
12	0.684187	38	52	55	#
13	0.684187	14	38	51	55	#
14	0.684187	15	18	52	55	#
15	0.684187	6	18	51	55	#
16	0.684187	6	14	18	52	55	#
17	0.929053	19	40	56	#
18	0.929053	21	39	56	#
19	0.929053	4	19	21	44	56	#
20	0.929053	3	19	50	56	#
21	0.929053	2	19	21	50	56	#
22	0.987489	13	17	31	38	57	#
23	0.987489	13	35	38	52	57	#
24	0.987489	11	13	17	38	52	57	#
25	0.987489	7	15	17	31	57	#
26	0.987489	6	7	14	17	31	57	#
27	0.671764	15	31	58	#
28	0.671764	6	14	31	58	#
29	0.671764	11	15	52	58	#
30	0.671764	6	11	51	58	#
31	0.671764	6	11	14	52	58	#
32	0.847576	21	44	59	#
33	0.847576	2	3	44	59	#
34	0.847576	21	25	46	59	#
35	1.08232	9	14	29	60	#
36	1.08232	4	5	8	14	43	60	#
37	0.446239	49	61	#
38	0.446239	2	45	61	#
39	0.671764	15	31	62	#
40	0.671764	6	14	31	62	#
41	0.671764	11	15	52	62	#
42	0.671764	6	11	51	62	#
43	0.671764	6	11	14	52	62	#
44	0.515677	49	63	#
45	0.515677	2	45	63	#
46	1.1666	5	13	48	64	#
47	1.1666	5	7	18	48	64	#
48	0.84398	19	50	65	#
49	0.84398	0	20	50	65	#
50	0.84398	2	39	65	#
51	0.84398	45	47	65	#
52	0.84398	2	4	19	44	65	#
53	0.276437	23	#
54	0.268554	38	66	#
55	0.268554	15	18	66	#
56	0.268554	6	14	18	66	#
57	0.268554	7	13	15	66	#
58	0.268554	6	7	13	14	66	#
59	1.10528	29	38	67	#
60	1.10528	5	22	48	67	#
61	1.10528	5	8	9	48	67	#
62	1.10528	15	18	29	67	#
63	1.10528	6	14	18	29	67	#
64	0.272536	22	68	#
65	0.272536	8	9	68	#
66	0.854399	48	#
67	0.713925	0	47	69	#
68	0.713925	9	10	33	69	#
69	0.632694	26	70	#
70	0.632694	12	51	70	#
71	0.632694	12	14	52	70	#
72	0.632694	14	16	31	70	#
73	0.632694	11	16	51	70	#
74	1.05771	9	14	29	#
75	0.304435	24	#
76	0.836831	41	71	#
77	0.836831	4	24	25	71	#
78	0.597873	8	36	72	#
79	0.597873	9	49	72	#
80	0.597873	2	9	45	72	#
81	0.0868801	16	#
82	0.247785	20	73	#
83	0.247785	0	19	73	#
84	0.64397	23	25	#
85	0.571859	44	#
86	0.840042	38	43	74	#
87	0.840042	4	48	74	#
88	0.840042	18	20	28	74	#
89	0.840042	7	13	20	28	74	#
90	0.840042	15	18	43	74	#
91	0.814065	43	75	#
92	0.814065	19	27	75	#
93	0.236236	13	38	#
94	0.922456	8	32	34	#
95	0.0344065	14	#
96	0.92637	42	34	76	#
97	0.92637	42	23	16	76	#
98	0.92637	30	25	34	76	#
99	0.92637	10	37	16	76	#
100	0.92637	30	25	23	16	76	#
