%% File generated by CATS v.2.1Thu May  9 12:49:03 2024

%% The CATS webpage is http://robotics.stanford.edu/CATS

%% PARAMETER SETTINGS:
% Goods: 52; Bids: 100; Distribution: paths; Runs: 1; Seed: 38
% Paths Distribution Parameters:
% Initial connections:       = 2
% Edge density:              = 3.000000
% Shipping cost factor:      = 1.500000
% Max bid set size:          = 5
% Building penalty:          = 1.700000



goods 52
bids 102
dummy 37

0	0.477583	19	48	#
1	0.367867	8	30	#
2	0.23919	22	#
3	0.666897	5	21	38	#
4	0.710213	42	43	52	#
5	0.710213	4	22	43	52	#
6	0.710213	3	22	23	43	52	#
7	0.971969	6	14	36	53	#
8	0.971969	14	23	27	53	#
9	0.971969	5	6	14	31	53	#
10	0.296756	30	#
11	0.908083	35	54	#
12	0.908083	5	21	50	54	#
13	0.908083	8	37	54	#
14	0.908083	5	8	30	40	54	#
15	0.908083	0	8	30	51	54	#
16	0.858365	15	41	66	#
17	0.153732	8	#
18	0.833799	9	34	55	#
19	0.833799	5	6	16	21	55	#
20	1.09274	15	47	56	#
21	1.09274	15	25	45	56	#
22	1.09274	6	35	56	#
23	1.09274	5	6	21	50	56	#
24	1.09274	6	8	37	56	#
25	0.765256	1	12	17	57	#
26	0.765256	2	12	18	57	#
27	0.765256	0	2	12	17	57	#
28	0.765256	0	1	12	18	57	#
29	0.765256	2	7	13	30	57	#
30	0.710094	7	33	58	#
31	0.710094	8	15	33	58	#
32	0.710094	22	32	58	#
33	0.687572	19	28	#
34	0.592733	13	15	#
35	0.844095	29	59	#
36	0.844095	7	37	59	#
37	0.844095	5	26	59	#
38	0.844095	5	21	32	59	#
39	0.844095	5	7	30	40	59	#
40	0.573186	12	17	#
41	1.20038	9	10	11	12	48	60	#
42	1.20038	12	14	45	60	#
43	1.20038	12	19	24	48	60	#
44	1.20038	9	11	12	19	20	48	60	#
45	1.04573	6	37	61	#
46	1.04573	7	47	61	#
47	1.04573	7	25	45	61	#
48	1.04573	5	6	30	40	61	#
49	1.04573	20	46	49	61	#
50	0.518759	10	46	62	#
51	0.518759	19	20	46	62	#
52	0.219338	5	#
53	0.650815	27	#
54	0.579269	9	10	11	63	#
55	0.579269	19	24	63	#
56	0.579269	9	11	19	20	63	#
57	0.564886	17	48	64	#
58	0.564886	19	44	64	#
59	0.721065	20	44	65	#
60	0.721065	10	17	48	65	#
61	0.721065	10	19	44	65	#
62	0.721065	34	43	65	#
63	0.721065	17	19	20	48	65	#
64	0.146844	11	#
65	0.623692	22	23	38	#
66	0.858365	4	7	33	66	#
67	0.858365	3	7	23	33	66	#
68	0.280776	4	67	#
69	0.280776	3	23	67	#
70	0.605151	8	33	#
71	0.302173	25	#
72	0.365526	22	23	#
73	0.356866	0	7	30	#
74	0.182678	14	#
75	0.493496	21	38	#
76	1.16024	8	39	#
77	1.01371	40	5	6	14	68	#
78	1.01371	0	44	24	68	#
79	1.01371	0	44	20	9	11	68	#
80	1.01371	18	48	10	9	11	68	#
81	1.01371	0	17	48	10	9	11	68	#
82	0.336657	0	43	#
83	0.702987	38	22	23	69	#
84	0.702987	17	43	22	23	69	#
85	0.539306	16	6	#
86	0.503918	46	10	70	#
87	0.503918	46	20	19	70	#
88	0.756328	51	71	#
89	0.756328	43	21	5	71	#
90	0.756328	0	40	5	71	#
91	0.756328	1	2	40	5	71	#
92	1.08193	22	38	12	72	#
93	1.08193	33	7	13	72	#
94	1.08193	22	43	17	12	72	#
95	1.08193	33	8	15	13	72	#
96	1.08193	22	43	0	18	12	72	#
97	0.645687	1	44	73	#
98	0.645687	2	0	44	73	#
99	0.645687	1	17	48	19	73	#
100	0.645687	2	18	48	19	73	#
101	0.645687	2	0	17	48	19	73	#
