%% File generated by CATS v.2.1Thu May  9 12:49:03 2024

%% The CATS webpage is http://robotics.stanford.edu/CATS

%% PARAMETER SETTINGS:
% Goods: 52; Bids: 100; Distribution: paths; Runs: 1; Seed: 76
% Paths Distribution Parameters:
% Initial connections:       = 2
% Edge density:              = 3.000000
% Shipping cost factor:      = 1.500000
% Max bid set size:          = 5
% Building penalty:          = 1.700000



goods 52
bids 101
dummy 48

0	0.943581	50	52	#
1	0.943581	35	37	52	#
2	0.943581	0	14	46	52	#
3	0.943581	14	35	48	52	#
4	0.943581	1	11	46	52	#
5	0.651583	28	#
6	0.557569	16	20	23	#
7	1.1242	9	44	53	#
8	1.1242	0	10	44	53	#
9	0.791774	16	43	54	#
10	0.791774	12	16	25	54	#
11	0.791774	16	23	38	54	#
12	0.791774	12	16	23	36	54	#
13	0.791774	5	12	16	23	49	54	#
14	0.981858	0	46	55	#
15	0.981858	35	48	55	#
16	0.981858	1	2	46	55	#
17	0.149834	11	#
18	1.07048	17	24	27	74	#
19	0.998331	3	16	23	32	56	#
20	0.998331	3	15	16	25	56	#
21	0.998331	4	16	43	56	#
22	0.998331	4	12	16	25	56	#
23	0.998331	3	15	16	23	36	56	#
24	0.728521	44	#
25	0.28388	1	57	#
26	0.28388	0	2	57	#
27	0.0657343	24	#
28	0.198161	13	#
29	0.692525	2	48	#
30	0.847847	2	29	58	#
31	0.847847	17	44	58	#
32	0.847847	16	18	44	58	#
33	0.847847	0	34	58	#
34	0.847847	14	30	58	#
35	1.10803	7	33	59	#
36	1.10803	28	37	59	#
37	1.10803	14	28	48	59	#
38	1.10803	7	8	30	59	#
39	0.263114	19	#
40	0.423002	12	49	#
41	0.941373	0	46	60	#
42	0.941373	35	48	60	#
43	0.622829	44	#
44	0.596222	41	61	#
45	0.596222	24	42	61	#
46	0.596222	15	24	35	61	#
47	0.596222	12	13	24	35	61	#
48	0.898159	20	39	62	#
49	0.898159	5	6	39	62	#
50	0.518052	41	63	#
51	0.518052	24	42	63	#
52	1.0807	9	16	44	64	#
53	1.0807	10	18	34	64	#
54	1.0807	2	9	18	29	64	#
55	0.692755	3	15	49	65	#
56	0.692755	4	12	49	65	#
57	0.692755	3	12	13	49	65	#
58	0.692755	3	5	32	65	#
59	1.11616	7	33	66	#
60	1.11616	28	37	66	#
61	1.11616	14	28	48	66	#
62	1.11616	7	8	30	66	#
63	1.11616	7	8	11	29	66	#
64	0.157751	0	#
65	0.992676	3	7	15	28	67	#
66	0.992676	4	7	12	28	67	#
67	0.992676	3	7	12	13	28	67	#
68	0.405653	26	68	#
69	0.405653	5	18	23	68	#
70	0.37499	19	#
71	0.684478	38	69	#
72	0.684478	12	36	69	#
73	0.684478	5	12	49	69	#
74	0.684478	13	32	69	#
75	0.30331	4	70	#
76	0.30331	3	13	70	#
77	0.275607	4	71	#
78	0.275607	3	13	71	#
79	0.724391	23	32	#
80	0.280519	5	23	#
81	0.269169	6	#
82	0.697116	3	32	72	#
83	0.697116	3	15	36	72	#
84	0.697116	3	5	15	49	72	#
85	0.697116	4	38	72	#
86	0.697116	4	12	36	72	#
87	1.09562	22	47	73	#
88	1.09562	21	24	47	73	#
89	1.09562	39	40	73	#
90	1.09562	7	19	39	73	#
91	1.09562	7	22	28	35	73	#
92	0.541245	3	41	#
93	0.867931	9	44	#
94	0.586927	28	#
95	1.07048	31	74	#
96	1.07048	16	24	25	35	74	#
97	1.07048	17	51	74	#
98	0.52218	5	45	#
99	0.917005	24	46	0	75	#
100	0.917005	24	35	48	75	#
