%% File generated by CATS v.2.1Thu May  9 12:50:20 2024

%% The CATS webpage is http://robotics.stanford.edu/CATS

%% PARAMETER SETTINGS:
% Goods: 52; Bids: 100; Distribution: regions; Runs: 1; Seed: 22
% Regions Distribution Parameters:
% Max Substitutable Bids = 5
% Removing HV Neighbor   = 0.1
% Adding DIAG Neighbor   = 0.2
% Additional Location    = 0.9
% Jump Probability       = 0.05
% Additivity             = 0.2
% Budget Factor          = 1.5
% Resale Factor          = 0.5
% Normal Private Value:
%   Mean                 = 0
%   Standard Deviation   = 30



goods 52
bids 101
dummy 18

0	521.653	0	1	2	7	9	10	14	21	52	#
1	640.395	0	1	2	7	14	28	35	42	52	#
2	591.031	0	1	2	7	14	21	28	35	52	#
3	571.529	0	1	2	7	14	15	21	22	52	#
4	567.617	0	1	2	3	7	14	21	28	52	#
5	561.01	14	21	23	28	29	30	35	42	52	#
6	49.3701	25	#
7	1571.16	0	1	2	3	4	7	8	9	10	11	14	15	16	17	21	22	23	24	31	38	44	45	51	53	#
8	1794.73	0	1	2	3	7	8	14	15	21	22	23	28	29	31	35	36	37	38	39	42	43	44	45	53	#
9	1753.87	20	26	27	28	29	31	32	33	34	35	36	37	38	39	40	41	42	43	44	45	46	47	48	53	#
10	1671.94	2	9	10	15	16	21	22	23	28	29	30	31	35	36	37	38	39	40	42	43	44	45	46	53	#
11	1627.27	0	1	2	3	4	5	6	9	10	11	12	13	16	17	18	19	20	25	26	27	36	44	51	53	#
12	1607.51	16	17	24	26	28	29	31	33	34	35	36	37	38	39	40	41	42	43	44	45	46	47	48	53	#
13	454.335	16	23	29	30	35	36	37	43	44	54	#
14	636.394	28	29	30	35	36	37	42	43	44	54	#
15	634.009	28	29	35	36	37	42	43	44	45	54	#
16	587.663	21	28	29	30	31	35	36	37	42	54	#
17	580.408	28	29	30	31	35	36	37	38	44	54	#
18	569.799	1	7	8	14	15	16	21	22	33	54	#
19	1758.25	0	2	3	4	5	6	7	8	9	10	11	12	14	15	16	17	18	19	23	24	28	29	30	35	36	37	38	42	44	55	#
20	1927.4	0	2	7	8	9	14	18	21	22	24	25	26	27	28	29	31	32	33	34	35	36	37	38	39	40	42	43	44	45	55	#
21	1910.05	0	2	3	4	7	8	9	10	11	14	17	18	21	22	23	24	28	29	30	35	36	37	38	39	42	43	44	45	50	55	#
22	1905.04	0	11	18	21	22	23	24	25	26	27	28	29	30	32	33	34	35	36	37	38	39	40	41	42	44	45	46	47	48	55	#
23	1826.91	0	2	4	5	6	7	8	9	10	11	12	13	14	15	16	17	18	19	21	22	23	24	25	30	31	37	39	44	45	55	#
24	1814.42	2	8	9	11	12	15	18	21	22	23	24	25	27	28	29	30	31	35	36	37	38	39	40	42	43	44	45	46	47	55	#
25	268.271	27	34	40	48	56	#
26	303.381	12	19	20	27	56	#
27	286.37	34	40	47	48	56	#
28	265.39	27	33	34	40	56	#
29	257.744	26	27	33	34	56	#
30	821.261	18	19	20	25	26	27	33	34	39	40	41	44	45	57	#
31	1166.79	1	7	14	32	36	37	38	39	42	43	44	45	46	57	#
32	937.573	17	22	23	24	25	31	32	37	38	39	42	44	46	57	#
33	925.813	23	24	29	30	31	32	36	37	38	39	43	44	45	57	#
34	925.43	18	19	20	26	27	32	33	34	38	39	40	41	45	57	#
35	884.258	17	24	29	31	32	35	36	37	38	39	43	44	45	57	#
36	2192.99	13	14	17	18	20	21	22	23	24	25	26	27	28	29	30	31	32	33	34	35	36	37	38	39	40	41	42	43	44	45	46	47	48	50	58	#
37	2335.87	2	7	8	14	15	17	19	20	21	22	23	24	25	27	28	29	30	31	32	34	35	36	37	38	39	40	41	42	43	44	45	46	47	48	58	#
38	2275.56	1	2	3	4	5	6	7	8	9	10	11	12	13	15	16	19	20	21	22	23	24	27	28	29	30	35	36	37	38	42	43	44	45	46	58	#
39	2264.74	6	12	13	15	18	20	21	22	23	24	25	26	27	28	29	30	31	32	33	34	35	36	37	38	39	40	41	42	43	44	45	46	47	48	58	#
40	2236.27	2	3	4	5	7	8	9	10	11	12	14	18	21	24	25	28	29	30	31	32	35	36	37	38	39	40	41	42	43	44	45	46	47	48	58	#
41	2231.09	7	9	14	16	17	20	21	22	23	24	25	27	28	29	30	31	32	33	34	35	36	37	38	39	40	41	42	43	44	45	46	47	48	49	58	#
42	671.938	0	1	2	7	9	10	14	15	16	22	50	59	#
43	769.058	15	16	21	22	23	30	31	32	37	38	39	59	#
44	733.349	0	1	7	8	9	14	15	21	22	23	28	59	#
45	718.9	6	12	13	19	20	27	33	34	40	41	50	59	#
46	693.076	3	9	10	16	17	21	22	23	24	25	32	59	#
47	684.813	14	15	21	22	23	24	28	35	36	37	38	59	#
48	772.409	14	21	22	23	24	30	31	32	38	39	40	45	60	#
49	1110.22	4	27	33	34	35	36	38	39	40	41	43	46	60	#
50	1035.58	20	26	27	31	32	33	34	38	39	40	41	48	60	#
51	990.457	18	20	23	25	26	27	30	31	32	33	34	40	60	#
52	960.024	5	6	12	13	20	25	27	31	32	34	39	40	60	#
53	843.37	28	29	31	35	36	37	38	39	42	43	44	45	60	#
54	1023.45	4	5	6	10	24	26	31	33	34	36	38	39	40	41	44	45	48	61	#
55	1236.39	4	11	17	18	22	25	26	31	32	33	34	38	39	40	41	45	46	61	#
56	1225.96	0	1	2	3	4	7	8	9	10	11	18	19	20	25	32	36	43	61	#
57	1178.63	27	31	32	33	34	36	37	38	39	40	41	43	44	45	46	47	48	61	#
58	1144	16	17	32	34	36	37	38	39	41	42	43	44	45	46	47	48	51	61	#
59	1134.26	20	24	26	27	30	31	32	33	34	38	39	40	41	45	46	47	48	61	#
60	934.908	27	33	34	36	37	38	39	40	41	42	43	45	46	47	48	62	#
61	1008.3	13	19	20	27	31	32	34	38	39	40	41	44	45	46	47	62	#
62	997.27	28	29	30	31	32	36	37	38	39	40	42	43	44	45	46	62	#
63	996.427	31	32	33	34	37	38	39	40	41	43	44	45	46	47	48	62	#
64	994.708	0	1	2	7	8	9	16	23	26	33	34	40	41	47	48	62	#
65	984.832	0	26	27	31	32	33	34	38	39	40	41	45	46	47	48	62	#
66	270.455	24	29	30	31	36	63	#
67	324.156	28	29	35	36	43	63	#
68	315.6	24	25	31	32	38	63	#
69	308.057	29	35	36	42	43	63	#
70	227.37	30	35	36	37	42	63	#
71	225.205	23	24	25	30	31	63	#
72	752.463	1	2	3	4	8	10	11	15	16	17	18	19	20	24	25	64	#
73	904.443	8	9	16	18	21	22	23	24	25	28	30	31	37	38	45	64	#
74	843.694	11	17	18	24	25	26	27	31	32	33	38	39	40	45	48	64	#
75	840.977	2	9	10	16	17	23	24	25	30	31	32	37	38	44	45	64	#
76	818.116	4	6	11	12	13	17	18	19	20	24	25	27	31	34	40	64	#
77	804.401	0	1	2	3	4	7	8	9	10	11	13	14	18	21	22	64	#
78	183.53	11	12	41	48	65	#
79	263.695	11	13	18	19	65	#
80	243.407	5	6	12	13	65	#
81	203.916	33	40	47	48	65	#
82	229.339	9	16	22	23	66	#
83	244.263	1	2	8	9	66	#
84	156.954	9	16	17	18	66	#
85	67.0529	16	17	23	24	66	#
86	808.197	15	21	22	28	29	30	35	36	37	38	42	43	44	45	67	#
87	1113.02	5	6	29	32	36	37	38	39	42	43	44	45	46	47	67	#
88	973.972	32	35	36	37	38	39	40	41	42	43	44	45	46	47	67	#
89	957.355	24	25	26	31	32	36	37	38	39	42	43	44	45	46	67	#
90	930.732	21	28	32	35	36	37	38	39	40	42	43	44	45	46	67	#
91	887.331	21	22	23	24	28	29	35	36	37	38	42	43	44	45	67	#
92	957.181	3	5	6	9	10	11	12	13	16	17	18	19	20	25	26	27	31	32	33	34	40	41	68	#
93	1400.38	0	1	2	4	6	10	11	12	13	18	19	20	26	27	33	34	38	39	40	45	46	48	68	#
94	1336.01	5	6	11	12	13	18	19	20	21	22	23	24	25	27	29	30	32	34	37	38	39	41	68	#
95	1326.44	15	16	18	20	22	23	24	25	26	27	30	31	32	33	34	37	39	40	41	46	47	48	68	#
96	1320.69	1	2	3	4	5	6	7	8	9	10	12	13	17	18	19	20	24	25	26	27	33	34	68	#
97	1320.1	2	8	9	10	11	17	18	19	20	24	25	26	27	31	32	33	34	39	40	46	47	48	68	#
98	299.772	0	7	14	69	#
99	291.033	7	14	28	69	#
100	216.159	0	1	7	69	#
