%% File generated by CATS v.2.1Thu May  9 12:50:21 2024

%% The CATS webpage is http://robotics.stanford.edu/CATS

%% PARAMETER SETTINGS:
% Goods: 52; Bids: 100; Distribution: regions; Runs: 1; Seed: 62
% Regions Distribution Parameters:
% Max Substitutable Bids = 5
% Removing HV Neighbor   = 0.1
% Adding DIAG Neighbor   = 0.2
% Additional Location    = 0.9
% Jump Probability       = 0.05
% Additivity             = 0.2
% Budget Factor          = 1.5
% Resale Factor          = 0.5
% Normal Private Value:
%   Mean                 = 0
%   Standard Deviation   = 30



goods 52
bids 104
dummy 20

0	293.666	28	35	37	38	42	43	52	#
1	414.313	25	30	31	37	43	44	52	#
2	363.521	35	37	42	43	44	45	52	#
3	289.28	14	21	22	28	35	51	52	#
4	225.166	0	1	7	35	42	43	52	#
5	698.092	32	33	34	38	40	44	45	46	47	48	53	#
6	770.015	11	12	18	36	38	39	43	44	45	46	53	#
7	769.292	26	32	33	38	39	40	45	46	47	48	53	#
8	768.107	33	38	39	40	43	44	45	46	47	48	53	#
9	747.635	31	38	39	40	41	44	45	46	47	48	53	#
10	730.853	11	18	19	20	27	33	34	39	40	48	53	#
11	714.736	3	4	5	6	9	10	11	12	13	17	18	19	20	27	54	#
12	1012.14	4	5	6	11	12	13	16	17	18	19	23	26	30	33	54	#
13	1008.02	6	10	11	12	13	16	17	18	19	20	24	25	26	32	54	#
14	990.009	4	5	6	10	11	12	13	16	17	18	19	20	31	32	54	#
15	923.756	12	18	19	20	25	26	27	33	34	40	41	46	47	48	54	#
16	887.625	4	5	6	8	9	11	12	15	16	17	18	19	33	34	54	#
17	78.1635	8	#
18	90.7931	14	15	16	22	55	#
19	114.562	1	7	8	14	55	#
20	546.777	24	25	30	32	36	37	42	43	44	56	#
21	690.431	18	19	20	24	25	26	27	30	32	56	#
22	591.013	19	26	29	30	36	37	42	43	44	56	#
23	561.904	29	36	37	42	43	44	45	46	47	56	#
24	560.884	0	23	24	25	26	30	32	33	34	56	#
25	546.573	9	16	23	30	35	37	42	43	44	56	#
26	1457	3	4	5	8	9	10	11	12	13	15	16	17	18	19	20	23	25	26	27	29	30	33	36	37	40	43	44	45	57	#
27	1821.68	3	4	9	10	11	12	13	16	17	18	19	20	23	24	25	26	27	30	31	32	33	34	38	39	40	41	47	48	57	#
28	1757.07	3	4	6	9	10	11	12	13	16	17	18	19	20	24	25	26	27	30	32	33	37	38	39	40	41	45	46	47	57	#
29	1745.92	9	10	16	17	20	23	24	25	26	27	29	30	31	32	33	34	36	37	38	39	40	41	43	44	45	46	47	48	57	#
30	1736.5	4	11	12	13	20	24	25	26	27	30	31	32	33	34	35	36	37	38	39	40	41	42	43	44	45	46	47	48	57	#
31	1729.8	10	11	12	14	15	16	17	18	21	22	23	24	25	26	29	30	31	32	33	36	37	38	39	40	43	44	47	48	57	#
32	231.019	45	46	47	58	#
33	206	38	45	46	58	#
34	189.183	41	47	48	58	#
35	160.206	37	44	45	58	#
36	271.28	18	19	20	59	#
37	280.636	19	20	26	59	#
38	277.595	19	20	27	59	#
39	269.428	10	17	18	59	#
40	493.462	12	19	20	24	25	26	27	33	34	40	60	#
41	604.461	11	18	19	20	25	26	27	33	34	41	60	#
42	602.183	19	24	25	26	27	31	32	33	34	41	60	#
43	599.895	11	12	13	19	20	26	27	32	33	40	60	#
44	597.283	19	26	32	33	34	40	41	46	47	48	60	#
45	536.613	3	24	25	26	27	31	32	33	34	41	60	#
46	72.5306	50	#
47	205.494	3	4	5	10	11	12	61	#
48	263.53	2	9	10	12	17	18	61	#
49	214.589	4	5	6	12	18	19	61	#
50	133.097	3	4	5	6	12	18	61	#
51	2088.01	4	10	11	12	19	20	21	22	23	24	25	26	27	29	30	31	32	33	34	36	38	39	40	41	42	43	45	46	47	48	50	62	#
52	2106.47	3	4	5	10	11	12	18	19	20	25	26	27	29	30	31	32	33	34	35	36	38	39	40	41	43	44	45	46	47	48	50	62	#
53	2085.59	3	4	5	10	11	12	16	17	19	20	24	25	26	27	29	31	32	33	34	36	38	39	40	41	42	43	44	45	46	47	48	62	#
54	2045.61	9	10	11	15	16	17	18	19	20	23	24	25	26	27	29	30	31	32	33	34	36	38	39	40	41	44	45	46	47	48	49	62	#
55	2039.14	2	3	9	10	16	17	18	19	20	23	24	25	26	27	30	31	32	33	34	36	38	39	40	41	42	43	44	45	46	47	48	62	#
56	2019.95	4	5	10	11	12	16	17	18	19	20	22	23	24	25	26	27	29	30	31	32	33	34	36	38	39	40	41	45	46	47	48	62	#
57	973.2	0	1	2	3	7	8	9	11	12	13	14	15	16	17	18	19	63	#
58	992.966	3	4	5	11	12	13	18	19	24	25	26	31	32	33	38	41	63	#
59	957.125	3	4	5	10	11	12	13	17	18	19	24	26	27	32	33	40	63	#
60	882.877	9	10	11	12	13	16	17	18	19	21	22	23	26	27	34	41	63	#
61	868.007	4	5	6	8	9	10	11	12	13	15	16	17	18	19	23	28	63	#
62	856.586	0	1	2	3	8	9	10	11	12	14	15	18	19	21	22	28	63	#
63	467.577	22	28	29	30	31	36	37	38	39	64	#
64	597.471	30	31	37	38	39	40	44	46	47	64	#
65	525.879	28	29	30	35	36	37	42	43	44	64	#
66	510.222	5	6	11	12	18	19	22	29	38	64	#
67	456.371	7	28	29	30	36	37	38	43	44	64	#
68	394.146	8	14	15	16	21	22	23	28	29	64	#
69	112.869	2	3	4	9	65	#
70	168.883	2	3	4	11	65	#
71	127.684	2	29	36	43	65	#
72	87.6158	8	9	14	15	65	#
73	760.501	5	6	12	19	24	25	26	32	33	39	40	42	47	48	66	#
74	976.107	9	17	18	19	24	25	29	30	35	36	37	38	42	43	66	#
75	938.6	24	25	26	30	31	32	33	35	36	37	38	39	40	43	66	#
76	937.274	9	10	11	15	16	17	19	23	24	25	26	30	32	33	66	#
77	926.896	11	12	18	19	20	24	25	26	27	31	32	33	40	41	66	#
78	894.969	31	32	33	36	37	38	39	40	41	43	45	46	47	48	66	#
79	1660.9	1	2	7	8	9	10	14	17	21	22	23	24	25	26	27	28	29	30	31	32	33	35	36	37	38	39	40	41	42	43	44	45	46	47	51	67	#
80	1910.31	2	8	9	10	11	12	16	17	18	19	20	23	24	25	26	27	28	29	30	31	33	34	35	36	37	38	39	40	41	42	43	44	45	46	47	67	#
81	1890.67	2	5	8	9	10	11	12	16	17	18	19	20	23	24	25	26	27	29	30	31	32	33	34	36	37	38	39	40	41	43	44	45	46	47	48	67	#
82	1872.68	1	2	4	6	9	10	11	12	13	16	17	18	19	20	23	24	25	26	27	29	30	31	32	33	34	35	36	37	38	39	40	41	43	44	47	67	#
83	1852.24	4	5	9	10	11	12	16	17	18	19	20	23	24	25	26	27	29	30	31	32	33	34	35	36	37	38	39	40	41	42	43	44	45	46	47	67	#
84	1838.69	4	5	6	9	11	12	13	16	18	19	20	23	24	25	26	27	29	30	31	32	33	34	35	36	37	38	39	40	41	42	43	44	45	46	47	67	#
85	143.335	16	23	68	#
86	149.444	15	16	68	#
87	57.6402	23	32	68	#
88	241.532	0	1	2	3	69	#
89	231.175	0	2	3	4	69	#
90	222.577	0	1	2	8	69	#
91	117.085	0	7	8	14	69	#
92	699.457	8	9	10	11	12	16	17	18	19	45	70	#
93	632.754	0	1	7	8	9	14	21	28	35	42	70	#
94	590.799	4	7	10	11	14	16	17	21	22	28	70	#
95	578.383	16	17	18	19	24	25	26	27	30	33	70	#
96	573.04	24	25	30	32	33	43	44	45	46	47	70	#
97	513.188	4	5	11	12	18	19	26	33	41	48	70	#
98	246.531	14	15	21	22	29	35	36	71	#
99	352.503	9	15	16	17	21	22	29	71	#
100	320.439	1	7	8	14	15	22	29	71	#
101	319.996	29	35	36	37	42	43	44	71	#
102	229.903	7	14	15	21	22	29	30	71	#
103	205.737	8	15	22	24	25	42	43	71	#
