%% File generated by CATS v.2.1Thu May  9 13:09:07 2024

%% The CATS webpage is http://robotics.stanford.edu/CATS

%% PARAMETER SETTINGS:
% Goods: 52; Bids: 100; Distribution: scheduling; Runs: 1; Seed: 67
% Scheduling Distribution Parameters:
% max_length                = 10
% deviation                 = 0.500000
% prob_additional_deadline  = 0.700000
% additivity                = 0.200000



goods 52
bids 106
dummy 3

0	16.9936	0	1	2	3	4	5	6	7	8	9	52	#
1	16.9936	1	2	3	4	5	6	7	8	9	10	52	#
2	16.9936	2	3	4	5	6	7	8	9	10	11	52	#
3	16.9936	3	4	5	6	7	8	9	10	11	12	52	#
4	16.9936	4	5	6	7	8	9	10	11	12	13	52	#
5	16.9936	5	6	7	8	9	10	11	12	13	14	52	#
6	16.9936	6	7	8	9	10	11	12	13	14	15	52	#
7	16.9936	7	8	9	10	11	12	13	14	15	16	52	#
8	16.9936	8	9	10	11	12	13	14	15	16	17	52	#
9	16.9936	9	10	11	12	13	14	15	16	17	18	52	#
10	16.9936	10	11	12	13	14	15	16	17	18	19	52	#
11	16.9936	11	12	13	14	15	16	17	18	19	20	52	#
12	16.9936	12	13	14	15	16	17	18	19	20	21	52	#
13	16.9936	13	14	15	16	17	18	19	20	21	22	52	#
14	16.9936	14	15	16	17	18	19	20	21	22	23	52	#
15	16.9936	15	16	17	18	19	20	21	22	23	24	52	#
16	16.9936	16	17	18	19	20	21	22	23	24	25	52	#
17	16.9936	17	18	19	20	21	22	23	24	25	26	52	#
18	16.9936	18	19	20	21	22	23	24	25	26	27	52	#
19	16.9936	19	20	21	22	23	24	25	26	27	28	52	#
20	16.9936	20	21	22	23	24	25	26	27	28	29	52	#
21	16.9936	21	22	23	24	25	26	27	28	29	30	52	#
22	16.9936	22	23	24	25	26	27	28	29	30	31	52	#
23	16.9936	23	24	25	26	27	28	29	30	31	32	52	#
24	16.9936	24	25	26	27	28	29	30	31	32	33	52	#
25	16.9936	25	26	27	28	29	30	31	32	33	34	52	#
26	16.9936	26	27	28	29	30	31	32	33	34	35	52	#
27	16.9936	27	28	29	30	31	32	33	34	35	36	52	#
28	16.9936	28	29	30	31	32	33	34	35	36	37	52	#
29	16.9936	29	30	31	32	33	34	35	36	37	38	52	#
30	0.52051	0	53	#
31	0.52051	1	53	#
32	0.52051	2	53	#
33	0.52051	3	53	#
34	0.52051	4	53	#
35	0.52051	5	53	#
36	0.52051	6	53	#
37	0.52051	7	53	#
38	0.52051	8	53	#
39	0.52051	9	53	#
40	0.52051	10	53	#
41	0.52051	11	53	#
42	0.52051	12	53	#
43	0.52051	13	53	#
44	0.52051	14	53	#
45	0.52051	15	53	#
46	0.52051	16	53	#
47	0.52051	17	53	#
48	0.52051	18	53	#
49	0.52051	19	53	#
50	0.52051	20	53	#
51	0.52051	21	53	#
52	0.52051	22	53	#
53	0.52051	23	53	#
54	0.52051	24	53	#
55	0.52051	25	53	#
56	0.52051	26	53	#
57	0.52051	27	53	#
58	0.52051	28	53	#
59	0.52051	29	53	#
60	0.52051	30	53	#
61	0.52051	31	53	#
62	0.52051	32	53	#
63	0.52051	33	53	#
64	0.52051	34	53	#
65	0.52051	35	53	#
66	0.52051	36	53	#
67	0.52051	37	53	#
68	0.401226	38	53	#
69	0.401226	39	53	#
70	0.401226	40	53	#
71	0.401226	41	53	#
72	0.401226	42	53	#
73	0.401226	43	53	#
74	0.401226	44	53	#
75	0.401226	45	53	#
76	0.401226	46	53	#
77	0.401226	47	53	#
78	0.401226	48	53	#
79	0.377625	49	53	#
80	0.377625	50	53	#
81	0.377625	51	53	#
82	10.164	0	1	2	3	4	5	54	#
83	10.164	1	2	3	4	5	6	54	#
84	10.164	2	3	4	5	6	7	54	#
85	10.164	3	4	5	6	7	8	54	#
86	10.164	4	5	6	7	8	9	54	#
87	10.164	5	6	7	8	9	10	54	#
88	10.164	6	7	8	9	10	11	54	#
89	10.164	7	8	9	10	11	12	54	#
90	10.164	8	9	10	11	12	13	54	#
91	10.164	9	10	11	12	13	14	54	#
92	10.164	10	11	12	13	14	15	54	#
93	10.164	11	12	13	14	15	16	54	#
94	10.164	12	13	14	15	16	17	54	#
95	10.164	13	14	15	16	17	18	54	#
96	10.164	14	15	16	17	18	19	54	#
97	10.164	15	16	17	18	19	20	54	#
98	10.164	16	17	18	19	20	21	54	#
99	10.164	17	18	19	20	21	22	54	#
100	10.164	18	19	20	21	22	23	54	#
101	10.164	19	20	21	22	23	24	54	#
102	10.164	20	21	22	23	24	25	54	#
103	10.164	21	22	23	24	25	26	54	#
104	9.43798	22	23	24	25	26	27	54	#
105	9.43798	23	24	25	26	27	28	54	#
