%% File generated by CATS v.2.1Thu May  9 13:09:07 2024

%% The CATS webpage is http://robotics.stanford.edu/CATS

%% PARAMETER SETTINGS:
% Goods: 52; Bids: 100; Distribution: scheduling; Runs: 1; Seed: 4
% Scheduling Distribution Parameters:
% max_length                = 10
% deviation                 = 0.500000
% prob_additional_deadline  = 0.700000
% additivity                = 0.200000



goods 52
bids 142
dummy 3

0	3.79532	0	1	2	3	4	52	#
1	3.79532	1	2	3	4	5	52	#
2	3.79532	2	3	4	5	6	52	#
3	3.79532	3	4	5	6	7	52	#
4	3.79532	4	5	6	7	8	52	#
5	3.79532	5	6	7	8	9	52	#
6	3.79532	6	7	8	9	10	52	#
7	3.79532	7	8	9	10	11	52	#
8	3.79532	8	9	10	11	12	52	#
9	3.79532	9	10	11	12	13	52	#
10	3.79532	10	11	12	13	14	52	#
11	3.79532	11	12	13	14	15	52	#
12	3.79532	12	13	14	15	16	52	#
13	3.79532	13	14	15	16	17	52	#
14	3.79532	14	15	16	17	18	52	#
15	3.79532	15	16	17	18	19	52	#
16	3.79532	16	17	18	19	20	52	#
17	3.79532	17	18	19	20	21	52	#
18	3.79532	18	19	20	21	22	52	#
19	3.79532	19	20	21	22	23	52	#
20	3.79532	20	21	22	23	24	52	#
21	3.79532	21	22	23	24	25	52	#
22	3.79532	22	23	24	25	26	52	#
23	3.79532	23	24	25	26	27	52	#
24	3.79532	24	25	26	27	28	52	#
25	3.79532	25	26	27	28	29	52	#
26	3.79532	26	27	28	29	30	52	#
27	3.79532	27	28	29	30	31	52	#
28	3.79532	28	29	30	31	32	52	#
29	3.79532	29	30	31	32	33	52	#
30	3.79532	30	31	32	33	34	52	#
31	3.79532	31	32	33	34	35	52	#
32	3.79532	32	33	34	35	36	52	#
33	3.79532	33	34	35	36	37	52	#
34	3.79532	34	35	36	37	38	52	#
35	2.94331	35	36	37	38	39	52	#
36	2.94331	36	37	38	39	40	52	#
37	2.94331	37	38	39	40	41	52	#
38	2.94331	38	39	40	41	42	52	#
39	2.94331	39	40	41	42	43	52	#
40	2.94331	40	41	42	43	44	52	#
41	2.94331	41	42	43	44	45	52	#
42	2.94331	42	43	44	45	46	52	#
43	2.94331	43	44	45	46	47	52	#
44	2.94331	44	45	46	47	48	52	#
45	2.94331	45	46	47	48	49	52	#
46	2.88444	46	47	48	49	50	52	#
47	2.82788	47	48	49	50	51	52	#
48	2.73636	0	1	2	53	#
49	2.73636	1	2	3	53	#
50	2.73636	2	3	4	53	#
51	2.73636	3	4	5	53	#
52	2.73636	4	5	6	53	#
53	2.73636	5	6	7	53	#
54	2.73636	6	7	8	53	#
55	2.73636	7	8	9	53	#
56	2.73636	8	9	10	53	#
57	2.73636	9	10	11	53	#
58	2.73636	10	11	12	53	#
59	2.73636	11	12	13	53	#
60	2.73636	12	13	14	53	#
61	2.73636	13	14	15	53	#
62	2.73636	14	15	16	53	#
63	2.73636	15	16	17	53	#
64	2.73636	16	17	18	53	#
65	2.73636	17	18	19	53	#
66	2.73636	18	19	20	53	#
67	2.73636	19	20	21	53	#
68	2.73636	20	21	22	53	#
69	2.73636	21	22	23	53	#
70	2.73636	22	23	24	53	#
71	2.73636	23	24	25	53	#
72	2.73636	24	25	26	53	#
73	2.73636	25	26	27	53	#
74	2.73636	26	27	28	53	#
75	2.73636	27	28	29	53	#
76	2.73636	28	29	30	53	#
77	2.73636	29	30	31	53	#
78	2.73636	30	31	32	53	#
79	2.73636	31	32	33	53	#
80	2.73636	32	33	34	53	#
81	2.73636	33	34	35	53	#
82	2.73636	34	35	36	53	#
83	2.73636	35	36	37	53	#
84	2.73636	36	37	38	53	#
85	2.73636	37	38	39	53	#
86	2.73636	38	39	40	53	#
87	2.73636	39	40	41	53	#
88	2.73636	40	41	42	53	#
89	2.39431	41	42	43	53	#
90	2.39431	42	43	44	53	#
91	2.39431	43	44	45	53	#
92	2.39431	44	45	46	53	#
93	2.39431	45	46	47	53	#
94	2.39431	46	47	48	53	#
95	2.34545	47	48	49	53	#
96	2.25347	48	49	50	53	#
97	2.25347	49	50	51	53	#
98	8.66991	0	1	2	3	4	5	6	7	8	54	#
99	8.66991	1	2	3	4	5	6	7	8	9	54	#
100	8.66991	2	3	4	5	6	7	8	9	10	54	#
101	8.66991	3	4	5	6	7	8	9	10	11	54	#
102	8.66991	4	5	6	7	8	9	10	11	12	54	#
103	8.66991	5	6	7	8	9	10	11	12	13	54	#
104	8.66991	6	7	8	9	10	11	12	13	14	54	#
105	8.66991	7	8	9	10	11	12	13	14	15	54	#
106	8.66991	8	9	10	11	12	13	14	15	16	54	#
107	8.66991	9	10	11	12	13	14	15	16	17	54	#
108	8.66991	10	11	12	13	14	15	16	17	18	54	#
109	8.66991	11	12	13	14	15	16	17	18	19	54	#
110	8.66991	12	13	14	15	16	17	18	19	20	54	#
111	8.66991	13	14	15	16	17	18	19	20	21	54	#
112	8.66991	14	15	16	17	18	19	20	21	22	54	#
113	8.66991	15	16	17	18	19	20	21	22	23	54	#
114	8.66991	16	17	18	19	20	21	22	23	24	54	#
115	8.66991	17	18	19	20	21	22	23	24	25	54	#
116	8.66991	18	19	20	21	22	23	24	25	26	54	#
117	8.66991	19	20	21	22	23	24	25	26	27	54	#
118	8.66991	20	21	22	23	24	25	26	27	28	54	#
119	8.66991	21	22	23	24	25	26	27	28	29	54	#
120	8.66991	22	23	24	25	26	27	28	29	30	54	#
121	8.66991	23	24	25	26	27	28	29	30	31	54	#
122	7.67906	24	25	26	27	28	29	30	31	32	54	#
123	7.67906	25	26	27	28	29	30	31	32	33	54	#
124	7.67906	26	27	28	29	30	31	32	33	34	54	#
125	7.67906	27	28	29	30	31	32	33	34	35	54	#
126	5.26994	28	29	30	31	32	33	34	35	36	54	#
127	5.26994	29	30	31	32	33	34	35	36	37	54	#
128	5.26994	30	31	32	33	34	35	36	37	38	54	#
129	5.26994	31	32	33	34	35	36	37	38	39	54	#
130	5.26994	32	33	34	35	36	37	38	39	40	54	#
131	5.26994	33	34	35	36	37	38	39	40	41	54	#
132	5.26994	34	35	36	37	38	39	40	41	42	54	#
133	5.26994	35	36	37	38	39	40	41	42	43	54	#
134	5.26994	36	37	38	39	40	41	42	43	44	54	#
135	5.26994	37	38	39	40	41	42	43	44	45	54	#
136	5.26994	38	39	40	41	42	43	44	45	46	54	#
137	5.26994	39	40	41	42	43	44	45	46	47	54	#
138	5.26994	40	41	42	43	44	45	46	47	48	54	#
139	5.26994	41	42	43	44	45	46	47	48	49	54	#
140	5.26994	42	43	44	45	46	47	48	49	50	54	#
141	5.26994	43	44	45	46	47	48	49	50	51	54	#
