%% File generated by CATS v.2.1Thu May  9 13:09:07 2024

%% The CATS webpage is http://robotics.stanford.edu/CATS

%% PARAMETER SETTINGS:
% Goods: 52; Bids: 100; Distribution: scheduling; Runs: 1; Seed: 13
% Scheduling Distribution Parameters:
% max_length                = 10
% deviation                 = 0.500000
% prob_additional_deadline  = 0.700000
% additivity                = 0.200000



goods 52
bids 118
dummy 4

0	12.3569	0	1	2	3	4	5	6	52	#
1	12.3569	1	2	3	4	5	6	7	52	#
2	12.3569	2	3	4	5	6	7	8	52	#
3	12.3569	3	4	5	6	7	8	9	52	#
4	12.3569	4	5	6	7	8	9	10	52	#
5	12.3569	5	6	7	8	9	10	11	52	#
6	12.3569	6	7	8	9	10	11	12	52	#
7	12.3569	7	8	9	10	11	12	13	52	#
8	12.3569	8	9	10	11	12	13	14	52	#
9	12.3569	9	10	11	12	13	14	15	52	#
10	12.3569	10	11	12	13	14	15	16	52	#
11	12.3569	11	12	13	14	15	16	17	52	#
12	12.3569	12	13	14	15	16	17	18	52	#
13	12.3569	13	14	15	16	17	18	19	52	#
14	12.3569	14	15	16	17	18	19	20	52	#
15	12.3569	15	16	17	18	19	20	21	52	#
16	12.3569	16	17	18	19	20	21	22	52	#
17	12.3569	17	18	19	20	21	22	23	52	#
18	12.3569	18	19	20	21	22	23	24	52	#
19	12.3569	19	20	21	22	23	24	25	52	#
20	12.3569	20	21	22	23	24	25	26	52	#
21	12.3569	21	22	23	24	25	26	27	52	#
22	12.3569	22	23	24	25	26	27	28	52	#
23	12.3569	23	24	25	26	27	28	29	52	#
24	12.3569	24	25	26	27	28	29	30	52	#
25	12.3569	25	26	27	28	29	30	31	52	#
26	12.3569	26	27	28	29	30	31	32	52	#
27	12.3569	27	28	29	30	31	32	33	52	#
28	8.32197	28	29	30	31	32	33	34	52	#
29	8.32197	29	30	31	32	33	34	35	52	#
30	8.32197	30	31	32	33	34	35	36	52	#
31	8.32197	31	32	33	34	35	36	37	52	#
32	8.32197	32	33	34	35	36	37	38	52	#
33	8.32197	33	34	35	36	37	38	39	52	#
34	8.32197	34	35	36	37	38	39	40	52	#
35	8.32197	35	36	37	38	39	40	41	52	#
36	8.32197	36	37	38	39	40	41	42	52	#
37	8.32197	37	38	39	40	41	42	43	52	#
38	8.32197	38	39	40	41	42	43	44	52	#
39	8.32197	39	40	41	42	43	44	45	52	#
40	8.32197	40	41	42	43	44	45	46	52	#
41	8.32197	41	42	43	44	45	46	47	52	#
42	8.32197	42	43	44	45	46	47	48	52	#
43	8.32197	43	44	45	46	47	48	49	52	#
44	7.99562	44	45	46	47	48	49	50	52	#
45	7.99562	45	46	47	48	49	50	51	52	#
46	11.3368	0	1	2	3	4	5	53	#
47	11.3368	1	2	3	4	5	6	53	#
48	11.3368	2	3	4	5	6	7	53	#
49	11.3368	3	4	5	6	7	8	53	#
50	11.3368	4	5	6	7	8	9	53	#
51	11.3368	5	6	7	8	9	10	53	#
52	11.3368	6	7	8	9	10	11	53	#
53	11.3368	7	8	9	10	11	12	53	#
54	11.3368	8	9	10	11	12	13	53	#
55	11.3368	9	10	11	12	13	14	53	#
56	11.3368	10	11	12	13	14	15	53	#
57	11.3368	11	12	13	14	15	16	53	#
58	11.3368	12	13	14	15	16	17	53	#
59	11.3368	13	14	15	16	17	18	53	#
60	11.3368	14	15	16	17	18	19	53	#
61	11.3368	15	16	17	18	19	20	53	#
62	11.3368	16	17	18	19	20	21	53	#
63	11.3368	17	18	19	20	21	22	53	#
64	11.3368	18	19	20	21	22	23	53	#
65	11.3368	19	20	21	22	23	24	53	#
66	11.3368	20	21	22	23	24	25	53	#
67	11.3368	21	22	23	24	25	26	53	#
68	11.3368	22	23	24	25	26	27	53	#
69	11.3368	23	24	25	26	27	28	53	#
70	11.3368	24	25	26	27	28	29	53	#
71	11.3368	25	26	27	28	29	30	53	#
72	11.3368	26	27	28	29	30	31	53	#
73	11.3368	27	28	29	30	31	32	53	#
74	11.3368	28	29	30	31	32	33	53	#
75	11.3368	29	30	31	32	33	34	53	#
76	11.3368	30	31	32	33	34	35	53	#
77	11.3368	31	32	33	34	35	36	53	#
78	11.3368	32	33	34	35	36	37	53	#
79	11.3368	33	34	35	36	37	38	53	#
80	10.0186	34	35	36	37	38	39	53	#
81	10.0186	35	36	37	38	39	40	53	#
82	10.0186	36	37	38	39	40	41	53	#
83	10.0186	37	38	39	40	41	42	53	#
84	10.0186	38	39	40	41	42	43	53	#
85	6.62284	0	1	2	3	4	54	#
86	6.62284	1	2	3	4	5	54	#
87	6.62284	2	3	4	5	6	54	#
88	6.62284	3	4	5	6	7	54	#
89	6.62284	4	5	6	7	8	54	#
90	6.62284	5	6	7	8	9	54	#
91	6.62284	6	7	8	9	10	54	#
92	6.62284	7	8	9	10	11	54	#
93	6.62284	8	9	10	11	12	54	#
94	6.62284	9	10	11	12	13	54	#
95	6.62284	10	11	12	13	14	54	#
96	6.62284	11	12	13	14	15	54	#
97	6.62284	12	13	14	15	16	54	#
98	11.1829	0	1	2	3	4	5	6	7	55	#
99	11.1829	1	2	3	4	5	6	7	8	55	#
100	11.1829	2	3	4	5	6	7	8	9	55	#
101	11.1829	3	4	5	6	7	8	9	10	55	#
102	11.1829	4	5	6	7	8	9	10	11	55	#
103	11.1829	5	6	7	8	9	10	11	12	55	#
104	11.1829	6	7	8	9	10	11	12	13	55	#
105	11.1829	7	8	9	10	11	12	13	14	55	#
106	11.1829	8	9	10	11	12	13	14	15	55	#
107	11.1829	9	10	11	12	13	14	15	16	55	#
108	11.1829	10	11	12	13	14	15	16	17	55	#
109	11.1829	11	12	13	14	15	16	17	18	55	#
110	11.1829	12	13	14	15	16	17	18	19	55	#
111	11.1829	13	14	15	16	17	18	19	20	55	#
112	11.1829	14	15	16	17	18	19	20	21	55	#
113	11.1829	15	16	17	18	19	20	21	22	55	#
114	11.1829	16	17	18	19	20	21	22	23	55	#
115	11.1829	17	18	19	20	21	22	23	24	55	#
116	11.1829	18	19	20	21	22	23	24	25	55	#
117	11.1829	19	20	21	22	23	24	25	26	55	#
