%% File generated by CATS v.2.1Thu May  9 13:09:06 2024

%% The CATS webpage is http://robotics.stanford.edu/CATS

%% PARAMETER SETTINGS:
% Goods: 16; Bids: 20; Distribution: scheduling; Runs: 1; Seed: 94
% Scheduling Distribution Parameters:
% max_length                = 10
% deviation                 = 0.500000
% prob_additional_deadline  = 0.700000
% additivity                = 0.200000



goods 16
bids 26
dummy 3

0	12.2501	0	1	2	3	4	5	6	7	16	#
1	12.2501	1	2	3	4	5	6	7	8	16	#
2	6.53337	2	3	4	5	6	7	8	9	16	#
3	6.53337	3	4	5	6	7	8	9	10	16	#
4	6.53337	4	5	6	7	8	9	10	11	16	#
5	6.53337	5	6	7	8	9	10	11	12	16	#
6	6.53337	6	7	8	9	10	11	12	13	16	#
7	6.53337	7	8	9	10	11	12	13	14	16	#
8	6.53337	8	9	10	11	12	13	14	15	16	#
9	6.89068	0	1	2	3	17	#
10	6.89068	1	2	3	4	17	#
11	6.89068	2	3	4	5	17	#
12	3.82816	3	4	5	6	17	#
13	3.82816	4	5	6	7	17	#
14	3.82816	5	6	7	8	17	#
15	3.82816	6	7	8	9	17	#
16	12.5094	0	1	2	3	4	5	6	18	#
17	12.5094	1	2	3	4	5	6	7	18	#
18	12.5094	2	3	4	5	6	7	8	18	#
19	12.5094	3	4	5	6	7	8	9	18	#
20	12.5094	4	5	6	7	8	9	10	18	#
21	12.5094	5	6	7	8	9	10	11	18	#
22	12.5094	6	7	8	9	10	11	12	18	#
23	12.5094	7	8	9	10	11	12	13	18	#
24	10.8415	8	9	10	11	12	13	14	18	#
25	10.8415	9	10	11	12	13	14	15	18	#
