%% File generated by CATS v.2.1Thu May  9 13:09:06 2024

%% The CATS webpage is http://robotics.stanford.edu/CATS

%% PARAMETER SETTINGS:
% Goods: 16; Bids: 20; Distribution: scheduling; Runs: 1; Seed: 38
% Scheduling Distribution Parameters:
% max_length                = 10
% deviation                 = 0.500000
% prob_additional_deadline  = 0.700000
% additivity                = 0.200000



goods 16
bids 27
dummy 3

0	3.46927	0	1	2	3	16	#
1	3.46927	1	2	3	4	16	#
2	3.46927	2	3	4	5	16	#
3	3.46927	3	4	5	6	16	#
4	3.46927	4	5	6	7	16	#
5	3.46927	5	6	7	8	16	#
6	3.46927	6	7	8	9	16	#
7	3.46927	7	8	9	10	16	#
8	2.66867	8	9	10	11	16	#
9	2.66867	9	10	11	12	16	#
10	2.66867	10	11	12	13	16	#
11	2.31284	11	12	13	14	16	#
12	2.31284	12	13	14	15	16	#
13	10.3054	0	1	2	3	4	5	6	7	17	#
14	10.3054	1	2	3	4	5	6	7	8	17	#
15	10.3054	2	3	4	5	6	7	8	9	17	#
16	10.3054	3	4	5	6	7	8	9	10	17	#
17	8.58784	4	5	6	7	8	9	10	11	17	#
18	8.58784	5	6	7	8	9	10	11	12	17	#
19	12.4527	0	1	2	3	4	5	18	#
20	12.4527	1	2	3	4	5	6	18	#
21	12.4527	2	3	4	5	6	7	18	#
22	7.26405	3	4	5	6	7	8	18	#
23	7.26405	4	5	6	7	8	9	18	#
24	7.26405	5	6	7	8	9	10	18	#
25	7.26405	6	7	8	9	10	11	18	#
26	7.26405	7	8	9	10	11	12	18	#
