%% File generated by CATS v.2.1Thu May  9 12:48:22 2024

%% The CATS webpage is http://robotics.stanford.edu/CATS

%% PARAMETER SETTINGS:
% Goods: 512; Bids: 1000; Distribution: arbitrary; Runs: 1; Seed: 100
% Arbitrary Distribution Parameters:
% Max Substitutable Bids = 5
% Removing HV Neighbor   = 0.1
% Adding DIAG Neighbor   = 0.2
% Additional Location    = 0.9
% Additivity             = 0.2
% Budget Factor          = 1.5
% Resale Factor          = 0.5
% Uniform Private Value:
%   Deviation            = 0.5
%   Max Good Value       = 100



goods 512
bids 1003
dummy 187

0	47.5228	44	#
1	645.696	73	204	238	253	288	314	331	384	400	466	470	512	#
2	905.888	23	137	158	164	194	253	320	326	371	460	483	512	#
3	886.185	19	94	107	120	157	173	227	342	348	357	470	512	#
4	884.562	19	170	191	203	257	367	384	451	456	457	489	512	#
5	875.141	64	136	158	232	238	280	351	397	451	458	485	512	#
6	844.901	6	8	64	195	275	297	353	389	423	438	466	512	#
7	215.147	255	405	473	513	#
8	304.936	255	263	272	513	#
9	202.033	70	225	405	513	#
10	162.15	271	311	473	513	#
11	809.932	21	54	69	243	285	288	294	343	433	465	472	514	#
12	1064.87	74	119	165	176	222	229	277	280	314	343	495	514	#
13	1050.66	15	24	25	36	52	222	338	354	411	465	486	514	#
14	947.665	47	139	165	243	264	280	281	300	416	447	494	514	#
15	839.074	0	27	84	93	180	225	331	380	463	471	472	514	#
16	762.379	5	102	136	145	193	265	285	289	315	337	468	514	#
17	91.7782	122	413	515	#
18	115.28	226	413	515	#
19	75.2005	122	468	515	#
20	116.097	33	69	516	#
21	98.6853	69	306	516	#
22	70.0268	33	312	516	#
23	746.892	9	47	137	175	209	223	240	250	295	323	344	371	390	453	517	#
24	1104.66	122	137	158	236	244	257	270	298	359	422	425	474	483	510	517	#
25	1059.88	5	21	63	178	223	228	282	325	334	339	407	435	439	446	517	#
26	1058.18	29	58	69	71	165	175	193	223	226	395	408	440	458	469	517	#
27	1047.07	35	55	84	100	145	180	181	326	365	371	372	381	384	403	517	#
28	1012.55	11	58	69	97	143	189	220	236	249	275	323	352	371	379	517	#
29	118.697	440	460	518	#
30	167.371	304	460	518	#
31	145.363	383	#
32	89.9268	279	#
33	1014.24	42	85	95	113	129	185	231	238	271	287	299	322	341	348	440	519	#
34	1293.48	42	72	78	79	121	145	179	236	251	271	281	302	399	469	495	519	#
35	1254.31	29	65	69	92	160	200	205	211	221	257	265	341	435	475	480	519	#
36	1151.83	30	79	92	124	172	182	235	299	344	348	368	429	436	494	495	519	#
37	1134.67	34	94	164	185	229	232	235	287	318	327	364	423	475	496	510	519	#
38	1115.82	50	79	84	89	91	104	160	194	220	231	257	285	366	429	441	519	#
39	187.972	8	21	520	#
40	160.484	8	204	520	#
41	117.357	21	214	520	#
42	313.951	34	94	151	174	244	322	521	#
43	442.858	176	228	322	388	466	482	521	#
44	416.718	94	139	183	222	250	493	521	#
45	348.946	174	184	215	227	423	501	521	#
46	320.257	52	99	151	184	273	365	521	#
47	290.963	34	46	81	226	242	336	521	#
48	2790	11	15	21	39	44	52	60	77	93	96	101	104	134	145	149	158	200	225	234	273	282	308	333	339	375	382	384	387	393	394	395	400	401	408	419	431	457	466	487	502	505	522	#
49	3374.54	19	22	33	43	46	51	56	98	152	157	168	171	176	211	243	249	252	267	284	287	292	294	310	314	327	330	339	345	371	388	401	407	438	449	450	476	478	488	503	504	506	522	#
50	3210.1	4	22	26	38	49	68	72	94	110	129	136	176	204	210	225	234	248	259	263	272	278	285	301	308	359	361	370	373	379	393	397	403	412	414	438	457	474	487	499	501	503	522	#
51	3207.4	15	18	21	43	56	83	105	106	119	128	129	131	161	196	203	210	217	225	233	244	255	267	280	289	305	314	323	330	337	348	359	369	373	378	382	386	387	393	397	459	462	522	#
52	3126.74	15	21	44	46	61	87	123	132	136	152	156	157	172	194	196	200	248	261	272	278	279	305	306	318	362	368	379	383	386	388	394	426	428	434	448	450	454	461	481	483	490	522	#
53	3124.59	35	39	45	61	65	101	102	134	139	144	177	179	200	250	252	277	287	291	310	341	352	371	381	384	391	394	401	410	412	413	431	434	446	451	456	458	460	470	473	488	499	522	#
54	146.299	73	77	341	404	523	#
55	197.392	80	312	341	472	523	#
56	177.455	119	291	404	454	523	#
57	661.313	98	140	207	269	378	398	494	495	503	524	#
58	752.838	5	37	117	139	169	281	291	444	495	524	#
59	715.558	134	149	207	294	303	325	427	437	503	524	#
60	667.774	73	89	120	127	153	188	284	332	378	524	#
61	648.309	57	61	101	127	142	198	332	451	503	524	#
62	583.478	7	99	192	351	397	398	435	453	492	524	#
63	407.135	86	120	159	230	332	415	438	461	525	#
64	565.413	83	97	141	338	357	414	415	425	525	#
65	534.319	45	90	112	197	219	333	409	461	525	#
66	523.388	66	87	156	159	187	208	306	356	525	#
67	479.282	86	100	152	161	179	343	356	385	525	#
68	463.796	32	149	195	201	230	361	369	440	525	#
69	86.4785	462	#
70	920.783	11	46	99	175	207	259	345	350	354	384	392	447	474	526	#
71	1154.94	4	12	55	207	236	239	350	384	389	439	460	494	503	526	#
72	1128.9	142	169	175	184	252	271	277	330	383	409	416	433	493	526	#
73	1086.87	20	25	38	60	66	115	174	252	259	284	379	399	449	526	#
74	1077.43	217	241	243	244	280	303	342	345	359	413	466	496	509	526	#
75	1007.66	97	145	148	193	269	351	372	384	413	414	430	449	466	526	#
76	1568.9	3	11	25	175	176	177	197	223	252	305	323	337	340	347	381	416	421	431	482	486	527	#
77	1681.01	8	18	74	85	106	156	161	203	210	221	240	252	351	365	378	391	427	443	453	469	527	#
78	1651.24	17	26	71	99	108	116	150	177	190	203	315	316	336	348	403	434	460	472	484	486	527	#
79	1605.7	17	18	69	131	164	189	217	231	234	277	305	349	353	396	425	429	432	450	465	505	527	#
80	1599.83	19	78	99	111	114	126	143	193	228	229	234	267	291	331	342	372	381	398	429	439	527	#
81	1570.51	3	19	60	85	127	170	174	197	252	323	348	390	405	406	416	417	425	469	472	497	527	#
82	157.064	184	193	528	#
83	155.704	193	387	528	#
84	84.8595	184	282	528	#
85	1133.24	26	92	187	189	196	235	296	304	309	317	359	367	424	452	455	482	529	#
86	1497.74	27	50	92	122	157	196	232	279	305	340	361	380	397	435	473	486	529	#
87	1335.23	26	72	114	123	126	142	263	279	287	298	388	404	432	448	490	505	529	#
88	1178.22	18	70	71	82	181	241	259	296	304	316	365	370	381	424	436	480	529	#
89	1154.4	30	55	85	96	179	184	248	263	287	294	348	363	367	384	413	490	529	#
90	1145.84	9	20	30	61	83	99	144	164	177	189	220	221	361	418	426	455	529	#
91	394.999	208	344	455	472	473	481	530	#
92	518.807	318	365	430	438	444	473	530	#
93	433.981	5	51	168	369	481	494	530	#
94	411.505	70	86	165	299	396	472	530	#
95	377.238	24	64	208	212	234	241	530	#
96	325.457	55	218	269	306	344	396	530	#
97	339.79	53	128	219	361	531	#
98	399.711	53	140	190	444	531	#
99	300.738	56	219	302	368	531	#
100	244.245	147	341	361	430	531	#
101	204.899	86	128	182	247	531	#
102	1031	57	223	225	242	268	302	387	411	416	420	421	423	424	436	449	471	532	#
103	1505.85	3	8	42	139	147	213	224	263	317	333	360	373	386	387	394	409	532	#
104	1385.06	24	41	105	139	225	297	340	361	381	383	411	423	457	462	472	475	532	#
105	1363.88	5	66	75	168	199	214	223	232	244	257	260	347	381	384	411	497	532	#
106	1345.72	11	158	189	214	235	244	271	284	304	411	438	465	466	479	480	501	532	#
107	1268.18	78	160	162	195	199	222	225	294	308	314	317	370	416	452	466	493	532	#
108	1826.21	3	57	84	128	135	154	159	198	209	224	237	278	281	298	322	335	343	372	399	458	468	496	510	511	533	#
109	2005.36	50	66	72	89	116	219	272	276	281	288	298	308	324	342	343	346	356	364	384	403	435	439	452	510	533	#
110	1991.08	12	14	21	30	49	66	113	114	119	157	201	203	224	236	341	351	369	371	377	392	486	487	492	495	533	#
111	1958.06	11	15	21	35	37	57	75	78	93	97	114	118	166	198	212	219	292	293	318	325	378	445	458	488	533	#
112	1924.34	1	11	23	35	36	54	55	75	101	165	179	233	238	248	278	282	360	401	415	444	450	470	483	510	533	#
113	1907.32	4	6	25	79	120	142	181	193	197	199	207	219	236	279	304	322	332	343	358	376	386	413	423	441	533	#
114	1355.96	5	131	155	176	183	186	253	254	276	326	336	346	349	373	431	442	458	494	497	508	534	#
115	1710.26	2	5	17	22	35	63	72	125	253	278	299	318	330	336	386	450	458	469	471	482	534	#
116	1701.39	4	67	100	142	166	184	187	209	229	266	286	328	330	343	355	415	437	448	472	494	534	#
117	1603.49	52	53	55	92	93	111	114	148	160	169	195	229	243	284	336	372	373	417	493	505	534	#
118	1586.85	0	4	6	11	23	36	86	87	131	133	145	197	244	282	324	393	396	450	485	486	534	#
119	1500.29	1	2	23	34	55	64	83	112	119	125	126	210	216	258	318	328	373	419	442	450	534	#
120	452.721	272	294	296	398	402	434	535	#
121	456.153	168	183	261	296	313	360	535	#
122	444.972	69	142	272	290	376	450	535	#
123	442.631	28	54	112	140	294	487	535	#
124	386.392	84	222	244	370	434	455	535	#
125	341.404	147	148	211	343	349	398	535	#
126	2295.27	17	44	49	55	80	81	87	104	134	150	157	198	234	252	254	280	305	331	332	348	349	405	426	435	443	461	465	477	497	510	536	#
127	2489.24	7	21	25	41	46	115	120	156	188	197	208	231	234	247	275	305	325	332	339	342	365	366	376	380	397	401	440	465	487	500	536	#
128	2379.55	48	62	65	67	80	97	134	144	145	151	156	177	188	192	210	223	247	248	261	279	290	295	305	348	354	358	418	444	494	500	536	#
129	2276.65	19	33	47	80	111	139	163	170	190	234	248	255	271	272	277	292	307	339	344	349	352	407	424	439	448	463	492	501	505	510	536	#
130	2273.34	40	61	67	70	88	111	132	137	138	157	198	200	280	284	287	289	291	308	318	330	348	354	363	417	443	458	468	491	492	507	536	#
131	2246.24	65	80	96	113	115	123	129	132	154	189	197	207	212	229	231	234	258	259	275	313	370	391	421	425	429	440	466	474	507	510	536	#
132	106.4	300	#
133	82.3399	278	499	537	#
134	46.5438	105	499	537	#
135	1018.84	24	42	57	95	172	201	241	270	328	373	404	416	447	485	497	500	538	#
136	1398.9	38	57	79	169	183	201	217	241	264	360	363	378	415	435	477	498	538	#
137	1387.49	25	27	42	67	201	261	262	268	273	314	358	412	418	443	447	458	538	#
138	1341.11	21	25	42	57	69	142	157	177	209	237	310	360	396	418	452	478	538	#
139	1301.85	9	37	38	40	42	67	89	92	123	170	269	370	418	454	458	466	538	#
140	1238.57	52	92	124	164	200	201	202	207	214	244	291	299	342	417	446	497	538	#
141	841.87	3	39	52	69	131	150	222	292	402	457	473	539	#
142	976.181	3	18	65	69	93	153	154	249	271	331	487	539	#
143	961.406	26	222	229	292	311	327	331	332	343	390	487	539	#
144	911.259	50	52	79	138	146	237	406	412	449	461	484	539	#
145	846.272	65	113	154	186	215	251	334	410	473	492	506	539	#
146	815.232	19	118	131	168	235	291	311	353	391	430	461	539	#
147	214.114	131	233	393	540	#
148	253.395	50	89	131	540	#
149	177.089	289	336	393	540	#
150	163.884	233	445	454	540	#
151	328.217	24	88	104	166	394	541	#
152	288.888	166	176	238	350	474	541	#
153	272.205	74	82	88	105	243	541	#
154	265.212	24	119	179	249	256	541	#
155	746.827	23	70	88	150	171	288	297	428	444	453	472	542	#
156	1036.97	23	30	160	183	208	264	290	326	459	479	480	542	#
157	866.822	29	60	150	171	289	309	332	351	435	437	472	542	#
158	855.98	9	64	220	271	297	324	365	433	438	463	477	542	#
159	828.83	8	81	121	257	317	325	370	418	425	472	506	542	#
160	802.532	48	108	201	320	350	395	404	444	449	464	478	542	#
161	2042.11	1	27	69	104	135	142	155	165	174	185	215	239	252	263	312	346	353	366	368	373	378	384	426	482	487	489	506	543	#
162	2259.41	42	83	89	107	144	153	156	185	191	211	214	216	233	260	281	284	310	320	328	356	368	373	394	408	418	447	480	543	#
163	2175.67	15	58	67	95	131	142	151	165	171	176	178	186	205	256	257	258	260	263	269	322	362	374	436	474	493	497	509	543	#
164	2170.99	8	54	116	131	142	144	171	203	228	239	274	289	296	304	313	344	362	369	402	420	421	423	445	454	473	487	495	543	#
165	2151.64	8	60	90	92	103	111	112	116	125	132	158	205	220	231	281	320	341	353	363	365	369	410	416	445	447	468	496	543	#
166	2137.54	0	7	34	56	138	143	156	165	185	214	225	233	247	252	258	271	295	301	320	323	348	372	392	480	501	507	510	543	#
167	68.6892	267	#
168	852.554	6	70	96	168	218	250	255	265	388	415	416	484	544	#
169	1163.91	12	69	73	86	135	197	302	436	438	464	466	484	544	#
170	1023.99	7	63	168	188	303	316	330	341	387	388	415	478	544	#
171	969.956	15	41	63	69	72	118	135	293	416	442	445	489	544	#
172	962.691	18	32	50	135	197	206	250	284	292	296	467	496	544	#
173	936.975	36	69	152	168	200	204	212	291	298	317	390	479	544	#
174	158.319	115	207	236	545	#
175	231.603	236	282	293	545	#
176	197.062	115	236	347	545	#
177	162.721	207	231	293	545	#
178	72.0021	232	449	546	#
179	89.8089	232	477	546	#
180	87.87	265	449	546	#
181	577.304	103	110	134	241	262	331	411	547	#
182	602.011	66	72	174	178	262	290	434	547	#
183	588.59	134	135	139	207	259	262	465	547	#
184	556.628	5	93	164	179	411	417	471	547	#
185	486.121	96	110	134	149	179	320	490	547	#
186	468.445	58	238	241	330	469	473	509	547	#
187	343.112	133	147	429	508	548	#
188	369.034	133	158	176	215	548	#
189	286.896	49	67	425	508	548	#
190	247.877	33	299	429	462	548	#
191	435.431	102	285	286	372	459	549	#
192	433.992	283	286	299	302	333	549	#
193	397.054	40	86	95	308	459	549	#
194	367.873	3	102	195	356	417	549	#
195	344.867	50	304	340	372	406	549	#
196	323.521	76	253	285	295	495	549	#
197	584.659	12	66	167	183	221	239	319	333	373	389	550	#
198	830.288	41	171	186	211	221	248	323	361	440	443	550	#
199	790.383	66	75	100	103	334	346	398	434	488	497	550	#
200	782.845	36	102	183	198	248	333	357	362	479	489	550	#
201	700.219	96	167	198	236	314	392	399	443	445	461	550	#
202	681.9	22	46	121	133	163	216	244	389	445	475	550	#
203	33.9411	238	287	#
204	1239.75	15	39	54	208	226	289	291	298	324	329	348	362	376	406	428	436	496	551	#
205	1371.36	4	23	87	174	180	216	219	308	332	335	348	456	476	480	496	501	511	551	#
206	1369.32	41	65	83	153	192	203	266	267	298	300	348	363	376	383	456	467	503	551	#
207	1328.26	96	134	135	190	239	279	286	289	291	296	314	318	347	406	408	428	459	551	#
208	1276.2	23	99	119	125	151	232	350	367	376	388	395	425	444	445	457	465	475	551	#
209	1274.7	30	38	54	118	153	158	191	284	316	354	365	370	386	406	415	422	471	551	#
210	108.411	128	338	552	#
211	158.478	338	429	552	#
212	927.553	12	36	50	172	200	204	218	261	266	335	434	471	480	491	507	553	#
213	1159.52	10	20	153	192	234	242	268	279	289	378	394	436	438	439	480	553	#
214	1154.68	6	11	132	137	172	237	315	324	345	349	355	415	426	435	479	553	#
215	1118.72	58	77	146	156	214	235	242	249	254	272	274	281	310	434	453	553	#
216	1100.12	2	16	26	36	67	69	203	209	238	248	281	332	419	465	498	553	#
217	1056.44	50	52	172	180	268	308	311	335	376	445	448	456	470	477	488	553	#
218	1175.9	2	30	51	105	232	245	275	291	294	306	321	367	390	422	425	449	471	478	491	554	#
219	1543.73	18	45	59	72	83	135	193	210	220	245	246	292	379	386	393	394	438	465	487	554	#
220	1531.89	3	10	19	25	60	67	179	193	195	236	286	288	302	310	321	342	409	455	462	554	#
221	1521.25	11	27	51	55	115	128	146	210	233	236	283	291	306	341	387	388	391	443	446	554	#
222	1454.85	30	55	77	80	85	119	191	257	294	315	321	323	337	405	436	437	453	464	506	554	#
223	1423.57	1	27	174	198	213	241	243	315	321	325	378	384	403	407	447	448	449	480	482	554	#
224	524.68	6	13	184	315	321	357	362	414	420	465	555	#
225	758.029	7	59	129	204	272	321	333	369	498	508	555	#
226	661.109	42	82	92	140	149	184	241	336	367	398	555	#
227	655.65	19	158	227	264	289	309	354	420	450	500	555	#
228	609.61	34	62	109	205	224	362	363	401	402	462	555	#
229	588.161	64	89	204	221	271	302	309	315	333	495	555	#
230	89.9545	76	240	556	#
231	96.4492	240	479	556	#
232	76.0129	56	76	556	#
233	132.708	333	392	557	#
234	118.657	392	481	557	#
235	67.3892	185	333	557	#
236	94.161	498	#
237	588.996	21	119	170	292	303	399	507	558	#
238	656.606	42	209	282	284	293	398	399	558	#
239	616.645	32	162	292	337	345	353	416	558	#
240	566.316	34	85	119	249	292	480	483	558	#
241	541.21	21	66	175	267	285	449	473	558	#
242	443.872	163	219	262	277	303	383	478	558	#
243	1228.63	3	32	37	41	104	111	114	118	122	169	213	214	220	273	378	402	422	466	478	500	501	559	#
244	1775.46	19	49	50	122	135	152	156	169	197	244	283	296	321	324	335	371	383	460	462	482	489	559	#
245	1706.83	2	37	40	42	72	118	122	134	179	188	220	243	267	276	278	383	385	393	418	446	472	559	#
246	1671.3	46	50	66	112	124	128	134	135	141	160	191	217	244	265	345	362	374	402	450	484	499	559	#
247	1670.35	54	118	185	193	209	213	279	291	299	306	320	335	349	379	380	395	402	432	480	484	498	559	#
248	1653.41	13	101	123	125	135	210	217	220	236	273	279	284	314	321	323	351	395	422	429	484	491	559	#
249	1138.97	7	15	18	25	42	77	83	99	120	188	272	367	392	403	419	427	560	#
250	1368.37	4	15	17	29	74	105	193	258	297	350	378	392	395	413	416	506	560	#
251	1307.91	7	12	49	145	153	220	235	241	264	288	328	349	388	418	444	509	560	#
252	1237.64	18	27	49	117	119	236	251	286	292	368	391	392	439	481	487	509	560	#
253	1220.96	127	150	172	179	264	289	293	294	299	334	356	419	429	476	501	509	560	#
254	1206.97	4	19	28	68	76	78	99	122	199	205	218	238	378	392	483	501	560	#
255	3156.05	13	24	57	58	61	74	85	95	106	110	112	117	121	131	137	173	179	197	198	208	234	243	244	257	258	316	336	342	345	347	354	357	391	393	404	412	432	433	452	461	464	469	483	494	501	502	506	511	561	#
256	3773.75	3	42	50	53	65	68	74	84	85	90	102	111	130	133	140	155	163	177	185	189	209	218	237	244	266	277	280	284	297	305	315	316	317	327	354	375	381	414	432	443	444	447	451	457	476	477	488	493	561	#
257	3757.08	23	47	66	74	81	101	106	110	125	130	134	135	136	141	142	150	154	171	181	199	221	232	238	241	250	258	265	269	271	275	277	286	289	302	316	320	357	369	374	405	406	414	454	459	476	491	508	510	561	#
258	3696.39	1	14	20	24	26	32	63	69	72	73	88	148	151	156	172	176	184	187	192	207	208	223	247	252	274	276	292	298	300	349	351	354	356	362	375	383	397	417	424	432	466	470	473	476	482	490	492	494	561	#
259	3694.16	1	19	31	49	74	79	85	111	112	117	129	132	173	174	198	221	239	240	244	261	265	269	279	286	289	290	292	296	308	317	327	338	354	357	361	384	394	397	412	415	444	456	466	473	492	493	502	510	561	#
260	3666.76	1	7	26	40	47	50	53	55	83	91	103	107	132	160	166	185	189	195	209	210	223	232	239	249	252	260	262	274	294	302	331	337	362	367	383	388	393	408	412	413	417	425	432	451	456	462	470	476	561	#
261	382.207	174	181	252	270	303	319	365	562	#
262	520.763	27	31	40	319	395	434	466	562	#
263	519.274	93	135	197	228	232	270	505	562	#
264	517.117	4	163	174	257	268	430	474	562	#
265	490.351	1	55	150	354	365	407	481	562	#
266	416.537	42	145	181	209	221	282	456	562	#
267	91.9303	166	261	563	#
268	123.768	261	297	563	#
269	346.3	63	119	138	211	217	375	564	#
270	477.023	66	119	205	250	271	332	564	#
271	456.658	8	211	217	344	441	505	564	#
272	408.825	138	229	290	294	336	383	564	#
273	406.604	29	119	162	375	394	436	564	#
274	374.625	90	171	217	335	402	464	564	#
275	1891.54	13	20	22	55	65	72	84	92	105	119	141	149	172	209	247	260	262	291	302	303	347	380	386	410	462	478	489	511	565	#
276	2451.74	4	7	26	68	92	95	101	108	114	151	171	186	215	257	262	304	351	373	380	381	403	413	423	430	433	434	509	511	565	#
277	2312.54	4	7	15	49	55	66	79	92	102	119	135	158	172	191	195	239	243	263	279	291	293	326	333	375	388	408	426	471	565	#
278	2297.27	6	96	131	156	159	186	191	196	208	247	250	251	265	275	288	303	326	333	346	347	361	370	380	403	415	421	474	510	565	#
279	2270.49	4	30	42	55	84	106	114	125	135	152	160	172	179	214	245	287	346	367	388	403	405	420	466	471	472	482	488	502	565	#
280	2204.92	25	47	66	67	72	97	129	136	147	188	195	215	256	263	266	273	295	321	346	375	380	385	394	408	409	414	420	428	565	#
281	80.5656	212	352	#
282	680.379	2	26	58	191	208	218	240	249	259	299	476	481	566	#
283	994.412	58	78	84	97	191	286	291	314	338	340	439	478	566	#
284	948.527	77	140	141	181	209	240	263	267	404	422	463	469	566	#
285	877.027	118	135	140	183	243	248	398	422	460	478	481	491	566	#
286	875.102	67	102	112	125	143	244	252	309	344	414	431	476	566	#
287	805.541	2	38	123	138	141	193	292	299	345	351	401	511	566	#
288	313.899	86	146	298	399	567	#
289	400.136	189	298	368	430	567	#
290	384.158	41	86	277	508	567	#
291	363.291	46	86	119	146	567	#
292	358.269	53	399	472	510	567	#
293	1659.67	8	26	85	92	131	170	179	207	230	258	260	261	367	386	401	408	409	413	468	483	485	503	511	568	#
294	1874.48	8	30	179	191	214	277	285	286	288	311	318	352	361	370	405	429	434	435	472	475	485	505	506	568	#
295	1817.47	24	41	90	92	117	123	184	200	203	205	224	241	275	300	314	319	340	348	381	384	414	424	472	568	#
296	1796.02	35	40	52	64	79	87	106	124	144	225	257	272	332	369	374	393	402	431	455	480	483	505	510	568	#
297	1774.91	8	14	22	41	76	83	131	160	170	173	192	213	223	235	266	271	319	329	341	386	407	412	461	568	#
298	1774.42	19	26	67	76	141	158	184	213	237	242	289	296	300	352	360	405	420	424	445	452	486	493	509	568	#
299	247.626	276	330	396	446	490	569	#
300	319.117	111	178	212	330	345	569	#
301	272.994	53	193	313	326	446	569	#
302	260.729	10	262	280	490	505	569	#
303	219.025	41	150	296	366	396	569	#
304	212.779	31	218	274	276	506	569	#
305	1413.64	9	35	79	124	151	168	184	194	225	293	300	324	330	393	403	446	448	469	570	#
306	1714.71	71	72	92	101	134	208	300	306	307	351	353	379	388	394	398	436	482	494	570	#
307	1646.26	8	21	67	85	168	170	208	228	243	245	318	325	366	374	448	467	495	508	570	#
308	1524.4	17	23	60	77	79	90	143	156	163	193	249	290	307	378	394	446	474	508	570	#
309	1471.59	9	15	35	46	90	127	183	198	213	240	241	277	296	334	467	494	507	509	570	#
310	1410	14	17	73	97	172	184	187	199	228	243	326	328	374	390	448	489	495	501	570	#
311	449.028	67	204	224	308	319	571	#
312	543.631	114	241	248	252	319	571	#
313	333.699	29	67	148	179	458	571	#
314	300.43	77	96	204	224	331	571	#
315	242.333	275	294	308	334	432	571	#
316	226.138	199	224	328	400	420	571	#
317	687.228	39	54	60	107	121	162	302	372	415	416	572	#
318	956.045	9	101	256	292	325	343	353	415	436	485	572	#
319	855.027	17	35	77	88	121	182	281	313	465	479	572	#
320	836.358	7	54	61	144	331	381	408	412	449	487	572	#
321	773.807	9	33	107	218	240	247	289	331	437	498	572	#
322	741.324	43	67	75	94	272	307	416	458	476	511	572	#
323	1336.49	16	26	66	67	115	130	139	157	175	184	278	292	309	336	343	353	466	573	#
324	1463.73	1	61	67	150	186	194	233	253	292	305	374	376	386	418	428	457	466	573	#
325	1441.87	16	26	45	85	186	200	208	219	234	235	244	276	342	362	436	438	443	573	#
326	1365.97	14	19	28	49	79	97	220	241	252	293	302	309	348	393	416	476	487	573	#
327	1346.85	13	26	35	49	57	101	130	150	171	192	246	261	321	335	424	480	496	573	#
328	1269.68	13	43	84	115	194	244	275	283	302	356	359	377	438	451	475	482	495	573	#
329	371.656	71	106	112	115	249	350	445	574	#
330	450.935	64	122	211	249	291	381	453	574	#
331	422.11	115	139	153	181	340	358	449	574	#
332	395.38	71	103	132	149	222	315	362	574	#
333	393.146	5	23	163	226	445	456	469	574	#
334	364.741	32	243	248	256	296	350	405	574	#
335	165.209	28	490	575	#
336	197.768	280	490	575	#
337	187.893	28	279	575	#
338	67.6388	203	#
339	737.476	93	122	212	214	274	278	297	333	340	401	408	444	492	506	576	#
340	1032.22	31	47	80	129	130	170	182	212	307	337	392	424	425	477	576	#
341	1007.67	39	71	82	228	253	254	344	371	408	427	448	457	475	485	576	#
342	983.808	11	58	75	161	167	250	261	263	278	290	367	414	443	488	576	#
343	959.239	11	16	32	56	70	89	228	273	346	372	388	471	492	510	576	#
344	946.017	16	56	74	79	86	122	134	218	266	303	391	396	416	466	576	#
345	267.922	16	253	280	311	577	#
346	321.858	102	280	310	364	577	#
347	280.77	76	311	324	498	577	#
348	256.7	3	58	250	253	577	#
349	234.02	13	16	243	252	577	#
350	880.516	26	46	115	180	184	243	322	330	346	374	391	403	508	578	#
351	1005.58	26	62	75	139	143	175	238	251	303	393	425	484	508	578	#
352	998.627	36	68	79	106	193	209	242	279	298	376	467	482	508	578	#
353	931.624	59	123	126	155	162	330	346	347	394	403	407	446	476	578	#
354	916.988	4	79	82	180	193	256	288	311	365	373	375	415	419	578	#
355	887.623	2	26	32	189	209	260	262	372	403	424	453	470	487	578	#
356	20.9172	346	#
357	653.106	126	128	130	134	169	207	247	268	499	579	#
358	849.208	3	47	169	252	380	403	442	458	476	579	#
359	809.185	142	153	162	207	235	240	319	373	431	579	#
360	746.617	8	25	134	193	243	249	259	268	504	579	#
361	667.765	49	126	153	298	351	373	402	450	479	579	#
362	659.032	96	130	134	147	180	279	304	399	412	579	#
363	436.188	73	107	201	323	348	352	457	580	#
364	575.572	50	62	72	137	149	435	457	580	#
365	573.577	10	47	84	107	131	279	494	580	#
366	554.216	79	176	201	221	223	302	347	580	#
367	479.655	1	28	60	90	108	158	323	580	#
368	465.03	37	73	126	150	305	327	453	580	#
369	127.333	303	307	581	#
370	47.7659	118	303	581	#
371	404.194	118	155	266	281	300	333	582	#
372	504.96	118	248	295	320	332	375	582	#
373	504.261	37	111	291	300	325	392	582	#
374	500.119	147	236	266	285	334	418	582	#
375	399.091	79	82	177	225	333	393	582	#
376	399.065	78	139	221	281	426	466	582	#
377	919.034	23	64	72	98	140	262	384	425	440	460	509	583	#
378	862.065	41	64	129	159	166	179	226	266	394	486	488	583	#
379	837.972	11	87	114	158	185	222	236	376	460	475	507	583	#
380	835.509	0	2	23	47	152	294	314	317	349	408	416	583	#
381	766.679	72	98	113	191	215	255	278	305	311	366	510	583	#
382	766.214	9	63	98	118	183	230	252	264	411	461	462	583	#
383	178.062	23	136	482	584	#
384	241.909	23	114	384	584	#
385	206.811	185	417	482	584	#
386	195.965	136	273	368	584	#
387	206.432	14	439	452	585	#
388	197.411	14	90	173	585	#
389	682.214	14	35	92	132	216	311	349	449	453	501	511	586	#
390	918.976	94	95	131	137	235	238	244	277	284	291	501	586	#
391	857.402	14	17	115	120	249	318	389	405	482	501	511	586	#
392	781.338	92	106	113	130	131	150	261	338	477	490	511	586	#
393	763.633	35	108	135	174	221	228	276	298	329	366	446	586	#
394	743.673	54	89	92	162	291	307	351	447	449	451	479	586	#
395	180.45	2	478	587	#
396	177.814	202	478	587	#
397	114.149	2	182	587	#
398	711.047	0	27	79	182	192	218	319	355	469	470	588	#
399	859.33	26	61	88	165	297	319	436	445	458	479	588	#
400	800.044	130	152	171	182	201	256	362	364	405	449	588	#
401	793.118	8	106	149	269	278	314	423	428	459	470	588	#
402	766.537	45	129	149	193	218	291	394	403	472	501	588	#
403	758.274	27	135	204	212	282	338	382	383	403	475	588	#
404	83.6144	414	#
405	771.031	36	42	119	298	310	335	387	437	492	589	#
406	792.264	47	83	90	109	115	156	310	488	489	589	#
407	767.396	42	48	105	188	189	200	315	446	470	589	#
408	684.722	72	146	222	263	314	401	420	437	484	589	#
409	680.256	36	199	258	268	280	331	386	492	503	589	#
410	674.844	36	51	64	94	98	156	215	319	453	589	#
411	1938.34	8	12	43	104	122	128	142	179	184	220	234	235	247	271	277	279	286	320	332	350	363	417	425	426	497	590	#
412	2057.21	7	12	50	59	68	141	142	168	188	199	212	228	249	267	284	322	332	368	395	414	473	476	488	503	507	590	#
413	2055.39	9	68	93	154	189	242	245	251	255	263	264	267	300	309	360	385	395	405	449	469	472	475	488	489	497	590	#
414	1997.45	23	41	52	85	104	116	142	177	196	215	228	243	267	320	331	368	385	442	446	459	471	477	482	501	503	590	#
415	1978.89	35	52	59	74	84	115	119	151	156	223	255	265	290	316	319	332	363	370	420	421	469	490	495	499	511	590	#
416	1945.31	2	32	42	43	46	76	87	105	124	128	143	165	183	193	275	276	305	307	319	332	454	457	465	482	507	590	#
417	134.079	334	460	591	#
418	190.152	241	460	591	#
419	21.1097	13	334	591	#
420	465.762	18	51	89	157	210	239	308	463	592	#
421	665.347	24	76	181	308	311	434	492	496	592	#
422	575.11	10	51	169	185	257	272	406	408	592	#
423	571.562	20	158	262	267	376	381	461	463	592	#
424	526.027	38	52	55	83	239	327	422	472	592	#
425	486.137	127	147	210	288	358	371	386	451	592	#
426	647.946	141	236	326	353	356	362	456	460	496	593	#
427	857.113	54	204	242	325	332	333	371	490	496	593	#
428	773.988	186	189	214	259	279	300	371	456	479	593	#
429	757.58	5	42	57	61	175	192	231	335	460	593	#
430	729.916	77	242	326	348	362	422	479	484	487	593	#
431	722.468	142	189	197	218	236	339	441	443	493	593	#
432	198.132	332	340	428	480	#
433	1968.66	2	5	34	48	52	67	68	90	103	108	110	117	118	122	167	212	227	282	300	301	315	323	339	355	362	378	380	397	427	485	508	594	#
434	2719.07	17	19	25	30	32	46	79	81	111	118	124	128	136	141	144	162	168	244	263	277	291	302	317	325	328	366	407	457	485	487	505	594	#
435	2546.57	34	49	66	83	100	107	117	173	219	225	237	258	271	282	286	291	318	333	349	370	379	382	383	402	429	440	459	466	470	501	510	594	#
436	2487.63	15	31	67	92	107	114	123	130	139	159	185	204	219	224	249	261	290	292	327	349	368	381	393	394	409	414	416	423	473	487	505	594	#
437	2469.78	3	5	37	49	64	65	71	113	136	141	194	232	240	248	249	279	300	306	335	365	374	383	397	421	423	424	469	471	488	501	503	594	#
438	2454	19	36	56	131	132	163	189	193	241	242	248	273	308	316	324	326	330	332	333	334	336	357	378	409	428	463	480	482	485	498	500	594	#
439	632.636	180	181	222	269	310	325	330	385	428	430	453	595	#
440	838.681	39	48	94	102	178	228	269	378	409	471	491	595	#
441	824.08	21	43	64	147	180	184	275	369	370	374	419	595	#
442	779.653	39	107	133	207	217	222	254	285	304	359	361	595	#
443	753.919	18	44	68	75	146	226	275	293	310	437	473	595	#
444	733.276	4	18	102	111	132	179	199	341	385	400	507	595	#
445	87.4816	327	#
446	229.574	48	81	242	299	457	596	#
447	312.556	22	145	172	242	474	596	#
448	156.416	98	230	299	597	#
449	233.68	170	177	230	597	#
450	213.8	98	158	352	597	#
451	192.688	225	299	467	597	#
452	680.987	268	272	312	349	383	431	467	598	#
453	610.407	33	40	53	289	334	407	467	598	#
454	583.658	14	44	173	320	383	436	455	598	#
455	555.67	272	284	326	389	440	484	505	598	#
456	445.138	61	84	155	191	312	318	417	598	#
457	350.168	63	74	94	261	400	431	493	598	#
458	739.468	18	74	76	103	118	159	236	401	411	463	599	#
459	911.629	48	57	60	118	380	402	405	409	415	463	599	#
460	910.01	10	30	118	210	272	360	401	415	444	489	599	#
461	908.344	117	118	208	236	284	377	384	440	441	477	599	#
462	897.728	47	70	74	76	115	203	419	470	496	503	599	#
463	788.825	74	159	164	210	274	329	330	342	362	370	599	#
464	393.819	64	98	118	145	288	358	400	600	#
465	585.632	13	92	145	194	277	418	466	600	#
466	558.516	358	371	391	429	451	462	480	600	#
467	529.72	5	110	118	169	224	239	433	600	#
468	468.468	39	64	88	90	262	389	494	600	#
469	446.79	31	37	98	128	218	442	459	600	#
470	536.529	111	142	153	161	197	292	327	452	601	#
471	683.971	21	103	145	162	197	263	383	466	601	#
472	683.439	35	124	153	247	253	374	444	446	601	#
473	622.435	111	184	205	282	292	333	431	508	601	#
474	595.952	89	116	134	142	448	451	476	480	601	#
475	553.861	6	24	43	161	214	397	432	458	601	#
476	760.531	71	84	97	183	216	296	302	379	436	602	#
477	805.216	41	183	228	329	405	419	436	489	497	602	#
478	802.73	71	114	147	248	310	319	392	472	503	602	#
479	709.344	65	154	183	248	277	280	323	327	413	602	#
480	692.361	66	117	146	211	214	216	303	349	483	602	#
481	671.897	67	78	183	190	255	278	296	386	392	602	#
482	95.412	365	#
483	189.398	16	87	116	491	603	#
484	248.241	250	390	474	491	603	#
485	140.486	26	91	116	148	603	#
486	381.042	51	171	299	460	504	604	#
487	491.37	171	272	324	331	504	604	#
488	435.344	47	152	160	268	299	604	#
489	413.195	7	14	476	502	504	604	#
490	371.271	77	125	184	207	460	604	#
491	291.151	37	51	63	75	430	604	#
492	2350.08	14	28	58	64	86	101	103	112	136	147	150	152	164	189	200	205	206	213	218	219	225	227	231	322	334	350	370	382	395	399	430	435	439	605	#
493	2618.7	14	42	71	89	112	135	154	168	175	177	194	196	205	229	243	250	256	267	272	276	323	334	335	337	341	386	415	443	448	452	480	497	510	605	#
494	2584.35	18	24	59	82	84	105	108	109	117	131	183	209	212	219	232	236	240	251	276	286	292	304	335	374	382	399	407	412	421	430	431	476	511	605	#
495	2572.2	1	21	33	84	90	106	120	153	156	159	165	195	220	256	276	278	290	298	334	374	386	406	415	421	438	453	466	474	484	495	499	502	510	605	#
496	2539.39	16	40	59	88	92	135	146	147	153	171	213	219	225	226	229	233	247	251	290	299	302	308	359	370	386	391	394	397	454	455	476	499	503	605	#
497	2527.96	0	9	44	57	65	71	74	101	105	134	147	168	169	195	223	232	246	265	309	310	349	358	373	385	386	393	406	415	438	472	480	482	497	605	#
498	435.818	12	144	231	245	440	606	#
499	454.403	5	12	269	350	411	606	#
500	427.328	30	128	291	440	469	606	#
501	350.979	56	69	123	228	231	606	#
502	299.184	76	116	144	346	481	606	#
503	291.558	52	245	369	443	502	606	#
504	1182.81	61	89	110	112	113	156	164	177	184	202	226	248	256	274	293	387	420	457	464	483	607	#
505	1666.59	54	59	76	123	143	155	156	158	170	190	194	281	340	408	409	411	440	441	490	510	607	#
506	1646.05	23	47	53	76	81	93	133	161	164	168	178	205	232	236	254	263	374	431	464	506	607	#
507	1633.29	4	19	25	51	76	101	122	144	184	198	203	233	297	311	370	414	421	438	442	478	607	#
508	1619.88	110	118	154	156	164	173	190	203	245	248	256	260	298	314	387	396	404	480	496	498	607	#
509	1586.36	35	74	131	156	157	177	181	240	282	298	325	331	358	378	386	404	430	444	470	506	607	#
510	133.525	118	400	419	608	#
511	195.269	236	400	501	608	#
512	177.516	127	332	419	608	#
513	160.65	9	118	445	608	#
514	1608.57	16	21	27	30	32	35	42	63	94	123	161	186	222	256	270	289	308	310	418	419	465	609	#
515	1732.89	35	41	53	66	68	109	134	240	244	271	311	314	315	325	362	376	387	394	403	427	504	609	#
516	1727.55	27	37	41	46	59	88	106	164	184	186	194	229	271	275	278	314	347	391	460	483	484	609	#
517	1698.04	63	94	97	99	112	114	177	193	209	248	265	285	316	318	325	330	336	380	463	493	504	609	#
518	1650.73	42	67	68	74	88	90	140	151	154	175	182	233	237	282	289	324	330	380	394	444	500	609	#
519	1639.64	31	50	63	153	154	261	266	279	308	316	371	398	427	431	442	443	448	463	467	477	501	609	#
520	233.769	415	505	610	#
521	261.544	394	415	610	#
522	191.874	134	505	610	#
523	541.159	51	65	169	221	251	394	429	611	#
524	531.666	51	105	142	158	160	322	381	611	#
525	513.147	8	199	261	359	398	429	488	611	#
526	509.944	53	77	147	224	241	394	488	611	#
527	483.825	63	65	113	170	396	456	503	611	#
528	481.224	51	88	251	358	400	455	501	611	#
529	73.5602	121	166	455	#
530	629.94	38	93	150	211	230	238	251	259	327	373	483	612	#
531	919.087	69	92	150	247	259	280	289	368	417	470	495	612	#
532	888.017	8	52	58	238	243	271	272	355	357	369	496	612	#
533	868.678	17	47	160	177	197	205	218	327	342	466	503	612	#
534	843.569	42	92	195	207	235	268	330	367	373	385	406	612	#
535	821.623	38	97	104	121	172	190	248	259	381	414	495	612	#
536	1690.29	12	75	125	131	140	144	176	183	206	211	213	274	296	300	315	337	339	360	391	402	408	416	448	480	499	613	#
537	2173.66	5	11	12	34	44	80	92	133	153	154	188	232	233	264	266	292	300	311	316	356	378	381	411	479	506	613	#
538	2130.92	12	75	76	81	92	113	142	146	182	188	191	230	270	285	286	314	328	339	350	365	368	408	469	476	488	613	#
539	2121.93	7	21	26	66	124	135	144	176	201	218	267	325	330	361	389	409	420	425	429	435	449	451	499	504	507	613	#
540	2039.8	7	17	44	83	103	117	138	140	193	269	305	316	318	319	339	341	343	361	377	389	400	423	430	467	499	613	#
541	2015.4	10	22	43	47	63	75	78	110	133	194	282	285	319	337	360	363	389	390	408	410	435	489	496	498	504	613	#
542	8.58762	191	#
543	1334.56	27	47	77	126	134	137	140	216	243	248	259	271	272	330	352	455	501	614	#
544	1402.39	41	79	81	126	200	206	227	232	272	285	306	366	403	406	411	455	511	614	#
545	1381.33	47	99	146	154	269	272	294	331	364	405	443	449	451	459	470	498	508	614	#
546	1341.34	22	23	52	126	192	216	240	271	272	283	284	289	297	350	378	421	446	614	#
547	1278.22	47	66	69	77	86	91	169	200	264	271	285	295	304	312	313	381	402	614	#
548	1234.38	19	78	95	116	137	177	195	221	222	267	273	317	324	335	393	494	504	614	#
549	738.12	15	82	111	150	156	237	242	357	365	454	615	#
550	933.226	15	52	94	135	211	258	363	374	379	381	615	#
551	930.534	66	112	156	162	278	304	325	440	462	479	615	#
552	903.749	24	118	147	237	247	310	354	394	408	487	615	#
553	829.677	15	101	201	215	239	365	412	426	433	461	615	#
554	659.553	14	52	150	192	247	349	388	426	450	467	615	#
555	1128.55	64	78	94	112	120	121	192	246	257	288	298	341	379	403	491	498	616	#
556	1451.62	35	36	50	64	164	200	208	221	272	287	289	348	371	429	491	502	616	#
557	1353.92	15	63	121	179	241	261	299	328	329	337	377	431	470	482	494	511	616	#
558	1299.96	52	55	64	78	94	131	232	257	285	306	324	351	372	381	477	507	616	#
559	1245.57	0	57	64	118	127	198	202	242	255	261	275	296	403	488	503	511	616	#
560	1216.51	84	109	192	252	262	302	324	333	335	360	381	384	470	487	494	496	616	#
561	670.237	11	115	178	180	206	241	412	431	617	#
562	759.81	17	83	178	194	292	300	412	446	617	#
563	631.857	89	98	109	240	252	272	287	412	617	#
564	586.819	6	7	22	216	226	241	412	466	617	#
565	475.365	179	186	230	327	335	339	431	468	617	#
566	459.769	89	103	115	292	311	323	398	403	617	#
567	282.521	43	152	274	404	468	618	#
568	411.398	43	128	137	251	432	618	#
569	354.657	34	140	155	274	315	618	#
570	338.043	12	199	229	468	499	618	#
571	336.188	56	74	186	263	404	618	#
572	310.349	31	50	71	87	152	618	#
573	336.945	40	48	116	341	346	429	619	#
574	482.12	1	204	297	346	353	419	619	#
575	419.501	1	48	53	182	236	500	619	#
576	407.922	40	137	384	428	440	458	619	#
577	331.387	80	116	136	239	256	494	619	#
578	309.332	101	176	265	341	415	466	619	#
579	157.814	264	313	455	620	#
580	211.428	94	252	455	620	#
581	168.33	264	315	410	620	#
582	136.598	218	313	447	620	#
583	116.653	267	453	621	#
584	69.1424	453	478	621	#
585	1019.45	32	50	143	177	187	196	235	351	405	406	414	436	504	622	#
586	1120.23	99	139	141	158	196	228	243	245	303	364	412	462	471	622	#
587	1060.31	43	73	76	177	178	235	248	272	276	304	307	386	423	622	#
588	1029.16	32	84	110	125	171	276	304	357	405	429	446	476	500	622	#
589	1020.78	12	139	164	169	226	292	298	325	342	406	414	473	484	622	#
590	1019.44	65	73	74	87	90	351	380	410	431	453	460	479	492	622	#
591	52.4053	38	#
592	588.5	7	8	131	169	225	462	623	#
593	495.519	7	9	210	337	416	418	623	#
594	465.484	131	341	380	450	494	502	623	#
595	420.656	169	361	398	428	488	500	623	#
596	374.044	16	107	187	269	457	462	623	#
597	367.111	8	29	94	162	171	218	623	#
598	1734.06	14	27	42	47	96	108	130	199	224	235	244	251	309	310	317	319	345	366	371	396	405	417	439	478	624	#
599	1921.85	34	47	63	85	89	107	154	156	176	183	195	208	260	306	308	309	310	316	339	340	343	405	443	467	624	#
600	1847	20	21	27	83	86	107	123	136	146	150	156	232	250	252	284	297	298	314	316	320	331	351	434	485	624	#
601	1831.67	37	66	80	86	101	106	144	192	204	214	224	275	312	314	333	365	400	404	415	420	434	435	469	478	624	#
602	1822.45	33	41	54	93	106	144	155	166	191	193	208	209	232	291	317	334	380	388	390	406	452	467	470	475	624	#
603	1818.97	31	34	40	137	164	189	208	251	264	287	358	371	392	398	400	401	403	406	428	435	444	445	463	492	624	#
604	982.004	59	93	95	97	139	155	178	201	232	435	440	450	468	498	507	625	#
605	1207.25	26	39	60	61	87	153	154	173	194	201	338	378	391	433	508	625	#
606	1205.02	21	60	109	165	214	220	247	259	279	315	336	342	347	383	450	625	#
607	1116.11	33	57	85	94	97	158	175	197	225	227	300	450	481	496	498	625	#
608	1101.2	14	19	40	65	76	77	109	193	252	316	400	431	493	499	507	625	#
609	1096.61	69	110	177	196	232	248	256	354	399	403	413	437	457	492	506	625	#
610	1227.26	27	35	93	225	233	241	246	252	364	378	385	393	420	436	502	626	#
611	1191.18	27	32	50	57	105	114	180	252	254	265	286	341	360	441	502	626	#
612	1141.42	37	111	132	143	161	173	225	236	281	347	371	374	386	412	502	626	#
613	1140.59	40	97	118	144	168	179	233	265	269	296	323	416	421	445	487	626	#
614	1123.45	0	5	43	76	93	130	178	271	287	296	303	381	387	390	398	626	#
615	1098.1	41	48	96	145	172	173	213	264	274	385	412	433	462	463	475	626	#
616	275.065	13	96	104	255	368	393	394	499	627	#
617	386	31	88	104	122	224	258	364	450	627	#
618	52.0964	366	#
619	2060.88	0	12	56	68	99	120	123	130	135	154	156	196	217	222	228	233	248	278	288	289	318	328	378	403	473	628	#
620	2071.1	12	15	23	127	133	139	142	223	226	289	291	318	321	325	328	356	359	363	375	388	407	408	421	459	482	628	#
621	2064.05	27	55	66	69	78	102	118	178	186	222	279	288	289	308	313	341	351	378	392	415	442	460	483	484	493	628	#
622	1981.51	12	14	123	162	165	174	194	210	234	254	265	282	284	287	289	295	323	325	333	341	349	371	417	421	477	628	#
623	1956.44	69	77	102	120	130	154	156	268	269	278	318	323	331	358	402	405	417	427	442	449	458	473	478	494	504	628	#
624	1946.71	7	43	46	125	142	209	217	233	239	250	253	280	284	291	313	320	323	343	381	398	410	449	490	496	511	628	#
625	896.907	15	41	124	169	235	318	319	342	343	352	400	490	629	#
626	1011.48	64	124	140	225	273	320	354	429	443	462	477	492	629	#
627	976.954	15	37	144	197	286	297	342	428	432	435	441	495	629	#
628	906.414	30	92	99	131	169	214	225	256	267	343	402	422	629	#
629	835.973	33	103	111	218	283	291	319	435	440	452	469	480	629	#
630	766.226	2	7	18	20	46	121	187	318	340	402	475	479	629	#
631	2128.02	5	8	9	34	49	74	108	110	147	163	214	223	240	246	258	306	312	315	340	347	356	366	368	369	372	381	384	388	440	468	510	511	630	#
632	2486.87	8	26	29	37	57	65	85	110	116	124	140	143	150	178	182	190	199	217	240	243	248	297	299	329	420	447	450	454	474	483	506	508	630	#
633	2486.03	5	8	23	32	37	58	66	70	74	83	124	154	162	195	197	242	246	258	262	265	271	273	287	339	347	356	373	406	409	450	483	496	630	#
634	2459.82	15	38	43	55	67	77	86	108	128	162	171	178	208	210	217	234	246	252	268	274	312	352	358	361	396	397	401	403	473	483	498	511	630	#
635	2445.38	9	12	33	59	70	105	140	150	154	159	164	168	183	193	203	232	245	254	267	294	350	352	369	379	388	391	405	438	454	467	474	506	630	#
636	2388.1	11	19	32	37	47	57	67	121	123	135	159	161	173	178	226	227	234	238	280	286	292	343	359	360	378	397	410	440	442	465	473	483	630	#
637	458.47	16	41	143	315	359	401	468	631	#
638	642.454	72	81	271	359	378	491	496	631	#
639	574.698	82	98	191	263	315	348	405	631	#
640	540.32	16	37	49	191	226	335	487	631	#
641	512.809	100	146	244	336	418	468	491	631	#
642	502.387	41	65	69	118	124	166	410	631	#
643	262.886	16	107	235	307	356	632	#
644	358.901	156	227	235	338	485	632	#
645	319.825	87	107	236	332	509	632	#
646	298.669	16	116	177	196	429	632	#
647	233.462	31	32	95	307	308	632	#
648	483.86	85	122	128	137	232	312	404	425	455	633	#
649	640.798	85	88	274	312	317	350	378	486	492	633	#
650	635.218	122	174	211	262	303	307	351	398	419	633	#
651	613.488	61	80	225	253	270	292	409	455	463	633	#
652	592.345	21	69	162	180	247	339	363	404	500	633	#
653	589.851	21	220	232	257	279	296	425	447	464	633	#
654	135.962	242	331	440	634	#
655	174.669	4	250	440	634	#
656	1947.87	12	39	41	58	59	70	72	85	88	119	124	130	133	135	297	308	321	360	381	390	405	428	448	468	481	635	#
657	2083.93	21	24	88	124	134	176	219	224	236	237	278	290	297	305	312	345	359	365	396	438	459	462	484	503	511	635	#
658	1938.19	41	50	59	78	99	153	207	220	251	258	278	285	302	312	335	357	358	370	386	437	438	442	461	480	501	635	#
659	1890.97	16	22	38	39	54	62	97	103	120	135	139	179	193	266	278	311	359	390	422	426	441	450	459	480	508	635	#
660	1873.02	6	19	20	36	47	50	104	133	169	176	206	212	214	244	258	328	344	359	360	381	385	422	428	436	450	635	#
661	1832.97	15	19	49	70	125	133	171	206	207	248	259	275	302	313	319	370	375	400	403	415	428	445	493	502	511	635	#
662	105.488	1	#
663	1539.48	5	15	31	43	74	76	86	111	115	235	311	331	367	395	414	430	437	474	479	489	497	636	#
664	1768.88	8	46	56	63	74	75	97	123	153	199	276	285	289	295	314	367	372	438	459	473	506	636	#
665	1704.56	12	16	17	42	103	165	186	189	205	229	244	259	335	341	360	395	414	416	428	459	508	636	#
666	1649.42	4	5	9	37	90	141	149	163	187	208	222	223	229	232	280	305	319	366	376	379	419	636	#
667	1614.16	4	15	69	70	80	90	103	114	128	143	155	157	223	347	351	374	409	450	486	500	504	636	#
668	1599.6	1	26	52	76	90	138	146	168	218	273	275	297	298	403	404	445	447	467	482	489	498	636	#
669	60.5023	439	#
670	90.0155	175	396	637	#
671	77.0389	42	175	637	#
672	850.864	4	67	70	71	132	230	236	350	378	397	456	638	#
673	860.817	25	70	119	134	183	360	377	394	426	427	459	638	#
674	830.766	14	20	24	36	259	281	301	325	378	435	441	638	#
675	819.814	21	109	145	295	327	350	355	384	426	442	504	638	#
676	797.37	58	157	213	219	236	268	316	339	344	373	444	638	#
677	787.773	31	92	108	142	157	162	203	239	352	456	487	638	#
678	590.947	42	68	229	242	281	394	419	639	#
679	564.601	19	124	304	323	384	419	499	639	#
680	560.778	188	235	281	293	346	426	482	639	#
681	533.366	8	64	213	294	346	355	394	639	#
682	447.708	42	121	123	138	355	464	496	639	#
683	373.073	13	242	331	346	392	404	469	639	#
684	383.801	194	319	361	408	410	640	#
685	480.396	5	138	319	393	470	640	#
686	435.025	144	181	390	408	440	640	#
687	342.832	0	126	361	434	448	640	#
688	268.04	10	104	138	410	511	640	#
689	1404.56	0	104	150	196	263	296	308	319	324	333	341	347	368	381	394	450	482	641	#
690	1511.59	88	102	126	140	142	150	173	216	262	268	275	300	317	395	413	436	445	641	#
691	1447.3	66	72	77	90	102	140	178	197	201	202	217	267	378	381	429	496	510	641	#
692	1366.48	19	28	37	70	121	227	266	285	300	317	320	368	378	391	435	450	451	641	#
693	1356.68	7	46	57	102	124	161	187	193	259	302	333	345	383	429	440	464	501	641	#
694	1259.75	5	65	109	149	158	182	222	227	272	273	307	311	319	409	411	431	492	641	#
695	720.165	181	192	252	283	363	367	439	459	505	642	#
696	905.964	34	35	124	131	156	345	377	505	506	642	#
697	711.997	66	69	202	252	298	341	367	414	485	642	#
698	680.169	168	219	309	354	372	378	396	439	459	642	#
699	679.217	102	178	192	233	260	279	308	420	496	642	#
700	659.532	39	66	245	283	378	391	410	478	507	642	#
701	188.371	12	136	275	321	643	#
702	280.581	17	119	275	442	643	#
703	278.794	33	56	81	321	643	#
704	268.916	136	332	459	507	643	#
705	201.179	12	96	296	371	643	#
706	554.722	172	230	238	258	281	352	362	428	506	644	#
707	709.568	15	156	223	235	328	352	357	378	478	644	#
708	630.372	96	139	179	202	220	230	281	335	365	644	#
709	606.522	182	202	206	253	265	372	409	428	462	644	#
710	589.126	20	55	80	195	258	456	464	482	493	644	#
711	524.381	9	161	175	206	316	339	362	419	483	644	#
712	471.357	14	71	197	237	285	334	405	645	#
713	648.177	65	67	92	266	268	334	433	645	#
714	528.337	179	185	226	285	332	395	503	645	#
715	521.723	192	266	267	275	310	378	405	645	#
716	431.438	21	71	100	221	292	309	419	645	#
717	343.191	14	103	227	344	376	446	470	645	#
718	525.167	67	73	129	151	156	338	362	466	646	#
719	703.439	12	97	125	129	228	301	316	337	646	#
720	676.637	36	90	205	246	286	306	466	490	646	#
721	615.513	210	271	333	362	397	467	488	502	646	#
722	589.159	1	6	156	178	191	197	290	457	646	#
723	519.439	97	117	212	338	361	385	452	495	646	#
724	1076.3	68	81	96	109	128	194	197	260	263	363	365	413	430	444	450	647	#
725	1308.68	2	52	67	109	133	135	177	244	363	365	434	444	462	495	499	647	#
726	1304.88	97	124	139	201	205	260	268	287	305	368	385	442	458	475	485	647	#
727	1273.55	36	39	49	76	136	148	188	225	263	310	373	387	405	414	482	647	#
728	1259.27	34	54	78	195	197	234	257	357	358	373	383	431	465	495	511	647	#
729	1253.86	4	5	120	130	155	175	183	273	279	363	485	489	496	510	511	647	#
730	699.829	26	152	241	251	335	377	434	648	#
731	585.981	8	26	170	421	422	433	498	648	#
732	555.125	90	95	194	241	330	488	509	648	#
733	530.647	27	72	251	286	322	470	503	648	#
734	515.288	175	251	254	289	361	422	434	648	#
735	455.607	105	166	192	263	377	444	455	648	#
736	50.1767	121	#
737	68.6355	102	#
738	1883.08	8	26	61	92	136	147	178	205	213	223	232	253	255	305	318	320	341	361	363	364	394	419	427	452	454	458	480	497	649	#
739	2274.91	87	98	110	186	205	208	217	221	223	230	231	245	268	320	323	331	334	358	374	384	394	400	409	413	415	438	440	480	649	#
740	2220.58	65	69	72	76	92	120	121	122	144	170	217	228	232	234	250	321	322	334	339	356	378	394	406	421	463	477	487	508	649	#
741	2217.25	3	17	19	85	106	169	171	180	183	193	227	270	272	289	300	306	312	324	354	356	358	386	433	441	477	480	485	508	649	#
742	2181.27	46	49	78	107	108	116	129	167	176	189	213	231	246	258	267	302	318	328	357	358	359	361	368	406	422	437	465	487	649	#
743	2174.88	24	72	81	111	121	130	144	151	175	191	203	205	212	251	255	269	277	280	305	368	373	383	396	409	426	440	444	480	649	#
744	171.137	144	446	650	#
745	206.943	144	202	650	#
746	205.233	68	316	385	651	#
747	265.738	160	290	316	651	#
748	249.874	232	272	385	651	#
749	85.5821	68	235	432	651	#
750	789.292	37	44	87	169	184	202	272	309	357	367	652	#
751	970.955	5	80	160	169	259	263	385	442	457	484	652	#
752	845.481	87	234	248	253	260	269	277	385	408	440	652	#
753	698.085	12	31	37	202	283	321	351	481	483	490	652	#
754	652.34	32	96	100	357	370	401	405	429	431	444	652	#
755	626.393	66	76	190	262	299	350	367	382	448	508	652	#
756	60.1172	494	#
757	595.534	20	114	267	318	389	429	447	481	653	#
758	710.614	16	102	153	179	191	300	318	334	653	#
759	645.314	23	114	143	192	217	365	389	436	653	#
760	632.772	90	101	114	125	413	419	459	479	653	#
761	606.241	6	15	112	113	176	267	476	493	653	#
762	553.281	79	205	347	414	425	447	478	487	653	#
763	210.32	147	338	355	654	#
764	223.263	147	378	430	654	#
765	170.344	299	355	489	654	#
766	93.4018	157	329	338	654	#
767	728.396	120	204	205	208	210	228	266	394	655	#
768	685.098	48	50	113	204	280	327	368	369	655	#
769	604.854	43	58	79	208	300	358	426	507	655	#
770	599.623	54	152	210	253	254	264	304	394	655	#
771	580.777	91	205	206	228	375	379	380	466	655	#
772	558.559	17	77	83	174	266	362	368	389	655	#
773	586.219	55	65	120	174	252	339	355	419	656	#
774	752.332	57	109	120	140	176	331	417	434	656	#
775	668.072	56	81	164	252	269	378	398	443	656	#
776	665.471	20	169	179	286	307	378	419	458	656	#
777	610.858	55	87	97	134	240	412	492	510	656	#
778	596.016	175	276	289	326	339	347	416	436	656	#
779	1030.96	8	23	56	66	257	260	272	273	282	307	312	380	419	423	447	657	#
780	1311.98	8	22	92	98	102	174	186	240	268	272	311	326	439	465	507	657	#
781	1210.37	1	10	11	55	81	203	240	257	306	356	382	386	418	423	435	657	#
782	1202.85	30	129	233	258	276	311	315	327	405	414	423	431	451	460	504	657	#
783	1192.83	23	192	199	240	260	286	288	334	350	368	405	420	431	448	491	657	#
784	1165.29	5	66	72	143	220	222	276	279	317	321	324	327	433	449	505	657	#
785	127.326	125	340	658	#
786	137.967	340	477	658	#
787	129.936	125	445	658	#
788	202.316	417	495	659	#
789	233.03	201	417	659	#
790	145.731	167	495	659	#
791	2144.04	3	69	78	99	116	118	129	138	146	152	169	196	214	255	268	271	278	286	287	305	323	325	343	347	359	387	391	409	449	453	500	504	660	#
792	2665.61	6	45	62	73	82	102	116	134	138	142	158	160	168	169	214	228	241	242	274	277	282	305	318	333	373	377	398	423	432	443	483	505	660	#
793	2525.1	50	54	80	81	90	92	102	152	154	170	184	195	198	205	242	268	274	291	297	311	342	347	369	380	387	390	415	444	456	472	483	493	660	#
794	2444.72	3	22	25	33	47	48	88	91	141	160	179	183	190	191	194	205	246	319	322	325	327	351	360	398	427	431	454	471	484	490	506	510	660	#
795	2442.51	26	78	84	98	99	126	138	143	149	170	182	194	196	224	237	283	284	286	311	320	330	353	372	379	414	430	433	435	453	467	496	511	660	#
796	2427.3	6	24	26	36	85	102	124	163	177	193	196	214	228	262	274	279	284	287	347	357	366	380	382	383	398	435	438	450	473	500	505	508	660	#
797	171.354	49	389	448	661	#
798	224.218	168	312	448	661	#
799	200.551	49	119	419	661	#
800	192.042	99	354	389	661	#
801	159.629	148	374	434	662	#
802	237.311	266	374	452	662	#
803	226.217	418	434	496	662	#
804	194.444	41	148	406	662	#
805	280.638	135	174	270	420	450	663	#
806	373.912	34	174	200	342	497	663	#
807	351.463	117	119	241	270	364	663	#
808	344.195	174	379	389	450	498	663	#
809	329.417	50	265	345	376	420	663	#
810	1801.55	53	59	60	98	111	114	170	187	208	213	240	241	269	282	290	294	305	322	331	340	351	365	387	412	432	464	465	494	664	#
811	2053.05	8	18	24	49	89	93	153	165	184	187	208	243	247	251	278	282	284	295	310	316	357	377	388	407	412	447	462	499	664	#
812	2051.32	40	45	49	52	95	106	131	139	151	165	171	194	203	222	263	305	351	359	372	416	419	423	437	462	473	485	487	511	664	#
813	2014.55	6	21	35	46	81	102	181	193	208	214	236	305	310	352	365	373	376	389	390	397	407	421	440	443	451	452	481	494	664	#
814	2013.3	14	95	109	164	204	219	222	235	236	260	263	270	271	279	283	298	299	310	318	320	322	357	396	400	412	432	438	479	664	#
815	1995.75	6	99	101	111	123	131	161	167	193	216	222	241	242	267	269	298	302	312	325	326	359	376	408	416	441	465	470	472	664	#
816	766.089	96	145	198	210	218	264	275	284	317	335	479	665	#
817	853.678	61	70	130	151	238	327	373	429	439	457	479	665	#
818	838.561	10	37	39	105	108	128	284	443	451	476	499	665	#
819	779.623	48	54	84	145	168	250	306	336	468	480	484	665	#
820	721.983	45	67	118	120	158	188	198	219	235	417	443	665	#
821	704.837	1	3	68	101	224	241	317	350	376	452	505	665	#
822	680.487	15	18	90	208	229	234	413	436	666	#
823	722.029	205	232	234	328	379	384	391	394	666	#
824	702.319	98	196	213	229	327	359	391	465	666	#
825	663.124	15	74	112	277	295	312	430	461	666	#
826	572.765	14	16	42	124	248	267	430	436	666	#
827	560.924	55	69	87	90	337	397	409	427	666	#
828	313.048	131	225	387	473	667	#
829	367.738	97	225	392	438	667	#
830	304.883	131	259	295	337	667	#
831	232.582	84	316	347	473	667	#
832	153.029	58	326	371	387	667	#
833	347.701	225	233	248	261	414	668	#
834	372.777	6	26	366	414	508	668	#
835	341.822	162	225	261	299	404	668	#
836	317.285	4	202	248	297	352	668	#
837	316.225	106	173	233	364	443	668	#
838	313.155	81	184	261	302	476	668	#
839	679.371	30	266	275	280	292	397	399	418	669	#
840	671.945	104	161	258	399	479	487	491	504	669	#
841	659.286	80	280	396	436	444	479	501	510	669	#
842	597.824	108	200	218	247	252	275	417	478	669	#
843	583.947	30	35	71	81	109	141	250	252	669	#
844	580.596	1	156	254	285	292	303	315	426	669	#
845	331.445	77	84	139	149	335	337	413	670	#
846	477.395	60	79	139	215	301	337	500	670	#
847	437.279	25	53	77	160	187	293	379	670	#
848	428.716	0	92	139	233	264	409	511	670	#
849	425.528	23	38	191	216	335	338	487	670	#
850	416.262	73	128	201	213	333	413	489	670	#
851	26.4187	312	#
852	1105.4	20	86	87	110	118	156	186	223	228	351	398	463	496	505	671	#
853	1140.33	37	94	103	150	154	156	170	199	210	213	314	384	473	510	671	#
854	1088.61	83	104	115	129	207	322	374	380	386	395	402	441	500	505	671	#
855	1071.23	20	70	86	109	168	182	187	190	217	254	265	267	357	418	671	#
856	1065.85	20	23	26	59	64	168	190	209	285	394	422	478	491	496	671	#
857	1042.55	3	15	92	131	146	213	252	263	338	356	365	398	411	490	671	#
858	687.728	139	148	169	256	318	330	358	379	672	#
859	667.192	1	68	117	167	236	265	318	348	672	#
860	598.947	23	98	107	207	256	316	431	470	672	#
861	586.782	45	107	169	204	286	384	414	458	672	#
862	584.931	87	124	138	139	327	374	483	487	672	#
863	580.387	7	128	232	330	343	387	405	427	672	#
864	804.017	123	127	195	215	220	223	224	262	359	361	464	471	481	490	673	#
865	1158.53	37	43	77	92	133	167	215	258	290	304	330	431	448	470	673	#
866	1110.62	25	93	102	147	158	165	182	222	223	324	365	369	371	439	673	#
867	1014.25	17	67	83	123	200	223	247	287	289	295	355	380	403	414	673	#
868	987.556	51	86	110	111	123	154	215	253	258	265	344	399	458	490	673	#
869	963.904	5	38	41	43	49	55	186	200	253	321	331	338	464	465	673	#
870	348.969	119	185	449	465	469	674	#
871	420.824	60	116	173	407	465	674	#
872	366.286	119	134	280	337	502	674	#
873	324.591	18	369	452	469	473	674	#
874	216.151	185	295	399	471	494	674	#
875	208.399	149	223	427	431	449	674	#
876	404.595	56	120	133	327	394	675	#
877	437.775	81	133	171	224	257	675	#
878	416.918	31	154	186	327	358	675	#
879	410.442	56	255	394	442	446	675	#
880	389.817	61	120	133	306	310	675	#
881	284.577	248	339	366	394	486	675	#
882	1929.29	26	27	38	48	56	86	92	94	111	113	127	150	171	178	211	214	224	264	276	280	302	318	365	389	395	401	676	#
883	2130.88	1	5	29	43	56	68	77	111	134	173	184	211	212	245	279	281	286	310	337	361	395	409	438	440	463	491	676	#
884	2054.76	1	93	106	108	109	111	123	128	135	171	224	235	238	287	295	317	336	360	361	369	384	390	456	469	470	508	676	#
885	2043.25	1	20	50	111	142	152	180	220	247	258	299	301	306	308	361	372	375	386	387	389	399	437	459	463	464	501	676	#
886	1979.87	6	14	15	36	90	100	121	133	142	179	181	199	267	274	308	360	365	389	428	453	476	496	497	502	504	505	676	#
887	1972.25	3	31	37	40	48	63	66	146	164	225	235	238	258	277	314	322	341	361	383	397	403	437	453	454	498	504	676	#
888	79.8185	2	113	677	#
889	107.223	2	298	677	#
890	100.117	91	113	677	#
891	655.955	41	142	275	305	306	365	498	507	678	#
892	774.48	42	57	200	243	275	337	381	407	678	#
893	761.334	15	41	233	241	266	272	383	395	678	#
894	624.721	91	142	235	295	313	357	452	487	678	#
895	569.441	92	102	103	219	243	286	356	498	678	#
896	554.394	39	67	191	231	233	241	290	507	678	#
897	2091.22	4	51	59	63	130	133	134	155	218	220	223	224	225	262	266	270	282	302	317	333	381	384	391	406	425	470	478	509	679	#
898	2308.01	17	21	22	35	47	92	107	119	142	154	194	226	236	290	356	363	368	381	391	397	410	412	431	470	480	491	501	506	679	#
899	2277.14	41	49	138	144	198	225	244	254	258	267	281	322	340	351	355	365	368	379	384	393	399	401	436	455	456	470	494	509	679	#
900	2269.4	22	23	35	53	68	90	99	111	118	129	175	220	232	236	240	271	295	333	370	381	391	415	419	429	444	446	505	506	679	#
901	2148.09	22	57	77	84	97	133	196	199	208	209	282	287	290	297	306	333	355	368	374	376	382	388	428	431	434	492	502	509	679	#
902	2083.6	51	76	89	149	155	185	186	209	220	248	273	277	296	318	322	341	357	360	362	381	384	397	399	439	464	477	501	502	679	#
903	571.298	30	88	106	237	261	400	441	680	#
904	628.616	106	135	199	343	349	409	441	680	#
905	618.288	30	200	222	223	358	381	393	680	#
906	524.972	25	36	221	363	382	441	487	680	#
907	485.86	9	37	65	69	221	261	317	680	#
908	483.993	116	237	263	363	411	448	502	680	#
909	1262.08	27	44	82	135	148	152	278	296	324	331	338	357	358	363	393	417	419	468	474	500	681	#
910	1647.32	8	38	67	82	137	142	153	154	170	172	192	203	240	306	369	381	406	419	475	477	681	#
911	1612.91	4	8	14	56	67	179	181	185	202	230	271	317	347	415	433	438	452	468	486	508	681	#
912	1570.52	23	32	44	48	67	118	157	169	187	214	223	269	274	290	331	350	376	381	415	436	681	#
913	1442.85	15	64	132	148	165	191	235	320	328	351	357	382	386	391	413	470	483	485	497	504	681	#
914	1428.23	17	29	81	123	134	156	160	201	203	206	296	300	369	377	379	446	463	474	477	485	681	#
915	120.472	491	496	682	#
916	141.251	478	491	682	#
917	1421.74	24	26	41	52	62	71	116	117	122	144	224	287	308	380	406	409	469	476	683	#
918	1657.05	7	26	65	144	147	174	255	277	285	288	305	308	349	372	397	407	412	494	683	#
919	1395.74	7	33	65	88	124	136	149	166	175	234	246	308	406	441	461	480	488	497	683	#
920	1316.23	1	73	80	154	166	176	221	228	289	302	307	328	335	372	406	429	468	484	683	#
921	1301.52	21	52	62	69	100	101	160	164	174	177	265	271	305	351	370	409	416	511	683	#
922	1293.59	3	46	62	73	92	178	196	259	341	373	378	389	414	435	437	475	476	484	683	#
923	182.683	197	223	288	435	684	#
924	270.515	41	67	197	396	684	#
925	228.014	59	102	122	288	684	#
926	185.36	110	130	223	248	684	#
927	138.884	125	146	685	#
928	188.142	125	292	685	#
929	166.727	146	392	685	#
930	747.173	33	56	197	203	393	394	432	466	686	#
931	629.788	134	160	236	311	323	390	394	451	686	#
932	603.826	198	283	290	304	313	370	432	438	686	#
933	578.521	21	33	119	158	174	426	489	509	686	#
934	567.387	53	179	203	247	306	308	393	471	686	#
935	556.357	23	43	56	129	168	324	370	421	686	#
936	898.843	10	37	53	100	109	152	160	181	262	299	339	348	401	425	453	454	497	687	#
937	1274.32	19	53	125	137	140	154	170	179	220	235	253	399	402	474	476	486	497	687	#
938	1203.84	10	13	49	52	63	156	173	192	193	205	230	302	377	425	482	490	506	687	#
939	1197.11	47	63	160	170	180	187	205	255	275	309	321	373	401	421	453	459	479	687	#
940	1192.24	7	13	37	54	138	179	241	285	286	288	326	342	353	383	424	458	471	687	#
941	1190.74	24	121	220	239	253	275	285	296	303	352	365	373	374	391	396	401	500	687	#
942	676.822	2	32	217	231	360	386	454	456	496	688	#
943	826.012	42	134	188	250	314	360	414	440	460	688	#
944	729.43	44	52	220	226	386	395	410	436	510	688	#
945	689.637	101	140	151	204	211	231	314	467	506	688	#
946	682.751	33	63	161	194	243	273	359	456	457	688	#
947	634.844	60	68	98	132	171	217	361	410	431	688	#
948	398.497	12	136	159	229	241	278	689	#
949	551.573	114	136	153	320	322	511	689	#
950	493.666	79	97	229	274	434	468	689	#
951	441.946	12	17	33	102	203	246	689	#
952	431.732	90	134	136	276	278	281	689	#
953	321.893	27	104	159	188	217	281	689	#
954	2905.14	4	6	16	40	56	67	69	70	75	92	95	96	132	195	212	213	220	223	248	268	280	288	316	319	327	340	342	353	365	366	385	388	407	429	435	443	479	484	487	690	#
955	3190.84	16	26	42	54	67	72	75	92	146	171	177	198	211	214	230	236	237	268	271	293	298	302	312	319	324	325	332	342	349	373	381	398	401	413	426	433	457	477	480	690	#
956	3159.68	3	16	22	46	48	57	58	60	74	122	134	136	138	142	145	162	166	188	204	207	211	223	228	242	268	288	342	381	384	405	416	423	437	442	443	444	449	477	499	690	#
957	3086.35	2	36	41	46	87	105	146	174	190	194	202	207	223	229	253	266	277	285	288	312	316	319	320	342	353	364	367	373	375	384	423	424	439	443	464	481	484	495	500	690	#
958	3082.25	1	22	36	71	78	92	118	120	122	130	162	164	176	186	212	222	237	262	268	277	285	288	293	348	361	364	401	415	426	440	442	443	458	464	486	492	497	510	511	690	#
959	3076.17	2	9	21	41	44	55	74	83	88	92	108	126	132	145	185	186	193	214	230	237	248	268	271	331	343	348	349	358	361	373	380	383	443	445	455	458	484	490	508	690	#
960	491.758	145	146	340	376	414	429	456	462	691	#
961	673.882	76	145	148	231	277	383	389	502	691	#
962	628.964	10	122	146	241	244	383	386	394	691	#
963	566.006	161	184	205	325	345	367	376	443	691	#
964	557.305	17	48	165	183	340	370	371	462	691	#
965	504.52	183	212	285	403	429	456	474	501	691	#
966	95.3696	330	#
967	125.022	73	191	692	#
968	185.863	73	284	692	#
969	138.795	94	191	692	#
970	585.114	10	89	113	192	206	231	269	286	343	508	693	#
971	854.207	8	19	102	143	152	159	167	198	269	377	693	#
972	800.131	31	206	362	363	364	378	384	392	442	444	693	#
973	770.414	113	120	159	178	295	309	310	409	436	437	693	#
974	753.012	47	58	72	118	133	135	172	256	312	508	693	#
975	728.186	78	85	185	206	243	286	315	346	368	392	693	#
976	377.59	38	73	197	235	371	375	457	694	#
977	527.282	8	30	87	120	182	202	371	694	#
978	517.929	24	41	126	140	162	260	375	694	#
979	494.356	118	233	235	253	298	375	485	694	#
980	374.512	47	49	160	197	211	282	432	694	#
981	358.476	73	88	216	266	329	362	449	694	#
982	1431.13	24	58	69	103	122	127	151	170	179	188	192	210	235	250	284	293	327	338	350	388	402	415	424	475	478	500	695	#
983	2096.76	1	4	21	76	108	120	127	135	138	143	153	181	243	246	272	288	296	334	381	387	389	424	463	477	482	488	695	#
984	2086.87	63	90	114	116	127	135	162	165	178	197	201	285	308	328	330	375	377	378	390	391	415	447	463	477	491	505	695	#
985	2086.12	30	32	46	65	74	95	139	145	162	190	205	214	285	328	335	342	349	350	373	374	422	445	454	487	501	503	695	#
986	2075.58	17	29	30	58	66	74	79	100	139	183	190	191	226	250	261	284	330	332	341	357	384	387	399	430	476	484	695	#
987	2060.98	24	74	99	109	160	172	191	192	205	236	252	255	311	327	349	350	352	390	395	398	424	431	438	478	480	496	695	#
988	89.7727	62	212	492	696	#
989	129.277	350	432	492	696	#
990	104.734	205	212	355	696	#
991	621.88	1	244	272	360	385	400	437	450	697	#
992	711.051	91	96	131	193	244	245	319	463	697	#
993	625.525	239	254	334	348	424	428	436	450	697	#
994	588.814	70	134	140	186	355	408	437	483	697	#
995	563.617	133	176	187	219	362	385	427	495	697	#
996	562.206	1	17	61	106	321	407	452	473	697	#
997	2037.05	2	4	27	31	41	42	43	82	111	167	168	193	240	261	265	267	286	317	335	353	356	357	365	390	408	409	485	498	499	698	#
998	2352.06	21	162	165	169	186	203	222	224	240	245	261	273	300	314	325	327	350	352	356	374	383	390	407	427	430	488	489	492	506	698	#
999	2338.57	20	45	49	53	74	76	82	101	177	196	208	267	271	294	325	326	335	360	365	370	386	391	393	426	427	441	443	455	502	698	#
1000	2330.68	44	69	78	85	98	130	141	142	158	164	175	181	185	201	262	264	269	313	325	344	353	391	448	480	488	489	504	507	511	698	#
1001	2323.08	7	41	70	72	76	103	167	173	179	190	237	245	270	274	279	295	299	314	375	386	398	417	418	479	482	484	489	501	506	698	#
1002	2261.39	8	50	59	60	108	124	126	200	212	226	227	248	252	274	285	314	317	357	387	402	408	417	419	426	432	480	487	504	506	698	#
