%% File generated by CATS v.2.1Thu May  9 12:47:11 2024

%% The CATS webpage is http://robotics.stanford.edu/CATS

%% PARAMETER SETTINGS:
% Goods: 512; Bids: 1000; Distribution: arbitrary; Runs: 1; Seed: 70
% Arbitrary Distribution Parameters:
% Max Substitutable Bids = 5
% Removing HV Neighbor   = 0.1
% Adding DIAG Neighbor   = 0.2
% Additional Location    = 0.9
% Additivity             = 0.2
% Budget Factor          = 1.5
% Resale Factor          = 0.5
% Normal Private Value:
%   Mean                 = 0
%   Standard Deviation   = 30



goods 512
bids 1001
dummy 192

0	359.624	125	191	212	249	289	462	512	#
1	493.381	16	135	157	212	392	496	512	#
2	484.126	98	103	125	200	247	484	512	#
3	445.518	63	145	224	439	462	507	512	#
4	354.293	53	69	249	300	488	508	512	#
5	330.222	128	147	255	283	289	429	512	#
6	458.858	89	98	157	196	319	347	407	513	#
7	559.978	70	281	317	319	322	353	399	513	#
8	433.93	80	124	156	234	340	347	498	513	#
9	415.934	51	98	120	131	167	214	262	513	#
10	341.474	89	175	310	311	399	450	472	513	#
11	328.495	4	157	169	278	296	468	497	513	#
12	75.2016	72	303	514	#
13	105.39	303	318	514	#
14	62.1167	72	77	514	#
15	1106.57	12	16	29	30	96	109	133	142	183	212	241	242	243	262	318	324	331	343	366	368	418	420	436	464	482	486	515	#
16	1652.2	6	34	75	81	101	105	118	152	178	183	200	243	285	296	303	323	341	354	373	393	407	418	434	466	474	487	515	#
17	1643.83	45	83	111	123	179	182	256	270	318	372	374	389	393	396	402	410	413	415	431	432	439	445	466	475	490	496	515	#
18	1589.98	3	23	42	50	63	71	88	96	104	117	164	193	217	244	245	277	290	318	319	330	335	368	372	401	425	445	515	#
19	1577.09	13	32	53	57	59	72	90	92	111	113	138	147	162	184	217	221	257	280	317	343	389	394	436	465	490	508	515	#
20	1572.17	16	52	70	72	171	185	190	198	218	245	291	296	318	329	331	333	361	368	403	419	435	446	454	469	475	490	515	#
21	679.939	4	18	23	30	72	229	291	329	339	342	380	475	516	#
22	968.336	24	37	199	236	249	287	312	342	344	381	476	495	516	#
23	898.903	52	63	135	201	219	245	252	267	335	345	377	475	516	#
24	884.777	15	106	150	225	282	291	304	342	363	377	476	499	516	#
25	793.369	30	48	71	135	174	181	191	361	385	392	427	438	516	#
26	758.396	18	90	136	219	232	236	256	290	316	333	436	501	516	#
27	630.458	8	174	196	200	209	223	373	398	440	506	517	#
28	673.585	22	70	85	86	96	196	207	284	328	503	517	#
29	661.174	8	33	57	155	206	219	241	263	287	478	517	#
30	621.789	267	285	295	339	400	412	424	427	440	447	517	#
31	606.237	72	92	187	211	318	378	397	398	428	476	517	#
32	596.791	40	73	100	156	221	274	308	357	401	506	517	#
33	190.162	124	325	332	518	#
34	197.621	98	171	325	518	#
35	169.73	124	142	164	518	#
36	563.458	31	129	189	215	269	317	338	357	438	439	519	#
37	772.614	10	31	107	233	289	313	361	387	497	502	519	#
38	759.369	23	74	231	234	275	343	357	379	413	465	519	#
39	692.278	23	75	181	190	193	202	310	336	430	439	519	#
40	660.901	16	98	112	168	198	200	215	303	388	509	519	#
41	644.405	49	175	188	266	338	347	356	365	400	431	519	#
42	266.952	164	208	474	520	#
43	250.183	6	215	474	520	#
44	217.607	62	164	384	520	#
45	111.885	240	#
46	544.905	38	52	114	151	212	267	380	399	483	489	521	#
47	736.699	73	112	218	345	372	386	409	442	451	489	521	#
48	718.289	1	19	94	151	182	248	297	329	385	440	521	#
49	691.167	85	134	167	177	212	237	315	453	487	493	521	#
50	619.196	114	136	221	252	257	279	314	361	381	479	521	#
51	614.322	65	85	145	187	267	297	352	358	440	497	521	#
52	527.89	88	207	355	413	417	501	504	522	#
53	540.638	31	111	254	416	417	458	465	522	#
54	522.412	74	256	267	418	456	501	504	522	#
55	474.144	10	58	114	249	268	400	413	522	#
56	466.664	138	141	207	240	277	317	408	522	#
57	352.173	63	68	232	302	405	436	504	522	#
58	83.2995	458	#
59	108.292	208	372	377	523	#
60	117.483	208	426	479	523	#
61	93.1531	395	#
62	202.928	179	328	505	524	#
63	199.29	367	469	505	524	#
64	105.511	328	401	463	524	#
65	97.4712	179	450	470	524	#
66	440.082	58	66	67	173	174	344	392	492	525	#
67	645.516	13	102	173	240	303	336	475	495	525	#
68	632.026	19	174	213	215	223	354	452	456	525	#
69	495.085	38	58	141	145	241	255	289	408	525	#
70	442.626	88	217	353	367	368	430	464	492	525	#
71	430.093	3	167	196	334	344	430	464	478	525	#
72	10.0571	318	#
73	201.196	187	291	309	346	418	526	#
74	208.35	187	214	254	263	413	526	#
75	174.74	309	313	356	497	502	526	#
76	168.362	185	349	352	418	450	526	#
77	472.655	4	57	59	89	102	171	360	361	432	450	457	477	527	#
78	699.606	55	94	118	166	171	180	213	252	278	389	405	427	527	#
79	698.66	81	89	118	134	167	193	238	327	395	396	433	468	527	#
80	693.317	0	5	57	161	174	207	253	318	368	403	474	475	527	#
81	644.902	4	23	54	59	75	116	129	165	288	389	452	494	527	#
82	593.867	22	51	97	102	114	314	317	331	390	410	439	498	527	#
83	216.391	63	216	281	308	330	528	#
84	315.017	216	303	338	384	406	528	#
85	250.733	88	150	260	281	441	528	#
86	190.38	127	158	301	330	463	528	#
87	900.036	10	17	149	150	152	155	166	188	276	307	343	347	371	463	504	529	#
88	1094.69	44	56	171	175	198	201	211	240	281	356	381	437	461	487	504	529	#
89	953.702	29	30	68	112	114	153	174	209	214	247	307	434	449	470	494	529	#
90	917.06	13	17	77	121	127	206	233	291	320	366	371	375	423	447	472	529	#
91	911.35	16	42	83	90	105	121	164	191	285	299	340	408	457	463	466	529	#
92	904.391	41	54	67	96	117	133	146	153	230	253	276	431	464	485	494	529	#
93	545.063	3	5	8	27	100	125	187	208	301	474	501	530	#
94	770.951	5	51	52	96	129	156	195	208	291	354	436	530	#
95	740.341	5	31	53	144	224	228	273	275	289	452	488	530	#
96	710.368	110	125	153	180	181	210	316	390	413	469	501	530	#
97	661.019	114	128	176	264	272	390	396	397	415	474	500	530	#
98	625.429	7	51	80	92	146	165	173	187	412	419	489	530	#
99	1361.15	69	75	94	99	175	179	209	239	242	244	248	273	324	365	405	439	458	531	#
100	1547.86	50	64	135	198	245	249	263	273	330	373	382	386	397	405	418	425	442	531	#
101	1393.95	17	42	44	50	64	150	156	188	221	244	300	303	330	399	419	424	477	531	#
102	1362.03	41	118	134	174	198	224	248	285	286	314	347	392	405	431	451	473	511	531	#
103	1317.83	5	44	55	69	98	131	146	166	250	264	280	286	373	406	412	446	458	531	#
104	1257.35	61	105	139	192	200	218	265	369	377	382	402	407	413	414	454	458	478	531	#
105	1664.58	5	33	37	43	85	140	167	181	207	247	251	307	341	423	472	490	492	498	507	532	#
106	1330.05	6	63	85	123	165	175	190	221	265	303	320	371	395	411	441	462	468	478	488	532	#
107	1316.69	43	53	58	72	84	103	165	221	227	228	238	265	302	307	370	460	470	479	488	532	#
108	1276.16	0	11	61	72	112	152	199	244	268	281	306	324	342	405	409	422	452	490	507	532	#
109	1275.75	13	37	79	89	95	105	133	145	157	205	220	221	227	283	332	386	396	422	492	532	#
110	1265.7	4	36	45	91	142	157	192	199	218	246	258	330	342	363	366	432	441	472	488	532	#
111	83.7597	410	418	533	#
112	123.48	388	410	533	#
113	86.0675	418	500	533	#
114	534.745	22	62	158	276	293	414	426	483	496	534	#
115	702.541	137	273	281	299	328	338	414	479	506	534	#
116	677.789	22	61	209	248	267	298	344	429	452	534	#
117	663.457	0	37	62	111	117	314	406	417	432	534	#
118	646.682	73	90	131	158	167	255	262	280	496	534	#
119	597.662	5	103	219	249	273	276	467	473	482	534	#
120	483.821	80	224	269	273	308	333	337	424	474	510	535	#
121	722.036	117	163	167	170	191	193	204	233	273	354	535	#
122	645.604	15	59	66	132	242	274	303	427	439	510	535	#
123	626.791	53	152	194	197	220	241	255	333	370	491	535	#
124	594.733	49	59	144	155	194	291	360	409	424	440	535	#
125	566.534	15	59	69	124	224	231	260	410	425	451	535	#
126	346.441	329	368	461	475	494	507	536	#
127	427.345	152	208	336	445	495	507	536	#
128	351.022	9	71	363	438	494	503	536	#
129	225.359	62	109	174	311	329	365	536	#
130	248.63	10	95	120	200	208	290	439	537	#
131	358.372	218	328	330	344	388	439	450	537	#
132	110.049	30	120	127	169	352	363	371	537	#
133	15.5705	29	#
134	356.407	20	32	100	130	139	294	372	454	538	#
135	506.199	61	65	113	320	454	469	482	484	538	#
136	476.89	32	71	88	110	183	426	467	480	538	#
137	474.446	20	60	71	88	113	207	318	327	538	#
138	415.315	100	188	254	262	280	449	461	467	538	#
139	393.696	130	164	242	259	266	381	457	487	538	#
140	269.154	75	316	425	539	#
141	258.502	75	291	437	539	#
142	181.058	54	340	425	539	#
143	104.042	196	260	316	539	#
144	363.317	42	68	193	289	307	408	540	#
145	535.883	106	209	261	311	372	408	540	#
146	401.093	34	133	177	193	323	384	540	#
147	394.448	68	179	198	387	428	500	540	#
148	245.969	17	213	289	295	409	445	540	#
149	146.623	47	229	294	307	380	403	540	#
150	2730.13	10	13	18	49	64	68	71	80	102	120	151	158	166	169	190	203	208	209	218	231	254	263	264	308	310	319	330	341	357	374	384	410	430	437	448	456	470	473	480	481	483	496	502	506	541	#
151	3191.96	26	45	50	58	68	70	80	83	91	147	162	165	169	189	192	229	233	236	240	248	259	261	264	279	301	302	318	330	332	339	359	387	394	401	402	408	418	432	453	456	470	474	478	510	541	#
152	3139.35	18	42	47	80	89	90	104	114	126	128	132	139	164	168	169	173	179	185	197	201	262	266	282	291	296	302	307	357	368	374	386	389	395	409	423	425	430	435	445	453	461	471	502	507	541	#
153	3119.2	17	48	62	64	69	73	76	86	97	105	106	113	116	120	128	130	155	165	169	173	184	186	204	210	211	232	254	257	266	280	293	303	306	319	323	353	359	389	413	419	432	436	466	475	541	#
154	3099.37	5	8	9	26	61	62	64	71	88	92	94	122	124	130	136	170	179	191	193	201	206	210	230	278	300	314	321	334	382	398	406	413	417	432	435	436	440	462	464	470	479	481	503	505	541	#
155	2983.7	0	8	13	19	30	107	116	119	130	131	146	161	171	179	189	206	211	218	258	269	273	283	295	307	323	339	346	357	370	379	386	409	412	414	415	417	425	470	478	486	487	492	504	507	541	#
156	15.1847	55	#
157	461.213	23	27	116	129	206	216	310	358	376	382	396	542	#
158	608.387	96	112	182	206	226	331	351	355	428	475	479	542	#
159	585.186	37	39	116	169	212	255	304	356	486	493	494	542	#
160	519.753	59	69	130	170	176	217	284	311	376	382	412	542	#
161	516.747	62	77	134	135	176	364	369	396	418	466	468	542	#
162	501.616	24	33	100	133	250	252	297	349	358	369	377	542	#
163	706.753	66	97	102	174	196	204	233	277	372	434	446	455	490	501	543	#
164	944.084	18	37	73	105	128	180	196	266	290	373	374	405	428	492	543	#
165	932.685	36	74	79	111	122	143	204	210	214	247	329	433	462	501	543	#
166	854.949	24	66	84	117	122	140	143	204	274	358	362	363	392	455	543	#
167	836.209	16	107	121	159	165	200	203	233	246	347	356	389	396	498	543	#
168	812.138	10	40	64	156	178	181	189	205	214	234	277	395	415	417	543	#
169	720.985	44	121	187	249	281	299	310	323	325	544	#
170	626.006	111	165	219	236	268	325	407	444	496	544	#
171	589.549	23	59	101	121	173	214	242	300	376	544	#
172	575.644	68	116	209	249	259	286	337	428	447	544	#
173	564.956	36	178	187	206	208	357	405	458	508	544	#
174	543.048	44	82	191	213	218	224	267	297	375	544	#
175	403.225	238	251	269	282	297	449	545	#
176	603.033	1	123	147	251	339	489	545	#
177	491.932	156	162	261	269	307	383	545	#
178	479.681	31	63	187	250	297	331	545	#
179	399.765	125	252	449	485	500	502	545	#
180	320.943	57	144	260	282	414	477	545	#
181	379.106	152	183	343	439	474	489	546	#
182	379.603	164	204	253	344	392	489	546	#
183	356.431	97	160	253	396	465	474	546	#
184	338.811	42	152	186	196	366	443	546	#
185	318.465	74	187	234	319	343	345	546	#
186	288.602	183	202	333	376	464	502	546	#
187	193.313	189	370	424	547	#
188	264.484	173	189	464	547	#
189	179.959	225	257	370	547	#
190	138.143	424	465	480	547	#
191	540.329	41	43	105	162	172	223	335	421	508	548	#
192	736.298	96	141	151	238	266	274	335	450	507	548	#
193	646.538	89	105	166	176	248	272	278	377	399	548	#
194	481.887	63	81	130	162	180	286	349	447	474	548	#
195	463.188	13	56	67	115	187	256	406	421	447	548	#
196	446.687	26	98	117	163	216	223	276	430	502	548	#
197	170.291	373	376	401	549	#
198	214.055	100	130	373	549	#
199	194.628	107	376	406	549	#
200	137.516	328	401	446	549	#
201	91.6927	132	445	550	#
202	74.5767	421	445	550	#
203	34.4276	132	159	550	#
204	1461.06	0	6	12	42	54	67	81	94	110	129	137	168	192	213	311	312	317	341	343	346	428	462	480	484	551	#
205	1804.98	23	42	56	90	95	144	148	154	159	175	177	186	214	218	225	251	307	314	335	342	423	430	435	507	551	#
206	1756.53	5	9	44	77	84	85	106	121	182	238	254	262	291	312	325	339	347	379	405	411	418	484	486	500	551	#
207	1689.27	12	16	35	68	111	161	185	220	251	290	312	317	323	344	374	381	382	397	406	440	442	459	464	494	551	#
208	1659.86	1	18	33	34	79	81	88	142	198	230	281	334	339	351	373	388	401	418	434	438	458	465	467	480	551	#
209	1639.01	11	16	20	41	71	101	111	138	143	165	167	212	213	229	246	275	382	419	425	439	444	461	462	489	551	#
210	1183.29	8	23	36	94	185	254	283	305	315	325	357	385	418	442	446	477	501	508	552	#
211	1518.92	28	104	107	112	124	160	192	249	322	405	408	411	416	442	453	458	472	491	552	#
212	1335.8	46	73	123	125	146	160	225	277	280	306	338	389	396	452	465	471	477	490	552	#
213	1275	58	59	69	73	91	105	123	135	150	195	251	302	375	380	384	385	387	412	552	#
214	1249.96	30	36	44	47	69	115	127	170	187	239	249	259	420	458	463	476	487	500	552	#
215	1202.05	11	26	41	64	74	84	166	188	198	201	216	233	239	387	389	417	430	508	552	#
216	256.302	101	226	238	315	318	414	553	#
217	348.151	127	176	238	265	325	489	553	#
218	241.127	27	89	226	273	345	467	553	#
219	212.844	115	223	257	318	411	450	553	#
220	144.901	2	17	101	163	318	481	553	#
221	74.1801	367	#
222	774.616	2	60	100	110	123	126	167	189	223	337	387	421	432	470	554	#
223	1086.78	63	106	123	150	167	207	325	354	381	422	439	488	491	511	554	#
224	988.991	28	31	51	55	121	154	228	250	387	390	421	460	464	474	554	#
225	978.547	19	33	43	63	136	168	194	198	313	329	340	387	394	432	554	#
226	904.793	4	26	28	41	59	60	71	161	164	173	302	305	368	508	554	#
227	836.507	6	21	48	142	181	197	211	275	308	337	373	392	452	474	554	#
228	289.024	109	186	233	315	418	555	#
229	384.429	50	180	261	315	430	555	#
230	315.414	32	186	191	226	464	555	#
231	239.546	49	54	88	109	198	555	#
232	219.053	16	43	54	198	418	555	#
233	368.591	61	80	150	314	485	501	556	#
234	515.966	75	160	217	286	456	485	556	#
235	492.449	170	188	196	436	460	501	556	#
236	430.432	73	80	247	293	358	415	556	#
237	356.241	150	164	356	370	496	500	556	#
238	337.33	53	61	103	328	352	420	556	#
239	127.142	7	274	392	#
240	111.772	92	109	557	#
241	89.5884	92	202	557	#
242	57.5783	109	368	557	#
243	311.018	39	48	61	423	558	#
244	298.091	38	387	403	423	558	#
245	267.267	48	72	270	272	558	#
246	228.978	61	139	399	485	558	#
247	124.799	39	129	400	463	558	#
248	111.006	241	428	559	#
249	109.463	102	428	559	#
250	48.2663	237	241	559	#
251	210.701	39	131	226	398	500	560	#
252	284.095	100	131	200	261	420	560	#
253	227.425	57	159	319	419	500	560	#
254	213.346	51	254	274	398	465	560	#
255	195.302	39	142	226	246	384	395	438	#
256	84.2801	213	241	470	481	#
257	522.261	123	245	313	322	375	404	561	#
258	491.512	53	195	198	206	312	322	561	#
259	460.869	60	245	287	323	377	401	561	#
260	371.596	85	196	221	404	453	500	561	#
261	327	23	123	170	319	342	457	561	#
262	286.213	50	149	257	261	313	503	561	#
263	1136.8	57	93	102	135	159	167	173	188	241	282	319	385	395	407	442	458	493	562	#
264	1233.57	21	26	58	113	123	199	205	273	307	323	331	395	399	401	416	482	498	562	#
265	1161.63	92	115	124	141	147	160	188	196	261	305	330	336	361	392	401	432	490	562	#
266	1127.22	39	69	90	100	126	156	171	201	241	251	279	294	352	419	451	465	489	562	#
267	1076.53	30	41	55	96	118	132	146	255	280	313	319	330	401	412	442	475	508	562	#
268	1071.02	1	27	35	50	147	160	191	241	283	289	367	375	392	432	446	456	458	562	#
269	233.425	39	104	146	154	309	427	429	563	#
270	286.698	57	59	217	243	309	328	376	563	#
271	267.664	53	130	136	218	358	427	433	563	#
272	172.145	12	153	215	564	#
273	196.587	12	41	501	564	#
274	127.286	153	168	499	564	#
275	121.957	187	215	411	564	#
276	477.107	43	44	120	180	250	262	348	565	#
277	518.114	238	259	262	308	341	343	353	565	#
278	507.705	84	112	119	164	250	281	473	565	#
279	487.87	95	190	300	348	357	388	469	565	#
280	481.434	44	93	208	221	364	372	445	565	#
281	372.286	37	180	301	346	352	369	431	565	#
282	161.727	45	111	169	468	566	#
283	214.865	15	107	169	310	566	#
284	183.855	45	236	333	467	566	#
285	4.88568	116	#
286	599.003	35	45	130	167	181	192	229	252	278	302	318	400	456	457	496	506	567	#
287	828.997	42	52	68	98	264	285	300	326	338	343	357	373	400	465	476	505	567	#
288	824.537	15	144	146	223	255	278	315	322	337	350	368	416	436	442	494	507	567	#
289	707.678	8	74	77	90	117	152	186	301	307	351	379	411	442	450	496	508	567	#
290	631.233	16	29	38	45	60	106	139	155	178	196	318	335	357	371	395	404	567	#
291	629.611	63	84	87	121	164	298	355	359	362	423	437	455	486	495	505	506	567	#
292	2534.43	0	6	34	36	42	53	57	80	86	89	91	113	123	146	156	158	169	170	171	199	201	208	238	261	287	313	360	376	380	394	414	426	455	471	496	500	502	507	568	#
293	2756.68	3	6	9	17	36	65	66	99	112	113	119	123	137	148	169	182	185	189	204	233	243	249	256	268	298	306	310	326	330	350	354	363	375	385	423	461	472	489	568	#
294	2675.19	15	20	35	64	75	80	105	130	149	154	161	167	217	221	250	255	258	261	270	273	305	312	314	321	326	339	342	370	384	423	431	436	470	488	495	502	505	511	568	#
295	2639.94	11	20	31	91	99	109	112	123	131	156	164	168	172	210	212	225	228	233	254	270	316	320	325	351	370	372	402	420	422	439	441	442	447	474	482	492	498	499	568	#
296	2598.65	25	27	30	40	46	62	67	106	123	125	152	153	169	175	178	222	227	270	273	310	311	316	317	322	333	338	339	341	392	403	415	420	444	460	471	484	497	501	568	#
297	2524.53	9	40	42	43	81	86	89	107	116	120	129	130	138	160	181	200	204	217	218	226	249	257	268	277	282	329	332	351	392	399	408	413	423	447	455	473	483	504	568	#
298	98.3201	170	378	569	#
299	145.039	245	378	569	#
300	144.836	170	245	569	#
301	252.013	18	144	184	458	570	#
302	283.552	18	79	370	374	570	#
303	251.979	85	184	198	470	570	#
304	180.567	30	393	424	458	570	#
305	100.195	144	168	177	187	570	#
306	310.987	73	334	385	478	571	#
307	266.735	73	146	262	449	571	#
308	243.303	226	385	396	500	571	#
309	184.552	78	151	160	334	571	#
310	181.752	91	106	265	478	571	#
311	2191.23	2	6	11	16	32	45	51	80	107	128	133	157	161	172	175	178	183	188	203	208	233	236	260	264	270	278	297	304	306	318	333	354	358	359	367	369	384	409	431	451	476	500	505	572	#
312	3240.21	2	6	12	32	41	49	57	64	65	73	74	81	85	112	124	130	132	134	136	167	168	175	189	199	217	222	225	236	239	251	255	287	304	315	328	345	363	364	370	378	404	407	408	572	#
313	3051.19	4	6	29	36	37	41	65	70	76	92	108	118	120	134	158	163	164	170	171	180	185	207	212	250	333	345	350	401	407	408	409	414	419	426	428	443	445	457	458	475	476	488	499	572	#
314	2929.28	26	29	32	35	36	43	49	57	62	72	80	84	128	134	135	139	140	141	158	159	168	178	201	224	233	243	246	251	256	304	323	345	347	349	361	369	373	392	393	425	433	489	509	572	#
315	2856.93	3	14	21	35	41	45	49	52	54	64	65	70	80	81	113	131	167	168	171	182	204	215	216	230	236	253	285	347	349	373	378	381	385	389	408	409	414	421	424	428	437	440	471	572	#
316	2797.56	1	6	60	72	94	146	150	156	163	175	179	186	191	203	226	236	250	251	269	279	286	289	303	306	307	325	335	346	349	350	364	387	390	394	399	403	406	419	421	454	460	495	501	572	#
317	211.972	240	246	248	573	#
318	205.069	248	274	416	573	#
319	191.121	217	240	257	573	#
320	28.8814	204	228	371	#
321	895.673	9	70	76	87	163	208	253	255	284	307	324	345	407	492	574	#
322	996.596	65	67	89	94	106	120	159	203	274	332	345	390	395	402	574	#
323	993.939	10	14	23	81	87	102	158	207	230	256	278	461	498	500	574	#
324	966.666	9	38	73	86	101	225	258	266	269	367	368	373	391	500	574	#
325	948.252	79	119	126	222	253	256	324	336	340	378	409	466	483	511	574	#
326	914.402	10	37	60	114	131	140	176	250	263	284	303	357	448	484	574	#
327	140.096	354	#
328	479.153	128	143	172	179	181	221	266	347	452	493	575	#
329	688.439	1	16	57	63	143	210	323	455	472	488	575	#
330	575.532	75	110	177	243	320	328	336	341	389	493	575	#
331	571.138	12	48	64	128	134	259	431	483	487	507	575	#
332	530.907	25	53	127	153	181	202	245	313	330	332	575	#
333	497.748	22	63	120	130	142	153	155	161	330	347	575	#
334	195.949	100	119	576	#
335	140.893	100	442	576	#
336	99.2121	119	422	576	#
337	260.713	67	183	222	298	577	#
338	389.867	67	150	216	254	577	#
339	255.711	44	45	298	399	577	#
340	222.979	41	121	183	450	577	#
341	224.36	4	10	53	158	198	578	#
342	285.508	145	158	229	268	510	578	#
343	260.137	10	260	288	401	431	578	#
344	208.141	53	241	293	348	371	578	#
345	107.215	4	109	179	337	438	578	#
346	784.92	4	73	74	196	299	313	318	333	377	378	382	384	439	485	579	#
347	948.857	38	96	113	231	253	299	313	382	428	433	462	474	490	506	579	#
348	927.639	41	124	148	181	219	257	293	295	313	325	354	367	405	424	579	#
349	911.23	29	62	73	176	185	200	220	335	344	375	376	405	439	503	579	#
350	883.027	13	73	195	235	312	313	372	375	380	424	444	445	449	493	579	#
351	846.099	45	68	106	126	175	197	261	291	333	384	405	455	483	499	579	#
352	2163.12	0	12	31	74	77	78	87	90	91	104	106	108	154	161	164	177	189	190	230	234	237	247	260	311	325	340	346	373	377	407	418	419	433	453	467	468	487	488	491	507	580	#
353	3203.82	1	11	42	56	58	62	67	72	75	77	112	121	125	158	175	187	188	250	271	276	300	302	319	325	329	331	333	334	342	352	377	408	413	422	424	447	465	473	493	507	580	#
354	2980.37	20	41	45	57	67	74	89	94	100	111	123	163	177	197	219	222	225	230	238	242	247	256	333	340	366	369	372	373	374	375	383	393	417	476	478	480	481	489	490	506	580	#
355	2937.87	36	46	50	52	58	66	72	113	122	123	141	154	155	166	173	196	201	206	207	214	259	272	273	278	287	303	309	325	346	350	358	377	384	393	395	414	432	447	475	480	580	#
356	2821.88	15	57	62	78	86	96	97	127	131	147	190	221	228	239	250	256	264	284	294	295	312	316	320	337	339	351	369	377	381	397	406	414	422	423	439	457	465	482	497	499	580	#
357	2682.61	5	6	14	26	64	80	118	176	179	190	192	217	257	259	264	271	275	285	286	313	319	327	331	334	346	348	351	361	366	398	410	418	422	430	459	468	479	490	499	510	580	#
358	80.6014	5	314	581	#
359	107.457	5	115	581	#
360	106.269	71	346	582	#
361	123.731	71	315	582	#
362	55.914	346	352	582	#
363	364.414	44	154	423	583	#
364	294.398	295	423	443	583	#
365	218.479	12	154	378	583	#
366	136.43	44	58	482	583	#
367	4127.79	0	13	37	53	59	60	62	78	91	97	101	115	122	126	131	133	149	154	158	166	169	185	192	205	206	208	212	219	220	224	238	242	263	266	278	280	285	288	295	298	305	312	324	328	345	354	358	359	365	368	374	378	380	400	402	417	438	441	443	445	471	479	489	503	508	584	#
368	4418.77	2	12	14	30	33	36	44	50	57	64	86	87	88	89	110	111	125	146	148	154	159	160	162	175	177	186	189	193	203	208	212	218	222	234	271	273	279	299	315	333	346	347	377	385	391	403	406	407	418	426	433	436	440	448	456	458	460	461	464	467	479	480	482	505	506	584	#
369	4312.07	2	24	25	33	36	41	47	48	52	60	61	62	63	75	83	89	95	98	108	124	131	138	141	144	156	158	167	176	190	194	195	203	206	224	231	246	252	256	258	265	270	273	276	302	323	346	364	365	378	399	400	402	404	410	413	420	422	424	455	462	467	471	484	496	503	584	#
370	4295.17	9	13	15	17	31	34	39	40	41	42	44	63	67	93	95	112	119	132	136	146	154	162	163	178	209	211	226	234	243	246	271	273	278	283	301	304	306	328	331	333	350	356	363	377	378	379	398	399	400	406	417	420	422	429	432	436	449	457	458	464	465	482	488	489	508	584	#
371	4276.11	1	4	5	13	14	16	29	32	45	55	57	62	80	86	88	89	90	94	102	134	138	154	158	160	167	185	208	239	241	242	255	259	265	279	319	322	325	329	336	347	353	376	390	398	399	407	412	417	419	420	426	431	436	448	456	460	463	470	479	483	486	490	492	508	510	584	#
372	4236.34	8	10	18	24	32	47	51	52	78	92	94	98	119	120	121	127	132	134	137	147	157	158	162	169	171	172	173	175	192	209	210	239	274	293	295	297	311	329	334	339	345	346	347	361	362	363	366	380	383	385	393	400	406	407	409	411	429	430	432	434	442	446	477	493	501	584	#
373	722.204	84	144	182	197	213	229	327	333	369	431	435	437	585	#
374	1029.9	70	84	97	112	151	236	243	261	268	424	479	506	585	#
375	1018.25	70	96	97	108	146	226	392	420	436	437	473	500	585	#
376	887.137	13	51	65	67	132	182	185	213	217	279	324	502	585	#
377	886.919	33	122	127	160	205	236	283	392	413	431	441	466	585	#
378	821.684	12	24	123	154	197	213	246	264	278	297	399	423	585	#
379	123.091	440	#
380	127.299	57	78	81	279	401	468	484	586	#
381	150.513	67	97	168	279	427	465	509	586	#
382	595.839	22	38	137	267	290	321	346	361	431	444	445	486	587	#
383	876.121	34	41	59	60	226	266	288	361	379	414	469	504	587	#
384	711.633	19	71	143	164	274	290	332	357	378	412	455	462	587	#
385	701.634	26	155	212	267	323	324	341	351	377	380	436	493	587	#
386	686.926	29	39	127	147	157	208	328	342	401	403	444	489	587	#
387	661.275	15	50	135	238	263	346	349	368	386	398	442	481	587	#
388	531.521	32	65	71	183	231	280	346	358	407	408	463	588	#
389	776.459	37	123	127	164	166	258	268	291	358	375	436	588	#
390	715.233	154	174	229	231	242	244	273	274	364	416	430	588	#
391	677.45	27	49	53	65	105	233	284	314	335	343	455	588	#
392	623.738	60	63	162	225	253	280	317	348	362	398	425	588	#
393	589.221	9	87	92	95	209	295	300	374	408	423	466	588	#
394	347.404	38	171	196	422	430	502	589	#
395	403.388	158	255	379	399	478	502	589	#
396	356.623	155	196	221	313	458	483	589	#
397	314.546	116	171	186	339	410	419	589	#
398	303.004	9	29	92	388	430	483	589	#
399	288.126	9	38	277	282	424	503	589	#
400	549.32	63	86	107	114	119	120	161	193	215	235	298	490	590	#
401	799.32	50	63	85	118	159	179	180	279	285	333	387	484	590	#
402	750.965	33	38	43	83	114	139	141	222	324	358	489	492	590	#
403	720.688	90	119	216	250	269	273	314	338	351	358	372	490	590	#
404	679.511	24	49	107	135	142	280	286	309	443	454	465	497	590	#
405	677.283	61	166	204	215	304	318	383	387	448	464	494	503	590	#
406	442.796	28	208	254	262	281	349	453	498	591	#
407	570.396	31	267	268	281	372	375	464	475	591	#
408	551.62	28	39	56	71	84	290	408	465	591	#
409	508.66	42	48	134	185	344	349	476	483	591	#
410	481.372	208	283	353	406	420	423	435	463	591	#
411	427.009	135	166	196	210	282	401	453	458	591	#
412	1197.4	6	33	58	74	155	176	192	207	222	235	261	317	324	327	371	406	439	446	466	478	502	592	#
413	1510.05	8	37	60	63	119	130	176	199	207	221	247	268	274	294	318	363	388	435	449	505	508	592	#
414	1506.06	6	26	50	65	81	85	152	153	202	222	226	261	311	322	360	395	435	440	477	489	490	592	#
415	1485.74	25	56	63	86	101	116	155	166	199	208	239	274	358	367	370	377	440	453	460	478	479	592	#
416	1471.13	6	32	39	45	103	104	176	186	201	239	265	299	339	363	384	407	426	439	448	451	508	592	#
417	1470.27	6	35	88	98	105	147	176	187	196	243	245	250	260	285	322	360	394	415	418	441	481	592	#
418	207.498	25	303	593	#
419	234.578	25	181	593	#
420	113.668	303	338	593	#
421	535.289	24	60	78	81	136	159	361	396	594	#
422	744.107	81	95	106	146	184	265	449	486	594	#
423	664.645	24	145	146	200	214	361	402	473	594	#
424	560.775	9	26	60	67	171	235	371	444	594	#
425	483.09	26	136	199	307	355	397	472	497	594	#
426	429.202	16	29	48	101	159	169	212	250	594	#
427	178.755	182	430	595	#
428	194.496	165	182	595	#
429	106.946	32	430	595	#
430	852.909	3	12	34	38	135	140	177	179	181	202	220	221	241	296	337	338	429	485	596	#
431	1197.74	17	36	75	79	82	85	99	138	145	176	177	212	218	247	328	371	404	469	596	#
432	1179.33	3	85	101	111	128	137	140	144	186	212	218	235	247	351	367	378	383	425	596	#
433	1159.07	14	35	38	75	80	82	100	106	218	227	253	301	356	362	370	404	425	477	596	#
434	1140.76	12	22	50	134	146	149	151	184	204	222	241	347	388	446	455	468	485	501	596	#
435	1138.53	3	21	35	98	103	135	165	169	185	220	224	265	293	328	338	396	403	417	596	#
436	27.5702	284	488	597	#
437	16.8579	129	284	597	#
438	90.9382	361	#
439	274.689	247	307	414	419	493	598	#
440	312.913	23	154	283	414	459	598	#
441	256.913	41	84	338	419	456	598	#
442	232.929	102	247	336	393	433	598	#
443	196.186	215	251	317	467	493	598	#
444	410.23	99	154	301	307	382	468	599	#
445	447.521	134	150	154	157	427	456	599	#
446	447.108	38	237	309	401	432	468	599	#
447	420.14	91	307	338	351	361	413	599	#
448	331.478	28	116	298	382	426	455	599	#
449	330.079	5	87	127	138	301	329	599	#
450	88.9873	78	278	392	481	600	#
451	103.124	78	329	395	438	600	#
452	781.341	10	76	183	212	218	255	309	316	374	377	405	476	499	601	#
453	949.224	1	10	11	25	38	64	134	231	249	255	323	367	508	601	#
454	932.528	16	120	139	209	214	218	231	279	311	337	381	447	470	601	#
455	902.468	22	32	140	162	181	189	203	211	296	306	316	432	511	601	#
456	898.437	10	62	76	82	125	155	186	249	302	307	329	478	489	601	#
457	778.733	10	142	165	229	359	365	390	415	444	477	488	490	510	601	#
458	155.247	111	163	206	602	#
459	221.293	58	206	274	602	#
460	173.481	7	50	111	602	#
461	157.569	133	163	369	602	#
462	654.586	56	84	139	352	388	439	446	467	474	498	603	#
463	772.425	13	74	76	126	139	175	231	343	409	440	603	#
464	692.17	224	236	258	272	290	352	359	375	449	480	603	#
465	646.265	33	92	153	190	220	268	280	296	340	498	603	#
466	527.93	84	147	235	237	394	439	460	469	482	493	603	#
467	473.491	16	33	34	56	68	207	264	328	406	494	603	#
468	933.913	58	151	180	186	204	216	256	258	296	314	355	357	391	402	436	446	467	604	#
469	1210.55	20	30	53	92	129	151	191	217	227	254	256	279	283	317	388	425	459	604	#
470	1180.66	16	82	100	111	151	174	186	273	286	338	355	394	418	432	458	502	511	604	#
471	1164.58	9	14	55	96	169	228	263	273	299	325	354	357	377	388	436	477	482	604	#
472	1144.91	46	60	72	75	89	111	136	150	164	166	186	220	229	270	384	391	428	604	#
473	1125.63	19	25	30	35	116	145	226	230	239	258	269	278	312	347	375	425	437	604	#
474	49.6326	148	#
475	85.036	248	#
476	311.624	180	281	381	456	466	606	#
477	352.978	64	236	381	442	492	606	#
478	256.115	62	74	281	413	417	606	#
479	231.757	106	179	237	329	466	606	#
480	221.93	3	130	180	392	399	606	#
481	188.044	46	232	246	456	502	606	#
482	479.578	50	121	134	144	307	607	#
483	431.65	121	216	234	242	400	607	#
484	398.639	86	297	307	399	470	607	#
485	355.057	7	50	86	155	399	607	#
486	245.11	134	153	186	226	351	607	#
487	59.3231	296	368	608	#
488	54.47	244	296	608	#
489	1855.47	1	9	27	28	63	94	105	124	128	130	138	147	237	250	263	317	324	329	363	368	374	383	388	417	455	462	488	609	#
490	2032.87	25	28	42	47	73	89	90	91	93	105	110	170	184	210	217	225	249	302	325	399	400	407	439	462	470	493	502	609	#
491	1971.33	2	9	44	47	71	94	97	179	209	216	218	253	272	282	289	299	302	304	311	382	395	400	403	406	425	439	440	609	#
492	1864.18	16	24	41	70	84	115	117	130	147	173	191	197	213	229	249	259	279	304	390	442	449	483	490	498	501	502	505	609	#
493	1841.46	24	48	50	66	89	110	115	118	121	124	127	130	156	157	195	198	204	229	249	330	341	354	363	415	418	457	495	609	#
494	1828.8	46	59	60	68	84	111	127	130	143	157	196	212	214	227	235	265	307	333	391	394	413	441	456	461	478	487	494	609	#
495	284.948	42	169	373	496	610	#
496	307.041	185	286	344	496	610	#
497	237.057	53	134	229	373	610	#
498	235.857	82	169	175	503	610	#
499	185.959	42	51	126	360	610	#
500	212.047	95	317	404	611	#
501	283.812	64	175	404	611	#
502	179.289	95	101	306	611	#
503	76.2394	246	317	348	611	#
504	532.819	11	17	80	165	260	269	286	295	382	414	485	509	612	#
505	788.144	25	90	146	156	170	280	286	355	413	420	492	497	612	#
506	736.337	94	99	122	181	242	258	376	416	419	442	485	497	612	#
507	679.418	37	50	64	66	137	193	208	252	269	385	394	459	612	#
508	677.498	11	21	61	93	141	270	275	317	347	356	435	468	612	#
509	659.822	2	25	36	84	124	320	338	400	402	414	418	486	612	#
510	675.836	16	28	123	174	222	228	258	379	511	613	#
511	711.088	28	35	71	96	132	379	394	421	444	613	#
512	634.166	49	55	92	174	255	279	280	355	451	613	#
513	601.894	31	41	180	274	304	330	371	379	493	613	#
514	584.619	36	46	128	144	276	434	437	476	511	613	#
515	509.326	31	55	78	258	278	292	303	329	390	613	#
516	456.366	27	164	179	192	242	245	288	346	431	614	#
517	600.382	43	58	179	267	300	362	383	417	489	614	#
518	596.601	22	27	28	86	204	222	296	345	506	614	#
519	579.046	53	242	320	331	343	466	476	499	506	614	#
520	561.973	72	98	216	282	319	346	376	391	500	614	#
521	536.772	127	146	187	189	192	215	284	384	409	614	#
522	617.645	70	184	245	364	408	436	615	#
523	528.184	184	221	303	374	381	389	615	#
524	503.132	59	156	245	378	446	474	615	#
525	337.637	33	100	192	229	345	408	615	#
526	280.437	80	175	368	415	436	483	615	#
527	556.115	23	117	173	180	279	422	434	487	495	616	#
528	678.895	63	112	135	171	184	194	279	290	334	616	#
529	657.055	43	60	117	140	164	175	343	376	435	616	#
530	578.833	103	171	228	276	287	291	333	339	495	616	#
531	555.794	9	23	100	112	194	275	410	428	488	616	#
532	514.858	13	73	114	319	361	388	422	440	484	616	#
533	39.2758	383	#
534	265.662	45	89	195	328	397	416	455	617	#
535	389.238	45	264	335	360	406	426	461	617	#
536	334.616	108	155	159	199	245	328	352	617	#
537	788.772	5	40	91	119	192	218	306	354	358	429	451	618	#
538	823.558	42	85	96	118	197	227	262	300	367	451	494	618	#
539	789.478	0	5	8	54	72	104	198	218	293	375	489	618	#
540	728.738	17	35	144	170	214	251	298	379	404	429	451	618	#
541	724.881	14	21	77	124	135	150	164	358	362	391	410	618	#
542	697.415	2	8	37	124	172	237	294	354	393	452	471	618	#
543	670.235	11	139	213	231	245	339	437	488	619	#
544	615.672	64	81	84	102	285	366	488	500	619	#
545	582.915	86	139	143	274	305	446	496	499	619	#
546	509.339	8	17	184	260	267	393	437	454	619	#
547	463.376	11	200	212	250	353	360	469	479	619	#
548	438.034	210	213	239	266	291	410	462	473	619	#
549	1127.02	27	52	86	87	213	275	284	308	354	395	397	404	427	484	620	#
550	1089.39	47	157	170	185	186	213	277	339	373	390	397	407	414	451	620	#
551	1065.57	14	62	66	76	86	138	206	245	288	331	374	392	414	499	620	#
552	1037.5	0	1	81	111	151	192	240	275	278	313	405	471	478	498	620	#
553	1003.94	29	140	145	147	156	205	226	233	299	311	374	413	421	427	620	#
554	991.693	41	117	138	148	156	257	299	332	372	397	416	430	447	466	620	#
555	429.171	101	117	124	193	242	258	303	443	621	#
556	548.314	146	163	185	191	242	342	344	485	621	#
557	527.099	2	32	124	143	283	361	404	422	621	#
558	514.3	117	156	212	253	264	273	432	452	621	#
559	479.594	0	8	145	173	210	303	376	434	621	#
560	470.501	101	215	229	277	361	367	404	460	621	#
561	361.501	117	149	282	301	353	422	449	622	#
562	472.861	26	95	170	176	418	422	464	622	#
563	454.541	38	66	144	228	282	315	500	622	#
564	407.738	3	161	188	249	252	353	431	622	#
565	405.485	23	180	212	336	351	404	449	622	#
566	357.333	108	121	149	259	340	457	480	622	#
567	1119.94	26	27	71	73	106	117	250	310	322	360	459	468	478	499	511	623	#
568	1039.98	6	92	106	172	210	261	265	266	287	310	323	398	422	460	488	623	#
569	1031.79	10	18	48	76	86	123	168	171	209	329	364	379	426	468	490	623	#
570	1029.91	26	29	66	105	106	120	123	194	300	301	313	337	357	436	467	623	#
571	1016.46	12	51	102	119	128	159	185	211	213	280	327	338	343	424	499	623	#
572	988.119	12	73	129	154	242	256	279	309	336	355	356	361	382	388	416	623	#
573	180.264	318	460	624	#
574	135.28	392	460	624	#
575	126.452	26	318	624	#
576	389.71	77	93	112	280	303	625	#
577	480.581	37	215	303	384	469	625	#
578	455.619	37	93	360	432	491	625	#
579	314.511	93	112	298	305	380	625	#
580	301.706	27	182	258	280	445	625	#
581	210.731	77	87	124	171	383	625	#
582	564.418	49	57	102	123	197	342	403	495	626	#
583	757.821	42	44	131	145	325	364	390	495	626	#
584	689.335	5	172	197	209	333	339	370	411	626	#
585	616.624	3	34	49	265	325	382	437	440	626	#
586	605.095	21	123	199	207	212	290	387	503	626	#
587	575.155	26	118	198	214	339	403	411	443	626	#
588	243.94	173	202	207	295	485	627	#
589	317.996	106	200	207	393	414	627	#
590	266.78	3	27	44	202	395	627	#
591	263.924	28	81	232	287	485	627	#
592	175.784	127	162	205	295	301	627	#
593	1587.36	30	34	46	72	73	131	144	153	160	168	175	181	183	188	206	209	261	280	328	356	368	416	476	628	#
594	1829.5	1	94	95	104	111	123	143	158	177	190	202	212	214	221	244	280	322	326	377	393	403	471	496	628	#
595	1760.2	7	53	71	106	127	132	142	197	206	224	288	299	312	336	349	356	384	403	411	478	483	494	499	628	#
596	1682.05	7	16	37	75	123	157	160	175	218	241	254	277	290	322	370	384	388	403	426	442	444	472	475	628	#
597	1626.38	8	44	93	120	181	215	229	232	259	277	318	357	380	386	389	403	406	408	435	441	451	480	498	628	#
598	1623.64	8	30	51	67	203	224	240	256	273	279	337	349	365	372	397	405	409	419	428	457	458	489	510	628	#
599	544.263	179	181	206	248	275	629	#
600	464.704	106	179	219	316	468	629	#
601	398.035	78	119	199	206	303	629	#
602	364.275	15	17	57	275	435	629	#
603	360.091	25	181	231	244	427	629	#
604	339.937	69	187	248	394	488	629	#
605	22.4473	127	317	#
606	1088.99	18	83	84	86	102	111	171	176	261	291	386	390	395	427	445	446	463	502	630	#
607	1318.56	11	25	29	33	34	49	69	106	125	209	226	243	284	317	373	390	404	427	630	#
608	1169.55	4	34	62	173	211	252	279	324	356	362	373	376	385	404	451	467	502	508	630	#
609	1117.8	23	30	149	222	259	264	293	345	390	403	416	420	421	446	482	484	494	495	630	#
610	1102.89	60	68	84	116	190	200	202	312	335	342	353	375	381	384	390	454	472	499	630	#
611	1089.75	0	4	123	150	171	216	226	246	290	309	317	350	406	441	445	449	475	507	630	#
612	804.235	12	14	60	62	109	149	172	225	237	254	436	468	473	500	631	#
613	1092.85	18	47	88	132	141	179	270	276	277	335	384	436	439	458	631	#
614	967.604	60	121	143	159	210	214	285	344	346	395	427	453	481	500	631	#
615	953.991	65	140	143	145	179	237	244	287	409	419	424	444	473	501	631	#
616	937.584	24	84	115	174	182	188	225	265	272	334	345	423	456	481	631	#
617	908.042	109	138	193	206	208	212	254	255	264	280	305	326	422	496	631	#
618	327.476	8	68	231	251	280	401	403	460	632	#
619	482.232	5	67	97	130	158	182	323	401	632	#
620	473.739	109	193	240	280	287	355	356	391	632	#
621	437.877	46	155	181	230	350	362	460	484	632	#
622	436.684	133	148	251	276	313	385	408	449	632	#
623	414.372	8	36	45	259	320	336	385	494	632	#
624	333.568	106	278	384	415	633	#
625	383.276	221	247	278	509	633	#
626	248.242	153	271	415	458	633	#
627	208.943	53	106	349	387	633	#
628	184.381	72	205	265	384	633	#
629	81.3548	483	#
630	58.8844	135	#
631	160.957	235	251	268	390	#
632	62.1647	171	426	634	#
633	93.2101	179	426	634	#
634	84.5532	171	267	634	#
635	567.405	34	122	139	204	212	312	461	475	493	635	#
636	651.227	3	133	171	212	305	352	369	384	500	635	#
637	524.566	10	165	213	219	363	401	422	465	475	635	#
638	493.518	3	84	86	101	136	157	204	289	441	635	#
639	477.436	34	69	73	218	250	252	272	309	457	635	#
640	455.196	47	122	182	205	245	298	370	443	498	635	#
641	1910.63	8	22	28	46	53	59	76	97	120	151	190	202	207	211	218	249	266	299	310	313	347	406	415	419	426	431	457	460	479	481	502	511	636	#
642	2280.81	13	15	22	53	96	125	129	134	135	137	190	195	197	217	222	244	250	263	296	297	319	328	336	353	402	416	421	442	468	494	500	502	636	#
643	2204.13	11	26	50	55	80	102	103	121	126	135	138	151	157	180	186	188	213	217	229	262	277	297	323	355	359	367	386	395	442	444	462	464	636	#
644	2112.04	1	5	11	12	19	57	71	97	103	111	140	147	164	207	211	246	254	285	287	313	337	339	358	362	390	396	414	429	432	440	449	475	636	#
645	2091.58	10	16	22	40	74	76	117	126	134	150	157	188	204	218	239	248	275	295	306	308	309	311	330	364	381	394	427	431	437	440	489	507	636	#
646	2064.4	4	8	70	71	76	91	139	142	144	159	165	180	197	218	233	273	279	284	309	314	317	326	340	394	415	426	457	474	476	487	495	509	636	#
647	520.336	12	36	156	187	207	294	313	352	463	484	511	637	#
648	762.985	0	122	184	229	291	294	299	361	368	432	469	637	#
649	753.82	9	12	84	199	214	313	370	420	443	470	488	637	#
650	700.884	4	43	70	90	164	166	185	303	397	484	485	637	#
651	655.175	23	33	49	87	112	136	207	226	263	268	421	637	#
652	616.602	91	156	189	209	212	244	246	274	329	353	489	637	#
653	31.8422	36	#
654	367.298	183	225	252	396	413	491	638	#
655	395.905	110	407	416	422	432	491	638	#
656	381.502	35	59	241	354	396	460	638	#
657	308.978	183	268	372	395	457	485	638	#
658	185.013	33	100	176	225	444	484	638	#
659	180.65	84	136	198	252	406	445	638	#
660	2304.36	3	4	37	49	74	92	96	109	138	168	169	173	186	192	194	199	205	213	246	249	251	253	264	276	286	301	305	317	336	346	349	350	388	397	398	401	409	433	437	443	450	455	501	509	639	#
661	2887.73	3	6	8	23	25	27	33	72	73	92	100	113	122	142	145	156	163	167	194	210	242	277	300	303	309	313	323	334	340	348	354	369	372	375	393	407	415	431	432	443	463	477	484	507	639	#
662	2885.36	10	27	55	73	74	75	95	119	121	138	139	145	154	168	181	191	230	237	251	256	258	263	272	280	283	289	297	310	335	350	359	360	385	395	409	418	434	439	460	465	474	475	483	498	639	#
663	2881.08	4	41	42	47	60	63	115	138	149	151	156	158	159	174	175	177	179	191	192	197	199	207	225	226	227	245	278	297	303	305	332	336	339	342	350	353	406	411	433	438	448	455	471	498	639	#
664	2836.18	38	45	55	56	64	68	75	94	103	104	109	121	129	133	147	151	156	160	175	188	192	201	215	219	222	253	254	268	279	285	306	329	335	360	361	379	387	394	414	445	450	451	454	464	639	#
665	2776.96	78	107	110	113	120	121	134	135	145	156	163	167	169	186	188	199	200	217	219	221	227	250	288	306	319	332	334	336	338	347	352	355	366	373	385	386	404	419	427	468	469	494	503	507	639	#
666	241.794	3	113	223	295	372	640	#
667	250.853	113	309	380	491	507	640	#
668	217.154	32	295	456	504	509	640	#
669	122.826	195	200	223	398	474	640	#
670	67.2755	66	130	145	292	372	640	#
671	758.875	17	30	60	93	100	207	234	237	240	308	310	359	431	439	443	641	#
672	1107.9	120	128	181	218	234	245	269	288	331	358	388	436	448	493	499	641	#
673	1090.81	4	9	14	60	66	75	76	88	119	158	178	264	337	354	392	641	#
674	1075.87	81	180	237	250	259	268	319	366	394	414	434	439	441	501	509	641	#
675	1059.11	185	207	224	283	293	303	308	394	395	411	427	439	445	456	502	641	#
676	997.552	2	17	20	66	115	134	181	240	259	277	320	368	416	437	442	641	#
677	92.4018	144	284	337	642	#
678	126.37	46	284	439	642	#
679	86.1367	23	337	357	642	#
680	868.029	63	71	113	117	125	182	349	386	391	395	413	473	500	643	#
681	939.656	38	64	91	240	263	271	322	341	369	397	435	491	500	643	#
682	913.567	8	29	71	119	203	295	299	392	400	416	428	430	489	643	#
683	818.929	37	38	64	69	194	199	261	292	300	327	363	449	473	643	#
684	798.657	108	118	184	258	282	372	386	387	409	429	474	500	507	643	#
685	769.951	30	50	60	70	102	117	119	120	284	315	339	382	441	643	#
686	697.581	29	60	114	209	221	277	306	392	405	419	430	644	#
687	828.016	29	30	124	162	231	268	293	405	412	460	486	644	#
688	776.645	29	166	179	185	207	221	239	242	377	384	404	644	#
689	732.169	18	44	52	161	249	303	357	405	424	430	437	644	#
690	708.149	60	82	186	200	208	219	222	340	389	399	401	644	#
691	689.903	82	108	114	316	322	324	366	425	462	482	500	644	#
692	248.015	40	361	395	405	417	645	#
693	331.432	1	27	361	398	466	645	#
694	303.643	57	81	210	347	405	645	#
695	283.615	179	253	343	393	417	645	#
696	275.366	40	120	130	412	500	645	#
697	157.536	178	276	371	395	447	645	#
698	1076.72	4	33	87	98	119	161	173	179	202	222	274	283	284	311	357	463	472	475	477	487	646	#
699	1421.19	41	67	98	117	158	171	229	252	287	289	335	347	368	372	388	418	447	453	457	489	646	#
700	1391.29	31	73	116	164	190	194	206	210	226	244	273	297	306	409	429	434	452	473	477	495	646	#
701	1369.45	18	26	39	69	129	133	162	243	272	274	277	341	356	367	387	441	467	472	489	495	646	#
702	1297.88	63	169	236	241	245	257	274	303	323	336	343	352	363	371	379	381	390	458	469	494	646	#
703	1207.63	3	30	32	65	81	107	158	199	278	327	357	397	421	423	436	437	463	475	503	508	646	#
704	194.145	16	196	207	331	647	#
705	275.181	16	91	472	481	647	#
706	268.377	168	173	196	316	647	#
707	220.234	140	207	365	509	647	#
708	87.1388	23	193	233	331	647	#
709	543.452	3	188	251	317	335	354	356	425	429	481	489	648	#
710	799.119	59	60	75	182	213	327	419	429	445	473	511	648	#
711	797.472	148	176	238	273	331	333	335	377	420	458	472	648	#
712	778.628	59	83	91	132	243	265	270	306	354	379	481	648	#
713	766.175	71	111	187	224	293	322	350	376	408	425	429	648	#
714	714.393	13	23	44	66	73	74	191	200	208	436	489	648	#
715	141.081	94	237	649	#
716	135.956	75	237	649	#
717	100.373	94	262	649	#
718	26.6594	142	342	#
719	926.211	3	29	42	128	150	206	226	231	237	261	269	279	286	310	432	454	500	650	#
720	1334.87	14	42	127	151	156	168	171	187	188	201	300	354	369	386	468	471	503	650	#
721	1145.84	10	70	98	128	130	170	190	248	334	345	375	425	430	480	481	491	495	650	#
722	1099.8	50	70	105	106	223	242	257	281	327	335	342	368	385	388	414	432	442	650	#
723	1094.69	3	4	10	31	51	53	58	74	86	150	225	260	278	344	374	394	472	650	#
724	1058.12	0	24	96	143	150	165	182	186	259	284	318	383	406	416	487	492	495	650	#
725	94.3055	155	483	651	#
726	65.1098	444	483	651	#
727	158.467	335	410	652	#
728	182.346	126	410	652	#
729	115.943	40	335	652	#
730	186.458	60	162	653	#
731	148.079	162	418	653	#
732	93.8767	60	317	653	#
733	953.074	18	20	30	55	128	221	290	301	353	402	403	435	436	469	654	#
734	1108.7	104	208	297	344	355	382	385	387	436	446	476	484	490	504	654	#
735	1057.59	20	25	31	125	146	148	188	221	328	358	377	438	440	484	654	#
736	993.106	22	27	130	142	192	246	268	273	275	356	370	436	460	469	654	#
737	911.558	18	31	44	171	187	215	258	264	277	364	452	460	469	505	654	#
738	877.842	11	30	49	132	221	261	301	349	353	382	422	475	479	490	654	#
739	305.26	268	296	417	444	655	#
740	321.936	268	274	292	387	655	#
741	227.176	228	303	444	461	655	#
742	221.459	226	268	360	417	655	#
743	156.626	7	296	326	361	655	#
744	348.034	290	321	322	338	656	#
745	314.237	124	194	338	405	656	#
746	299.612	169	215	321	378	656	#
747	155.753	40	133	277	322	656	#
748	129.385	31	43	290	337	656	#
749	381.057	2	158	184	262	461	657	#
750	413.148	37	102	184	188	319	657	#
751	297.945	163	219	229	461	480	657	#
752	240.533	126	158	365	430	431	657	#
753	702.768	87	88	117	136	141	233	257	281	354	399	463	469	658	#
754	861.336	9	17	25	88	113	329	399	407	420	463	464	478	658	#
755	753.3	0	7	59	120	136	170	224	256	304	333	445	477	658	#
756	748.478	25	26	117	144	208	219	281	305	371	470	474	504	658	#
757	695.726	16	18	69	152	186	220	239	247	252	354	424	456	658	#
758	683.73	10	85	181	192	194	223	233	324	384	427	482	506	658	#
759	326.916	89	132	248	328	453	455	461	659	#
760	441.365	70	89	150	289	335	384	412	659	#
761	405.291	83	196	261	352	367	453	486	659	#
762	330.485	21	132	231	257	282	386	482	659	#
763	326.743	154	188	235	299	345	371	455	659	#
764	297.962	6	90	132	161	248	292	316	659	#
765	971.903	4	11	70	275	299	316	356	397	402	412	418	432	449	660	#
766	1097.88	21	38	73	177	205	288	306	334	335	361	373	432	453	660	#
767	906.434	42	79	82	159	234	238	248	275	306	364	407	438	485	660	#
768	883.794	11	27	47	53	260	278	309	338	358	382	385	399	508	660	#
769	863.619	4	50	74	114	201	244	294	344	381	399	430	483	498	660	#
770	846.77	70	162	166	246	369	377	391	402	415	432	449	461	478	660	#
771	630.63	29	34	94	142	169	248	279	344	353	364	457	506	661	#
772	907.691	59	65	142	144	151	163	169	187	312	365	430	483	661	#
773	818.077	1	29	31	53	54	56	71	76	121	183	186	388	661	#
774	795.318	10	18	45	84	94	156	264	330	370	408	417	430	661	#
775	783.11	33	54	76	98	117	128	203	344	385	389	400	443	661	#
776	776.241	64	91	108	131	244	248	263	324	435	462	473	475	661	#
777	833.74	2	3	28	39	157	172	205	270	351	382	393	398	439	484	662	#
778	1093.98	4	10	47	67	123	195	209	239	268	343	382	449	464	466	662	#
779	1050.51	81	100	102	143	170	248	261	270	343	349	400	408	445	480	662	#
780	1017.56	75	79	110	121	178	188	254	258	365	378	393	401	408	478	662	#
781	1012	28	134	150	162	310	319	336	364	365	381	440	477	489	492	662	#
782	870.682	17	26	59	172	179	208	215	269	326	365	434	435	474	490	662	#
783	562.392	13	108	204	226	264	268	278	282	322	370	425	468	663	#
784	788.181	130	171	217	222	239	269	305	322	367	416	430	497	663	#
785	772.596	21	67	102	133	137	147	243	314	367	425	430	431	663	#
786	749.278	21	49	75	132	147	226	235	323	458	471	481	500	663	#
787	718.612	38	53	54	144	216	278	300	338	352	354	357	487	663	#
788	680.696	1	13	101	130	192	197	216	237	295	398	416	485	663	#
789	158.192	89	95	263	664	#
790	120.934	89	363	399	664	#
791	815.563	0	39	66	92	192	215	288	317	321	397	402	423	425	438	464	665	#
792	1152.47	0	66	75	96	149	169	174	225	258	288	388	389	394	426	434	665	#
793	1051.56	19	39	73	74	141	154	160	183	213	233	243	379	382	469	470	665	#
794	1003.78	51	77	95	101	124	150	162	179	241	256	322	330	397	434	466	665	#
795	962.895	23	64	66	85	137	140	143	199	203	291	336	358	382	387	397	665	#
796	955.694	101	152	164	169	180	191	251	353	374	403	418	438	458	462	483	665	#
797	811.551	23	25	36	179	242	345	391	395	402	410	453	465	666	#
798	889.566	4	5	81	88	144	297	345	385	400	410	466	498	666	#
799	787.029	36	88	171	174	198	230	330	357	367	402	475	492	666	#
800	768.925	1	29	127	138	171	173	191	231	242	314	475	476	666	#
801	746.52	71	113	183	230	263	376	378	391	399	409	467	493	666	#
802	729.679	19	75	146	149	178	179	216	217	234	237	250	485	666	#
803	680.793	2	57	69	92	103	105	276	286	304	351	389	400	462	489	667	#
804	1019.41	25	38	89	124	169	182	199	260	396	423	447	462	467	477	667	#
805	887.224	8	61	148	213	227	236	251	276	304	369	402	428	430	489	667	#
806	885.665	58	88	105	190	250	260	262	286	345	430	470	471	488	496	667	#
807	877.887	31	158	166	203	206	211	225	251	276	294	341	345	358	369	667	#
808	876.839	10	27	88	145	163	188	195	261	304	337	361	426	452	498	667	#
809	86.5389	9	428	#
810	1235.09	15	19	26	30	43	89	107	130	201	204	225	233	247	328	336	337	358	383	411	412	422	449	478	495	502	668	#
811	1667.67	7	15	51	56	75	96	116	126	151	174	182	187	189	253	278	302	338	376	406	436	439	440	449	500	507	668	#
812	1648.55	11	15	32	42	48	52	58	70	84	130	136	213	259	298	331	359	393	400	414	416	493	498	502	507	509	668	#
813	1635.7	4	5	8	58	66	73	107	139	144	146	147	164	176	183	212	226	248	283	327	414	425	434	458	471	504	668	#
814	1630.27	57	60	99	109	150	151	153	177	199	203	276	301	309	319	348	349	353	389	413	415	417	456	458	473	495	668	#
815	1588.06	28	116	125	145	156	183	207	267	279	282	294	301	314	316	351	371	383	400	410	437	473	476	478	484	485	668	#
816	1370.26	65	66	71	99	110	166	192	229	244	248	252	268	303	318	352	358	391	420	439	466	483	669	#
817	1490.9	42	49	69	84	132	138	228	347	352	369	384	388	406	430	440	457	464	474	476	493	507	669	#
818	1394.57	5	37	46	55	58	71	126	164	175	208	219	244	261	363	379	427	429	437	456	464	476	669	#
819	1375.93	21	65	66	75	80	98	145	164	189	225	234	321	323	335	336	367	441	444	486	497	511	669	#
820	1374.84	15	18	72	130	140	147	149	170	222	231	240	245	252	272	295	304	337	375	440	457	486	669	#
821	1359.08	1	8	28	87	105	115	127	151	174	179	181	244	247	292	301	310	375	419	476	483	500	669	#
822	256.812	35	82	112	393	449	670	#
823	355.021	35	251	333	384	443	670	#
824	336.136	104	156	323	393	491	670	#
825	310.434	132	314	354	449	491	670	#
826	250.784	112	174	303	331	501	670	#
827	196.653	82	342	397	483	501	670	#
828	1159.4	28	63	91	118	130	141	143	147	171	174	200	220	226	257	267	287	315	319	341	345	357	448	472	511	671	#
829	1625.66	56	115	123	137	141	145	165	175	181	182	183	191	194	197	228	251	274	286	312	332	354	355	431	507	671	#
830	1622.25	18	27	62	68	86	97	106	144	195	204	239	278	291	293	319	335	382	391	396	439	454	461	486	507	671	#
831	1585.21	1	7	18	76	97	119	121	186	200	201	203	204	271	275	277	330	351	373	396	402	407	466	485	504	671	#
832	1537.13	0	1	70	76	93	97	98	119	144	161	177	180	194	220	239	288	336	381	422	430	448	478	481	503	671	#
833	1513.36	35	68	108	123	126	144	157	171	183	186	188	227	239	284	299	315	326	336	346	351	357	366	455	500	671	#
834	2240.56	12	17	19	20	23	68	71	92	96	110	234	248	252	259	267	271	278	286	287	294	300	316	317	370	380	383	386	410	411	415	441	468	469	474	498	672	#
835	2447.73	9	17	24	39	41	65	82	100	134	139	198	201	206	225	253	264	285	287	295	297	298	300	309	315	342	354	380	398	431	457	466	472	492	509	511	672	#
836	2399.27	34	61	85	97	102	114	119	121	137	158	182	206	217	218	238	239	277	287	293	316	354	361	383	387	400	402	417	421	423	433	440	451	464	487	504	672	#
837	2236.56	17	28	56	69	84	107	122	125	134	145	154	160	206	209	222	226	241	257	259	264	281	286	293	297	349	373	385	387	431	436	440	441	463	471	490	672	#
838	2233.4	24	25	53	66	73	76	92	103	108	113	171	252	265	305	310	312	317	322	331	339	341	344	351	363	370	380	395	406	409	424	432	479	485	488	496	672	#
839	2220.48	1	15	31	39	53	81	124	133	156	167	170	172	189	196	207	225	243	252	257	259	268	310	327	335	341	342	350	365	379	417	439	450	460	468	510	672	#
840	348.479	56	110	242	423	494	673	#
841	435.463	244	286	291	423	471	673	#
842	258.961	110	195	225	307	308	673	#
843	223.269	35	56	265	356	496	673	#
844	213.322	52	190	254	401	494	673	#
845	157.793	153	192	242	256	370	673	#
846	1147.57	3	16	42	85	106	110	163	212	275	278	337	402	450	485	495	674	#
847	1057.5	4	85	106	135	163	174	252	264	330	351	383	470	488	492	502	674	#
848	1012.12	11	16	18	37	90	259	280	294	340	370	376	426	445	452	479	674	#
849	964.241	42	91	114	156	204	234	235	252	297	316	325	337	392	417	435	674	#
850	958.486	11	68	75	94	179	191	194	205	212	227	275	409	417	481	498	674	#
851	946.75	3	42	51	76	97	116	134	179	211	259	287	308	438	483	504	674	#
852	739.139	7	54	88	108	157	159	280	295	361	372	386	408	436	458	509	675	#
853	992.716	45	139	169	179	186	194	219	247	251	311	355	369	372	406	463	675	#
854	954.598	2	45	66	108	178	210	241	295	343	403	411	445	451	466	477	675	#
855	941.662	74	87	157	160	185	198	209	343	348	380	395	403	431	460	501	675	#
856	936.664	66	69	123	150	178	223	255	313	315	411	422	436	445	466	497	675	#
857	870.323	5	37	68	77	87	125	181	191	220	281	324	331	355	361	436	675	#
858	143.452	143	203	676	#
859	133.774	203	330	676	#
860	125.358	143	364	676	#
861	91.0488	12	87	116	428	677	#
862	93.4622	12	164	285	505	677	#
863	80.005	97	350	380	428	677	#
864	267.471	299	387	420	678	#
865	275.338	155	299	415	678	#
866	186.399	95	420	505	678	#
867	1707.11	4	8	12	16	57	80	82	121	125	129	130	161	210	225	227	233	252	253	259	287	303	322	323	329	357	386	390	415	431	450	492	493	494	502	679	#
868	2450.95	6	16	56	63	130	141	155	161	165	178	195	204	221	225	227	259	261	278	287	306	312	356	358	369	374	375	377	406	430	461	476	479	494	505	679	#
869	2313.22	1	11	29	36	40	46	63	68	70	72	88	129	141	154	155	159	166	170	218	233	247	258	275	291	352	355	373	375	392	408	409	420	479	507	679	#
870	2194.48	0	14	31	42	43	46	54	65	72	76	81	93	98	102	155	178	185	216	235	281	317	335	356	377	405	412	416	423	449	468	491	492	498	511	679	#
871	2187.91	4	17	52	68	87	90	101	104	118	131	140	157	168	261	278	291	295	305	313	319	339	341	349	376	395	409	429	437	450	458	479	488	496	500	679	#
872	2156.05	5	8	11	18	28	42	61	64	67	119	128	152	156	169	180	220	246	275	303	312	338	340	352	354	396	404	416	428	445	462	473	475	491	500	679	#
873	743.713	56	98	129	180	219	234	236	279	349	397	403	443	445	480	680	#
874	972.698	22	95	129	176	188	222	223	226	272	300	357	358	395	423	680	#
875	950.333	23	24	36	56	105	126	219	253	270	284	300	319	458	480	680	#
876	894.663	14	61	88	98	109	129	179	189	233	309	321	382	403	455	680	#
877	889.622	5	6	18	62	126	139	158	214	331	416	417	480	502	510	680	#
878	863.173	10	27	31	50	67	91	176	234	243	338	350	354	425	428	680	#
879	2008.02	5	20	36	49	71	87	119	125	129	131	148	151	235	238	243	246	269	276	305	321	333	344	355	367	396	411	416	431	440	460	467	480	498	509	681	#
880	2326.74	0	9	16	25	47	68	125	137	167	170	171	196	199	200	212	233	248	260	316	342	344	346	350	380	408	417	427	428	436	444	484	493	497	509	681	#
881	2312.93	4	7	19	53	62	76	92	110	130	143	151	157	159	176	200	218	269	287	304	306	333	361	365	372	375	384	408	420	432	448	463	483	488	495	681	#
882	2247.43	16	47	72	99	106	108	141	168	170	179	193	201	217	235	240	259	265	297	301	349	354	359	372	412	417	423	431	434	439	451	454	462	478	483	681	#
883	2196.88	17	44	57	59	68	95	101	103	123	132	134	199	201	204	239	275	280	313	327	341	343	345	359	372	383	387	411	437	444	471	474	494	496	505	681	#
884	2127.4	2	58	71	81	83	98	107	119	122	131	140	174	191	206	213	233	241	249	274	275	316	346	361	364	416	423	427	449	476	484	487	489	495	496	681	#
885	1033.18	27	32	54	74	99	113	129	142	199	225	290	319	329	342	356	368	412	421	445	467	475	489	506	682	#
886	1505.48	6	37	55	74	79	113	128	171	175	189	214	246	259	270	274	285	294	295	382	436	468	470	489	682	#
887	1435.9	12	50	96	129	175	185	199	240	254	261	262	263	265	281	293	309	314	360	396	482	490	494	495	682	#
888	1378.2	19	67	84	126	168	188	215	225	226	259	261	279	320	329	335	355	363	366	379	380	424	455	496	682	#
889	1354.96	8	20	35	50	64	107	131	133	189	215	222	225	229	239	277	292	340	344	368	415	420	455	509	682	#
890	1326.66	37	45	85	97	111	113	148	160	167	184	207	226	251	283	366	402	445	448	449	452	456	467	470	682	#
891	180.715	295	412	507	683	#
892	196.138	272	365	507	683	#
893	42.2346	220	350	412	683	#
894	155.395	179	241	411	684	#
895	159.027	85	179	369	684	#
896	106.942	44	87	411	684	#
897	95.9519	39	147	241	684	#
898	63.7932	479	#
899	292.983	313	390	439	472	496	685	#
900	373.72	110	135	249	253	390	685	#
901	337.93	29	49	142	178	472	685	#
902	238.695	60	169	309	430	439	685	#
903	210.073	142	250	289	375	496	685	#
904	882.434	60	67	84	88	172	209	248	293	296	321	343	379	440	454	501	686	#
905	1202.36	32	42	84	101	106	113	138	144	197	252	282	317	333	414	463	686	#
906	977.094	34	48	112	117	126	166	208	225	373	379	445	446	483	499	500	686	#
907	922.858	26	136	190	245	258	286	310	343	388	402	425	428	430	482	497	686	#
908	922.266	32	57	60	76	101	162	209	334	337	392	400	407	428	480	494	686	#
909	899.46	49	86	109	110	112	117	120	252	279	320	381	437	440	498	504	686	#
910	676.209	66	92	182	245	317	321	346	428	451	500	687	#
911	817.032	77	103	115	143	156	182	256	270	340	397	687	#
912	807.555	81	141	167	275	344	345	441	500	506	511	687	#
913	729.443	185	286	328	411	422	428	437	444	502	509	687	#
914	691.413	28	92	230	234	286	317	358	380	402	443	687	#
915	677.445	39	79	112	218	290	291	297	299	451	496	687	#
916	243.581	133	145	328	509	688	#
917	254.96	42	133	166	304	688	#
918	223.317	34	58	145	329	688	#
919	203.73	171	480	497	509	688	#
920	1164.99	9	124	156	185	189	303	374	432	437	440	466	469	511	689	#
921	935.586	61	79	86	251	265	266	294	300	323	382	462	469	501	689	#
922	893.948	10	140	170	186	197	227	329	337	346	415	424	466	476	689	#
923	884.019	29	38	73	91	103	199	238	247	254	317	432	439	460	689	#
924	864.196	9	10	137	140	232	353	409	431	449	458	494	498	511	689	#
925	864.088	2	69	85	167	213	299	367	404	435	467	477	481	511	689	#
926	191.548	19	167	260	302	454	690	#
927	255.76	37	151	167	235	238	690	#
928	253.417	27	163	334	406	454	690	#
929	234.633	6	19	178	425	485	690	#
930	54.8766	307	310	#
931	1452.1	16	70	92	109	116	160	173	177	231	254	261	277	295	317	347	382	404	407	424	442	475	478	501	691	#
932	1745.44	28	61	63	89	92	102	160	239	266	274	289	304	337	357	360	368	399	406	407	413	414	448	483	691	#
933	1660.05	16	20	36	41	76	91	109	122	132	139	142	160	176	218	253	270	306	315	323	370	416	442	491	691	#
934	1606.12	17	30	76	113	137	140	151	154	170	177	223	310	323	346	350	358	380	386	399	416	430	432	501	691	#
935	1601.06	1	7	24	52	73	84	117	174	196	237	247	263	299	333	343	383	429	478	492	500	501	502	510	691	#
936	1583.92	0	6	34	83	94	137	157	163	176	183	217	244	255	304	317	322	338	381	410	434	473	501	505	691	#
937	1403.75	35	56	79	95	100	112	180	213	215	227	231	275	312	328	373	387	424	445	448	463	468	496	511	692	#
938	1765.88	13	56	113	125	129	141	154	177	189	190	208	210	214	242	243	285	327	363	416	447	490	492	506	692	#
939	1738.64	0	70	81	141	155	191	196	197	210	271	275	301	312	316	348	353	360	364	421	437	484	488	489	692	#
940	1718.36	42	53	58	79	105	124	135	187	234	243	245	304	306	329	336	362	375	421	432	468	487	495	498	692	#
941	1601.73	17	37	61	75	100	111	121	139	157	166	178	186	209	236	238	243	274	339	371	402	420	460	509	692	#
942	1590.15	10	28	47	60	108	112	144	152	158	208	213	214	225	313	332	380	414	416	426	440	499	507	509	692	#
943	26.7137	443	#
944	933.353	54	60	95	167	170	203	300	354	382	397	467	693	#
945	901.772	95	119	151	186	212	238	282	291	306	413	475	693	#
946	809.359	47	82	167	241	292	322	397	408	449	466	491	693	#
947	794.841	19	30	32	75	141	219	249	283	339	388	397	693	#
948	774.392	14	17	112	127	259	300	328	342	383	413	435	693	#
949	696.944	16	31	57	94	122	158	305	382	420	470	475	693	#
950	804.471	138	146	179	191	198	265	269	395	460	463	471	497	694	#
951	930.819	10	48	90	102	204	213	269	286	340	382	408	453	694	#
952	923.302	63	76	86	97	102	156	328	354	366	406	426	471	694	#
953	902.909	5	33	61	66	138	172	232	273	347	400	404	415	694	#
954	820.32	21	24	45	54	87	194	205	231	320	349	442	497	694	#
955	798.217	25	39	106	108	131	147	271	273	310	395	408	457	694	#
956	1297.2	28	38	40	58	63	65	70	140	159	162	173	233	283	309	329	346	383	408	472	483	508	695	#
957	1521.89	21	25	44	61	68	73	137	148	151	175	193	194	212	213	223	288	334	337	383	386	411	695	#
958	1440.18	10	53	63	64	83	119	143	249	251	254	280	302	322	345	380	386	391	403	439	457	494	695	#
959	1357.72	19	22	69	119	159	185	194	195	203	218	268	285	321	334	374	379	420	469	471	483	490	695	#
960	1351.14	3	21	65	85	106	119	138	151	155	166	168	181	196	254	263	295	309	350	369	391	457	695	#
961	1324.27	17	70	114	186	211	227	233	245	265	270	281	305	345	363	367	389	410	416	432	452	471	695	#
962	193.889	252	417	696	#
963	108.396	285	417	696	#
964	275.629	91	122	131	252	329	347	365	697	#
965	410.694	13	193	252	272	326	467	472	697	#
966	363.039	0	56	72	323	337	347	370	697	#
967	298.367	91	121	135	267	408	466	481	697	#
968	215.004	119	120	236	290	329	374	416	697	#
969	183.557	36	81	87	131	217	277	446	697	#
970	24.9666	510	#
971	428.741	61	100	115	292	475	497	698	#
972	493.74	25	61	117	170	171	486	698	#
973	348.497	69	83	96	401	475	489	698	#
974	324.681	52	59	63	115	188	385	698	#
975	284.114	265	291	394	398	463	497	698	#
976	201.747	37	40	61	223	292	465	698	#
977	247.946	187	332	380	391	434	440	498	510	699	#
978	269.917	15	46	57	77	181	332	386	392	699	#
979	248.465	4	101	117	176	187	356	426	431	699	#
980	220.228	19	65	204	235	348	400	434	438	699	#
981	1020.07	38	47	109	116	118	123	129	167	198	201	213	252	326	330	339	371	384	431	433	461	476	499	700	#
982	1445.19	31	55	79	158	164	166	173	183	188	191	209	254	256	271	397	415	421	440	457	476	501	502	700	#
983	1412.17	5	17	72	77	87	114	138	155	177	178	243	289	313	316	321	339	365	391	435	437	456	496	700	#
984	1336.06	13	30	61	77	92	101	196	246	260	270	271	279	281	300	389	391	410	435	449	470	499	509	700	#
985	1285.21	35	49	80	90	95	121	135	159	162	167	196	209	222	240	249	267	315	342	440	444	457	462	700	#
986	1210.06	21	48	132	138	159	198	224	226	278	284	313	317	319	342	348	386	404	409	431	447	471	476	700	#
987	1531.49	14	32	45	72	96	98	140	170	174	256	268	274	275	281	292	297	342	351	407	434	455	484	492	511	701	#
988	1662.39	2	58	70	89	123	156	166	167	195	204	218	225	230	231	258	288	293	297	302	334	369	391	403	507	701	#
989	1651.43	0	2	17	26	27	36	72	88	94	99	106	110	123	125	224	341	342	348	351	357	390	413	441	448	701	#
990	1606.84	10	33	104	111	142	158	170	179	185	199	202	215	238	268	272	307	380	383	409	418	429	442	493	494	701	#
991	1593.41	2	7	9	14	46	50	65	76	82	147	157	186	194	230	293	335	357	394	395	434	443	458	464	468	701	#
992	1591.45	0	8	12	47	57	60	96	109	110	190	228	247	250	268	288	309	315	322	327	329	357	358	470	477	701	#
993	159.339	247	411	702	#
994	123.98	411	413	702	#
995	562.452	149	163	185	233	240	305	371	375	477	703	#
996	742.087	10	94	156	209	256	302	375	403	412	703	#
997	639.25	121	164	177	196	222	240	379	387	437	703	#
998	634.111	19	94	102	126	305	310	333	367	435	703	#
999	595.789	27	110	139	142	163	263	312	395	471	703	#
1000	533.239	24	101	120	126	371	390	397	408	461	703	#
