%% File generated by CATS v.2.1Thu May  9 12:48:57 2024

%% The CATS webpage is http://robotics.stanford.edu/CATS

%% PARAMETER SETTINGS:
% Goods: 512; Bids: 1000; Distribution: matching; Runs: 1; Seed: 65
% Matching Distribution Parameters:
% Max airport price       = 5
% Early takeoff deviation = 1
% Late takeoff deviation  = 2
% Early landing deviation = 1
% Late landing deviation  = 2
% Deviation               = 0.500000
% Delay coefficient       = 0.900000
% Amount late coefficient = 0.750000



goods 512
bids 1006
dummy 101

0	8.13541	19	56	512	#
1	5.4914	19	60	512	#
2	4.94226	19	64	512	#
3	4.44804	19	68	512	#
4	6.10156	23	60	512	#
5	5.4914	23	64	512	#
6	4.94226	23	68	512	#
7	6.10156	27	64	512	#
8	5.4914	27	68	512	#
9	6.10156	31	68	512	#
10	7.14776	260	302	513	#
11	4.82474	260	306	513	#
12	4.34226	260	310	513	#
13	3.90804	260	314	513	#
14	5.36082	264	306	513	#
15	4.82474	264	310	513	#
16	4.34226	264	314	513	#
17	5.36082	268	310	513	#
18	4.82474	268	314	513	#
19	5.36082	272	314	513	#
20	4.21295	108	150	514	#
21	2.84374	108	154	514	#
22	2.55937	108	158	514	#
23	2.30343	108	162	514	#
24	3.15971	112	154	514	#
25	2.84374	112	158	514	#
26	2.55937	112	162	514	#
27	3.15971	116	158	514	#
28	2.84374	116	162	514	#
29	3.15971	120	162	514	#
30	5.29176	135	145	515	#
31	3.57194	135	149	515	#
32	3.21474	135	153	515	#
33	2.89327	135	157	515	#
34	3.96882	139	149	515	#
35	3.57194	139	153	515	#
36	3.21474	139	157	515	#
37	3.96882	143	153	515	#
38	3.57194	143	157	515	#
39	3.96882	147	157	515	#
40	7.18367	336	378	516	#
41	4.84897	336	382	516	#
42	4.36408	336	386	516	#
43	3.92767	336	390	516	#
44	5.38775	340	382	516	#
45	4.84897	340	386	516	#
46	4.36408	340	390	516	#
47	5.38775	344	386	516	#
48	4.84897	344	390	516	#
49	5.38775	348	390	516	#
50	6.26506	61	74	517	#
51	4.22892	61	78	517	#
52	3.80603	61	82	517	#
53	3.42542	61	86	517	#
54	4.6988	65	78	517	#
55	4.22892	65	82	517	#
56	3.80603	65	86	517	#
57	4.6988	69	82	517	#
58	4.22892	69	86	517	#
59	4.6988	73	86	517	#
60	3.28322	142	153	518	#
61	2.21618	142	157	518	#
62	1.99456	142	161	518	#
63	1.7951	142	165	518	#
64	2.46242	146	157	518	#
65	2.21618	146	161	518	#
66	1.99456	146	165	518	#
67	2.46242	150	161	518	#
68	2.21618	150	165	518	#
69	2.46242	154	165	518	#
70	2.71096	454	465	519	#
71	1.8299	454	469	519	#
72	1.64691	454	473	519	#
73	1.48222	454	477	519	#
74	2.03322	458	469	519	#
75	1.8299	458	473	519	#
76	1.64691	458	477	519	#
77	2.03322	462	473	519	#
78	1.8299	462	477	519	#
79	2.03322	466	477	519	#
80	5.79442	110	148	520	#
81	3.91123	110	152	520	#
82	3.52011	110	156	520	#
83	3.1681	110	160	520	#
84	4.34581	114	152	520	#
85	3.91123	114	156	520	#
86	3.52011	114	160	520	#
87	4.34581	118	156	520	#
88	3.91123	118	160	520	#
89	4.34581	122	160	520	#
90	4.58791	389	403	521	#
91	3.09684	389	407	521	#
92	2.78715	389	411	521	#
93	2.50844	389	415	521	#
94	3.44093	393	407	521	#
95	3.09684	393	411	521	#
96	2.78715	393	415	521	#
97	3.44093	397	411	521	#
98	3.09684	397	415	521	#
99	3.44093	401	415	521	#
100	8.48888	97	128	522	#
101	5.73	97	132	522	#
102	5.157	97	136	522	#
103	4.6413	97	140	522	#
104	6.36666	101	132	522	#
105	5.73	101	136	522	#
106	5.157	101	140	522	#
107	6.36666	105	136	522	#
108	5.73	105	140	522	#
109	6.36666	109	140	522	#
110	8.81045	327	364	523	#
111	5.94705	327	368	523	#
112	5.35235	327	372	523	#
113	4.81711	327	376	523	#
114	6.60784	331	368	523	#
115	5.94705	331	372	523	#
116	5.35235	331	376	523	#
117	6.60784	335	372	523	#
118	5.94705	335	376	523	#
119	6.60784	339	376	523	#
120	8.3919	169	200	524	#
121	5.66453	169	204	524	#
122	5.09808	169	208	524	#
123	4.58827	169	212	524	#
124	6.29392	173	204	524	#
125	5.66453	173	208	524	#
126	5.09808	173	212	524	#
127	6.29392	177	208	524	#
128	5.66453	177	212	524	#
129	6.29392	181	212	524	#
130	3.0215	0	43	525	#
131	2.71935	0	47	525	#
132	2.44741	0	51	525	#
133	3.0215	4	47	525	#
134	2.71935	4	51	525	#
135	3.0215	8	51	525	#
136	6.34795	154	165	526	#
137	4.28487	154	169	526	#
138	3.85638	154	173	526	#
139	3.47074	154	177	526	#
140	4.76097	158	169	526	#
141	4.28487	158	173	526	#
142	3.85638	158	177	526	#
143	4.76097	162	173	526	#
144	4.28487	162	177	526	#
145	4.76097	166	177	526	#
146	7.79297	124	157	527	#
147	5.26025	124	161	527	#
148	4.73423	124	165	527	#
149	4.2608	124	169	527	#
150	5.84473	128	161	527	#
151	5.26025	128	165	527	#
152	4.73423	128	169	527	#
153	5.84473	132	165	527	#
154	5.26025	132	169	527	#
155	5.84473	136	169	527	#
156	3.14347	66	77	528	#
157	2.12184	66	81	528	#
158	1.90966	66	85	528	#
159	1.71869	66	89	528	#
160	2.3576	70	81	528	#
161	2.12184	70	85	528	#
162	1.90966	70	89	528	#
163	2.3576	74	85	528	#
164	2.12184	74	89	528	#
165	2.3576	78	89	528	#
166	5.07472	74	112	529	#
167	3.42544	74	116	529	#
168	3.08289	74	120	529	#
169	2.7746	74	124	529	#
170	3.80604	78	116	529	#
171	3.42544	78	120	529	#
172	3.08289	78	124	529	#
173	3.80604	82	120	529	#
174	3.42544	82	124	529	#
175	3.80604	86	124	529	#
176	5.14157	444	487	530	#
177	3.47056	444	491	530	#
178	3.1235	444	495	530	#
179	2.81115	444	499	530	#
180	3.85618	448	491	530	#
181	3.47056	448	495	530	#
182	3.1235	448	499	530	#
183	3.85618	452	495	530	#
184	3.47056	452	499	530	#
185	3.85618	456	499	530	#
186	8.06663	178	216	531	#
187	5.44498	178	220	531	#
188	4.90048	178	224	531	#
189	4.41043	178	228	531	#
190	6.04997	182	220	531	#
191	5.44498	182	224	531	#
192	4.90048	182	228	531	#
193	6.04997	186	224	531	#
194	5.44498	186	228	531	#
195	6.04997	190	228	531	#
196	7.17726	218	256	532	#
197	4.84465	218	260	532	#
198	4.36018	218	264	532	#
199	3.92417	218	268	532	#
200	5.38294	222	260	532	#
201	4.84465	222	264	532	#
202	4.36018	222	268	532	#
203	5.38294	226	264	532	#
204	4.84465	226	268	532	#
205	5.38294	230	268	532	#
206	3.3539	156	199	533	#
207	2.26388	156	203	533	#
208	2.0375	156	207	533	#
209	1.83375	156	211	533	#
210	2.51543	160	203	533	#
211	2.26388	160	207	533	#
212	2.0375	160	211	533	#
213	2.51543	164	207	533	#
214	2.26388	164	211	533	#
215	2.51543	168	211	533	#
216	2.76804	157	170	534	#
217	1.86843	157	174	534	#
218	1.68158	157	178	534	#
219	1.51343	157	182	534	#
220	2.07603	161	174	534	#
221	1.86843	161	178	534	#
222	1.68158	161	182	534	#
223	2.07603	165	178	534	#
224	1.86843	165	182	534	#
225	2.07603	169	182	534	#
226	8.73661	104	137	535	#
227	5.89721	104	141	535	#
228	5.30749	104	145	535	#
229	4.77674	104	149	535	#
230	6.55246	108	141	535	#
231	5.89721	108	145	535	#
232	5.30749	108	149	535	#
233	6.55246	112	145	535	#
234	5.89721	112	149	535	#
235	6.55246	116	149	535	#
236	4.53465	333	346	536	#
237	3.06089	333	350	536	#
238	2.7548	333	354	536	#
239	2.47932	333	358	536	#
240	3.40099	337	350	536	#
241	3.06089	337	354	536	#
242	2.7548	337	358	536	#
243	3.40099	341	354	536	#
244	3.06089	341	358	536	#
245	3.40099	345	358	536	#
246	5.58651	187	197	537	#
247	3.77089	187	201	537	#
248	3.3938	187	205	537	#
249	3.05442	187	209	537	#
250	4.18988	191	201	537	#
251	3.77089	191	205	537	#
252	3.3938	191	209	537	#
253	4.18988	195	205	537	#
254	3.77089	195	209	537	#
255	4.18988	199	209	537	#
256	4.52179	86	97	538	#
257	3.05221	86	101	538	#
258	2.74699	86	105	538	#
259	2.47229	86	109	538	#
260	3.39134	90	101	538	#
261	3.05221	90	105	538	#
262	2.74699	90	109	538	#
263	3.39134	94	105	538	#
264	3.05221	94	109	538	#
265	3.39134	98	109	538	#
266	7.61148	61	92	539	#
267	5.13775	61	96	539	#
268	4.62397	61	100	539	#
269	4.16158	61	104	539	#
270	5.70861	65	96	539	#
271	5.13775	65	100	539	#
272	4.62397	65	104	539	#
273	5.70861	69	100	539	#
274	5.13775	69	104	539	#
275	5.70861	73	104	539	#
276	10.3161	176	209	540	#
277	6.96338	176	213	540	#
278	6.26704	176	217	540	#
279	5.64034	176	221	540	#
280	7.73709	180	213	540	#
281	6.96338	180	217	540	#
282	6.26704	180	221	540	#
283	7.73709	184	217	540	#
284	6.96338	184	221	540	#
285	7.73709	188	221	540	#
286	11.368	281	312	541	#
287	7.67339	281	316	541	#
288	6.90605	281	320	541	#
289	6.21545	281	324	541	#
290	8.52599	285	316	541	#
291	7.67339	285	320	541	#
292	6.90605	285	324	541	#
293	8.52599	289	320	541	#
294	7.67339	289	324	541	#
295	8.52599	293	324	541	#
296	6.18151	477	491	542	#
297	4.17252	477	495	542	#
298	3.75527	477	499	542	#
299	3.37974	477	503	542	#
300	4.63613	481	495	542	#
301	4.17252	481	499	542	#
302	3.75527	481	503	542	#
303	4.63613	485	499	542	#
304	4.17252	485	503	542	#
305	4.63613	489	503	542	#
306	7.33055	438	476	543	#
307	4.94812	438	480	543	#
308	4.45331	438	484	543	#
309	4.00798	438	488	543	#
310	5.49791	442	480	543	#
311	4.94812	442	484	543	#
312	4.45331	442	488	543	#
313	5.49791	446	484	543	#
314	4.94812	446	488	543	#
315	5.49791	450	488	543	#
316	6.54842	423	460	544	#
317	4.42018	423	464	544	#
318	3.97816	423	468	544	#
319	3.58035	423	472	544	#
320	4.91131	427	464	544	#
321	4.42018	427	468	544	#
322	3.97816	427	472	544	#
323	4.91131	431	468	544	#
324	4.42018	431	472	544	#
325	4.91131	435	472	544	#
326	10.4884	352	385	545	#
327	7.07966	352	389	545	#
328	6.37169	352	393	545	#
329	5.73452	352	397	545	#
330	7.86629	356	389	545	#
331	7.07966	356	393	545	#
332	6.37169	356	397	545	#
333	7.86629	360	393	545	#
334	7.07966	360	397	545	#
335	7.86629	364	397	545	#
336	6.24404	455	465	546	#
337	4.21473	455	469	546	#
338	3.79326	455	473	546	#
339	3.41393	455	477	546	#
340	4.68303	459	469	546	#
341	4.21473	459	473	546	#
342	3.79326	459	477	546	#
343	4.68303	463	473	546	#
344	4.21473	463	477	546	#
345	4.68303	467	477	546	#
346	5.03925	17	31	547	#
347	3.40149	17	35	547	#
348	3.06134	17	39	547	#
349	2.75521	17	43	547	#
350	3.77943	21	35	547	#
351	3.40149	21	39	547	#
352	3.06134	21	43	547	#
353	3.77943	25	39	547	#
354	3.40149	25	43	547	#
355	3.77943	29	43	547	#
356	3.31519	326	337	548	#
357	2.23775	326	341	548	#
358	2.01397	326	345	548	#
359	1.81258	326	349	548	#
360	2.48639	330	341	548	#
361	2.23775	330	345	548	#
362	2.01397	330	349	548	#
363	2.48639	334	345	548	#
364	2.23775	334	349	548	#
365	2.48639	338	349	548	#
366	3.41561	126	137	549	#
367	2.30554	126	141	549	#
368	2.07498	126	145	549	#
369	1.86748	126	149	549	#
370	2.56171	130	141	549	#
371	2.30554	130	145	549	#
372	2.07498	130	149	549	#
373	2.56171	134	145	549	#
374	2.30554	134	149	549	#
375	2.56171	138	149	549	#
376	7.79238	58	96	550	#
377	5.25986	58	100	550	#
378	4.73387	58	104	550	#
379	4.26049	58	108	550	#
380	5.84429	62	100	550	#
381	5.25986	62	104	550	#
382	4.73387	62	108	550	#
383	5.84429	66	104	550	#
384	5.25986	66	108	550	#
385	5.84429	70	108	550	#
386	5.33226	50	88	551	#
387	3.59928	50	92	551	#
388	3.23935	50	96	551	#
389	2.91541	50	100	551	#
390	3.9992	54	92	551	#
391	3.59928	54	96	551	#
392	3.23935	54	100	551	#
393	3.9992	58	96	551	#
394	3.59928	58	100	551	#
395	3.9992	62	100	551	#
396	11.096	289	320	552	#
397	7.48983	289	324	552	#
398	6.74084	289	328	552	#
399	6.06676	289	332	552	#
400	8.32203	293	324	552	#
401	7.48983	293	328	552	#
402	6.74084	293	332	552	#
403	8.32203	297	328	552	#
404	7.48983	297	332	552	#
405	8.32203	301	332	552	#
406	7.5099	288	331	553	#
407	5.06918	288	335	553	#
408	4.56226	288	339	553	#
409	4.10604	288	343	553	#
410	5.63242	292	335	553	#
411	5.06918	292	339	553	#
412	4.56226	292	343	553	#
413	5.63242	296	339	553	#
414	5.06918	296	343	553	#
415	5.63242	300	343	553	#
416	5.35031	238	249	554	#
417	3.61146	238	253	554	#
418	3.25031	238	257	554	#
419	2.92528	238	261	554	#
420	4.01273	242	253	554	#
421	3.61146	242	257	554	#
422	3.25031	242	261	554	#
423	4.01273	246	257	554	#
424	3.61146	246	261	554	#
425	4.01273	250	261	554	#
426	3.02363	381	395	555	#
427	2.04095	381	399	555	#
428	1.83686	381	403	555	#
429	1.65317	381	407	555	#
430	2.26772	385	399	555	#
431	2.04095	385	403	555	#
432	1.83686	385	407	555	#
433	2.26772	389	403	555	#
434	2.04095	389	407	555	#
435	2.26772	393	407	555	#
436	4.21225	81	95	556	#
437	2.84327	81	99	556	#
438	2.55894	81	103	556	#
439	2.30305	81	107	556	#
440	3.15919	85	99	556	#
441	2.84327	85	103	556	#
442	2.55894	85	107	556	#
443	3.15919	89	103	556	#
444	2.84327	89	107	556	#
445	3.15919	93	107	556	#
446	10.1032	409	440	557	#
447	6.81965	409	444	557	#
448	6.13769	409	448	557	#
449	5.52392	409	452	557	#
450	7.57739	413	444	557	#
451	6.81965	413	448	557	#
452	6.13769	413	452	557	#
453	7.57739	417	448	557	#
454	6.81965	417	452	557	#
455	7.57739	421	452	557	#
456	7.12764	53	84	558	#
457	4.81116	53	88	558	#
458	4.33004	53	92	558	#
459	3.89704	53	96	558	#
460	5.34573	57	88	558	#
461	4.81116	57	92	558	#
462	4.33004	57	96	558	#
463	5.34573	61	92	558	#
464	4.81116	61	96	558	#
465	5.34573	65	96	558	#
466	5.49023	387	424	559	#
467	3.7059	387	428	559	#
468	3.33531	387	432	559	#
469	3.00178	387	436	559	#
470	4.11767	391	428	559	#
471	3.7059	391	432	559	#
472	3.33531	391	436	559	#
473	4.11767	395	432	559	#
474	3.7059	395	436	559	#
475	4.11767	399	436	559	#
476	5.23869	63	73	560	#
477	3.53612	63	77	560	#
478	3.18251	63	81	560	#
479	2.86426	63	85	560	#
480	3.92902	67	77	560	#
481	3.53612	67	81	560	#
482	3.18251	67	85	560	#
483	3.92902	71	81	560	#
484	3.53612	71	85	560	#
485	3.92902	75	85	560	#
486	4.35969	303	340	561	#
487	2.94279	303	344	561	#
488	2.64851	303	348	561	#
489	2.38366	303	352	561	#
490	3.26977	307	344	561	#
491	2.94279	307	348	561	#
492	2.64851	307	352	561	#
493	3.26977	311	348	561	#
494	2.94279	311	352	561	#
495	3.26977	315	352	561	#
496	7.04574	126	164	562	#
497	4.75587	126	168	562	#
498	4.28029	126	172	562	#
499	3.85226	126	176	562	#
500	5.2843	130	168	562	#
501	4.75587	130	172	562	#
502	4.28029	130	176	562	#
503	5.2843	134	172	562	#
504	4.75587	134	176	562	#
505	5.2843	138	176	562	#
506	3.15379	290	301	563	#
507	2.12881	290	305	563	#
508	1.91593	290	309	563	#
509	1.72433	290	313	563	#
510	2.36534	294	305	563	#
511	2.12881	294	309	563	#
512	1.91593	294	313	563	#
513	2.36534	298	309	563	#
514	2.12881	298	313	563	#
515	2.36534	302	313	563	#
516	8.41045	428	470	564	#
517	5.67705	428	474	564	#
518	5.10935	428	478	564	#
519	4.59841	428	482	564	#
520	6.30783	432	474	564	#
521	5.67705	432	478	564	#
522	5.10935	432	482	564	#
523	6.30783	436	478	564	#
524	5.67705	436	482	564	#
525	6.30783	440	482	564	#
526	3.56782	18	29	565	#
527	2.40828	18	33	565	#
528	2.16745	18	37	565	#
529	1.9507	18	41	565	#
530	2.67586	22	33	565	#
531	2.40828	22	37	565	#
532	2.16745	22	41	565	#
533	2.67586	26	37	565	#
534	2.40828	26	41	565	#
535	2.67586	30	41	565	#
536	5.22841	0	33	566	#
537	3.52917	0	37	566	#
538	3.17626	0	41	566	#
539	2.85863	0	45	566	#
540	3.9213	4	37	566	#
541	3.52917	4	41	566	#
542	3.17626	4	45	566	#
543	3.9213	8	41	566	#
544	3.52917	8	45	566	#
545	3.9213	12	45	566	#
546	2.38451	477	491	567	#
547	1.60955	477	495	567	#
548	1.44859	477	499	567	#
549	1.30373	477	503	567	#
550	1.78838	481	495	567	#
551	1.60955	481	499	567	#
552	1.44859	481	503	567	#
553	1.78838	485	499	567	#
554	1.60955	485	503	567	#
555	1.78838	489	503	567	#
556	3.98101	330	368	568	#
557	2.68718	330	372	568	#
558	2.41847	330	376	568	#
559	2.17662	330	380	568	#
560	2.98576	334	372	568	#
561	2.68718	334	376	568	#
562	2.41847	334	380	568	#
563	2.98576	338	376	568	#
564	2.68718	338	380	568	#
565	2.98576	342	380	568	#
566	6.34456	85	99	569	#
567	4.28258	85	103	569	#
568	3.85432	85	107	569	#
569	3.46889	85	111	569	#
570	4.75842	89	103	569	#
571	4.28258	89	107	569	#
572	3.85432	89	111	569	#
573	4.75842	93	107	569	#
574	4.28258	93	111	569	#
575	4.75842	97	111	569	#
576	4.3921	455	465	570	#
577	2.96467	455	469	570	#
578	2.6682	455	473	570	#
579	2.40138	455	477	570	#
580	3.29407	459	469	570	#
581	2.96467	459	473	570	#
582	2.6682	459	477	570	#
583	3.29407	463	473	570	#
584	2.96467	463	477	570	#
585	3.29407	467	477	570	#
586	5.29395	267	277	571	#
587	3.57341	267	281	571	#
588	3.21607	267	285	571	#
589	2.89447	267	289	571	#
590	3.97046	271	281	571	#
591	3.57341	271	285	571	#
592	3.21607	271	289	571	#
593	3.97046	275	285	571	#
594	3.57341	275	289	571	#
595	3.97046	279	289	571	#
596	8.3378	292	335	572	#
597	5.62801	292	339	572	#
598	5.06521	292	343	572	#
599	4.55869	292	347	572	#
600	6.25335	296	339	572	#
601	5.62801	296	343	572	#
602	5.06521	296	347	572	#
603	6.25335	300	343	572	#
604	5.62801	300	347	572	#
605	6.25335	304	347	572	#
606	7.64333	431	468	573	#
607	5.15925	431	472	573	#
608	4.64333	431	476	573	#
609	4.17899	431	480	573	#
610	5.7325	435	472	573	#
611	5.15925	435	476	573	#
612	4.64333	435	480	573	#
613	5.7325	439	476	573	#
614	5.15925	439	480	573	#
615	5.7325	443	480	573	#
616	12.9925	29	60	574	#
617	8.76994	29	64	574	#
618	7.89295	29	68	574	#
619	7.10365	29	72	574	#
620	9.74438	33	64	574	#
621	8.76994	33	68	574	#
622	7.89295	33	72	574	#
623	9.74438	37	68	574	#
624	8.76994	37	72	574	#
625	9.74438	41	72	574	#
626	4.04806	213	227	575	#
627	2.73244	213	231	575	#
628	2.4592	213	235	575	#
629	2.21328	213	239	575	#
630	3.03604	217	231	575	#
631	2.73244	217	235	575	#
632	2.4592	217	239	575	#
633	3.03604	221	235	575	#
634	2.73244	221	239	575	#
635	3.03604	225	239	575	#
636	5.90057	228	270	576	#
637	3.98289	228	274	576	#
638	3.5846	228	278	576	#
639	3.22614	228	282	576	#
640	4.42543	232	274	576	#
641	3.98289	232	278	576	#
642	3.5846	232	282	576	#
643	4.42543	236	278	576	#
644	3.98289	236	282	576	#
645	4.42543	240	282	576	#
646	3.37233	123	133	577	#
647	2.27632	123	137	577	#
648	2.04869	123	141	577	#
649	1.84382	123	145	577	#
650	2.52925	127	137	577	#
651	2.27632	127	141	577	#
652	2.04869	127	145	577	#
653	2.52925	131	141	577	#
654	2.27632	131	145	577	#
655	2.52925	135	145	577	#
656	5.61211	336	378	578	#
657	3.78817	336	382	578	#
658	3.40935	336	386	578	#
659	3.06842	336	390	578	#
660	4.20908	340	382	578	#
661	3.78817	340	386	578	#
662	3.40935	340	390	578	#
663	4.20908	344	386	578	#
664	3.78817	344	390	578	#
665	4.20908	348	390	578	#
666	3.27372	295	305	579	#
667	2.20976	295	309	579	#
668	1.98879	295	313	579	#
669	1.78991	295	317	579	#
670	2.45529	299	309	579	#
671	2.20976	299	313	579	#
672	1.98879	299	317	579	#
673	2.45529	303	313	579	#
674	2.20976	303	317	579	#
675	2.45529	307	317	579	#
676	2.47978	153	166	580	#
677	1.67385	153	170	580	#
678	1.50647	153	174	580	#
679	1.35582	153	178	580	#
680	1.85984	157	170	580	#
681	1.67385	157	174	580	#
682	1.50647	157	178	580	#
683	1.85984	161	174	580	#
684	1.67385	161	178	580	#
685	1.85984	165	178	580	#
686	4.90408	298	309	581	#
687	3.31025	298	313	581	#
688	2.97923	298	317	581	#
689	2.68131	298	321	581	#
690	3.67806	302	313	581	#
691	3.31025	302	317	581	#
692	2.97923	302	321	581	#
693	3.67806	306	317	581	#
694	3.31025	306	321	581	#
695	3.67806	310	321	581	#
696	7.59975	44	86	582	#
697	5.12983	44	90	582	#
698	4.61685	44	94	582	#
699	4.15517	44	98	582	#
700	5.69982	48	90	582	#
701	5.12983	48	94	582	#
702	4.61685	48	98	582	#
703	5.69982	52	94	582	#
704	5.12983	52	98	582	#
705	5.69982	56	98	582	#
706	4.68048	168	210	583	#
707	3.15932	168	214	583	#
708	2.84339	168	218	583	#
709	2.55905	168	222	583	#
710	3.51036	172	214	583	#
711	3.15932	172	218	583	#
712	2.84339	172	222	583	#
713	3.51036	176	218	583	#
714	3.15932	176	222	583	#
715	3.51036	180	222	583	#
716	6.53305	56	99	584	#
717	4.40981	56	103	584	#
718	3.96883	56	107	584	#
719	3.57195	56	111	584	#
720	4.89979	60	103	584	#
721	4.40981	60	107	584	#
722	3.96883	60	111	584	#
723	4.89979	64	107	584	#
724	4.40981	64	111	584	#
725	4.89979	68	111	584	#
726	7.00382	80	122	585	#
727	4.72758	80	126	585	#
728	4.25482	80	130	585	#
729	3.82934	80	134	585	#
730	5.25286	84	126	585	#
731	4.72758	84	130	585	#
732	4.25482	84	134	585	#
733	5.25286	88	130	585	#
734	4.72758	88	134	585	#
735	5.25286	92	134	585	#
736	5.73937	92	135	586	#
737	3.87407	92	139	586	#
738	3.48667	92	143	586	#
739	3.138	92	147	586	#
740	4.30453	96	139	586	#
741	3.87407	96	143	586	#
742	3.48667	96	147	586	#
743	4.30453	100	143	586	#
744	3.87407	100	147	586	#
745	4.30453	104	147	586	#
746	5.26371	367	377	587	#
747	3.553	367	381	587	#
748	3.1977	367	385	587	#
749	2.87793	367	389	587	#
750	3.94778	371	381	587	#
751	3.553	371	385	587	#
752	3.1977	371	389	587	#
753	3.94778	375	385	587	#
754	3.553	375	389	587	#
755	3.94778	379	389	587	#
756	4.72803	199	209	588	#
757	3.19142	199	213	588	#
758	2.87228	199	217	588	#
759	2.58505	199	221	588	#
760	3.54602	203	213	588	#
761	3.19142	203	217	588	#
762	2.87228	203	221	588	#
763	3.54602	207	217	588	#
764	3.19142	207	221	588	#
765	3.54602	211	221	588	#
766	2.66189	337	350	589	#
767	1.79678	337	354	589	#
768	1.6171	337	358	589	#
769	1.45539	337	362	589	#
770	1.99642	341	354	589	#
771	1.79678	341	358	589	#
772	1.6171	341	362	589	#
773	1.99642	345	358	589	#
774	1.79678	345	362	589	#
775	1.99642	349	362	589	#
776	5.89519	454	465	590	#
777	3.97925	454	469	590	#
778	3.58133	454	473	590	#
779	3.22319	454	477	590	#
780	4.42139	458	469	590	#
781	3.97925	458	473	590	#
782	3.58133	458	477	590	#
783	4.42139	462	473	590	#
784	3.97925	462	477	590	#
785	4.42139	466	477	590	#
786	3.15228	204	247	591	#
787	2.12779	204	251	591	#
788	1.91501	204	255	591	#
789	1.72351	204	259	591	#
790	2.36421	208	251	591	#
791	2.12779	208	255	591	#
792	1.91501	208	259	591	#
793	2.36421	212	255	591	#
794	2.12779	212	259	591	#
795	2.36421	216	259	591	#
796	5.82914	353	384	592	#
797	3.93467	353	388	592	#
798	3.5412	353	392	592	#
799	3.18708	353	396	592	#
800	4.37185	357	388	592	#
801	3.93467	357	392	592	#
802	3.5412	357	396	592	#
803	4.37185	361	392	592	#
804	3.93467	361	396	592	#
805	4.37185	365	396	592	#
806	9.54719	209	240	593	#
807	6.44436	209	244	593	#
808	5.79992	209	248	593	#
809	5.21993	209	252	593	#
810	7.16039	213	244	593	#
811	6.44436	213	248	593	#
812	5.79992	213	252	593	#
813	7.16039	217	248	593	#
814	6.44436	217	252	593	#
815	7.16039	221	252	593	#
816	7.49904	450	488	594	#
817	5.06185	450	492	594	#
818	4.55567	450	496	594	#
819	4.1001	450	500	594	#
820	5.62428	454	492	594	#
821	5.06185	454	496	594	#
822	4.55567	454	500	594	#
823	5.62428	458	496	594	#
824	5.06185	458	500	594	#
825	5.62428	462	500	594	#
826	7.18538	126	164	595	#
827	4.85013	126	168	595	#
828	4.36512	126	172	595	#
829	3.92861	126	176	595	#
830	5.38903	130	168	595	#
831	4.85013	130	172	595	#
832	4.36512	130	176	595	#
833	5.38903	134	172	595	#
834	4.85013	134	176	595	#
835	5.38903	138	176	595	#
836	2.46754	22	33	596	#
837	1.66559	22	37	596	#
838	1.49903	22	41	596	#
839	1.34913	22	45	596	#
840	1.85066	26	37	596	#
841	1.66559	26	41	596	#
842	1.49903	26	45	596	#
843	1.85066	30	41	596	#
844	1.66559	30	45	596	#
845	1.85066	34	45	596	#
846	8.57102	351	388	597	#
847	5.78544	351	392	597	#
848	5.2069	351	396	597	#
849	4.68621	351	400	597	#
850	6.42827	355	392	597	#
851	5.78544	355	396	597	#
852	5.2069	355	400	597	#
853	6.42827	359	396	597	#
854	5.78544	359	400	597	#
855	6.42827	363	400	597	#
856	5.52134	186	197	598	#
857	3.72691	186	201	598	#
858	3.35422	186	205	598	#
859	3.01879	186	209	598	#
860	4.14101	190	201	598	#
861	3.72691	190	205	598	#
862	3.35422	190	209	598	#
863	4.14101	194	205	598	#
864	3.72691	194	209	598	#
865	4.14101	198	209	598	#
866	5.81273	91	101	599	#
867	3.92359	91	105	599	#
868	3.53124	91	109	599	#
869	3.17811	91	113	599	#
870	4.35955	95	105	599	#
871	3.92359	95	109	599	#
872	3.53124	95	113	599	#
873	4.35955	99	109	599	#
874	3.92359	99	113	599	#
875	4.35955	103	113	599	#
876	4.85669	363	373	600	#
877	3.27826	363	377	600	#
878	2.95044	363	381	600	#
879	2.65539	363	385	600	#
880	3.64251	367	377	600	#
881	3.27826	367	381	600	#
882	2.95044	367	385	600	#
883	3.64251	371	381	600	#
884	3.27826	371	385	600	#
885	3.64251	375	385	600	#
886	6.57487	277	291	601	#
887	4.43804	277	295	601	#
888	3.99423	277	299	601	#
889	3.59481	277	303	601	#
890	4.93115	281	295	601	#
891	4.43804	281	299	601	#
892	3.99423	281	303	601	#
893	4.93115	285	299	601	#
894	4.43804	285	303	601	#
895	4.93115	289	303	601	#
896	3.75806	98	136	602	#
897	2.53669	98	140	602	#
898	2.28302	98	144	602	#
899	2.05472	98	148	602	#
900	2.81854	102	140	602	#
901	2.53669	102	144	602	#
902	2.28302	102	148	602	#
903	2.81854	106	144	602	#
904	2.53669	106	148	602	#
905	2.81854	110	148	602	#
906	3.64871	110	121	603	#
907	2.46288	110	125	603	#
908	2.21659	110	129	603	#
909	1.99493	110	133	603	#
910	2.73653	114	125	603	#
911	2.46288	114	129	603	#
912	2.21659	114	133	603	#
913	2.73653	118	129	603	#
914	2.46288	118	133	603	#
915	2.73653	122	133	603	#
916	4.36613	220	263	604	#
917	2.94713	220	267	604	#
918	2.65242	220	271	604	#
919	2.38718	220	275	604	#
920	3.27459	224	267	604	#
921	2.94713	224	271	604	#
922	2.65242	224	275	604	#
923	3.27459	228	271	604	#
924	2.94713	228	275	604	#
925	3.27459	232	275	604	#
926	7.26837	116	158	605	#
927	4.90615	116	162	605	#
928	4.41553	116	166	605	#
929	3.97398	116	170	605	#
930	5.45127	120	162	605	#
931	4.90615	120	166	605	#
932	4.41553	120	170	605	#
933	5.45127	124	166	605	#
934	4.90615	124	170	605	#
935	5.45127	128	170	605	#
936	3.66976	377	390	606	#
937	2.47709	377	394	606	#
938	2.22938	377	398	606	#
939	2.00644	377	402	606	#
940	2.75232	381	394	606	#
941	2.47709	381	398	606	#
942	2.22938	381	402	606	#
943	2.75232	385	398	606	#
944	2.47709	385	402	606	#
945	2.75232	389	402	606	#
946	6.41973	146	184	607	#
947	4.33332	146	188	607	#
948	3.89999	146	192	607	#
949	3.50999	146	196	607	#
950	4.8148	150	188	607	#
951	4.33332	150	192	607	#
952	3.89999	150	196	607	#
953	4.8148	154	192	607	#
954	4.33332	154	196	607	#
955	4.8148	158	196	607	#
956	7.32148	18	56	608	#
957	4.942	18	60	608	#
958	4.4478	18	64	608	#
959	4.00302	18	68	608	#
960	5.49111	22	60	608	#
961	4.942	22	64	608	#
962	4.4478	22	68	608	#
963	5.49111	26	64	608	#
964	4.942	26	68	608	#
965	5.49111	30	68	608	#
966	5.75461	383	420	609	#
967	3.88436	383	424	609	#
968	3.49593	383	428	609	#
969	3.14633	383	432	609	#
970	4.31596	387	424	609	#
971	3.88436	387	428	609	#
972	3.49593	387	432	609	#
973	4.31596	391	428	609	#
974	3.88436	391	432	609	#
975	4.31596	395	432	609	#
976	3.19696	183	220	610	#
977	2.15795	183	224	610	#
978	1.94215	183	228	610	#
979	1.74794	183	232	610	#
980	2.39772	187	224	610	#
981	2.15795	187	228	610	#
982	1.94215	187	232	610	#
983	2.39772	191	228	610	#
984	2.15795	191	232	610	#
985	2.39772	195	232	610	#
986	6.08872	419	429	611	#
987	4.10989	419	433	611	#
988	3.6989	419	437	611	#
989	3.32901	419	441	611	#
990	4.56654	423	433	611	#
991	4.10989	423	437	611	#
992	3.6989	423	441	611	#
993	4.56654	427	437	611	#
994	4.10989	427	441	611	#
995	4.56654	431	441	611	#
996	3.7419	378	416	612	#
997	2.52578	378	420	612	#
998	2.2732	378	424	612	#
999	2.04588	378	428	612	#
1000	2.80642	382	420	612	#
1001	2.52578	382	424	612	#
1002	2.2732	382	428	612	#
1003	2.80642	386	424	612	#
1004	2.52578	386	428	612	#
1005	2.80642	390	428	612	#
