%% File generated by CATS v.2.1Thu May  9 12:50:05 2024

%% The CATS webpage is http://robotics.stanford.edu/CATS

%% PARAMETER SETTINGS:
% Goods: 512; Bids: 1000; Distribution: paths; Runs: 1; Seed: 85
% Paths Distribution Parameters:
% Initial connections:       = 2
% Edge density:              = 3.000000
% Shipping cost factor:      = 1.500000
% Max bid set size:          = 5
% Building penalty:          = 1.700000



goods 512
bids 1001
dummy 426

0	0.563589	11	74	102	103	107	112	113	169	365	512	#
1	0.563589	11	74	102	103	106	112	113	137	169	365	512	#
2	0.563589	10	11	74	102	103	107	112	113	119	148	169	512	#
3	0.563589	10	11	74	102	103	107	112	113	119	147	158	169	512	#
4	0.568317	48	109	126	136	435	513	#
5	0.568317	120	125	336	513	#
6	1.01195	28	66	86	135	171	205	206	403	514	#
7	1.01195	28	85	86	135	138	232	343	352	491	514	#
8	1.01195	28	66	85	86	135	205	206	236	403	514	#
9	1.01195	28	85	86	116	135	138	248	343	447	491	514	#
10	1.01195	28	29	159	343	386	445	514	#
11	0.424188	12	13	25	32	86	171	205	206	515	#
12	0.424188	4	5	12	13	32	86	171	205	206	515	#
13	0.424188	12	13	25	32	85	86	205	206	236	515	#
14	0.424188	4	5	12	13	32	85	86	205	206	236	515	#
15	0.259435	379	516	#
16	0.259435	149	150	235	516	#
17	0.259435	149	150	234	247	516	#
18	0.768932	40	90	208	281	385	517	#
19	0.768932	40	77	78	90	281	385	517	#
20	0.768932	40	90	91	208	220	385	517	#
21	0.768932	40	77	78	90	91	220	385	517	#
22	0.768932	28	29	31	90	91	402	517	#
23	0.840989	21	67	138	237	248	343	492	518	#
24	0.840989	21	22	66	138	237	248	343	492	518	#
25	0.892879	161	162	217	231	475	519	#
26	0.892879	161	162	163	164	231	475	519	#
27	0.892879	53	229	450	459	504	519	#
28	0.892879	54	230	450	459	504	519	#
29	0.892879	115	144	217	231	338	446	519	#
30	0.334014	38	154	394	520	#
31	0.334014	63	155	394	520	#
32	0.334014	37	63	154	394	520	#
33	0.334014	37	38	155	394	520	#
34	0.738226	157	200	432	#
35	1.23741	121	202	392	510	521	#
36	1.23741	85	86	121	142	202	392	491	521	#
37	1.23741	85	86	121	141	175	202	392	491	521	#
38	1.23741	85	86	121	141	202	232	233	392	491	521	#
39	1.23741	121	200	255	392	510	521	#
40	0.237449	132	203	241	243	522	#
41	0.237449	132	203	227	228	241	522	#
42	0.468596	118	220	256	272	523	#
43	0.468596	117	220	225	256	272	523	#
44	0.468596	118	220	224	242	272	523	#
45	0.468596	44	45	118	168	208	220	256	523	#
46	0.468596	44	45	77	78	118	168	220	256	523	#
47	0.920819	7	18	31	167	305	373	524	#
48	0.920819	18	31	160	167	240	305	373	524	#
49	0.920819	6	170	184	205	206	458	524	#
50	0.920819	6	24	124	170	318	319	478	524	#
51	0.920819	7	19	31	167	259	305	373	524	#
52	1.05119	99	117	417	525	#
53	1.05119	98	168	489	525	#
54	1.05119	94	98	111	131	168	393	525	#
55	1.05119	35	99	168	214	262	411	525	#
56	1.05119	94	95	98	111	130	168	393	525	#
57	0.729348	79	80	184	247	261	526	#
58	0.729348	47	48	79	80	184	261	526	#
59	0.803531	66	403	527	#
60	0.803531	33	34	329	384	527	#
61	0.803531	22	67	403	527	#
62	0.803531	21	47	67	136	277	329	527	#
63	0.803531	21	22	47	66	136	277	329	527	#
64	0.623681	7	17	30	31	210	398	528	#
65	0.623681	30	31	160	345	528	#
66	0.623681	17	30	31	160	210	240	398	528	#
67	0.623681	6	17	86	170	171	210	398	528	#
68	0.623681	6	17	85	86	170	210	236	398	528	#
69	1.04735	102	156	185	257	396	400	529	#
70	1.04735	105	156	157	185	191	316	396	494	529	#
71	1.04735	105	156	157	185	190	257	316	396	494	529	#
72	1.04735	102	156	185	190	191	396	400	529	#
73	1.04735	72	102	156	186	257	396	400	529	#
74	0.698598	45	183	189	504	#
75	0.654578	89	344	#
76	0.820212	166	167	259	448	530	#
77	0.820212	18	19	166	167	448	530	#
78	0.820212	18	20	81	166	167	448	530	#
79	0.820212	188	199	200	250	432	530	#
80	0.820212	187	194	199	200	250	432	530	#
81	0.689692	55	56	88	120	336	531	#
82	0.689692	55	56	88	201	336	461	531	#
83	0.689692	14	15	41	42	89	454	531	#
84	0.689692	26	27	55	56	88	336	461	531	#
85	0.732738	138	248	343	492	532	#
86	0.732738	139	159	248	343	492	532	#
87	0.732738	10	138	248	343	426	532	#
88	0.732738	33	34	139	248	253	492	532	#
89	0.732738	33	34	138	248	254	492	532	#
90	0.600725	42	183	211	454	#
91	0.649505	131	258	259	430	533	#
92	0.649505	18	19	131	258	430	533	#
93	0.649505	95	130	258	259	430	533	#
94	0.649505	94	131	221	259	430	533	#
95	0.649505	18	19	95	130	258	430	533	#
96	1.05747	185	191	210	246	328	396	534	#
97	1.05747	185	190	210	246	257	328	396	534	#
98	1.05747	169	185	191	210	245	328	396	534	#
99	1.05747	72	186	191	210	246	328	396	534	#
100	1.05747	83	84	148	246	293	449	534	#
101	0.399826	97	102	108	156	358	#
102	0.972151	73	185	187	250	325	535	#
103	0.972151	140	186	187	250	325	535	#
104	0.972151	72	140	185	187	250	325	535	#
105	0.972151	73	122	123	185	187	325	535	#
106	0.972151	122	123	140	186	187	325	535	#
107	1.14888	29	39	100	128	401	536	#
108	1.14888	28	29	40	100	401	536	#
109	1.14888	30	39	100	128	135	401	536	#
110	1.14888	28	30	40	100	135	401	536	#
111	1.14888	11	100	106	365	378	536	#
112	0.926143	428	508	537	#
113	0.926143	145	146	508	537	#
114	0.926143	139	197	253	283	310	428	537	#
115	0.926143	198	254	283	310	428	537	#
116	0.926143	138	197	254	283	310	428	537	#
117	1.13649	48	88	136	382	435	538	#
118	1.13649	114	247	435	487	538	#
119	1.13649	92	149	299	360	538	#
120	1.13649	47	88	136	247	382	435	538	#
121	0.202111	161	162	217	231	539	#
122	0.202111	161	162	163	164	231	539	#
123	0.534701	139	149	197	235	253	477	540	#
124	0.534701	149	198	235	254	477	540	#
125	0.534701	138	149	197	235	254	477	540	#
126	0.534701	149	159	198	235	253	477	540	#
127	0.534701	138	149	159	197	235	253	477	540	#
128	0.872181	253	386	445	541	#
129	0.872181	159	254	386	445	541	#
130	0.872181	138	139	254	386	445	541	#
131	0.872181	38	61	116	139	248	253	313	371	445	541	#
132	0.872181	38	61	116	138	248	254	313	371	445	541	#
133	0.162194	33	139	253	542	#
134	0.162194	33	138	254	542	#
135	0.162194	33	138	159	253	542	#
136	0.162194	33	139	159	254	542	#
137	0.836976	70	82	93	126	210	398	505	543	#
138	0.836976	16	17	70	71	82	93	126	210	398	543	#
139	0.836976	70	82	92	109	126	210	398	505	543	#
140	0.836976	16	17	70	71	82	92	109	126	210	398	543	#
141	0.836976	6	109	126	170	205	353	543	#
142	0.644071	33	34	49	67	408	544	#
143	0.644071	22	33	34	49	66	408	544	#
144	0.644071	49	213	310	408	544	#
145	0.644071	49	50	67	174	219	311	544	#
146	0.644071	22	49	50	66	174	219	311	544	#
147	0.793276	59	60	139	146	199	248	253	310	467	545	#
148	0.793276	59	60	138	146	199	248	254	310	467	545	#
149	0.793276	59	60	138	146	159	199	248	253	310	467	545	#
150	0.793276	59	60	67	138	146	199	213	248	343	467	545	#
151	0.793276	22	59	60	66	138	146	199	213	248	343	467	545	#
152	0.648605	113	144	227	241	245	442	546	#
153	0.648605	132	158	246	455	546	#
154	0.648605	132	158	169	245	455	546	#
155	0.648605	148	227	241	246	397	485	546	#
156	0.648605	147	158	227	241	246	397	485	546	#
157	0.645231	24	182	333	547	#
158	0.645231	24	231	319	446	547	#
159	0.645231	24	181	216	333	547	#
160	0.645231	9	24	182	363	377	547	#
161	0.645231	9	24	181	216	363	377	547	#
162	1.23862	6	24	122	170	182	327	478	548	#
163	1.23862	6	24	122	170	181	216	327	478	548	#
164	1.23862	7	31	167	259	305	448	548	#
165	1.23862	7	18	19	31	167	305	448	548	#
166	1.23862	7	29	31	188	250	497	548	#
167	0.720808	51	511	#
168	0.532736	4	52	381	#
169	1.08128	44	118	168	361	435	549	#
170	1.08128	44	117	168	225	361	435	549	#
171	1.08128	44	92	118	149	168	235	299	361	549	#
172	1.08128	44	92	117	149	168	225	235	299	361	549	#
173	1.08128	44	93	109	118	149	168	235	299	361	549	#
174	1.02109	77	176	220	278	339	550	#
175	1.02109	2	65	77	90	94	281	466	550	#
176	1.02109	2	64	77	90	258	281	466	550	#
177	1.02109	2	65	77	90	91	94	220	466	550	#
178	1.02109	77	152	177	220	278	339	550	#
179	0.891368	86	135	171	180	205	353	551	#
180	0.891368	85	86	135	180	205	236	353	551	#
181	0.891368	29	30	86	171	180	205	353	551	#
182	0.891368	29	30	85	86	180	205	236	353	551	#
183	0.891368	7	29	31	70	82	92	180	210	398	505	551	#
184	0.475771	139	197	223	253	477	552	#
185	0.475771	198	223	254	477	552	#
186	0.475771	138	197	223	254	477	552	#
187	0.475771	159	198	223	253	477	552	#
188	0.475771	138	159	197	223	253	477	552	#
189	0.999104	96	179	326	553	#
190	0.999104	96	115	474	553	#
191	0.999104	96	114	179	474	553	#
192	0.999104	35	36	179	326	553	#
193	0.999104	96	161	162	357	475	553	#
194	0.860062	66	148	169	311	449	554	#
195	0.860062	66	147	158	169	311	449	554	#
196	0.860062	66	116	138	169	212	248	343	484	554	#
197	0.860062	66	116	139	159	169	212	248	343	484	554	#
198	0.860062	61	62	66	116	138	169	248	343	484	554	#
199	0.436039	61	116	139	146	248	253	310	555	#
200	0.436039	61	116	138	146	248	254	310	555	#
201	0.436039	61	116	138	146	159	248	253	310	555	#
202	0.436039	61	67	116	138	146	213	248	343	555	#
203	0.436039	22	61	66	116	138	146	213	248	343	555	#
204	0.102686	29	180	#
205	0.856281	41	55	56	120	174	321	556	#
206	0.856281	50	219	276	556	#
207	0.856281	27	164	174	341	414	556	#
208	0.856281	120	125	174	423	556	#
209	0.856281	27	161	164	174	231	414	444	556	#
210	0.54272	17	154	210	274	557	#
211	0.54272	17	37	155	210	274	557	#
212	0.96918	1	36	76	97	102	156	176	239	275	358	374	558	#
213	0.96918	1	35	76	96	97	102	156	176	239	275	358	374	558	#
214	0.96918	97	102	103	112	113	156	169	288	365	558	#
215	0.96918	0	36	76	97	102	156	176	238	239	275	358	374	558	#
216	0.96918	1	36	76	97	102	152	156	177	239	275	358	374	558	#
217	0.585106	170	171	456	559	#
218	0.585106	85	170	236	456	559	#
219	0.733041	10	11	107	119	147	304	395	560	#
220	0.733041	10	11	106	119	137	147	304	395	560	#
221	0.733041	11	107	158	304	365	395	560	#
222	0.733041	10	11	119	123	147	188	395	495	560	#
223	0.733041	10	11	119	123	147	173	297	395	560	#
224	0.511117	41	56	211	310	428	561	#
225	0.511117	41	56	145	146	211	310	561	#
226	0.511117	33	34	41	56	422	561	#
227	0.511117	55	146	310	320	561	#
228	0.511117	41	42	43	56	237	310	405	561	#
229	1.03831	68	73	194	325	396	562	#
230	1.03831	68	72	140	194	325	396	562	#
231	1.03831	68	73	187	188	325	396	562	#
232	1.03831	68	72	140	187	188	325	396	562	#
233	1.03831	59	60	199	238	239	416	562	#
234	1.06446	32	178	416	563	#
235	1.06446	32	68	69	416	563	#
236	1.06446	51	62	162	238	239	334	441	480	563	#
237	1.06446	51	61	162	212	238	239	334	441	480	563	#
238	1.06446	51	61	116	238	239	441	467	480	563	#
239	0.696717	4	19	209	362	501	564	#
240	0.696717	4	18	209	259	362	501	564	#
241	0.696717	4	81	306	362	501	564	#
242	0.696717	4	20	81	209	362	501	564	#
243	0.696717	5	19	25	209	362	501	564	#
244	0.839467	247	464	565	#
245	0.839467	47	48	464	565	#
246	0.839467	234	235	464	565	#
247	0.839467	48	88	89	136	388	565	#
248	0.839467	48	119	147	356	565	#
249	1.12319	75	82	93	267	296	507	566	#
250	1.12319	53	70	189	192	229	351	383	566	#
251	1.12319	54	70	189	192	230	351	383	566	#
252	1.12319	74	82	93	101	267	296	507	566	#
253	1.12319	75	82	93	201	267	367	507	566	#
254	0.78908	4	12	157	186	191	362	494	567	#
255	0.78908	4	12	72	157	185	191	362	494	567	#
256	0.78908	4	12	157	186	190	257	362	494	567	#
257	0.78908	4	12	72	157	185	190	257	362	494	567	#
258	0.78908	4	12	73	140	157	185	191	362	494	567	#
259	0.999369	85	86	94	465	568	#
260	0.999369	85	86	232	258	292	491	568	#
261	0.999369	85	86	94	221	232	292	491	568	#
262	0.999369	85	86	221	258	465	568	#
263	0.999369	142	232	258	292	510	568	#
264	1.01176	117	123	168	187	287	569	#
265	1.01176	117	123	168	188	194	287	569	#
266	1.01176	123	187	225	503	569	#
267	1.01176	225	327	350	569	#
268	1.01176	123	188	194	225	503	569	#
269	0.590137	74	137	197	267	570	#
270	0.590137	74	137	138	198	267	570	#
271	0.590137	75	100	197	267	570	#
272	0.590137	74	137	139	159	198	267	570	#
273	0.590137	137	197	239	248	372	467	570	#
274	0.455997	113	412	#
275	0.472256	59	60	139	248	467	571	#
276	0.472256	59	60	138	159	248	467	571	#
277	0.766139	2	10	11	77	90	106	119	147	196	281	395	572	#
278	0.766139	2	3	10	11	46	77	90	106	119	147	281	395	572	#
279	0.766139	2	10	11	77	90	91	106	119	147	196	220	395	572	#
280	0.562409	46	142	232	317	573	#
281	0.562409	46	141	233	317	573	#
282	0.562409	46	141	175	232	317	573	#
283	0.562409	46	142	175	233	317	573	#
284	0.957953	29	148	169	180	305	397	574	#
285	0.957953	29	147	158	169	180	305	397	574	#
286	0.625206	259	354	575	#
287	0.625206	18	19	354	575	#
288	0.625206	18	20	81	354	575	#
289	0.907515	234	282	576	#
290	0.907515	235	247	282	576	#
291	0.907515	47	48	235	282	576	#
292	0.907515	59	60	62	149	150	162	218	234	255	334	480	576	#
293	0.907515	59	60	62	149	150	162	200	202	218	234	334	480	576	#
294	0.834451	41	76	239	483	577	#
295	0.834451	41	239	330	467	577	#
296	0.834451	41	139	239	248	467	469	577	#
297	0.834451	41	138	159	239	248	467	469	577	#
298	0.834451	41	138	239	248	343	422	467	577	#
299	1.07709	109	118	126	168	361	435	578	#
300	1.07709	92	93	118	126	168	361	435	578	#
301	1.07709	109	117	126	168	225	361	435	578	#
302	1.07709	92	93	117	126	168	225	361	435	578	#
303	1.07709	93	118	126	149	168	235	299	361	578	#
304	0.765381	83	151	177	275	377	472	579	#
305	0.765381	83	176	195	275	377	472	579	#
306	0.765381	83	151	152	176	275	377	472	579	#
307	0.765381	96	231	357	363	377	579	#
308	0.765381	83	152	177	195	275	377	472	579	#
309	0.35883	132	133	241	337	#
310	0.959925	21	34	67	463	580	#
311	0.959925	21	22	34	66	463	580	#
312	0.959925	34	43	67	213	463	580	#
313	0.959925	22	34	43	66	213	463	580	#
314	0.959925	21	67	112	164	198	222	223	231	343	406	580	#
315	1.10329	78	93	453	581	#
316	1.10329	78	92	109	453	581	#
317	1.10329	44	45	92	118	168	361	435	581	#
318	1.10329	77	93	208	453	581	#
319	1.10329	44	45	92	117	168	225	361	435	581	#
320	0.822091	12	13	486	582	#
321	0.822091	266	433	582	#
322	0.822091	32	37	69	266	274	582	#
323	0.822091	13	83	84	174	219	314	582	#
324	0.822091	32	37	68	178	266	274	582	#
325	0.140486	38	154	583	#
326	0.140486	63	155	583	#
327	0.140486	37	63	154	583	#
328	0.140486	37	38	155	583	#
329	0.726724	1	76	102	195	239	358	374	584	#
330	0.726724	1	76	102	151	152	239	358	374	584	#
331	0.726724	1	76	102	151	176	177	239	358	374	584	#
332	0.726724	0	76	102	195	238	239	358	374	584	#
333	0.726724	0	76	102	151	152	238	239	358	374	584	#
334	0.763131	62	179	475	585	#
335	0.763131	61	179	212	475	585	#
336	0.344579	59	121	255	586	#
337	0.344579	59	121	200	202	586	#
338	0.771023	62	132	162	307	371	#
339	0.602818	248	426	587	#
340	0.602818	10	248	492	587	#
341	0.602818	11	74	107	267	587	#
342	0.835814	45	110	116	229	473	504	#
343	0.975143	33	116	139	179	212	248	253	475	588	#
344	0.975143	33	116	138	179	212	248	254	475	588	#
345	0.975143	33	116	138	159	179	212	248	253	475	588	#
346	0.975143	33	116	139	159	179	212	248	254	475	588	#
347	0.975143	33	61	62	116	139	179	248	253	475	588	#
348	0.621964	2	61	214	355	473	#
349	0.930073	245	418	589	#
350	0.930073	169	246	418	589	#
351	0.930073	116	139	212	246	248	253	310	484	589	#
352	0.930073	116	138	212	246	248	254	310	484	589	#
353	0.930073	116	138	159	212	246	248	253	310	484	589	#
354	0.65747	118	168	224	411	#
355	0.0830481	30	31	#
356	0.228423	132	133	192	590	#
357	0.228423	132	133	183	193	590	#
358	1.03441	21	47	136	277	413	591	#
359	1.03441	43	47	136	213	277	413	591	#
360	1.03441	22	86	128	135	171	205	206	403	591	#
361	1.03441	21	48	136	247	277	413	591	#
362	1.03441	22	85	86	128	135	205	206	236	403	591	#
363	0.779316	119	148	169	271	592	#
364	0.779316	119	147	158	169	271	592	#
365	0.919378	115	185	210	309	396	593	#
366	0.919378	37	115	210	274	308	593	#
367	0.919378	114	179	185	210	309	396	593	#
368	0.919378	37	114	179	210	274	308	593	#
369	0.919378	72	115	186	210	309	396	593	#
370	0.51635	10	11	107	119	304	594	#
371	0.51635	10	11	106	119	137	304	594	#
372	0.51635	10	11	119	123	188	495	594	#
373	0.51635	10	11	119	123	173	297	594	#
374	0.51635	10	11	119	123	187	194	495	594	#
375	0.815169	199	200	392	595	#
376	0.815169	199	202	255	392	595	#
377	0.764788	120	132	367	409	596	#
378	0.764788	125	126	132	409	596	#
379	0.764788	41	42	55	56	132	133	193	454	596	#
380	1.1365	82	93	453	597	#
381	1.1365	82	92	109	453	597	#
382	1.1365	5	70	72	210	362	396	424	505	597	#
383	1.1365	12	13	25	32	69	70	210	424	505	597	#
384	1.1365	4	5	12	13	32	69	70	210	424	505	597	#
385	0.610579	118	236	256	272	380	598	#
386	0.610579	85	118	171	256	272	380	598	#
387	0.610579	117	225	236	256	272	380	598	#
388	0.610579	85	117	171	225	256	272	380	598	#
389	0.610579	118	224	236	242	272	380	598	#
390	1.1547	24	172	319	436	478	599	#
391	1.1547	50	155	170	266	297	394	439	599	#
392	1.1547	37	50	154	170	266	297	394	439	599	#
393	1.1547	50	74	107	155	170	172	266	394	439	599	#
394	1.1547	5	54	172	205	206	298	301	599	#
395	0.588798	107	239	372	467	600	#
396	0.588798	106	137	239	372	467	600	#
397	0.588798	11	426	600	#
398	0.588798	74	107	248	267	600	#
399	0.588798	100	101	106	239	372	467	600	#
400	1.07617	30	36	37	260	445	601	#
401	1.07617	36	86	171	205	376	601	#
402	1.07617	85	86	96	161	162	212	357	447	491	601	#
403	1.07617	36	85	86	205	236	376	601	#
404	1.07617	30	35	37	96	260	445	601	#
405	0.748898	157	166	228	247	370	485	602	#
406	0.748898	47	48	157	166	228	370	485	602	#
407	0.854962	83	174	219	364	603	#
408	0.854962	28	29	37	266	445	603	#
409	0.854962	28	30	37	135	266	445	603	#
410	0.854962	29	37	129	180	266	445	603	#
411	0.854962	28	83	84	85	86	135	174	219	232	291	491	603	#
412	1.05005	35	99	474	604	#
413	1.05005	98	410	604	#
414	1.05005	36	96	99	474	604	#
415	1.05005	35	99	114	326	604	#
416	1.05005	35	99	115	179	326	604	#
417	0.996371	50	155	266	394	439	605	#
418	0.996371	37	50	154	266	394	439	605	#
419	0.996371	38	106	154	387	394	605	#
420	0.996371	63	106	155	387	394	605	#
421	0.996371	37	63	106	154	387	394	605	#
422	0.670977	117	168	183	375	606	#
423	0.670977	132	133	193	224	225	307	606	#
424	0.670977	183	225	295	606	#
425	0.670977	117	118	132	133	193	224	307	606	#
426	0.670977	117	118	183	295	606	#
427	0.579046	214	411	607	#
428	0.579046	44	230	504	607	#
429	0.579046	44	214	229	504	607	#
430	0.579046	53	54	411	607	#
431	0.579046	229	230	411	607	#
432	0.540044	132	241	263	608	#
433	0.540044	105	132	157	166	227	241	485	608	#
434	0.540044	105	132	157	166	228	241	243	485	608	#
435	0.540044	18	105	132	157	166	167	241	337	608	#
436	1.04521	41	56	139	172	267	469	609	#
437	1.04521	41	56	138	159	172	267	469	609	#
438	1.04521	41	56	138	172	267	343	422	609	#
439	1.04521	41	56	139	172	211	253	267	310	428	609	#
440	1.04521	41	56	138	172	211	254	267	310	428	609	#
441	0.568323	85	232	291	491	#
442	0.639329	44	147	460	#
443	0.51168	50	83	100	106	174	219	439	#
444	0.202858	485	#
445	1.10591	91	285	457	610	#
446	1.10591	2	90	91	104	105	157	438	610	#
447	1.10591	7	16	17	210	398	402	610	#
448	1.10591	2	90	91	332	366	610	#
449	1.10591	71	91	285	383	610	#
450	1.03034	50	155	170	266	394	439	611	#
451	1.03034	37	50	154	170	266	394	439	611	#
452	1.03034	38	106	154	170	387	394	611	#
453	1.03034	63	106	155	170	387	394	611	#
454	1.03034	37	63	106	154	170	387	394	611	#
455	0.847215	11	169	199	255	365	399	495	612	#
456	0.847215	11	169	199	200	202	365	399	495	612	#
457	0.847215	10	11	119	148	169	199	255	399	495	612	#
458	0.847215	10	11	119	147	158	169	199	255	399	495	612	#
459	0.847215	11	169	173	188	199	255	297	365	399	612	#
460	1.03281	1	76	102	156	176	239	339	358	374	613	#
461	1.03281	0	76	102	156	176	238	239	339	358	374	613	#
462	1.03281	1	76	102	152	156	177	239	339	358	374	613	#
463	1.03281	1	76	102	151	156	177	195	239	339	358	374	613	#
464	1.03281	0	76	102	152	156	177	238	239	339	358	374	613	#
465	0.808081	86	92	171	205	353	614	#
466	0.808081	85	86	92	205	236	353	614	#
467	0.808081	7	30	31	70	82	210	398	505	614	#
468	0.808081	7	16	17	30	31	70	71	82	210	398	614	#
469	0.808081	86	93	109	171	205	353	614	#
470	0.807282	105	157	166	305	615	#
471	0.807282	6	7	31	394	427	615	#
472	0.807282	2	31	90	91	104	402	615	#
473	0.807282	3	29	104	506	615	#
474	0.807282	6	31	160	240	394	427	615	#
475	0.229419	132	133	193	241	#
476	0.946603	9	83	118	168	350	377	472	616	#
477	0.946603	44	45	110	174	451	472	616	#
478	0.946603	8	83	118	168	207	350	377	472	616	#
479	0.946603	44	45	195	208	220	278	616	#
480	0.946603	9	83	117	168	225	350	377	472	616	#
481	0.766299	132	133	144	193	227	241	338	617	#
482	0.766299	132	133	143	193	241	243	338	617	#
483	0.766299	132	133	143	193	227	228	241	338	617	#
484	0.766299	132	133	144	183	192	227	241	338	617	#
485	0.766299	132	133	144	193	228	241	243	338	617	#
486	0.924348	139	248	253	310	426	428	618	#
487	0.924348	138	248	254	310	426	428	618	#
488	0.924348	138	159	248	253	310	426	428	618	#
489	0.924348	67	138	213	248	343	426	428	618	#
490	0.924348	22	66	138	213	248	343	426	428	618	#
491	0.484774	235	370	619	#
492	0.484774	234	247	370	619	#
493	0.484774	47	48	234	370	619	#
494	0.535838	146	310	320	620	#
495	0.535838	41	55	56	211	310	428	620	#
496	0.535838	41	55	56	145	146	211	310	620	#
497	0.535838	33	34	41	55	56	422	620	#
498	0.535838	139	253	461	507	620	#
499	0.729537	2	214	215	355	421	621	#
500	0.729537	2	54	244	355	421	621	#
501	0.729537	2	53	54	215	355	421	621	#
502	0.729537	2	53	214	244	355	421	621	#
503	0.729537	2	215	229	230	355	421	621	#
504	0.649827	132	242	307	622	#
505	0.649827	132	224	256	307	622	#
506	0.649827	9	203	256	269	350	622	#
507	0.649827	8	203	207	256	269	350	622	#
508	0.649827	203	204	232	380	491	622	#
509	0.424726	225	251	256	500	623	#
510	0.424726	117	118	251	256	500	623	#
511	0.424726	224	225	242	251	500	623	#
512	0.424726	39	225	252	256	500	623	#
513	0.424726	117	118	224	242	251	500	623	#
514	0.650946	84	85	86	232	291	491	#
515	0.580658	5	14	15	88	89	183	329	624	#
516	0.580658	4	14	15	25	88	89	183	329	624	#
517	0.580658	5	14	15	88	89	192	193	329	624	#
518	1.16731	128	497	625	#
519	1.16731	194	256	500	503	625	#
520	1.16731	28	39	40	497	625	#
521	1.16731	118	168	194	256	287	500	625	#
522	1.16731	194	224	242	500	503	625	#
523	0.212218	132	133	193	#
524	0.633076	23	61	63	270	313	371	#
525	0.873074	202	392	626	#
526	0.873074	200	255	392	626	#
527	0.873074	59	60	142	162	212	255	334	447	626	#
528	0.873074	59	60	142	162	200	202	212	334	447	626	#
529	0.873074	59	60	116	142	255	447	467	626	#
530	0.874583	11	49	265	439	627	#
531	0.874583	10	149	347	627	#
532	0.874583	61	116	150	218	426	480	627	#
533	0.874583	51	52	61	116	150	426	480	627	#
534	0.635403	62	63	161	162	231	313	371	628	#
535	0.635403	37	38	62	161	162	231	313	371	628	#
536	0.635403	61	63	161	162	212	231	313	371	628	#
537	0.635403	37	38	61	161	162	212	231	313	371	628	#
538	0.635403	63	217	313	331	371	628	#
539	0.768173	242	251	307	500	629	#
540	0.768173	29	38	128	132	251	313	445	629	#
541	0.768173	29	37	63	128	132	251	313	445	629	#
542	0.768173	39	242	252	307	500	629	#
543	0.768173	30	38	128	132	135	251	313	445	629	#
544	0.846596	41	55	56	152	483	630	#
545	0.846596	41	55	56	151	195	483	630	#
546	0.846596	41	55	56	176	177	483	630	#
547	0.846596	177	275	320	452	630	#
548	0.846596	152	176	275	320	452	630	#
549	1.02127	10	11	119	279	631	#
550	1.02127	31	106	401	631	#
551	1.02127	10	11	31	119	305	397	631	#
552	1.02127	6	7	50	155	266	394	439	631	#
553	1.02127	6	7	37	50	154	266	394	439	631	#
554	1.26341	17	127	209	259	293	354	632	#
555	1.26341	17	18	19	127	209	293	354	632	#
556	1.26341	16	102	156	165	324	632	#
557	1.26341	17	102	156	165	185	210	257	396	400	632	#
558	1.26341	17	105	156	157	165	185	191	210	316	396	494	632	#
559	1.07253	58	69	396	498	633	#
560	1.07253	58	68	178	396	498	633	#
561	1.07253	57	69	134	396	498	633	#
562	1.07253	57	68	134	178	396	498	633	#
563	1.07253	38	57	69	274	348	633	#
564	0.882815	173	187	443	634	#
565	0.882815	77	173	187	431	634	#
566	0.882815	2	10	11	77	90	119	147	196	281	297	395	634	#
567	0.882815	2	10	11	74	77	90	107	119	147	172	196	281	395	634	#
568	0.882815	173	188	194	443	634	#
569	0.412459	38	133	189	192	313	635	#
570	0.412459	37	63	133	189	192	313	635	#
571	1.07486	59	60	238	239	255	416	636	#
572	1.07486	59	60	162	212	255	334	342	473	636	#
573	1.07486	59	60	200	202	238	239	416	636	#
574	1.07486	59	60	162	200	202	212	334	342	473	636	#
575	1.07486	59	60	116	255	342	467	473	636	#
576	0.818362	112	463	637	#
577	0.818362	33	139	164	197	222	223	231	253	406	637	#
578	0.818362	33	164	198	222	223	231	254	406	637	#
579	0.818362	33	138	164	197	222	223	231	254	406	637	#
580	0.818362	33	159	164	198	222	223	231	253	406	637	#
581	0.776428	264	638	#
582	0.776428	98	149	235	477	488	638	#
583	0.776428	48	88	89	136	344	638	#
584	0.776428	98	149	234	247	477	488	638	#
585	0.776428	48	98	136	384	488	638	#
586	0.633188	53	189	192	229	351	639	#
587	0.633188	54	189	192	230	351	639	#
588	0.633188	53	75	189	192	229	301	639	#
589	0.633188	54	189	192	214	229	351	639	#
590	0.633188	54	75	189	192	230	301	639	#
591	1.16157	30	74	137	172	401	640	#
592	1.16157	30	75	100	172	401	640	#
593	1.16157	30	106	297	401	640	#
594	1.16157	24	86	171	172	319	436	478	640	#
595	1.16157	10	11	30	119	297	305	397	640	#
596	0.610981	295	641	#
597	0.610981	132	133	192	224	307	641	#
598	0.205853	500	#
599	0.944797	59	60	200	334	444	642	#
600	0.944797	26	59	60	200	248	467	507	642	#
601	0.944797	27	59	60	200	201	248	467	507	642	#
602	0.944797	59	60	202	255	334	444	642	#
603	0.944797	26	59	60	202	248	255	467	507	642	#
604	0.820558	425	491	#
605	1.02932	59	60	200	334	496	643	#
606	1.02932	59	60	202	255	334	496	643	#
607	1.02932	59	60	62	63	162	200	270	313	334	371	643	#
608	1.02932	23	24	59	60	161	200	319	334	446	643	#
609	1.02932	37	38	59	60	62	162	200	270	313	334	371	643	#
610	0.841142	51	132	241	263	371	480	644	#
611	0.841142	51	61	104	214	355	473	480	644	#
612	0.841142	51	53	54	61	104	355	473	480	644	#
613	0.841142	51	105	132	157	166	227	241	371	480	485	644	#
614	0.841142	51	61	104	229	230	355	473	480	644	#
615	0.0167553	181	#
616	0.950081	73	123	185	187	325	645	#
617	0.950081	123	140	186	187	325	645	#
618	0.950081	72	123	140	185	187	325	645	#
619	0.950081	73	123	185	188	194	325	645	#
620	0.950081	123	140	186	188	194	325	645	#
621	0.696057	73	185	191	470	646	#
622	0.696057	140	186	191	470	646	#
623	0.696057	72	140	185	191	470	646	#
624	0.696057	73	185	190	257	470	646	#
625	0.696057	140	186	190	257	470	646	#
626	0.866381	137	153	237	434	647	#
627	0.866381	21	67	74	137	138	153	237	267	343	647	#
628	0.866381	21	22	66	74	137	138	153	237	267	343	647	#
629	0.866381	106	107	153	237	434	647	#
630	0.866381	100	101	153	237	434	647	#
631	0.547371	9	24	182	377	648	#
632	0.547371	9	24	181	216	377	648	#
633	0.547371	8	24	182	207	377	648	#
634	0.547371	8	24	181	207	216	377	648	#
635	0.418016	161	493	#
636	1.02166	21	34	67	237	463	649	#
637	1.02166	21	22	34	66	237	463	649	#
638	1.02166	34	43	67	213	237	463	649	#
639	1.02166	22	34	43	66	213	237	463	649	#
640	1.02166	21	67	112	164	198	222	223	231	237	343	406	649	#
641	0.545253	50	106	174	219	439	650	#
642	0.545253	50	107	137	174	219	439	650	#
643	0.545253	50	100	101	107	174	219	439	650	#
644	0.612069	4	214	215	298	651	#
645	0.612069	4	54	244	298	651	#
646	0.612069	4	53	54	215	298	651	#
647	0.612069	4	53	214	244	298	651	#
648	0.612069	4	215	229	230	298	651	#
649	0.640001	187	302	652	#
650	0.640001	188	194	302	652	#
651	0.640001	59	60	62	162	188	199	334	480	652	#
652	0.640001	59	60	62	162	187	194	199	334	480	652	#
653	0.640001	59	60	61	162	188	199	212	334	480	652	#
654	0.961852	2	80	90	196	265	280	653	#
655	0.961852	2	61	90	150	214	218	355	473	480	653	#
656	0.961852	2	3	46	80	90	265	280	653	#
657	0.961852	2	51	52	61	90	150	214	355	473	480	653	#
658	0.25598	86	135	171	205	654	#
659	0.25598	85	86	135	205	236	654	#
660	0.25598	29	30	86	171	205	654	#
661	0.25598	29	30	85	86	205	236	654	#
662	0.723603	133	158	193	455	655	#
663	0.723603	133	147	148	193	455	655	#
664	0.723603	133	158	183	192	455	655	#
665	0.723603	183	189	230	246	290	655	#
666	0.723603	183	189	214	229	246	290	655	#
667	0.357139	2	147	196	395	656	#
668	0.357139	2	3	46	147	395	656	#
669	1.21817	17	210	396	498	657	#
670	1.21817	17	38	134	210	274	348	657	#
671	1.21817	17	37	63	134	210	274	348	657	#
672	1.21817	17	38	57	58	210	274	348	657	#
673	1.21817	17	37	57	58	63	210	274	348	657	#
674	1.19629	125	346	658	#
675	1.19629	27	120	125	479	658	#
676	1.19629	93	126	149	179	234	299	487	658	#
677	1.19629	109	126	179	247	435	487	658	#
678	1.19629	26	125	461	479	658	#
679	0.932917	72	315	362	659	#
680	0.932917	73	140	315	362	659	#
681	0.932917	35	262	298	659	#
682	0.932917	185	186	315	362	659	#
683	0.932917	36	96	262	298	659	#
684	0.668931	132	133	193	224	307	660	#
685	0.668931	183	295	660	#
686	0.668931	132	133	183	192	224	307	660	#
687	0.668931	192	193	295	660	#
688	0.668931	9	133	193	203	269	350	660	#
689	0.851804	268	366	661	#
690	0.851804	316	427	661	#
691	0.851804	104	316	366	661	#
692	0.851804	104	268	427	661	#
693	0.851804	155	196	268	335	661	#
694	0.375515	12	13	17	32	69	210	#
695	0.281172	256	500	662	#
696	0.281172	224	242	500	662	#
697	0.959792	39	40	363	364	663	#
698	0.959792	28	128	363	364	663	#
699	0.959792	39	54	217	369	450	663	#
700	0.959792	39	40	161	231	471	663	#
701	0.959792	84	85	86	128	135	232	291	363	491	663	#
702	0.922019	85	114	456	490	664	#
703	0.922019	85	115	179	456	490	664	#
704	0.922019	85	86	115	349	490	664	#
705	0.922019	85	86	114	179	349	490	664	#
706	0.922019	114	171	236	456	490	664	#
707	0.326429	118	256	500	665	#
708	0.326429	117	225	256	500	665	#
709	0.326429	118	224	242	500	665	#
710	0.669599	27	120	164	341	#
711	1.32242	41	58	468	666	#
712	1.32242	41	57	134	468	666	#
713	1.32242	19	41	42	58	87	273	322	666	#
714	1.32242	41	42	132	133	134	193	241	415	454	666	#
715	1.32242	41	42	58	132	133	193	241	322	337	454	666	#
716	0.618711	1	97	102	156	358	374	667	#
717	0.618711	0	97	102	156	238	358	374	667	#
718	1.21311	16	17	134	210	396	498	668	#
719	1.21311	132	133	241	415	457	668	#
720	1.21311	16	17	57	58	210	396	498	668	#
721	1.21311	57	132	133	241	322	337	457	668	#
722	1.21311	16	17	38	210	274	348	668	#
723	1.00828	121	255	509	#
724	0.60523	21	22	407	669	#
725	0.60523	21	67	83	84	127	311	669	#
726	0.60523	21	22	66	83	84	127	311	669	#
727	0.60523	22	43	213	407	669	#
728	0.60523	21	66	67	407	669	#
729	1.07242	18	167	305	322	670	#
730	1.07242	38	57	348	445	670	#
731	1.07242	37	57	63	348	445	670	#
732	1.07242	30	57	85	86	232	286	491	670	#
733	1.07242	19	167	259	305	322	670	#
734	1.02022	19	96	322	323	671	#
735	1.02022	11	58	76	107	176	239	275	284	365	372	671	#
736	1.02022	96	231	340	357	671	#
737	1.02022	11	57	76	107	134	176	239	275	284	365	372	671	#
738	0.657886	117	168	214	411	672	#
739	0.657886	44	117	168	230	504	672	#
740	0.657886	44	117	168	214	229	504	672	#
741	0.657886	53	54	117	168	411	672	#
742	0.657886	117	168	229	230	411	672	#
743	0.434818	118	205	236	256	380	673	#
744	0.434818	85	118	171	205	256	380	673	#
745	0.434818	117	205	225	236	256	380	673	#
746	0.434818	85	117	171	205	225	256	380	673	#
747	0.434818	118	205	224	236	242	380	673	#
748	0.818362	112	463	674	#
749	0.818362	33	139	164	197	222	223	231	253	406	674	#
750	0.818362	33	164	198	222	223	231	254	406	674	#
751	0.818362	33	138	164	197	222	223	231	254	406	674	#
752	0.818362	33	159	164	198	222	223	231	253	406	674	#
753	1.00433	122	146	213	320	429	462	675	#
754	1.00433	41	55	56	122	211	213	428	429	462	675	#
755	1.00433	21	43	122	146	320	429	462	675	#
756	1.00433	95	122	146	213	320	390	429	675	#
757	1.00433	41	55	56	122	145	146	211	213	429	462	675	#
758	0.640789	198	216	283	676	#
759	0.640789	138	197	216	283	676	#
760	0.640789	139	159	197	216	283	676	#
761	0.640789	181	182	198	283	676	#
762	0.640789	138	181	182	197	283	676	#
763	0.975487	255	481	677	#
764	0.975487	200	202	481	677	#
765	0.975487	27	59	60	120	125	334	444	677	#
766	0.975487	59	60	125	248	461	467	507	677	#
767	0.975487	59	60	120	125	201	248	467	507	677	#
768	0.700249	53	120	125	499	678	#
769	0.700249	55	125	215	389	678	#
770	0.700249	54	120	125	214	499	678	#
771	0.657872	14	359	679	#
772	0.657872	14	108	132	133	193	227	241	318	679	#
773	0.657872	49	79	80	108	226	437	679	#
774	0.92969	82	93	120	320	367	452	680	#
775	0.92969	55	82	93	96	120	289	367	680	#
776	0.92969	82	93	125	126	320	452	680	#
777	0.92969	41	55	56	82	93	120	367	420	680	#
778	0.92969	41	55	56	82	93	120	145	211	367	452	680	#
779	0.6863	31	160	167	259	305	681	#
780	0.6863	18	19	31	160	167	305	681	#
781	0.801723	10	11	106	119	147	460	#
782	0.582204	85	118	256	272	380	682	#
783	0.582204	85	117	225	256	272	380	682	#
784	0.582204	85	118	224	242	272	380	682	#
785	0.582204	44	45	85	118	168	208	256	380	682	#
786	0.582204	44	45	77	78	85	118	168	256	380	682	#
787	1.07823	74	109	137	267	296	507	683	#
788	1.07823	74	109	137	201	267	367	507	683	#
789	1.07823	74	92	93	137	267	296	507	683	#
790	1.07823	106	109	276	367	439	683	#
791	1.07823	26	27	74	109	137	267	367	507	683	#
792	0.524229	61	116	138	203	248	343	371	#
793	0.645901	42	454	#
794	0.234205	253	310	684	#
795	0.234205	159	254	310	684	#
796	0.234205	67	159	213	343	684	#
797	0.234205	22	66	159	213	343	684	#
798	0.234205	138	139	254	310	684	#
799	0.781732	157	166	228	370	485	685	#
800	0.781732	157	166	227	243	370	485	685	#
801	0.781732	143	144	157	166	370	485	685	#
802	0.781732	18	157	166	167	243	337	370	685	#
803	0.781732	18	157	166	167	227	228	337	370	685	#
804	0.62516	28	29	166	305	#
805	0.18269	118	168	224	686	#
806	0.18269	117	168	224	225	686	#
807	0.251138	39	86	128	135	171	687	#
808	0.251138	39	85	86	128	135	236	687	#
809	0.251138	28	40	86	135	171	687	#
810	1.02127	6	221	240	303	688	#
811	1.02127	131	258	312	688	#
812	1.02127	95	130	258	312	688	#
813	1.02127	94	131	221	312	688	#
814	1.02127	6	94	240	258	303	688	#
815	0.796974	19	124	140	209	373	501	689	#
816	0.796974	19	72	73	124	209	373	501	689	#
817	0.796974	18	124	140	209	259	373	501	689	#
818	0.796974	81	124	140	306	373	501	689	#
819	0.796974	20	81	124	140	209	373	501	689	#
820	0.648585	28	86	88	89	135	171	205	206	329	690	#
821	0.648585	28	85	86	88	89	135	205	206	236	329	690	#
822	0.648585	39	40	88	89	413	690	#
823	0.648585	28	29	30	86	88	89	171	205	206	329	690	#
824	0.648585	28	88	89	128	413	690	#
825	0.800566	109	142	203	204	232	409	691	#
826	0.800566	109	141	203	204	233	409	691	#
827	0.800566	109	141	175	203	204	232	409	691	#
828	0.800566	92	93	142	203	204	232	409	691	#
829	0.800566	92	93	141	203	204	233	409	691	#
830	0.868883	70	132	133	241	383	692	#
831	0.868883	70	71	132	133	241	457	692	#
832	0.868883	82	93	132	241	409	692	#
833	0.868883	82	92	109	132	241	409	692	#
834	0.868883	82	92	243	370	435	692	#
835	0.770568	41	42	368	693	#
836	0.770568	41	42	142	405	425	693	#
837	0.770568	41	42	87	142	153	425	693	#
838	0.770568	41	42	141	175	405	425	693	#
839	0.770568	41	42	87	141	153	175	425	693	#
840	0.832568	24	147	319	397	485	694	#
841	0.832568	9	24	83	147	182	377	449	694	#
842	0.877311	148	186	191	328	695	#
843	0.877311	72	148	185	191	328	695	#
844	0.877311	147	158	186	191	328	695	#
845	0.877311	72	147	158	185	191	328	695	#
846	0.877311	148	186	190	257	328	695	#
847	0.975	11	191	419	696	#
848	0.975	11	190	257	419	696	#
849	0.975	50	83	84	127	174	186	219	439	501	696	#
850	0.975	50	72	83	84	127	174	185	219	439	501	696	#
851	0.975	11	191	328	365	696	#
852	0.441751	214	262	697	#
853	0.441751	53	54	262	697	#
854	0.441751	229	230	262	697	#
855	0.441751	54	215	244	262	697	#
856	0.441751	161	162	212	357	473	697	#
857	0.507453	21	22	215	229	237	300	698	#
858	0.507453	21	22	214	215	230	237	300	698	#
859	0.963111	11	106	185	191	419	699	#
860	0.963111	11	106	185	190	257	419	699	#
861	0.963111	11	72	106	186	191	419	699	#
862	0.963111	50	72	83	84	106	127	174	219	439	501	699	#
863	0.963111	11	72	106	186	190	257	419	699	#
864	1.15205	4	12	140	194	199	255	325	362	700	#
865	1.15205	4	12	140	194	199	200	202	325	362	700	#
866	1.15205	4	12	72	73	194	199	255	325	362	700	#
867	1.15205	4	12	186	255	257	362	509	700	#
868	1.15205	4	12	72	185	255	257	362	509	700	#
869	1.06024	33	241	404	415	701	#
870	1.06024	33	116	139	215	248	253	473	502	701	#
871	1.06024	33	116	138	215	248	254	473	502	701	#
872	1.06024	33	116	138	159	215	248	253	473	502	701	#
873	1.06024	33	57	139	197	222	223	231	253	340	701	#
874	0.854623	147	279	702	#
875	0.854623	31	147	305	397	702	#
876	1.01901	246	252	378	#
877	0.900034	129	471	703	#
878	0.900034	28	180	471	703	#
879	0.900034	85	86	135	162	180	212	447	491	703	#
880	0.900034	29	38	62	162	180	313	371	445	703	#
881	0.900034	29	37	62	63	162	180	313	371	445	703	#
882	1.12665	27	54	290	499	704	#
883	1.12665	27	53	214	290	499	704	#
884	1.12665	162	246	444	484	704	#
885	1.12665	26	54	201	290	499	704	#
886	1.12665	26	116	212	246	248	484	507	704	#
887	0.693064	61	116	139	203	248	253	371	488	705	#
888	0.693064	61	116	138	203	248	254	371	488	705	#
889	0.693064	61	116	138	159	203	248	253	371	488	705	#
890	0.693064	61	116	139	159	203	248	254	371	488	705	#
891	0.826664	18	93	132	241	337	409	#
892	0.898257	109	132	241	337	409	706	#
893	0.898257	92	93	132	241	337	409	706	#
894	0.898257	70	82	92	132	133	241	337	383	706	#
895	0.898257	243	337	370	435	706	#
896	0.898257	227	228	337	370	435	706	#
897	1.18549	148	423	449	707	#
898	1.18549	147	158	423	449	707	#
899	1.18549	126	158	409	455	707	#
900	1.18549	126	147	148	409	455	707	#
901	1.18549	119	120	125	148	294	707	#
902	0.871599	27	55	71	120	332	391	708	#
903	0.871599	55	70	71	82	93	120	332	367	708	#
904	0.871599	41	42	56	87	154	249	476	708	#
905	0.871599	26	55	71	332	391	461	708	#
906	0.871599	26	55	71	120	201	332	391	708	#
907	0.757821	50	83	84	106	174	219	232	291	439	#
908	0.157698	70	82	92	#
909	0.633425	75	144	436	709	#
910	0.633425	74	101	144	436	709	#
911	0.633425	75	143	228	436	709	#
912	0.633425	74	101	143	228	436	709	#
913	0.633425	74	100	137	144	436	709	#
914	0.868961	124	161	440	493	710	#
915	0.868961	19	124	127	209	373	482	710	#
916	0.753422	133	132	241	227	144	338	711	#
917	0.753422	133	132	241	243	143	338	711	#
918	0.753422	133	132	241	227	228	143	338	711	#
919	0.753422	133	132	241	243	228	144	338	711	#
920	0.419271	105	316	156	97	#
921	0.617572	53	342	178	712	#
922	0.617572	54	214	342	178	712	#
923	0.617572	244	215	342	178	712	#
924	0.617572	54	230	229	342	178	712	#
925	0.617572	53	342	68	69	712	#
926	1.19516	41	42	454	183	189	504	45	713	#
927	1.19516	41	321	174	451	110	713	#
928	1.19516	41	42	454	193	192	189	504	45	713	#
929	1.19516	56	389	215	229	504	45	713	#
930	1.19516	41	330	116	473	229	504	45	713	#
931	1.02367	376	205	171	714	#
932	1.02367	376	205	236	85	714	#
933	1.02367	260	155	394	170	171	714	#
934	1.02367	260	37	154	394	170	171	714	#
935	1.02367	260	155	394	170	236	85	714	#
936	1.01813	60	239	238	416	715	#
937	1.01813	60	334	162	212	473	342	715	#
938	1.01813	60	467	116	473	342	715	#
939	1.01813	60	334	162	62	61	473	342	715	#
940	1.01813	60	334	161	222	421	215	342	715	#
941	0.900101	187	123	327	216	716	#
942	0.900101	194	188	123	327	216	716	#
943	0.900101	187	123	327	182	181	716	#
944	0.900101	187	173	172	436	319	181	716	#
945	0.900101	194	188	123	327	182	181	716	#
946	0.716211	84	127	209	19	322	57	717	#
947	0.716211	84	127	209	259	18	322	57	717	#
948	0.716211	84	127	306	81	322	57	717	#
949	0.716211	84	127	209	20	81	322	57	717	#
950	0.716211	84	127	306	20	19	322	57	717	#
951	0.327336	8	377	83	174	#
952	0.842848	59	60	76	483	718	#
953	0.842848	59	60	467	330	718	#
954	0.842848	59	60	467	248	139	469	718	#
955	0.842848	59	60	467	248	138	159	469	718	#
956	0.842848	59	60	467	248	138	343	422	718	#
957	0.480942	48	136	88	89	15	14	183	189	229	719	#
958	0.480942	48	136	88	89	15	14	183	189	230	214	719	#
959	0.480942	247	47	136	88	89	15	14	183	189	229	719	#
960	0.480942	48	136	88	89	15	14	193	192	189	229	719	#
961	0.480942	247	47	136	88	89	15	14	183	189	230	214	719	#
962	0.585331	216	9	377	83	414	720	#
963	0.585331	216	207	8	377	83	414	720	#
964	0.585331	216	333	164	720	#
965	0.585331	216	9	377	363	164	720	#
966	0.585331	181	182	9	377	83	414	720	#
967	0.961893	151	472	83	84	127	501	186	257	721	#
968	0.961893	151	472	83	84	127	501	72	185	257	721	#
969	0.961893	151	472	83	84	127	501	186	191	190	721	#
970	0.961893	151	472	83	84	127	501	72	185	191	190	721	#
971	0.961893	151	472	83	84	127	501	140	73	185	257	721	#
972	0.595154	241	307	242	722	#
973	0.595154	227	319	182	350	256	722	#
974	0.595154	241	307	224	256	722	#
975	0.595154	227	319	181	216	350	256	722	#
976	0.595154	227	319	182	350	224	242	722	#
977	0.52471	477	149	235	723	#
978	0.52471	477	149	234	247	723	#
979	0.52471	384	136	48	723	#
980	0.52471	477	149	234	47	48	723	#
981	0.52471	384	136	47	247	723	#
982	0.706137	142	232	292	258	95	724	#
983	0.706137	141	233	292	258	95	724	#
984	0.706137	141	175	232	292	258	95	724	#
985	0.706137	142	232	292	221	94	95	724	#
986	0.706137	141	233	292	221	94	95	724	#
987	0.310114	255	199	188	173	725	#
988	0.310114	202	200	199	188	173	725	#
989	0.310114	255	199	194	187	173	725	#
990	0.310114	202	200	199	194	187	173	725	#
991	0.477389	61	116	248	139	253	310	428	726	#
992	0.477389	61	116	248	138	254	310	428	726	#
993	0.477389	61	116	248	138	159	253	310	428	726	#
994	0.477389	61	116	248	138	343	67	213	428	726	#
995	0.477389	61	116	248	138	343	66	22	213	428	726	#
996	0.766545	162	62	480	51	381	5	727	#
997	0.766545	162	212	61	480	51	381	5	727	#
998	0.766545	162	212	473	214	298	5	727	#
999	0.766545	162	212	473	229	189	183	14	15	89	88	329	727	#
1000	0.766545	162	62	61	473	214	298	5	727	#
