%% File generated by CATS v.2.1Thu May  9 12:49:44 2024

%% The CATS webpage is http://robotics.stanford.edu/CATS

%% PARAMETER SETTINGS:
% Goods: 512; Bids: 1000; Distribution: paths; Runs: 1; Seed: 49
% Paths Distribution Parameters:
% Initial connections:       = 2
% Edge density:              = 3.000000
% Shipping cost factor:      = 1.500000
% Max bid set size:          = 5
% Building penalty:          = 1.700000



goods 512
bids 1001
dummy 440

0	0.554813	68	69	75	90	241	256	368	#
1	0.579712	78	105	259	332	512	#
2	0.579712	77	105	151	259	332	512	#
3	0.579712	105	225	226	259	332	512	#
4	0.579712	78	104	258	259	332	512	#
5	0.579712	105	127	128	259	332	512	#
6	0.66763	10	58	189	405	#
7	0.72466	10	189	405	513	#
8	0.72466	10	70	71	405	513	#
9	0.72466	6	7	189	405	513	#
10	0.72466	10	248	249	405	513	#
11	0.577668	11	73	75	236	272	339	479	514	#
12	0.577668	11	73	75	158	236	272	339	429	514	#
13	0.577668	11	73	74	75	116	117	236	272	339	514	#
14	0.68399	68	69	103	115	133	134	182	352	515	#
15	0.68399	68	69	102	115	133	134	152	182	352	515	#
16	0.68399	68	69	103	114	133	134	176	182	352	515	#
17	0.68399	68	69	102	114	133	134	152	176	182	352	515	#
18	0.68399	68	69	102	115	133	134	167	181	352	515	#
19	0.0265864	17	#
20	0.753261	51	52	367	516	#
21	0.753261	51	212	367	413	516	#
22	0.753261	51	84	85	367	413	516	#
23	0.477659	97	100	114	243	363	517	#
24	0.477659	97	100	114	203	204	363	517	#
25	0.477659	97	114	178	179	243	363	517	#
26	0.477659	97	114	178	179	203	204	363	517	#
27	0.477659	97	100	115	176	243	363	517	#
28	0.960651	23	63	64	153	154	157	259	359	407	#
29	0.884751	109	233	414	462	518	#
30	0.884751	36	70	109	233	462	475	518	#
31	0.884751	108	233	270	414	462	518	#
32	1.22308	33	106	119	285	519	#
33	1.22308	32	106	119	198	285	519	#
34	1.22308	29	31	112	157	251	323	406	519	#
35	1.22308	33	129	173	185	246	304	437	519	#
36	1.22308	33	130	173	246	256	304	437	519	#
37	0.560196	340	354	#
38	0.945196	172	239	452	520	#
39	0.945196	173	240	247	452	520	#
40	0.945196	173	240	246	253	452	520	#
41	0.945196	173	222	239	246	452	520	#
42	0.945196	172	222	240	253	452	520	#
43	1.29925	45	46	81	242	275	391	521	#
44	1.29925	81	361	412	437	521	#
45	1.29925	81	129	185	412	437	504	521	#
46	1.29925	81	130	256	412	437	504	521	#
47	1.29925	33	81	112	251	316	317	521	#
48	0.915201	50	51	52	90	91	126	157	257	259	377	522	#
49	0.915201	49	51	52	55	90	91	126	157	257	259	377	522	#
50	0.915201	23	24	50	51	52	91	126	157	257	259	377	522	#
51	0.915201	50	51	52	59	60	90	91	126	157	259	377	522	#
52	0.915201	23	24	49	51	52	55	91	126	157	257	259	377	522	#
53	0.341486	19	71	180	260	336	523	#
54	0.341486	71	264	473	523	#
55	0.341486	19	70	180	189	260	336	523	#
56	0.341486	70	189	264	473	523	#
57	0.341486	19	20	71	180	261	336	523	#
58	0.953953	29	45	46	96	168	243	293	465	524	#
59	0.953953	29	45	46	96	168	203	204	293	465	524	#
60	0.953953	29	45	46	96	169	214	243	293	465	524	#
61	0.953953	13	45	46	96	97	168	305	463	465	524	#
62	0.953953	29	45	46	96	169	203	204	214	293	465	524	#
63	0.658323	46	96	156	164	165	195	493	525	#
64	0.658323	77	97	155	164	165	254	502	525	#
65	0.658323	77	97	100	155	164	165	254	263	287	525	#
66	0.658323	8	9	77	97	100	155	164	165	254	287	525	#
67	0.658323	28	46	96	156	164	165	196	493	525	#
68	0.966448	26	213	501	526	#
69	0.966448	25	213	233	501	526	#
70	0.966448	26	88	89	501	526	#
71	0.966448	25	88	89	233	501	526	#
72	0.966448	26	88	110	111	501	526	#
73	0.410517	47	215	441	527	#
74	0.410517	47	86	87	441	527	#
75	0.327074	12	197	202	210	528	#
76	0.327074	12	43	44	197	210	528	#
77	1.01812	27	136	196	460	487	529	#
78	1.01812	27	135	196	209	460	487	529	#
79	1.01812	195	288	487	529	#
80	1.01812	27	70	136	196	249	310	487	529	#
81	1.01812	27	70	135	196	209	249	310	487	529	#
82	0.786341	29	157	323	530	#
83	0.786341	4	29	30	153	157	509	530	#
84	0.786341	5	29	30	153	157	211	509	530	#
85	0.786341	31	153	154	157	316	530	#
86	0.426179	195	313	531	#
87	0.426179	28	196	313	531	#
88	0.806251	142	266	400	532	#
89	0.806251	142	240	265	400	532	#
90	0.806251	92	93	142	423	532	#
91	0.546813	143	149	150	470	#
92	0.7306	77	230	254	467	533	#
93	0.7306	77	152	155	156	195	254	301	494	533	#
94	0.7306	16	48	77	231	254	467	533	#
95	0.7306	78	151	230	254	467	533	#
96	0.7306	152	182	226	459	494	533	#
97	0.0475002	232	#
98	0.876273	23	63	153	154	156	157	259	313	407	534	#
99	0.876273	152	156	195	224	301	357	534	#
100	0.876273	24	63	90	153	154	156	157	259	313	407	534	#
101	0.876273	23	63	120	121	153	156	157	259	313	407	534	#
102	0.876273	102	103	156	195	224	301	357	534	#
103	0.947316	59	407	498	#
104	0.122176	77	128	#
105	1.03912	177	373	505	#
106	0.983899	51	126	398	413	535	#
107	0.983899	51	52	126	212	398	535	#
108	0.983899	51	52	84	85	126	398	535	#
109	0.983899	51	52	91	120	126	498	535	#
110	0.983899	51	52	90	91	121	126	153	157	257	259	377	535	#
111	0.596337	77	254	287	306	#
112	0.864396	249	329	414	536	#
113	0.864396	189	248	329	414	536	#
114	0.864396	36	70	249	329	475	536	#
115	0.864396	12	197	233	394	536	#
116	0.864396	36	71	248	329	475	536	#
117	0.912032	253	256	304	326	537	#
118	0.912032	246	247	256	304	326	537	#
119	0.912032	72	173	247	397	481	537	#
120	0.912032	72	173	246	253	397	481	537	#
121	0.912032	247	294	483	537	#
122	0.518533	0	29	96	243	293	#
123	0.76701	54	157	259	472	#
124	1.0863	149	197	328	538	#
125	1.0863	23	143	150	153	154	157	259	359	407	538	#
126	1.0863	23	142	150	153	154	157	190	259	359	407	538	#
127	1.0863	210	448	538	#
128	1.0863	11	12	149	163	197	446	538	#
129	1.05063	26	249	414	416	539	#
130	1.05063	25	233	249	414	416	539	#
131	1.05063	26	189	248	414	416	539	#
132	1.05063	25	189	233	248	414	416	539	#
133	0.661873	40	77	252	254	287	306	540	#
134	0.661873	13	14	40	77	254	287	306	540	#
135	0.661873	13	40	77	254	463	502	540	#
136	0.661873	13	40	77	100	254	263	287	463	540	#
137	0.661873	8	9	13	40	77	100	254	287	463	540	#
138	0.901493	83	453	467	541	#
139	0.901493	47	231	453	467	541	#
140	0.901493	73	236	314	415	429	541	#
141	0.901493	16	47	48	230	453	467	541	#
142	0.901493	15	47	48	219	230	453	467	541	#
143	0.909683	149	150	268	381	542	#
144	0.909683	142	149	150	370	542	#
145	0.909683	117	149	150	158	381	542	#
146	0.909683	143	149	150	190	370	542	#
147	0.909683	74	116	149	150	381	429	542	#
148	0.613779	81	317	#
149	0.737839	260	336	450	#
150	0.771984	63	407	484	543	#
151	0.771984	63	153	154	157	259	332	407	543	#
152	0.558627	45	46	47	96	131	441	544	#
153	0.558627	46	47	96	215	441	457	544	#
154	0.558627	46	47	86	87	96	441	457	544	#
155	0.694474	91	270	367	#
156	1.20867	143	407	440	498	545	#
157	1.20867	142	190	407	440	498	545	#
158	1.20867	51	52	91	126	143	234	407	498	545	#
159	1.20867	51	52	91	126	142	190	234	407	498	545	#
160	1.20867	90	143	153	154	157	257	259	377	407	440	545	#
161	0.354115	116	117	180	264	339	546	#
162	0.354115	116	158	180	264	268	339	546	#
163	1.11967	51	52	91	126	407	498	547	#
164	1.11967	51	91	126	212	407	413	498	547	#
165	1.11967	51	84	85	91	126	407	413	498	547	#
166	1.11967	51	63	126	224	331	547	#
167	1.11967	234	407	440	498	547	#
168	1.06104	53	159	276	438	548	#
169	1.06104	143	153	154	157	259	407	472	548	#
170	1.06104	142	153	154	157	190	259	407	472	548	#
171	1.06104	54	63	143	224	341	455	548	#
172	1.06104	54	63	142	190	224	341	455	548	#
173	0.995346	73	85	91	187	232	236	264	339	388	479	549	#
174	0.995346	73	91	188	212	232	236	264	339	388	479	549	#
175	0.995346	73	75	188	232	236	264	339	379	479	549	#
176	0.995346	73	84	85	91	188	232	236	264	339	388	479	549	#
177	0.995346	73	85	91	158	187	232	236	264	339	388	429	549	#
178	0.754586	73	74	85	91	116	187	236	388	550	#
179	0.754586	73	74	91	116	188	212	236	388	550	#
180	0.754586	73	74	75	116	188	236	379	550	#
181	0.754586	85	116	187	290	403	550	#
182	0.754586	73	74	84	85	91	116	188	236	388	550	#
183	0.951088	155	164	165	199	254	322	551	#
184	0.951088	112	155	164	165	198	254	322	551	#
185	0.951088	156	164	165	277	551	#
186	0.951088	140	141	155	164	165	198	254	322	551	#
187	1.13547	40	158	321	389	499	552	#
188	1.13547	92	193	278	401	552	#
189	1.13547	193	194	335	369	552	#
190	1.13547	13	40	46	96	97	158	321	457	463	499	552	#
191	1.13547	40	92	173	215	247	266	389	481	552	#
192	0.903895	61	107	205	411	421	553	#
193	0.903895	61	107	161	162	411	421	553	#
194	0.903895	65	173	205	421	481	553	#
195	0.903895	205	309	418	553	#
196	0.903895	17	205	348	365	420	553	#
197	1.07337	143	149	150	154	164	407	466	554	#
198	1.07337	142	149	150	154	164	190	407	466	554	#
199	1.07337	23	143	149	150	153	154	156	157	165	259	313	407	554	#
200	0.938432	44	70	184	210	249	329	555	#
201	0.938432	70	183	202	210	249	329	555	#
202	0.938432	43	44	70	183	210	249	329	555	#
203	0.938432	58	71	458	555	#
204	0.938432	58	70	189	458	555	#
205	0.919637	153	157	170	173	246	286	406	556	#
206	0.919637	153	157	170	172	222	286	406	556	#
207	0.919637	145	146	485	556	#
208	0.919637	68	90	153	157	170	246	259	286	425	556	#
209	0.919637	153	157	170	173	247	253	286	406	556	#
210	0.588964	18	122	215	269	271	334	557	#
211	0.588964	18	86	87	122	269	271	334	557	#
212	0.588964	21	22	45	46	96	97	122	131	132	463	557	#
213	0.588964	13	21	22	122	132	215	389	557	#
214	0.588964	18	61	62	86	122	269	271	334	557	#
215	1.20178	392	460	461	475	558	#
216	1.20178	37	174	392	460	475	558	#
217	1.20178	138	174	249	310	392	414	558	#
218	1.20178	37	124	125	392	460	475	558	#
219	1.20178	36	138	174	392	460	475	558	#
220	0.654634	113	175	486	559	#
221	0.654634	113	140	315	559	#
222	0.654634	94	95	113	486	559	#
223	0.954733	51	205	333	413	560	#
224	0.954733	51	161	162	333	413	560	#
225	0.954733	51	52	205	212	333	560	#
226	0.954733	51	52	84	85	205	333	560	#
227	0.954733	51	52	161	162	212	333	560	#
228	1.09675	12	59	85	91	303	394	561	#
229	1.09675	12	59	84	91	212	303	394	561	#
230	1.09675	12	85	91	197	394	456	561	#
231	1.09675	12	85	91	197	257	390	394	561	#
232	1.09675	12	84	91	197	212	394	456	561	#
233	0.779828	189	260	336	414	427	562	#
234	0.779828	36	71	260	336	427	475	562	#
235	0.779828	171	189	260	336	414	455	491	562	#
236	0.779828	36	70	189	260	336	427	475	562	#
237	0.779828	36	71	171	260	336	455	475	491	562	#
238	0.68399	68	69	103	115	133	134	182	352	563	#
239	0.68399	68	69	102	115	133	134	152	182	352	563	#
240	0.68399	68	69	103	114	133	134	176	182	352	563	#
241	0.68399	68	69	102	114	133	134	152	176	182	352	563	#
242	0.68399	68	69	102	115	133	134	167	181	352	563	#
243	0.78855	88	245	276	564	#
244	0.78855	192	244	276	564	#
245	0.78855	88	191	244	276	564	#
246	0.78855	89	213	245	276	564	#
247	0.78855	191	192	245	276	564	#
248	1.06091	53	142	159	276	438	565	#
249	1.06091	153	154	157	190	259	407	472	565	#
250	1.06091	142	143	153	154	157	259	407	472	565	#
251	1.06091	54	63	190	224	341	455	565	#
252	1.06091	54	63	142	143	224	341	455	565	#
253	0.855123	19	20	100	180	435	566	#
254	0.855123	97	100	243	264	320	566	#
255	0.855123	97	100	203	204	264	320	566	#
256	0.855123	46	96	97	100	158	264	321	339	457	566	#
257	0.855123	98	179	330	434	566	#
258	0.322946	147	454	#
259	0.624934	17	237	365	420	567	#
260	0.624934	17	41	255	365	420	567	#
261	0.624934	17	18	102	237	409	420	567	#
262	0.624934	17	103	237	376	420	567	#
263	0.624934	17	102	152	237	376	420	567	#
264	0.705452	52	59	91	289	568	#
265	0.705452	52	274	291	375	568	#
266	0.705452	52	164	216	291	375	568	#
267	0.705452	59	91	212	289	413	568	#
268	0.705452	52	60	91	257	289	568	#
269	0.607401	105	153	154	157	408	#
270	0.653776	18	131	215	232	476	569	#
271	0.653776	18	86	87	131	232	476	569	#
272	0.653776	17	45	232	267	476	569	#
273	0.653776	59	85	91	131	187	215	340	354	569	#
274	0.653776	59	85	86	87	91	131	187	340	354	569	#
275	0.904355	27	28	46	391	493	570	#
276	0.904355	27	53	54	89	139	324	438	570	#
277	0.904355	27	53	54	88	139	213	324	438	570	#
278	0.904355	27	46	195	196	391	493	570	#
279	0.904355	130	242	344	437	570	#
280	0.416973	15	47	48	453	571	#
281	0.416973	16	47	48	219	453	571	#
282	0.416973	83	219	230	453	571	#
283	0.416973	15	16	83	230	453	571	#
284	0.416973	47	219	230	231	453	571	#
285	0.416464	13	40	97	193	194	204	463	#
286	0.439399	511	#
287	0.626468	149	284	572	#
288	0.626468	68	90	143	150	153	154	157	259	407	572	#
289	0.626468	69	508	572	#
290	0.626468	68	90	142	150	153	154	157	190	259	407	572	#
291	0.626468	23	24	68	143	150	153	154	157	259	407	572	#
292	0.780451	11	12	59	91	163	214	303	506	573	#
293	0.780451	163	212	214	379	506	573	#
294	0.780451	11	12	91	163	197	214	456	506	573	#
295	0.780451	11	12	59	91	163	168	169	303	506	573	#
296	0.780451	84	85	163	214	379	506	573	#
297	1.02311	65	247	266	335	574	#
298	1.02311	66	253	266	335	574	#
299	1.02311	65	246	253	266	335	574	#
300	1.02311	66	246	247	266	335	574	#
301	1.02311	244	265	399	574	#
302	1.15633	140	372	430	575	#
303	1.15633	112	141	372	430	575	#
304	1.15633	11	75	140	201	251	295	575	#
305	1.15633	141	198	199	372	430	575	#
306	1.15633	11	33	141	163	169	201	242	393	575	#
307	0.312752	77	155	156	226	254	576	#
308	0.312752	151	155	156	225	254	576	#
309	0.312752	77	78	155	156	225	254	576	#
310	0.406226	153	154	190	407	577	#
311	0.406226	142	143	153	154	407	577	#
312	0.893157	21	22	51	126	307	578	#
313	0.893157	13	21	22	40	126	193	384	578	#
314	0.893157	21	22	51	52	91	126	257	419	578	#
315	0.836524	114	246	485	579	#
316	0.836524	68	352	425	579	#
317	1.16854	199	449	580	#
318	1.16854	112	198	449	580	#
319	1.16854	140	141	198	449	580	#
320	1.16854	113	449	490	580	#
321	1.16854	32	33	112	449	580	#
322	0.602972	121	123	509	581	#
323	0.602972	120	123	154	509	581	#
324	0.905191	273	308	582	#
325	0.905191	2	3	308	582	#
326	0.905191	191	213	480	582	#
327	0.905191	89	192	480	582	#
328	0.905191	88	89	191	480	582	#
329	0.957268	27	74	194	209	213	245	290	324	583	#
330	0.957268	27	74	88	89	194	209	245	290	324	583	#
331	0.957268	27	74	191	194	209	213	244	290	324	583	#
332	0.957268	27	74	89	192	194	209	244	290	324	583	#
333	0.957268	27	74	88	89	191	194	209	244	290	324	583	#
334	0.859935	11	12	108	503	584	#
335	0.859935	11	12	109	270	503	584	#
336	0.358528	256	368	#
337	0.68245	131	148	172	481	585	#
338	0.68245	61	106	131	148	172	411	585	#
339	0.68245	131	148	173	222	246	481	585	#
340	0.68245	131	147	158	215	272	321	339	585	#
341	0.68245	86	87	131	147	158	272	321	339	585	#
342	1.01017	11	12	73	75	197	210	236	353	586	#
343	1.01017	138	174	210	249	329	414	586	#
344	1.01017	124	125	138	210	249	329	414	586	#
345	1.01017	70	210	249	329	461	475	586	#
346	1.01017	37	70	174	210	249	329	475	586	#
347	0.590986	174	468	587	#
348	0.590986	124	125	468	587	#
349	0.590986	114	138	223	228	262	491	587	#
350	0.590986	114	138	146	427	587	#
351	0.590986	138	223	227	229	262	491	587	#
352	0.752578	21	22	120	137	464	588	#
353	0.752578	21	22	121	122	123	132	509	588	#
354	0.752578	21	22	120	132	144	464	588	#
355	0.752578	21	22	121	122	123	137	144	509	588	#
356	0.752578	21	22	121	137	154	464	588	#
357	0.196847	156	164	165	#
358	0.639417	62	86	340	354	589	#
359	0.639417	61	215	340	354	589	#
360	0.639417	61	86	87	340	354	589	#
361	0.639417	62	87	215	340	354	589	#
362	0.843151	34	72	299	590	#
363	0.843151	232	337	590	#
364	0.843151	187	232	347	590	#
365	0.843151	84	188	232	347	590	#
366	0.843151	18	215	397	476	590	#
367	0.938348	58	71	191	213	380	591	#
368	0.938348	58	71	89	192	380	591	#
369	0.938348	58	71	88	89	191	380	591	#
370	0.938348	58	70	189	191	213	380	591	#
371	0.938348	58	70	89	189	192	380	591	#
372	0.224315	17	18	447	#
373	0.973874	228	262	477	592	#
374	0.973874	92	253	266	485	592	#
375	0.973874	92	246	247	266	485	592	#
376	0.973874	66	369	485	592	#
377	0.973874	65	246	369	485	592	#
378	1.23191	2	137	495	497	593	#
379	1.23191	122	132	385	495	593	#
380	1.23191	122	137	144	385	495	593	#
381	1.23191	2	132	269	271	350	495	593	#
382	1.23191	2	137	144	269	271	350	495	593	#
383	0.592339	0	343	#
384	0.521323	207	313	594	#
385	0.521323	23	208	313	594	#
386	0.521323	24	90	208	313	594	#
387	0.851916	132	319	595	#
388	0.851916	137	144	319	595	#
389	0.851916	14	21	22	77	155	164	165	254	287	306	595	#
390	0.851916	13	21	22	77	155	164	165	252	254	287	306	595	#
391	0.851916	21	22	77	155	164	165	254	463	502	595	#
392	0.667466	231	364	596	#
393	0.667466	16	48	291	494	596	#
394	0.901768	210	248	329	597	#
395	0.901768	189	210	249	329	597	#
396	0.901768	70	71	210	249	329	597	#
397	0.901768	158	339	473	500	597	#
398	0.901768	11	12	73	75	197	210	236	339	473	479	597	#
399	1.00459	26	501	598	#
400	1.00459	25	233	501	598	#
401	1.00459	25	109	213	378	462	598	#
402	1.00459	25	88	89	109	378	462	598	#
403	1.04062	32	80	257	428	440	599	#
404	1.04062	32	59	60	80	428	440	599	#
405	1.04062	33	80	198	257	428	440	599	#
406	1.04062	32	51	52	80	91	126	234	257	428	599	#
407	1.04062	32	51	52	55	56	80	91	126	257	428	599	#
408	0.983323	269	271	350	600	#
409	0.983323	2	122	385	600	#
410	0.983323	144	497	600	#
411	0.983323	132	137	497	600	#
412	0.983323	3	122	273	385	600	#
413	0.959882	35	65	173	333	601	#
414	0.959882	35	66	173	246	333	601	#
415	0.959882	35	66	172	222	333	601	#
416	0.959882	35	65	172	222	246	333	601	#
417	0.959882	35	106	107	333	601	#
418	0.668518	78	263	287	383	602	#
419	0.668518	8	9	78	287	383	602	#
420	0.668518	77	151	263	287	383	602	#
421	0.668518	225	226	263	287	383	602	#
422	0.668518	8	9	77	151	287	383	602	#
423	1.01434	117	147	272	339	395	603	#
424	1.01434	51	66	148	222	333	413	603	#
425	1.01434	51	65	148	222	246	333	413	603	#
426	1.01434	147	158	268	272	339	395	603	#
427	1.01434	51	52	66	148	212	222	333	603	#
428	0.997428	210	293	300	#
429	1.17729	81	93	431	604	#
430	1.17729	82	93	160	431	604	#
431	1.17729	18	158	269	271	321	334	499	604	#
432	1.17729	18	92	173	215	247	266	269	271	334	481	604	#
433	1.17729	18	86	87	92	173	247	266	269	271	334	481	604	#
434	0.606416	404	436	605	#
435	0.606416	193	194	244	436	605	#
436	0.606416	191	283	436	605	#
437	0.606416	23	404	424	605	#
438	0.606416	191	193	194	245	436	605	#
439	0.767874	19	45	46	96	131	386	441	606	#
440	0.767874	19	46	96	215	386	441	457	606	#
441	0.767874	19	46	86	87	96	386	441	457	606	#
442	0.767874	19	20	97	435	606	#
443	0.767874	180	243	264	320	606	#
444	0.103763	165	#
445	1.02898	19	117	180	264	339	395	607	#
446	1.02898	20	51	52	59	91	340	361	607	#
447	1.02898	19	158	180	264	268	339	395	607	#
448	1.02898	50	126	432	607	#
449	1.02898	49	55	126	432	607	#
450	0.603498	129	133	185	241	340	608	#
451	0.603498	130	133	241	256	340	608	#
452	0.603498	98	99	129	133	185	340	608	#
453	0.47083	19	73	180	264	339	479	609	#
454	0.47083	19	73	158	180	264	339	429	609	#
455	0.47083	19	73	74	116	117	180	264	339	609	#
456	0.47083	19	73	74	116	158	180	264	268	339	609	#
457	0.441234	97	178	243	363	610	#
458	0.441234	97	178	203	204	363	610	#
459	0.441234	97	100	179	243	363	610	#
460	0.398078	15	402	611	#
461	0.398078	16	219	402	611	#
462	0.880046	19	58	176	228	260	336	362	612	#
463	0.880046	19	176	189	223	228	260	262	336	414	491	612	#
464	0.880046	19	57	67	176	228	260	336	362	612	#
465	0.880046	19	58	114	115	228	260	336	362	612	#
466	0.880046	19	36	71	176	223	228	260	262	336	475	491	612	#
467	0.977906	262	477	613	#
468	0.977906	19	58	260	336	362	492	613	#
469	0.977906	19	189	223	260	262	336	414	491	492	613	#
470	0.977906	92	147	148	239	265	362	454	613	#
471	0.977906	92	147	148	222	253	266	362	454	613	#
472	0.64971	38	87	131	451	614	#
473	0.64971	38	86	131	215	451	614	#
474	0.64971	38	145	146	228	327	614	#
475	0.64971	38	61	62	131	451	614	#
476	0.64971	39	176	177	228	327	614	#
477	1.05792	27	116	117	180	196	209	264	290	339	487	615	#
478	1.05792	27	116	158	180	196	209	264	268	290	339	487	615	#
479	1.05792	27	28	116	117	180	195	209	264	290	339	487	615	#
480	1.05792	19	47	48	220	356	386	615	#
481	1.05792	27	116	117	135	136	180	196	264	290	339	487	615	#
482	0.798016	244	469	616	#
483	0.798016	15	48	191	360	616	#
484	0.798016	24	68	436	443	616	#
485	0.798016	15	48	88	192	360	616	#
486	0.798016	191	245	469	616	#
487	0.559711	13	389	447	617	#
488	0.559711	46	96	97	447	457	463	617	#
489	0.559711	45	46	96	97	131	215	447	463	617	#
490	0.559711	45	46	86	87	96	97	131	447	463	617	#
491	0.7367	73	91	236	388	479	618	#
492	0.7367	73	91	158	236	388	429	618	#
493	0.7367	59	73	91	236	325	479	618	#
494	0.7367	59	73	91	158	236	325	429	618	#
495	0.7367	73	74	91	116	117	236	388	618	#
496	0.831824	12	197	394	#
497	0.564778	23	156	157	165	259	313	#
498	0.968725	45	46	96	97	131	172	463	481	619	#
499	0.968725	13	172	215	389	481	619	#
500	0.968725	13	86	87	172	389	481	619	#
501	0.968725	46	96	97	172	215	457	463	481	619	#
502	0.968725	46	86	87	96	97	172	457	463	481	619	#
503	1.06155	41	42	148	172	452	620	#
504	1.06155	41	42	148	173	222	246	452	620	#
505	1.06155	42	148	172	255	421	481	620	#
506	1.06155	41	42	148	172	237	421	481	620	#
507	1.06155	17	18	42	148	172	215	255	420	481	620	#
508	0.967793	149	150	423	621	#
509	0.967793	150	217	218	423	621	#
510	0.967793	143	149	150	317	407	621	#
511	0.967793	58	143	149	150	261	336	412	470	621	#
512	0.967793	142	149	150	190	317	407	621	#
513	1.00303	3	118	119	149	351	622	#
514	1.00303	2	118	119	149	273	351	622	#
515	1.00303	63	143	149	150	382	622	#
516	1.00303	63	142	149	150	190	382	622	#
517	1.00303	64	149	150	159	382	622	#
518	0.895021	263	279	623	#
519	0.895021	8	9	279	623	#
520	0.895021	45	46	61	96	97	100	107	131	162	411	623	#
521	0.895021	45	46	65	96	97	100	131	162	173	481	623	#
522	0.895021	46	62	86	96	97	100	107	162	411	457	623	#
523	0.928835	6	41	191	213	297	374	624	#
524	0.928835	6	41	89	192	297	374	624	#
525	0.928835	6	41	88	89	191	297	374	624	#
526	0.928835	6	41	88	192	213	297	374	624	#
527	0.928835	6	41	110	111	192	297	374	624	#
528	0.850145	31	101	355	482	625	#
529	0.850145	29	40	88	206	283	305	438	482	625	#
530	0.850145	29	40	192	206	305	404	438	482	625	#
531	0.850145	29	40	88	191	206	305	404	438	482	625	#
532	0.850145	29	40	88	193	194	206	245	305	438	482	625	#
533	0.112623	109	269	#
534	0.833538	32	437	626	#
535	0.833538	33	198	437	626	#
536	0.833538	33	112	199	437	626	#
537	0.833538	33	140	141	199	437	626	#
538	0.833538	33	112	113	437	490	626	#
539	1.00259	252	305	488	627	#
540	1.00259	13	14	305	488	627	#
541	1.00259	11	30	368	507	627	#
542	1.00259	4	12	30	269	270	396	503	627	#
543	1.00259	11	29	45	46	96	163	169	243	293	465	627	#
544	0.596438	18	86	496	628	#
545	0.596438	18	87	215	496	628	#
546	0.596438	52	59	86	91	340	354	628	#
547	0.806942	14	387	629	#
548	0.806942	13	252	387	629	#
549	0.806942	15	45	46	47	48	96	97	131	441	463	629	#
550	0.806942	13	15	47	48	215	389	441	629	#
551	0.806942	13	15	47	48	86	87	389	441	629	#
552	0.709343	63	143	224	439	630	#
553	0.709343	63	142	190	224	439	630	#
554	0.709343	64	159	224	439	630	#
555	0.16749	11	201	#
556	0.302746	172	296	631	#
557	0.302746	173	222	246	296	631	#
558	0.749806	253	400	632	#
559	0.749806	246	247	400	632	#
560	0.749806	65	66	247	400	632	#
561	0.749806	143	147	148	222	454	470	632	#
562	0.749806	142	147	148	190	222	454	470	632	#
563	0.799925	73	75	138	233	236	415	429	633	#
564	0.799925	11	138	233	394	633	#
565	0.991737	230	442	634	#
566	0.991737	16	48	231	442	634	#
567	0.991737	15	48	219	231	442	634	#
568	0.991737	16	47	48	83	442	634	#
569	0.991737	15	47	48	83	219	442	634	#
570	0.781656	31	95	251	486	635	#
571	0.781656	31	95	113	250	486	635	#
572	0.781656	31	94	175	251	486	635	#
573	0.781656	31	94	140	251	315	635	#
574	0.781656	31	94	113	175	250	486	635	#
575	1.08095	55	115	126	227	349	636	#
576	1.08095	51	52	55	91	115	126	243	257	363	410	636	#
577	1.08095	51	52	55	91	115	126	203	204	257	363	410	636	#
578	1.08095	55	114	126	176	227	349	636	#
579	1.08095	56	115	203	318	363	636	#
580	0.468525	197	210	225	383	#
581	0.289572	68	69	90	129	185	241	#
582	0.638579	213	255	283	374	511	637	#
583	0.638579	88	89	255	283	374	511	637	#
584	0.638579	191	213	255	374	404	511	637	#
585	0.638579	89	192	255	374	404	511	637	#
586	0.638579	88	89	191	255	374	404	511	637	#
587	1.02116	39	311	410	638	#
588	1.02116	38	114	145	146	243	363	410	638	#
589	1.02116	39	115	177	243	363	410	638	#
590	1.02116	38	114	145	146	203	204	363	410	638	#
591	1.02116	39	115	177	203	204	363	410	638	#
592	0.592507	17	46	96	114	146	243	267	363	639	#
593	0.592507	17	46	96	114	146	203	204	267	363	639	#
594	0.592507	18	86	146	228	327	639	#
595	0.956599	66	146	162	485	640	#
596	0.956599	65	146	162	246	485	640	#
597	0.956599	66	146	161	205	485	640	#
598	0.956599	65	146	161	205	246	485	640	#
599	0.956599	65	153	157	162	171	173	286	406	640	#
600	0.631234	103	174	182	366	641	#
601	0.631234	102	152	174	182	366	641	#
602	0.631234	103	124	125	182	366	641	#
603	0.631234	102	124	125	152	182	366	641	#
604	1.03962	249	310	392	642	#
605	1.03962	189	248	310	392	642	#
606	1.03962	70	392	460	642	#
607	1.03962	50	136	249	310	422	642	#
608	1.03962	50	135	209	249	310	422	642	#
609	0.767847	133	426	643	#
610	0.767847	175	417	643	#
611	0.767847	94	95	417	643	#
612	0.767847	95	134	345	643	#
613	0.767847	94	134	175	345	643	#
614	0.686307	73	74	236	325	644	#
615	0.686307	11	12	73	74	75	236	303	644	#
616	0.686307	59	73	74	236	388	644	#
617	0.686307	11	12	60	73	74	75	197	236	390	644	#
618	0.686307	11	12	73	74	76	163	236	303	644	#
619	0.807438	83	215	389	441	645	#
620	0.807438	83	86	87	389	441	645	#
621	0.807438	13	45	46	83	96	97	131	441	463	645	#
622	0.807438	47	215	231	389	441	645	#
623	0.807438	47	86	87	231	389	441	645	#
624	0.88376	12	36	233	394	646	#
625	0.88376	12	25	26	36	394	646	#
626	0.88376	12	37	138	233	394	646	#
627	0.88376	11	12	36	73	75	233	236	415	429	646	#
628	0.88376	70	197	249	329	475	646	#
629	0.592794	13	40	193	302	#
630	0.628482	45	54	131	433	#
631	1.21	4	29	30	31	269	350	396	647	#
632	1.21	2	4	29	30	31	123	385	647	#
633	1.21	3	29	31	90	157	259	323	510	647	#
634	1.21	29	30	31	269	271	350	358	647	#
635	1.21	2	76	214	295	506	647	#
636	0.635688	164	466	648	#
637	0.635688	23	153	156	157	165	259	313	648	#
638	0.888474	66	333	413	649	#
639	0.888474	65	246	333	413	649	#
640	0.888474	52	66	212	333	649	#
641	0.888474	52	65	212	246	333	649	#
642	0.888474	52	66	84	85	333	649	#
643	0.679768	17	133	134	255	365	420	650	#
644	0.679768	17	41	133	134	237	365	420	650	#
645	0.679768	17	18	24	68	69	207	255	420	447	650	#
646	0.679768	17	18	24	41	68	69	207	237	420	447	650	#
647	0.679768	17	18	68	69	90	208	255	420	447	650	#
648	0.886524	85	187	444	651	#
649	0.886524	144	175	232	238	346	358	651	#
650	0.886524	188	212	444	651	#
651	0.886524	84	85	188	444	651	#
652	0.886524	132	137	175	232	238	346	358	651	#
653	0.0713878	163	169	#
654	0.510056	65	169	240	247	418	652	#
655	0.510056	66	169	240	253	418	652	#
656	0.510056	65	169	240	246	253	418	652	#
657	0.510056	66	169	240	246	247	418	652	#
658	0.510056	66	169	222	239	418	652	#
659	0.311045	69	443	653	#
660	0.311045	102	133	134	219	494	653	#
661	0.311045	15	16	102	133	134	494	653	#
662	0.311045	103	133	134	152	219	494	653	#
663	0.311045	15	16	103	133	134	152	494	653	#
664	0.787685	12	59	85	91	187	200	201	232	238	303	654	#
665	0.787685	12	59	91	188	200	201	212	232	238	303	654	#
666	0.787685	12	59	84	85	91	188	200	201	232	238	303	654	#
667	0.787685	12	59	84	91	187	200	201	212	232	238	303	654	#
668	0.787685	12	85	91	187	197	200	201	232	238	456	654	#
669	0.968356	45	46	131	391	441	655	#
670	0.968356	46	215	391	441	457	655	#
671	0.968356	46	86	87	391	441	457	655	#
672	0.968356	0	1	45	131	391	441	655	#
673	0.968356	46	61	62	86	391	441	457	655	#
674	0.267851	35	59	91	212	221	656	#
675	0.267851	35	59	84	85	91	221	656	#
676	0.695868	42	101	168	255	309	657	#
677	0.695868	41	42	101	168	237	309	657	#
678	0.695868	42	101	169	214	255	309	657	#
679	0.695868	41	42	101	169	214	237	309	657	#
680	0.677587	45	46	96	97	169	178	465	658	#
681	0.677587	45	46	96	97	168	178	214	465	658	#
682	0.677587	11	163	342	658	#
683	0.677587	0	1	45	96	97	169	178	465	658	#
684	0.677587	45	46	96	97	100	169	179	465	658	#
685	0.845748	269	270	281	659	#
686	0.845748	108	109	269	281	659	#
687	0.323194	13	21	22	40	132	283	660	#
688	0.323194	13	21	22	40	132	191	404	660	#
689	0.323194	13	21	22	40	132	193	194	245	660	#
690	0.323194	13	21	22	40	137	144	283	660	#
691	0.323194	13	21	22	40	137	144	191	404	660	#
692	0.476169	47	48	61	441	661	#
693	0.476169	47	48	62	87	441	661	#
694	0.476169	47	48	62	86	215	441	661	#
695	1.06227	18	172	215	269	271	334	481	662	#
696	1.06227	18	86	87	172	269	271	334	481	662	#
697	1.06227	122	123	153	157	172	406	509	662	#
698	1.06227	18	62	86	106	172	269	271	334	411	662	#
699	1.06227	18	61	106	172	215	269	271	334	411	662	#
700	0.805146	11	120	163	169	201	445	663	#
701	0.805146	11	120	163	168	201	214	445	663	#
702	0.805146	68	69	90	153	154	157	241	256	259	478	663	#
703	0.805146	68	69	90	98	99	153	154	157	256	259	478	663	#
704	0.805146	23	24	68	69	153	154	157	241	256	259	478	663	#
705	0.875516	32	80	129	437	664	#
706	0.875516	79	186	282	664	#
707	0.875516	33	80	129	198	437	664	#
708	0.875516	79	235	292	664	#
709	0.875516	80	292	490	664	#
710	0.794407	65	102	247	348	357	665	#
711	0.794407	66	102	253	348	357	665	#
712	0.794407	65	102	246	253	348	357	665	#
713	0.794407	66	102	246	247	348	357	665	#
714	0.794407	65	103	152	247	348	357	665	#
715	0.555172	23	153	157	259	313	666	#
716	0.555172	24	90	153	157	259	313	666	#
717	0.878451	66	212	222	333	667	#
718	0.878451	65	212	222	246	333	667	#
719	0.878451	66	84	85	222	333	667	#
720	0.878451	65	84	85	222	246	333	667	#
721	0.878451	65	172	173	212	333	667	#
722	0.989705	106	119	371	668	#
723	0.989705	41	213	374	452	668	#
724	0.989705	41	88	89	374	452	668	#
725	0.989705	65	173	245	335	668	#
726	0.989705	66	173	245	246	335	668	#
727	0.740452	52	59	91	167	289	669	#
728	0.740452	52	59	91	152	166	289	669	#
729	0.740452	52	167	274	291	375	669	#
730	0.740452	52	164	167	216	291	375	669	#
731	0.740452	59	91	167	212	289	413	669	#
732	0.944628	135	251	430	670	#
733	0.944628	113	135	250	430	670	#
734	0.944628	27	196	209	251	277	670	#
735	0.944628	27	113	196	209	250	277	670	#
736	0.944628	27	28	195	209	251	277	670	#
737	0.901537	108	197	503	671	#
738	0.901537	109	197	270	503	671	#
739	0.971724	78	143	149	150	407	484	672	#
740	0.971724	78	142	149	150	190	407	484	672	#
741	0.971724	263	280	287	672	#
742	0.971724	8	9	280	287	672	#
743	0.971724	78	143	149	150	153	154	157	259	332	407	672	#
744	0.700648	108	149	281	#
745	0.0439768	124	#
746	0.252847	13	40	463	#
747	0.872102	101	235	250	355	482	673	#
748	0.872102	34	113	175	235	238	486	673	#
749	0.878985	16	48	60	289	494	674	#
750	0.878985	47	60	215	340	354	441	674	#
751	0.878985	47	60	86	87	340	354	441	674	#
752	0.878985	15	48	60	219	289	494	674	#
753	0.878985	15	48	68	377	443	674	#
754	1.21348	66	103	148	222	348	471	675	#
755	1.21348	65	103	148	222	246	348	471	675	#
756	1.21348	66	102	148	152	222	348	471	675	#
757	1.21348	65	102	148	152	222	246	348	471	675	#
758	1.21348	53	54	147	158	272	339	489	675	#
759	0.871235	27	136	156	164	165	196	310	676	#
760	0.871235	27	135	156	164	165	196	209	310	676	#
761	0.871235	27	28	136	156	164	165	195	310	676	#
762	0.871235	27	28	135	156	164	165	195	209	310	676	#
763	0.871235	27	136	156	165	196	216	274	310	676	#
764	0.876842	274	291	357	677	#
765	0.876842	164	216	291	357	677	#
766	0.720239	85	91	187	232	257	377	678	#
767	0.720239	91	188	212	232	257	377	678	#
768	0.720239	84	85	91	188	232	257	377	678	#
769	0.720239	84	91	187	212	232	257	377	678	#
770	0.720239	59	60	85	91	187	232	377	678	#
771	0.815795	48	360	679	#
772	0.815795	15	245	469	679	#
773	0.815795	15	191	244	469	679	#
774	0.815795	15	24	68	191	436	443	679	#
775	0.815795	15	88	192	244	469	679	#
776	1.05436	51	113	126	175	188	232	235	238	413	486	680	#
777	1.05436	51	113	126	140	188	232	235	238	315	413	680	#
778	1.05436	51	94	95	113	126	188	232	235	238	413	486	680	#
779	1.05436	51	84	113	126	175	187	232	235	238	413	486	680	#
780	1.05436	51	52	85	113	126	175	187	232	235	238	486	680	#
781	0.964874	107	188	232	333	681	#
782	0.964874	84	107	187	232	333	681	#
783	0.964874	65	106	173	188	232	333	681	#
784	0.964874	85	107	187	212	232	333	681	#
785	0.964874	65	84	106	173	187	232	333	681	#
786	0.8827	138	249	329	414	682	#
787	0.8827	37	70	249	329	475	682	#
788	0.8827	138	189	248	329	414	682	#
789	0.8827	36	70	138	249	329	475	682	#
790	0.8827	12	138	197	233	394	682	#
791	0.517185	72	256	326	#
792	0.987074	172	239	312	406	683	#
793	0.987074	68	69	90	259	298	312	683	#
794	0.987074	176	177	240	253	485	683	#
795	0.987074	68	69	115	177	298	352	683	#
796	0.987074	176	177	240	246	247	485	683	#
797	0.16723	90	153	157	259	684	#
798	0.16723	23	24	153	157	259	684	#
799	0.0516502	209	#
800	0.997621	41	42	101	173	246	452	685	#
801	0.997621	41	42	101	172	222	452	685	#
802	0.997621	41	42	101	173	247	253	452	685	#
803	0.997621	42	101	173	246	255	421	481	685	#
804	0.997621	41	42	65	66	101	173	452	685	#
805	0.634756	153	157	172	406	686	#
806	0.634756	153	157	173	222	246	406	686	#
807	0.634756	68	90	153	157	222	246	259	425	686	#
808	0.634756	153	157	173	222	247	253	406	686	#
809	0.634756	68	90	153	157	172	173	259	425	686	#
810	0.583376	0	96	338	687	#
811	0.583376	1	46	96	338	687	#
812	0.583376	27	28	46	96	136	493	687	#
813	0.583376	27	28	46	96	135	209	493	687	#
814	0.583376	27	46	96	136	195	196	493	687	#
815	0.52387	11	12	73	75	197	236	479	688	#
816	0.52387	11	12	73	75	158	197	236	429	688	#
817	0.52387	11	12	73	74	75	116	117	197	236	688	#
818	0.52387	11	12	73	74	75	116	158	197	236	268	688	#
819	0.52387	11	12	73	76	163	197	236	479	688	#
820	0.0263481	102	#
821	0.739505	126	193	384	#
822	0.839419	18	269	334	409	494	689	#
823	0.839419	102	269	334	365	494	689	#
824	0.839419	152	269	334	376	494	689	#
825	0.839419	103	152	269	334	365	494	689	#
826	0.839419	16	18	47	48	215	269	334	441	689	#
827	0.904712	23	143	153	154	156	157	259	313	407	690	#
828	0.904712	23	142	153	154	156	157	190	259	313	407	690	#
829	0.904712	24	90	143	153	154	156	157	259	313	407	690	#
830	0.904712	24	90	142	153	154	156	157	190	259	313	407	690	#
831	0.904712	23	120	121	143	153	156	157	259	313	407	690	#
832	0.610694	194	213	245	324	691	#
833	0.610694	88	89	194	245	324	691	#
834	0.610694	191	194	213	244	324	691	#
835	0.610694	89	192	194	244	324	691	#
836	0.610694	88	89	191	194	244	324	691	#
837	0.126154	213	283	692	#
838	0.126154	88	89	283	692	#
839	0.126154	191	213	404	692	#
840	0.126154	89	192	404	692	#
841	0.126154	88	89	191	404	692	#
842	0.57573	9	77	155	164	165	254	287	693	#
843	0.57573	8	77	155	164	165	254	263	287	693	#
844	0.513554	36	147	233	474	#
845	0.937502	232	188	333	66	694	#
846	0.937502	232	188	333	65	246	694	#
847	0.937502	232	187	84	333	66	694	#
848	0.937502	232	187	84	333	65	246	694	#
849	0.937502	232	187	85	212	333	66	694	#
850	0.568639	66	304	185	129	695	#
851	0.568639	65	246	304	185	129	695	#
852	0.457134	7	402	15	696	#
853	0.457134	10	6	402	15	696	#
854	0.457134	7	402	219	16	696	#
855	0.457134	10	6	402	219	16	696	#
856	0.561417	135	338	0	96	697	#
857	0.561417	209	27	28	493	46	96	697	#
858	0.561417	135	338	1	46	96	697	#
859	0.561417	209	27	196	195	493	46	96	697	#
860	0.390337	453	47	698	#
861	0.390337	453	83	231	698	#
862	0.866301	251	199	322	254	155	699	#
863	0.866301	251	112	198	322	254	155	699	#
864	0.866301	251	277	156	699	#
865	0.866301	250	490	322	254	155	699	#
866	0.866301	250	113	199	322	254	155	699	#
867	0.955731	176	485	246	173	106	700	#
868	0.955731	176	485	66	107	700	#
869	0.955731	176	485	246	65	107	700	#
870	0.955731	176	485	222	172	106	700	#
871	0.955731	176	485	253	247	173	106	700	#
872	0.144619	147	148	222	253	#
873	1.025	236	76	169	393	139	701	#
874	1.025	236	76	214	168	393	139	701	#
875	1.025	236	75	163	169	393	139	701	#
876	1.025	236	76	169	309	255	42	101	206	53	54	701	#
877	1.025	236	76	169	309	237	41	42	101	206	53	54	701	#
878	0.234651	238	232	188	413	702	#
879	0.234651	238	232	187	84	413	702	#
880	0.234651	238	232	187	85	52	702	#
881	0.234651	238	232	188	212	52	702	#
882	0.800987	511	255	374	213	283	40	13	22	21	137	703	#
883	0.800987	511	255	374	89	88	283	40	13	22	21	137	703	#
884	0.800987	511	255	374	213	191	404	40	13	22	21	137	703	#
885	0.800987	511	255	374	89	192	404	40	13	22	21	137	703	#
886	0.800987	511	255	374	89	88	191	404	40	13	22	21	137	703	#
887	0.57447	87	481	173	246	704	#
888	0.57447	86	215	481	173	246	704	#
889	0.57447	62	411	106	173	246	704	#
890	0.57447	87	481	172	222	704	#
891	0.57447	87	61	411	106	173	246	704	#
892	1.1495	285	119	107	705	#
893	1.1495	437	129	185	304	66	705	#
894	1.1495	437	129	185	304	246	65	705	#
895	1.1495	285	119	106	173	65	705	#
896	1.1495	437	130	256	304	66	705	#
897	1.04009	67	248	310	136	422	55	706	#
898	1.04009	67	248	310	135	209	422	55	706	#
899	0.486538	224	63	143	150	218	707	#
900	0.486538	224	63	143	150	149	217	707	#
901	0.486538	224	63	190	142	150	218	707	#
902	0.486538	224	63	190	142	150	149	217	707	#
903	0.486538	224	64	159	150	218	707	#
904	0.708095	44	210	197	343	0	#
905	1.11342	184	44	210	329	249	414	138	125	708	#
906	1.11342	183	202	210	329	249	414	138	125	708	#
907	1.11342	183	43	44	210	329	249	414	138	125	708	#
908	1.11342	458	58	189	414	138	125	708	#
909	1.11342	184	44	210	329	249	70	475	37	125	708	#
910	0.496662	439	#
911	0.967735	312	105	408	264	709	#
912	0.967735	177	176	228	362	58	336	260	19	180	709	#
913	0.967735	177	176	228	362	58	473	264	709	#
914	0.967735	177	176	228	262	223	491	414	189	336	260	19	180	709	#
915	0.967735	177	176	228	262	223	491	414	189	473	264	709	#
916	0.823788	70	249	329	210	710	#
917	0.823788	71	248	329	210	710	#
918	0.823788	70	189	248	329	210	710	#
919	0.191369	438	53	#
920	1.11982	499	117	116	290	209	422	55	711	#
921	1.11982	369	333	413	51	126	55	711	#
922	1.11982	499	117	395	126	55	711	#
923	1.11982	499	158	268	116	290	209	422	55	711	#
924	1.11982	369	333	212	52	51	126	55	711	#
925	0.823411	165	156	196	27	136	310	248	67	712	#
926	0.823411	165	156	196	27	209	135	310	248	67	712	#
927	0.823411	165	156	196	27	136	310	249	189	67	712	#
928	0.823411	165	156	196	27	209	135	310	249	189	67	712	#
929	0.823411	165	156	196	27	136	310	248	58	57	712	#
930	0.872791	2	308	213	245	713	#
931	0.872791	2	308	89	88	245	713	#
932	0.872791	2	308	213	191	244	713	#
933	0.872791	2	308	89	192	244	713	#
934	0.872791	2	308	89	88	191	244	713	#
935	0.99068	7	297	41	374	213	245	194	714	#
936	0.99068	7	297	41	374	89	88	245	194	714	#
937	0.99068	7	297	41	374	213	191	244	194	714	#
938	0.99068	7	297	41	374	89	192	244	194	714	#
939	0.99068	7	297	41	374	89	88	191	244	194	714	#
940	0.77288	400	247	65	205	715	#
941	0.77288	400	253	66	205	715	#
942	0.77288	400	253	246	65	205	715	#
943	0.77288	400	247	246	66	205	715	#
944	0.77288	400	247	65	162	161	715	#
945	0.870528	419	22	21	132	358	716	#
946	0.870528	419	22	21	132	122	123	4	716	#
947	0.870528	419	22	21	137	144	358	716	#
948	0.870528	257	91	444	716	#
949	0.709797	346	95	717	#
950	0.709797	346	175	94	717	#
951	0.80535	116	290	209	422	718	#
952	0.80535	395	126	718	#
953	0.951909	78	484	407	143	150	719	#
954	0.951909	78	484	407	190	142	150	719	#
955	0.951909	78	332	259	157	153	154	407	143	150	719	#
956	0.951909	78	332	259	157	153	154	407	190	142	150	719	#
957	0.951909	77	151	484	407	143	150	719	#
958	0.432593	15	443	68	24	207	720	#
959	0.432593	15	443	68	90	208	720	#
960	0.432593	15	443	68	90	23	207	720	#
961	0.432593	15	443	68	24	23	208	720	#
962	0.432593	16	219	443	68	24	207	720	#
963	0.619487	24	207	447	18	17	420	255	721	#
964	0.619487	24	207	447	18	17	420	237	41	721	#
965	0.619487	90	208	447	18	17	420	255	721	#
966	0.619487	90	208	447	18	17	420	237	41	721	#
967	0.619487	24	207	447	215	421	255	721	#
968	0.798477	90	377	257	440	#
969	0.0680169	22	#
970	0.596478	111	192	436	207	722	#
971	0.596478	111	88	191	436	207	722	#
972	0.596478	110	213	191	436	207	722	#
973	0.596478	110	89	192	436	207	722	#
974	0.596478	110	89	88	191	436	207	722	#
975	1.13997	475	460	136	27	196	487	95	723	#
976	1.13997	475	460	135	209	27	196	487	95	723	#
977	1.13997	475	288	195	487	95	723	#
978	1.13997	475	70	249	310	136	27	196	487	95	723	#
979	1.13997	475	70	249	310	135	209	27	196	487	95	723	#
980	0.899626	475	460	136	27	196	156	155	254	724	#
981	0.899626	475	460	135	209	27	196	156	155	254	724	#
982	0.899626	475	288	195	156	155	254	724	#
983	0.899626	475	70	249	310	136	27	196	156	155	254	724	#
984	0.899626	475	70	249	310	135	209	27	196	156	155	254	724	#
985	0.8299	310	136	27	196	156	165	274	725	#
986	0.8299	310	135	209	27	196	156	165	274	725	#
987	0.8299	310	136	27	196	156	165	164	216	725	#
988	0.8299	310	135	209	27	196	156	165	164	216	725	#
989	0.8299	310	136	27	28	195	156	165	274	725	#
990	0.427416	1	457	409	152	726	#
991	0.427416	1	45	131	215	409	152	726	#
992	0.427416	1	45	131	87	86	409	152	726	#
993	1.01055	369	333	413	727	#
994	1.01055	369	333	212	52	727	#
995	1.01055	92	266	247	65	333	413	727	#
996	1.01055	369	333	84	85	52	727	#
997	1.01055	92	266	253	66	333	413	727	#
998	0.0664232	264	180	#
999	0.587603	207	313	156	165	164	728	#
1000	0.587603	208	23	313	156	165	164	728	#
