%% File generated by CATS v.2.1Thu May  9 12:49:32 2024

%% The CATS webpage is http://robotics.stanford.edu/CATS

%% PARAMETER SETTINGS:
% Goods: 512; Bids: 1000; Distribution: paths; Runs: 1; Seed: 29
% Paths Distribution Parameters:
% Initial connections:       = 2
% Edge density:              = 3.000000
% Shipping cost factor:      = 1.500000
% Max bid set size:          = 5
% Building penalty:          = 1.700000



goods 512
bids 1001
dummy 437

0	0.938856	170	297	494	#
1	0.560481	20	46	228	299	387	423	512	#
2	0.560481	21	46	164	299	387	423	512	#
3	0.560481	20	27	46	200	228	263	299	387	512	#
4	0.560481	8	21	45	47	204	479	512	#
5	0.560481	20	26	46	201	228	263	299	387	512	#
6	1.06115	99	100	130	195	215	227	463	470	502	513	#
7	1.06115	5	99	100	130	152	195	215	227	463	470	513	#
8	1.06115	64	99	100	130	196	215	227	463	470	502	513	#
9	1.06115	6	99	100	130	152	196	215	227	463	470	513	#
10	1.06115	5	64	99	100	130	152	196	215	227	463	470	513	#
11	0.577588	17	100	197	352	514	#
12	0.577588	22	23	75	100	125	156	197	236	303	514	#
13	0.577588	17	18	22	23	75	100	156	197	236	303	514	#
14	0.868608	228	250	306	383	515	#
15	0.868608	20	21	164	250	306	383	515	#
16	0.868608	54	132	250	258	306	328	515	#
17	0.778785	92	211	329	419	516	#
18	0.778785	7	204	211	329	419	516	#
19	0.778785	7	99	100	125	197	370	516	#
20	0.778785	92	95	211	416	419	516	#
21	0.778785	7	17	18	99	100	197	370	516	#
22	0.764527	98	251	494	517	#
23	0.764527	98	122	123	494	517	#
24	0.764527	97	111	112	116	132	206	231	251	473	517	#
25	0.764527	97	111	112	116	122	123	132	206	231	473	517	#
26	0.764527	97	111	112	116	132	207	231	235	251	473	517	#
27	0.947533	23	34	35	80	212	247	448	518	#
28	0.947533	23	75	81	303	329	419	518	#
29	0.947533	23	81	238	329	404	518	#
30	0.947533	23	52	53	75	81	211	457	518	#
31	0.947533	23	35	80	212	246	252	448	518	#
32	0.906799	99	100	135	191	192	293	470	#
33	0.969346	192	304	344	519	#
34	0.969346	85	90	113	184	256	304	439	519	#
35	0.969346	84	90	113	183	184	256	304	439	519	#
36	0.969346	85	91	113	184	242	256	304	439	519	#
37	0.969346	84	91	113	183	184	242	256	304	439	519	#
38	0.821281	40	127	138	228	250	445	520	#
39	0.821281	40	41	126	138	228	250	445	520	#
40	0.821281	127	139	228	230	250	445	520	#
41	0.821281	41	126	139	228	230	250	445	520	#
42	0.821281	127	138	228	229	230	250	445	520	#
43	1.1721	10	257	476	503	521	#
44	1.1721	10	44	160	161	424	443	521	#
45	1.1721	90	113	114	182	257	381	503	521	#
46	1.1721	10	15	160	161	162	163	424	503	521	#
47	1.1721	10	124	243	273	506	521	#
48	0.799531	140	198	501	#
49	0.78453	249	425	522	#
50	0.78453	33	248	256	308	522	#
51	0.721556	85	90	175	184	317	523	#
52	0.721556	84	90	175	183	184	317	523	#
53	0.721556	85	91	175	184	242	317	523	#
54	0.721556	84	91	175	183	184	242	317	523	#
55	0.437645	69	76	438	524	#
56	0.437645	70	73	76	438	524	#
57	0.437645	69	77	178	438	524	#
58	0.437645	70	73	77	178	438	524	#
59	0.437645	70	76	78	79	438	524	#
60	0.131522	30	171	525	#
61	0.131522	159	170	525	#
62	0.131522	30	31	170	525	#
63	0.55277	7	8	47	140	377	#
64	0.382548	9	130	476	#
65	0.463897	10	126	351	526	#
66	0.463897	40	127	281	331	526	#
67	0.463897	40	41	126	281	331	526	#
68	0.463897	10	41	127	351	526	#
69	0.463897	40	127	138	153	195	331	502	526	#
70	1.26321	60	61	217	237	254	374	392	527	#
71	1.26321	60	61	279	459	527	#
72	1.26321	60	61	218	226	237	254	374	392	527	#
73	1.26321	60	61	217	237	247	254	374	459	527	#
74	1.26321	1	20	60	61	116	228	387	398	433	527	#
75	1.13531	46	241	322	528	#
76	1.13531	46	240	253	322	528	#
77	1.13531	45	46	47	158	226	241	347	417	528	#
78	1.13531	150	179	218	241	276	423	528	#
79	1.13531	27	150	179	200	218	241	263	276	528	#
80	0.443465	108	166	167	188	189	218	253	529	#
81	0.443465	13	14	108	166	167	188	189	217	529	#
82	0.443465	108	166	167	188	189	217	226	253	529	#
83	0.443465	13	14	108	166	167	188	189	218	226	529	#
84	0.856901	34	35	97	98	212	376	530	#
85	0.856901	34	35	78	212	258	376	530	#
86	0.856901	94	97	98	330	346	530	#
87	0.856901	95	330	402	530	#
88	0.856901	80	81	329	402	530	#
89	0.967259	1	27	66	263	299	360	531	#
90	0.967259	1	26	66	174	263	299	360	531	#
91	0.921289	46	296	532	#
92	0.921289	85	90	113	114	130	175	184	201	405	532	#
93	0.921289	85	90	113	114	130	174	175	184	200	405	532	#
94	0.921289	84	90	113	114	130	175	183	184	201	405	532	#
95	0.921289	84	90	113	114	130	174	175	183	184	200	405	532	#
96	0.712067	78	235	494	533	#
97	0.712067	73	79	235	494	533	#
98	0.712067	78	206	207	494	533	#
99	0.712067	73	79	206	207	494	533	#
100	0.712067	111	112	116	132	207	231	258	473	533	#
101	0.720255	43	55	101	209	407	534	#
102	0.720255	55	101	210	238	407	534	#
103	0.720255	42	43	55	101	210	407	534	#
104	0.720255	43	54	55	101	209	258	346	534	#
105	0.720255	42	55	101	209	238	407	534	#
106	0.747361	15	315	424	499	535	#
107	0.747361	16	44	315	424	499	535	#
108	0.747361	13	30	60	217	237	254	480	535	#
109	0.747361	31	61	484	535	#
110	0.747361	30	61	159	484	535	#
111	0.455813	41	230	351	536	#
112	0.455813	126	127	230	351	536	#
113	0.455813	40	41	229	351	536	#
114	0.455813	10	229	281	331	536	#
115	0.455813	40	126	127	229	351	536	#
116	0.463041	73	98	100	420	537	#
117	0.463041	78	79	98	100	420	537	#
118	0.463041	79	97	100	258	420	537	#
119	0.463041	73	78	97	100	258	420	537	#
120	0.463041	69	70	98	100	420	537	#
121	0.855764	24	25	143	350	538	#
122	0.855764	24	25	142	158	350	538	#
123	0.855764	24	25	142	192	334	538	#
124	0.855764	24	25	135	142	224	225	334	538	#
125	0.855764	24	25	143	158	192	334	538	#
126	1.10676	0	195	300	398	502	539	#
127	1.10676	0	5	152	195	300	398	539	#
128	1.10676	0	64	196	300	398	502	539	#
129	1.10676	0	6	152	196	300	398	539	#
130	1.10676	0	5	64	152	196	300	398	539	#
131	0.806014	75	218	241	301	540	#
132	0.806014	13	23	217	357	480	540	#
133	0.806014	75	217	226	241	301	540	#
134	0.806014	75	218	240	253	301	540	#
135	0.806014	13	14	75	217	240	301	540	#
136	1.06714	9	10	115	181	205	487	541	#
137	1.06714	9	10	115	148	149	181	487	541	#
138	1.06714	10	115	116	161	181	309	541	#
139	1.06714	9	10	115	180	182	205	487	541	#
140	1.06714	9	10	115	148	149	180	182	487	541	#
141	0.913324	9	27	263	299	367	542	#
142	0.913324	9	26	174	263	299	367	542	#
143	0.913324	9	130	174	405	476	542	#
144	0.913324	9	27	150	151	179	263	367	542	#
145	0.913324	9	26	150	151	174	179	263	367	542	#
146	0.560688	102	108	188	189	274	340	543	#
147	0.560688	64	102	108	153	188	189	274	502	543	#
148	0.560688	6	102	108	152	153	188	189	274	543	#
149	0.560688	5	64	102	108	152	153	188	189	274	543	#
150	0.560688	102	108	188	189	260	340	363	543	#
151	0.550202	162	485	544	#
152	0.550202	162	257	427	544	#
153	0.322835	2	72	74	204	545	#
154	0.322835	2	7	72	74	92	545	#
155	0.866919	52	53	73	98	204	438	461	546	#
156	0.866919	7	52	53	73	92	98	438	461	546	#
157	0.866919	99	100	370	420	546	#
158	0.866919	20	21	97	132	204	328	479	546	#
159	0.866919	20	21	53	97	132	204	320	328	546	#
160	0.79351	16	96	333	458	547	#
161	0.79351	15	44	96	333	458	547	#
162	0.79351	96	155	333	399	458	547	#
163	0.79351	44	96	154	333	399	458	547	#
164	0.79351	15	96	154	155	333	458	547	#
165	1.20536	56	84	165	191	256	439	493	548	#
166	1.20536	56	115	116	191	302	548	#
167	1.20536	56	85	165	183	191	256	439	493	548	#
168	1.20536	56	85	115	116	191	256	398	439	468	548	#
169	1.20536	56	84	115	116	183	191	256	398	439	468	548	#
170	0.900255	36	82	83	147	169	252	478	490	549	#
171	0.900255	34	36	82	83	147	169	233	478	490	549	#
172	0.900255	35	80	81	82	83	147	169	212	252	267	478	549	#
173	0.900255	34	35	80	81	82	83	147	169	212	233	267	478	549	#
174	0.584149	6	191	259	495	550	#
175	0.584149	5	64	191	259	495	550	#
176	0.939098	264	551	#
177	0.939098	82	83	107	108	147	169	188	233	368	478	551	#
178	0.939098	166	167	189	217	247	368	374	551	#
179	0.939098	2	82	83	107	108	147	169	188	295	478	551	#
180	0.884485	199	380	474	#
181	0.770948	164	320	383	552	#
182	0.770948	20	21	228	320	383	552	#
183	0.770948	52	55	413	461	552	#
184	0.770948	52	54	79	438	461	552	#
185	0.770948	52	54	73	78	438	461	552	#
186	1.06694	219	220	339	449	553	#
187	1.06694	11	12	117	339	449	553	#
188	1.06694	219	220	381	436	553	#
189	1.06694	90	219	220	286	339	381	553	#
190	1.06694	11	12	117	381	436	553	#
191	0.748242	120	149	355	462	554	#
192	0.748242	20	21	88	121	149	250	355	554	#
193	0.748242	88	121	223	332	554	#
194	0.748242	88	121	149	164	228	250	355	554	#
195	0.748242	120	148	205	355	462	554	#
196	0.910996	225	256	308	439	555	#
197	0.910996	36	172	224	312	555	#
198	0.910996	38	209	224	255	325	466	555	#
199	0.910996	39	135	209	224	325	466	555	#
200	0.910996	38	131	135	209	224	325	466	555	#
201	1.06382	9	10	115	182	205	487	556	#
202	1.06382	9	10	115	148	149	182	487	556	#
203	1.06382	10	115	116	161	182	309	556	#
204	1.06382	111	182	282	467	505	556	#
205	1.06382	84	165	248	249	256	493	556	#
206	0.618586	85	191	256	335	439	557	#
207	0.618586	6	94	259	495	557	#
208	0.618586	5	64	94	259	495	557	#
209	0.618586	84	183	191	256	335	439	557	#
210	0.618586	39	183	191	192	335	435	557	#
211	0.70399	64	75	191	259	327	502	558	#
212	0.70399	6	75	152	191	259	327	558	#
213	0.70399	5	64	75	152	191	259	327	558	#
214	0.70399	5	6	75	191	259	327	502	558	#
215	0.70399	75	191	195	196	259	327	502	558	#
216	0.762978	160	172	175	308	#
217	0.990801	13	45	47	158	347	417	559	#
218	0.990801	13	226	322	559	#
219	0.990801	14	253	322	559	#
220	0.990801	13	217	218	322	559	#
221	0.990801	13	45	47	142	143	347	417	559	#
222	0.289744	108	177	188	189	560	#
223	0.289744	108	176	188	189	193	560	#
224	0.771189	4	67	91	168	169	194	216	239	475	561	#
225	0.771189	4	113	169	194	239	394	561	#
226	0.771189	4	67	90	168	169	194	216	239	242	475	561	#
227	0.771189	3	67	91	168	169	194	216	239	243	475	561	#
228	0.771189	67	91	144	145	168	169	216	239	475	561	#
229	0.261727	85	90	184	248	256	562	#
230	0.261727	84	90	183	184	248	256	562	#
231	0.261727	85	91	184	242	248	256	562	#
232	0.261727	84	91	183	184	242	248	256	562	#
233	0.261727	90	249	381	562	#
234	0.954587	9	186	263	299	367	563	#
235	0.954587	9	150	151	179	186	263	367	563	#
236	0.954587	9	26	187	263	299	367	563	#
237	0.954587	149	164	186	263	299	355	387	563	#
238	0.954587	9	130	187	405	476	563	#
239	0.618586	85	191	256	335	439	564	#
240	0.618586	6	94	259	495	564	#
241	0.618586	5	64	94	259	495	564	#
242	0.618586	84	183	191	256	335	439	564	#
243	0.618586	39	183	191	192	335	435	564	#
244	1.23042	365	565	#
245	1.23042	40	138	153	504	565	#
246	1.23042	40	99	130	281	397	463	565	#
247	1.23042	139	153	230	504	565	#
248	1.23042	138	153	229	230	504	565	#
249	0.758197	199	369	566	#
250	0.758197	70	199	421	566	#
251	0.758197	69	73	199	421	566	#
252	0.659526	158	441	#
253	0.179293	73	97	98	132	567	#
254	0.179293	79	132	258	567	#
255	0.179293	73	78	132	258	567	#
256	0.994498	15	54	78	98	123	315	345	568	#
257	0.994498	15	54	97	123	258	315	345	568	#
258	0.994498	15	54	73	79	98	123	315	345	568	#
259	0.994498	15	54	78	98	122	251	315	345	568	#
260	0.994498	54	60	70	78	218	237	254	464	568	#
261	0.660075	6	191	259	327	569	#
262	0.660075	5	64	191	259	327	569	#
263	0.660075	5	191	195	196	259	327	569	#
264	0.660075	56	57	191	327	569	#
265	0.660075	64	152	191	259	327	502	569	#
266	0.785152	135	344	384	#
267	0.495196	135	192	293	570	#
268	0.495196	130	131	192	257	278	570	#
269	0.495196	114	130	192	344	570	#
270	0.495196	131	192	255	293	570	#
271	0.495196	85	90	113	114	130	184	256	439	570	#
272	0.672214	119	143	151	228	250	306	387	#
273	0.113622	40	41	102	138	#
274	1.07419	8	47	66	140	377	415	571	#
275	1.07419	8	47	65	124	140	377	415	571	#
276	1.07419	8	47	66	141	165	377	415	571	#
277	1.07419	47	66	71	72	140	377	415	571	#
278	1.29929	0	40	117	127	281	300	341	572	#
279	1.29929	0	40	41	117	126	281	300	341	572	#
280	1.29929	40	99	100	127	130	275	281	463	572	#
281	1.29929	40	41	99	100	126	130	275	281	463	572	#
282	1.29929	0	40	117	127	138	153	195	300	341	502	572	#
283	0.665226	34	35	121	245	349	375	573	#
284	0.665226	34	35	89	120	245	349	375	573	#
285	0.665226	34	35	121	178	244	349	375	573	#
286	0.665226	34	35	76	77	121	244	349	375	573	#
287	0.762582	9	49	153	157	195	262	331	502	574	#
288	0.762582	9	49	105	153	156	195	262	331	502	574	#
289	0.762582	9	49	157	196	262	331	340	574	#
290	0.762582	5	9	49	152	153	157	195	262	331	574	#
291	0.762582	9	49	105	156	196	262	331	340	574	#
292	0.770928	15	295	458	#
293	1.0838	139	356	575	#
294	1.0838	138	229	356	575	#
295	1.0838	40	138	230	356	575	#
296	1.0838	99	100	130	215	229	281	463	470	575	#
297	1.0838	99	100	130	139	153	195	215	463	470	502	575	#
298	0.711568	84	93	160	175	446	576	#
299	0.711568	85	93	160	175	183	446	576	#
300	0.711568	73	93	97	98	111	112	132	453	576	#
301	0.711568	84	160	175	231	232	446	576	#
302	0.711568	79	93	111	112	132	258	453	576	#
303	0.784023	198	255	434	577	#
304	0.784023	131	135	198	434	577	#
305	0.784023	38	39	135	198	434	577	#
306	0.784023	55	224	437	577	#
307	0.784023	185	198	224	316	577	#
308	0.963303	224	312	578	#
309	0.963303	135	192	225	312	578	#
310	0.963303	131	192	225	255	312	578	#
311	0.963303	37	299	387	391	578	#
312	0.963303	36	172	225	256	308	439	578	#
313	0.880645	110	206	469	579	#
314	0.880645	23	70	75	199	206	396	494	579	#
315	0.880645	23	69	73	75	199	206	396	494	579	#
316	0.880645	157	206	352	361	579	#
317	0.880645	18	23	75	206	303	361	396	579	#
318	1.18465	52	53	204	415	457	#
319	0.914922	5	101	195	211	329	495	580	#
320	0.914922	6	101	196	211	329	495	580	#
321	0.914922	5	64	101	196	211	329	495	580	#
322	0.914922	6	64	101	195	211	329	495	580	#
323	0.914922	5	94	195	211	416	495	580	#
324	0.622374	61	83	107	510	581	#
325	0.622374	60	61	83	107	108	166	167	188	189	237	254	581	#
326	0.622374	83	107	108	188	189	202	203	363	581	#
327	0.541107	12	76	219	245	364	582	#
328	0.541107	12	77	219	244	364	582	#
329	0.541107	11	76	117	220	245	364	582	#
330	0.541107	12	76	178	219	244	364	582	#
331	0.541107	11	77	117	220	244	364	582	#
332	0.60437	93	161	446	583	#
333	0.60437	9	62	268	583	#
334	0.884281	111	125	282	336	584	#
335	0.884281	111	237	282	418	584	#
336	0.884281	17	18	111	282	336	584	#
337	0.884281	13	111	125	217	254	282	411	584	#
338	0.884281	13	17	18	111	217	254	282	411	584	#
339	0.941572	2	189	264	585	#
340	0.941572	166	167	217	246	295	374	585	#
341	0.941572	2	166	167	217	247	368	374	585	#
342	0.941572	2	24	25	142	166	167	217	417	451	585	#
343	0.941572	166	167	218	226	246	295	374	585	#
344	1.00562	8	23	47	52	53	75	204	457	586	#
345	1.00562	7	8	23	47	52	53	75	92	457	586	#
346	1.00562	23	47	69	75	199	343	586	#
347	1.00562	23	47	70	73	75	199	343	586	#
348	1.00562	37	45	46	423	429	586	#
349	0.91147	24	25	133	142	307	334	587	#
350	0.91147	146	192	288	350	587	#
351	0.91147	146	191	313	587	#
352	0.91147	24	25	96	103	133	142	208	334	587	#
353	0.91147	131	192	278	390	587	#
354	0.910799	31	107	108	314	588	#
355	0.910799	30	107	108	159	314	588	#
356	0.910799	85	107	108	166	175	188	189	319	499	588	#
357	0.910799	84	107	108	166	175	183	188	189	319	499	588	#
358	0.910799	107	108	170	171	314	588	#
359	0.819354	20	48	228	269	387	589	#
360	0.819354	21	48	164	269	387	589	#
361	0.819354	49	151	157	270	589	#
362	0.819354	49	105	151	156	270	589	#
363	0.819354	48	106	151	157	270	589	#
364	1.1307	99	128	130	440	463	590	#
365	1.1307	99	129	130	213	440	463	590	#
366	1.1307	99	128	135	191	192	196	259	293	440	590	#
367	1.1307	64	99	128	135	191	192	195	259	293	440	590	#
368	0.669868	207	460	591	#
369	0.669868	206	235	460	591	#
370	0.439278	190	242	475	592	#
371	0.439278	90	91	190	475	592	#
372	0.439278	67	68	242	475	592	#
373	0.439278	67	68	90	91	475	592	#
374	0.879498	125	132	282	411	593	#
375	0.879498	17	18	132	282	411	593	#
376	0.879498	14	70	97	98	199	240	301	593	#
377	0.879498	14	69	73	97	98	199	240	301	593	#
378	0.879498	14	70	78	199	240	258	301	593	#
379	0.75251	23	75	95	110	303	396	419	#
380	0.775943	39	82	83	107	147	239	265	594	#
381	0.775943	38	82	83	107	131	147	239	265	594	#
382	0.775943	64	191	192	239	259	277	594	#
383	0.775943	38	82	83	107	135	147	239	255	265	594	#
384	0.775943	169	191	192	239	298	594	#
385	0.941636	163	244	315	353	#
386	0.495239	226	374	#
387	0.875943	68	216	285	595	#
388	0.875943	67	190	216	285	595	#
389	0.875943	45	47	143	326	347	595	#
390	0.875943	45	47	142	158	326	347	595	#
391	0.875943	8	45	47	52	53	204	271	595	#
392	0.75387	229	362	596	#
393	0.75387	3	102	139	260	283	596	#
394	0.75387	3	86	87	102	139	283	596	#
395	0.75387	40	230	362	596	#
396	0.75387	138	139	362	596	#
397	0.900416	9	195	268	331	502	597	#
398	0.900416	5	9	152	195	268	331	597	#
399	0.900416	9	64	196	268	331	502	597	#
400	0.900416	6	9	152	196	268	331	597	#
401	0.900416	5	9	64	152	196	268	331	597	#
402	0.099652	85	90	184	598	#
403	0.099652	84	90	183	184	598	#
404	0.208885	363	#
405	0.840193	114	134	284	599	#
406	0.840193	114	133	146	284	599	#
407	0.840193	114	133	257	390	599	#
408	0.840193	103	104	114	208	234	284	599	#
409	0.840193	103	208	333	394	478	599	#
410	0.565114	46	50	117	508	600	#
411	0.565114	45	51	140	377	600	#
412	0.931629	67	168	169	194	216	239	242	321	475	601	#
413	0.931629	3	9	205	273	601	#
414	0.931629	3	9	148	149	273	601	#
415	0.931629	67	147	194	239	242	321	455	475	601	#
416	0.931629	67	90	91	168	169	194	216	239	321	475	601	#
417	0.984791	99	130	162	163	257	399	440	602	#
418	0.984791	15	99	130	154	162	163	257	440	602	#
419	0.984791	28	162	163	399	400	602	#
420	0.984791	16	99	130	155	162	163	257	440	602	#
421	0.984791	15	44	99	130	155	162	163	257	440	602	#
422	0.636312	4	42	145	509	603	#
423	0.636312	3	42	145	243	509	603	#
424	0.636312	42	144	194	509	603	#
425	1.03591	202	211	261	604	#
426	1.03591	34	35	60	61	80	81	211	212	279	604	#
427	1.03591	60	61	80	81	142	211	212	217	237	254	372	417	604	#
428	1.03591	34	35	60	61	80	81	211	212	217	237	247	254	374	604	#
429	1.03591	21	60	61	433	479	604	#
430	0.577209	225	450	605	#
431	0.577209	135	192	224	450	605	#
432	0.577209	131	192	224	255	450	605	#
433	0.577209	56	191	450	500	605	#
434	0.577209	38	39	192	224	255	450	605	#
435	0.88669	246	386	606	#
436	0.88669	233	247	386	606	#
437	0.88669	55	228	246	383	482	606	#
438	0.88669	34	247	252	386	606	#
439	0.88669	55	88	121	228	233	250	349	383	606	#
440	0.518063	30	85	106	175	357	396	499	607	#
441	0.518063	30	84	106	175	183	357	396	499	607	#
442	0.518063	106	157	184	242	431	607	#
443	0.518063	105	106	156	184	242	431	607	#
444	0.518063	184	291	380	607	#
445	1.03376	13	215	417	441	608	#
446	1.03376	125	222	358	411	608	#
447	1.03376	17	18	222	358	411	608	#
448	1.03376	125	221	227	358	411	608	#
449	1.03376	17	18	221	227	358	411	608	#
450	0.252852	38	255	435	609	#
451	0.252852	39	135	435	609	#
452	0.252852	38	131	135	435	609	#
453	0.860875	36	135	312	610	#
454	0.860875	39	172	209	325	466	610	#
455	0.860875	38	131	172	209	325	466	610	#
456	0.860875	52	172	173	344	384	610	#
457	0.0717858	252	611	#
458	0.0717858	34	233	611	#
459	0.772628	13	80	142	212	372	417	612	#
460	0.772628	13	34	35	80	212	247	374	612	#
461	0.772628	13	35	80	212	246	252	374	612	#
462	0.772628	13	34	35	80	212	233	246	374	612	#
463	0.772628	13	80	143	158	212	372	417	612	#
464	0.701155	49	135	191	192	396	507	613	#
465	0.701155	23	49	191	327	396	613	#
466	0.701155	48	106	135	191	192	396	507	613	#
467	0.701155	23	48	106	191	327	396	613	#
468	0.701155	22	49	105	135	191	192	236	507	613	#
469	0.73121	24	25	96	103	142	226	417	614	#
470	0.73121	24	25	96	103	142	217	218	417	614	#
471	0.73121	103	226	246	333	374	614	#
472	0.73121	103	217	218	246	333	374	614	#
473	1.11875	28	99	130	196	440	463	615	#
474	1.11875	28	64	99	130	195	440	463	615	#
475	1.11875	131	191	192	259	278	400	615	#
476	1.11875	130	196	289	405	463	615	#
477	1.11875	5	6	28	99	130	195	440	463	615	#
478	0.55816	217	374	616	#
479	0.55816	218	226	374	616	#
480	0.782083	22	324	617	#
481	0.782083	9	10	126	156	236	262	351	617	#
482	0.782083	22	40	127	135	138	191	192	259	340	507	617	#
483	0.782083	22	40	41	126	135	138	191	192	259	340	507	617	#
484	0.782083	22	40	64	127	135	138	153	191	192	259	502	507	617	#
485	0.882517	67	91	99	100	113	114	125	130	197	216	475	618	#
486	0.882517	99	100	114	125	130	168	197	394	618	#
487	0.882517	17	18	67	91	99	100	113	114	130	197	216	475	618	#
488	0.882517	17	18	99	100	114	130	168	197	394	618	#
489	1.21082	0	40	127	281	300	398	619	#
490	1.21082	0	40	41	126	281	300	398	619	#
491	1.21082	0	40	127	138	153	195	300	398	502	619	#
492	1.21082	0	127	229	230	281	300	398	619	#
493	1.21082	0	40	127	138	196	300	340	398	619	#
494	0.225905	20	228	387	620	#
495	0.225905	21	164	387	620	#
496	0.607665	44	73	98	123	345	621	#
497	0.607665	44	73	98	122	251	345	621	#
498	0.607665	44	78	79	98	123	345	621	#
499	0.607665	44	79	97	123	258	345	621	#
500	0.607665	44	73	78	97	123	258	345	621	#
501	0.451223	73	76	245	438	622	#
502	0.451223	73	77	244	438	622	#
503	0.451223	73	76	178	244	438	622	#
504	0.451223	73	77	178	245	438	622	#
505	0.451223	76	78	79	245	438	622	#
506	1.19523	128	176	440	496	623	#
507	1.19523	99	128	130	166	177	257	414	440	623	#
508	1.19523	99	128	130	166	176	193	257	414	440	623	#
509	1.19523	29	166	177	400	414	623	#
510	1.19523	29	166	176	193	400	414	623	#
511	0.952137	122	208	348	624	#
512	0.952137	97	101	103	238	251	346	481	624	#
513	0.952137	97	101	103	122	123	238	346	481	624	#
514	0.952137	134	208	284	427	624	#
515	0.952137	97	103	233	251	333	376	624	#
516	0.842214	76	186	198	245	382	413	625	#
517	0.842214	77	186	198	244	382	413	625	#
518	0.842214	26	76	187	198	245	382	413	625	#
519	0.842214	26	77	187	198	244	382	413	625	#
520	0.842214	76	178	186	198	244	382	413	625	#
521	0.34378	91	475	626	#
522	0.34378	90	242	475	626	#
523	0.938563	199	219	380	474	627	#
524	0.938563	23	75	106	199	219	396	474	627	#
525	0.938563	18	303	380	498	627	#
526	0.938563	22	23	75	105	106	199	219	236	474	627	#
527	0.938563	106	157	352	498	627	#
528	0.87194	4	145	150	179	465	628	#
529	0.87194	3	145	150	179	243	465	628	#
530	0.87194	144	150	179	194	465	628	#
531	0.87194	3	151	228	250	387	488	628	#
532	0.87194	1	151	194	272	628	#
533	0.675305	206	494	629	#
534	0.675305	207	235	494	629	#
535	0.734887	52	53	76	204	232	359	461	630	#
536	0.734887	52	53	76	93	204	231	359	461	630	#
537	0.734887	7	52	53	76	92	232	359	461	630	#
538	0.734887	7	52	53	76	92	93	231	359	461	630	#
539	0.734887	52	53	172	173	204	366	630	#
540	0.780219	8	47	53	204	384	631	#
541	0.780219	7	8	47	53	92	384	631	#
542	0.780219	8	47	114	130	370	631	#
543	0.780219	47	53	71	72	204	384	631	#
544	0.780219	7	47	53	71	72	92	384	631	#
545	0.383128	81	329	#
546	0.817251	24	25	96	104	142	217	234	237	254	417	632	#
547	0.817251	104	217	234	237	246	254	333	374	632	#
548	0.817251	24	25	134	142	217	237	254	307	417	632	#
549	0.817251	158	217	237	254	288	417	632	#
550	0.817251	104	233	234	279	333	632	#
551	0.906182	174	477	633	#
552	0.906182	174	187	472	633	#
553	0.906182	27	186	472	633	#
554	0.906182	26	174	186	472	633	#
555	0.906182	105	174	187	236	447	633	#
556	0.853551	16	233	458	483	634	#
557	0.853551	15	44	233	458	483	634	#
558	0.853551	16	34	252	458	483	634	#
559	0.853551	15	34	44	252	458	483	634	#
560	0.853551	67	168	216	229	233	456	478	634	#
561	0.241892	72	74	#
562	0.56059	151	228	250	306	387	#
563	1.10153	51	99	379	397	635	#
564	1.10153	51	84	140	248	256	493	635	#
565	1.10153	50	85	117	248	256	341	468	635	#
566	1.10153	51	85	140	183	248	256	493	635	#
567	1.10153	50	84	117	183	248	256	341	468	635	#
568	0.558095	18	182	505	636	#
569	0.558095	17	125	182	505	636	#
570	0.558095	18	180	181	505	636	#
571	0.944649	51	140	198	501	637	#
572	0.944649	51	141	165	198	501	637	#
573	0.944649	11	50	76	117	198	245	364	413	637	#
574	0.944649	11	50	77	117	198	244	364	413	637	#
575	0.944649	51	54	55	198	292	637	#
576	0.656105	99	130	166	188	189	257	414	#
577	0.804191	121	131	349	401	638	#
578	0.804191	34	38	183	184	242	435	486	638	#
579	0.804191	121	135	255	349	401	638	#
580	0.804191	38	39	121	349	401	638	#
581	0.804191	34	38	90	91	183	184	435	486	638	#
582	0.548364	326	372	639	#
583	0.548364	35	68	168	216	252	478	639	#
584	0.548364	34	35	68	168	216	233	478	639	#
585	0.380956	420	640	#
586	0.380956	97	125	132	197	282	640	#
587	0.380956	17	18	97	132	197	282	640	#
588	1.0184	49	105	287	455	641	#
589	1.0184	49	67	157	431	455	475	641	#
590	1.0184	49	67	105	156	431	455	475	641	#
591	1.0184	48	105	106	287	455	641	#
592	1.0184	48	67	106	157	431	455	475	641	#
593	0.699612	183	184	311	642	#
594	0.699612	81	183	335	416	642	#
595	0.699612	80	183	184	212	280	642	#
596	0.699612	35	80	183	184	212	242	486	642	#
597	0.699612	84	85	184	311	642	#
598	0.805529	28	111	282	385	643	#
599	0.805529	125	289	471	643	#
600	0.805529	17	18	289	471	643	#
601	0.805529	29	111	128	282	385	643	#
602	0.629659	166	177	184	242	319	644	#
603	0.629659	166	176	184	193	242	319	644	#
604	0.629659	90	91	166	177	184	319	644	#
605	0.629659	90	91	166	176	184	193	319	644	#
606	0.629659	91	113	114	166	177	257	414	644	#
607	0.799617	427	463	645	#
608	0.799617	131	191	192	196	259	278	485	645	#
609	0.799617	64	131	191	192	195	259	278	485	645	#
610	0.4191	56	85	90	184	191	256	439	646	#
611	0.4191	56	84	90	183	184	191	256	439	646	#
612	0.4191	56	85	91	184	191	242	256	439	646	#
613	0.4191	56	84	91	183	184	191	242	256	439	646	#
614	0.4191	39	56	90	183	184	191	192	435	646	#
615	0.213775	108	166	188	189	#
616	0.0397979	42	#
617	1.02539	148	219	321	436	647	#
618	1.02539	90	148	219	286	321	339	647	#
619	1.02539	11	12	219	355	444	647	#
620	1.02539	117	220	355	444	647	#
621	1.02539	149	268	497	647	#
622	0.425073	131	192	278	648	#
623	0.425073	135	192	255	278	648	#
624	0.425073	38	39	192	278	648	#
625	0.425073	224	225	255	278	648	#
626	0.425073	131	135	224	225	278	648	#
627	0.770366	269	649	#
628	0.770366	20	48	328	442	649	#
629	0.770366	20	70	97	98	132	199	328	380	649	#
630	0.770366	20	69	73	97	98	132	199	328	380	649	#
631	0.770366	20	23	70	75	97	98	106	132	199	328	396	649	#
632	0.795392	100	275	650	#
633	0.795392	100	214	219	220	339	470	650	#
634	0.795392	11	12	100	117	214	339	470	650	#
635	0.795392	50	51	397	650	#
636	0.795392	58	59	100	215	219	220	339	470	650	#
637	0.717993	430	651	#
638	0.717993	81	267	393	651	#
639	0.717993	52	53	81	172	173	211	393	651	#
640	1.24159	40	99	100	130	214	281	339	463	470	652	#
641	1.24159	40	99	100	130	138	153	195	214	339	463	470	502	652	#
642	1.24159	99	100	130	214	229	230	281	339	463	470	652	#
643	1.24159	40	99	100	130	138	196	214	339	340	463	470	652	#
644	1.24159	5	40	99	100	130	138	152	153	195	214	339	463	470	652	#
645	0.865109	199	369	380	653	#
646	0.865109	70	199	380	421	653	#
647	0.865109	69	73	199	380	421	653	#
648	0.865109	23	75	106	199	369	396	653	#
649	0.865109	23	70	75	106	199	396	421	653	#
650	0.754614	8	53	90	113	204	384	654	#
651	0.754614	7	8	53	90	92	113	384	654	#
652	0.754614	8	90	113	114	130	370	654	#
653	0.754614	8	53	91	113	204	242	384	654	#
654	0.754614	7	8	53	91	92	113	242	384	654	#
655	1.15252	12	68	142	219	326	452	655	#
656	1.15252	67	91	219	286	339	475	655	#
657	1.15252	67	219	242	436	475	655	#
658	1.15252	67	90	219	242	286	339	475	655	#
659	1.15252	67	90	91	219	436	475	655	#
660	1.00089	46	290	656	#
661	1.00089	46	201	477	656	#
662	1.00089	46	174	200	477	656	#
663	1.00089	46	187	201	472	656	#
664	1.00089	46	174	187	200	472	656	#
665	1.30441	60	61	217	237	254	389	657	#
666	1.30441	60	61	218	226	237	254	389	657	#
667	1.30441	11	12	21	60	61	433	444	657	#
668	1.30441	12	60	61	217	237	254	417	452	657	#
669	1.30441	61	99	100	130	162	163	214	257	315	339	470	657	#
670	0.905126	337	658	#
671	0.905126	87	102	191	225	259	316	340	658	#
672	0.905126	64	87	102	153	191	225	259	316	502	658	#
673	0.905126	6	87	102	152	153	191	225	259	316	658	#
674	0.905126	5	64	87	102	152	153	191	225	259	316	658	#
675	1.26788	40	99	100	130	214	219	281	339	463	470	659	#
676	1.26788	40	99	100	130	138	153	195	214	219	339	463	470	502	659	#
677	1.26788	99	100	130	214	219	229	230	281	339	463	470	659	#
678	1.26788	40	99	100	130	138	196	214	219	339	340	463	470	659	#
679	1.26788	5	40	99	100	130	138	152	153	195	214	219	339	463	470	659	#
680	1.07274	310	660	#
681	1.07274	216	406	660	#
682	1.07274	168	185	198	403	660	#
683	1.07274	136	137	168	198	403	660	#
684	1.07274	55	67	91	113	185	198	216	294	475	660	#
685	0.63	66	204	211	415	661	#
686	0.63	7	66	92	211	415	661	#
687	0.580325	9	10	22	23	70	75	156	199	236	262	662	#
688	0.580325	9	10	22	23	69	73	75	156	199	236	262	662	#
689	1.06577	56	454	663	#
690	1.06577	37	135	186	191	192	263	312	663	#
691	1.06577	174	187	191	192	323	663	#
692	1.06577	27	186	191	192	323	663	#
693	1.06577	135	187	191	192	293	405	663	#
694	0.813924	34	35	60	61	279	664	#
695	0.813924	60	61	142	217	237	254	372	417	664	#
696	0.813924	34	35	60	61	217	237	247	254	374	664	#
697	0.813924	60	61	142	218	226	237	254	372	417	664	#
698	0.813924	35	60	61	217	237	246	252	254	374	664	#
699	0.399509	156	352	665	#
700	0.399509	18	22	23	75	236	303	665	#
701	0.399509	105	157	352	665	#
702	0.399509	18	23	75	105	303	396	665	#
703	0.399509	18	23	75	156	157	303	396	665	#
704	0.537603	102	191	202	203	248	259	260	340	439	666	#
705	0.537603	64	102	153	191	202	203	248	259	260	439	502	666	#
706	0.604976	242	486	667	#
707	0.604976	90	91	486	667	#
708	0.822612	23	75	199	395	668	#
709	0.822612	37	179	429	668	#
710	0.822612	22	150	156	236	270	668	#
711	0.822612	150	157	270	396	668	#
712	0.822612	105	150	156	270	396	668	#
713	0.80312	28	174	289	360	669	#
714	0.80312	7	28	266	415	669	#
715	0.80312	26	27	28	289	360	669	#
716	0.80312	29	128	174	289	360	669	#
717	0.80312	7	29	128	266	415	669	#
718	0.477315	23	70	75	93	97	98	111	112	132	199	670	#
719	0.477315	23	69	73	75	93	97	98	111	112	132	199	670	#
720	0.824373	34	35	212	376	671	#
721	0.824373	94	330	346	671	#
722	0.824373	34	35	88	121	132	212	250	328	349	671	#
723	0.824373	34	35	132	212	247	328	482	671	#
724	0.824373	95	101	330	346	671	#
725	0.542368	94	97	346	672	#
726	0.542368	95	97	101	346	672	#
727	0.707152	52	90	113	172	173	384	673	#
728	0.707152	52	91	113	172	173	242	384	673	#
729	0.707152	32	33	52	90	113	172	384	673	#
730	0.707152	85	172	184	308	673	#
731	0.707152	84	172	183	184	308	673	#
732	0.375379	410	#
733	0.660326	99	100	130	257	470	#
734	1.02419	99	213	379	440	674	#
735	1.02419	99	128	129	379	440	674	#
736	1.02419	85	90	99	113	114	130	184	213	248	256	440	674	#
737	1.02419	84	90	99	113	114	130	183	184	213	248	256	440	674	#
738	1.02419	85	90	99	113	114	128	129	130	184	248	256	440	674	#
739	0.822153	22	36	236	429	675	#
740	0.822153	22	23	75	172	173	236	457	675	#
741	0.822153	36	105	396	429	675	#
742	0.610947	55	185	198	294	#
743	0.85495	32	118	179	271	354	676	#
744	0.85495	36	37	118	172	173	179	271	676	#
745	0.85495	119	151	228	250	306	326	387	676	#
746	0.85495	118	150	151	228	250	306	326	387	676	#
747	0.85495	20	21	119	151	164	250	306	326	387	676	#
748	0.79998	133	371	#
749	0.801739	422	677	#
750	0.801739	118	432	677	#
751	0.801739	106	150	157	270	677	#
752	0.801739	105	106	150	156	270	677	#
753	0.801739	199	380	395	677	#
754	1.04582	76	82	83	147	239	245	511	678	#
755	1.04582	77	82	83	147	239	244	511	678	#
756	1.04582	76	82	83	147	178	239	244	511	678	#
757	1.04582	76	82	83	121	147	169	233	245	349	375	478	678	#
758	1.04582	77	82	83	147	178	239	245	511	678	#
759	0.838267	15	233	368	458	679	#
760	0.838267	2	15	295	458	679	#
761	0.838267	15	34	252	368	458	679	#
762	0.838267	16	44	233	368	458	679	#
763	0.838267	2	16	44	295	458	679	#
764	0.588932	85	95	248	249	256	335	680	#
765	0.588932	84	95	183	248	249	256	335	680	#
766	0.588932	95	184	335	381	680	#
767	0.588932	85	94	101	248	249	256	335	680	#
768	0.588932	84	94	101	183	248	249	256	335	680	#
769	0.495312	282	419	681	#
770	0.495312	101	132	346	681	#
771	0.709855	85	256	468	682	#
772	0.709855	84	183	256	468	682	#
773	0.707485	93	446	683	#
774	0.707485	231	232	446	683	#
775	0.707485	62	63	446	683	#
776	0.707485	9	62	161	268	683	#
777	0.707485	9	63	93	161	268	683	#
778	0.864068	24	25	96	103	131	143	350	684	#
779	0.864068	24	25	96	103	131	142	158	350	684	#
780	0.864068	24	25	96	103	135	143	255	350	684	#
781	0.864068	38	42	103	466	481	684	#
782	0.864068	24	25	38	39	96	103	143	350	684	#
783	0.729347	58	91	113	304	685	#
784	0.729347	58	90	113	242	304	685	#
785	0.729347	91	99	100	113	114	130	215	470	685	#
786	0.729347	90	99	100	113	114	130	215	242	470	685	#
787	0.729347	58	59	91	286	685	#
788	1.05682	59	189	492	686	#
789	1.05682	59	99	100	130	166	214	257	414	470	686	#
790	1.05682	58	99	100	130	166	215	257	414	470	686	#
791	1.05682	114	166	257	304	414	686	#
792	1.05682	59	189	214	408	470	686	#
793	0.898148	25	190	242	321	326	475	687	#
794	0.898148	25	90	91	190	321	326	475	687	#
795	0.611883	88	243	488	#
796	0.800754	13	125	132	282	411	688	#
797	0.800754	13	17	18	132	282	411	688	#
798	0.705562	103	163	333	458	#
799	1.19562	61	99	100	130	162	163	214	257	315	470	689	#
800	1.19562	58	59	227	338	689	#
801	1.19562	60	61	214	217	237	254	417	441	689	#
802	1.19562	60	61	99	100	130	167	214	237	254	257	414	470	689	#
803	1.19562	60	61	166	167	189	237	254	492	689	#
804	0.820895	428	690	#
805	0.820895	40	99	100	127	130	197	281	463	690	#
806	0.820895	40	41	99	100	126	130	197	281	463	690	#
807	0.820895	40	99	100	127	130	138	153	195	197	463	502	690	#
808	0.820895	99	100	127	130	197	229	230	281	463	690	#
809	0.892056	64	131	191	192	198	259	434	502	691	#
810	0.892056	6	131	152	191	192	198	259	434	691	#
811	0.892056	5	64	131	152	191	192	198	259	434	691	#
812	0.892056	64	135	191	192	198	255	259	434	502	691	#
813	0.892056	6	135	152	191	192	198	255	259	434	691	#
814	0.391925	110	157	262	692	#
815	0.391925	105	110	156	262	692	#
816	0.391925	49	109	157	262	692	#
817	0.391925	49	105	109	156	262	692	#
818	0.391925	48	106	109	157	262	692	#
819	0.724438	33	308	693	#
820	0.724438	32	52	85	90	113	184	384	693	#
821	0.724438	32	52	84	90	113	183	184	384	693	#
822	0.724438	32	173	308	693	#
823	0.724438	32	52	85	91	113	184	242	384	693	#
824	0.417555	121	375	694	#
825	0.417555	89	120	375	694	#
826	1.10882	66	93	489	695	#
827	1.10882	66	232	245	359	388	695	#
828	1.10882	66	93	231	245	359	388	695	#
829	1.10882	66	231	232	489	695	#
830	1.10882	65	93	124	489	695	#
831	0.941418	41	133	307	409	696	#
832	0.941418	126	127	133	307	409	696	#
833	0.941418	41	96	103	133	208	409	696	#
834	0.941418	96	103	126	127	133	208	409	696	#
835	0.941418	41	96	104	146	234	409	696	#
836	1.2358	115	166	167	189	217	374	392	697	#
837	1.2358	101	115	116	166	189	207	412	460	697	#
838	1.2358	101	115	116	166	189	206	235	412	460	697	#
839	1.2358	115	166	167	189	218	226	374	392	697	#
840	1.2358	99	130	141	166	189	257	397	414	697	#
841	0.0350234	176	#
842	0.52962	9	426	#
843	0.837586	173	380	457	698	#
844	0.837586	23	75	106	173	396	457	698	#
845	0.837586	36	106	172	396	429	698	#
846	0.837586	22	23	75	105	106	173	236	457	698	#
847	0.837586	22	36	105	106	172	236	429	698	#
848	0.773938	73	76	187	245	382	438	699	#
849	0.773938	73	77	187	244	382	438	699	#
850	0.773938	26	73	76	186	245	382	438	699	#
851	0.773938	26	73	77	186	244	382	438	699	#
852	0.773938	27	73	76	174	186	245	382	438	699	#
853	0.740289	87	318	700	#
854	0.740289	75	102	191	259	327	340	700	#
855	0.740289	64	75	102	153	191	259	327	502	700	#
856	0.740289	6	75	102	152	153	191	259	327	700	#
857	0.740289	5	64	75	102	152	153	191	259	327	700	#
858	0.685948	23	106	396	404	701	#
859	0.685948	22	23	105	106	236	404	701	#
860	0.685948	22	23	106	156	157	236	404	701	#
861	0.685948	23	48	49	396	404	701	#
862	0.685948	75	380	404	701	#
863	1.06967	124	174	187	360	378	702	#
864	1.06967	27	124	186	360	378	702	#
865	1.06967	26	124	174	186	360	378	702	#
866	0.939159	51	99	114	130	397	703	#
867	0.939159	50	99	100	114	130	275	703	#
868	0.939159	50	59	219	220	304	339	703	#
869	0.939159	50	99	100	114	130	214	219	220	339	470	703	#
870	0.939159	11	12	50	59	117	304	339	703	#
871	0.967311	104	219	220	339	491	704	#
872	0.967311	11	12	104	117	339	491	704	#
873	0.967311	50	51	104	140	333	373	704	#
874	0.967311	20	21	117	250	342	444	704	#
875	0.967311	45	46	47	71	103	104	117	410	508	704	#
876	0.356399	40	305	705	#
877	0.356399	229	230	305	705	#
878	0.592488	8	47	204	211	416	706	#
879	0.592488	7	8	47	92	211	416	706	#
880	0.592488	8	47	95	204	211	329	706	#
881	0.592488	7	8	47	92	95	211	329	706	#
882	0.636122	20	21	250	444	707	#
883	0.636122	164	228	250	444	707	#
884	0.636122	1	228	250	341	387	707	#
885	0.636122	0	19	228	250	341	387	707	#
886	0.89938	418	282	132	708	#
887	0.89938	237	336	125	282	132	708	#
888	0.89938	237	336	17	18	282	132	708	#
889	0.89938	60	315	15	345	123	97	708	#
890	0.0391861	255	#
891	1.09358	397	99	130	257	162	709	#
892	1.09358	51	50	117	11	364	353	709	#
893	1.09358	51	50	275	100	99	130	257	162	709	#
894	1.09358	51	50	220	219	339	214	470	100	99	130	257	162	709	#
895	0.460043	22	23	75	291	242	710	#
896	0.460043	236	156	431	710	#
897	0.460043	22	23	75	291	90	91	710	#
898	0.719791	326	190	456	711	#
899	0.719791	142	334	191	259	340	139	711	#
900	0.719791	142	334	191	259	64	502	153	139	711	#
901	0.719791	142	334	191	259	6	152	153	139	711	#
902	0.719791	142	334	191	259	64	5	152	153	139	711	#
903	0.674111	327	75	199	69	712	#
904	0.674111	439	256	84	453	712	#
905	0.674111	327	75	199	70	73	712	#
906	0.674111	439	256	85	183	453	712	#
907	0.674111	192	39	435	453	712	#
908	0.34988	193	189	188	108	107	83	#
909	1.09903	397	99	293	713	#
910	1.09903	140	493	435	38	255	713	#
911	1.09903	397	99	130	257	278	255	713	#
912	1.09903	140	493	435	39	135	713	#
913	1.09903	140	493	435	38	131	135	713	#
914	0.958248	440	99	130	114	113	90	184	85	175	160	714	#
915	0.958248	440	99	130	114	113	90	184	183	84	175	160	714	#
916	0.958248	440	99	130	476	161	714	#
917	0.958248	440	99	130	114	113	91	242	184	85	175	160	714	#
918	0.958248	440	99	130	114	113	91	242	184	183	84	175	160	714	#
919	0.466832	420	100	715	#
920	0.466832	97	132	282	125	197	100	715	#
921	0.466832	97	132	282	18	17	197	100	715	#
922	0.488782	244	382	187	174	716	#
923	0.488782	244	382	186	27	716	#
924	0.488782	244	382	186	26	174	716	#
925	0.488782	244	382	187	26	27	716	#
926	0.488782	178	245	382	187	174	716	#
927	0.532899	358	222	58	717	#
928	0.532899	358	221	227	58	717	#
929	0.130517	340	259	718	#
930	0.130517	153	502	64	259	718	#
931	0.130517	153	152	6	259	718	#
932	0.130517	153	152	5	64	259	718	#
933	1.11746	166	414	257	130	99	100	470	215	227	719	#
934	1.11746	189	408	470	215	227	719	#
935	1.11746	189	492	59	58	227	719	#
936	1.11746	166	414	257	130	99	100	470	214	59	58	227	719	#
937	1.11746	193	496	100	470	215	227	719	#
938	1.09344	398	272	144	720	#
939	1.09344	116	459	233	478	169	239	144	720	#
940	1.09344	398	1	299	465	720	#
941	1.09344	116	392	246	478	169	239	144	720	#
942	1.09344	398	1	151	150	179	465	720	#
943	1.08507	463	130	370	8	47	721	#
944	1.08507	196	259	191	192	350	347	47	721	#
945	1.08507	195	64	259	191	192	350	347	47	721	#
946	1.08507	195	5	495	101	329	211	204	8	47	721	#
947	1.08507	196	6	495	101	329	211	204	8	47	721	#
948	0.712383	79	453	435	38	722	#
949	0.712383	78	73	453	435	38	722	#
950	0.712383	79	453	435	39	131	722	#
951	0.712383	78	73	453	435	39	131	722	#
952	0.712383	78	70	69	453	435	38	722	#
953	0.374553	115	116	398	0	#
954	1.09477	63	112	111	282	125	197	100	496	723	#
955	1.09477	62	93	112	111	282	125	197	100	496	723	#
956	1.09477	63	112	111	282	18	17	197	100	496	723	#
957	1.09477	62	93	112	111	282	18	17	197	100	496	723	#
958	1.09477	268	9	426	218	167	166	193	723	#
959	0.939877	202	61	60	237	254	217	417	142	25	24	96	103	724	#
960	0.939877	202	61	60	237	254	217	374	246	333	103	724	#
961	0.939877	202	61	60	279	233	333	103	724	#
962	0.939877	202	61	60	237	254	218	226	417	142	25	24	96	103	724	#
963	0.939877	202	61	60	237	254	217	417	142	25	24	307	208	724	#
964	0.174564	357	22	#
965	0.410454	231	112	111	132	97	98	70	199	725	#
966	0.410454	231	112	111	132	97	98	73	69	199	725	#
967	0.410454	231	112	111	132	258	78	70	199	725	#
968	0.410454	231	112	111	132	258	79	69	199	725	#
969	0.410454	231	112	111	132	258	78	73	69	199	725	#
970	0.735111	49	396	357	30	499	424	15	163	726	#
971	0.735111	48	106	396	357	30	499	424	15	163	726	#
972	0.735111	49	105	236	22	357	30	499	424	15	163	726	#
973	0.735111	48	106	105	236	22	357	30	499	424	15	163	726	#
974	0.735111	49	157	262	9	161	160	424	15	163	726	#
975	0.784889	373	140	51	727	#
976	0.784889	233	459	115	141	51	727	#
977	0.784889	233	459	115	165	140	51	727	#
978	0.784889	246	392	115	141	51	727	#
979	0.784889	246	392	115	165	140	51	727	#
980	0.737786	498	18	728	#
981	0.737786	498	17	125	728	#
982	0.737786	219	339	59	58	222	358	728	#
983	0.737786	219	339	59	58	227	221	358	728	#
984	0.539835	132	328	20	729	#
985	0.539835	132	328	228	164	21	729	#
986	0.40765	246	482	228	730	#
987	0.40765	233	349	121	88	250	228	730	#
988	0.40765	246	482	20	21	164	730	#
989	0.40765	233	247	482	228	730	#
990	0.40765	252	34	349	121	88	250	228	730	#
991	0.939159	51	397	99	130	114	731	#
992	0.939159	50	275	100	99	130	114	731	#
993	0.939159	50	220	219	339	59	304	731	#
994	0.939159	50	220	219	339	214	470	100	99	130	114	731	#
995	0.939159	50	117	11	12	339	59	304	731	#
996	0.906965	256	85	184	90	317	150	179	263	732	#
997	0.906965	256	84	183	184	90	317	150	179	263	732	#
998	0.906965	256	85	184	90	113	114	130	405	26	732	#
999	0.906965	256	84	183	184	90	113	114	130	405	26	732	#
1000	0.906965	256	85	184	242	91	317	150	179	263	732	#
