%% File generated by CATS v.2.1Thu May  9 12:49:37 2024

%% The CATS webpage is http://robotics.stanford.edu/CATS

%% PARAMETER SETTINGS:
% Goods: 512; Bids: 1000; Distribution: paths; Runs: 1; Seed: 36
% Paths Distribution Parameters:
% Initial connections:       = 2
% Edge density:              = 3.000000
% Shipping cost factor:      = 1.500000
% Max bid set size:          = 5
% Building penalty:          = 1.700000



goods 512
bids 1002
dummy 434

0	0.682176	253	436	#
1	0.865951	181	304	512	#
2	0.865951	65	66	304	512	#
3	0.865951	147	239	401	464	512	#
4	0.865951	65	147	238	401	464	512	#
5	0.865951	66	238	239	304	512	#
6	1.01898	237	279	354	513	#
7	1.01898	67	68	279	354	513	#
8	1.01898	1	15	252	253	354	422	513	#
9	1.01898	67	74	75	279	354	513	#
10	1.01898	1	14	98	252	253	354	422	513	#
11	1.12835	48	193	300	514	#
12	1.12835	32	33	193	300	514	#
13	1.12835	48	94	107	193	209	211	306	314	514	#
14	1.12835	37	48	107	169	193	218	265	272	290	306	514	#
15	1.12835	11	36	48	107	169	193	218	265	272	290	306	514	#
16	0.872296	70	78	162	166	184	185	248	459	480	515	#
17	0.872296	77	162	166	171	184	185	248	459	480	515	#
18	0.872296	70	71	77	162	166	184	185	248	459	480	515	#
19	0.872296	70	78	162	166	167	168	184	185	459	480	515	#
20	0.872296	102	162	184	185	248	250	303	515	#
21	0.30302	158	159	182	183	240	#
22	0.963007	10	95	483	516	#
23	0.963007	11	95	208	483	516	#
24	0.963007	174	195	254	255	406	516	#
25	0.963007	1	95	195	253	272	422	473	516	#
26	0.963007	36	37	95	208	483	516	#
27	0.641283	44	143	492	517	#
28	0.641283	44	45	142	492	517	#
29	0.641283	46	47	99	143	144	177	461	488	517	#
30	0.641283	45	46	47	99	142	144	177	461	488	517	#
31	0.641283	46	47	99	143	177	214	217	461	488	517	#
32	0.101453	132	518	#
33	0.101453	131	177	518	#
34	0.96034	180	204	243	373	519	#
35	0.96034	179	204	226	243	373	519	#
36	0.96034	160	204	210	243	382	519	#
37	0.96034	204	210	243	266	373	519	#
38	0.96034	117	160	204	210	227	243	288	413	504	519	#
39	0.960428	22	23	72	99	424	520	#
40	0.960428	22	23	72	138	139	424	520	#
41	0.960428	22	23	73	99	100	424	520	#
42	0.960428	22	23	73	100	138	139	424	520	#
43	0.960428	22	23	46	47	72	138	340	424	520	#
44	0.555311	112	414	469	#
45	0.88201	420	521	#
46	0.88201	1	98	227	252	253	288	429	521	#
47	0.88201	1	14	15	227	252	253	288	429	521	#
48	0.88201	98	121	189	190	227	252	253	288	336	521	#
49	0.88201	14	15	121	189	190	227	252	253	288	336	521	#
50	0.404655	16	52	61	126	214	375	522	#
51	0.404655	16	52	61	125	214	232	375	522	#
52	0.404655	17	52	61	126	217	375	522	#
53	0.404655	17	52	61	125	217	232	375	522	#
54	0.404655	17	52	61	126	144	214	375	522	#
55	0.667654	228	229	318	523	#
56	0.667654	228	229	258	281	497	523	#
57	0.667654	39	199	200	228	229	418	523	#
58	0.667654	38	199	200	228	229	258	418	523	#
59	0.667654	123	199	200	228	229	258	320	523	#
60	0.111257	82	196	#
61	1.11936	442	511	524	#
62	1.11936	14	179	266	413	420	524	#
63	1.11936	14	210	226	413	420	524	#
64	1.11936	14	179	180	210	413	420	524	#
65	1.11936	15	194	221	252	253	460	511	524	#
66	0.803658	44	127	216	222	246	384	525	#
67	0.803658	143	205	228	229	246	395	525	#
68	0.803658	108	109	143	228	229	246	395	525	#
69	0.803658	45	142	205	228	229	246	395	525	#
70	0.803658	44	84	216	222	241	246	384	525	#
71	0.825121	28	65	197	385	467	526	#
72	0.825121	65	124	267	385	467	526	#
73	0.825121	28	29	65	124	385	467	526	#
74	0.825121	28	66	197	264	361	467	526	#
75	0.825121	28	65	181	197	264	361	467	526	#
76	0.838466	13	85	123	199	200	379	496	527	#
77	0.838466	229	343	527	#
78	0.838466	13	16	86	123	199	200	379	496	527	#
79	0.838466	46	47	86	144	229	383	527	#
80	0.838466	17	46	47	85	229	383	527	#
81	0.697971	214	263	419	528	#
82	0.697971	144	217	263	419	528	#
83	0.697971	52	53	214	419	528	#
84	0.697971	16	17	217	263	419	528	#
85	0.697971	52	53	144	217	419	528	#
86	1.26889	54	270	376	529	#
87	1.26889	19	102	176	270	505	529	#
88	1.26889	175	240	269	338	421	529	#
89	1.26889	42	175	240	269	421	478	529	#
90	1.26889	43	269	338	364	529	#
91	0.62315	48	179	390	#
92	1.06052	16	52	92	93	214	379	455	530	#
93	1.06052	17	52	92	93	217	379	455	530	#
94	1.06052	29	52	167	217	324	453	530	#
95	1.06052	53	185	248	489	530	#
96	1.06052	28	52	55	167	217	324	340	493	530	#
97	0.703361	19	26	36	102	176	208	218	278	306	531	#
98	0.703361	10	19	26	37	102	176	218	278	306	531	#
99	0.703361	10	11	19	26	36	102	176	218	278	306	531	#
100	0.703361	27	175	316	401	531	#
101	0.703361	10	26	94	95	158	159	175	182	183	240	278	531	#
102	0.851729	87	167	265	273	276	332	532	#
103	0.851729	10	87	167	265	272	276	332	532	#
104	0.851729	87	332	416	475	532	#
105	0.851729	59	87	248	332	416	532	#
106	0.865609	10	95	146	174	192	255	256	339	533	#
107	0.865609	10	89	95	145	174	192	255	256	339	533	#
108	0.865609	41	145	174	192	255	328	533	#
109	0.865609	10	41	95	145	174	192	255	257	339	533	#
110	0.865609	10	40	41	95	145	174	192	255	256	339	533	#
111	0.174975	22	23	46	47	144	#
112	0.52114	3	78	174	239	254	255	479	534	#
113	0.52114	2	70	78	174	239	254	255	479	534	#
114	0.52114	3	65	78	174	238	254	255	479	534	#
115	0.52114	2	65	70	78	174	238	254	255	479	534	#
116	0.52114	3	71	77	174	239	254	255	479	534	#
117	0.463608	33	474	535	#
118	0.463608	32	48	474	535	#
119	0.530977	194	221	291	536	#
120	0.530977	112	113	221	291	536	#
121	0.530977	12	194	221	414	496	536	#
122	0.530977	12	112	113	221	414	496	536	#
123	0.530977	7	43	92	93	149	194	221	411	414	536	#
124	0.783555	127	259	337	537	#
125	0.783555	24	29	127	128	140	141	150	393	537	#
126	0.783555	24	29	83	140	141	150	241	393	537	#
127	0.783555	24	29	83	84	127	140	141	150	393	537	#
128	0.783555	24	74	127	222	384	392	537	#
129	0.85567	111	209	314	538	#
130	0.85567	110	133	209	314	538	#
131	0.85567	95	111	169	265	272	290	538	#
132	0.85567	95	111	135	265	272	471	486	538	#
133	0.587322	70	313	539	#
134	0.587322	70	78	470	539	#
135	0.587322	77	171	470	539	#
136	0.587322	70	71	77	470	539	#
137	0.587322	71	171	313	539	#
138	0.85638	179	282	511	540	#
139	0.85638	75	179	194	221	222	511	540	#
140	0.85638	75	112	113	179	221	222	511	540	#
141	0.85638	206	266	413	466	540	#
142	0.85638	180	226	282	511	540	#
143	1.14669	191	204	225	458	541	#
144	1.14669	117	127	160	243	329	504	509	541	#
145	1.14669	116	127	160	161	243	329	504	509	541	#
146	1.14669	204	224	268	458	541	#
147	1.14669	191	204	220	224	458	541	#
148	0.300532	121	288	#
149	0.597033	28	97	393	#
150	0.969825	203	243	373	542	#
151	0.969825	160	203	243	266	382	542	#
152	0.969825	160	180	203	210	243	382	542	#
153	0.969825	160	179	203	210	226	243	382	542	#
154	0.969825	117	160	203	227	243	266	288	413	504	542	#
155	0.361977	151	206	299	543	#
156	0.361977	256	450	543	#
157	0.361977	151	207	227	299	543	#
158	0.0473974	79	#
159	0.775616	40	299	331	544	#
160	0.775616	41	89	299	331	544	#
161	0.775616	41	145	146	299	331	544	#
162	0.775616	256	257	299	331	544	#
163	0.506262	245	250	298	545	#
164	0.506262	42	245	267	361	402	545	#
165	0.506262	28	29	42	245	361	402	545	#
166	0.506262	181	239	264	365	545	#
167	0.506262	66	238	264	365	545	#
168	0.891275	3	78	146	192	353	719	#
169	1.05815	22	23	99	440	546	#
170	1.05815	22	23	138	139	440	546	#
171	1.05815	206	218	341	481	487	546	#
172	1.05815	38	206	218	308	341	481	546	#
173	1.05815	207	218	227	341	481	487	546	#
174	0.858826	191	219	286	375	547	#
175	0.858826	17	41	145	154	155	347	398	547	#
176	0.858826	17	41	145	154	155	191	192	347	547	#
177	0.858826	16	41	144	145	154	155	347	398	547	#
178	0.858826	219	220	268	286	375	547	#
179	1.05113	102	198	485	548	#
180	1.05113	102	198	292	451	548	#
181	1.05113	101	107	198	261	485	548	#
182	1.05113	101	106	107	198	260	485	548	#
183	1.05113	102	129	158	198	246	247	378	548	#
184	0.957177	64	137	355	462	549	#
185	0.957177	64	79	136	355	462	549	#
186	0.957177	15	80	189	190	252	253	258	336	497	549	#
187	0.957177	12	80	189	190	258	414	442	497	549	#
188	0.957177	14	80	98	189	190	252	253	258	336	497	549	#
189	1.06998	106	138	371	550	#
190	1.06998	106	107	306	440	550	#
191	1.06998	72	106	193	360	424	550	#
192	1.06998	138	260	261	371	550	#
193	1.06998	107	260	261	306	440	550	#
194	0.997861	7	19	120	149	280	551	#
195	0.997861	175	176	240	411	421	551	#
196	0.997861	6	19	37	102	218	272	306	437	551	#
197	0.997861	6	11	19	36	102	218	272	306	437	551	#
198	0.997861	6	19	36	102	208	218	273	306	437	551	#
199	0.839585	22	23	383	552	#
200	0.839585	199	200	229	308	418	552	#
201	0.34818	2	196	447	553	#
202	0.34818	3	70	196	447	553	#
203	0.34818	2	135	170	310	553	#
204	0.34818	3	70	135	170	310	553	#
205	0.791744	54	55	74	114	115	186	194	221	222	291	554	#
206	0.791744	54	55	74	112	113	114	115	186	221	222	291	554	#
207	0.791744	54	55	68	114	115	186	282	291	554	#
208	0.791744	54	55	108	186	434	454	554	#
209	0.791744	54	55	92	93	114	115	120	186	439	554	#
210	0.586049	134	166	170	184	484	#
211	0.75154	13	125	189	190	367	#
212	0.987722	44	127	216	246	337	555	#
213	0.987722	259	495	555	#
214	0.987722	44	84	216	241	246	337	555	#
215	0.987722	25	172	495	555	#
216	0.987722	44	83	128	216	241	246	337	555	#
217	1.14472	55	138	159	211	270	440	#
218	0.739467	110	262	290	556	#
219	0.739467	110	135	170	262	486	556	#
220	0.739467	110	134	170	196	262	486	556	#
221	0.739467	111	133	262	290	556	#
222	0.739467	111	133	135	170	262	486	556	#
223	0.887142	97	348	386	557	#
224	0.887142	51	97	175	240	348	557	#
225	0.887142	50	97	157	175	240	348	557	#
226	0.887142	19	70	78	176	327	480	557	#
227	0.887142	19	77	171	176	327	480	557	#
228	0.638155	221	404	558	#
229	0.638155	194	294	414	558	#
230	0.638155	112	113	294	414	558	#
231	0.638155	12	13	194	331	414	558	#
232	0.638155	12	13	112	113	331	414	558	#
233	0.692494	432	559	#
234	0.692494	88	332	416	559	#
235	0.692494	87	223	332	416	559	#
236	0.614045	86	96	144	315	560	#
237	0.614045	17	85	96	315	560	#
238	0.614045	16	85	96	144	315	560	#
239	0.614045	86	96	214	217	315	560	#
240	0.614045	16	17	86	96	315	560	#
241	0.79529	40	155	506	561	#
242	0.79529	30	31	154	247	321	561	#
243	0.79529	41	89	155	506	561	#
244	0.79529	40	155	299	410	561	#
245	0.79529	41	145	146	155	506	561	#
246	0.375085	482	#
247	0.863923	237	272	279	473	562	#
248	0.863923	67	68	272	279	473	562	#
249	0.863923	10	237	273	279	473	562	#
250	0.863923	10	67	68	273	279	473	562	#
251	0.863923	1	15	252	253	272	422	473	562	#
252	0.520292	478	563	#
253	0.520292	42	338	563	#
254	0.520292	6	64	245	302	374	563	#
255	0.520292	42	64	302	374	411	563	#
256	0.63068	48	77	181	239	474	479	564	#
257	0.63068	48	66	77	238	474	479	564	#
258	0.63068	48	65	77	181	238	474	479	564	#
259	0.63068	48	65	66	77	239	474	479	564	#
260	0.63068	48	71	78	181	239	474	479	564	#
261	0.842962	141	510	#
262	0.51188	37	156	218	265	272	306	471	565	#
263	0.51188	11	36	156	218	265	272	306	471	565	#
264	0.51188	37	156	169	170	218	265	272	306	565	#
265	0.51188	11	36	156	169	170	218	265	272	306	565	#
266	0.51188	36	156	208	218	265	273	306	471	565	#
267	1.16332	87	188	428	566	#
268	1.16332	87	187	233	428	566	#
269	1.16332	87	208	332	333	490	566	#
270	1.16332	87	122	169	265	273	332	333	370	566	#
271	1.16332	10	87	122	169	265	272	332	333	370	566	#
272	0.790234	200	412	465	567	#
273	0.790234	72	200	205	412	482	567	#
274	0.790234	72	105	108	422	434	482	567	#
275	0.790234	72	108	109	200	412	482	567	#
276	0.991284	111	131	251	456	568	#
277	0.991284	111	132	178	456	568	#
278	0.991284	111	131	177	178	456	568	#
279	0.991284	111	132	177	251	456	568	#
280	0.991284	110	131	133	251	456	568	#
281	1.04158	31	212	350	#
282	0.380488	28	77	197	239	385	479	569	#
283	0.380488	28	65	77	197	238	385	479	569	#
284	0.478189	121	189	190	207	288	570	#
285	0.478189	121	189	190	206	227	288	570	#
286	0.478189	90	91	121	189	190	288	570	#
287	0.915773	72	424	571	#
288	0.915773	73	100	424	571	#
289	0.399774	193	261	360	572	#
290	0.399774	106	193	260	360	572	#
291	1.06364	41	52	145	154	155	217	225	232	347	398	573	#
292	1.06364	41	52	145	154	155	191	192	217	225	232	347	573	#
293	1.06364	41	52	144	145	154	155	214	225	232	347	398	573	#
294	1.06364	41	52	144	145	154	155	191	192	214	225	232	347	573	#
295	1.06364	41	52	125	126	145	154	155	217	225	347	398	573	#
296	0.944747	146	192	222	299	404	574	#
297	0.944747	89	145	192	222	299	404	574	#
298	0.944747	40	41	145	192	222	299	404	574	#
299	0.944747	123	146	192	199	200	228	229	299	331	574	#
300	0.944747	89	123	145	192	199	200	228	229	299	331	574	#
301	0.846059	71	92	93	114	115	445	575	#
302	0.846059	70	92	93	114	115	171	445	575	#
303	0.846059	71	92	93	103	104	115	445	575	#
304	0.846059	70	92	93	103	104	115	171	445	575	#
305	0.846059	77	78	92	93	114	115	445	575	#
306	1.1207	94	95	158	159	182	219	391	576	#
307	1.1207	60	61	94	158	159	182	219	314	576	#
308	1.1207	94	110	158	159	182	209	262	314	576	#
309	1.1207	107	110	182	198	262	300	576	#
310	1.1207	94	95	110	158	159	169	182	262	265	272	290	576	#
311	0.90225	51	158	182	183	378	577	#
312	0.90225	50	157	158	182	183	378	577	#
313	0.90225	44	51	216	241	334	577	#
314	0.90225	44	51	84	127	216	334	577	#
315	0.90225	44	50	157	216	241	334	577	#
316	0.641938	54	114	115	186	194	291	578	#
317	0.641938	54	112	113	114	115	186	291	578	#
318	0.641938	54	103	104	115	186	194	291	578	#
319	0.445005	108	357	444	579	#
320	0.445005	24	25	108	392	434	579	#
321	0.445005	24	25	108	140	141	267	357	579	#
322	0.445005	24	25	28	29	108	140	141	357	579	#
323	0.445005	24	25	74	205	228	229	392	579	#
324	0.661833	242	380	580	#
325	0.661833	4	5	380	580	#
326	0.906418	115	186	506	581	#
327	0.906418	115	186	299	410	581	#
328	0.906418	40	54	55	154	155	340	347	581	#
329	0.906418	40	46	47	54	55	139	154	155	347	581	#
330	0.906418	40	46	47	54	55	99	138	154	155	347	581	#
331	0.950555	101	120	280	582	#
332	0.950555	261	433	445	582	#
333	0.950555	106	260	433	445	582	#
334	0.950555	34	35	101	280	582	#
335	0.950555	70	101	445	480	582	#
336	0.927692	26	217	477	583	#
337	0.927692	26	144	214	477	583	#
338	0.927692	17	219	375	446	583	#
339	0.927692	16	144	219	375	446	583	#
340	0.927692	16	17	26	214	477	583	#
341	0.950866	102	120	280	584	#
342	0.950866	107	433	445	584	#
343	0.950866	218	306	341	501	584	#
344	0.950866	34	35	102	280	584	#
345	0.950866	70	102	445	480	584	#
346	0.428063	43	194	221	222	228	411	414	#
347	0.927988	60	118	119	129	359	#
348	0.929275	55	267	403	493	585	#
349	0.929275	28	29	55	403	493	585	#
350	0.929275	28	55	124	197	403	493	585	#
351	0.929275	55	363	372	403	585	#
352	0.929275	22	23	55	62	139	187	267	493	585	#
353	0.837849	111	196	447	486	586	#
354	0.837849	111	290	310	586	#
355	0.837849	111	135	170	310	486	586	#
356	0.837849	3	251	407	586	#
357	0.837849	2	70	251	407	586	#
358	0.622546	107	303	587	#
359	0.622546	78	181	239	264	433	479	587	#
360	0.622546	66	78	238	264	433	479	587	#
361	0.622546	65	78	181	238	264	433	479	587	#
362	0.622546	71	77	181	239	264	433	479	587	#
363	0.579676	82	397	588	#
364	0.579676	81	135	156	397	588	#
365	0.881696	22	23	46	47	62	154	187	347	589	#
366	0.881696	154	340	347	403	589	#
367	0.881696	46	47	139	154	347	403	589	#
368	0.881696	46	47	99	138	154	347	403	589	#
369	0.151583	144	340	590	#
370	0.151583	46	47	139	144	590	#
371	0.151583	46	47	99	138	144	590	#
372	0.865682	176	498	591	#
373	0.865682	176	234	284	385	591	#
374	0.764321	53	135	400	592	#
375	0.764321	53	134	196	400	592	#
376	0.416783	244	413	#
377	0.68379	54	55	112	114	115	186	291	593	#
378	0.68379	54	55	103	104	112	115	186	291	593	#
379	0.68379	12	54	55	112	114	115	186	414	496	593	#
380	0.70197	87	273	332	473	594	#
381	0.70197	10	87	272	332	473	594	#
382	0.70197	11	87	208	272	332	473	594	#
383	0.801358	17	54	55	186	340	454	595	#
384	0.801358	17	46	47	54	55	139	186	454	595	#
385	0.801358	17	46	47	54	55	99	138	186	454	595	#
386	0.801358	16	54	55	144	186	340	454	595	#
387	0.801358	16	46	47	54	55	139	144	186	454	595	#
388	0.607083	94	95	159	206	272	317	596	#
389	0.607083	10	94	95	159	206	273	317	596	#
390	0.607083	94	95	159	207	227	272	317	596	#
391	0.607083	159	206	211	218	341	596	#
392	0.607083	10	94	95	159	207	227	273	317	596	#
393	0.672259	326	597	#
394	0.672259	64	136	153	462	597	#
395	0.672259	64	79	137	153	462	597	#
396	0.672259	63	297	504	597	#
397	0.672259	7	297	302	388	597	#
398	0.697366	30	31	246	351	#
399	0.541666	50	170	202	285	598	#
400	0.541666	94	95	158	159	182	183	265	272	471	598	#
401	0.541666	51	170	201	285	598	#
402	0.541666	50	157	170	201	285	598	#
403	0.541666	94	95	158	159	169	170	182	183	265	272	598	#
404	0.661606	22	468	#
405	0.0707412	245	#
406	0.601445	78	107	238	433	479	599	#
407	0.601445	71	77	107	238	433	479	599	#
408	0.601445	70	77	107	171	238	433	479	599	#
409	0.601445	65	78	107	239	433	479	599	#
410	0.601445	65	71	77	107	239	433	479	599	#
411	0.218213	158	182	183	#
412	1.01103	52	148	477	600	#
413	1.01103	27	52	147	477	600	#
414	1.01103	26	52	76	147	477	600	#
415	1.01103	53	148	263	477	600	#
416	1.01103	27	53	147	263	477	600	#
417	0.920137	29	63	111	116	131	251	293	472	601	#
418	0.920137	29	63	111	116	132	178	293	472	601	#
419	0.920137	29	63	111	116	131	177	178	293	472	601	#
420	0.920137	28	63	111	116	131	251	267	293	472	601	#
421	0.920137	29	63	111	116	132	177	251	293	472	601	#
422	0.853602	30	143	246	395	602	#
423	0.853602	30	45	142	246	395	602	#
424	1.15723	146	151	207	220	288	299	398	429	603	#
425	1.15723	146	151	192	207	268	288	299	429	603	#
426	1.15723	146	151	191	192	207	220	288	299	429	603	#
427	1.15723	89	145	151	207	220	288	299	398	429	603	#
428	1.15723	89	145	151	192	207	268	288	299	429	603	#
429	0.882051	301	604	#
430	0.882051	63	64	116	435	604	#
431	0.882051	6	11	64	272	302	437	604	#
432	0.882051	6	64	208	273	302	437	604	#
433	0.882051	6	10	64	208	272	302	437	604	#
434	1.06289	322	335	605	#
435	1.06289	74	141	179	194	221	222	392	511	605	#
436	1.06289	74	112	113	141	179	221	222	392	511	605	#
437	1.06289	68	141	179	282	392	511	605	#
438	1.06289	67	141	179	237	282	392	511	605	#
439	1.10192	105	213	273	278	422	473	606	#
440	1.10192	10	105	213	272	278	422	473	606	#
441	1.10192	0	1	213	273	278	422	473	606	#
442	1.10192	11	105	208	213	272	278	422	473	606	#
443	1.10192	0	1	10	213	272	278	422	473	606	#
444	0.862069	73	108	212	236	311	482	607	#
445	0.862069	73	200	205	213	412	482	607	#
446	0.862069	73	105	108	213	422	434	482	607	#
447	0.862069	73	108	109	200	213	412	482	607	#
448	0.862069	72	100	108	212	236	311	482	607	#
449	1.21286	126	399	608	#
450	1.21286	125	232	399	608	#
451	1.21286	94	125	211	306	369	608	#
452	0.91846	37	106	107	218	272	306	437	609	#
453	0.91846	11	36	106	107	218	272	306	437	609	#
454	0.91846	36	106	107	208	218	273	306	437	609	#
455	0.91846	10	36	106	107	208	218	272	306	437	609	#
456	0.91846	10	37	106	107	218	273	306	437	609	#
457	1.02888	72	296	424	610	#
458	1.02888	73	100	296	424	610	#
459	1.02888	8	23	99	409	610	#
460	1.02888	9	23	69	99	409	610	#
461	1.02888	8	23	138	139	409	610	#
462	0.666058	28	166	250	349	361	611	#
463	0.666058	29	140	322	349	611	#
464	0.666058	28	165	239	349	385	611	#
465	0.666058	28	65	165	238	349	385	611	#
466	0.666058	28	140	267	322	349	611	#
467	0.779083	60	169	209	290	612	#
468	0.779083	60	135	209	471	486	612	#
469	0.779083	60	135	169	170	209	486	612	#
470	0.779083	60	134	196	209	471	486	612	#
471	0.779083	60	134	169	170	196	209	486	612	#
472	0.992555	76	147	265	273	276	278	613	#
473	0.992555	26	148	265	273	276	278	613	#
474	0.992555	147	265	272	276	287	613	#
475	0.992555	10	76	147	265	272	276	278	613	#
476	0.992555	10	26	148	265	272	276	278	613	#
477	0.820297	36	102	162	208	218	256	306	339	614	#
478	0.820297	10	94	95	256	339	463	614	#
479	0.820297	10	37	102	162	218	256	306	339	614	#
480	0.820297	10	11	36	102	162	218	256	306	339	614	#
481	0.820297	48	146	305	312	614	#
482	0.69539	22	23	46	47	96	315	615	#
483	0.69539	127	128	150	271	283	487	615	#
484	0.69539	80	258	457	487	615	#
485	0.69539	96	97	127	128	150	283	487	615	#
486	0.69539	83	150	241	271	283	487	615	#
487	0.467539	109	203	204	311	#
488	0.842926	160	161	435	616	#
489	0.842926	116	117	160	435	616	#
490	1.0333	6	87	231	273	302	332	437	617	#
491	1.0333	6	10	87	231	272	302	332	437	617	#
492	1.0333	63	87	116	208	231	332	435	617	#
493	1.0333	87	208	215	230	301	332	617	#
494	1.0333	10	11	63	87	116	231	332	435	617	#
495	0.728367	107	145	193	305	#
496	0.767303	430	463	#
497	0.611787	52	55	217	340	363	618	#
498	0.611787	46	47	52	55	139	217	363	618	#
499	0.611787	52	55	144	214	340	363	618	#
500	0.611787	46	47	52	55	99	138	217	363	618	#
501	0.611787	46	47	52	55	139	144	214	363	618	#
502	1.15732	155	184	185	248	250	377	619	#
503	1.15732	154	166	184	185	244	248	266	335	619	#
504	1.15732	155	181	184	185	248	250	264	426	619	#
505	1.15732	154	166	180	184	185	210	244	248	335	619	#
506	1.15732	155	167	168	184	185	250	377	619	#
507	0.616721	63	117	131	160	251	472	620	#
508	0.616721	63	116	131	160	161	251	472	620	#
509	0.616721	63	117	132	160	178	472	620	#
510	0.616721	63	116	132	160	161	178	472	620	#
511	0.616721	63	117	131	160	177	178	472	620	#
512	0.928899	125	281	367	621	#
513	0.928899	13	123	125	189	190	199	200	367	621	#
514	0.928899	13	16	52	123	199	200	214	232	379	496	621	#
515	0.928899	46	47	52	217	229	232	383	621	#
516	0.928899	13	16	52	123	125	126	199	200	214	379	496	621	#
517	1.19016	48	269	345	622	#
518	1.19016	55	72	138	270	360	424	622	#
519	1.19016	107	193	270	505	622	#
520	1.19016	55	193	270	371	622	#
521	1.19016	32	33	269	345	622	#
522	0.614084	97	239	327	479	623	#
523	0.614084	65	97	238	327	479	623	#
524	0.614084	121	122	163	164	229	239	281	623	#
525	0.614084	66	97	181	238	327	479	623	#
526	0.806831	54	55	144	186	340	454	624	#
527	0.806831	46	47	54	55	139	144	186	454	624	#
528	0.806831	46	47	54	55	99	138	144	186	454	624	#
529	0.806831	54	55	186	214	217	340	454	624	#
530	0.806831	46	47	54	55	139	186	214	217	454	624	#
531	0.394991	94	158	159	175	182	183	240	625	#
532	0.394991	19	94	102	176	211	306	625	#
533	0.394991	18	94	176	463	625	#
534	0.478876	127	128	150	216	394	626	#
535	0.478876	83	150	216	241	394	626	#
536	0.478876	83	84	127	150	216	394	626	#
537	0.541015	298	627	#
538	0.541015	42	250	267	361	402	627	#
539	0.541015	28	29	42	250	361	402	627	#
540	0.541015	28	42	124	197	250	361	402	627	#
541	0.329296	16	52	214	219	232	375	#
542	0.772027	68	354	628	#
543	0.772027	67	237	354	628	#
544	0.772027	74	75	354	628	#
545	0.772027	48	75	77	163	164	228	474	479	628	#
546	0.772027	48	68	74	77	163	164	228	474	479	628	#
547	0.475768	189	258	497	629	#
548	0.475768	38	39	189	497	629	#
549	0.475768	121	127	189	258	283	329	629	#
550	0.752047	27	289	481	630	#
551	0.752047	147	148	289	481	630	#
552	0.752047	26	76	289	481	630	#
553	0.488505	16	52	103	214	232	379	631	#
554	0.488505	16	52	103	125	126	214	379	631	#
555	0.488505	17	52	103	217	232	379	631	#
556	0.488505	17	52	103	144	214	232	379	631	#
557	0.488505	17	52	103	125	126	217	379	631	#
558	0.968768	80	381	632	#
559	0.968768	21	107	137	211	261	306	417	632	#
560	0.968768	21	106	107	137	211	260	306	417	632	#
561	0.968768	21	79	107	136	211	261	306	417	632	#
562	0.968768	21	79	106	107	136	211	260	306	417	632	#
563	1.13556	14	237	273	278	279	473	633	#
564	1.13556	10	14	237	272	278	279	473	633	#
565	1.13556	14	67	68	273	278	279	473	633	#
566	1.13556	10	14	67	68	272	278	279	473	633	#
567	1.13556	1	98	252	253	273	278	422	473	633	#
568	0.932855	44	216	241	246	449	634	#
569	0.932855	44	84	127	216	246	449	634	#
570	0.932855	44	83	127	128	216	246	449	634	#
571	0.932855	44	117	127	160	204	216	236	243	246	329	504	634	#
572	0.932855	44	116	127	160	161	204	216	236	243	246	329	504	634	#
573	0.708878	121	189	207	288	289	635	#
574	0.708878	121	189	206	227	288	289	635	#
575	0.708878	90	91	121	189	288	289	635	#
576	0.643414	214	275	488	#
577	0.470294	35	92	93	379	636	#
578	0.470294	34	92	93	120	379	636	#
579	0.470294	16	177	488	494	636	#
580	0.971993	28	69	72	108	296	324	357	482	637	#
581	0.971993	66	69	168	184	185	250	264	296	344	637	#
582	0.971993	65	69	168	181	184	185	250	264	296	344	637	#
583	0.971993	66	69	167	184	185	248	250	264	296	344	637	#
584	0.971993	65	69	167	181	184	185	248	250	264	296	344	637	#
585	0.722136	24	95	272	392	473	638	#
586	0.722136	3	78	174	254	255	368	638	#
587	0.722136	2	70	78	174	254	255	368	638	#
588	0.722136	10	24	95	273	392	473	638	#
589	0.722136	3	71	77	174	254	255	368	638	#
590	0.45019	7	267	402	411	639	#
591	0.45019	7	28	29	402	411	639	#
592	0.507223	16	52	61	118	119	214	375	640	#
593	0.507223	17	52	61	118	119	217	375	640	#
594	0.507223	17	52	61	118	119	144	214	375	640	#
595	0.507223	16	52	60	111	118	119	209	214	307	640	#
596	0.507223	16	52	61	118	119	144	217	375	640	#
597	0.878373	27	49	207	288	289	388	641	#
598	0.878373	27	49	149	206	289	501	641	#
599	0.878373	27	49	206	227	288	289	388	641	#
600	0.559923	127	128	150	169	216	370	642	#
601	0.559923	44	134	351	471	642	#
602	0.559923	83	150	169	216	241	370	642	#
603	0.559923	83	84	127	150	169	216	370	642	#
604	0.559923	44	134	169	170	351	642	#
605	0.738866	96	327	356	643	#
606	0.738866	3	78	356	423	643	#
607	0.738866	2	70	78	356	423	643	#
608	0.738866	3	71	77	356	423	643	#
609	0.738866	2	77	171	356	423	643	#
610	0.967261	111	203	204	380	396	644	#
611	0.967261	110	133	203	204	380	396	644	#
612	0.967261	63	111	117	131	160	204	243	251	396	472	644	#
613	0.967261	63	111	116	131	160	161	204	243	251	396	472	644	#
614	0.967261	63	111	117	132	160	178	204	243	396	472	644	#
615	0.810733	54	204	243	259	363	396	645	#
616	0.810733	24	54	140	141	267	493	645	#
617	0.810733	24	28	29	54	140	141	493	645	#
618	0.810733	25	54	172	204	243	363	396	645	#
619	0.746882	1	422	473	646	#
620	0.746882	0	105	422	473	646	#
621	0.746882	1	135	265	352	471	646	#
622	0.746882	74	222	460	473	646	#
623	0.746882	1	135	169	170	265	352	646	#
624	1.08964	458	#
625	0.971245	52	217	315	327	647	#
626	0.971245	52	144	214	315	327	647	#
627	0.971245	16	17	52	214	315	327	647	#
628	0.971245	53	217	263	315	327	647	#
629	0.971245	53	144	214	263	315	327	647	#
630	0.774691	55	138	424	#
631	0.366047	91	227	413	648	#
632	0.366047	90	206	413	648	#
633	0.366047	90	207	227	413	648	#
634	0.936962	14	131	251	355	472	649	#
635	0.936962	14	132	178	355	472	649	#
636	0.936962	14	131	177	178	355	472	649	#
637	0.936962	14	132	177	251	355	472	649	#
638	0.936962	15	98	131	251	355	472	649	#
639	0.679713	158	173	182	254	255	362	#
640	1.09026	218	440	650	#
641	1.09026	37	94	95	211	440	650	#
642	1.09026	11	36	94	95	211	440	650	#
643	1.09026	10	36	94	95	208	211	440	650	#
644	1.09026	17	37	46	47	99	375	391	650	#
645	0.709945	51	67	240	425	651	#
646	0.709945	50	67	157	240	425	651	#
647	0.709945	51	68	237	240	425	651	#
648	0.709945	50	68	157	237	240	425	651	#
649	0.709945	67	175	386	425	651	#
650	0.8149	108	118	502	652	#
651	0.8149	109	121	281	500	652	#
652	0.8149	60	109	118	408	652	#
653	0.8149	109	118	200	389	652	#
654	0.8149	108	121	205	281	500	652	#
655	0.827774	498	653	#
656	0.827774	234	284	385	653	#
657	0.827774	181	234	264	284	361	653	#
658	0.827774	65	66	234	264	284	361	653	#
659	0.827774	19	70	78	234	239	385	479	480	653	#
660	0.952267	38	283	451	654	#
661	0.952267	39	258	283	451	654	#
662	0.952267	21	39	80	137	158	159	417	654	#
663	0.952267	21	38	80	137	158	159	258	417	654	#
664	0.952267	21	39	79	80	136	158	159	417	654	#
665	0.732592	37	107	169	218	265	272	306	370	655	#
666	0.732592	11	36	107	169	218	265	272	306	370	655	#
667	0.732592	36	107	169	208	218	265	273	306	370	655	#
668	0.732592	10	36	107	169	208	218	265	272	306	370	655	#
669	0.732592	10	37	107	169	218	265	273	306	370	655	#
670	0.513679	29	63	116	231	293	656	#
671	0.513679	28	63	116	231	267	293	656	#
672	0.513679	197	230	309	656	#
673	0.513679	63	117	197	231	405	656	#
674	0.513679	63	116	161	197	231	405	656	#
675	0.865577	23	40	46	47	154	155	347	657	#
676	0.865577	23	41	46	47	89	154	155	347	657	#
677	0.865577	22	62	323	657	#
678	0.865577	23	41	46	47	145	146	154	155	347	657	#
679	0.865577	23	46	47	154	155	256	257	347	657	#
680	0.863181	235	297	429	#
681	0.40845	76	147	273	278	658	#
682	0.40845	26	148	273	278	658	#
683	0.40845	147	272	287	658	#
684	0.40845	10	76	147	272	278	658	#
685	0.40845	10	26	148	272	278	658	#
686	1.041	29	30	44	127	128	140	150	216	246	393	659	#
687	1.041	29	30	44	83	140	150	216	241	246	393	659	#
688	1.041	29	30	44	83	84	127	140	150	216	246	393	659	#
689	1.041	28	30	44	127	128	140	150	216	246	267	393	659	#
690	1.041	28	30	44	83	140	150	216	241	246	267	393	659	#
691	0.0420245	261	660	#
692	0.0420245	106	260	660	#
693	0.892168	25	70	78	162	368	480	661	#
694	0.892168	25	77	162	171	368	480	661	#
695	0.892168	25	70	71	77	162	368	480	661	#
696	0.892168	18	284	385	444	661	#
697	0.892168	70	78	162	239	385	444	479	480	661	#
698	0.607164	28	197	255	358	361	662	#
699	0.607164	3	28	78	197	239	254	255	385	479	662	#
700	0.607164	2	28	70	78	197	239	254	255	385	479	662	#
701	0.607164	3	28	65	78	197	238	254	255	385	479	662	#
702	0.607164	2	28	65	70	78	197	238	254	255	385	479	662	#
703	0.955117	160	161	203	208	242	243	435	663	#
704	0.955117	10	11	160	161	203	242	243	435	663	#
705	0.773284	158	159	430	664	#
706	0.773284	94	95	158	159	272	469	664	#
707	0.773284	10	94	95	158	159	273	469	664	#
708	0.773284	198	211	306	430	664	#
709	0.773284	37	198	218	272	306	469	664	#
710	0.92103	249	280	665	#
711	0.92103	56	57	280	665	#
712	0.92103	70	313	480	665	#
713	0.92103	70	78	470	480	665	#
714	0.92103	77	171	470	480	665	#
715	1.06834	52	55	126	172	204	217	243	340	363	396	666	#
716	1.06834	52	55	125	172	204	217	232	243	340	363	396	666	#
717	1.06834	46	47	52	55	126	139	172	204	217	243	363	396	666	#
718	0.156887	63	116	231	#
719	0.883646	36	63	116	218	435	667	#
720	0.883646	36	64	218	301	667	#
721	0.883646	6	37	218	272	302	437	667	#
722	0.883646	6	11	36	218	272	302	437	667	#
723	0.883646	6	36	208	218	273	302	437	667	#
724	0.871876	1	15	127	252	253	329	429	668	#
725	0.871876	15	121	127	189	190	252	253	329	336	668	#
726	0.871876	12	121	127	189	190	329	414	442	668	#
727	0.871876	1	14	98	127	252	253	329	429	668	#
728	0.871876	15	127	252	253	384	460	668	#
729	0.725989	54	74	114	115	186	194	221	222	291	669	#
730	0.725989	54	74	112	113	114	115	186	221	222	291	669	#
731	0.725989	54	68	114	115	186	282	291	669	#
732	0.725989	54	108	186	434	454	669	#
733	0.725989	54	92	93	114	115	120	186	439	669	#
734	0.62839	6	7	397	#
735	0.581181	87	89	476	670	#
736	0.581181	87	145	146	476	670	#
737	0.581181	40	41	87	476	670	#
738	0.802412	78	106	234	239	385	433	479	671	#
739	0.802412	65	78	106	234	238	385	433	479	671	#
740	0.802412	71	77	106	234	239	385	433	479	671	#
741	0.802412	70	77	106	171	234	239	385	433	479	671	#
742	0.802412	65	71	77	106	234	238	385	433	479	671	#
743	0.0752041	62	#
744	1.08083	58	415	672	#
745	1.08083	219	456	503	672	#
746	1.08083	131	133	219	251	262	456	672	#
747	1.08083	110	111	131	219	251	262	456	672	#
748	1.08083	132	133	178	219	262	456	672	#
749	0.446828	58	166	441	#
750	0.611135	15	230	231	252	355	673	#
751	0.611135	15	64	215	252	355	673	#
752	0.611135	14	98	230	231	252	355	673	#
753	0.611135	14	64	98	215	252	355	673	#
754	0.611135	0	63	117	160	204	212	213	230	231	236	243	253	673	#
755	0.585933	165	181	239	273	349	674	#
756	0.585933	3	10	78	95	174	181	239	254	255	479	674	#
757	0.585933	2	10	70	78	95	174	181	239	254	255	479	674	#
758	0.585933	66	165	238	273	349	674	#
759	0.585933	65	165	181	238	273	349	674	#
760	0.389901	94	95	272	463	675	#
761	0.389901	37	102	162	218	272	306	675	#
762	0.389901	11	36	102	162	218	272	306	675	#
763	0.389901	36	102	162	208	218	273	306	675	#
764	0.389901	10	94	95	273	463	675	#
765	0.967771	98	189	190	252	253	258	336	497	676	#
766	0.967771	14	15	189	190	252	253	258	336	497	676	#
767	0.967771	12	14	189	190	258	414	442	497	676	#
768	0.967771	14	64	80	137	355	462	676	#
769	0.967771	14	64	79	80	136	355	462	676	#
770	1.02786	116	146	151	207	220	288	299	398	504	677	#
771	1.02786	116	146	151	192	207	268	288	299	504	677	#
772	1.02786	116	146	151	191	192	207	220	288	299	504	677	#
773	1.02786	89	116	145	151	207	220	288	299	398	504	677	#
774	1.02786	89	116	145	151	192	207	268	288	299	504	677	#
775	1.01915	204	236	243	277	678	#
776	1.01915	36	107	160	161	218	306	435	678	#
777	1.01915	78	204	234	239	243	385	433	479	499	678	#
778	1.01915	65	78	204	234	238	243	385	433	479	499	678	#
779	1.01915	71	77	204	234	239	243	385	433	479	499	678	#
780	0.725381	270	493	679	#
781	0.725381	63	64	116	267	269	293	374	679	#
782	0.725381	28	29	63	64	116	269	293	374	679	#
783	0.725381	105	213	234	235	274	679	#
784	0.725381	267	269	338	402	679	#
785	0.741799	63	64	151	207	288	504	680	#
786	0.741799	63	64	151	206	227	288	504	680	#
787	0.741799	7	64	151	207	288	302	388	680	#
788	0.741799	7	64	149	151	206	302	501	680	#
789	0.741799	136	319	462	680	#
790	0.891275	41	70	71	77	145	192	507	719	#
791	0.92247	99	424	681	#
792	0.92247	138	139	424	681	#
793	0.92247	46	47	138	340	424	681	#
794	0.92247	46	47	52	217	387	681	#
795	0.92247	46	47	52	144	214	387	681	#
796	0.734489	234	236	358	361	499	682	#
797	0.734489	3	78	234	236	239	254	385	479	499	682	#
798	0.734489	2	70	78	234	236	239	254	385	479	499	682	#
799	0.734489	3	65	78	234	236	238	254	385	479	499	682	#
800	0.734489	2	65	70	78	234	236	238	254	385	479	499	682	#
801	0.337898	40	152	299	#
802	0.965274	63	210	227	230	231	288	413	504	683	#
803	0.965274	7	149	210	230	231	302	413	501	683	#
804	0.965274	7	210	227	230	231	288	302	388	413	683	#
805	0.965274	63	64	210	215	227	288	413	504	683	#
806	0.965274	7	64	149	210	215	302	413	501	683	#
807	0.76749	46	47	99	244	347	684	#
808	0.76749	46	47	99	144	179	266	275	488	684	#
809	0.76749	46	47	99	144	210	226	275	488	684	#
810	0.76749	138	244	340	347	684	#
811	0.76749	46	47	99	144	179	180	210	275	488	684	#
812	0.710544	1	98	252	253	429	685	#
813	0.710544	1	14	15	252	253	429	685	#
814	0.710544	98	121	189	190	252	253	336	685	#
815	0.710544	14	15	121	189	190	252	253	336	685	#
816	0.710544	12	14	121	189	190	414	442	685	#
817	0.622646	33	77	239	474	479	686	#
818	0.622646	33	65	77	238	474	479	686	#
819	0.622646	32	48	77	239	474	479	686	#
820	0.909193	16	66	346	488	687	#
821	0.909193	16	65	181	346	488	687	#
822	0.909193	17	46	47	163	164	238	383	687	#
823	0.909193	17	46	47	65	163	164	239	383	687	#
824	0.909193	16	46	47	144	163	164	238	383	687	#
825	0.701921	32	68	354	688	#
826	0.701921	32	67	237	354	688	#
827	0.701921	33	48	68	354	688	#
828	0.686266	97	117	122	160	203	243	504	689	#
829	0.686266	97	116	122	160	161	203	243	504	689	#
830	0.474877	231	472	#
831	0.967618	22	62	510	690	#
832	0.967618	22	23	55	62	139	140	141	267	493	690	#
833	0.967618	22	23	28	29	55	62	139	140	141	493	690	#
834	0.967618	22	23	55	62	99	138	140	141	267	493	690	#
835	0.967618	22	23	28	29	55	62	99	138	140	141	493	690	#
836	0.503457	94	95	272	317	691	#
837	0.503457	10	94	95	273	317	691	#
838	0.503457	211	218	341	691	#
839	0.89504	123	146	199	200	299	331	692	#
840	0.89504	89	123	145	199	200	299	331	692	#
841	0.89504	40	41	123	145	199	200	299	331	692	#
842	0.89504	41	123	145	199	200	256	257	299	331	692	#
843	0.89504	121	146	151	207	281	288	299	692	#
844	0.88561	6	7	26	207	288	289	388	693	#
845	0.88561	273	278	437	693	#
846	0.88561	6	7	26	149	206	289	501	693	#
847	0.88561	6	7	26	206	227	288	289	388	693	#
848	0.88561	10	272	278	437	693	#
849	0.924548	173	213	254	255	362	412	694	#
850	0.924548	105	173	213	234	235	255	358	361	694	#
851	0.924548	3	78	105	173	213	234	235	239	254	255	385	479	694	#
852	0.924548	2	70	78	105	173	213	234	235	239	254	255	385	479	694	#
853	0.924548	3	65	78	105	173	213	234	235	238	254	255	385	479	694	#
854	0.776533	127	128	150	197	216	393	695	#
855	0.776533	83	150	197	216	241	393	695	#
856	0.776533	83	84	127	150	197	216	393	695	#
857	0.776533	29	124	127	128	150	216	393	695	#
858	0.776533	29	83	124	150	216	241	393	695	#
859	0.635181	7	29	167	324	402	411	696	#
860	0.635181	149	455	696	#
861	0.684971	81	156	168	491	697	#
862	0.684971	81	156	167	248	491	697	#
863	0.837147	105	135	212	213	352	471	698	#
864	0.837147	105	135	169	170	212	213	352	698	#
865	0.837147	105	134	196	212	213	352	471	698	#
866	0.837147	105	134	169	170	196	212	213	352	698	#
867	0.837147	0	1	135	212	213	352	471	698	#
868	0.945792	66	346	699	#
869	0.945792	65	181	346	699	#
870	0.945792	181	238	239	346	699	#
871	0.945792	67	75	163	164	177	228	238	330	494	699	#
872	0.945792	65	67	75	163	164	177	228	239	330	494	699	#
873	0.647757	190	195	253	336	#
874	1.03299	52	126	214	346	488	700	#
875	1.03299	52	125	214	232	346	488	700	#
876	1.03299	52	126	144	217	346	488	700	#
877	1.03299	52	125	144	217	232	346	488	700	#
878	1.03299	163	164	181	229	239	281	367	700	#
879	0.129432	67	75	222	#
880	0.272408	107	211	261	306	701	#
881	0.272408	106	107	211	260	306	701	#
882	0.272408	101	102	211	306	701	#
883	0.47137	16	52	103	214	232	379	702	#
884	0.47137	16	52	103	125	126	214	379	702	#
885	0.923696	154	227	244	288	413	504	703	#
886	0.923696	154	206	207	244	288	413	504	703	#
887	0.923696	117	154	244	382	703	#
888	0.923696	7	116	149	154	244	413	438	501	703	#
889	0.923696	7	116	154	227	244	288	388	413	438	703	#
890	0.952309	28	108	142	167	324	357	395	704	#
891	0.952309	44	45	448	704	#
892	0.952309	44	142	143	448	704	#
893	0.724777	51	182	183	198	425	705	#
894	0.724777	50	157	182	183	198	425	705	#
895	0.724777	37	68	218	272	306	473	705	#
896	0.724777	11	36	68	218	272	306	473	705	#
897	0.724777	36	68	208	218	273	306	473	705	#
898	0.837104	11	110	169	265	272	290	706	#
899	0.837104	11	110	135	265	272	471	486	706	#
900	0.837104	110	169	208	265	273	290	706	#
901	0.837104	11	110	135	169	170	265	272	486	706	#
902	0.837104	110	135	208	265	273	471	486	706	#
903	0.149719	385	#
904	0.680251	48	77	181	239	264	474	479	707	#
905	0.680251	48	66	77	238	264	474	479	707	#
906	0.680251	48	65	77	181	238	264	474	479	707	#
907	0.680251	48	65	66	77	239	264	474	479	707	#
908	0.680251	48	71	78	181	239	264	474	479	707	#
909	0.912555	50	89	202	443	708	#
910	0.912555	50	89	202	256	427	708	#
911	0.912555	51	89	201	443	708	#
912	0.912555	50	89	157	201	443	708	#
913	0.912555	51	89	201	256	427	708	#
914	0.972844	4	129	321	508	709	#
915	0.972844	5	60	111	118	119	209	380	709	#
916	0.972844	4	60	111	118	119	209	242	380	709	#
917	0.972844	5	60	110	118	119	133	209	380	709	#
918	0.972844	4	60	110	118	119	133	209	242	380	709	#
919	1.21082	51	144	366	419	710	#
920	1.21082	50	144	157	366	419	710	#
921	1.21082	97	315	348	710	#
922	1.21082	51	214	217	366	419	710	#
923	1.21082	50	157	214	217	366	419	710	#
924	0.836158	106	325	711	#
925	0.836158	260	261	325	711	#
926	0.836158	106	193	305	398	711	#
927	0.836158	106	191	192	193	305	711	#
928	0.836158	101	102	107	260	325	711	#
929	0.485838	133	251	262	494	712	#
930	0.485838	110	111	251	262	494	712	#
931	0.485838	133	177	178	262	494	712	#
932	0.974648	88	105	273	332	422	473	713	#
933	0.974648	87	105	223	273	332	422	473	713	#
934	0.974648	10	88	105	272	332	422	473	713	#
935	0.974648	10	87	105	223	272	332	422	473	713	#
936	0.974648	65	105	234	235	385	467	713	#
937	0.796646	18	28	197	284	385	714	#
938	0.796646	28	70	78	162	197	239	385	479	480	714	#
939	0.562391	67	114	282	291	#
940	0.606219	22	127	128	150	283	487	715	#
941	0.606219	22	83	150	241	283	487	715	#
942	0.606219	22	83	84	127	150	283	487	715	#
943	0.242806	107	182	183	193	198	#
944	0.717772	129	130	297	388	716	#
945	0.717772	127	292	329	388	716	#
946	0.717772	92	93	114	129	149	321	716	#
947	0.717772	119	388	500	716	#
948	0.717772	122	127	128	150	292	388	716	#
949	0.965054	20	21	50	136	241	334	717	#
950	0.965054	20	21	50	84	127	136	334	717	#
951	0.965054	21	50	136	158	159	182	183	417	717	#
952	0.965054	20	21	50	136	182	183	451	717	#
953	0.965054	20	21	50	83	127	128	136	334	717	#
954	0.870219	22	23	139	431	718	#
955	0.870219	22	23	99	138	431	718	#
956	0.870219	0	22	98	212	213	252	253	452	718	#
957	0.174203	92	93	120	#
958	0.891275	41	70	78	145	192	507	719	#
959	0.891275	41	77	145	171	192	507	719	#
960	0.928234	3	78	203	204	234	239	342	385	479	499	720	#
961	0.928234	2	70	78	203	204	234	239	342	385	479	499	720	#
962	0.928234	3	65	78	203	204	234	238	342	385	479	499	720	#
963	0.928234	2	65	70	78	203	204	234	238	342	385	479	499	720	#
964	0.928234	36	160	161	203	218	243	435	720	#
965	0.920666	22	62	236	396	452	721	#
966	0.920666	5	22	62	203	204	396	468	721	#
967	0.920666	22	23	55	62	139	204	243	363	396	721	#
968	0.920666	4	22	62	203	204	242	396	468	721	#
969	0.636145	37	166	184	272	349	722	#
970	0.636145	11	36	166	184	272	349	722	#
971	0.636145	36	166	184	208	273	349	722	#
972	0.636145	10	36	166	184	208	272	349	722	#
973	0.636145	10	37	166	184	273	349	722	#
974	0.0447387	60	#
975	0.785091	92	93	114	445	723	#
976	0.785091	92	93	103	104	445	723	#
977	0.136436	163	228	#
978	0.652184	74	114	115	194	221	222	291	724	#
979	0.652184	74	112	113	114	115	221	222	291	724	#
980	0.652184	68	114	115	282	291	724	#
981	0.652184	108	434	454	724	#
982	0.652184	92	93	114	115	120	439	724	#
983	0.920805	3	54	92	93	114	115	186	445	725	#
984	0.920805	2	54	70	92	93	114	115	186	445	725	#
985	0.920805	13	54	114	115	123	186	295	496	725	#
986	0.667257	125	367	121	122	#
987	0.869823	217	46	47	99	424	72	726	#
988	0.869823	214	144	46	47	99	424	72	726	#
989	0.869823	52	387	72	726	#
990	0.869823	217	340	138	424	72	726	#
991	0.869823	214	16	17	46	47	99	424	72	726	#
992	1.07214	183	182	158	159	94	314	60	727	#
993	1.07214	334	241	216	394	727	#
994	1.07214	334	84	127	216	394	727	#
995	1.07214	183	182	451	216	394	727	#
996	1.07214	183	182	158	378	44	394	727	#
997	1.20939	126	53	400	135	471	265	273	332	87	728	#
998	1.20939	125	232	53	400	135	471	265	273	332	87	728	#
999	1.20939	126	53	400	135	170	169	265	273	332	87	728	#
1000	1.20939	125	369	95	10	332	87	728	#
1001	1.20939	125	232	53	400	135	170	169	265	273	332	87	728	#
