%% File generated by CATS v.2.1Thu May  9 12:49:24 2024

%% The CATS webpage is http://robotics.stanford.edu/CATS

%% PARAMETER SETTINGS:
% Goods: 512; Bids: 1000; Distribution: paths; Runs: 1; Seed: 13
% Paths Distribution Parameters:
% Initial connections:       = 2
% Edge density:              = 3.000000
% Shipping cost factor:      = 1.500000
% Max bid set size:          = 5
% Building penalty:          = 1.700000



goods 512
bids 1003
dummy 524

0	1.04468	28	37	249	328	347	358	512	#
1	1.04468	37	220	237	249	268	328	358	512	#
2	1.04468	28	29	37	237	249	328	358	512	#
3	1.04468	37	103	238	249	268	328	358	512	#
4	1.04468	2	28	209	249	485	512	#
5	0.895534	8	21	84	345	348	513	#
6	0.895534	8	84	215	348	411	434	513	#
7	0.895534	8	21	74	84	440	513	#
8	0.895534	8	21	84	215	348	365	411	513	#
9	0.895534	9	21	24	345	348	513	#
10	0.574291	22	34	109	264	470	#
11	0.726387	35	165	403	466	#
12	1.10056	287	333	514	#
13	1.10056	109	110	128	264	333	514	#
14	1.10056	52	109	110	223	264	333	514	#
15	1.10056	49	68	110	122	128	174	176	312	473	514	#
16	1.10056	48	68	110	122	128	170	174	176	312	473	514	#
17	0.510484	167	503	#
18	0.581404	220	502	515	#
19	0.581404	103	104	502	515	#
20	1.15047	86	163	232	277	516	#
21	1.15047	86	163	231	253	277	516	#
22	1.15047	86	164	232	250	277	516	#
23	1.15047	86	164	231	250	253	277	516	#
24	1.15047	163	177	215	394	479	516	#
25	0.383283	494	517	#
26	0.383283	10	82	83	197	205	517	#
27	1.02141	99	100	194	511	518	#
28	1.02141	50	51	99	100	511	518	#
29	1.02141	251	350	511	518	#
30	1.02141	133	134	350	511	518	#
31	1.02141	107	149	193	378	518	#
32	0.596088	112	290	#
33	1.01365	110	374	473	519	#
34	1.01365	110	131	212	405	439	473	519	#
35	1.01365	35	128	212	287	363	439	519	#
36	1.01365	35	109	110	212	264	363	439	519	#
37	1.01365	110	132	170	212	405	439	473	519	#
38	1.16081	110	139	326	420	520	#
39	1.16081	16	139	422	520	#
40	1.16081	110	139	160	185	226	353	420	520	#
41	1.16081	16	17	110	139	326	520	#
42	1.16081	101	102	110	139	160	226	353	420	520	#
43	0.717175	163	177	203	215	216	252	479	#
44	0.538098	48	68	312	521	#
45	0.538098	49	68	170	312	521	#
46	0.667081	131	147	161	162	224	225	245	271	522	#
47	0.667081	49	131	147	161	162	224	225	245	460	522	#
48	0.667081	55	224	225	381	410	522	#
49	0.667081	0	12	48	147	346	460	522	#
50	0.667081	48	132	147	161	162	224	225	245	460	522	#
51	0.627907	14	40	58	106	337	523	#
52	0.627907	14	40	58	105	256	337	523	#
53	0.627907	14	40	57	95	106	337	523	#
54	0.627907	14	40	57	95	105	256	337	523	#
55	0.627907	40	58	106	155	156	337	523	#
56	0.657894	46	360	#
57	0.501592	354	524	#
58	0.501592	47	59	64	65	69	76	77	191	524	#
59	0.501592	4	5	47	64	65	69	76	77	191	524	#
60	0.473586	177	178	215	507	#
61	0.514693	165	166	178	320	525	#
62	0.514693	166	222	446	525	#
63	0.514693	166	221	255	446	525	#
64	0.954012	238	358	384	457	526	#
65	0.954012	104	237	358	384	457	526	#
66	0.954012	21	84	238	358	439	457	526	#
67	0.954012	103	220	237	358	384	457	526	#
68	0.783436	154	332	527	#
69	0.783436	74	75	332	527	#
70	0.325612	171	242	506	#
71	0.420407	90	116	285	528	#
72	0.420407	18	90	145	304	528	#
73	0.420407	19	89	116	285	528	#
74	0.420407	18	19	89	145	304	528	#
75	0.420407	33	90	117	285	528	#
76	0.864256	68	69	122	297	529	#
77	0.864256	14	15	59	77	179	200	338	477	529	#
78	0.864256	4	5	14	15	77	179	200	338	477	529	#
79	0.864256	14	122	200	276	338	529	#
80	0.864256	47	76	179	297	477	529	#
81	0.0410629	148	#
82	0.588475	142	265	443	530	#
83	0.588475	121	142	266	443	530	#
84	0.588475	119	120	142	266	443	530	#
85	0.588475	98	143	265	443	530	#
86	0.588475	93	94	143	265	443	530	#
87	0.896009	5	197	212	484	531	#
88	0.896009	4	59	197	212	484	531	#
89	0.896009	10	54	315	431	494	531	#
90	0.896009	10	212	388	405	531	#
91	0.896009	5	7	11	212	484	531	#
92	0.731128	163	165	324	387	532	#
93	0.731128	165	178	387	479	532	#
94	0.731128	42	57	163	256	281	532	#
95	0.935509	0	12	62	279	533	#
96	0.935509	1	13	62	279	533	#
97	0.935509	0	12	63	118	279	533	#
98	0.935509	1	13	63	118	279	533	#
99	0.935509	1	95	199	200	337	493	533	#
100	0.844791	140	362	#
101	0.658693	114	188	284	534	#
102	0.658693	114	188	386	452	534	#
103	1.29493	209	325	340	535	#
104	1.29493	186	365	384	490	535	#
105	1.29493	8	84	137	138	247	434	490	535	#
106	1.29493	84	186	434	439	490	535	#
107	1.29493	8	21	84	137	138	247	365	490	535	#
108	0.424024	155	199	200	416	#
109	0.748108	23	66	115	191	219	371	471	536	#
110	0.748108	22	66	115	191	219	370	371	536	#
111	0.748108	22	66	115	191	217	219	371	471	536	#
112	0.748108	18	60	61	66	201	219	258	424	495	536	#
113	0.748108	23	67	115	129	191	371	471	536	#
114	1.04027	41	114	135	187	391	465	537	#
115	1.04027	15	40	41	114	135	187	354	465	537	#
116	1.04027	41	78	79	114	187	391	465	537	#
117	1.04027	8	59	114	135	136	187	212	354	465	537	#
118	1.04027	4	5	8	114	135	136	187	212	354	465	537	#
119	0.712528	35	52	287	363	538	#
120	0.712528	110	131	223	405	473	538	#
121	0.712528	52	110	128	131	405	473	538	#
122	0.712528	35	128	223	287	363	538	#
123	0.712528	35	109	110	223	264	363	538	#
124	0.917718	15	114	135	187	354	465	539	#
125	0.917718	15	78	79	114	187	354	465	539	#
126	0.917718	14	116	200	344	539	#
127	0.917718	15	47	59	64	65	69	76	77	135	187	192	465	539	#
128	0.917718	4	5	15	47	64	65	69	76	77	135	187	192	465	539	#
129	0.543109	48	78	320	335	540	#
130	0.543109	48	114	115	187	201	288	540	#
131	0.543109	49	78	170	320	335	540	#
132	0.87972	22	81	97	294	371	541	#
133	0.87972	8	22	77	81	97	138	212	383	541	#
134	0.87972	23	81	96	294	371	541	#
135	0.87972	8	23	77	81	96	138	212	383	541	#
136	0.87972	8	81	84	96	138	308	541	#
137	0.496633	46	68	69	122	174	176	542	#
138	0.496633	47	68	69	122	144	174	176	542	#
139	0.496633	76	144	174	176	179	477	542	#
140	0.982743	141	207	504	543	#
141	0.982743	53	141	208	504	543	#
142	1.02093	52	53	141	178	258	287	466	492	544	#
143	1.02093	53	110	141	151	223	353	544	#
144	1.02093	52	53	110	128	141	151	353	544	#
145	1.02093	53	128	141	178	223	258	287	466	492	544	#
146	1.02093	53	109	110	141	178	223	258	264	466	492	544	#
147	0.993611	68	69	122	176	297	545	#
148	0.993611	14	15	59	77	176	179	200	338	477	545	#
149	0.993611	4	5	14	15	77	176	179	200	338	477	545	#
150	0.993611	14	122	176	200	276	338	545	#
151	0.993611	47	76	176	179	297	477	545	#
152	0.638685	191	202	203	215	216	252	361	410	546	#
153	0.638685	189	191	198	202	203	215	361	410	411	546	#
154	0.638685	191	198	202	203	215	216	261	361	410	546	#
155	0.638685	114	192	202	203	215	216	252	361	410	546	#
156	0.638685	190	191	202	203	215	252	361	410	411	546	#
157	1.07362	30	160	236	313	384	457	547	#
158	1.07362	30	101	160	235	313	384	457	547	#
159	1.07362	16	158	295	331	547	#
160	1.07362	102	158	235	331	420	547	#
161	1.07362	21	30	84	160	236	313	439	457	547	#
162	0.187816	182	184	548	#
163	0.187816	181	183	184	548	#
164	0.863601	97	169	204	380	549	#
165	0.863601	96	169	204	217	380	549	#
166	0.863601	80	81	97	169	380	549	#
167	0.863601	22	23	96	169	204	380	549	#
168	0.863601	80	81	96	169	217	380	549	#
169	0.697345	48	255	325	460	550	#
170	0.697345	48	221	222	325	460	550	#
171	0.697345	170	255	271	325	550	#
172	0.697345	170	221	222	271	325	550	#
173	0.697345	49	170	255	325	460	550	#
174	0.400141	43	81	97	368	551	#
175	0.400141	42	81	95	97	368	551	#
176	0.91771	27	34	52	208	287	402	552	#
177	0.91771	27	34	52	53	207	287	402	552	#
178	0.91771	27	34	128	208	223	287	402	552	#
179	0.91771	27	34	109	110	208	223	264	402	552	#
180	0.91771	27	34	52	109	110	128	208	264	402	552	#
181	0.894362	198	202	203	245	364	410	553	#
182	0.894362	189	198	202	203	245	379	410	553	#
183	0.894362	190	202	203	245	252	379	410	553	#
184	0.894362	99	194	395	407	553	#
185	0.894362	202	203	245	252	261	364	410	553	#
186	0.60801	70	259	262	417	554	#
187	0.60801	111	259	262	282	445	554	#
188	0.60801	32	33	259	262	282	445	554	#
189	0.60801	70	111	145	259	262	323	445	554	#
190	0.60801	32	33	70	145	259	262	323	445	554	#
191	0.564553	268	459	#
192	0.509093	25	121	455	555	#
193	0.509093	24	84	121	455	555	#
194	0.685821	43	281	556	#
195	0.685821	42	95	281	556	#
196	0.685821	58	165	256	324	387	556	#
197	0.685821	42	57	58	281	556	#
198	0.685821	57	95	165	256	324	387	556	#
199	0.88368	18	53	304	499	557	#
200	0.88368	53	116	145	285	499	557	#
201	0.88368	18	90	304	357	557	#
202	0.88368	18	207	208	304	499	557	#
203	0.88368	18	19	89	304	357	557	#
204	0.982448	161	224	245	272	558	#
205	0.982448	1	161	180	199	224	225	245	336	558	#
206	0.982448	1	38	39	161	199	224	225	245	336	558	#
207	0.982448	1	161	180	199	224	239	240	245	336	558	#
208	0.982448	0	12	13	161	180	199	224	225	245	336	558	#
209	1.09747	256	305	444	456	559	#
210	1.09747	89	400	444	559	#
211	1.09747	4	230	284	354	559	#
212	1.09747	57	63	230	305	386	493	559	#
213	1.09747	4	26	27	284	354	559	#
214	0.169786	161	214	560	#
215	0.169786	123	161	213	560	#
216	0.913962	17	102	359	561	#
217	0.913962	17	101	185	359	561	#
218	0.913962	235	295	359	561	#
219	0.913962	16	102	359	420	561	#
220	0.913962	17	37	152	160	185	226	328	561	#
221	0.628124	57	166	168	256	387	430	562	#
222	0.628124	58	95	166	168	256	387	430	562	#
223	0.628124	19	57	168	256	285	456	562	#
224	0.628124	167	330	453	562	#
225	0.628124	19	58	95	168	256	285	456	562	#
226	1.14063	234	248	414	563	#
227	1.14063	186	234	247	414	563	#
228	1.14063	64	116	135	187	192	397	465	563	#
229	1.14063	84	111	306	439	563	#
230	1.14063	45	84	300	439	563	#
231	0.61867	165	166	177	178	215	242	411	506	564	#
232	0.61867	165	166	177	178	190	215	216	242	506	564	#
233	0.61867	172	177	178	215	411	507	564	#
234	0.61867	171	177	178	215	246	411	507	564	#
235	0.61867	165	166	177	178	189	215	216	242	261	506	564	#
236	0.297647	49	123	389	565	#
237	0.297647	48	123	170	389	565	#
238	0.297647	49	123	131	367	565	#
239	0.297647	49	131	161	162	214	565	#
240	0.297647	48	123	132	367	565	#
241	0.58496	60	151	226	260	492	#
242	0.708921	68	112	385	#
243	0.563659	165	324	#
244	0.907149	49	68	149	157	181	312	474	566	#
245	0.907149	48	68	149	157	170	181	312	474	566	#
246	0.907149	68	69	107	157	193	297	566	#
247	0.907149	49	68	150	157	182	312	474	566	#
248	0.907149	48	68	150	157	170	182	312	474	566	#
249	0.81966	213	242	407	500	567	#
250	0.81966	123	214	242	407	500	567	#
251	0.81966	165	166	170	178	320	389	500	567	#
252	0.81966	97	170	204	222	316	389	567	#
253	0.81966	132	165	166	178	320	367	500	567	#
254	0.790187	166	430	446	568	#
255	0.790187	18	127	166	285	446	568	#
256	0.790187	165	166	178	222	320	430	568	#
257	0.790187	165	166	178	221	430	508	568	#
258	0.790187	48	147	222	330	460	568	#
259	0.754771	117	119	311	465	569	#
260	0.754771	117	120	121	311	465	569	#
261	0.754771	32	119	311	461	465	569	#
262	0.754771	33	116	119	311	465	569	#
263	0.754771	32	120	121	311	461	465	569	#
264	0.767203	92	332	#
265	0.779362	37	62	238	334	358	570	#
266	0.779362	37	62	104	237	334	358	570	#
267	0.47481	4	13	14	15	199	200	436	571	#
268	0.47481	1	4	14	15	199	200	213	224	225	245	571	#
269	0.571255	67	456	487	572	#
270	0.571255	66	130	456	487	572	#
271	0.571255	19	67	424	456	572	#
272	0.571255	66	129	219	456	487	572	#
273	0.571255	19	66	130	424	456	572	#
274	0.437864	15	47	59	65	69	76	77	573	#
275	0.437864	4	5	15	47	65	69	76	77	573	#
276	0.437864	15	46	59	65	69	76	77	144	573	#
277	0.437864	4	5	15	46	65	69	76	77	144	573	#
278	0.437864	65	68	276	573	#
279	0.586905	46	297	#
280	0.913805	5	7	212	484	574	#
281	0.913805	4	7	59	212	484	574	#
282	0.913805	5	11	197	212	484	574	#
283	0.913805	5	6	10	197	212	484	574	#
284	0.913805	6	54	315	431	494	574	#
285	0.276764	14	15	59	199	200	212	575	#
286	0.276764	4	5	14	15	199	200	212	575	#
287	0.853436	103	249	268	392	576	#
288	0.853436	104	220	249	268	392	576	#
289	0.853436	28	29	104	249	392	576	#
290	0.853436	28	29	103	220	249	392	576	#
291	0.853436	202	203	215	216	249	252	268	459	576	#
292	0.797146	73	164	177	215	216	252	479	577	#
293	0.797146	73	163	177	215	216	250	252	479	577	#
294	0.797146	73	164	177	189	198	215	411	479	577	#
295	0.797146	73	164	177	198	215	216	261	479	577	#
296	0.797146	73	163	177	189	198	215	250	411	479	577	#
297	0.544735	101	160	217	409	#
298	0.166829	34	109	264	#
299	0.516079	74	243	348	578	#
300	0.516079	74	112	113	348	578	#
301	0.516079	75	154	243	348	578	#
302	0.516079	75	112	113	154	348	578	#
303	0.828458	12	220	237	489	579	#
304	0.828458	12	103	238	489	579	#
305	0.828458	12	103	104	237	489	579	#
306	0.828458	12	104	220	238	489	579	#
307	0.828458	12	13	14	15	199	200	220	451	579	#
308	0.824248	142	171	266	443	506	580	#
309	0.824248	121	142	171	265	443	506	580	#
310	0.824248	98	266	339	580	#
311	0.824248	93	94	266	339	580	#
312	0.824248	98	121	265	339	580	#
313	0.588277	33	103	234	286	581	#
314	0.588277	32	103	111	234	286	581	#
315	0.588277	70	146	259	260	313	323	581	#
316	0.934365	71	412	582	#
317	0.934365	70	86	232	259	501	582	#
318	0.934365	71	133	401	491	582	#
319	0.934365	51	71	99	100	134	401	582	#
320	0.934365	51	71	99	100	133	251	401	582	#
321	0.720366	18	177	202	203	215	216	252	424	495	#
322	0.446329	8	54	431	583	#
323	0.446329	8	55	56	431	583	#
324	0.41352	62	95	493	584	#
325	0.41352	57	58	62	493	584	#
326	0.701949	89	140	141	357	585	#
327	0.701949	19	53	140	141	499	585	#
328	0.701949	19	90	140	141	357	585	#
329	0.701949	53	89	90	140	141	499	585	#
330	0.701949	19	140	141	207	208	499	585	#
331	0.571173	111	475	586	#
332	0.571173	57	111	280	586	#
333	0.571173	32	33	475	586	#
334	0.571173	32	33	57	280	586	#
335	0.571173	58	95	111	280	586	#
336	0.896892	32	132	162	481	587	#
337	0.896892	32	131	162	170	481	587	#
338	0.896892	33	111	132	162	481	587	#
339	0.896892	33	111	131	162	170	481	587	#
340	0.896892	32	132	162	320	450	495	587	#
341	0.740358	48	195	325	460	588	#
342	0.740358	170	195	271	325	588	#
343	0.740358	49	170	195	325	460	588	#
344	0.740358	132	172	196	388	588	#
345	0.740358	131	170	172	196	388	588	#
346	0.918193	55	102	202	203	216	252	310	420	589	#
347	0.918193	72	73	102	216	252	310	420	589	#
348	0.918193	54	56	102	202	203	216	252	310	420	589	#
349	0.918193	55	102	189	198	202	203	310	411	420	589	#
350	0.918193	55	102	198	202	203	216	261	310	420	589	#
351	0.051284	4	15	#
352	0.75678	155	200	251	480	590	#
353	0.75678	133	134	155	200	480	590	#
354	0.75678	14	156	200	251	480	590	#
355	0.75678	100	155	200	423	590	#
356	0.75678	15	47	59	69	76	77	156	251	376	590	#
357	0.615898	1	225	274	#
358	0.383983	152	160	185	226	229	420	591	#
359	0.383983	101	102	152	160	226	229	420	591	#
360	0.383983	36	151	160	185	226	229	420	591	#
361	0.383983	139	152	160	185	226	228	420	591	#
362	0.383983	36	101	102	151	160	226	229	420	591	#
363	0.969663	47	69	163	177	215	467	479	#
364	1.18364	42	151	218	226	260	369	415	592	#
365	1.18364	42	151	167	168	226	260	369	415	592	#
366	1.18364	70	107	259	323	404	592	#
367	1.18364	37	149	152	193	226	260	275	592	#
368	1.18364	50	70	71	107	259	378	592	#
369	0.0465822	139	#
370	0.939493	29	66	99	194	220	293	321	593	#
371	0.939493	29	32	130	220	262	286	445	593	#
372	0.939493	28	66	99	194	268	293	321	593	#
373	0.939493	29	66	99	103	104	194	293	321	593	#
374	0.939493	28	32	130	262	268	286	445	593	#
375	0.868316	50	55	70	71	198	202	203	364	594	#
376	0.868316	50	55	70	71	189	198	202	203	379	594	#
377	0.868316	50	70	71	72	73	198	364	594	#
378	0.868316	50	70	71	72	73	189	198	379	594	#
379	0.868316	50	54	56	70	71	198	202	203	364	594	#
380	0.33242	262	445	#
381	0.659079	172	195	196	209	494	595	#
382	0.659079	171	195	196	209	246	494	595	#
383	0.942422	8	121	136	455	483	596	#
384	0.942422	8	119	120	136	455	483	596	#
385	0.942422	8	136	265	266	455	483	596	#
386	0.942422	9	25	121	136	455	483	596	#
387	0.942422	9	24	84	121	136	455	483	596	#
388	0.844657	13	199	480	597	#
389	0.844657	0	1	12	199	480	597	#
390	0.844657	13	100	199	251	423	597	#
391	0.844657	13	100	133	134	199	423	597	#
392	0.844657	13	14	15	47	59	69	76	77	199	200	376	597	#
393	0.784169	22	123	170	222	316	389	598	#
394	0.784169	22	123	132	222	316	367	598	#
395	0.784169	22	123	170	221	255	316	389	598	#
396	0.784169	22	123	131	170	222	316	367	598	#
397	0.784169	22	132	161	162	214	222	316	598	#
398	0.968269	56	94	202	228	266	458	483	599	#
399	0.968269	56	94	121	202	228	265	458	483	599	#
400	0.968269	54	55	94	202	228	266	458	483	599	#
401	0.968269	56	93	98	202	228	266	458	483	599	#
402	0.968269	54	55	94	121	202	228	265	458	483	599	#
403	0.749837	16	139	290	295	600	#
404	0.749837	102	139	235	290	420	600	#
405	0.749837	139	185	236	290	420	600	#
406	0.749837	33	234	373	469	600	#
407	0.749837	101	102	139	236	290	420	600	#
408	0.473218	191	202	203	215	216	252	361	601	#
409	0.473218	189	191	198	202	203	215	361	411	601	#
410	0.473218	191	198	202	203	215	216	261	361	601	#
411	0.473218	114	192	202	203	215	216	252	361	601	#
412	0.712635	18	90	127	220	502	602	#
413	0.712635	18	19	89	127	220	502	602	#
414	0.712635	18	90	103	104	127	502	602	#
415	0.712635	90	220	241	242	244	502	602	#
416	0.712635	18	19	89	103	104	127	502	602	#
417	0.214753	195	196	#
418	0.553871	78	170	320	335	603	#
419	0.553871	114	115	170	187	201	288	603	#
420	0.553871	79	135	170	320	335	603	#
421	0.553871	114	115	131	187	201	317	603	#
422	0.553871	114	115	132	170	187	201	317	603	#
423	0.484154	210	258	492	604	#
424	0.484154	36	37	258	492	604	#
425	0.691399	20	76	104	179	457	605	#
426	0.691399	20	76	103	179	220	457	605	#
427	0.691399	59	76	77	451	605	#
428	0.691399	4	5	76	77	451	605	#
429	0.691399	21	76	77	84	104	212	457	605	#
430	0.497898	70	417	606	#
431	0.497898	111	282	445	606	#
432	0.497898	32	33	282	445	606	#
433	0.497898	70	111	145	323	445	606	#
434	0.497898	32	33	70	145	323	445	606	#
435	0.758819	36	156	441	607	#
436	0.758819	14	36	155	441	607	#
437	0.758819	15	47	59	69	76	77	151	448	607	#
438	0.758819	4	5	15	47	69	76	77	151	448	607	#
439	0.758819	15	46	59	69	76	77	144	151	448	607	#
440	0.795609	155	505	608	#
441	0.795609	14	156	505	608	#
442	0.686619	46	297	609	#
443	0.686619	47	144	297	609	#
444	0.876513	7	68	509	610	#
445	0.876513	11	68	197	509	610	#
446	0.876513	6	68	177	178	215	467	507	610	#
447	0.876513	6	10	68	197	509	610	#
448	0.876513	10	11	68	177	178	215	467	507	610	#
449	0.671953	12	88	106	289	611	#
450	0.671953	12	88	105	256	289	611	#
451	0.763562	8	21	84	136	457	612	#
452	0.763562	9	21	24	136	457	612	#
453	0.763562	9	21	25	84	136	457	612	#
454	0.763562	8	21	24	25	136	457	612	#
455	0.583396	4	15	156	425	613	#
456	0.583396	4	14	15	155	425	613	#
457	0.583396	5	15	59	156	425	613	#
458	0.583396	5	14	15	59	155	425	613	#
459	0.583396	5	76	77	254	396	613	#
460	0.945695	84	134	283	439	614	#
461	0.945695	84	133	251	283	439	614	#
462	0.945695	159	342	614	#
463	0.945695	30	158	342	614	#
464	0.945695	8	84	134	137	138	248	283	614	#
465	0.526648	56	202	458	#
466	0.925008	195	196	359	#
467	0.955375	30	181	374	474	615	#
468	0.955375	30	131	181	212	405	439	474	615	#
469	0.955375	31	181	186	374	474	615	#
470	0.955375	14	15	30	59	181	200	212	428	439	615	#
471	0.955375	4	5	14	15	30	181	200	212	428	439	615	#
472	1.07594	8	21	84	137	138	440	616	#
473	1.07594	8	21	74	84	137	138	345	348	616	#
474	1.07594	8	74	84	137	138	215	348	411	434	616	#
475	1.07594	9	21	24	137	138	440	616	#
476	1.07594	8	21	74	84	137	138	215	348	365	411	616	#
477	0.859699	123	271	325	389	617	#
478	0.859699	49	123	325	389	460	617	#
479	0.859699	48	123	170	325	389	460	617	#
480	0.859699	123	131	271	325	367	617	#
481	0.859699	49	123	131	325	367	460	617	#
482	0.151369	73	252	618	#
483	0.151369	73	198	261	618	#
484	0.435465	203	205	329	619	#
485	0.435465	56	202	205	315	619	#
486	0.883892	1	10	199	224	225	246	375	#
487	0.891769	8	131	138	212	405	473	620	#
488	0.891769	34	109	138	264	463	620	#
489	0.891769	8	35	109	138	212	264	363	620	#
490	0.891769	8	132	138	170	212	405	473	620	#
491	0.891769	8	34	54	109	138	264	315	431	620	#
492	0.917294	33	344	621	#
493	0.917294	32	111	344	621	#
494	0.917294	116	117	344	621	#
495	0.917294	32	116	344	461	621	#
496	0.917294	111	117	344	461	621	#
497	0.249813	170	474	#
498	0.642853	57	168	454	622	#
499	0.642853	25	167	426	622	#
500	0.642853	24	84	167	426	622	#
501	0.642853	58	95	168	454	622	#
502	0.642853	5	25	57	168	212	305	622	#
503	0.597365	34	52	53	141	287	329	623	#
504	0.597365	34	53	128	141	223	287	329	623	#
505	0.597365	34	53	109	110	141	223	264	329	623	#
506	0.597365	34	52	53	109	110	128	141	264	329	623	#
507	0.597365	53	141	189	198	223	435	623	#
508	0.815391	0	10	12	224	225	375	624	#
509	0.815391	1	10	13	224	225	375	624	#
510	0.815391	178	303	507	624	#
511	0.815391	132	346	388	624	#
512	0.815391	131	170	346	388	624	#
513	0.169293	177	215	258	#
514	0.0564072	190	#
515	0.444126	53	109	110	140	141	153	206	223	625	#
516	0.444126	52	53	109	110	128	140	141	153	206	625	#
517	0.444126	109	110	140	141	153	206	207	208	223	625	#
518	0.444126	52	109	110	128	140	141	153	206	207	208	625	#
519	0.444126	34	52	53	140	141	153	205	287	625	#
520	0.313792	14	15	47	59	69	76	77	626	#
521	0.313792	4	5	14	15	47	69	76	77	626	#
522	0.129852	224	225	#
523	0.948469	92	118	442	627	#
524	0.948469	62	63	92	442	627	#
525	0.435657	40	276	628	#
526	0.435657	15	40	47	59	68	69	76	77	628	#
527	0.435657	4	5	15	40	47	68	69	76	77	628	#
528	0.435657	15	40	46	59	68	69	76	77	144	628	#
529	0.435657	4	5	15	40	46	68	69	76	77	144	628	#
530	0.216822	7	82	#
531	0.53082	58	155	337	629	#
532	0.53082	57	95	155	337	629	#
533	0.53082	14	58	156	337	629	#
534	0.53082	14	57	95	156	337	629	#
535	0.53082	57	155	218	296	629	#
536	1.01505	17	34	102	409	470	630	#
537	1.01505	17	34	101	185	409	470	630	#
538	1.01505	17	151	160	178	185	226	258	466	492	630	#
539	1.01505	17	101	102	151	160	178	226	258	466	492	630	#
540	1.01505	34	235	295	409	470	630	#
541	0.113942	35	264	#
542	0.912791	22	85	97	399	631	#
543	0.912791	22	85	86	97	231	314	371	631	#
544	0.912791	23	85	96	399	631	#
545	0.912791	22	85	96	217	399	631	#
546	0.912791	23	85	86	96	231	314	371	631	#
547	0.926997	130	149	181	262	299	632	#
548	0.926997	112	149	181	292	322	632	#
549	0.926997	149	181	219	263	299	632	#
550	0.926997	130	150	182	262	299	632	#
551	0.926997	112	150	182	292	322	632	#
552	1.08657	5	8	137	138	140	212	247	486	633	#
553	1.08657	5	140	186	212	439	486	633	#
554	1.08657	4	8	59	137	138	140	212	247	486	633	#
555	1.08657	4	59	140	186	212	439	486	633	#
556	1.08657	149	153	157	181	186	374	474	633	#
557	0.651969	11	107	269	634	#
558	0.651969	6	10	107	269	634	#
559	0.651969	7	107	197	269	634	#
560	0.651969	6	140	432	496	634	#
561	0.801637	202	203	215	216	245	252	348	410	635	#
562	0.801637	189	198	202	203	215	245	348	410	411	635	#
563	0.801637	198	202	203	215	216	245	261	348	410	635	#
564	0.801637	224	245	462	635	#
565	0.801637	190	202	203	215	245	252	348	410	411	635	#
566	0.985988	128	178	220	287	335	349	466	636	#
567	0.985988	109	110	178	220	264	335	349	466	636	#
568	0.985988	128	178	220	237	258	287	302	466	636	#
569	0.985988	109	110	178	220	237	258	264	302	466	636	#
570	0.985988	79	109	110	206	220	349	408	636	#
571	0.20509	68	122	#
572	0.620676	22	46	64	65	69	97	371	637	#
573	0.620676	23	46	64	65	69	96	371	637	#
574	0.620676	22	76	97	144	383	637	#
575	0.620676	22	46	64	65	69	96	217	371	637	#
576	0.620676	22	47	64	65	69	97	144	371	637	#
577	0.811207	137	187	192	294	638	#
578	0.811207	114	137	187	191	294	638	#
579	0.811207	8	59	114	137	138	187	212	354	638	#
580	0.811207	4	5	8	114	137	138	187	212	354	638	#
581	0.811207	8	47	64	65	69	76	77	137	138	187	192	212	638	#
582	0.703275	91	92	180	249	268	321	#
583	0.262318	60	61	115	191	201	#
584	1.01572	108	120	184	497	639	#
585	1.01572	108	119	121	184	497	639	#
586	1.01572	95	107	119	218	415	464	639	#
587	1.01572	95	107	119	167	168	415	464	639	#
588	1.01572	57	58	107	119	218	415	464	639	#
589	1.03242	49	68	122	176	182	312	474	640	#
590	1.03242	176	183	253	478	640	#
591	1.03242	48	68	122	170	176	182	312	474	640	#
592	1.03242	49	68	122	176	181	183	312	474	640	#
593	1.03242	176	183	231	232	478	640	#
594	0.528436	114	115	135	187	201	317	#
595	1.2089	8	138	212	298	325	641	#
596	1.2089	138	171	195	196	356	641	#
597	1.2089	8	138	147	325	381	431	641	#
598	1.2089	8	131	138	212	271	325	405	641	#
599	1.2089	8	49	131	138	212	325	405	460	641	#
600	0.478283	47	59	64	65	69	76	77	642	#
601	0.478283	4	5	47	64	65	69	76	77	642	#
602	0.478283	46	59	64	65	69	76	77	144	642	#
603	0.478283	4	5	46	64	65	69	76	77	144	642	#
604	0.81966	213	242	407	500	643	#
605	0.81966	123	214	242	407	500	643	#
606	0.81966	165	166	170	178	320	389	500	643	#
607	0.81966	97	170	204	222	316	389	643	#
608	0.81966	132	165	166	178	320	367	500	643	#
609	0.0335111	171	#
610	0.729611	177	188	230	309	644	#
611	0.729611	26	27	177	188	309	644	#
612	0.729611	18	19	177	444	495	644	#
613	0.729611	18	19	127	165	166	177	178	444	644	#
614	0.729611	18	89	90	177	444	495	644	#
615	0.479153	47	64	65	69	76	77	645	#
616	0.479153	46	64	65	69	76	77	144	645	#
617	0.768208	58	102	368	409	646	#
618	0.768208	57	95	102	368	409	646	#
619	0.768208	58	101	185	368	409	646	#
620	0.768208	57	102	235	437	646	#
621	0.768208	57	95	101	185	368	409	646	#
622	0.418128	57	207	218	343	647	#
623	0.418128	57	167	168	207	343	647	#
624	0.48728	12	13	88	416	648	#
625	0.48728	12	88	222	346	648	#
626	0.48728	12	88	221	255	346	648	#
627	0.48728	0	1	88	416	648	#
628	0.48728	1	87	240	416	648	#
629	0.5156	199	200	221	416	649	#
630	0.5156	13	199	200	255	346	649	#
631	0.5156	13	199	200	221	222	346	649	#
632	0.5156	199	200	222	255	416	649	#
633	0.248583	10	82	197	246	#
634	0.765921	94	221	266	458	510	650	#
635	0.765921	94	121	221	265	458	510	650	#
636	0.765921	93	98	221	266	458	510	650	#
637	0.765921	93	98	121	221	265	458	510	650	#
638	0.765921	121	433	508	650	#
639	1.24163	121	184	483	497	651	#
640	1.24163	119	120	184	483	497	651	#
641	1.24163	49	102	139	184	318	420	474	651	#
642	1.24163	61	139	184	185	201	341	420	429	651	#
643	1.24163	184	265	266	483	497	651	#
644	0.40525	6	172	195	196	209	652	#
645	0.40525	6	171	195	196	209	246	652	#
646	0.40525	10	11	172	195	196	209	652	#
647	0.40525	10	11	171	195	196	209	246	652	#
648	0.991413	102	331	420	653	#
649	0.991413	101	185	331	420	653	#
650	0.991413	16	17	102	331	653	#
651	0.991413	16	17	101	185	331	653	#
652	0.991413	16	235	295	331	653	#
653	0.939694	10	172	195	196	209	269	654	#
654	0.939694	10	171	195	196	209	246	269	654	#
655	0.939694	3	108	413	654	#
656	0.939694	6	11	172	195	196	209	269	654	#
657	0.939694	2	108	188	413	654	#
658	0.619034	20	47	64	65	69	76	135	179	187	192	655	#
659	0.619034	20	46	64	65	69	76	135	144	179	187	192	655	#
660	0.619034	20	47	64	65	69	76	114	135	179	187	191	655	#
661	1.03496	30	84	133	283	350	439	656	#
662	1.03496	31	99	137	138	194	247	352	656	#
663	1.03496	50	85	158	412	656	#
664	1.03496	30	84	99	100	134	194	283	439	656	#
665	1.03496	30	99	137	138	194	248	352	656	#
666	0.371752	95	168	368	657	#
667	0.371752	57	58	168	368	657	#
668	0.371752	95	167	218	368	657	#
669	0.371752	57	58	167	218	368	657	#
670	0.155089	20	21	84	#
671	0.37845	44	146	304	658	#
672	0.37845	45	145	304	658	#
673	0.37845	44	145	234	304	658	#
674	0.37845	33	45	450	658	#
675	0.37845	33	44	234	450	658	#
676	1.11062	8	62	137	138	419	659	#
677	1.11062	8	47	76	77	137	138	212	372	659	#
678	1.11062	8	46	76	77	137	138	144	212	372	659	#
679	1.11062	46	247	372	377	659	#
680	1.11062	5	8	57	137	138	212	305	493	659	#
681	0.78546	94	202	224	410	458	660	#
682	0.78546	142	239	438	660	#
683	0.78546	93	98	202	224	410	458	660	#
684	0.78546	142	225	240	438	660	#
685	0.78546	98	143	239	438	660	#
686	0.83942	56	102	202	203	216	252	310	661	#
687	0.83942	54	55	102	202	203	216	252	310	661	#
688	0.83942	56	102	189	198	202	203	310	411	661	#
689	0.83942	56	102	198	202	203	216	261	310	661	#
690	0.83942	54	72	73	102	216	252	310	661	#
691	0.657784	47	69	76	448	662	#
692	0.657784	46	69	76	144	448	662	#
693	0.506668	105	456	487	#
694	0.545204	155	337	663	#
695	0.545204	14	156	337	663	#
696	0.545204	95	155	218	296	663	#
697	0.545204	95	155	167	168	296	663	#
698	0.545204	57	58	155	218	296	663	#
699	0.528074	304	495	664	#
700	0.528074	127	165	166	178	304	664	#
701	0.477441	47	64	65	69	192	665	#
702	0.477441	46	64	65	69	144	192	665	#
703	0.477441	47	64	65	69	114	191	665	#
704	0.477441	46	64	65	69	114	144	191	665	#
705	0.855807	197	484	666	#
706	0.855807	7	11	484	666	#
707	0.855807	6	7	10	484	666	#
708	0.855807	5	10	388	405	666	#
709	0.855807	4	10	59	388	405	666	#
710	0.845327	52	133	208	421	667	#
711	0.845327	52	53	133	207	421	667	#
712	0.845327	128	133	208	223	421	667	#
713	0.845327	53	128	133	207	223	421	667	#
714	1.06064	149	153	157	231	478	668	#
715	1.06064	150	153	157	183	231	478	668	#
716	1.06064	179	232	301	477	668	#
717	1.06064	149	193	231	478	496	668	#
718	1.06064	179	231	253	301	477	668	#
719	0.760078	3	209	271	325	669	#
720	0.760078	3	49	209	325	460	669	#
721	0.760078	2	188	209	271	325	669	#
722	0.760078	2	49	188	209	325	460	669	#
723	0.875208	131	250	366	670	#
724	0.875208	132	164	320	479	670	#
725	0.875208	131	164	170	320	479	670	#
726	0.875208	132	170	250	366	670	#
727	0.875208	132	163	250	320	479	670	#
728	0.106633	260	#
729	0.161145	139	420	671	#
730	0.161145	16	17	139	671	#
731	0.76779	114	230	284	672	#
732	0.76779	26	27	114	284	672	#
733	0.76779	114	230	386	452	672	#
734	0.76779	26	27	114	386	452	672	#
735	0.76779	19	241	244	444	488	672	#
736	0.662209	8	59	114	187	212	354	673	#
737	0.662209	4	5	8	114	187	212	354	673	#
738	0.662209	8	47	64	65	69	76	77	187	192	212	673	#
739	0.662209	8	46	64	65	69	76	77	144	187	192	212	673	#
740	0.662209	8	47	64	65	69	76	77	114	187	191	212	673	#
741	0.449879	24	434	674	#
742	0.449879	21	24	365	674	#
743	1.09282	26	191	284	314	675	#
744	1.09282	26	191	314	386	452	675	#
745	1.09282	26	114	192	284	314	675	#
746	1.09282	26	114	192	314	386	452	675	#
747	1.09282	27	191	230	284	314	675	#
748	0.345552	44	146	304	#
749	0.721977	14	58	256	337	456	676	#
750	0.721977	14	57	95	256	337	456	676	#
751	0.721977	58	155	156	256	337	456	676	#
752	0.721977	4	15	256	305	456	676	#
753	0.721977	57	95	155	156	256	337	456	676	#
754	0.887218	0	12	489	677	#
755	0.887218	1	13	489	677	#
756	0.887218	1	14	15	199	200	237	451	677	#
757	0.887218	224	225	238	392	410	677	#
758	0.887218	1	15	155	156	199	200	237	451	677	#
759	0.975913	194	378	678	#
760	0.975913	57	99	107	218	256	387	403	415	678	#
761	0.975913	99	100	107	149	193	511	678	#
762	0.975913	57	99	107	167	168	256	387	403	415	678	#
763	0.975913	57	99	100	107	218	256	355	415	678	#
764	1.07475	43	151	369	418	679	#
765	1.07475	47	69	227	396	448	679	#
766	1.07475	42	95	151	369	418	679	#
767	1.07475	42	57	58	151	369	418	679	#
768	1.07475	46	69	144	227	396	448	679	#
769	0.722494	57	218	256	415	456	680	#
770	0.722494	57	167	168	256	415	456	680	#
771	0.722494	58	95	218	256	415	456	680	#
772	0.722494	58	95	167	168	256	415	456	680	#
773	1.17914	39	91	92	171	220	242	249	268	502	506	681	#
774	1.17914	28	29	39	91	92	171	242	249	502	506	681	#
775	1.17914	142	171	174	175	398	443	506	681	#
776	0.262657	118	386	682	#
777	0.262657	62	63	386	682	#
778	0.933032	178	210	258	264	466	492	683	#
779	0.933032	36	37	178	258	264	466	492	683	#
780	0.933032	37	151	152	178	258	264	466	492	683	#
781	0.933032	37	109	152	353	683	#
782	0.933032	177	178	210	264	427	466	683	#
783	0.543519	66	99	194	219	293	684	#
784	0.543519	67	99	129	194	293	684	#
785	0.543519	66	99	129	130	194	293	684	#
786	0.215107	52	53	287	685	#
787	0.215107	53	128	223	287	685	#
788	0.215107	53	109	110	223	264	685	#
789	0.215107	52	53	109	110	128	264	685	#
790	0.301027	160	185	260	420	686	#
791	0.301027	101	102	160	260	420	686	#
792	0.550204	64	65	68	78	122	187	192	687	#
793	0.550204	64	65	68	78	114	122	187	191	687	#
794	0.550204	64	65	68	79	122	135	187	192	687	#
795	0.550204	78	187	192	253	314	687	#
796	0.550204	64	65	68	79	114	122	135	187	191	687	#
797	0.941701	125	149	157	511	688	#
798	0.941701	97	126	157	169	204	380	688	#
799	0.941701	125	134	307	688	#
800	0.941701	125	133	251	307	688	#
801	0.941701	96	126	157	169	204	217	380	688	#
802	0.927069	137	192	294	488	689	#
803	0.927069	8	20	21	84	137	138	165	166	242	278	689	#
804	1.0857	63	95	155	188	337	386	493	690	#
805	1.0857	57	58	63	155	188	337	386	493	690	#
806	1.0857	2	147	155	209	296	325	453	690	#
807	1.0857	14	63	95	156	188	337	386	493	690	#
808	1.0857	62	95	118	155	188	337	386	493	690	#
809	0.642981	237	451	#
810	0.965379	34	52	138	208	287	463	691	#
811	0.965379	8	35	52	138	208	212	287	363	691	#
812	0.965379	34	52	53	138	207	287	463	691	#
813	0.965379	8	35	52	53	138	207	212	287	363	691	#
814	0.965379	8	110	131	138	208	212	223	405	473	691	#
815	0.580343	48	68	255	312	692	#
816	0.580343	48	68	221	222	312	692	#
817	0.555052	97	173	470	693	#
818	0.555052	34	35	97	470	693	#
819	0.555052	96	173	217	470	693	#
820	0.555052	34	35	96	217	470	693	#
821	0.555052	22	23	96	173	470	693	#
822	0.827136	142	266	443	506	694	#
823	0.827136	121	142	265	443	506	694	#
824	0.827136	119	120	142	265	443	506	694	#
825	0.827136	98	143	266	443	506	694	#
826	0.827136	93	94	143	266	443	506	694	#
827	0.89746	177	202	203	215	216	252	410	479	695	#
828	0.89746	177	189	198	202	203	215	410	411	479	695	#
829	0.89746	177	198	202	203	215	216	261	410	479	695	#
830	0.89746	224	482	695	#
831	0.89746	177	190	202	203	215	252	410	411	479	695	#
832	0.389969	195	406	#
833	0.199802	195	209	#
834	0.282652	8	21	84	136	696	#
835	0.282652	9	21	24	136	696	#
836	0.129941	211	697	#
837	0.129941	123	124	697	#
838	1.01099	201	236	317	367	429	698	#
839	1.01099	101	201	235	317	367	429	698	#
840	1.01099	160	236	382	698	#
841	1.01099	161	162	201	213	236	317	429	698	#
842	1.01099	101	160	235	382	698	#
843	0.603329	60	178	258	287	466	699	#
844	0.603329	60	109	110	128	178	258	264	466	699	#
845	0.987703	102	409	470	700	#
846	0.987703	101	185	409	470	700	#
847	0.987703	102	216	252	310	329	700	#
848	0.987703	34	151	160	178	185	226	258	466	492	700	#
849	0.987703	185	235	236	409	470	700	#
850	0.963986	26	182	386	390	701	#
851	0.963986	26	149	181	393	701	#
852	0.963986	26	181	183	386	390	701	#
853	0.963986	26	184	413	701	#
854	0.963986	26	150	182	393	701	#
855	1.08295	273	702	#
856	1.08295	58	99	194	227	256	387	403	418	702	#
857	1.08295	58	99	100	194	227	256	355	418	702	#
858	1.08295	57	95	99	194	227	256	387	403	418	702	#
859	1.08295	57	95	99	100	194	227	256	355	418	702	#
860	0.423764	177	348	#
861	0.980472	449	703	#
862	0.980472	103	213	245	268	392	410	703	#
863	0.980472	104	213	220	245	268	392	410	703	#
864	0.980472	28	29	104	213	245	392	410	703	#
865	0.980472	28	29	103	213	220	245	392	410	703	#
866	0.967551	60	151	341	492	704	#
867	0.967551	151	170	258	320	474	492	704	#
868	0.967551	36	60	152	341	492	704	#
869	0.967551	36	152	170	258	320	474	492	704	#
870	0.967551	37	152	181	275	704	#
871	0.047826	156	#
872	0.525914	52	53	165	287	466	705	#
873	0.525914	53	128	165	223	287	466	705	#
874	0.525914	53	109	110	165	223	264	466	705	#
875	0.525914	52	53	109	110	128	165	264	466	705	#
876	0.525914	53	109	110	206	223	468	705	#
877	0.885279	148	327	706	#
878	0.885279	147	257	327	706	#
879	0.885279	148	151	160	178	185	226	258	291	492	706	#
880	0.885279	101	102	148	151	160	178	226	258	291	492	706	#
881	0.885279	233	257	267	327	706	#
882	0.794045	37	156	441	707	#
883	0.794045	14	37	155	441	707	#
884	0.794045	36	156	210	441	707	#
885	0.794045	15	37	47	59	69	76	77	152	448	707	#
886	0.794045	15	37	237	358	451	707	#
887	0.344005	131	181	474	708	#
888	0.344005	132	170	181	474	708	#
889	1.13083	84	300	439	709	#
890	1.13083	44	248	414	709	#
891	1.13083	44	186	247	414	709	#
892	1.13083	44	64	135	187	192	397	476	709	#
893	1.13083	30	31	44	247	414	709	#
894	0.376577	110	128	473	710	#
895	0.376577	52	110	223	473	710	#
896	0.823113	351	711	#
897	0.823113	202	203	215	216	252	410	427	711	#
898	0.823113	177	202	203	215	216	252	258	410	492	711	#
899	0.823113	189	198	202	203	215	410	411	427	711	#
900	0.823113	198	202	203	215	216	261	410	427	711	#
901	0.485653	47	64	65	69	76	192	712	#
902	0.485653	46	64	65	69	76	144	192	712	#
903	0.485653	47	64	65	69	76	114	191	712	#
904	0.485653	46	64	65	69	76	114	144	191	712	#
905	0.653554	18	177	189	215	411	424	495	713	#
906	0.653554	18	177	215	216	261	424	495	713	#
907	0.653554	18	177	198	215	216	252	424	495	713	#
908	0.653554	18	127	165	166	177	178	189	215	411	424	713	#
909	0.653554	18	177	189	190	215	216	424	495	713	#
910	0.622637	15	59	156	212	425	714	#
911	0.622637	4	5	15	156	212	425	714	#
912	0.622637	14	15	59	155	212	425	714	#
913	0.622637	4	5	14	15	155	212	425	714	#
914	0.622637	76	77	212	254	396	714	#
915	0.389252	36	492	#
916	0.957982	151	214	245	351	715	#
917	0.957982	123	151	213	245	351	715	#
918	0.957982	36	152	214	245	351	715	#
919	0.957982	123	151	170	258	320	389	492	715	#
920	0.957982	151	202	203	214	215	216	245	252	410	427	715	#
921	0.620937	309	#
922	0.760463	94	265	458	510	716	#
923	0.760463	94	121	266	458	510	716	#
924	0.760463	93	98	265	458	510	716	#
925	0.760463	93	98	121	266	458	510	716	#
926	0.760463	222	320	433	716	#
927	0.95099	53	140	141	153	447	717	#
928	0.95099	149	157	181	299	717	#
929	0.95099	150	157	182	299	717	#
930	0.95099	140	141	153	207	208	447	717	#
931	0.95099	150	157	181	183	299	717	#
932	0.679926	74	170	177	320	348	#
933	0.0973091	216	252	#
934	0.854632	109	165	166	264	430	461	466	718	#
935	0.854632	32	109	117	165	166	264	430	466	718	#
936	0.854632	32	109	127	165	166	264	450	466	718	#
937	0.854632	109	111	116	165	166	264	430	466	718	#
938	0.854632	32	33	109	116	165	166	264	430	466	718	#
939	0.59941	33	220	234	286	719	#
940	0.59941	32	111	220	234	286	719	#
941	0.59941	33	44	45	220	286	719	#
942	0.59941	33	103	104	234	286	719	#
943	0.59941	33	145	146	220	286	719	#
944	0.284225	107	108	496	#
945	0.55979	177	258	345	720	#
946	0.55979	177	215	258	365	411	720	#
947	0.55979	177	190	215	216	258	365	720	#
948	0.904843	243	322	721	#
949	0.904843	112	113	322	721	#
950	0.904843	74	170	177	320	348	474	721	#
951	0.88307	79	149	170	181	193	320	335	474	722	#
952	0.88307	79	107	108	170	184	320	335	474	722	#
953	0.88307	78	135	149	170	181	193	320	335	474	722	#
954	0.88307	79	150	170	182	193	320	335	474	722	#
955	0.88307	61	114	115	135	149	181	187	193	201	341	722	#
956	0.636467	14	15	59	77	200	338	723	#
957	0.636467	4	5	14	15	77	200	338	723	#
958	0.636467	47	76	297	723	#
959	0.616578	56	74	202	203	215	216	252	348	724	#
960	0.616578	54	55	74	202	203	215	216	252	348	724	#
961	0.616578	56	74	189	198	202	203	215	348	411	724	#
962	0.616578	56	74	198	202	203	215	216	261	348	724	#
963	0.616578	54	72	73	74	215	216	252	348	724	#
964	0.845626	6	472	494	725	#
965	0.845626	11	87	224	239	375	725	#
966	0.845626	6	10	87	224	239	375	725	#
967	0.845626	10	11	472	494	725	#
968	0.845626	7	82	498	725	#
969	0.722882	1	14	15	30	59	199	200	212	224	225	439	726	#
970	0.722882	1	4	5	14	15	30	199	200	212	224	225	439	726	#
971	0.722882	1	158	224	225	274	726	#
972	0.722882	1	15	30	59	155	156	199	200	212	224	225	439	726	#
973	0.722882	1	4	5	15	30	155	156	199	200	212	224	225	439	726	#
974	0.594347	143	241	443	727	#
975	0.594347	98	142	241	443	727	#
976	0.594347	93	94	142	241	443	727	#
977	0.694338	69	376	491	728	#
978	0.694338	51	69	99	100	251	376	728	#
979	0.694338	50	69	350	376	728	#
980	0.694338	51	69	99	100	133	134	376	728	#
981	0.694338	50	69	99	100	194	251	376	728	#
982	0.881791	16	47	59	76	77	360	729	#
983	0.881791	4	5	16	47	76	77	360	729	#
984	0.881791	16	46	59	76	77	144	360	729	#
985	0.881791	4	5	16	46	76	77	144	360	729	#
986	0.881791	16	59	121	139	212	455	483	729	#
987	1.16544	91	92	249	268	270	730	#
988	1.16544	28	29	91	92	220	249	270	730	#
989	1.16544	10	91	92	172	220	242	249	268	502	506	730	#
990	1.16544	10	28	29	91	92	172	242	249	502	506	730	#
991	1.16544	10	91	92	171	220	242	246	249	268	502	506	730	#
992	0.820364	70	71	259	319	#
993	0.661544	309	177	215	411	731	#
994	0.661544	2	490	731	#
995	0.507081	166	165	466	264	109	732	#
996	0.507081	166	468	206	109	732	#
997	0.350156	20	477	176	#
998	0.74399	268	103	392	55	733	#
999	0.74399	268	103	392	56	54	733	#
1000	0.74399	268	220	104	392	55	733	#
1001	0.74399	28	29	104	392	55	733	#
1002	0.74399	28	29	220	103	392	55	733	#
