%% File generated by CATS v.2.1Thu May  9 13:05:04 2024

%% The CATS webpage is http://robotics.stanford.edu/CATS

%% PARAMETER SETTINGS:
% Goods: 512; Bids: 1000; Distribution: regions; Runs: 1; Seed: 51
% Regions Distribution Parameters:
% Max Substitutable Bids = 5
% Removing HV Neighbor   = 0.1
% Adding DIAG Neighbor   = 0.2
% Additional Location    = 0.9
% Jump Probability       = 0.05
% Additivity             = 0.2
% Budget Factor          = 1.5
% Resale Factor          = 0.5
% Normal Private Value:
%   Mean                 = 0
%   Standard Deviation   = 30



goods 512
bids 1002
dummy 185

0	490.867	27	49	50	51	52	71	72	73	74	93	512	#
1	604.978	73	74	75	78	96	97	100	118	122	123	512	#
2	536.138	28	50	51	52	53	71	72	73	74	75	512	#
3	505.437	25	26	27	28	50	51	72	73	274	296	512	#
4	469.127	27	49	50	71	72	92	93	114	115	116	512	#
5	462.34	7	30	52	53	54	73	74	75	95	97	512	#
6	695.363	12	13	14	15	34	35	36	37	56	57	58	513	#
7	771.496	12	13	14	36	58	59	79	80	81	82	103	513	#
8	716.904	12	13	33	34	35	56	151	152	174	322	323	513	#
9	703.966	12	13	14	15	16	36	37	58	59	79	80	513	#
10	683.513	12	13	14	15	16	17	18	34	36	37	58	513	#
11	678.21	12	13	14	15	36	37	38	58	59	60	81	513	#
12	200.827	50	51	73	74	514	#
13	233.515	51	73	74	95	514	#
14	160.083	28	29	51	73	514	#
15	156.294	48	49	50	72	514	#
16	833.028	375	396	397	418	419	420	440	441	442	462	515	#
17	963.277	375	396	397	398	399	400	401	418	419	440	515	#
18	955.536	375	377	396	397	398	399	418	419	421	440	515	#
19	901.255	374	375	396	397	398	399	418	419	421	440	515	#
20	791.798	149	150	171	172	192	193	375	397	418	419	515	#
21	737.147	396	397	418	419	420	440	441	442	462	463	515	#
22	960.219	144	165	166	187	188	189	209	210	211	231	232	233	334	355	356	357	516	#
23	1180.68	143	165	166	188	189	210	211	212	231	232	233	234	235	236	256	257	516	#
24	1092.97	146	166	188	189	209	210	211	212	231	232	233	252	253	254	276	277	516	#
25	1085.63	165	187	188	189	190	191	208	209	210	211	212	230	231	232	252	253	516	#
26	1063.96	187	188	189	209	210	211	212	213	214	231	232	233	256	279	373	395	516	#
27	1063.31	142	143	164	165	166	167	185	187	188	208	209	210	211	229	230	231	516	#
28	355.226	354	376	398	399	405	421	426	427	448	450	472	517	#
29	487.2	1	2	23	284	397	398	399	400	401	421	422	517	#
30	453.344	376	379	398	399	400	401	402	421	422	423	444	517	#
31	440.287	339	360	361	383	384	385	386	405	406	407	427	517	#
32	1251.03	52	53	54	55	56	73	74	75	76	77	95	96	97	98	99	117	118	119	120	121	122	138	139	140	141	142	143	160	163	518	#
33	1797.63	73	95	116	117	118	136	137	138	139	140	157	158	159	160	161	162	179	180	181	182	183	184	202	203	204	205	224	227	439	518	#
34	1690.32	77	78	79	98	99	100	101	120	121	122	123	124	125	142	143	144	145	146	147	148	164	165	166	167	169	186	207	208	209	518	#
35	1684.15	31	32	52	53	54	55	73	74	75	95	96	97	116	117	118	138	139	140	156	157	158	159	160	161	179	180	181	182	204	518	#
36	1674.06	116	117	118	138	139	140	159	160	161	162	182	183	204	258	339	360	361	362	363	383	384	385	405	406	407	427	428	429	450	518	#
37	1630.02	11	31	33	51	52	53	54	55	56	57	72	73	74	75	77	78	79	80	81	95	96	100	101	102	117	118	140	162	183	518	#
38	220.708	397	398	419	519	#
39	235.744	397	419	420	519	#
40	193.914	375	376	398	519	#
41	291.649	244	245	267	289	520	#
42	308.866	288	289	310	311	520	#
43	272.656	244	245	246	267	520	#
44	241.294	31	243	244	266	520	#
45	195.968	244	266	267	503	520	#
46	247.816	4	25	46	47	69	521	#
47	346.104	46	212	213	235	236	521	#
48	328.969	66	67	68	69	91	521	#
49	286.779	25	47	48	69	70	521	#
50	237.003	4	5	24	25	46	521	#
51	196.608	4	25	26	47	48	521	#
52	58.0002	339	361	#
53	260.555	7	28	29	30	51	522	#
54	327.997	50	51	72	73	74	522	#
55	321.831	7	8	29	30	51	522	#
56	302.198	7	8	28	29	30	522	#
57	277.333	5	6	27	28	29	522	#
58	266.294	28	29	50	51	73	522	#
59	205.416	205	206	228	229	523	#
60	305.515	204	205	206	226	523	#
61	175.104	206	228	229	230	523	#
62	210.214	140	310	311	508	524	#
63	287.603	288	310	311	332	524	#
64	283.498	289	311	333	334	524	#
65	201.179	119	140	141	495	524	#
66	183.314	464	465	466	467	525	#
67	234.546	444	465	466	467	525	#
68	133.752	443	463	464	465	525	#
69	452.766	11	33	34	454	455	475	476	478	526	#
70	509.885	454	455	475	476	477	478	479	480	526	#
71	494.609	413	414	435	457	458	478	479	480	526	#
72	470.723	453	454	455	456	475	476	477	478	526	#
73	463.309	10	11	31	32	33	34	54	55	526	#
74	431.969	375	432	433	434	454	455	476	478	526	#
75	1451.5	66	67	88	89	90	91	110	111	112	113	114	133	134	135	154	155	156	157	178	179	201	202	527	#
76	1433.26	91	92	97	111	112	113	114	117	118	119	120	133	134	135	139	140	141	142	155	156	177	178	527	#
77	1386.6	47	67	68	69	70	88	89	90	91	111	112	113	114	133	134	135	136	137	156	158	178	180	527	#
78	1385.41	46	67	68	69	70	71	90	91	92	93	111	112	113	114	115	133	135	156	157	158	179	180	527	#
79	1376.53	67	88	89	91	92	93	94	110	111	112	113	114	115	132	133	134	136	137	155	156	178	179	527	#
80	1362.02	47	48	68	69	70	71	88	89	90	91	92	93	110	111	112	113	114	115	132	133	135	156	527	#
81	967.179	73	88	89	90	95	110	111	112	116	117	118	138	139	140	160	161	162	183	184	528	#
82	1356.34	1	22	23	45	67	68	69	70	88	89	90	91	92	111	112	113	114	133	134	528	#
83	1256.5	44	45	66	67	68	88	89	90	110	111	133	134	135	153	173	174	175	259	260	528	#
84	1254.13	4	68	69	70	89	90	91	111	112	113	133	134	135	155	156	157	178	179	180	528	#
85	1186.29	141	163	164	184	185	186	187	204	205	206	207	208	226	227	229	230	252	272	273	528	#
86	1165.53	116	117	118	138	139	140	160	161	162	182	183	184	204	205	206	207	208	227	228	528	#
87	520.636	119	140	141	160	162	163	182	183	184	203	529	#
88	665.869	140	161	162	183	205	212	238	239	273	295	529	#
89	654.86	18	40	114	116	136	137	138	160	182	183	529	#
90	649.398	157	158	159	179	180	182	201	202	203	224	529	#
91	631.967	116	138	139	140	160	161	162	181	182	183	529	#
92	620.859	117	138	140	159	160	161	162	182	183	184	529	#
93	70.7418	499	#
94	658.733	106	107	108	128	129	149	150	151	152	171	172	530	#
95	745.962	150	151	152	153	172	173	174	175	195	196	218	530	#
96	700.928	128	150	171	172	173	174	175	193	194	195	196	530	#
97	688.254	149	151	170	171	172	173	192	193	194	216	344	530	#
98	684.419	17	127	128	148	149	150	151	171	172	173	174	530	#
99	677.122	84	106	128	148	149	150	151	171	173	196	197	530	#
100	245.933	197	218	219	240	241	262	531	#
101	331.007	153	173	174	175	196	197	531	#
102	297.195	218	219	240	241	262	263	531	#
103	285.601	218	219	240	241	263	285	531	#
104	221.499	217	218	219	239	240	263	531	#
105	187.818	196	197	217	218	219	241	531	#
106	121.732	270	292	293	532	#
107	175.55	292	293	323	532	#
108	115.772	247	269	270	532	#
109	111.932	292	293	294	532	#
110	42.9232	32	33	533	#
111	43.6875	11	33	533	#
112	780.371	133	154	155	156	176	177	178	198	199	200	201	220	221	223	242	534	#
113	1075.68	133	134	135	156	157	178	179	199	200	201	202	221	222	223	224	534	#
114	1046.65	112	113	114	133	135	154	155	156	176	178	179	218	240	262	284	534	#
115	940.706	92	111	112	113	114	115	133	134	135	155	156	157	178	179	200	534	#
116	922.059	112	113	133	134	135	154	155	156	176	177	178	198	199	200	220	534	#
117	896.392	66	67	88	133	154	155	176	177	178	198	199	200	220	222	244	534	#
118	274.005	359	381	403	425	426	447	448	535	#
119	404.832	315	316	337	338	359	360	381	535	#
120	402.106	404	425	426	427	447	448	469	535	#
121	376.389	359	381	403	423	424	425	446	535	#
122	304.127	192	381	403	424	425	448	449	535	#
123	240.824	402	423	424	425	446	447	448	535	#
124	289.206	87	108	109	130	131	536	#
125	389.616	108	109	130	131	152	536	#
126	310.109	108	131	188	189	210	536	#
127	299.773	87	107	108	109	131	536	#
128	223.481	453	454	475	476	537	#
129	311.633	431	451	452	453	537	#
130	192.638	454	455	475	476	537	#
131	192.048	170	192	193	454	537	#
132	189.355	433	455	476	477	537	#
133	301.702	430	431	452	453	473	474	538	#
134	291.039	451	452	453	472	473	474	538	#
135	286.536	432	452	453	454	475	476	538	#
136	279.847	429	430	451	452	453	473	538	#
137	250.386	428	430	450	451	452	473	538	#
138	231.493	429	430	450	451	472	473	538	#
139	229.469	128	149	150	171	172	539	#
140	281.964	0	22	44	106	128	539	#
141	280.451	172	194	251	272	273	539	#
142	274.109	125	126	127	149	171	539	#
143	251.306	149	171	172	193	194	539	#
144	210.594	127	148	149	150	171	539	#
145	19.2602	269	270	#
146	378.55	213	215	216	235	236	540	#
147	457.503	213	234	235	236	258	540	#
148	411.111	215	234	235	236	258	540	#
149	346.008	172	194	215	216	217	540	#
150	319.624	215	216	235	236	237	540	#
151	306.913	54	55	56	213	457	540	#
152	258.692	146	168	191	541	#
153	239.499	146	168	294	541	#
154	156.274	189	191	210	541	#
155	26.8658	26	#
156	998.81	60	64	82	84	86	87	105	106	107	108	109	129	130	131	481	542	#
157	1100.58	63	64	85	86	87	107	108	109	129	130	131	152	153	174	175	542	#
158	1092.32	42	63	64	85	86	87	107	108	109	129	130	131	152	174	175	542	#
159	1077.81	63	85	106	107	129	130	131	148	152	153	174	175	196	197	291	542	#
160	1053.92	39	59	60	61	80	81	82	83	84	103	104	105	106	127	248	542	#
161	1047.44	38	39	60	61	62	63	82	83	84	85	104	105	106	107	129	542	#
162	204.869	30	31	53	268	290	291	543	#
163	283.064	269	290	291	311	312	334	543	#
164	249.207	7	8	29	30	50	51	543	#
165	126.661	32	53	54	75	76	97	543	#
166	103.613	9	31	53	54	75	76	543	#
167	2017.9	14	15	35	36	37	38	54	55	56	57	58	59	60	77	78	79	80	82	100	101	102	103	104	124	145	146	147	148	167	168	169	189	190	191	192	544	#
168	2612.57	10	22	23	32	34	35	54	56	57	59	60	77	78	79	80	81	82	83	84	100	101	102	103	104	105	122	123	124	125	151	318	319	340	341	342	544	#
169	2611.03	14	15	16	17	18	36	37	38	39	40	41	44	45	58	59	60	61	62	66	67	68	69	78	79	80	81	82	83	91	101	102	103	104	125	406	544	#
170	2537.98	12	13	14	15	16	17	18	19	34	36	37	38	39	40	41	42	56	58	59	60	61	62	63	79	80	81	82	83	84	101	104	105	106	128	150	544	#
171	2475.83	36	57	58	59	60	73	74	78	79	80	81	82	83	84	96	97	100	101	102	103	104	105	119	120	121	122	123	124	125	143	144	145	146	147	169	544	#
172	2428.86	13	14	15	16	17	18	19	20	21	36	37	38	39	40	41	42	59	60	62	63	81	82	83	103	104	105	124	125	154	179	200	201	220	221	223	544	#
173	491.283	237	259	279	280	281	302	303	325	545	#
174	698.068	257	258	280	281	302	303	304	305	545	#
175	610.576	233	234	256	257	258	279	300	301	545	#
176	557.55	194	215	216	235	236	237	238	258	545	#
177	554.659	258	281	302	303	304	324	325	326	545	#
178	547.628	258	259	279	280	281	282	301	303	545	#
179	231.208	113	114	135	546	#
180	270.889	134	135	157	546	#
181	254.052	91	113	135	546	#
182	187.47	114	136	158	546	#
183	113.617	175	196	197	547	#
184	149.833	153	175	197	547	#
185	142.324	173	174	196	547	#
186	18.146	196	197	219	547	#
187	87.2368	172	#
188	723.961	213	232	233	234	235	236	237	254	255	293	314	315	548	#
189	954.604	213	232	233	234	235	236	253	254	255	256	257	258	548	#
190	891.704	56	78	190	211	212	213	232	233	234	235	256	257	548	#
191	885.44	4	5	6	214	215	216	217	236	237	238	239	259	548	#
192	870.793	291	292	304	312	313	314	315	335	336	338	357	358	548	#
193	826.304	214	215	216	235	236	237	258	286	308	330	379	380	548	#
194	89.0954	498	#
195	269.153	365	366	387	388	549	#
196	358.864	365	366	388	389	549	#
197	323.329	344	365	366	388	549	#
198	233.816	366	367	368	390	549	#
199	22.8653	387	408	409	429	549	#
200	201.987	207	228	229	251	550	#
201	219.157	184	206	207	208	550	#
202	196.547	186	207	208	229	550	#
203	188.763	184	185	206	228	550	#
204	158.23	251	252	272	273	550	#
205	1412.15	1	2	3	4	5	6	7	8	22	23	24	25	26	27	28	29	30	31	44	45	46	48	52	66	67	68	70	89	551	#
206	1945.3	22	23	37	39	44	45	59	61	62	67	81	82	83	84	88	89	90	102	104	124	126	127	147	148	185	207	414	495	551	#
207	1724.61	0	1	22	23	24	45	46	66	67	68	70	89	91	92	93	95	110	111	112	113	114	115	116	117	133	134	135	156	551	#
208	1712.04	1	23	45	46	47	67	68	70	88	89	90	91	92	93	94	110	111	112	114	115	133	134	135	136	155	156	177	178	551	#
209	1693.51	0	1	2	15	23	24	37	38	44	45	46	47	58	59	60	66	67	68	81	91	125	126	127	148	170	185	207	208	551	#
210	1671.34	6	7	8	9	10	27	28	29	30	31	32	49	50	51	53	71	72	73	95	367	389	431	453	457	458	478	479	492	551	#
211	419.416	148	149	150	151	171	172	173	552	#
212	405.158	128	149	150	171	173	174	196	552	#
213	401.692	150	171	172	193	194	216	237	552	#
214	391.456	148	149	150	151	172	194	216	552	#
215	289.216	173	174	175	195	196	197	219	552	#
216	282.098	148	149	169	170	192	328	350	552	#
217	830.312	112	133	134	154	155	156	176	177	178	199	200	221	222	243	553	#
218	1042.48	66	67	89	110	111	112	133	134	150	155	156	171	172	194	553	#
219	986.808	23	24	45	46	66	67	88	222	243	244	259	260	261	265	553	#
220	966.697	88	110	111	132	133	134	135	155	156	157	394	416	438	439	553	#
221	920.555	110	111	112	113	133	134	135	156	177	178	276	297	298	299	553	#
222	901.78	110	111	133	134	135	154	155	156	176	177	178	179	199	415	553	#
223	188.375	233	234	255	554	#
224	261.725	232	233	256	554	#
225	91.0489	254	255	277	554	#
226	96.6463	295	#
227	110.918	295	317	#
228	1723.78	62	84	104	105	106	189	211	215	231	232	233	234	236	237	253	254	255	256	257	258	275	276	277	278	279	281	297	298	319	320	556	#
229	1932.2	195	211	213	214	215	232	233	234	235	236	237	238	256	257	258	278	279	280	281	300	301	302	303	324	443	444	445	465	466	467	556	#
230	1928.22	211	212	232	233	234	249	250	251	256	257	271	272	273	278	279	280	281	294	295	302	316	317	318	319	320	339	340	341	342	343	556	#
231	1918.71	187	188	189	190	191	209	210	211	212	213	214	215	216	232	233	234	235	236	237	238	256	257	258	259	277	278	279	281	299	303	556	#
232	1904.66	14	15	16	17	18	36	37	38	40	58	59	60	62	63	80	81	82	254	276	296	297	298	319	320	342	428	450	451	472	473	556	#
233	1899.89	172	215	216	232	233	237	256	257	258	259	279	280	281	301	302	303	304	305	306	307	326	327	328	349	350	371	372	373	394	502	556	#
234	160.891	352	374	557	#
235	151.95	374	375	557	#
236	160.505	401	422	423	558	#
237	196.763	422	423	444	558	#
238	169.998	400	422	444	558	#
239	133.74	400	401	422	558	#
240	124.975	162	183	559	#
241	165.3	183	184	559	#
242	3.95393	161	162	559	#
243	245.861	430	431	451	473	560	#
244	358.647	74	430	431	452	560	#
245	226.494	269	472	473	474	560	#
246	175.841	450	451	472	473	560	#
247	479.176	349	350	351	372	373	395	561	#
248	494.781	262	349	371	372	373	395	561	#
249	449.534	370	371	372	373	395	417	561	#
250	429.387	371	372	373	391	392	393	561	#
251	376.661	282	304	326	327	349	371	561	#
252	330.697	64	65	328	349	350	372	561	#
253	56.1567	491	#
254	293.66	248	249	270	271	293	562	#
255	306.896	224	226	246	247	248	562	#
256	295.835	249	270	271	294	295	562	#
257	291.878	269	270	271	292	314	562	#
258	266.03	182	203	249	270	271	562	#
259	195.918	293	315	336	337	338	562	#
260	1051.4	33	37	54	55	58	59	68	77	78	79	80	90	91	100	101	113	563	#
261	1189.53	46	68	69	70	91	92	113	114	115	135	256	279	280	281	302	303	563	#
262	1112.78	36	37	38	39	56	57	58	59	60	78	79	80	81	101	102	124	563	#
263	1110.57	55	56	57	77	78	79	80	99	100	101	102	121	123	143	144	145	563	#
264	1065.76	32	33	54	55	56	58	75	76	77	78	79	80	81	102	124	147	563	#
265	1065	13	14	15	36	37	38	39	58	60	79	80	81	82	83	102	224	563	#
266	363.433	279	280	299	300	301	323	564	#
267	474.506	256	259	279	280	281	301	564	#
268	439.711	279	280	281	288	300	302	564	#
269	433.188	298	299	321	343	344	365	564	#
270	386.979	322	323	344	365	366	388	564	#
271	353.334	256	278	279	299	300	301	564	#
272	564.549	310	311	312	313	332	333	334	335	357	565	#
273	610.674	287	288	309	310	311	332	333	334	356	565	#
274	607.349	287	289	308	309	310	311	331	332	333	565	#
275	570.372	269	290	291	292	311	312	314	332	333	565	#
276	529.367	172	334	335	336	356	357	358	379	380	565	#
277	522.011	287	308	309	310	330	331	332	333	352	565	#
278	951.939	130	150	151	152	153	154	155	172	173	174	175	176	177	195	566	#
279	994.851	126	148	149	150	153	171	172	173	174	175	194	195	196	218	566	#
280	942.006	108	129	130	131	149	150	151	152	153	171	172	173	174	175	566	#
281	941.035	113	133	134	135	155	156	178	199	200	221	222	223	245	246	566	#
282	917.493	152	153	171	172	173	174	175	195	197	218	219	240	241	263	566	#
283	913.498	63	84	85	86	105	107	108	129	130	131	151	152	153	173	566	#
284	285.889	301	323	345	346	347	367	368	567	#
285	297.554	345	367	368	369	390	391	392	567	#
286	279.579	344	345	346	368	369	390	412	567	#
287	228.957	279	300	301	322	323	324	346	567	#
288	182.104	301	322	323	324	345	346	368	567	#
289	1048.74	17	19	20	40	41	223	224	245	246	247	248	266	267	268	269	289	290	291	310	311	312	333	568	#
290	1401.89	17	18	19	20	21	40	41	43	64	224	246	247	248	249	250	268	269	270	271	338	360	411	568	#
291	1390.79	111	133	154	155	156	157	176	177	178	179	198	199	200	201	221	222	223	243	244	245	447	469	568	#
292	1358.71	116	117	118	138	139	140	159	160	161	162	184	185	186	206	245	266	267	268	288	289	362	481	568	#
293	1308.37	15	16	17	18	19	20	21	36	39	40	41	42	43	60	61	62	64	65	82	83	86	105	568	#
294	1299.61	222	223	224	244	245	246	247	249	267	268	269	270	271	272	289	290	291	311	312	313	333	334	568	#
295	449.647	369	391	412	413	414	415	436	458	569	#
296	509.233	334	335	356	391	392	414	415	436	569	#
297	487.685	392	414	436	457	458	459	479	480	569	#
298	463.644	369	370	390	391	392	414	436	458	569	#
299	461.323	369	370	391	392	413	414	435	436	569	#
300	457.609	368	369	370	391	392	414	436	437	569	#
301	57.101	467	#
302	186.137	83	105	127	218	219	570	#
303	226.455	61	82	83	84	106	570	#
304	155.859	196	217	218	219	241	570	#
305	126.036	175	196	197	218	219	570	#
306	759.516	376	396	397	398	399	418	419	420	440	442	464	571	#
307	811.26	352	354	374	375	376	396	397	398	418	419	420	571	#
308	777.157	354	375	376	396	397	398	418	419	420	440	441	571	#
309	753.86	330	352	355	374	375	376	377	396	397	398	399	571	#
310	717.288	52	53	331	332	397	398	418	419	440	462	463	571	#
311	679.74	355	376	377	378	397	398	399	400	421	422	423	571	#
312	1253.57	154	156	176	177	178	198	199	200	220	221	222	223	242	243	244	264	265	266	286	287	308	309	330	572	#
313	1479.92	149	150	158	172	173	177	178	179	180	195	196	199	200	201	202	221	222	223	224	244	245	246	268	572	#
314	1422.8	7	8	11	29	30	33	164	165	184	185	186	206	207	208	230	308	309	330	331	332	333	352	353	572	#
315	1420.1	133	154	155	156	176	177	178	180	199	200	201	202	203	204	220	221	222	223	224	225	226	243	360	572	#
316	1406.6	113	114	133	134	135	155	156	157	176	177	178	198	199	200	220	221	222	223	243	245	478	479	480	572	#
317	1375.97	266	267	268	286	287	288	289	308	309	310	311	312	330	331	332	333	352	353	374	396	403	418	425	572	#
318	269.843	268	269	290	291	312	334	335	573	#
319	388.907	289	290	310	311	312	333	334	573	#
320	361.203	267	268	269	290	291	312	313	573	#
321	336.58	246	267	268	269	290	291	312	573	#
322	332.418	268	269	270	290	291	292	312	573	#
323	273.973	291	312	313	329	334	335	356	573	#
324	367.477	38	39	40	61	62	84	574	#
325	369.455	38	39	60	61	83	84	574	#
326	334.099	61	83	84	105	106	128	574	#
327	286.137	24	38	46	47	60	68	574	#
328	256.936	28	29	40	61	62	83	574	#
329	246.526	17	18	37	38	39	60	574	#
330	906.066	95	96	116	117	118	138	139	140	160	161	162	182	183	184	575	#
331	1048.31	8	30	52	73	74	75	95	96	97	117	118	139	140	312	575	#
332	1008.37	117	139	140	160	161	183	184	205	206	227	228	250	251	272	575	#
333	963.516	74	95	96	115	116	117	118	136	137	139	140	141	142	162	575	#
334	910.664	52	54	73	74	75	76	95	96	97	115	116	117	137	139	575	#
335	907.612	74	95	96	117	118	138	139	140	141	142	159	160	161	182	575	#
336	937.628	295	298	316	317	318	319	320	338	339	340	341	342	361	362	383	384	405	576	#
337	1101.39	274	275	296	297	305	306	307	317	318	319	328	329	341	342	350	351	372	576	#
338	1073.98	317	318	340	341	361	362	363	383	384	405	406	427	428	429	450	472	478	576	#
339	1072.95	297	300	318	319	320	321	322	340	341	342	343	344	345	346	366	387	388	576	#
340	1062.32	315	336	337	338	359	360	361	380	381	382	383	384	401	402	405	406	424	576	#
341	1038.87	19	41	225	226	405	406	407	408	426	427	428	429	439	450	461	482	483	576	#
342	1790.42	291	295	312	313	314	317	318	320	321	322	336	337	338	339	340	341	342	343	344	359	360	361	362	363	382	383	384	385	406	407	440	462	577	#
343	2275.09	150	172	173	194	256	275	276	279	295	296	297	298	299	300	317	318	319	320	321	322	339	340	341	342	343	344	345	363	364	365	366	367	577	#
344	2185.55	203	204	205	225	226	227	228	248	249	250	251	271	272	273	279	294	298	299	300	301	321	322	323	324	344	345	367	394	395	416	417	439	577	#
345	2091.2	40	51	62	73	74	279	297	299	300	319	320	321	322	323	324	341	342	343	344	345	346	365	366	367	387	388	389	408	409	410	411	492	577	#
346	2038.97	0	1	3	4	22	23	24	25	44	45	46	47	67	68	69	70	88	89	91	92	113	135	157	288	319	320	341	342	343	363	364	365	577	#
347	2007.19	264	275	286	287	295	297	309	316	317	318	319	320	337	338	339	340	342	360	361	362	363	364	383	384	385	386	405	406	407	408	429	457	577	#
348	568.587	243	244	264	265	266	267	289	471	472	578	#
349	642.948	189	211	232	447	448	469	470	471	472	578	#
350	585.755	245	246	266	267	268	288	289	311	312	578	#
351	559.336	221	242	243	244	265	266	287	288	289	578	#
352	489.335	221	243	244	265	266	267	268	289	290	578	#
353	452.95	242	243	264	265	266	267	268	286	289	578	#
354	328.796	420	440	441	442	443	463	464	465	579	#
355	445.121	349	423	424	443	444	445	446	467	579	#
356	436.235	418	420	440	441	442	462	463	464	579	#
357	420.737	300	396	418	419	440	441	442	464	579	#
358	326.092	420	440	441	442	462	463	464	465	579	#
359	306.541	397	419	420	440	441	442	464	465	579	#
360	592.692	357	358	359	379	380	381	402	403	424	580	#
361	565.309	335	357	358	379	380	400	401	402	424	580	#
362	547.363	381	401	402	403	422	423	424	425	445	580	#
363	530.299	334	336	355	356	357	358	378	379	380	580	#
364	519.739	336	337	356	357	358	379	380	464	465	580	#
365	507.576	360	361	381	382	401	403	423	424	446	580	#
366	146.154	13	#
367	487.086	183	184	194	197	205	262	282	283	284	353	581	#
368	626.052	117	140	161	162	182	183	184	185	277	299	581	#
369	609.174	108	109	218	219	240	241	262	263	284	285	581	#
370	581.081	286	308	330	331	352	353	374	375	396	397	581	#
371	563.307	106	128	149	150	171	172	173	193	194	216	581	#
372	480.309	160	161	162	181	182	183	184	204	205	227	581	#
373	15.3178	285	#
374	25.5355	227	#
375	684.338	128	149	150	151	171	172	173	195	582	#
376	656.832	149	150	171	172	173	264	396	418	582	#
377	618.576	105	106	128	150	151	152	171	172	582	#
378	612.935	128	148	149	150	151	171	173	195	582	#
379	596.382	150	153	173	174	175	195	196	197	582	#
380	568.908	149	150	151	152	171	173	195	196	582	#
381	42.9984	449	#
382	508.597	312	334	356	359	360	378	381	400	401	422	423	444	583	#
383	648.485	422	442	443	444	445	446	447	464	465	466	467	468	583	#
384	624.001	376	398	399	400	401	402	421	422	423	424	445	466	583	#
385	611.981	379	380	401	402	403	423	424	444	445	446	447	467	583	#
386	607.645	27	269	289	290	291	311	312	313	334	355	356	378	583	#
387	598.747	336	337	339	359	360	361	362	380	381	383	384	403	583	#
388	751.422	413	414	415	434	435	436	457	479	584	#
389	629.061	391	413	414	435	436	437	438	459	584	#
390	627.542	50	51	73	414	435	436	437	457	584	#
391	608.346	348	392	414	415	416	435	436	439	584	#
392	600.246	414	434	435	456	457	458	479	480	584	#
393	579.082	435	436	456	457	458	459	479	480	584	#
394	139.082	135	#
395	2558.7	2	3	4	5	22	23	24	25	26	27	44	45	46	47	48	49	66	67	68	69	70	81	82	83	84	88	89	90	91	92	93	105	110	111	112	113	133	155	156	259	260	396	585	#
396	2991.46	50	51	67	68	72	73	74	88	89	90	110	111	112	113	133	134	135	150	154	155	156	157	172	173	174	176	177	178	179	196	198	199	200	201	202	203	222	347	369	396	397	398	585	#
397	2974.76	0	1	3	4	22	23	24	25	44	45	46	48	66	67	68	69	70	88	89	90	91	92	110	111	112	113	114	132	133	134	135	155	156	157	179	430	452	453	454	472	473	474	585	#
398	2921.96	56	59	60	61	62	63	78	80	81	82	83	84	85	86	101	102	103	104	105	106	107	124	125	126	127	128	146	148	149	150	151	152	171	172	173	174	175	196	197	375	376	397	585	#
399	2875.15	45	66	67	68	69	88	89	90	91	110	111	112	113	132	133	134	154	155	156	178	281	303	305	325	326	327	347	348	349	369	370	390	391	392	413	414	415	435	436	457	479	480	585	#
400	2842.63	60	68	69	70	81	82	83	84	85	86	88	89	90	91	92	96	103	104	105	106	110	111	112	113	114	115	116	117	125	126	127	133	134	135	136	137	147	148	149	156	157	158	585	#
401	670.297	10	29	30	31	32	52	53	75	97	177	200	220	221	242	586	#
402	818.621	112	133	134	135	155	156	177	178	198	199	200	221	222	223	586	#
403	764.026	154	155	156	176	177	198	199	200	220	221	222	242	243	265	586	#
404	756.155	157	176	177	179	198	200	201	220	221	222	223	242	243	244	586	#
405	716.862	5	6	7	8	27	28	29	30	49	50	51	52	72	73	586	#
406	663.151	53	54	74	75	76	95	96	97	98	117	118	120	121	122	586	#
407	132.375	102	124	146	587	#
408	96.9477	146	147	148	587	#
409	793.241	327	348	349	350	370	371	372	373	392	393	394	395	416	417	588	#
410	944.46	281	302	303	324	326	345	346	347	348	349	367	368	370	371	588	#
411	894.95	313	334	335	336	356	357	358	370	371	391	392	393	413	414	588	#
412	886.162	373	380	389	394	395	411	414	415	416	417	436	437	438	439	588	#
413	877.971	371	372	373	393	394	395	416	417	438	439	460	461	482	483	588	#
414	852.112	329	349	350	351	370	371	372	373	394	395	416	417	438	439	588	#
415	222.646	107	108	130	131	589	#
416	315.255	130	131	152	153	589	#
417	259.875	85	107	108	131	589	#
418	200.675	129	130	131	152	589	#
419	150.691	106	107	108	129	589	#
420	496.448	280	281	302	303	304	324	590	#
421	520.629	256	279	280	281	302	303	590	#
422	479.166	281	302	303	304	325	326	590	#
423	446.495	281	282	302	303	304	326	590	#
424	404.081	236	258	259	280	281	302	590	#
425	344.092	176	282	283	303	304	326	590	#
426	100.353	209	#
427	161.945	283	467	468	591	#
428	219.344	283	284	305	591	#
429	159.512	445	467	468	591	#
430	353.797	34	54	55	56	57	77	78	108	592	#
431	524.371	33	34	35	148	149	150	172	474	592	#
432	383.165	53	54	55	56	57	76	77	78	592	#
433	381.937	12	13	34	54	55	56	57	380	592	#
434	380.913	57	77	78	79	101	122	123	189	592	#
435	352.549	38	53	54	74	75	76	77	97	592	#
436	337.077	362	384	385	405	406	593	#
437	396.454	318	340	341	361	362	593	#
438	367.396	384	405	406	407	427	593	#
439	352.076	384	405	406	427	450	593	#
440	260.06	384	385	386	387	406	593	#
441	246.168	384	385	386	407	429	593	#
442	751.501	37	58	59	80	81	102	103	104	124	125	594	#
443	876.2	78	79	80	81	100	101	102	123	124	125	594	#
444	781.643	15	16	37	58	59	79	80	100	101	123	594	#
445	773.609	37	59	60	79	80	81	101	309	331	353	594	#
446	714.171	99	100	101	102	123	124	146	147	148	168	594	#
447	704.69	81	82	103	104	105	124	125	126	127	149	594	#
448	705.436	173	195	196	197	217	218	219	239	240	241	262	263	283	284	285	595	#
449	1015.93	260	261	262	281	282	283	284	285	305	306	325	326	327	349	374	595	#
450	984.818	128	130	148	149	150	151	152	170	171	172	173	174	175	194	510	595	#
451	983.176	214	215	216	217	218	236	237	238	239	259	260	261	282	304	305	595	#
452	977.432	40	43	62	63	64	240	241	259	260	261	262	263	283	284	285	595	#
453	934.606	194	215	216	217	218	219	240	241	260	261	262	263	284	323	345	595	#
454	221.002	69	70	596	#
455	204.656	69	91	596	#
456	163.509	48	70	596	#
457	633.887	111	112	133	154	155	156	176	177	178	198	199	200	220	221	597	#
458	911.068	88	110	133	134	154	155	156	176	177	178	200	201	222	243	597	#
459	885.148	116	137	176	177	178	198	199	200	201	221	223	242	243	413	597	#
460	864.355	88	110	111	112	132	133	154	155	176	177	178	179	198	200	597	#
461	770.579	62	83	84	105	106	128	150	154	155	176	177	199	200	201	597	#
462	766	110	133	134	154	155	156	176	177	178	179	199	200	220	221	597	#
463	87.2773	11	32	33	598	#
464	79.6279	32	33	54	598	#
465	71.9554	11	33	55	598	#
466	70.9873	31	32	54	598	#
467	183.722	82	104	599	#
468	182.704	82	105	599	#
469	171.681	104	105	599	#
470	295.598	50	239	255	261	262	263	285	600	#
471	437.265	239	240	260	261	262	263	284	600	#
472	430.636	240	241	261	262	263	284	285	600	#
473	419.168	7	29	49	50	51	73	95	600	#
474	387.259	0	22	23	24	25	260	261	600	#
475	386.659	216	217	218	238	239	397	419	600	#
476	141.026	114	115	116	601	#
477	102.989	70	92	115	601	#
478	400.658	114	115	116	117	137	602	#
479	368.204	115	116	117	118	140	602	#
480	310.891	92	115	116	136	137	602	#
481	291.322	93	114	115	116	117	602	#
482	260.368	92	93	94	114	115	602	#
483	227.019	79	80	93	114	115	602	#
484	1257.58	5	6	7	8	9	10	26	27	28	29	30	31	32	48	49	50	51	52	53	70	72	73	74	75	76	95	96	97	98	120	603	#
485	1769.45	74	75	96	97	98	99	100	119	120	121	122	123	139	140	141	142	143	161	162	163	165	183	184	431	452	453	454	474	476	477	603	#
486	1745.6	4	5	6	23	24	25	26	27	47	48	68	69	70	90	91	92	113	114	115	116	136	137	316	334	335	337	338	360	382	383	603	#
487	1730.53	9	18	19	20	31	32	40	41	42	43	53	61	62	63	65	93	94	249	271	272	293	294	295	315	316	317	318	328	333	338	603	#
488	1716.52	2	3	4	5	6	25	26	27	28	29	30	46	47	48	50	51	68	70	72	130	152	153	174	175	235	425	426	449	471	472	603	#
489	1714.77	4	5	6	26	27	28	29	47	48	49	50	51	68	69	70	71	72	174	196	197	218	219	239	240	241	261	262	263	284	419	603	#
490	202.764	458	459	481	482	604	#
491	222.891	436	458	459	481	604	#
492	199.664	436	458	479	480	604	#
493	166.66	458	459	460	481	604	#
494	120.081	437	459	460	482	604	#
495	1007.71	88	89	90	111	112	133	134	155	156	157	158	178	179	180	198	199	200	201	202	222	223	605	#
496	1323.5	116	135	137	155	157	158	159	160	177	178	179	180	181	182	183	200	201	202	203	205	223	605	#
497	1303.3	17	48	67	68	70	88	89	90	91	92	110	111	112	113	133	134	135	156	213	214	235	605	#
498	1258.26	21	66	125	126	127	159	160	161	162	180	181	182	183	184	201	202	203	204	445	466	467	605	#
499	1246.8	115	116	136	137	138	157	158	159	160	162	177	178	179	180	181	182	183	199	200	202	203	605	#
500	1223.77	134	137	154	155	156	158	159	176	177	178	179	180	181	199	200	220	221	222	242	243	244	605	#
501	582.122	292	293	313	314	315	316	336	337	338	360	606	#
502	559.425	291	292	293	313	314	315	336	337	359	360	606	#
503	536.861	62	84	85	106	293	314	315	337	359	393	606	#
504	521.45	271	293	294	314	315	316	336	337	338	459	606	#
505	517.434	312	313	314	315	316	335	336	337	338	357	606	#
506	512.735	1	2	313	314	315	336	337	338	359	360	606	#
507	46.5627	486	#
508	277.825	141	163	164	165	166	607	#
509	378.718	165	166	188	210	232	607	#
510	277.32	141	142	143	163	164	607	#
511	255.459	163	185	186	187	208	607	#
512	165.343	117	140	141	142	163	607	#
513	676.382	152	153	173	174	175	196	197	218	219	240	241	261	262	263	485	608	#
514	962.599	240	241	256	262	263	279	280	281	282	283	284	285	306	307	329	608	#
515	920.074	216	217	218	219	239	240	241	262	263	284	285	305	306	307	326	608	#
516	834.324	196	217	218	219	240	241	262	263	284	285	306	307	329	444	466	608	#
517	800.228	218	219	238	239	240	241	245	246	247	263	267	268	289	290	311	608	#
518	794.658	153	175	197	217	218	219	239	240	241	261	262	263	284	285	307	608	#
519	52.7413	409	410	609	#
520	67.057	409	431	609	#
521	136.788	168	171	190	191	192	193	610	#
522	169.939	171	192	193	194	216	237	610	#
523	159.174	146	167	168	190	191	192	610	#
524	274.869	325	347	370	371	611	#
525	246.683	303	325	326	347	611	#
526	230.718	303	325	326	327	611	#
527	225.585	346	347	348	370	611	#
528	192.364	328	349	350	371	611	#
529	798.905	95	98	99	117	118	119	120	121	140	141	142	162	163	612	#
530	1036.09	98	119	120	141	142	143	144	164	165	166	167	186	188	612	#
531	828.355	95	96	97	98	117	118	119	120	140	141	142	143	280	612	#
532	818.325	11	33	54	55	77	98	99	120	121	142	143	165	187	612	#
533	763.054	75	76	97	98	119	120	140	141	160	161	162	182	184	612	#
534	747.245	97	117	118	119	120	139	140	141	142	161	162	164	183	612	#
535	89.0458	206	207	229	613	#
536	124.548	185	206	207	613	#
537	118.347	120	121	142	614	#
538	170.411	120	121	141	614	#
539	102.607	142	143	458	614	#
540	55.6842	245	#
541	19.2559	425	#
542	249.93	79	274	379	401	402	423	615	#
543	369.518	403	423	424	445	466	467	615	#
544	368.439	57	78	79	80	81	103	615	#
545	260.581	334	335	356	357	379	401	615	#
546	234.651	252	253	274	275	276	297	615	#
547	198.952	357	378	379	400	401	402	615	#
548	482.907	79	171	172	173	192	193	194	616	#
549	569.8	151	172	173	174	175	195	196	616	#
550	566.068	149	150	171	172	173	195	370	616	#
551	423.477	34	55	56	77	78	79	101	616	#
552	386.641	147	148	149	168	169	191	192	616	#
553	379.206	126	127	148	149	150	171	193	616	#
554	1415.07	37	254	255	275	276	277	278	297	298	299	317	318	319	320	321	339	340	341	342	364	365	366	386	387	408	409	447	617	#
555	1953	189	210	211	230	231	232	233	234	235	252	253	254	255	256	272	273	274	275	276	277	294	295	296	297	327	328	329	617	#
556	1861.05	231	252	253	303	321	322	325	343	344	345	346	347	365	366	367	368	369	387	388	389	390	391	392	409	410	411	414	617	#
557	1833.57	83	84	106	107	108	128	150	211	231	232	233	234	252	255	256	277	278	279	280	299	300	321	322	342	343	344	345	617	#
558	1820.89	257	275	276	298	319	320	341	342	343	364	365	366	367	368	386	387	388	396	397	398	408	409	410	411	418	419	432	617	#
559	1800.97	233	238	252	254	255	256	273	274	275	276	277	278	279	295	296	297	298	299	300	317	318	319	322	340	341	342	343	617	#
560	452.532	80	81	102	103	123	124	618	#
561	443.979	59	60	81	82	84	105	618	#
562	437.694	80	101	102	123	124	145	618	#
563	424.756	100	103	123	124	125	145	618	#
564	407.575	36	58	59	80	81	82	618	#
565	390.428	81	102	123	124	125	224	618	#
566	780.219	68	88	89	90	111	259	279	280	281	302	303	619	#
567	887.149	67	88	89	110	111	112	113	133	154	155	156	619	#
568	872.835	66	88	89	110	111	132	133	134	154	155	156	619	#
569	862.511	66	68	69	88	89	90	91	110	111	112	133	619	#
570	804.628	24	44	46	66	67	68	69	88	89	111	489	619	#
571	756.809	256	257	258	259	279	280	281	301	302	303	324	619	#
572	1379.03	129	347	348	349	367	368	369	370	371	374	389	390	391	392	393	412	413	414	415	435	436	457	479	620	#
573	1574.14	284	303	306	325	326	327	328	346	347	348	349	367	368	369	370	371	391	392	393	413	414	415	435	620	#
574	1493.68	325	326	327	328	329	347	348	349	351	369	370	371	372	390	391	392	393	404	412	413	414	415	416	620	#
575	1393.66	303	322	325	326	344	345	346	347	348	349	367	368	369	370	371	390	391	392	414	425	426	447	448	620	#
576	1389.09	368	390	391	392	393	411	412	413	414	415	416	432	433	434	435	455	456	457	458	476	478	479	480	620	#
577	1387.4	34	35	38	56	57	71	79	80	93	94	101	115	307	329	349	350	351	371	372	373	393	394	395	620	#
578	312.542	247	268	269	290	291	312	621	#
579	460.783	268	269	288	289	290	311	621	#
580	402.902	247	248	268	269	270	290	621	#
581	364.796	291	312	313	334	335	357	621	#
582	283.528	266	267	268	269	270	292	621	#
583	276.278	267	268	269	290	295	296	621	#
584	2249.13	13	14	15	16	36	37	58	59	60	78	79	80	81	82	83	84	98	103	104	105	106	119	120	127	128	141	142	149	150	151	163	173	196	197	622	#
585	2586.66	16	17	18	19	39	40	41	42	43	58	61	62	80	81	82	83	84	102	103	104	105	106	126	127	128	149	150	151	172	173	194	195	196	208	622	#
586	2343.85	97	98	119	141	142	143	144	163	164	165	166	185	186	187	189	211	212	213	233	280	357	358	360	380	381	382	383	400	401	402	403	405	424	425	622	#
587	2334.19	13	14	36	84	87	103	104	105	106	107	108	128	129	130	131	150	151	152	153	172	173	174	175	195	196	197	216	217	218	219	239	241	261	263	622	#
588	2329.64	83	104	105	106	124	126	127	128	145	146	147	148	149	150	151	152	168	169	170	171	172	173	174	191	192	193	194	195	196	215	216	217	218	236	622	#
589	2321.64	84	106	128	150	151	152	153	173	174	175	192	193	194	195	196	197	212	213	214	215	216	217	218	219	235	236	237	238	239	261	263	285	307	329	622	#
590	390.024	108	109	131	455	477	478	623	#
591	425.862	108	130	131	151	152	174	623	#
592	424.104	411	433	434	455	456	477	623	#
593	396.854	434	435	456	457	477	478	623	#
594	371.692	434	456	457	478	479	480	623	#
595	199.58	85	86	87	108	130	131	623	#
596	94.4261	244	#
597	548.212	283	284	285	306	307	328	329	351	402	423	624	#
598	708.46	152	166	188	239	240	260	261	262	284	306	624	#
599	692.059	284	303	304	305	306	326	327	328	349	350	624	#
600	664.599	240	260	261	262	281	282	283	284	285	304	624	#
601	638.036	379	380	400	401	402	423	444	445	466	467	624	#
602	578.26	283	284	285	306	307	328	329	350	351	372	624	#
603	537.925	311	312	313	334	335	356	378	402	424	435	436	458	625	#
604	748.084	267	268	289	290	291	311	312	313	332	333	334	356	625	#
605	636.142	414	433	434	435	436	437	438	439	458	459	480	492	625	#
606	598.662	291	312	333	334	335	355	356	357	358	378	379	401	625	#
607	539.602	313	334	335	336	355	356	357	358	377	378	379	400	625	#
608	507.539	227	228	229	400	401	402	422	423	424	445	446	502	625	#
609	554.232	240	262	263	284	303	304	305	306	626	#
610	570.439	280	302	303	304	324	325	346	368	626	#
611	557.145	219	239	240	241	261	262	284	285	626	#
612	542.279	81	82	102	263	285	307	343	365	626	#
613	475.998	240	283	304	305	306	328	349	350	626	#
614	452.685	281	282	283	284	285	304	305	306	626	#
615	411.555	13	14	15	16	17	36	37	58	627	#
616	573.421	14	15	16	17	18	36	37	39	627	#
617	556.25	13	14	15	16	17	18	39	123	627	#
618	509.371	12	13	33	34	35	56	78	174	627	#
619	499.839	16	17	37	38	39	58	61	157	627	#
620	490.023	14	15	16	17	36	37	58	59	627	#
621	1362.97	401	402	403	423	424	425	443	444	445	446	447	448	449	466	467	468	469	470	471	628	#
622	1455.3	380	381	402	403	404	422	423	424	425	426	443	444	445	446	447	466	467	468	469	628	#
623	1360.04	133	156	176	178	199	200	201	222	379	400	401	422	423	443	444	445	446	447	507	628	#
624	1330.08	378	379	400	401	402	403	421	422	423	424	425	444	445	446	447	466	467	468	469	628	#
625	1328.58	293	336	337	359	381	401	402	403	423	424	425	444	445	446	447	466	467	468	469	628	#
626	1316.92	358	378	379	380	401	402	403	404	423	424	425	426	446	447	448	449	469	470	471	628	#
627	1749.7	4	5	6	7	8	9	10	23	24	25	26	27	28	29	30	31	46	47	48	49	50	51	52	71	72	73	74	75	95	96	97	98	116	117	118	139	140	161	162	629	#
628	2389.48	3	4	6	22	23	24	25	26	27	28	45	46	47	48	49	50	67	68	69	70	92	322	323	324	343	344	345	346	365	366	367	386	387	388	389	410	431	432	454	629	#
629	2328.08	92	93	112	113	114	115	116	136	137	140	157	158	159	160	161	162	179	180	181	182	183	201	202	204	205	206	207	212	213	226	227	228	234	235	250	251	252	272	273	629	#
630	2262.07	4	5	6	27	28	29	51	73	95	96	114	115	116	117	118	119	120	136	137	138	139	140	141	157	158	161	162	163	164	165	179	180	182	183	184	185	202	207	229	629	#
631	2206.44	7	10	11	12	13	14	15	30	31	32	33	34	35	52	53	54	55	56	57	75	76	77	78	79	99	100	343	344	365	387	388	389	410	411	432	433	434	455	456	629	#
632	2190.56	4	5	6	26	27	28	29	47	48	49	50	51	69	70	71	72	92	93	115	389	390	391	410	411	412	413	414	415	431	432	433	434	435	455	456	457	476	478	479	629	#
633	1071.91	133	154	155	156	176	177	178	179	199	200	201	293	294	295	296	316	317	339	340	478	630	#
634	1232.16	226	248	249	269	270	271	272	289	290	291	292	293	294	295	312	313	314	315	336	337	630	#
635	1216.97	112	113	133	134	135	154	155	156	157	176	177	178	179	200	201	202	203	221	222	243	630	#
636	1177.66	390	391	392	411	413	414	432	433	434	435	453	454	455	456	457	458	459	476	477	478	630	#
637	1170.23	229	251	252	272	273	294	295	297	317	318	319	320	321	322	340	341	342	343	344	497	630	#
638	1164.53	252	271	272	274	275	293	294	295	296	297	316	317	318	319	338	339	340	341	342	364	630	#
639	444.808	269	270	271	291	292	293	294	312	313	631	#
640	659.803	226	227	247	248	249	250	269	290	312	631	#
641	623.899	247	248	268	269	290	291	312	313	336	631	#
642	518.567	291	292	293	314	315	336	337	338	358	631	#
643	514.465	246	247	248	268	269	270	290	291	312	631	#
644	513.978	249	269	271	291	292	293	294	312	313	631	#
645	279.858	331	352	353	632	#
646	328.334	352	353	374	632	#
647	267.086	330	352	353	632	#
648	106.209	286	308	331	632	#
649	134.096	45	#
650	907.81	78	79	80	81	101	102	103	122	123	124	125	144	147	148	633	#
651	1024.45	60	61	62	80	81	82	83	84	85	103	104	105	106	125	633	#
652	1014.33	55	77	78	79	80	81	101	102	110	132	133	155	178	179	633	#
653	889.128	14	36	37	56	57	58	78	79	80	81	82	100	134	135	633	#
654	888.076	79	101	103	123	124	125	146	147	167	168	169	388	389	443	633	#
655	880.228	57	58	59	79	80	81	82	102	103	104	105	106	124	125	633	#
656	203.006	416	417	437	438	439	634	#
657	294.468	394	416	437	438	439	634	#
658	107.66	417	433	439	456	461	634	#
659	957.935	37	38	40	60	62	63	82	83	84	85	86	87	104	105	106	107	108	127	635	#
660	1318.7	38	59	60	80	81	82	83	84	102	103	104	105	106	226	227	228	229	251	635	#
661	1289.05	13	19	40	41	42	43	63	64	65	86	87	108	109	286	287	288	309	310	635	#
662	1270.62	59	61	81	83	84	102	103	104	105	106	107	125	126	127	128	149	171	507	635	#
663	1228.99	14	15	16	17	18	19	20	36	38	39	40	41	42	61	62	84	108	131	635	#
664	1203.47	43	64	81	82	83	84	85	86	87	104	105	106	107	108	109	127	129	131	635	#
665	506.228	182	183	204	205	206	207	226	227	228	229	636	#
666	732.875	206	207	208	226	227	228	229	248	250	272	636	#
667	606.646	138	160	181	182	204	225	226	227	228	248	636	#
668	584.756	140	161	162	183	184	185	186	207	208	209	636	#
669	558.897	141	162	163	184	185	186	207	208	209	229	636	#
670	523.009	141	163	183	184	185	206	207	208	227	228	636	#
671	436.685	132	391	392	413	414	415	637	#
672	479.566	391	392	413	414	415	416	637	#
673	444.916	368	369	391	392	413	414	637	#
674	428.414	110	113	132	133	134	135	637	#
675	406.006	413	414	415	435	436	437	637	#
676	380.759	391	412	413	414	435	457	637	#
677	56.713	509	#
678	297.33	245	246	266	267	268	269	638	#
679	360.785	202	224	246	247	248	268	638	#
680	304.915	223	224	244	245	246	247	638	#
681	263.953	245	246	267	268	290	291	638	#
682	249.178	246	247	268	269	270	290	638	#
683	230.368	265	266	286	287	308	330	638	#
684	452.727	382	418	419	420	440	639	#
685	528.277	396	397	418	419	440	639	#
686	410.22	418	419	420	440	442	639	#
687	270.316	420	442	443	464	465	639	#
688	161.951	169	170	191	192	440	639	#
689	68.9376	510	#
690	650.627	193	194	213	214	215	216	234	235	236	237	238	239	640	#
691	907.087	162	215	237	238	239	240	259	260	261	262	284	306	640	#
692	872.406	209	210	211	212	213	214	215	231	232	233	234	235	640	#
693	792.636	130	151	152	153	171	172	173	174	175	194	196	197	640	#
694	770.054	217	237	238	239	258	259	260	281	430	451	452	453	640	#
695	753.942	212	213	214	215	235	236	237	257	258	280	281	302	640	#
696	137.331	501	#
697	69.7566	264	286	#
698	346.086	95	250	251	269	272	291	292	293	294	313	314	315	641	#
699	511.697	245	246	247	248	267	271	292	293	294	314	315	338	641	#
700	493.886	220	227	228	246	247	248	249	250	251	272	273	294	641	#
701	440.31	249	250	251	270	271	272	273	293	294	295	296	297	641	#
702	359.087	228	229	249	250	251	271	272	273	293	294	295	316	641	#
703	200.779	90	110	111	112	642	#
704	263.574	110	111	112	133	642	#
705	258.263	88	89	110	111	642	#
706	139.167	89	90	112	113	642	#
707	904.975	110	111	132	133	154	155	176	177	198	199	200	220	221	242	243	244	643	#
708	1107.34	150	171	172	173	200	201	202	220	221	222	242	243	244	245	265	266	643	#
709	1082.37	45	66	67	68	88	89	90	110	111	112	113	132	133	134	155	177	643	#
710	1050.61	155	176	177	178	198	199	200	211	212	221	234	256	278	279	377	399	643	#
711	1015.96	45	67	89	90	91	110	111	112	113	114	132	133	134	155	156	340	643	#
712	1008.82	150	151	154	155	171	172	173	176	177	178	195	199	200	201	221	243	643	#
713	458.526	1	2	23	44	45	66	644	#
714	464.14	23	24	25	45	46	67	644	#
715	459.407	1	23	45	66	67	88	644	#
716	444.059	0	22	23	24	25	44	644	#
717	421.253	0	1	2	22	23	24	644	#
718	262.095	44	46	47	48	66	88	644	#
719	184.287	22	23	52	74	96	645	#
720	275.787	73	74	96	97	118	645	#
721	209.291	22	23	44	45	66	645	#
722	161.403	95	96	118	142	164	645	#
723	1659.62	82	83	84	103	104	105	106	126	127	128	149	150	151	171	193	237	259	260	261	281	282	283	453	646	#
724	1745.86	38	59	60	81	82	83	84	104	105	126	127	149	150	151	152	171	172	192	193	321	322	344	366	646	#
725	1643.41	98	106	119	120	121	128	130	143	149	150	151	152	163	171	172	173	192	193	194	195	215	216	237	646	#
726	1621.98	60	80	81	82	83	100	101	102	103	104	105	123	124	127	145	146	167	168	389	411	433	434	456	646	#
727	1595.88	40	43	61	62	63	64	83	84	85	86	105	106	127	128	392	414	428	448	449	450	470	471	472	646	#
728	1566.55	171	172	194	211	212	213	214	215	216	217	232	233	234	235	236	237	256	257	258	279	280	281	301	646	#
729	156.801	32	53	54	55	74	75	647	#
730	160.898	32	53	54	75	97	119	647	#
731	150.569	52	53	75	97	119	141	647	#
732	147.754	9	31	52	53	54	75	647	#
733	1287.77	143	165	297	318	319	320	339	340	341	342	360	361	362	363	364	384	385	404	406	407	426	427	428	429	450	648	#
734	1717.45	95	98	116	117	119	120	121	122	123	124	140	141	142	143	144	145	147	164	165	166	186	187	414	435	436	648	#
735	1557.95	77	99	120	121	122	123	142	143	144	164	165	166	167	185	186	187	188	209	210	211	231	232	233	252	253	648	#
736	1528.15	28	50	51	72	337	338	344	345	360	361	364	365	366	383	384	385	386	387	388	389	406	407	409	411	429	648	#
737	1476.94	334	337	354	355	356	357	359	360	361	376	377	381	382	399	403	404	425	426	427	447	448	449	450	469	471	648	#
738	1470.3	275	297	319	320	321	322	341	342	343	344	345	346	347	364	365	366	367	386	387	388	389	408	410	411	433	648	#
739	585.994	162	163	164	182	183	184	185	186	206	207	208	228	229	501	649	#
740	854.252	9	10	11	12	31	32	33	34	52	53	55	375	397	501	649	#
741	815.005	119	121	122	141	142	143	144	163	164	165	166	167	186	187	649	#
742	795.029	163	185	186	205	206	207	208	209	227	228	229	230	231	252	649	#
743	789.876	141	142	163	164	184	185	186	206	207	208	209	228	229	230	649	#
744	714.91	141	162	163	184	185	188	205	206	207	208	209	210	211	230	649	#
745	374.267	265	287	308	309	310	331	650	#
746	453.324	288	309	310	331	332	353	650	#
747	395.762	243	265	287	308	309	331	650	#
748	347.738	286	287	308	309	310	331	650	#
749	319.705	196	218	309	330	331	353	650	#
750	289.4	286	308	309	330	331	332	650	#
751	247.477	160	161	162	183	184	651	#
752	282.889	140	141	161	162	265	651	#
753	260.412	161	182	183	184	204	651	#
754	237.654	139	140	160	161	162	651	#
755	156.153	207	208	260	652	#
756	188.59	260	261	282	652	#
757	133.288	185	207	208	652	#
758	886.207	222	243	244	264	265	266	286	287	288	308	309	310	330	331	332	352	353	653	#
759	1191.77	14	36	308	309	330	331	352	353	374	375	376	396	397	398	418	440	441	653	#
760	1094.74	180	201	202	220	222	223	232	242	243	244	245	264	265	267	287	288	289	653	#
761	1072.26	110	132	136	155	176	177	199	200	201	221	222	223	243	244	265	266	287	653	#
762	1069.9	202	222	224	244	245	246	264	265	266	267	286	287	288	289	309	331	353	653	#
763	1066.27	155	176	177	198	199	200	221	222	243	244	264	265	266	267	287	299	321	653	#
764	972.204	422	423	443	444	445	447	448	465	466	467	468	469	470	471	654	#
765	918.633	212	213	214	235	236	400	401	422	423	443	444	445	465	466	654	#
766	784.404	80	81	380	402	421	422	423	424	444	445	446	447	467	468	654	#
767	764.623	4	129	130	421	422	442	443	444	445	463	464	465	466	467	654	#
768	754.891	403	424	425	426	446	447	448	465	466	467	468	469	470	493	654	#
769	754.307	222	402	403	424	425	426	446	447	448	449	468	469	470	471	654	#
770	419.921	21	43	163	184	185	207	229	386	655	#
771	531.866	141	163	164	165	185	186	187	208	655	#
772	487.914	164	183	184	185	186	205	207	229	655	#
773	482.786	20	21	42	43	62	63	64	65	655	#
774	472.853	88	184	206	207	228	229	428	450	655	#
775	423.608	18	19	20	21	42	43	64	66	655	#
776	151.783	207	229	230	656	#
777	100.231	229	230	251	656	#
778	67.877	230	231	252	656	#
779	641.783	27	28	48	49	50	71	72	125	126	147	460	461	657	#
780	857.962	80	81	82	102	103	123	124	125	146	147	168	191	657	#
781	856.198	59	80	81	103	105	123	124	125	126	127	146	147	657	#
782	822.712	6	7	8	27	28	29	49	50	51	71	72	73	657	#
783	740.521	369	390	391	413	414	435	436	437	457	458	459	460	657	#
784	731.348	81	102	103	104	124	125	145	146	147	148	168	169	657	#
785	1010.27	93	289	291	292	311	312	313	334	335	354	355	356	358	375	376	377	378	398	658	#
786	1349.91	70	71	91	92	93	113	115	116	137	352	354	374	375	376	396	397	419	420	658	#
787	1241.38	289	290	291	311	312	313	334	335	336	337	338	356	357	358	378	379	400	401	658	#
788	1186.13	352	354	355	356	374	375	376	377	378	396	397	398	399	400	401	418	419	421	658	#
789	1157.04	230	248	249	271	293	309	310	311	315	336	337	338	357	358	359	378	379	380	658	#
790	1114.15	246	247	268	269	290	291	292	312	313	335	357	358	365	388	389	410	432	433	658	#
791	678.373	24	44	46	47	66	67	68	69	88	89	90	110	111	132	659	#
792	989.544	48	69	70	90	91	92	110	111	112	113	132	133	135	155	659	#
793	958.08	66	67	68	88	89	90	91	92	110	111	112	132	153	447	659	#
794	933.984	68	69	70	88	89	90	91	92	111	112	113	133	155	156	659	#
795	869.552	22	44	45	66	67	68	69	88	89	90	91	110	111	112	659	#
796	860.859	46	47	48	68	69	70	90	91	92	113	114	115	135	137	659	#
797	269.94	357	379	380	401	660	#
798	265.276	380	400	401	402	660	#
799	259.905	358	378	379	380	660	#
800	232.539	357	379	380	381	660	#
801	198.063	335	336	357	358	660	#
802	379.049	200	222	223	244	266	661	#
803	335.861	221	243	265	266	339	661	#
804	319.767	201	222	223	244	245	661	#
805	319.375	222	223	243	244	245	661	#
806	285.616	179	180	201	202	223	661	#
807	239.603	200	220	221	264	286	661	#
808	719.371	136	158	159	180	181	182	202	203	204	225	226	662	#
809	826.876	133	134	135	136	156	157	158	178	179	201	439	662	#
810	748.985	68	69	91	92	114	115	116	117	136	137	158	662	#
811	740.631	137	157	159	179	180	181	182	201	203	204	226	662	#
812	709.519	182	183	203	204	225	226	227	247	248	249	269	662	#
813	705.408	116	136	137	138	158	159	160	180	181	182	204	662	#
814	62.8598	505	#
815	33.33	454	#
816	844.331	390	391	392	412	413	414	415	435	436	437	457	458	459	460	482	663	#
817	1192.62	110	133	154	155	176	177	198	199	414	415	436	437	458	459	481	663	#
818	1095.68	368	389	390	391	392	393	413	414	415	416	435	436	437	439	459	663	#
819	1088.9	369	391	392	393	394	413	414	415	416	434	435	436	439	461	483	663	#
820	1077.89	128	149	150	377	398	399	413	414	435	436	437	457	458	459	479	663	#
821	992.931	345	346	366	367	368	389	390	391	392	412	413	414	415	435	436	663	#
822	986.17	116	138	139	150	173	174	196	217	218	219	238	239	240	260	261	664	#
823	1167.49	70	128	150	151	152	171	173	195	371	372	373	389	394	395	411	664	#
824	1088.63	129	130	131	150	151	152	153	171	172	173	174	175	195	196	197	664	#
825	1022.65	106	128	133	150	152	171	172	173	174	175	194	195	196	197	218	664	#
826	977.743	151	152	153	173	174	175	196	197	217	218	219	240	241	263	499	664	#
827	950.003	48	69	70	92	114	115	116	136	137	138	139	160	161	183	184	664	#
828	1207.89	73	95	96	97	115	116	117	136	137	138	139	157	158	161	162	179	180	201	202	665	#
829	1327	68	91	92	93	96	113	114	115	116	117	134	135	136	137	139	140	141	157	161	665	#
830	1304.2	73	74	75	95	96	115	116	117	118	374	375	396	397	398	418	419	420	440	475	665	#
831	1284.19	37	38	50	51	52	58	73	74	95	96	116	117	118	138	139	222	223	242	243	665	#
832	1272.59	67	68	70	88	89	90	91	92	110	111	112	113	114	115	133	135	136	158	180	665	#
833	1259.59	134	135	154	155	156	157	158	159	176	177	178	179	180	200	201	221	222	223	243	665	#
834	165.347	401	421	422	423	666	#
835	228.648	423	424	445	446	666	#
836	219.218	401	402	423	445	666	#
837	200.285	277	299	421	422	666	#
838	1126.17	120	121	142	143	144	165	264	265	286	287	288	289	290	309	310	311	332	333	667	#
839	1317.58	53	222	244	245	266	267	268	269	270	289	290	291	311	312	313	333	334	335	667	#
840	1312	265	266	267	286	287	288	289	290	308	309	310	311	312	331	332	333	334	353	667	#
841	1271.24	243	244	245	265	266	286	287	288	289	308	309	310	311	330	331	332	333	353	667	#
842	1263.94	244	245	247	267	268	269	270	271	288	289	290	291	311	312	313	334	356	456	667	#
843	1258.4	222	223	244	245	265	266	267	288	289	308	309	310	313	331	332	333	334	335	667	#
844	558.724	343	344	365	366	386	387	388	409	410	668	#
845	641.489	297	344	354	365	366	396	397	418	419	668	#
846	613.623	211	231	232	323	344	345	365	366	367	668	#
847	585.583	364	365	366	367	385	386	387	388	389	668	#
848	570.71	116	138	139	161	162	183	387	409	431	668	#
849	558.641	386	387	408	409	427	428	429	431	453	668	#
850	47.1259	127	#
851	871.024	79	80	81	101	102	103	124	125	126	148	149	170	669	#
852	930.098	78	80	81	82	83	101	102	123	124	145	146	147	669	#
853	926.888	59	79	80	81	101	102	103	122	123	124	145	347	669	#
854	867.871	147	148	149	150	169	171	264	265	286	287	288	310	669	#
855	832.596	59	60	79	81	82	102	103	104	124	126	148	149	669	#
856	825.594	84	103	104	105	124	125	126	127	147	148	149	169	669	#
857	419.334	211	232	233	254	255	277	670	#
858	505.773	137	159	160	189	211	232	670	#
859	426.189	211	233	256	279	301	498	670	#
860	399.447	232	254	275	276	277	298	670	#
861	346.524	231	253	254	275	276	298	670	#
862	345.8	233	255	256	276	277	278	670	#
863	344.637	136	157	158	179	671	#
864	312.913	136	137	157	158	671	#
865	296.399	157	158	179	180	671	#
866	255.734	156	157	178	179	671	#
867	239.186	157	177	178	179	671	#
868	731.118	82	105	106	107	108	127	129	130	131	152	153	174	672	#
869	1018.78	80	81	82	103	104	105	106	127	149	150	171	442	672	#
870	804.741	105	106	107	129	130	131	151	152	173	174	175	196	672	#
871	789.163	60	61	81	82	83	84	105	106	128	156	364	365	672	#
872	759.883	130	149	150	151	152	171	172	173	174	195	196	218	672	#
873	692.765	96	117	128	149	150	152	171	172	173	174	194	196	672	#
874	192.583	27	48	49	71	93	673	#
875	275.333	3	25	26	48	70	673	#
876	233.402	71	72	93	115	137	673	#
877	130.952	1	23	49	71	93	673	#
878	135.624	176	177	198	199	674	#
879	191.982	154	176	177	199	674	#
880	151.249	155	176	177	199	674	#
881	147.696	154	155	176	198	674	#
882	1243.59	179	200	201	202	203	222	223	245	246	247	248	265	266	267	289	290	675	#
883	1242.62	29	35	50	51	57	71	72	73	74	75	76	78	79	101	201	223	675	#
884	1195.86	157	158	177	178	179	180	182	183	200	201	202	203	222	224	243	246	675	#
885	1181.6	133	156	176	177	178	179	198	199	200	201	222	223	244	368	390	412	675	#
886	1176.49	135	155	156	157	158	178	179	180	200	201	202	222	223	366	367	388	675	#
887	1162.18	179	180	200	201	202	203	222	223	224	225	244	246	247	268	269	290	675	#
888	527.202	233	234	254	255	256	276	277	278	298	676	#
889	670.303	213	214	215	234	235	236	256	257	278	676	#
890	631.084	179	255	256	276	277	278	299	321	322	676	#
891	618.158	211	233	234	255	256	276	277	278	299	676	#
892	590.137	211	233	234	255	256	275	276	277	278	676	#
893	480.99	168	190	211	212	231	232	233	234	254	676	#
894	136.293	249	271	293	294	677	#
895	75.0871	270	292	293	315	677	#
896	33.0437	270	271	293	294	677	#
897	136.593	506	#
898	801.834	27	49	50	228	229	382	383	405	406	425	426	427	428	429	450	472	473	678	#
899	1005.18	5	6	27	28	29	50	308	309	331	332	449	451	470	471	472	473	474	678	#
900	997.805	316	317	409	410	429	431	432	448	449	451	452	453	470	471	472	473	474	678	#
901	909.345	405	406	407	408	410	427	428	429	430	431	432	450	451	452	471	472	473	678	#
902	862.729	360	362	383	384	385	404	405	406	407	426	427	428	429	450	451	471	472	678	#
903	829.026	378	381	399	400	401	402	403	423	424	425	426	446	447	448	469	470	471	678	#
904	515.261	178	179	180	181	182	201	203	275	297	679	#
905	703.82	108	109	130	131	180	181	255	284	306	679	#
906	586.966	181	182	203	204	205	226	227	247	248	679	#
907	518.996	154	155	156	178	179	180	199	200	221	679	#
908	494.208	135	136	157	158	160	179	180	181	182	679	#
909	469.884	178	200	201	202	203	221	225	243	265	679	#
910	183.012	383	384	385	386	407	680	#
911	173.65	384	385	386	407	429	680	#
912	142.122	371	385	386	407	408	680	#
913	116.422	185	383	405	406	427	680	#
914	113.649	342	364	386	387	388	680	#
915	2.83148	489	#
916	1095.4	87	108	109	113	135	154	155	156	157	176	177	178	179	198	199	200	220	221	222	223	243	244	245	327	681	#
917	1622.2	92	97	98	113	114	115	116	117	119	134	135	136	137	138	140	155	156	157	158	159	178	179	180	427	681	#
918	1556.23	67	68	89	90	112	113	114	135	157	158	159	160	179	180	181	182	183	184	200	201	202	222	223	244	681	#
919	1549.93	20	41	42	43	62	63	64	84	85	86	87	106	107	108	109	128	129	130	131	151	152	153	174	175	681	#
920	1546.76	114	136	158	180	199	200	221	222	223	243	244	333	334	356	357	377	378	379	399	400	401	402	422	423	681	#
921	1539.45	42	43	63	64	65	84	85	86	87	107	108	109	129	130	131	136	151	152	153	174	175	196	197	438	681	#
922	109.194	173	#
923	126.532	276	277	298	299	300	#
924	200.688	364	365	386	387	388	408	682	#
925	283.455	342	343	365	366	388	410	682	#
926	236.701	96	364	386	407	408	429	682	#
927	105.066	386	387	388	407	408	409	682	#
928	424.761	42	43	63	64	65	683	#
929	414.773	21	43	63	64	65	683	#
930	391.7	62	63	64	65	86	683	#
931	363.43	42	43	63	64	85	683	#
932	300.857	64	65	86	231	252	683	#
933	261.625	19	20	41	42	64	683	#
934	739.519	42	62	63	64	65	84	85	86	401	402	684	#
935	788.521	42	63	64	85	86	87	106	107	284	306	684	#
936	753.53	40	42	43	61	62	63	64	65	204	205	684	#
937	737.499	63	81	82	83	84	85	86	103	105	106	684	#
938	736.187	20	41	42	62	63	64	65	85	86	107	684	#
939	708.307	20	21	41	42	43	63	64	65	85	86	684	#
940	50.1203	220	242	376	685	#
941	36.0458	198	220	242	685	#
942	172.838	160	183	184	206	288	686	#
943	255.658	288	289	290	291	310	686	#
944	170.617	184	186	206	207	208	686	#
945	62.2054	181	182	183	184	203	686	#
946	1041.57	309	344	366	367	368	369	388	389	390	391	392	408	409	410	411	413	414	687	#
947	1173.28	300	302	303	321	322	323	324	343	344	345	365	366	367	414	433	434	435	687	#
948	1129.52	305	325	326	346	347	369	370	371	391	392	393	414	415	435	436	457	479	687	#
949	1096.31	321	322	323	343	344	365	366	367	368	369	386	387	390	391	395	409	412	687	#
950	1071.07	49	71	72	73	343	344	366	367	369	389	390	391	413	414	435	457	458	687	#
951	1063.78	341	342	343	344	364	365	366	367	368	387	388	389	390	409	410	411	445	687	#
952	357.434	264	265	286	287	308	688	#
953	427.325	243	244	265	266	287	688	#
954	421.458	200	221	242	243	265	688	#
955	359.137	264	265	286	287	288	688	#
956	307.873	264	265	266	286	287	688	#
957	175.308	264	286	308	330	331	688	#
958	873.213	19	20	21	41	42	43	64	65	86	170	192	430	450	451	452	689	#
959	1047.54	18	19	20	21	41	42	43	64	110	111	113	132	133	134	135	689	#
960	902.432	19	20	41	42	62	63	64	85	86	87	106	107	108	109	130	689	#
961	818.06	18	19	20	21	40	41	42	43	63	64	65	85	86	106	107	689	#
962	774.311	105	125	147	150	168	169	170	171	172	173	190	191	192	193	194	689	#
963	773.958	313	334	335	355	356	357	358	377	378	379	380	430	450	451	452	689	#
964	176.294	424	425	447	448	469	690	#
965	247.445	381	403	425	448	470	690	#
966	246.603	446	447	448	449	471	690	#
967	216.286	402	422	423	424	444	690	#
968	215.81	425	426	447	448	449	690	#
969	1196.47	159	160	181	182	183	184	185	203	204	205	206	226	227	228	229	248	249	250	251	272	273	691	#
970	1408.67	65	182	204	225	226	247	248	249	269	291	430	431	432	433	453	454	455	475	476	477	478	691	#
971	1358.14	75	97	98	116	117	119	138	139	140	141	159	160	162	181	182	183	184	204	206	226	492	691	#
972	1350.2	95	96	97	113	114	115	116	117	137	138	157	158	159	160	180	181	298	299	300	301	323	691	#
973	1336.55	115	116	137	138	140	141	157	158	159	160	162	180	181	182	183	184	203	204	206	225	226	691	#
974	1309.12	54	162	182	183	184	203	204	205	206	207	225	226	227	228	229	248	249	250	270	271	272	691	#
975	1334.95	106	176	177	178	198	199	200	220	221	222	223	242	243	244	245	246	264	265	266	286	287	445	466	467	468	692	#
976	1656.46	19	39	41	42	43	61	62	64	65	82	83	84	105	106	107	108	127	128	129	130	131	149	150	171	193	692	#
977	1632.07	155	177	178	179	199	200	201	220	221	222	223	242	243	244	265	266	267	287	288	289	308	309	310	311	489	692	#
978	1613.5	48	70	91	92	93	94	113	114	115	116	135	136	137	138	158	159	160	422	443	444	445	465	466	467	468	692	#
979	1599.89	201	202	203	224	225	226	246	247	248	249	250	268	269	270	271	288	289	290	291	292	309	310	311	312	313	692	#
980	1529.99	222	244	245	264	265	266	267	268	269	286	287	288	289	290	291	292	308	309	310	330	331	352	374	462	463	692	#
981	536.411	57	79	80	101	102	122	123	432	454	693	#
982	699.357	57	78	79	101	102	123	124	125	146	693	#
983	674.313	99	100	101	103	123	124	125	126	303	693	#
984	654.85	57	60	79	80	81	82	101	102	103	693	#
985	644.4	35	57	58	79	80	81	101	102	123	693	#
986	582.699	12	34	35	56	78	79	80	81	101	693	#
987	365.251	428	450	451	471	472	694	#
988	423.22	449	468	469	470	471	694	#
989	338.29	450	451	471	472	473	694	#
990	298.483	450	451	472	473	474	694	#
991	283.718	428	429	450	451	452	694	#
992	247.373	366	388	389	428	450	694	#
993	360.023	172	173	194	195	196	695	#
994	355.476	150	171	172	173	195	695	#
995	330.059	173	195	196	197	219	695	#
996	323.249	150	171	172	193	194	695	#
997	201.912	195	196	217	218	312	695	#
998	193.037	168	191	192	193	194	695	#
999	204.945	179	180	201	696	#
1000	287.147	179	201	223	696	#
1001	91.4094	179	180	202	696	#
