%% File generated by CATS v.2.1Thu May  9 13:04:27 2024

%% The CATS webpage is http://robotics.stanford.edu/CATS

%% PARAMETER SETTINGS:
% Goods: 512; Bids: 1000; Distribution: regions; Runs: 1; Seed: 44
% Regions Distribution Parameters:
% Max Substitutable Bids = 5
% Removing HV Neighbor   = 0.1
% Adding DIAG Neighbor   = 0.2
% Additional Location    = 0.9
% Jump Probability       = 0.05
% Additivity             = 0.2
% Budget Factor          = 1.5
% Resale Factor          = 0.5
% Uniform Private Value:
%   Deviation            = 0.5
%   Max Good Value       = 100



goods 512
bids 1003
dummy 187

0	250.325	452	474	475	512	#
1	275.26	452	453	454	512	#
2	223.489	474	475	476	512	#
3	126.391	327	452	474	512	#
4	225.251	244	245	246	267	513	#
5	281.907	244	266	267	289	513	#
6	216.911	243	244	245	246	513	#
7	216.598	224	246	247	269	513	#
8	874.691	253	274	275	295	296	297	298	316	317	318	319	339	340	341	361	362	514	#
9	1061.14	293	295	316	317	339	340	360	361	362	383	384	385	386	406	428	450	514	#
10	1036.29	131	295	296	317	318	319	339	340	341	342	361	362	383	384	385	406	514	#
11	1020.1	211	232	233	234	253	256	275	276	277	296	297	298	318	319	341	342	514	#
12	989.624	275	295	296	297	298	316	317	318	339	340	360	361	362	436	457	458	514	#
13	946.556	295	296	297	298	316	317	318	319	339	340	362	413	435	436	457	458	514	#
14	90.2881	127	#
15	120.022	196	218	#
16	2810.17	247	279	301	320	321	322	323	324	325	326	343	344	345	346	347	364	365	366	367	368	369	370	387	388	389	390	391	408	409	410	411	412	413	429	430	431	433	434	435	452	453	454	455	457	515	#
17	3293.03	173	174	195	196	208	217	218	219	230	231	237	239	240	253	260	261	262	282	283	284	304	305	326	327	346	347	349	368	369	370	371	389	390	391	392	393	394	412	413	414	415	434	435	457	515	#
18	3185.36	16	17	39	174	194	195	196	216	217	218	219	237	238	239	240	241	259	261	262	263	282	283	284	285	299	301	304	305	321	322	323	324	325	326	343	344	345	346	347	365	366	367	388	389	515	#
19	3134.74	157	173	193	194	195	196	216	217	218	238	239	240	261	262	282	283	284	285	304	326	371	390	391	392	393	410	411	412	413	414	415	432	433	434	435	436	437	455	456	457	458	479	481	482	515	#
20	3074.44	124	145	146	167	188	189	190	210	211	224	233	246	247	387	390	391	408	409	410	411	412	413	431	432	433	434	435	452	453	454	455	456	457	458	460	470	474	475	476	477	478	481	482	483	515	#
21	3062.93	4	5	6	7	8	28	29	30	51	52	74	96	118	140	327	328	345	346	349	367	368	369	370	388	389	390	391	392	393	410	411	412	413	415	432	433	434	435	436	437	455	457	458	479	515	#
22	31.4501	357	#
23	699.215	124	125	126	127	146	147	148	149	150	170	319	516	#
24	845.978	131	298	319	320	321	341	342	363	364	384	385	516	#
25	734.098	124	125	126	147	148	169	377	378	398	399	400	516	#
26	715.203	124	143	144	145	146	166	167	257	258	259	281	516	#
27	671.236	102	124	145	146	166	167	168	169	188	189	190	516	#
28	634.179	124	125	126	127	146	147	148	149	169	170	171	516	#
29	179.497	193	214	236	237	517	#
30	193.548	161	183	214	237	517	#
31	192.561	214	236	237	260	517	#
32	171.014	193	194	214	237	517	#
33	163.339	212	235	236	257	517	#
34	1122.14	96	97	116	117	118	119	137	138	139	140	141	160	161	162	163	164	185	186	208	309	310	331	332	333	353	518	#
35	1672.68	90	111	112	113	116	134	135	136	137	138	156	157	158	159	160	161	179	180	181	182	183	201	204	225	226	518	#
36	1672.49	48	67	68	69	95	96	97	117	118	140	141	344	346	365	366	367	368	385	386	387	388	389	407	408	508	518	#
37	1553.88	71	92	93	94	116	137	138	157	158	159	160	179	180	181	182	201	202	203	222	223	224	225	226	244	245	518	#
38	1528.52	116	137	138	140	158	159	160	161	162	180	181	182	183	184	201	203	204	205	223	225	226	227	245	330	331	518	#
39	1495.25	97	98	99	118	119	120	121	138	140	141	142	143	160	161	162	163	164	165	182	183	184	185	186	187	205	518	#
40	1046.23	91	112	113	132	133	159	161	179	180	181	182	183	201	202	203	204	291	519	#
41	1181.41	115	137	138	159	180	181	182	204	226	227	228	248	249	250	251	270	271	519	#
42	1174.25	159	179	180	181	199	200	201	202	220	221	222	223	224	242	243	246	265	519	#
43	1150.92	179	180	182	183	201	202	203	204	205	222	223	226	227	228	249	250	270	519	#
44	1138.98	68	69	70	90	91	92	93	111	112	113	114	115	133	134	135	156	157	519	#
45	1097.13	48	67	68	69	70	90	91	378	400	401	402	422	423	444	445	467	468	519	#
46	158.486	87	127	128	149	520	#
47	184.149	106	127	128	149	520	#
48	109.297	148	149	170	192	520	#
49	1370.44	153	276	277	298	299	320	342	343	359	360	362	363	364	382	383	384	385	407	408	429	430	521	#
50	1622.16	70	91	113	114	115	136	158	315	330	337	338	352	353	358	359	360	361	375	381	382	383	521	#
51	1583.24	297	315	317	318	319	320	324	336	337	338	339	340	341	342	360	361	362	363	364	382	384	521	#
52	1530.59	9	10	154	155	298	320	341	342	363	364	384	385	387	407	408	409	429	450	451	472	473	521	#
53	1495.06	188	210	211	212	231	232	233	234	235	252	253	254	255	256	257	276	277	278	297	298	320	521	#
54	1475.78	106	107	129	276	297	298	317	319	320	339	340	341	342	363	364	370	385	386	387	407	506	521	#
55	204.571	477	478	#
56	1845.12	239	240	241	262	263	285	300	301	304	305	306	307	324	325	326	327	328	329	346	347	348	349	369	371	522	#
57	1910.12	105	219	221	239	240	241	243	261	262	263	271	282	285	293	294	304	306	307	314	315	316	338	339	386	522	#
58	1895.23	18	19	174	215	216	301	324	346	347	348	349	366	368	369	371	388	389	391	392	393	409	410	411	432	522	#
59	1836.55	324	325	347	348	349	352	369	370	371	374	375	391	392	393	394	395	396	397	414	415	416	417	462	463	522	#
60	1810.45	197	217	218	219	239	240	241	261	262	263	285	293	294	315	316	336	337	338	357	358	359	360	381	382	522	#
61	1803.07	7	8	9	10	29	30	49	50	52	71	72	194	195	216	217	218	239	240	241	261	262	283	304	305	522	#
62	59.9932	491	#
63	221.14	158	180	181	203	204	523	#
64	316.44	180	201	412	434	435	523	#
65	281.628	111	112	135	136	158	523	#
66	172.403	160	182	203	204	225	523	#
67	500.701	203	224	225	226	227	248	249	270	271	524	#
68	617.366	162	184	204	205	206	226	227	228	248	524	#
69	615.473	181	203	204	205	224	225	226	227	249	524	#
70	564.269	204	205	206	226	227	248	249	269	270	524	#
71	532.662	224	225	226	246	247	248	249	269	270	524	#
72	531.651	198	205	226	227	248	249	250	271	293	524	#
73	288.648	111	132	133	154	498	525	#
74	412.468	112	133	134	156	157	525	#
75	401.645	132	154	176	177	199	525	#
76	331.883	110	111	112	132	154	525	#
77	285.144	89	110	111	112	135	525	#
78	208.978	333	354	355	376	498	525	#
79	413.967	57	58	79	80	112	113	114	135	526	#
80	544.361	58	59	60	80	81	103	104	124	526	#
81	533.812	89	111	112	113	133	134	135	155	526	#
82	517.718	57	58	79	80	102	103	123	124	526	#
83	446.024	113	134	135	156	157	158	159	178	526	#
84	438.685	34	56	57	58	78	79	80	490	526	#
85	125.381	256	#
86	919.272	123	145	146	166	167	168	188	189	211	322	324	344	345	346	367	527	#
87	1060.32	279	300	301	302	322	323	324	325	344	345	346	367	368	369	391	527	#
88	1048.63	60	80	81	102	103	122	123	124	125	126	146	147	148	168	169	527	#
89	1006.08	234	255	256	257	277	278	297	298	299	300	320	321	322	344	345	527	#
90	997.215	299	300	301	320	321	322	323	324	343	344	345	346	367	368	389	527	#
91	989.511	260	299	300	301	302	322	323	324	344	345	346	367	368	388	389	527	#
92	561.227	406	426	428	448	449	450	451	470	471	472	528	#
93	836.803	188	383	404	405	426	427	428	449	450	471	528	#
94	770.11	105	106	405	427	428	429	448	449	450	451	528	#
95	745.06	383	404	405	426	448	449	450	470	471	472	528	#
96	705.336	426	427	428	447	448	449	450	470	471	492	528	#
97	668.579	381	403	426	427	429	448	449	450	451	470	528	#
98	135.593	272	294	295	316	529	#
99	174.984	295	296	297	322	529	#
100	1257.81	216	287	288	308	309	310	311	330	331	332	333	352	353	354	374	376	397	398	506	530	#
101	1408.04	190	193	194	212	214	215	216	217	235	236	237	238	239	257	258	259	261	262	280	530	#
102	1384.39	287	288	289	295	301	308	309	310	311	322	323	324	330	331	345	352	353	374	400	530	#
103	1372.91	28	50	72	261	282	283	310	311	333	334	352	353	354	355	356	376	377	398	400	530	#
104	1321.39	288	308	309	310	311	330	331	337	338	339	340	352	353	358	360	374	396	418	440	530	#
105	1254.57	99	100	118	119	120	141	308	330	352	353	354	374	375	376	396	397	418	419	441	530	#
106	79.6266	419	#
107	460.506	445	446	447	467	468	469	499	531	#
108	509.918	409	430	431	452	453	474	499	531	#
109	506.728	423	424	445	446	468	469	470	531	#
110	449.654	400	422	423	424	444	445	467	531	#
111	443.241	446	447	448	467	468	469	470	531	#
112	395.828	297	401	423	443	444	445	467	531	#
113	304.472	42	63	64	85	86	108	130	532	#
114	403.565	21	41	42	43	64	65	80	532	#
115	368.93	107	108	109	128	129	130	131	532	#
116	361.325	63	85	86	107	108	129	130	532	#
117	305.889	20	42	43	62	63	64	65	532	#
118	298.926	64	86	105	106	107	108	128	532	#
119	751.87	2	3	4	5	25	47	48	61	69	70	83	84	105	533	#
120	1053.2	3	4	5	6	27	189	211	233	255	256	275	276	277	533	#
121	902.696	2	3	4	5	6	25	26	27	48	49	69	358	380	533	#
122	899.242	2	3	4	25	46	47	66	67	68	125	147	148	149	533	#
123	887.244	2	3	4	5	6	24	25	26	27	45	47	48	69	533	#
124	881.995	25	46	47	48	66	67	68	69	70	71	72	90	91	533	#
125	37.2279	451	#
126	976.529	270	292	293	314	315	316	335	336	337	338	357	358	360	380	381	382	534	#
127	1346.9	228	249	250	271	292	293	294	314	315	316	338	360	361	367	459	481	534	#
128	1219.13	314	315	316	337	338	360	361	366	367	368	369	380	381	389	390	391	534	#
129	1168.51	189	211	233	254	255	295	316	317	338	339	360	361	362	382	384	385	534	#
130	1105.77	128	150	294	295	315	316	337	338	359	360	361	362	380	381	382	384	534	#
131	1050.54	151	172	204	205	226	227	248	249	250	251	270	271	292	465	466	467	534	#
132	242.639	138	160	161	183	535	#
133	139.695	116	138	160	182	535	#
134	123.612	159	160	180	182	535	#
135	80.8793	139	160	161	162	535	#
136	821.144	401	402	422	423	424	425	444	445	446	447	448	467	468	469	470	536	#
137	1083.13	356	378	399	400	401	402	423	424	425	445	446	447	467	468	469	536	#
138	1079.26	399	400	401	402	422	423	424	425	437	445	446	447	467	468	469	536	#
139	1068.98	298	319	320	400	422	423	424	443	444	445	446	461	467	468	483	536	#
140	1022.61	378	400	404	405	422	423	424	425	426	445	446	447	467	468	469	536	#
141	1012.94	402	423	424	425	445	446	447	448	449	465	466	467	468	469	470	536	#
142	515.894	10	13	32	33	34	35	54	55	537	#
143	697.155	9	10	30	31	32	33	34	55	537	#
144	688.682	7	9	10	29	30	31	32	33	537	#
145	624.15	8	9	10	31	32	33	34	55	537	#
146	545.288	30	52	53	54	55	395	417	439	537	#
147	524.519	33	34	35	57	79	257	279	302	537	#
148	616.961	188	189	210	211	234	255	256	277	287	538	#
149	707.669	165	166	167	187	188	189	210	232	254	538	#
150	705.889	124	146	165	166	167	168	188	189	210	538	#
151	641.408	188	210	211	232	233	234	338	359	360	538	#
152	623.873	167	168	189	210	211	232	233	254	255	538	#
153	559.769	36	37	38	256	275	276	277	299	300	538	#
154	187.926	70	71	485	539	#
155	202.306	127	149	485	539	#
156	110.543	69	70	71	539	#
157	105.31	70	91	92	539	#
158	1081.74	16	17	18	37	38	39	61	83	84	106	107	108	127	128	138	139	150	160	171	172	430	540	#
159	1457.54	16	17	18	36	37	38	39	40	57	58	59	60	61	80	81	82	102	103	104	261	283	540	#
160	1412.07	70	71	93	94	115	116	135	136	137	138	140	158	159	160	161	162	179	180	181	182	184	540	#
161	1406.85	115	116	137	138	139	140	141	158	159	160	161	162	163	164	180	181	184	185	186	208	254	540	#
162	1371.36	38	60	80	82	83	102	103	104	105	106	107	126	127	128	129	149	150	151	171	193	214	540	#
163	1365.03	16	17	18	19	37	38	39	40	41	59	60	61	80	81	83	84	146	167	168	365	387	540	#
164	199.195	475	476	541	#
165	224.005	474	475	541	#
166	193.152	364	384	385	407	542	#
167	253.754	364	365	387	388	542	#
168	216.443	364	385	407	408	542	#
169	190.542	340	341	362	384	542	#
170	127.25	191	212	213	234	255	#
171	360.398	350	351	409	410	431	453	543	#
172	403.964	408	430	431	452	453	474	543	#
173	364.311	408	429	430	431	452	453	543	#
174	345.319	327	328	329	350	351	373	543	#
175	343.089	366	388	389	410	411	425	543	#
176	321.286	7	29	407	408	409	410	543	#
177	275.728	445	446	467	468	503	544	#
178	365.304	446	467	468	469	470	544	#
179	342.298	423	445	446	467	468	544	#
180	282.889	423	424	446	468	469	544	#
181	275.31	423	445	446	447	468	544	#
182	141.205	260	282	283	381	503	544	#
183	438.075	6	7	26	27	28	545	#
184	420.535	5	6	219	241	263	545	#
185	366.04	6	7	8	29	30	545	#
186	331.103	5	26	27	28	50	545	#
187	297.907	3	4	5	25	26	545	#
188	291.523	27	28	48	49	50	545	#
189	270.383	288	309	310	331	546	#
190	284.922	146	331	353	354	546	#
191	248.684	266	288	310	311	546	#
192	206.802	309	310	311	331	546	#
193	198.235	288	289	311	312	546	#
194	85.2222	22	23	547	#
195	57.0617	22	44	547	#
196	250.626	121	122	123	548	#
197	243.293	99	121	143	548	#
198	229.788	122	123	144	548	#
199	216.535	100	122	144	548	#
200	11.8426	319	341	#
201	599.554	292	313	335	355	356	357	375	376	397	549	#
202	746.216	330	331	352	353	355	374	375	376	397	549	#
203	549.598	310	311	333	355	375	376	377	397	398	549	#
204	522.893	272	292	293	294	313	314	315	316	338	549	#
205	480.407	375	397	418	419	420	421	440	442	463	549	#
206	453.169	291	310	311	312	313	333	334	355	356	549	#
207	65.407	151	#
208	450.176	330	331	332	352	353	354	374	550	#
209	660.791	330	352	353	374	375	396	418	550	#
210	642.748	330	331	352	353	374	375	396	550	#
211	609.178	309	330	331	352	353	374	375	550	#
212	518.483	331	332	352	353	374	396	418	550	#
213	458.175	330	331	332	352	353	354	375	550	#
214	95.976	71	#
215	49.6301	299	#
216	187.843	279	301	323	551	#
217	205.074	322	323	345	551	#
218	174.748	279	301	324	551	#
219	98.3488	258	279	280	551	#
220	93.4254	25	#
221	381.316	93	94	95	96	97	118	552	#
222	517.526	91	92	93	94	113	114	552	#
223	483.144	94	95	96	118	140	141	552	#
224	429.084	93	94	95	96	116	138	552	#
225	416.04	71	72	92	93	94	95	552	#
226	410.456	94	95	96	116	117	118	552	#
227	854.981	220	242	243	244	264	265	266	286	287	288	289	290	310	553	#
228	1133.3	201	202	221	222	223	244	245	246	266	267	268	288	289	553	#
229	1069.7	200	201	202	223	245	246	266	267	287	288	289	310	391	553	#
230	1046.24	118	266	267	286	287	288	289	290	291	310	311	312	313	553	#
231	1018.7	86	108	244	245	266	267	268	286	287	288	289	310	311	553	#
232	1001.91	200	222	223	245	266	267	268	288	289	290	310	311	312	553	#
233	1241.53	57	357	369	390	391	409	412	413	429	431	432	433	434	451	452	453	454	455	456	473	474	475	554	#
234	1563.32	122	221	243	328	329	348	349	351	369	370	379	390	391	401	402	403	413	414	423	436	437	458	554	#
235	1513.15	12	35	36	56	57	58	79	80	124	125	151	173	174	177	179	195	199	201	221	222	223	224	554	#
236	1470.5	253	331	332	352	353	354	375	376	397	398	419	432	433	434	435	441	454	455	456	474	475	476	554	#
237	1380.8	34	35	36	56	77	78	100	344	345	365	367	387	388	389	408	409	410	411	431	432	433	434	554	#
238	1374.13	244	266	310	331	332	352	353	354	367	375	376	388	389	397	410	411	412	432	433	434	454	455	554	#
239	549.598	326	327	347	348	349	370	371	555	#
240	701.889	325	347	348	349	370	371	393	555	#
241	528.97	327	348	349	370	371	372	393	555	#
242	511.822	39	40	326	327	349	370	371	555	#
243	506.472	304	325	326	348	349	370	371	555	#
244	488.629	325	327	328	347	348	349	370	555	#
245	132.786	338	339	#
246	768.002	194	196	197	217	218	219	239	240	241	263	556	#
247	964.306	217	218	219	239	240	241	262	263	283	284	556	#
248	876.543	174	175	196	217	218	219	239	241	262	263	556	#
249	869.82	196	217	218	219	239	240	241	262	263	284	556	#
250	851.021	195	196	217	218	219	239	240	241	262	284	556	#
251	849.392	193	194	195	196	217	218	239	240	241	262	556	#
252	62.0843	310	332	557	#
253	24.234	332	333	557	#
254	90.3986	47	48	49	558	#
255	111.748	48	69	70	558	#
256	68.3121	26	48	49	558	#
257	289.928	63	85	86	107	559	#
258	331.345	63	84	85	107	559	#
259	300.039	63	64	352	353	559	#
260	300.01	64	86	107	279	559	#
261	274.362	105	106	107	129	559	#
262	82.0595	493	#
263	91.5582	52	#
264	659.432	96	97	117	118	119	139	140	161	162	423	444	445	446	560	#
265	869.401	420	421	422	423	425	443	444	445	446	463	464	465	467	560	#
266	786.561	338	360	361	381	403	425	444	446	447	448	467	468	469	560	#
267	772.416	52	53	74	75	95	96	117	118	119	138	139	140	141	560	#
268	752.151	210	232	421	422	423	443	444	445	446	467	468	469	470	560	#
269	733.863	73	74	75	96	97	98	117	118	119	120	121	139	140	560	#
270	970.284	346	348	368	369	370	389	390	391	392	400	401	411	413	489	561	#
271	1172.4	239	240	241	261	262	348	349	369	370	391	423	444	445	467	561	#
272	1018.58	324	346	348	368	369	370	389	390	391	412	413	436	457	458	561	#
273	1017.35	279	299	300	301	302	323	324	344	345	346	366	368	369	389	561	#
274	1006.93	131	348	369	370	391	392	411	412	413	436	458	480	481	482	561	#
275	998.985	279	300	302	303	323	324	345	346	368	369	370	371	389	391	561	#
276	490.446	293	294	295	315	316	317	338	562	#
277	541.267	294	295	316	317	338	339	360	562	#
278	521.894	293	294	314	315	316	423	445	562	#
279	437.32	292	293	316	317	338	467	468	562	#
280	430.283	272	292	293	294	316	317	338	562	#
281	421.816	293	295	316	317	339	340	362	562	#
282	164.92	407	429	563	#
283	137.282	408	429	563	#
284	137.585	365	387	564	#
285	152.524	387	388	564	#
286	122.726	365	366	564	#
287	786.109	112	135	136	155	156	157	158	177	178	179	200	201	442	565	#
288	1035.05	110	111	112	132	133	156	157	158	178	179	200	201	223	565	#
289	1016.03	156	178	179	201	202	203	224	225	245	246	383	384	405	565	#
290	999.174	90	91	92	111	112	113	135	136	156	157	158	178	179	565	#
291	949.023	45	158	178	179	180	201	202	203	204	223	224	225	360	565	#
292	893.04	69	90	91	111	112	113	134	135	136	156	158	391	392	565	#
293	302.518	118	140	141	162	163	566	#
294	325.544	118	140	162	183	184	566	#
295	266.462	140	141	163	184	185	566	#
296	246.178	118	139	140	141	161	566	#
297	224.217	139	140	141	162	163	566	#
298	206.073	96	97	118	140	468	566	#
299	101.422	450	451	473	567	#
300	132.277	285	307	451	567	#
301	712.627	39	40	61	83	85	86	106	107	127	128	149	150	171	568	#
302	834.235	151	152	171	172	173	174	192	193	194	195	196	217	218	568	#
303	790.376	39	62	63	83	84	85	106	107	128	129	219	240	241	568	#
304	782.731	64	65	83	84	85	86	87	106	107	108	128	129	150	568	#
305	759.835	12	34	35	36	37	38	39	40	59	60	62	82	84	568	#
306	724.491	82	83	85	86	104	106	107	108	127	128	150	151	172	568	#
307	484.722	185	186	187	188	209	210	211	231	234	569	#
308	504.273	8	29	30	31	52	53	75	163	185	569	#
309	497.729	168	188	189	190	211	212	234	235	256	569	#
310	491.484	165	187	188	190	209	210	211	231	253	569	#
311	483.917	187	209	210	211	212	213	232	234	256	569	#
312	458.253	18	164	165	185	186	187	206	207	209	569	#
313	2042.71	61	62	63	83	84	85	86	105	106	107	108	129	279	282	301	302	304	321	322	323	324	326	343	344	345	346	347	348	366	367	368	369	388	389	391	410	570	#
314	2665.01	152	214	236	239	257	262	263	279	280	284	285	301	302	303	305	306	307	323	324	328	329	344	345	346	347	348	350	351	368	369	372	373	390	391	392	395	570	#
315	2616.46	235	257	279	301	302	304	323	324	326	327	328	329	344	345	346	347	348	349	350	351	365	366	367	368	369	370	371	372	373	388	389	392	393	394	395	416	570	#
316	2527.75	7	28	29	30	49	50	71	257	279	300	301	302	322	323	324	344	345	346	347	365	367	368	387	388	389	408	409	410	411	431	433	434	438	439	459	460	570	#
317	2497.81	197	219	240	241	262	263	279	280	300	301	302	303	304	305	321	322	323	324	325	326	327	344	345	346	347	361	362	365	366	367	368	369	370	386	388	389	570	#
318	2387.01	90	257	279	280	282	283	284	301	302	303	304	305	306	307	325	326	327	328	329	330	346	347	348	349	350	368	369	370	389	391	428	450	451	452	473	474	570	#
319	55.4695	416	438	571	#
320	69.6413	438	460	571	#
321	225.151	347	368	369	572	#
322	242.032	367	368	369	572	#
323	208.222	347	369	390	572	#
324	203.334	347	369	391	572	#
325	726.232	402	403	404	405	425	426	427	446	447	448	468	469	470	573	#
326	1050.31	144	363	364	382	383	385	405	407	408	427	428	429	450	573	#
327	898.576	240	262	283	284	306	381	403	404	405	406	427	428	450	573	#
328	835.332	316	338	359	360	378	379	380	381	401	402	403	423	425	573	#
329	823.39	308	330	403	425	447	448	454	469	470	475	476	477	478	573	#
330	802.837	386	407	408	409	425	429	430	431	446	447	452	468	469	573	#
331	231.033	203	204	224	246	574	#
332	280.446	224	225	245	246	574	#
333	138.516	203	204	224	226	574	#
334	1422.86	1	2	3	4	5	6	23	24	26	27	44	45	46	47	48	49	50	66	67	69	70	72	73	415	416	417	440	462	575	#
335	1902.31	324	327	346	348	349	368	369	370	371	388	389	390	391	392	393	394	395	413	414	415	416	417	435	439	457	461	482	483	575	#
336	1901.3	14	15	16	17	23	37	38	39	40	41	45	57	58	59	60	62	78	81	82	100	101	102	103	104	124	125	147	223	575	#
337	1738.45	326	327	328	329	348	349	350	351	369	370	371	372	373	391	392	393	394	395	416	417	438	439	459	461	481	482	483	502	575	#
338	1736.64	47	48	49	50	51	52	69	70	71	72	73	74	75	91	92	93	94	95	113	115	133	134	135	137	138	139	156	157	575	#
339	1674.32	50	72	73	93	94	95	327	349	371	372	373	392	393	394	395	400	414	415	416	420	421	422	436	441	442	443	444	464	575	#
340	264.334	337	338	361	576	#
341	276.062	316	338	361	576	#
342	231.557	315	316	338	576	#
343	66.3869	337	357	358	576	#
344	551.017	360	362	382	383	384	405	406	428	450	577	#
345	661.353	340	362	383	384	385	404	405	406	427	577	#
346	654.543	362	382	383	384	403	404	405	426	427	577	#
347	633.607	362	383	384	402	403	404	405	406	426	577	#
348	611.012	383	384	403	404	405	406	425	428	450	577	#
349	589.307	362	383	384	385	404	405	406	407	428	577	#
350	1167.82	8	9	10	12	29	30	31	32	33	34	52	53	54	74	75	76	77	96	97	98	578	#
351	1541.36	29	31	49	50	51	52	53	54	55	71	73	74	76	77	92	93	94	95	96	165	578	#
352	1369.73	29	31	32	49	50	51	52	53	54	74	75	76	77	94	95	96	98	99	100	278	578	#
353	1364.66	31	52	53	54	74	75	76	77	96	98	99	293	294	314	315	316	317	336	357	358	578	#
354	1311.09	7	8	29	31	50	51	52	53	54	74	96	97	202	203	204	224	225	245	246	247	578	#
355	1286.97	10	28	29	30	31	32	33	34	35	50	51	52	53	54	73	74	96	211	233	234	578	#
356	667.9	29	52	71	92	93	115	116	137	159	579	#
357	781.347	28	49	50	51	71	73	74	93	115	579	#
358	707.237	9	31	52	53	74	75	115	137	159	579	#
359	634.048	63	70	71	92	93	114	115	116	137	579	#
360	599.463	48	70	71	91	92	93	113	114	115	579	#
361	590.841	71	93	94	114	115	116	137	159	180	579	#
362	33.3176	329	351	#
363	793.942	145	166	167	168	189	190	211	212	235	325	347	580	#
364	787.245	143	144	145	146	166	167	168	169	189	211	477	580	#
365	674.426	44	66	67	88	301	324	325	326	347	430	487	580	#
366	671.704	279	280	300	301	302	324	325	326	327	347	348	580	#
367	668.068	143	165	166	167	188	189	210	211	232	233	492	580	#
368	663.4	123	144	145	146	167	168	189	190	210	211	212	580	#
369	239.774	54	76	98	581	#
370	208.293	53	54	55	581	#
371	606.498	337	338	359	360	361	362	382	582	#
372	608.696	338	339	360	361	362	382	384	582	#
373	607.733	76	334	337	338	357	358	359	582	#
374	573.158	337	338	339	340	361	362	384	582	#
375	569.815	316	338	359	360	361	362	382	582	#
376	515.649	318	319	340	341	361	362	384	582	#
377	835.077	15	16	38	58	59	60	80	81	204	285	583	#
378	756.298	14	15	16	35	36	37	38	58	59	60	583	#
379	702.338	58	59	74	75	76	80	81	96	183	184	583	#
380	687.766	15	16	35	36	37	38	58	59	60	81	583	#
381	684.527	14	15	36	37	58	59	60	80	81	87	583	#
382	678.108	36	37	38	58	59	60	79	80	81	227	583	#
383	277.276	146	168	169	170	190	211	584	#
384	374.555	188	189	211	233	234	235	584	#
385	279.881	145	146	168	169	189	190	584	#
386	244.005	145	146	167	168	169	189	584	#
387	229.073	145	167	168	169	189	190	584	#
388	196.333	147	148	168	169	170	297	584	#
389	63.4539	496	#
390	400.24	299	321	341	342	343	585	#
391	344.49	340	341	342	343	364	585	#
392	332.596	297	298	299	320	321	585	#
393	325.065	293	315	318	340	341	585	#
394	302.948	256	278	279	298	299	585	#
395	407.263	446	447	448	468	469	470	471	586	#
396	411.074	403	424	425	446	447	468	469	586	#
397	386.267	6	424	445	446	447	468	469	586	#
398	369.929	422	444	445	446	466	467	468	586	#
399	367.445	403	425	447	448	467	468	469	586	#
400	367.118	170	447	448	449	470	471	472	586	#
401	290.604	158	180	359	360	381	403	404	426	587	#
402	404.16	338	360	361	381	382	403	404	426	587	#
403	384.658	336	337	338	358	359	360	361	381	587	#
404	353.981	358	359	381	403	404	426	448	449	587	#
405	236.086	234	404	405	425	426	447	448	469	587	#
406	189.059	272	296	297	318	319	588	#
407	223.552	296	297	319	332	341	588	#
408	221.535	317	318	319	341	363	588	#
409	220.342	275	297	298	319	341	588	#
410	215.925	228	250	272	293	294	588	#
411	597.508	281	288	289	290	291	292	293	313	314	589	#
412	838.681	290	291	292	298	313	369	391	392	413	589	#
413	746.984	202	203	224	246	288	289	290	291	311	589	#
414	680.936	289	290	291	292	311	312	313	314	333	589	#
415	669.23	266	288	289	290	311	312	313	333	335	589	#
416	622.001	209	231	232	270	292	293	313	314	316	589	#
417	129.336	502	#
418	1236.43	16	17	18	19	20	21	37	39	40	42	43	61	62	63	64	85	86	87	108	109	131	590	#
419	1542.94	14	15	16	17	18	19	37	38	39	40	58	59	79	80	81	100	101	102	103	125	147	590	#
420	1529.88	15	16	17	18	19	37	38	39	40	41	59	61	83	89	105	111	132	133	134	154	155	590	#
421	1428.55	15	16	17	18	19	20	21	37	38	39	40	41	42	43	61	64	65	87	92	108	109	590	#
422	1411.61	15	16	17	18	19	20	35	36	37	38	39	40	58	61	62	63	80	86	87	101	102	590	#
423	1380.16	15	16	17	18	19	20	21	37	38	39	40	41	42	43	58	59	60	61	62	80	291	590	#
424	855.352	234	256	382	383	384	385	405	406	427	428	429	430	448	449	591	#
425	1108.63	111	112	133	134	156	177	178	190	211	233	234	255	256	326	591	#
426	1023.93	314	315	336	337	338	358	359	360	361	380	381	382	427	449	591	#
427	987.825	360	364	382	383	384	385	404	405	406	407	427	428	429	449	591	#
428	984.353	121	142	143	165	338	340	341	360	361	362	363	364	384	385	591	#
429	923.676	361	362	383	384	386	387	406	407	408	428	429	430	451	473	591	#
430	1179.32	121	142	143	144	145	146	164	165	166	167	168	169	170	188	189	192	210	211	358	592	#
431	1351.12	53	54	55	56	57	76	77	78	79	80	98	99	100	101	102	119	120	121	143	592	#
432	1339.93	292	294	313	314	315	316	335	336	337	338	339	358	359	360	361	378	379	380	401	592	#
433	1315.72	162	164	184	186	189	206	207	208	209	210	211	229	230	231	232	233	234	251	254	592	#
434	1265.97	10	76	77	78	99	119	120	121	122	141	142	143	144	164	165	166	185	186	188	592	#
435	1204.2	13	14	15	35	36	37	38	56	57	58	59	60	78	79	80	81	101	142	164	592	#
436	143.516	377	399	593	#
437	164.302	377	400	593	#
438	1432.07	0	1	2	16	37	38	39	40	61	331	352	353	374	375	376	397	416	438	594	#
439	1420.61	326	347	348	349	351	369	370	371	373	391	393	394	395	415	416	417	438	460	594	#
440	1364.98	0	1	2	24	25	47	77	79	80	98	99	100	121	122	142	143	165	206	594	#
441	1292.25	13	16	17	31	34	35	36	37	38	39	53	54	55	60	62	63	64	500	594	#
442	1282.15	291	313	330	331	352	353	354	374	375	376	396	397	398	418	419	440	462	463	594	#
443	1280.28	369	370	371	390	393	394	395	414	415	416	417	435	436	438	458	459	460	482	594	#
444	1580.19	29	52	53	75	76	240	278	279	280	281	301	302	303	304	320	321	322	323	324	343	345	365	367	595	#
445	1682.18	8	29	30	31	32	50	51	52	53	74	75	76	77	78	96	97	98	99	100	120	122	132	510	595	#
446	1671.6	0	1	2	195	196	197	217	218	219	239	240	241	261	262	282	283	303	304	305	325	326	327	349	595	#
447	1615.85	29	50	69	70	71	72	90	91	92	112	114	115	261	262	282	283	303	304	305	325	326	347	348	595	#
448	1612.74	265	266	279	295	301	302	316	322	323	324	325	345	346	347	348	369	370	383	384	385	406	407	489	595	#
449	1585.24	8	9	12	31	32	33	34	35	52	53	72	73	74	75	76	77	96	97	98	393	394	411	412	595	#
450	63.2011	217	#
451	255.77	79	99	100	101	122	596	#
452	362.432	77	78	79	80	101	596	#
453	292.898	78	98	99	121	122	596	#
454	282.326	79	80	81	82	101	596	#
455	234.6	78	79	100	101	122	596	#
456	729.368	99	266	267	269	289	290	291	311	333	334	597	#
457	808.225	224	246	247	267	268	269	289	290	291	313	597	#
458	768.748	266	267	268	269	270	288	289	311	333	334	597	#
459	757.683	124	202	224	225	246	247	269	290	291	313	597	#
460	732.234	130	131	142	266	267	288	289	290	310	311	597	#
461	724.365	245	265	266	267	268	269	289	290	311	333	597	#
462	980.286	44	66	88	110	111	112	132	133	134	155	156	598	#
463	1103.86	88	110	111	112	113	132	133	134	154	155	176	598	#
464	1029.22	88	110	111	112	113	132	133	134	135	154	155	598	#
465	969.825	90	110	111	112	113	132	133	134	135	154	155	598	#
466	966.223	103	113	123	124	125	133	134	135	155	156	157	598	#
467	930.061	90	92	93	111	112	113	114	133	134	135	155	598	#
468	2757.2	61	62	83	84	106	282	283	284	285	307	325	326	327	328	329	345	346	347	348	349	350	351	367	368	369	370	371	372	373	390	392	393	394	395	415	416	417	438	439	460	599	#
469	3302.18	152	153	174	175	324	325	326	327	329	345	346	347	348	349	350	351	365	366	367	368	369	370	371	372	373	387	388	389	390	392	393	394	395	400	409	410	411	412	415	417	599	#
470	3292.86	150	151	152	153	172	173	174	175	195	217	218	219	301	303	323	325	326	327	344	345	346	347	348	349	367	368	369	370	371	388	389	390	392	393	394	410	412	413	436	437	599	#
471	3233.16	76	98	195	225	279	280	281	301	302	303	322	323	324	325	326	344	345	346	347	348	349	364	365	366	367	368	369	370	385	386	387	388	389	390	408	409	410	411	431	453	599	#
472	3196.74	198	199	221	243	303	323	324	325	326	327	345	346	347	348	349	350	351	366	367	368	369	370	371	372	373	387	388	389	390	392	393	394	395	411	414	415	416	417	438	439	599	#
473	3120.76	176	177	196	218	219	279	280	300	301	302	303	304	322	323	324	325	326	327	344	345	346	347	348	349	365	366	367	368	369	370	371	388	389	390	393	409	410	411	412	431	599	#
474	2443.39	12	13	14	15	16	33	34	35	36	37	38	39	53	54	55	57	58	59	60	65	76	77	78	79	98	99	100	101	188	189	190	210	211	232	233	234	254	255	600	#
475	3000.11	40	41	42	119	120	122	123	124	140	141	144	145	146	167	168	189	190	195	210	211	212	218	232	233	234	239	240	254	255	256	261	262	263	277	278	285	299	300	600	#
476	2745.09	120	121	122	123	124	142	143	144	145	146	151	168	187	189	190	191	210	211	212	213	232	233	234	235	236	254	255	256	257	258	276	277	278	279	299	300	301	323	600	#
477	2719.16	8	9	10	11	12	13	14	15	30	31	32	33	34	35	36	37	38	39	40	41	57	58	60	61	79	80	83	101	102	105	106	107	352	353	374	375	376	396	600	#
478	2716.03	6	7	8	9	10	12	13	14	29	30	31	32	33	34	35	36	50	53	54	55	72	73	75	76	77	78	79	95	99	100	101	102	120	121	122	123	124	142	600	#
479	2685.84	75	76	77	78	79	80	98	99	100	101	102	119	120	121	122	123	124	141	142	143	144	145	146	165	168	189	190	211	212	233	234	244	266	267	288	289	290	312	600	#
480	123.645	180	181	601	#
481	113.566	181	182	601	#
482	224.349	378	400	602	#
483	204.702	377	400	602	#
484	540.593	362	384	406	407	408	428	429	603	#
485	593.188	237	255	256	259	277	281	362	603	#
486	588.669	406	407	408	409	429	430	431	603	#
487	526.86	383	384	406	408	428	429	430	603	#
488	513.967	408	409	427	428	429	430	451	603	#
489	453.038	408	428	429	430	431	451	473	603	#
490	87.379	508	#
491	273.76	70	91	113	135	136	604	#
492	375.027	91	113	135	136	417	604	#
493	325.807	112	113	134	135	136	604	#
494	297.386	113	114	134	135	136	604	#
495	265.658	69	70	90	91	488	604	#
496	219.324	27	48	49	50	70	604	#
497	200.864	111	112	605	#
498	247.168	110	111	605	#
499	58.6152	494	#
500	106.966	321	322	606	#
501	144.255	299	321	606	#
502	2457.23	88	89	110	111	112	113	132	133	134	154	155	235	236	256	257	258	278	279	280	281	331	333	336	337	353	355	374	375	376	377	396	397	398	399	400	401	418	607	#
503	2559.94	68	69	90	91	92	110	111	112	113	132	133	134	135	154	155	156	157	158	159	177	178	180	181	199	200	201	202	203	220	221	222	223	224	243	245	246	267	607	#
504	2548.36	48	67	68	69	70	71	88	91	92	99	110	111	112	113	114	115	132	133	134	155	374	387	388	396	397	407	408	409	418	419	420	429	430	431	432	442	451	607	#
505	2462.82	2	3	13	24	45	46	67	68	88	89	90	110	111	112	113	114	115	132	133	134	135	136	137	154	155	156	157	159	178	179	180	181	202	223	224	245	246	607	#
506	2453.34	211	321	322	331	342	343	344	345	346	351	352	353	364	365	366	367	368	372	373	374	375	376	385	386	387	388	389	396	397	409	410	418	431	440	441	463	485	607	#
507	2425.98	8	29	30	48	49	52	70	71	76	83	92	112	113	114	115	134	135	136	137	157	158	159	179	180	181	201	243	245	264	265	266	267	269	288	289	290	312	607	#
508	593.379	171	193	214	215	236	237	238	258	259	260	281	282	608	#
509	859.966	215	235	236	237	258	259	260	281	373	395	417	439	608	#
510	848.465	214	215	236	237	240	241	259	260	262	263	280	281	608	#
511	835.278	214	215	216	217	237	238	239	258	259	260	280	281	608	#
512	759.608	138	214	215	235	236	237	257	258	259	260	282	326	608	#
513	731.288	214	215	216	217	236	237	238	259	260	318	319	461	608	#
514	1154.69	330	331	352	353	374	375	376	396	397	398	419	420	421	441	442	443	444	465	609	#
515	1420.81	291	292	312	313	314	315	330	331	334	352	353	374	375	396	397	407	429	506	609	#
516	1397.39	81	82	83	104	105	106	107	129	352	353	374	375	396	397	419	420	421	441	609	#
517	1373.54	230	231	253	275	276	277	298	299	300	308	330	331	352	353	374	375	397	419	609	#
518	1359.93	308	330	331	332	352	353	368	369	370	374	375	387	388	389	390	397	411	419	609	#
519	1285.23	308	330	331	352	353	354	355	374	375	376	377	397	398	399	418	419	420	441	609	#
520	464.119	56	57	78	79	97	98	99	121	291	610	#
521	570.556	19	76	97	98	118	119	337	359	360	610	#
522	564.998	12	13	14	36	56	57	77	78	79	610	#
523	540.397	12	34	35	56	57	77	78	98	99	610	#
524	538.268	12	35	56	57	58	77	78	79	99	610	#
525	536.985	269	270	288	289	290	291	311	312	313	610	#
526	1178.64	359	360	380	381	385	403	405	406	407	408	409	425	426	427	428	429	447	448	449	611	#
527	1375.93	137	159	180	181	202	203	336	337	338	359	360	361	380	381	382	403	425	447	469	611	#
528	1358.44	217	336	337	338	358	359	360	380	381	382	383	401	402	403	424	432	454	455	477	611	#
529	1352.88	308	380	399	401	402	403	421	423	424	425	443	444	445	446	447	466	468	469	470	611	#
530	1345.62	198	199	336	337	338	359	360	378	379	380	381	382	401	402	403	404	422	423	424	611	#
531	1335.75	315	316	337	359	360	381	401	402	403	404	424	425	426	427	446	447	468	469	470	611	#
532	1014	19	20	40	41	42	43	65	96	97	98	117	118	119	141	612	#
533	1007.69	73	74	75	76	96	97	98	117	118	119	121	140	141	163	612	#
534	921.302	15	16	17	18	38	39	40	41	61	62	83	419	441	442	612	#
535	918.251	96	97	98	117	118	119	140	141	274	275	276	277	296	299	612	#
536	899.606	14	16	17	36	37	38	39	57	58	59	65	86	87	109	612	#
537	892.625	51	52	73	74	75	96	97	117	118	119	138	139	140	141	612	#
538	1008.43	144	166	245	246	247	249	269	270	289	290	291	311	312	313	422	498	613	#
539	1170.27	203	204	225	247	249	250	269	270	271	289	290	291	292	313	385	386	613	#
540	1150.37	248	249	269	270	290	291	292	312	313	314	334	335	356	435	457	458	613	#
541	1121.52	203	225	227	228	247	248	249	268	269	270	271	291	292	313	314	315	613	#
542	1108.67	248	249	269	270	271	291	292	313	314	315	334	335	356	357	378	379	613	#
543	1052.28	144	145	146	165	166	167	168	188	189	190	210	211	212	213	235	236	613	#
544	502.817	384	385	386	387	406	407	409	431	453	614	#
545	714.809	321	342	343	344	364	365	366	386	387	614	#
546	654.745	82	433	452	453	454	455	475	476	477	614	#
547	644.52	364	365	384	385	386	407	408	429	430	614	#
548	638.414	161	177	183	364	384	385	386	407	429	614	#
549	580.862	143	144	363	364	384	385	386	408	409	614	#
550	1030.42	231	232	233	234	251	252	253	254	255	274	275	276	277	296	297	298	299	318	340	615	#
551	1254.82	142	143	165	225	245	246	247	277	298	299	320	321	322	342	343	344	363	364	365	615	#
552	1246.74	56	76	77	78	79	80	81	102	103	124	212	234	255	256	276	277	298	299	504	615	#
553	1237.82	143	144	145	165	166	167	168	186	187	188	189	208	210	232	233	234	254	255	256	615	#
554	1237.5	125	126	188	189	190	210	212	232	233	234	253	254	255	277	278	279	298	299	302	615	#
555	1209.63	117	232	233	252	253	254	273	274	295	296	299	317	318	319	320	321	339	340	342	615	#
556	72.3363	501	#
557	920.112	14	15	16	17	35	36	37	38	39	59	60	81	82	616	#
558	991.14	15	16	17	37	38	39	40	41	59	60	81	82	110	616	#
559	961.546	13	14	15	16	17	35	36	37	38	39	216	217	239	616	#
560	913.9	15	16	17	18	36	37	38	39	40	41	59	81	82	616	#
561	906.27	15	16	17	18	36	37	38	39	60	81	82	103	125	616	#
562	895.776	37	38	59	60	81	82	411	412	433	452	453	454	455	616	#
563	109.73	337	359	617	#
564	92.6086	337	358	617	#
565	243.656	160	161	162	183	618	#
566	358.601	161	183	184	205	618	#
567	251.652	141	161	162	163	618	#
568	191.857	161	162	163	185	618	#
569	120.065	159	160	179	180	618	#
570	214.249	313	335	357	358	619	#
571	281.623	336	337	358	380	619	#
572	250.529	291	292	312	313	619	#
573	240.114	335	357	358	380	619	#
574	192.649	313	335	336	357	619	#
575	1305.4	220	295	316	317	337	338	356	357	358	359	360	361	378	380	381	398	399	400	401	402	403	419	420	620	#
576	1707.34	261	282	283	321	322	337	338	344	345	346	358	359	360	366	367	380	381	382	383	401	402	403	424	620	#
577	1510.05	116	128	129	165	229	230	250	251	270	291	292	295	313	314	315	316	337	338	358	359	360	361	381	620	#
578	1469.43	24	25	26	46	47	48	337	338	359	360	361	380	381	382	401	402	403	404	424	425	480	481	482	620	#
579	1443.96	12	33	34	35	358	376	380	381	397	398	399	400	401	402	403	418	419	420	421	442	443	464	465	620	#
580	1430.56	274	295	296	314	315	316	317	318	319	334	337	338	357	358	359	360	378	379	380	381	400	401	402	620	#
581	217.219	312	313	333	334	621	#
582	270.922	291	292	312	313	621	#
583	252.654	290	312	313	334	621	#
584	246.693	333	334	356	378	621	#
585	180.845	311	332	333	334	621	#
586	230.578	305	327	349	622	#
587	307.212	283	305	306	622	#
588	166.965	327	349	371	622	#
589	132.741	405	406	623	#
590	83.4853	406	428	623	#
591	31.2099	379	#
592	1362.42	328	329	351	371	373	393	394	395	413	414	415	416	417	435	436	437	438	439	458	459	460	461	481	482	483	624	#
593	1758.23	20	42	64	111	112	113	134	135	329	350	351	371	373	393	394	395	416	417	437	438	439	459	460	461	481	624	#
594	1695.24	38	59	60	79	80	81	101	102	103	104	105	106	124	125	126	127	128	147	148	149	394	395	416	417	439	624	#
595	1694.82	301	302	321	322	323	324	343	344	345	346	365	366	367	387	388	436	437	456	457	458	459	460	478	481	482	624	#
596	1648.82	105	106	125	126	127	128	129	130	131	150	151	152	153	173	174	175	196	437	438	458	459	460	481	482	483	624	#
597	1648.43	103	122	123	124	125	144	302	324	344	345	346	347	348	349	359	366	369	370	371	393	394	395	416	438	439	624	#
598	118.46	417	#
599	3131.56	185	186	187	206	341	342	343	345	346	363	364	365	366	367	368	383	384	385	386	387	388	389	403	404	405	406	407	408	409	410	411	427	428	429	430	431	432	434	449	450	451	452	453	454	455	456	457	472	474	475	478	479	625	#
600	3636.82	1	2	3	4	5	6	7	8	25	26	28	46	47	48	320	321	324	325	326	342	343	344	345	346	347	350	351	361	362	364	365	366	367	368	371	372	373	383	384	385	386	387	388	389	393	394	395	407	408	409	416	438	625	#
601	3475.29	117	118	260	276	279	282	296	297	298	299	300	301	302	303	304	321	323	324	325	326	327	341	342	343	345	346	347	348	349	362	363	364	365	366	367	368	369	370	371	384	385	386	387	388	389	390	391	409	422	423	444	495	625	#
602	3386.95	19	20	21	39	40	41	42	43	229	297	319	321	323	341	342	343	344	345	363	364	365	366	367	368	373	385	386	387	388	389	390	391	393	394	395	408	409	410	411	412	413	414	415	416	429	434	435	436	455	456	457	478	625	#
603	3359.87	19	20	21	41	42	43	64	65	85	86	87	107	108	109	131	279	280	299	300	301	302	317	321	324	325	339	340	341	342	343	344	345	346	347	362	363	364	365	366	367	368	382	383	384	385	386	388	389	405	408	427	429	625	#
604	3351.48	227	228	250	252	253	254	299	319	321	323	339	341	342	343	345	360	362	363	364	365	366	367	368	382	383	384	385	386	387	388	389	404	405	406	408	409	410	427	428	429	430	432	448	449	450	451	452	453	454	472	473	474	625	#
605	298.464	233	255	277	278	299	626	#
606	361.358	255	256	277	299	321	626	#
607	350.555	297	298	299	320	342	626	#
608	331.753	255	256	277	278	299	626	#
609	312.055	233	234	255	256	277	626	#
610	281.853	211	231	232	233	255	626	#
611	15.2037	83	84	106	627	#
612	12.1411	61	83	84	627	#
613	219.951	289	310	311	628	#
614	243.904	269	289	290	628	#
615	194.059	311	312	334	628	#
616	159.442	310	311	312	628	#
617	521.57	402	403	425	426	447	469	470	629	#
618	518.014	402	403	404	425	447	469	470	629	#
619	504.642	403	425	426	447	448	449	470	629	#
620	493.753	378	425	447	448	449	469	470	629	#
621	459.571	224	402	403	404	405	425	447	629	#
622	439.323	403	425	426	447	448	469	470	629	#
623	697.232	214	215	216	236	237	256	257	258	260	278	279	280	281	630	#
624	984.428	215	216	237	238	259	260	293	294	295	314	315	316	338	630	#
625	948.207	256	278	279	299	300	301	302	324	325	326	346	347	415	630	#
626	873.936	232	233	234	235	254	255	256	257	277	278	279	299	321	630	#
627	785.626	254	255	256	257	258	259	260	278	279	280	302	303	324	630	#
628	739.163	237	258	259	260	279	280	281	302	303	324	325	347	398	630	#
629	1041.1	225	227	247	249	269	270	271	288	289	290	291	293	310	311	312	313	332	333	631	#
630	1373.88	111	112	133	155	203	205	225	226	227	249	250	270	271	293	314	315	337	338	631	#
631	1172.05	182	204	225	226	248	249	250	267	268	269	270	271	272	288	289	290	291	293	631	#
632	1164.18	269	270	271	290	291	312	313	332	333	334	335	336	337	354	356	357	358	380	631	#
633	1129.78	14	15	36	245	246	247	267	288	289	290	291	292	293	311	312	334	335	356	631	#
634	1123.71	267	268	269	288	289	290	291	312	332	333	334	335	353	354	355	357	358	374	631	#
635	310.812	129	214	215	216	237	249	632	#
636	427.348	173	194	195	216	217	218	632	#
637	396.056	85	107	127	128	129	150	632	#
638	352.808	214	237	259	260	280	281	632	#
639	306.369	204	226	248	249	270	271	632	#
640	279.525	214	237	238	258	259	260	632	#
641	50.227	507	#
642	517.446	124	145	146	166	167	168	189	190	211	633	#
643	683.284	81	103	119	120	121	122	123	124	145	633	#
644	653.976	168	189	190	194	195	216	217	239	261	633	#
645	644.815	59	60	81	82	122	144	166	167	477	633	#
646	621.893	121	122	123	143	144	145	146	165	167	633	#
647	513.112	189	190	211	212	213	234	235	236	255	633	#
648	1175.55	223	245	391	413	429	434	435	436	437	451	455	456	457	459	473	474	479	480	481	634	#
649	1323.64	245	267	289	290	330	384	385	386	387	408	409	429	430	431	449	450	451	453	472	634	#
650	1309.51	365	366	386	387	407	408	409	410	411	429	430	431	433	434	435	454	455	456	457	634	#
651	1259.52	304	323	324	326	327	345	346	348	349	368	369	370	371	390	391	392	413	434	435	634	#
652	1235.35	390	391	413	414	415	434	435	436	437	454	455	456	457	459	476	477	478	479	489	634	#
653	1210.01	53	74	75	408	409	410	411	430	431	432	433	434	452	453	454	455	456	474	476	634	#
654	133.676	91	92	635	#
655	139.81	69	91	635	#
656	143.233	458	479	480	481	636	#
657	160.096	459	460	480	481	636	#
658	97.2329	456	457	479	480	636	#
659	44.1502	414	436	458	481	636	#
660	751.692	11	14	33	34	35	36	55	56	57	78	508	637	#
661	819.195	11	31	32	33	34	54	55	179	200	201	223	637	#
662	790.676	11	33	54	55	76	77	78	98	99	100	121	637	#
663	689.768	11	33	34	35	36	55	56	57	58	78	100	637	#
664	646.311	12	13	14	16	17	35	36	37	57	58	308	637	#
665	642.568	22	23	44	45	46	67	68	69	70	88	508	637	#
666	289.647	459	460	481	482	483	638	#
667	412.33	396	459	460	482	483	638	#
668	265.513	437	459	460	480	481	638	#
669	259.977	439	460	461	482	483	638	#
670	259.283	394	416	438	459	460	638	#
671	253.319	436	437	438	459	460	638	#
672	793.046	200	201	202	220	221	222	223	224	242	243	244	245	246	267	639	#
673	945.922	176	198	199	201	202	220	221	222	223	243	244	245	246	267	639	#
674	934.203	177	178	200	201	202	221	222	223	244	245	246	267	268	289	639	#
675	883.404	77	78	100	122	144	165	177	200	202	221	222	223	244	245	639	#
676	878.35	180	202	215	221	222	223	224	237	243	244	245	246	267	289	639	#
677	868.685	180	183	184	201	202	205	206	207	221	222	223	228	244	245	639	#
678	680.34	23	24	45	204	226	248	269	270	271	290	640	#
679	852.58	2	3	4	23	24	45	46	47	48	187	640	#
680	735.216	2	22	23	24	25	45	46	47	48	70	640	#
681	724.32	269	270	271	290	291	292	313	314	336	358	640	#
682	721.653	266	269	288	289	290	291	292	313	314	336	640	#
683	685.257	2	22	23	24	25	45	47	48	70	92	640	#
684	223.858	312	334	335	357	641	#
685	252.233	335	336	357	358	641	#
686	227.902	291	312	313	335	641	#
687	191.692	312	334	356	378	641	#
688	352.995	90	91	92	113	642	#
689	294.688	91	113	134	135	642	#
690	279.35	68	90	91	142	642	#
691	179.483	70	92	113	114	642	#
692	1214.11	216	235	238	239	256	257	258	259	260	261	277	279	281	282	283	284	300	304	305	306	643	#
693	1420.57	11	239	240	261	277	278	283	299	305	306	327	328	348	349	350	369	370	371	372	373	643	#
694	1359.85	239	240	260	261	282	283	303	304	305	306	326	327	348	370	371	372	392	393	394	443	643	#
695	1289.99	188	189	190	210	211	233	255	256	257	258	275	276	277	278	299	300	320	321	322	375	643	#
696	1258.31	218	234	235	239	240	241	256	257	258	259	260	261	262	263	279	280	281	282	283	305	643	#
697	1247.72	239	260	261	266	267	268	269	282	283	289	290	303	304	305	306	310	311	312	326	333	643	#
698	1151.83	219	237	239	241	261	262	263	283	284	285	305	306	307	327	329	471	644	#
699	1427.01	219	239	240	241	261	262	263	282	283	284	285	305	306	307	327	505	644	#
700	1349.25	158	180	186	197	206	207	208	219	239	240	241	261	262	263	283	284	644	#
701	1342.16	239	260	261	263	282	283	284	285	305	306	307	327	347	348	349	370	644	#
702	1342.06	239	240	261	262	263	282	283	284	285	305	306	307	326	327	348	349	644	#
703	1271.42	217	239	260	261	262	282	283	304	305	306	327	328	348	349	350	370	644	#
704	131.09	137	#
705	565.038	18	19	20	21	41	42	43	65	645	#
706	646.177	17	18	19	20	39	40	41	42	645	#
707	646.164	17	18	19	20	21	40	41	42	645	#
708	555.276	18	19	20	21	40	41	42	43	645	#
709	476.795	18	20	39	40	41	42	43	64	645	#
710	471.577	19	20	21	41	42	43	64	65	645	#
711	404.264	87	107	108	109	130	131	152	646	#
712	476.101	108	130	131	152	153	174	175	646	#
713	436.714	108	109	130	131	152	153	174	646	#
714	423.316	65	87	108	109	130	131	152	646	#
715	306.823	63	64	86	87	108	109	131	646	#
716	293.372	86	87	108	109	129	130	131	646	#
717	69.9388	495	#
718	407.696	327	343	349	364	365	366	367	388	647	#
719	585.633	319	341	342	363	364	365	366	387	647	#
720	525.514	342	343	363	364	365	386	387	408	647	#
721	522.724	305	325	326	327	347	348	349	370	647	#
722	509.269	111	112	323	324	345	346	367	389	647	#
723	496.177	343	364	365	366	367	387	388	389	647	#
724	47.263	480	#
725	618.585	315	317	337	338	339	359	360	361	381	403	648	#
726	798.562	337	338	360	361	362	379	380	381	384	403	648	#
727	784.229	231	292	314	315	337	338	339	359	360	361	648	#
728	722.858	337	338	360	361	381	382	383	384	385	407	648	#
729	700.72	243	265	266	336	337	358	359	379	380	381	648	#
730	615.726	129	338	358	359	360	361	380	381	402	403	648	#
731	270.277	72	178	318	319	320	649	#
732	372.283	49	50	51	72	73	649	#
733	261.421	276	277	298	319	320	649	#
734	255.848	318	319	341	363	364	649	#
735	226.764	274	296	297	319	341	649	#
736	199.726	178	179	200	222	223	649	#
737	177.157	6	88	650	#
738	158.458	67	88	650	#
739	132.252	5	6	650	#
740	2204.65	12	13	34	35	36	37	38	56	57	58	59	60	77	78	79	80	99	100	101	102	103	104	105	120	121	122	123	124	253	254	255	277	315	651	#
741	2434.57	12	14	15	16	33	34	35	36	37	56	58	77	78	79	80	100	101	122	362	365	384	387	405	406	408	409	410	428	429	431	432	453	454	651	#
742	2428.97	16	37	38	39	58	59	60	61	62	79	80	81	83	84	85	100	101	102	103	104	105	106	122	123	124	125	126	127	145	146	147	168	169	651	#
743	2332.2	11	12	13	14	15	16	33	34	35	36	37	55	57	58	59	79	80	81	83	101	102	103	104	105	122	123	124	125	126	127	145	146	149	651	#
744	2289.62	35	36	58	77	79	80	99	100	101	102	120	121	122	123	124	125	145	146	166	167	168	169	170	171	172	188	193	210	233	255	277	299	321	651	#
745	2255.47	9	10	11	12	13	14	16	30	31	32	33	34	35	36	37	53	54	55	56	57	58	59	77	78	79	80	100	101	102	122	123	124	125	651	#
746	1243.89	104	126	147	148	149	160	169	374	375	396	397	398	418	419	420	421	443	479	480	481	652	#
747	1465.89	67	68	90	123	124	280	302	374	396	397	398	400	401	419	420	421	422	441	442	464	652	#
748	1455.06	352	353	354	374	375	396	397	398	418	419	420	421	422	441	442	443	463	464	465	466	652	#
749	1433.55	61	62	63	85	352	353	354	355	374	375	396	397	398	419	420	441	442	443	464	465	652	#
750	1400.27	5	6	27	28	331	332	352	353	354	374	375	396	397	398	418	419	441	458	480	481	652	#
751	1393.13	331	352	353	354	355	374	375	376	396	397	398	419	420	421	422	441	442	443	465	466	652	#
752	137.096	419	420	653	#
753	134.126	397	419	653	#
754	64.4364	420	421	653	#
755	134.743	273	274	296	654	#
756	154.835	251	273	274	654	#
757	148.651	296	297	318	654	#
758	140.828	274	296	318	654	#
759	276.868	298	299	320	321	343	486	655	#
760	358.122	299	321	322	343	365	387	655	#
761	339.524	288	309	310	330	331	486	655	#
762	322.055	276	297	298	299	320	321	655	#
763	308.93	275	276	298	299	300	320	655	#
764	189.018	108	109	130	131	656	#
765	281.191	86	87	109	131	656	#
766	243.939	130	131	151	152	656	#
767	204.991	129	130	152	243	656	#
768	203.716	86	87	108	109	656	#
769	1570.35	92	113	114	115	132	137	159	160	161	177	180	181	182	183	200	202	203	204	223	224	225	226	245	246	294	386	439	461	657	#
770	1980.5	66	67	68	88	89	90	91	92	93	94	110	111	112	113	114	115	122	123	135	137	144	158	159	166	181	237	238	260	657	#
771	1899.75	10	23	24	25	32	33	44	45	48	62	63	66	67	68	69	85	88	89	90	91	92	93	111	112	113	114	115	116	657	#
772	1800.95	29	50	67	68	71	72	88	90	91	92	93	94	112	113	114	115	116	134	135	136	137	138	156	158	159	160	161	180	657	#
773	1770.28	7	29	31	50	52	53	72	73	74	132	154	155	156	157	158	176	177	178	179	180	199	200	201	221	222	320	321	343	657	#
774	1768.38	6	28	29	50	52	71	72	74	112	134	156	157	176	177	178	179	198	199	200	201	202	203	223	224	225	226	245	246	657	#
775	63.1208	368	#
776	319.555	295	316	337	338	358	380	658	#
777	401.043	313	314	336	337	358	380	658	#
778	385.598	337	356	357	358	359	380	658	#
779	224.984	295	296	317	318	338	339	658	#
780	193.453	293	295	316	317	375	397	658	#
781	90.1043	201	#
782	530.473	377	399	400	401	420	421	423	443	659	#
783	628.752	354	355	356	377	399	407	408	429	659	#
784	627.713	377	399	400	401	423	424	446	447	659	#
785	525.541	377	399	400	401	421	422	423	424	659	#
786	471.046	441	442	443	444	445	446	466	467	659	#
787	458.044	399	400	401	421	422	423	444	445	659	#
788	244.506	156	178	660	#
789	213.239	133	156	660	#
790	157.066	178	200	660	#
791	187.612	394	416	417	438	661	#
792	240.027	394	416	417	431	661	#
793	214.952	394	395	416	417	661	#
794	146.424	351	416	438	460	661	#
795	190.884	376	398	408	429	662	#
796	198.794	407	428	429	430	662	#
797	162.941	385	406	407	408	662	#
798	137.299	376	398	399	421	662	#
799	889.277	194	215	216	217	218	235	236	237	238	239	240	241	257	262	284	663	#
800	1047.99	38	59	60	81	103	212	213	218	219	239	240	241	262	263	285	663	#
801	1043.56	197	217	218	219	239	240	241	261	262	263	282	283	284	285	305	663	#
802	1029.15	218	219	237	239	240	241	258	259	260	261	262	282	304	305	327	663	#
803	1016.21	45	67	68	90	91	92	215	216	217	218	239	240	261	262	282	663	#
804	988.275	66	88	110	132	154	194	216	217	229	239	249	250	251	273	326	663	#
805	2321.96	174	194	195	196	197	209	217	218	219	239	240	261	262	263	282	318	319	320	321	340	341	342	348	349	363	364	368	369	370	371	495	664	#
806	2331.86	194	217	218	239	240	241	261	262	263	282	283	284	285	304	305	306	326	327	328	329	348	349	368	369	370	371	392	393	394	395	415	664	#
807	2322.49	171	174	175	188	193	194	195	196	197	216	217	218	219	239	240	241	262	263	285	335	348	349	356	357	378	379	400	401	422	444	466	664	#
808	2313.29	72	130	151	152	153	174	193	194	195	196	197	217	218	219	239	240	241	242	243	261	262	263	265	282	283	285	303	304	305	326	348	664	#
809	2238.06	193	194	195	196	197	214	215	217	218	219	236	237	239	240	241	252	253	261	262	263	274	275	283	284	285	297	303	304	305	326	327	664	#
810	2173.39	170	171	172	174	191	192	193	195	196	197	214	215	216	217	218	219	236	237	238	239	240	241	261	262	263	285	322	323	344	345	346	664	#
811	182.252	126	147	#
812	1020.65	67	68	69	88	90	91	111	112	132	133	134	135	136	155	156	157	158	665	#
813	1138.96	112	132	133	134	154	156	176	177	178	179	180	198	199	200	201	223	224	665	#
814	1128.47	112	132	133	134	135	136	151	152	153	155	156	157	158	173	174	177	178	665	#
815	1115.01	90	112	132	133	134	155	156	157	177	178	179	180	200	201	223	224	245	665	#
816	1105.16	114	132	133	134	135	136	155	156	157	158	177	178	179	180	200	202	223	665	#
817	1088.04	105	111	112	126	127	128	129	132	133	134	135	136	148	149	156	158	171	665	#
818	911.549	338	356	357	359	360	361	378	379	380	381	402	403	423	424	425	447	490	666	#
819	1200.29	287	309	331	332	333	352	353	354	355	356	357	374	376	377	378	379	399	666	#
820	1199.35	28	50	51	272	294	314	316	317	336	337	338	339	340	341	359	360	361	666	#
821	1163.13	15	16	17	38	39	40	43	59	60	62	80	81	82	103	125	448	490	666	#
822	1161.12	153	175	333	353	354	355	356	357	377	378	379	380	400	401	402	423	424	666	#
823	1132.09	293	294	316	317	338	339	340	359	360	361	362	382	383	384	406	407	475	666	#
824	3607.69	115	116	120	137	138	141	154	156	159	160	161	162	163	176	177	178	179	180	181	182	184	185	200	201	202	203	204	205	206	207	208	224	225	226	228	247	248	249	250	268	269	270	271	272	292	293	294	295	296	313	314	315	316	317	318	332	333	334	335	336	337	338	339	340	356	358	359	378	379	401	423	424	434	456	667	#
825	5262.75	8	9	29	30	31	50	51	52	69	70	71	72	73	74	92	93	94	95	96	110	111	112	113	114	115	116	117	118	133	134	136	137	138	140	156	159	160	180	181	182	204	205	226	227	248	322	323	324	325	326	327	328	345	346	347	349	350	366	367	368	370	371	372	373	388	389	393	394	395	415	416	417	430	452	667	#
826	4987.68	5	6	7	8	27	29	30	31	49	50	51	52	54	55	69	70	71	72	73	74	75	76	77	92	93	94	95	96	97	99	110	112	116	117	118	119	120	132	133	134	138	141	142	154	176	177	178	179	198	200	201	220	221	222	242	243	244	245	264	265	287	393	424	440	441	442	443	445	446	464	465	466	467	468	667	#
827	4913.25	6	7	8	9	11	29	30	31	33	50	51	52	53	54	55	72	73	74	75	76	77	93	94	95	96	97	99	100	112	113	114	115	116	117	118	119	120	121	122	135	136	137	139	140	141	142	143	159	160	161	162	163	165	166	179	180	181	182	185	201	202	203	224	225	245	246	247	269	420	441	442	443	464	465	667	#
828	4867.88	6	7	8	9	29	30	31	51	52	53	54	55	66	70	71	72	73	74	75	76	88	92	93	94	95	96	97	99	112	113	114	115	116	117	118	119	120	121	122	133	134	135	136	137	138	139	140	141	142	143	157	158	159	160	161	162	179	180	181	182	201	202	203	224	225	231	252	253	274	275	276	296	318	404	667	#
829	4842.77	52	69	70	71	72	73	74	75	76	92	93	94	95	96	97	114	115	116	117	118	119	137	138	139	140	159	160	161	162	179	180	181	182	183	184	185	201	202	203	204	205	206	207	224	225	226	227	228	245	246	247	248	266	267	268	269	270	289	396	397	414	415	418	419	420	436	437	440	441	442	458	462	464	465	667	#
830	2469.31	287	288	289	290	309	310	311	312	313	330	331	332	333	334	335	336	352	353	354	355	356	357	359	360	374	375	376	381	382	396	397	398	399	418	419	420	421	440	441	442	443	462	463	465	668	#
831	3124.34	19	20	41	42	63	64	85	86	107	268	310	311	312	332	333	342	343	352	353	354	365	374	375	376	386	387	396	397	398	408	409	419	420	431	440	441	442	443	444	462	463	464	465	467	668	#
832	3118.91	117	118	119	139	140	141	301	303	324	325	326	330	346	347	350	352	353	369	371	372	374	375	376	391	392	393	394	395	396	397	398	413	415	417	418	419	420	440	441	442	443	463	464	465	668	#
833	3026.73	8	9	30	31	32	52	53	112	133	156	267	268	287	289	292	309	310	311	312	313	314	330	331	332	333	334	352	353	354	356	374	375	376	396	397	398	419	420	440	441	442	462	463	464	668	#
834	2921.75	66	88	161	162	243	244	256	266	267	268	275	276	277	289	297	299	310	311	312	321	322	330	331	332	333	334	335	342	343	344	352	356	363	364	365	366	378	387	388	441	462	463	464	465	668	#
835	2775.35	111	132	133	134	135	154	155	156	176	178	179	199	200	221	222	391	392	393	394	395	396	397	398	399	400	418	419	420	422	440	441	442	443	444	445	446	462	463	464	465	466	467	468	498	668	#
836	807.709	209	212	231	232	233	234	251	252	253	254	255	266	288	289	669	#
837	1086.27	210	211	231	232	233	234	254	255	277	278	279	299	308	330	669	#
838	1067.09	225	243	244	247	266	267	269	286	287	288	289	290	291	311	669	#
839	1065.67	245	246	266	267	269	270	288	289	290	291	310	311	313	333	669	#
840	1020	266	267	268	269	287	288	289	290	291	292	310	311	312	313	669	#
841	994.545	54	211	212	234	235	236	237	255	257	276	277	278	299	300	669	#
842	1083.95	360	381	401	402	403	404	405	423	424	425	426	427	428	446	447	448	449	469	470	471	670	#
843	1314.68	156	358	360	380	381	402	403	404	405	424	425	426	427	433	434	447	448	449	454	455	670	#
844	1313.41	253	296	318	338	340	361	362	384	406	407	408	409	427	428	429	430	431	449	451	471	670	#
845	1305	257	258	279	280	281	360	382	383	384	385	404	405	406	407	426	427	428	448	449	471	670	#
846	1288.09	33	383	402	403	404	405	406	407	408	409	424	425	426	427	428	429	448	449	450	470	670	#
847	1269.42	96	118	249	271	316	317	336	338	339	340	358	359	360	361	362	381	382	403	404	405	670	#
848	537.112	418	435	436	437	457	458	479	480	481	671	#
849	664.094	391	413	435	436	437	459	460	481	482	671	#
850	656.957	396	418	419	420	440	441	442	462	464	671	#
851	613.636	456	457	458	459	460	479	480	481	482	671	#
852	611.196	413	414	415	416	435	436	456	457	479	671	#
853	602.83	436	437	439	459	460	461	481	482	483	671	#
854	545.1	299	300	321	322	344	345	366	367	388	672	#
855	759.536	344	345	346	367	368	386	387	388	389	672	#
856	686.512	367	368	387	388	389	408	409	410	432	672	#
857	685.444	224	246	322	344	345	366	367	368	389	672	#
858	613.077	255	259	277	298	299	320	321	342	343	672	#
859	598.806	209	322	344	345	366	367	388	389	410	672	#
860	61.0815	187	#
861	1038.7	426	428	429	447	448	449	450	452	453	454	469	470	471	472	473	474	475	673	#
862	1244.95	102	103	105	123	124	127	146	427	428	449	450	471	472	473	474	475	476	673	#
863	1169.14	365	366	387	388	389	405	406	409	427	428	449	450	471	472	473	474	475	673	#
864	1168.21	341	342	363	364	383	384	385	405	406	407	408	409	427	428	429	450	472	673	#
865	1167.02	117	118	362	383	384	385	405	406	407	408	425	426	427	428	429	450	472	673	#
866	1151.59	293	315	429	430	431	432	433	434	452	453	454	455	474	475	476	477	490	673	#
867	1722.92	12	34	35	56	57	58	77	78	79	80	99	100	101	103	121	122	123	124	143	144	145	146	165	265	286	287	372	674	#
868	1962.9	195	217	239	240	241	261	262	263	284	285	305	307	327	328	329	349	350	351	370	371	372	373	394	395	417	439	461	674	#
869	1900.16	12	15	16	17	18	19	20	33	34	35	38	40	41	56	57	58	60	77	78	79	80	82	98	99	100	122	416	674	#
870	1865.69	266	286	287	288	289	308	309	310	311	330	331	332	333	334	337	352	355	356	357	358	374	375	380	396	397	418	419	674	#
871	1846.32	121	123	124	142	143	144	145	146	164	165	167	168	183	184	185	186	187	189	205	206	207	208	210	230	318	319	340	674	#
872	1801.92	15	16	17	18	74	75	80	97	98	99	100	102	120	121	122	123	124	125	142	143	144	145	146	147	165	168	187	674	#
873	378.186	192	193	194	214	215	236	237	259	675	#
874	500.253	193	194	195	215	217	218	219	237	675	#
875	490.116	190	212	235	236	237	238	259	260	675	#
876	487.854	235	236	237	238	256	257	258	259	675	#
877	466.355	226	227	236	237	238	248	259	260	675	#
878	407.366	171	193	214	215	236	237	258	259	675	#
879	459.791	85	87	106	107	108	109	131	676	#
880	480.519	87	106	107	108	109	129	131	676	#
881	478.337	87	108	109	129	130	131	152	676	#
882	466.102	87	108	109	131	271	292	293	676	#
883	422.596	108	109	390	391	413	435	437	676	#
884	395.762	104	105	106	107	126	127	148	676	#
885	739.008	141	161	162	163	183	184	185	206	207	228	249	250	251	677	#
886	973.472	226	228	229	248	249	250	251	252	270	407	408	429	430	677	#
887	879.019	111	112	133	134	155	156	157	161	162	163	177	178	185	677	#
888	835.87	76	77	97	98	99	120	121	140	141	161	162	163	184	677	#
889	811.485	208	210	228	229	230	231	232	250	251	252	253	254	273	677	#
890	808.371	118	140	141	162	163	182	183	184	185	204	206	228	250	677	#
891	2355.08	52	74	75	96	99	118	119	120	121	142	143	144	165	216	238	356	378	379	398	400	418	419	420	422	423	440	441	442	443	444	445	462	463	464	465	466	467	678	#
892	2622.89	49	50	51	60	70	71	72	73	79	80	81	82	92	93	103	114	123	124	125	143	144	145	146	147	165	167	168	188	403	404	405	425	426	427	447	448	449	678	#
893	2532.4	2	4	23	24	25	26	46	47	68	87	109	249	269	270	271	292	293	310	311	312	313	331	332	399	400	401	402	423	424	445	446	447	460	466	467	469	482	678	#
894	2486.42	92	93	94	98	99	114	115	116	119	120	137	138	356	374	375	376	377	378	379	396	397	398	399	400	401	418	419	420	422	423	424	443	444	445	466	467	496	678	#
895	2454.7	1	2	25	26	135	157	292	312	313	333	334	335	356	357	376	378	396	398	399	400	401	418	419	420	421	422	423	424	441	442	443	444	445	446	464	466	467	678	#
896	2452.47	211	212	234	256	257	276	277	278	309	330	331	332	352	353	374	375	376	396	398	400	418	419	422	423	440	441	442	443	444	445	462	463	464	465	466	467	468	678	#
897	303.162	460	461	481	482	483	679	#
898	348.57	457	458	460	481	482	679	#
899	337.922	459	460	461	482	483	679	#
900	328.81	460	481	482	483	490	679	#
901	250.454	276	438	439	461	483	679	#
902	1039.48	326	346	347	348	349	369	370	371	392	393	394	414	415	416	680	#
903	1342.2	184	303	325	326	327	346	347	348	349	369	370	371	391	393	680	#
904	1334.8	324	325	346	347	348	368	369	387	388	389	391	392	408	409	680	#
905	1289.69	111	303	325	326	327	346	347	348	349	368	369	371	372	393	680	#
906	1222.91	303	304	324	325	326	345	346	347	348	349	368	369	370	371	680	#
907	1218.68	304	326	345	346	347	348	368	369	370	389	391	392	393	415	680	#
908	183.765	102	124	681	#
909	224.183	103	124	681	#
910	218.941	102	103	681	#
911	1226.67	77	78	80	99	100	101	102	103	121	122	123	124	145	146	167	168	189	211	682	#
912	1362.57	29	52	53	54	56	75	77	78	79	80	100	101	102	103	104	121	122	123	682	#
913	1276.57	54	56	76	77	78	79	98	99	100	101	102	103	118	119	120	121	122	123	682	#
914	1230.54	12	34	35	56	57	76	77	78	79	80	99	100	101	120	121	122	213	508	682	#
915	1206.98	34	35	50	56	57	58	59	78	79	80	98	99	100	101	120	121	122	142	682	#
916	1147.26	102	103	122	123	124	143	144	145	146	166	167	168	188	189	190	211	212	233	682	#
917	361.879	434	435	456	457	477	478	683	#
918	381.937	414	435	436	437	457	479	683	#
919	357.608	457	458	459	460	479	481	683	#
920	320.528	435	436	456	457	478	479	683	#
921	302.158	456	457	458	476	477	478	683	#
922	279.485	433	454	455	476	477	478	683	#
923	1275.77	17	18	19	39	40	355	374	376	396	397	398	399	418	419	440	441	462	463	684	#
924	1363.95	308	309	330	331	332	352	353	374	396	397	418	419	420	440	441	442	463	464	684	#
925	1309.35	309	330	331	352	353	374	396	397	418	440	441	442	443	462	463	464	465	466	684	#
926	1288.62	16	17	18	19	36	37	39	40	41	59	62	83	84	106	374	396	397	419	684	#
927	1283.24	308	310	330	331	332	352	353	374	396	397	418	419	420	440	441	442	462	463	684	#
928	1245.95	308	330	331	352	353	354	355	374	375	376	397	398	418	419	440	441	462	463	684	#
929	1074.94	252	262	274	275	276	277	278	295	296	297	298	299	300	316	319	477	478	685	#
930	1421.92	174	196	217	218	219	240	241	261	262	282	283	284	304	305	324	325	326	685	#
931	1228.97	239	276	297	298	299	300	301	302	322	324	344	365	366	368	387	388	389	685	#
932	1215.4	313	314	315	334	335	336	337	338	359	454	455	456	474	475	476	477	478	685	#
933	1205.26	229	251	252	274	275	276	277	296	297	298	299	300	320	322	342	363	364	685	#
934	1191.02	188	189	190	211	270	272	292	293	294	295	313	314	315	316	336	338	361	685	#
935	564.36	157	286	287	309	310	330	331	352	374	686	#
936	681.958	287	308	309	310	330	331	332	352	374	686	#
937	660.111	111	308	309	330	331	352	374	396	397	686	#
938	640.008	243	265	287	367	387	388	389	409	410	686	#
939	602.227	308	310	330	331	332	352	374	396	397	686	#
940	588.428	264	286	287	308	309	310	330	331	332	686	#
941	2177.34	288	289	290	291	312	313	314	315	316	317	318	332	333	334	335	337	338	339	340	354	355	356	357	358	359	360	361	362	379	380	381	382	383	401	402	403	424	425	447	467	468	469	470	687	#
942	2997.71	106	107	178	179	199	200	202	223	224	244	245	246	247	249	266	267	269	270	288	289	290	291	292	309	310	311	312	313	314	332	333	334	352	353	354	355	356	374	375	376	396	397	398	687	#
943	2850.52	53	54	71	93	121	122	136	142	143	158	246	247	265	266	267	269	288	289	290	291	293	310	311	312	313	314	315	332	333	334	340	352	353	354	355	360	361	362	374	375	376	396	397	687	#
944	2808.53	159	160	181	202	203	205	206	224	226	227	228	248	249	250	251	269	270	271	272	290	291	292	293	314	315	316	317	318	337	338	339	340	341	347	358	359	360	361	362	368	369	381	382	687	#
945	2794.76	340	341	360	361	362	363	378	379	380	381	383	385	386	387	400	401	402	403	404	405	407	408	422	423	424	425	426	427	428	429	430	443	444	446	447	448	449	450	470	471	472	492	504	687	#
946	2793.76	14	36	37	58	59	60	80	81	177	199	200	202	223	224	226	234	242	243	244	245	246	247	248	249	255	265	266	267	268	269	270	271	289	290	291	310	311	312	313	332	333	334	356	687	#
947	1329.52	185	279	280	281	301	302	303	304	324	325	326	346	347	367	368	389	475	688	#
948	1361.44	236	257	258	279	280	283	302	303	304	305	306	324	325	326	327	349	507	688	#
949	1357.68	279	280	281	300	301	302	303	304	305	306	324	325	326	327	346	347	349	688	#
950	1309.81	257	260	279	280	282	283	301	302	303	304	305	324	325	326	327	347	349	688	#
951	1292.23	345	346	347	365	366	367	387	388	389	408	409	410	411	431	432	433	492	688	#
952	1287.29	260	282	303	304	305	325	326	327	328	329	346	347	349	350	351	370	371	688	#
953	1676.18	120	121	122	142	143	144	163	164	165	166	167	168	185	186	187	188	189	194	207	208	209	210	216	232	238	259	260	689	#
954	2087.25	106	128	137	138	150	151	152	159	172	173	174	193	194	195	196	197	216	217	218	219	239	240	241	261	263	283	285	689	#
955	1978.52	173	174	193	194	195	196	197	214	215	216	217	218	219	237	239	240	241	260	261	263	283	285	322	323	345	477	478	689	#
956	1849.48	120	121	122	123	142	143	144	164	166	187	188	189	208	209	210	232	233	234	254	255	256	257	278	279	301	302	358	689	#
957	1761.64	115	116	137	138	159	179	180	193	194	195	201	216	217	218	223	235	236	237	238	258	260	279	280	281	302	367	389	689	#
958	1757.2	29	51	52	73	74	95	233	234	235	236	237	256	257	258	259	260	263	274	278	279	281	300	301	302	303	324	400	689	#
959	677.386	85	86	87	107	108	109	312	407	428	429	450	451	473	690	#
960	897.77	105	125	126	127	148	385	386	408	429	430	443	444	452	690	#
961	857.038	340	341	342	348	349	363	370	384	385	386	407	408	429	690	#
962	847.775	118	385	386	407	408	409	429	430	431	450	451	453	454	690	#
963	839.728	83	86	87	105	106	127	128	150	151	173	174	195	196	690	#
964	769.351	63	85	86	87	107	108	109	130	151	152	172	174	196	690	#
965	227.922	47	379	380	381	691	#
966	314.37	273	379	380	381	691	#
967	293.779	380	438	439	461	691	#
968	283.9	24	46	47	48	691	#
969	1295.6	26	83	85	105	106	107	108	127	128	129	130	149	150	171	172	207	208	369	390	391	412	434	692	#
970	1722.68	300	301	302	303	304	323	324	325	326	347	348	367	368	369	389	390	391	392	413	435	457	458	692	#
971	1656.24	344	366	367	368	369	389	390	391	392	409	410	411	412	413	432	433	435	436	437	455	457	458	692	#
972	1598.41	63	85	107	183	184	185	207	366	367	368	369	370	371	372	389	390	391	392	393	394	412	413	692	#
973	1547.12	368	383	384	385	386	389	390	405	406	407	408	410	411	412	413	429	433	434	435	436	455	457	692	#
974	1489.36	87	90	108	109	111	112	113	127	128	129	130	131	134	149	150	151	152	171	172	173	174	195	692	#
975	1903.21	77	78	99	120	121	122	123	126	142	143	144	145	148	149	164	166	239	240	261	275	294	297	316	318	319	320	341	342	496	693	#
976	2144.26	177	200	221	222	223	224	243	244	246	296	316	317	318	320	321	322	338	339	340	341	342	343	364	365	366	367	387	388	389	693	#
977	2058.92	34	173	174	191	193	194	196	216	217	218	219	237	238	239	240	241	260	261	262	263	282	283	284	285	305	306	307	327	349	693	#
978	2014.78	150	151	152	173	174	195	196	197	217	218	219	239	240	241	261	263	278	279	282	301	302	323	324	338	345	367	389	413	506	693	#
979	1981.92	38	39	60	62	63	77	78	80	81	82	99	102	103	104	105	121	126	127	148	149	150	151	171	172	173	301	324	325	438	693	#
980	1915.04	296	297	298	299	317	319	320	321	340	341	342	343	362	363	364	365	366	371	372	385	387	392	393	394	395	407	408	429	430	693	#
981	120.573	199	200	694	#
982	49.4643	200	223	694	#
983	35.1785	114	136	695	#
984	17.1068	135	136	695	#
985	1760.06	344	354	355	356	366	367	376	377	398	400	418	419	420	421	422	426	440	441	442	443	444	445	462	463	464	465	466	467	696	#
986	2047.79	110	111	130	132	133	154	193	214	215	236	257	258	259	309	310	331	332	333	334	353	354	355	356	374	375	376	408	429	696	#
987	1972.49	16	17	18	19	20	21	39	40	42	43	374	375	377	396	397	398	399	400	418	419	420	440	441	442	462	463	464	465	696	#
988	1969.95	299	321	374	375	387	397	401	409	415	416	417	418	419	421	422	423	424	440	441	442	444	445	462	463	464	465	466	467	696	#
989	1964.45	302	303	322	324	325	344	346	347	366	367	368	369	389	390	391	392	410	411	412	413	414	415	432	433	434	435	454	455	696	#
990	1925.98	71	92	93	352	374	375	378	397	399	400	418	419	420	421	422	423	440	441	442	443	444	445	462	463	464	465	466	467	696	#
991	800.086	248	269	270	290	292	293	295	314	316	317	336	338	339	340	697	#
992	1099.56	249	271	292	293	294	314	315	334	335	336	337	338	357	358	697	#
993	1066.45	206	228	248	249	250	269	270	271	291	292	293	294	314	336	697	#
994	1028.34	225	226	227	228	247	248	249	250	269	270	271	290	291	292	697	#
995	1021.39	206	227	228	245	248	249	250	267	270	271	292	293	313	314	697	#
996	977.938	317	318	338	339	340	361	362	382	383	384	405	406	407	502	697	#
997	950.524	15	16	17	18	19	20	21	37	38	39	40	41	42	43	61	62	64	171	172	698	#
998	1332.19	10	11	12	18	19	20	21	31	32	33	34	40	41	42	53	54	55	75	76	698	#
999	1122.93	14	15	16	17	18	19	20	21	37	38	39	40	41	42	43	59	61	83	105	698	#
1000	1095.24	126	148	149	150	170	171	172	190	191	192	193	194	195	216	217	218	238	239	240	698	#
1001	1091.04	15	16	17	18	19	20	21	35	36	37	38	39	40	41	42	43	61	64	352	698	#
1002	1077.03	78	79	80	150	152	170	171	172	173	174	195	196	217	218	221	239	243	264	265	698	#
