%% File generated by CATS v.2.1Thu May  9 13:07:55 2024

%% The CATS webpage is http://robotics.stanford.edu/CATS

%% PARAMETER SETTINGS:
% Goods: 512; Bids: 1000; Distribution: regions; Runs: 1; Seed: 85
% Regions Distribution Parameters:
% Max Substitutable Bids = 5
% Removing HV Neighbor   = 0.1
% Adding DIAG Neighbor   = 0.2
% Additional Location    = 0.9
% Jump Probability       = 0.05
% Additivity             = 0.2
% Budget Factor          = 1.5
% Resale Factor          = 0.5
% Uniform Private Value:
%   Deviation            = 0.5
%   Max Good Value       = 100



goods 512
bids 1000
dummy 181

0	696.213	61	81	82	83	90	91	105	112	113	114	115	501	512	#
1	876.555	125	271	291	292	293	294	314	315	316	321	338	501	512	#
2	849.298	58	59	80	81	302	303	322	323	324	325	346	347	512	#
3	742.773	69	91	93	111	112	113	114	115	136	137	158	159	512	#
4	726.261	69	89	90	91	111	112	113	134	135	136	157	341	512	#
5	682.563	36	58	59	81	82	83	84	103	104	105	205	227	512	#
6	829.134	117	118	119	138	139	161	162	180	181	182	202	203	204	225	513	#
7	958.407	94	95	96	97	116	117	118	119	123	141	143	144	145	167	513	#
8	945.81	74	75	94	95	96	116	117	118	119	139	140	386	408	431	513	#
9	900.658	95	96	116	117	118	137	138	139	140	161	162	182	184	206	513	#
10	826.993	180	181	182	202	203	204	222	223	224	225	244	245	246	267	513	#
11	802.486	95	96	97	98	114	117	118	119	136	137	138	139	140	159	513	#
12	96.1591	279	#
13	691.1	294	295	314	316	317	318	335	336	337	338	340	514	#
14	835.835	252	274	295	316	317	318	319	338	340	341	363	514	#
15	760.542	249	251	271	272	274	275	294	295	316	338	339	514	#
16	735.194	295	316	317	318	319	338	339	340	341	363	385	514	#
17	723.599	273	274	293	295	314	315	316	317	339	361	462	514	#
18	701.191	273	274	295	316	317	318	319	339	340	341	363	514	#
19	1142.04	381	401	402	403	404	423	424	425	426	442	443	444	445	446	447	448	449	466	467	468	470	471	515	#
20	1591.65	251	374	375	396	397	398	399	418	419	420	421	422	423	440	441	442	443	444	446	464	465	466	515	#
21	1423.57	331	352	354	355	374	375	376	396	397	398	399	419	420	421	422	442	443	444	464	465	466	467	515	#
22	1412.62	287	352	374	375	376	396	397	398	418	419	420	421	422	442	443	444	445	446	464	465	466	467	515	#
23	1357.92	240	261	262	396	400	401	402	418	419	420	422	423	424	425	442	443	444	445	447	464	465	466	515	#
24	1331.96	400	401	419	420	421	422	423	424	425	442	443	444	445	446	447	448	464	466	467	468	469	470	515	#
25	1455.43	8	9	10	11	12	13	14	15	30	31	32	33	34	35	36	52	54	55	57	58	76	77	78	98	99	100	119	193	194	516	#
26	1931.99	5	19	25	26	27	28	29	30	31	47	49	50	51	52	53	74	95	218	239	240	241	261	262	263	438	459	460	481	482	516	#
27	1892.69	9	10	11	25	26	33	47	48	54	55	57	72	76	77	78	79	94	99	100	101	121	122	143	144	145	165	167	168	187	516	#
28	1871.72	47	81	82	103	105	106	126	127	148	149	150	151	171	172	173	192	193	194	195	196	213	214	215	217	235	236	258	287	476	516	#
29	1853.39	3	4	6	7	8	9	10	11	25	26	27	28	29	30	31	32	47	48	49	50	51	52	71	72	74	75	93	94	95	516	#
30	1823.52	84	106	107	126	127	129	149	150	171	172	175	192	193	194	195	196	197	214	215	216	217	218	219	239	240	241	261	262	263	516	#
31	689.886	247	268	269	270	271	291	292	293	313	314	315	335	336	445	446	517	#
32	957.223	382	399	401	402	403	404	421	422	423	424	425	426	444	445	446	517	#
33	889.403	204	221	222	223	224	226	243	244	246	247	248	249	269	291	313	517	#
34	851.748	224	226	245	246	247	268	269	270	291	313	314	342	364	365	386	517	#
35	823.936	18	39	40	61	82	83	105	106	315	317	337	338	339	340	362	517	#
36	811.245	204	223	224	226	227	228	247	248	249	250	269	270	271	272	384	517	#
37	91.5592	48	70	518	#
38	100.418	26	48	518	#
39	940.64	388	410	411	432	433	434	455	456	457	458	459	478	479	480	481	519	#
40	1175.52	344	345	365	366	367	387	388	389	408	410	411	431	433	455	477	519	#
41	1127.45	389	411	412	414	415	416	433	434	437	440	455	456	457	459	479	519	#
42	1106.81	250	251	252	253	275	276	277	297	298	455	456	457	458	478	479	519	#
43	1066.32	414	415	437	439	455	456	457	458	459	460	461	480	481	482	483	519	#
44	996.038	86	87	409	410	411	431	432	433	454	455	456	457	458	478	479	519	#
45	79.1668	436	#
46	748.962	92	93	114	115	116	135	136	137	138	156	157	158	159	180	520	#
47	930.873	25	26	114	135	136	137	157	360	361	362	363	384	385	406	520	#
48	851.434	94	96	97	114	116	117	118	135	136	137	138	158	159	160	520	#
49	795.575	92	93	114	115	116	117	135	136	137	138	157	158	159	180	520	#
50	762.316	116	135	136	137	138	155	156	157	158	159	160	177	178	180	520	#
51	756.813	133	135	154	155	156	157	177	178	199	200	220	221	404	467	520	#
52	73.9159	500	#
53	1318.21	76	98	99	100	119	120	121	122	142	143	144	145	164	165	166	185	186	187	188	207	208	209	210	521	#
54	1752	99	121	123	142	145	163	164	165	166	167	186	187	188	189	209	210	211	212	231	232	253	254	255	521	#
55	1670.22	98	99	100	121	122	142	143	164	165	166	186	187	188	209	210	225	330	331	352	353	374	396	397	521	#
56	1619.44	75	93	96	97	98	99	115	116	117	118	119	138	139	140	162	187	188	209	210	211	231	232	254	521	#
57	1587.48	140	162	163	184	185	206	207	211	228	229	230	231	232	250	251	252	253	254	255	274	275	297	319	521	#
58	1583.99	99	121	142	143	163	164	165	166	184	185	188	206	408	410	429	431	432	433	451	452	453	474	475	521	#
59	506.063	54	55	76	77	78	100	101	122	166	383	522	#
60	743.035	79	100	101	161	180	182	183	202	203	204	522	#
61	633.029	314	336	358	359	360	361	381	382	383	405	522	#
62	580.849	144	145	166	167	168	186	187	188	209	255	522	#
63	573.349	54	55	76	77	78	79	80	100	101	122	522	#
64	568.013	10	32	33	54	55	76	77	371	393	394	522	#
65	652.278	0	1	8	22	23	24	29	30	44	523	#
66	704.286	6	8	28	29	30	50	51	73	74	523	#
67	638.512	6	8	28	29	30	51	72	73	351	523	#
68	611.718	0	1	23	24	44	45	66	67	89	523	#
69	609.739	6	7	8	28	29	30	50	51	73	523	#
70	595.909	0	1	2	3	23	24	25	26	47	523	#
71	1375.08	233	252	253	254	255	274	275	276	277	297	298	299	300	320	321	322	323	324	325	343	344	524	#
72	1590.85	52	252	253	254	255	273	274	275	276	294	295	297	315	316	317	318	339	361	385	407	428	524	#
73	1498.13	80	81	97	98	119	120	141	251	252	253	272	273	274	275	276	294	295	296	315	337	414	524	#
74	1482.82	251	252	253	254	255	273	274	275	276	294	295	296	297	298	299	300	318	321	341	363	505	524	#
75	1464.36	278	300	322	323	324	325	326	343	344	345	346	347	365	366	385	386	387	388	389	407	409	524	#
76	1456.93	233	234	235	251	252	253	254	255	256	257	258	273	275	276	279	297	298	319	340	341	363	524	#
77	46.8648	495	#
78	681.391	222	243	244	245	265	266	267	268	317	340	525	#
79	771.476	222	244	245	253	264	265	266	267	287	288	525	#
80	768.077	317	318	319	340	362	363	384	385	386	407	525	#
81	754.76	273	274	275	294	295	297	317	318	319	340	525	#
82	632.756	201	220	221	222	223	243	244	245	266	267	525	#
83	627.603	243	265	287	288	308	309	310	311	330	332	525	#
84	3870.23	161	162	177	178	179	180	182	198	199	200	202	203	204	206	220	222	223	224	225	226	227	228	229	230	231	242	243	244	245	246	247	248	249	250	251	252	253	264	265	266	267	268	269	270	271	272	286	287	289	290	291	292	293	294	295	308	309	310	311	312	314	315	331	332	334	353	354	374	375	397	398	526	#
85	4825.84	0	22	23	206	224	225	226	227	228	231	245	246	247	248	249	250	251	252	253	254	267	269	270	271	272	276	278	280	292	293	294	295	297	298	299	300	314	315	316	317	318	319	320	321	322	323	339	340	341	342	343	344	345	362	363	364	365	366	367	384	385	386	387	389	406	407	408	409	431	453	475	526	#
86	4647.34	144	145	161	162	167	168	170	184	186	188	189	191	192	206	207	208	212	213	214	217	224	225	226	230	231	246	247	248	249	250	251	252	253	269	270	271	272	274	292	293	294	296	314	315	318	336	341	356	357	358	359	360	361	362	363	379	380	381	385	401	402	403	411	412	423	424	425	432	433	446	447	526	#
87	4616.5	52	74	75	95	96	97	98	119	123	137	139	143	144	145	158	159	160	161	162	163	165	166	167	179	180	181	182	183	184	187	188	189	191	202	203	206	207	208	209	210	211	212	224	226	227	228	229	230	231	234	246	247	248	249	250	251	252	253	256	269	270	271	272	292	293	294	295	314	315	316	336	526	#
88	4500.57	142	144	163	164	166	167	185	186	188	189	202	207	208	209	210	211	212	213	224	229	230	231	234	245	246	247	249	250	251	252	253	254	269	270	271	272	275	276	286	287	290	291	292	293	294	297	298	299	309	310	311	312	313	314	315	317	318	319	320	331	332	336	339	340	341	342	354	362	363	385	492	526	#
89	4441.21	42	64	87	163	164	166	167	183	185	186	188	205	206	207	208	209	224	225	226	227	228	229	230	231	245	246	247	248	249	250	251	252	253	254	267	269	270	271	272	273	290	291	292	293	294	296	298	314	315	316	317	318	319	320	321	336	338	339	340	341	342	356	362	363	364	365	384	385	387	408	409	526	#
90	418.794	7	8	28	29	51	73	527	#
91	539.89	51	52	73	74	95	117	527	#
92	503.725	50	51	73	95	117	118	527	#
93	412.17	26	27	28	29	30	252	527	#
94	405.214	7	8	9	28	29	30	527	#
95	384.902	6	7	8	9	10	30	527	#
96	476.94	279	280	281	301	302	303	304	528	#
97	583.999	302	324	325	345	346	347	367	528	#
98	569.326	279	280	281	300	301	303	325	528	#
99	561.981	279	280	281	302	303	324	325	528	#
100	535.893	281	282	283	303	304	305	325	528	#
101	497.773	259	279	280	281	282	303	325	528	#
102	582.117	9	10	11	33	55	76	98	174	529	#
103	807.203	10	11	33	62	63	64	65	84	529	#
104	661.392	7	8	9	10	11	29	31	33	529	#
105	636.302	9	10	11	28	29	30	31	33	529	#
106	604.464	6	10	11	27	28	33	55	56	529	#
107	601.157	128	129	151	152	173	174	175	196	529	#
108	31.5886	304	#
109	75.2177	150	#
110	118.348	420	441	442	530	#
111	136.07	441	442	464	530	#
112	126.38	376	398	420	530	#
113	179.197	78	100	101	531	#
114	206.744	55	77	78	531	#
115	179.055	100	101	122	531	#
116	156.561	99	100	122	531	#
117	1595.42	99	100	120	121	134	141	142	143	156	157	163	164	165	166	167	168	169	178	185	187	188	189	190	191	199	200	209	210	212	231	532	#
118	2242.37	81	103	104	124	125	127	128	146	147	148	149	150	168	169	171	189	190	191	193	212	213	214	215	234	235	236	257	258	280	281	532	#
119	2061.69	125	145	146	147	163	167	168	169	185	189	190	191	207	208	212	213	214	229	232	236	253	254	255	256	257	258	275	278	279	506	532	#
120	2046.8	146	147	164	165	167	168	187	188	189	209	229	230	231	232	253	347	368	369	390	391	421	422	444	445	462	463	464	465	466	487	532	#
121	1934.24	134	135	147	157	158	168	169	178	179	180	190	191	199	200	202	212	336	358	368	369	411	412	413	432	433	435	436	453	454	458	532	#
122	1917.12	80	102	124	125	145	146	147	167	168	169	187	188	189	190	191	207	208	209	210	212	213	214	231	232	253	254	410	432	452	453	532	#
123	244.316	370	392	393	415	438	533	#
124	364.788	393	415	416	436	438	533	#
125	278.589	6	28	369	370	392	533	#
126	207.021	370	393	415	436	437	533	#
127	174.544	392	393	414	415	436	533	#
128	34.0789	208	#
129	386.041	177	199	200	221	242	243	534	#
130	410.387	154	176	177	199	200	221	534	#
131	393.947	199	200	220	221	242	243	534	#
132	348.308	220	221	242	243	264	265	534	#
133	330.572	176	177	178	199	200	221	534	#
134	319.402	220	221	242	243	244	265	534	#
135	827.843	112	135	136	137	157	158	159	178	179	320	342	363	364	365	366	385	387	535	#
136	1110.7	78	79	201	202	203	222	223	224	225	226	245	342	364	385	386	387	408	535	#
137	1060.96	141	159	160	161	162	163	164	179	180	181	182	184	185	186	202	203	207	535	#
138	1010.84	21	43	65	86	87	107	108	109	113	129	130	135	136	137	152	158	159	535	#
139	935.724	189	210	321	342	343	362	363	364	365	366	386	388	408	410	431	432	433	535	#
140	908.683	67	68	69	89	90	92	110	111	112	113	114	134	135	136	156	157	158	535	#
141	33.7032	115	137	#
142	738.269	239	240	261	262	263	283	284	285	305	306	307	328	329	496	536	#
143	1037.49	175	196	197	218	219	239	240	241	261	262	263	284	285	306	536	#
144	1021.56	153	175	196	197	218	219	239	240	241	262	263	284	285	306	536	#
145	979.873	175	196	197	217	218	239	240	241	261	262	263	284	305	306	536	#
146	886.86	218	239	240	241	261	262	284	285	305	306	307	327	328	351	536	#
147	812.506	239	240	261	262	263	284	285	305	306	307	327	328	329	349	536	#
148	1316	128	137	151	158	159	160	161	162	163	181	182	183	184	185	186	204	205	206	228	250	251	537	#
149	1595.2	83	105	106	108	126	127	128	129	149	150	151	152	153	154	155	171	172	173	175	177	199	537	#
150	1521.63	126	183	184	204	205	206	207	227	228	229	230	250	251	272	273	274	294	295	315	441	463	537	#
151	1517.39	62	84	105	106	109	126	127	128	129	130	131	147	148	149	150	151	152	153	171	172	331	537	#
152	1479.41	127	156	157	158	159	160	161	177	178	179	181	182	199	200	202	203	225	251	273	320	321	537	#
153	1474.24	115	137	140	158	159	160	161	162	163	180	182	183	184	185	203	204	205	206	227	228	251	537	#
154	914.093	314	335	336	337	357	358	377	378	379	380	381	382	399	403	421	538	#
155	1082.1	41	42	63	64	314	333	336	354	355	358	377	378	379	380	399	538	#
156	1040.94	398	419	420	421	422	440	441	442	443	463	464	465	466	467	468	538	#
157	1038.68	93	94	115	116	136	137	138	158	339	360	361	382	383	384	405	538	#
158	1011.94	4	25	26	27	355	358	377	378	379	380	381	398	399	420	421	538	#
159	993.129	313	314	334	335	336	337	338	339	358	360	361	362	380	383	384	538	#
160	1438.33	136	158	176	177	178	179	180	181	198	199	202	203	224	225	226	246	247	269	446	447	448	470	471	472	539	#
161	1688.68	136	137	138	158	159	160	161	181	182	202	203	204	225	226	279	280	281	299	300	301	302	303	324	325	539	#
162	1476.74	91	92	113	136	137	158	159	160	161	169	178	179	180	181	182	199	200	202	203	204	224	225	247	501	539	#
163	1463.46	43	64	65	91	113	135	136	137	138	139	158	159	160	161	162	179	180	181	183	184	202	203	224	352	539	#
164	1453.09	404	405	407	421	426	427	428	429	430	444	445	446	447	448	449	451	465	466	467	468	469	470	471	472	539	#
165	1440.13	399	400	401	421	422	423	424	425	428	429	430	431	445	446	447	448	449	466	467	468	469	470	471	492	539	#
166	1159.58	1	2	3	5	24	25	26	27	28	46	47	48	49	50	51	70	154	495	540	#
167	1574.94	4	23	24	25	26	27	45	46	47	48	69	70	416	438	460	461	482	483	540	#
168	1476.57	25	26	27	28	44	45	46	47	48	49	50	69	91	113	138	383	404	405	540	#
169	1457.52	3	4	5	6	15	25	26	27	28	46	47	50	51	72	454	476	477	478	540	#
170	1394.57	3	4	5	6	7	25	26	27	28	29	47	50	51	72	94	396	418	419	540	#
171	1381.49	25	26	27	46	47	49	50	51	69	70	71	72	92	93	94	116	117	388	540	#
172	1289.94	90	111	112	133	201	221	223	224	225	242	243	244	245	246	247	264	265	266	267	268	270	286	287	406	428	450	541	#
173	1728.65	171	192	193	194	213	215	216	217	218	223	235	236	237	243	244	245	264	265	266	267	268	269	289	290	311	312	541	#
174	1717.48	69	89	90	91	110	111	113	132	134	136	232	253	254	256	275	276	277	278	297	298	299	300	301	320	342	506	541	#
175	1716.49	222	223	230	244	245	246	252	253	254	266	267	268	274	275	276	289	290	295	296	297	311	312	317	319	320	341	541	#
176	1666.6	179	180	181	182	183	200	202	204	222	223	224	226	244	245	246	247	248	267	268	270	290	401	422	423	445	446	541	#
177	1640.94	66	68	88	90	91	92	110	111	112	113	132	133	134	135	136	137	138	139	140	160	161	162	182	204	391	484	541	#
178	1023.48	96	116	117	118	119	120	140	141	142	143	162	164	165	166	199	542	#
179	1253.8	73	75	93	94	95	96	116	117	118	119	138	140	160	182	275	542	#
180	1191.99	18	19	20	95	96	97	118	140	161	162	184	410	431	453	475	542	#
181	1120.46	94	95	116	117	118	137	138	139	140	160	161	162	279	301	302	542	#
182	1081.12	51	73	75	93	94	95	96	97	116	117	118	119	140	141	146	542	#
183	1067.54	17	18	39	118	120	140	141	142	162	164	390	411	412	433	434	542	#
184	1411.32	272	294	297	314	315	316	317	319	320	338	339	340	341	342	361	362	383	384	510	543	#
185	1553.47	43	65	87	314	315	316	338	339	340	360	361	362	363	383	384	385	386	387	388	543	#
186	1430.87	275	297	319	320	322	341	342	343	344	365	367	386	387	388	389	408	409	421	431	543	#
187	1400.85	246	297	315	316	317	319	338	339	340	341	342	343	344	361	362	363	364	384	385	543	#
188	1316.86	295	297	298	316	317	319	338	339	340	341	342	361	362	363	383	384	385	386	405	543	#
189	1310.65	297	316	317	318	319	338	339	340	341	342	361	362	363	383	384	385	404	405	501	543	#
190	79.1727	406	#
191	1261.33	61	62	83	84	106	107	124	127	128	130	146	147	148	149	150	151	152	171	172	173	544	#
192	1506.72	64	65	87	106	107	109	128	129	130	131	151	153	175	196	217	218	264	287	365	366	544	#
193	1497.72	1	107	126	127	128	129	130	131	149	150	151	152	153	171	172	173	174	175	193	196	544	#
194	1490.53	83	105	106	107	126	127	128	129	131	149	150	151	153	171	172	173	174	175	196	218	544	#
195	1436.39	53	104	105	106	126	127	128	130	131	149	150	151	152	153	171	172	173	174	175	196	544	#
196	1406.5	17	18	19	20	39	40	41	60	61	62	63	64	80	81	83	84	87	106	109	488	544	#
197	2103.08	6	25	26	27	28	29	30	46	47	48	49	50	51	52	71	72	73	74	92	93	94	95	114	115	116	127	128	129	130	149	150	171	399	545	#
198	2436.8	108	128	129	130	145	146	147	148	149	150	151	167	168	169	170	171	172	174	192	193	194	195	196	214	216	217	218	238	260	360	381	382	383	545	#
199	2364.58	8	9	10	11	29	30	31	32	33	34	51	52	53	55	56	73	74	75	77	78	96	97	98	99	118	119	120	121	122	140	141	142	162	545	#
200	2343.63	1	2	3	4	9	23	24	25	26	27	29	30	31	46	47	48	49	50	52	53	71	72	73	74	75	92	93	96	97	115	116	117	118	545	#
201	2304.51	82	103	108	109	128	129	130	146	147	148	149	150	151	171	172	173	189	191	192	193	194	195	196	211	212	213	214	215	216	234	236	258	442	545	#
202	2223.1	6	26	27	28	29	48	49	50	51	72	73	84	106	126	127	147	148	149	150	169	170	171	172	191	192	193	194	212	213	214	215	236	237	545	#
203	12.2598	39	#
204	1339.17	74	75	76	77	78	79	94	95	96	97	98	99	100	101	118	119	120	121	140	141	142	162	289	546	#
205	1666.6	29	51	54	56	71	72	73	74	76	77	78	94	95	99	100	101	116	117	118	138	294	316	338	546	#
206	1651.9	76	77	97	98	99	100	104	110	111	118	119	120	121	141	142	322	323	324	345	346	367	368	369	546	#
207	1539.76	29	30	31	51	71	72	73	95	98	116	117	118	119	121	139	140	141	142	161	359	360	382	404	546	#
208	1526.97	50	52	71	72	73	74	75	92	93	94	95	96	97	98	99	100	116	118	119	120	140	141	163	546	#
209	1507.13	98	118	119	120	138	139	140	141	142	143	144	161	162	163	164	165	166	167	182	184	186	187	209	546	#
210	1162.16	4	5	6	7	25	26	27	28	29	49	50	51	171	193	214	215	452	547	#
211	1295.69	128	145	150	151	170	171	172	173	174	191	192	193	194	213	214	236	258	547	#
212	1206.53	6	7	26	27	28	29	49	50	51	52	71	73	74	95	96	117	118	547	#
213	1185.78	24	26	27	46	47	48	49	50	51	69	73	91	170	191	192	468	469	547	#
214	1170.42	4	5	6	7	26	27	28	29	49	50	51	71	403	404	425	426	448	547	#
215	1149.45	4	5	6	7	8	26	27	28	49	50	51	71	92	93	94	115	116	547	#
216	58.5342	501	#
217	59.0481	375	397	548	#
218	75.4602	188	375	548	#
219	653.15	38	58	59	60	80	81	82	103	104	105	126	549	#
220	720.071	59	81	82	103	104	105	106	125	126	127	149	549	#
221	716.778	6	28	58	59	80	81	103	104	105	126	204	549	#
222	702.627	58	59	80	81	82	102	103	104	105	124	125	549	#
223	671.319	36	57	58	81	82	102	103	105	125	126	127	549	#
224	648.772	37	60	82	102	103	104	105	125	126	127	149	549	#
225	689.619	111	133	155	156	157	158	159	176	177	178	179	180	199	200	201	202	223	394	550	#
226	1003.21	158	159	177	178	179	180	200	202	203	204	222	223	225	226	244	245	267	278	550	#
227	1001.85	68	69	89	90	91	92	111	112	113	114	115	133	134	155	156	177	248	270	550	#
228	941.044	179	201	202	203	222	223	224	242	243	244	245	265	266	267	268	287	290	309	550	#
229	931.043	111	112	134	155	156	158	177	178	179	180	199	200	202	222	223	244	245	266	550	#
230	916.509	89	111	112	133	134	155	156	177	178	179	180	199	200	201	202	203	214	236	550	#
231	129.639	190	191	212	425	551	#
232	122.85	190	191	212	213	551	#
233	114.237	190	191	192	214	551	#
234	176.205	205	206	#
235	296.04	429	430	451	452	474	475	552	#
236	360.293	453	454	474	475	476	477	552	#
237	324.933	430	451	452	453	474	475	552	#
238	306.561	406	407	429	430	451	452	552	#
239	306.238	429	451	452	473	474	475	552	#
240	288.811	430	431	432	452	453	474	552	#
241	697.415	317	318	339	358	359	360	361	380	381	382	383	511	553	#
242	893.653	275	297	317	318	319	320	339	340	341	342	423	446	553	#
243	889.424	67	68	69	84	339	360	361	381	382	383	404	405	553	#
244	859.79	360	378	379	380	381	382	383	402	403	404	405	427	553	#
245	834.482	302	303	325	380	381	382	383	404	405	427	428	429	553	#
246	707.018	150	274	293	294	295	315	316	317	318	383	404	405	553	#
247	39.9295	76	#
248	489.354	191	212	233	234	235	255	257	554	#
249	528.117	234	235	255	256	257	279	301	554	#
250	519.519	234	235	256	257	278	279	301	554	#
251	498.125	234	235	236	257	258	279	366	554	#
252	458.538	188	189	191	209	210	211	212	554	#
253	409.389	124	146	147	168	169	170	191	554	#
254	129.044	297	319	555	#
255	170.907	319	320	555	#
256	145.451	276	297	555	#
257	508.632	177	178	179	199	200	201	202	221	222	223	224	242	244	556	#
258	700.313	157	158	177	178	179	180	181	182	200	201	202	222	223	556	#
259	682.469	136	157	158	159	176	177	178	179	180	198	200	202	222	556	#
260	658.643	135	157	179	180	181	182	202	203	220	221	224	246	247	556	#
261	641.274	137	157	159	176	177	178	179	180	181	182	202	203	224	556	#
262	606.493	200	201	222	223	226	243	244	245	246	247	266	268	269	556	#
263	1261.19	144	167	285	303	304	305	306	307	324	325	326	327	328	329	346	347	349	350	351	557	#
264	1490.92	324	345	346	347	367	368	369	389	390	391	411	412	433	434	435	457	458	479	480	557	#
265	1381.59	192	193	214	215	304	305	323	324	325	326	327	328	345	346	347	348	351	368	370	557	#
266	1350.81	36	58	81	145	146	147	165	166	167	168	169	188	189	191	208	209	210	211	232	557	#
267	1337.59	129	130	152	153	172	173	174	175	196	197	219	306	307	327	328	329	350	351	372	557	#
268	1226.29	303	304	306	307	324	325	326	327	328	329	345	346	347	349	350	351	368	372	394	557	#
269	1239.68	1	2	3	22	23	24	25	44	46	47	67	68	69	91	303	304	326	348	558	#
270	1292.37	20	42	43	47	64	65	66	67	68	69	88	89	91	92	124	146	168	190	558	#
271	1262.39	0	1	22	23	24	25	44	45	46	47	66	67	68	88	89	90	91	110	558	#
272	1214.77	0	1	2	3	22	23	24	25	26	44	256	278	300	314	425	447	448	449	558	#
273	1193.88	4	5	25	26	27	47	48	49	50	51	69	71	72	91	92	94	116	138	558	#
274	1183.62	0	1	2	22	23	24	25	44	45	66	67	68	69	88	89	90	91	110	558	#
275	614.973	219	239	240	241	260	261	262	263	284	285	306	307	559	#
276	874.585	218	219	240	241	261	262	285	456	457	478	479	480	559	#
277	861.359	196	218	219	239	240	241	261	262	263	283	285	305	559	#
278	851.957	218	219	239	240	241	259	261	282	283	284	285	305	559	#
279	830.407	236	237	238	239	240	258	259	261	263	283	284	285	559	#
280	817.075	215	226	236	237	238	239	240	259	260	261	283	284	559	#
281	1203.03	229	248	250	251	268	270	271	272	289	290	291	292	293	294	313	314	315	316	336	337	560	#
282	1327.61	179	180	181	202	203	204	224	225	226	229	247	248	249	250	251	252	270	271	272	293	560	#
283	1291.56	247	267	268	269	270	289	290	291	293	294	311	312	313	314	315	316	335	336	337	358	560	#
284	1271.74	223	244	245	267	268	269	272	289	290	291	293	294	312	314	315	316	317	332	336	354	560	#
285	1250.36	289	290	291	311	313	314	335	336	337	357	358	359	360	361	381	384	406	407	463	464	560	#
286	1226.34	205	206	225	227	229	247	248	249	250	251	252	269	270	271	272	293	294	316	317	318	560	#
287	302.496	428	429	430	450	451	561	#
288	346.721	428	429	448	449	450	561	#
289	295.787	428	429	430	451	452	561	#
290	279.959	430	431	452	474	475	561	#
291	253.858	91	92	113	114	428	561	#
292	221.95	451	452	453	473	475	561	#
293	829.191	0	1	22	23	24	25	26	44	45	47	279	301	562	#
294	943.667	23	24	45	129	130	152	153	174	175	273	294	295	562	#
295	881.979	212	234	257	258	279	280	281	301	302	323	324	325	562	#
296	876.901	0	1	22	23	24	25	26	44	47	48	49	200	562	#
297	832.764	0	1	22	23	24	25	26	44	45	46	47	68	562	#
298	810.911	0	1	22	23	24	25	44	66	67	88	89	110	562	#
299	1025.6	44	66	67	88	89	90	110	111	112	132	133	134	135	136	154	155	156	563	#
300	1240.71	91	108	109	111	112	113	130	131	132	133	134	135	136	153	155	156	175	563	#
301	1207.84	0	22	23	44	91	102	111	112	113	123	124	134	135	136	145	234	235	563	#
302	1171.54	47	69	91	92	111	112	113	114	132	133	134	135	136	154	155	156	157	563	#
303	1163.56	0	22	44	45	46	66	67	68	88	89	111	112	132	133	134	135	155	563	#
304	1100.05	91	111	112	113	133	134	135	136	154	155	156	178	179	181	200	202	203	563	#
305	532.731	380	401	402	403	423	424	425	445	446	447	469	470	564	#
306	785.88	423	424	425	443	444	445	446	447	465	466	467	468	564	#
307	732.136	336	337	358	359	378	379	380	381	382	383	402	405	564	#
308	699.038	383	384	401	402	423	424	425	426	445	446	467	468	564	#
309	677.382	400	401	422	423	424	425	444	445	446	447	469	470	564	#
310	677.295	336	337	358	359	381	382	383	401	402	403	405	425	564	#
311	286.947	437	459	481	482	483	565	#
312	399.234	459	460	461	481	482	565	#
313	290.124	437	438	459	460	482	565	#
314	150.579	371	393	394	415	437	565	#
315	1066.71	4	5	6	7	8	26	27	28	29	30	49	50	51	72	73	566	#
316	1347.43	28	29	31	50	51	52	53	72	73	74	94	96	116	117	118	566	#
317	1223.25	4	5	27	49	341	342	364	365	367	386	387	388	389	408	409	566	#
318	1204.39	5	7	8	9	10	27	28	29	30	31	32	52	73	74	96	566	#
319	1198.89	5	7	8	9	10	26	27	28	29	30	31	32	49	50	51	566	#
320	1187.11	6	7	8	27	28	29	30	31	50	51	72	73	94	116	237	566	#
321	268.443	181	182	183	205	567	#
322	333.84	160	161	182	204	567	#
323	319.732	160	161	182	183	567	#
324	228.29	204	205	227	249	567	#
325	167.856	159	181	202	224	567	#
326	34.0423	489	#
327	2046.94	216	222	238	243	244	260	261	267	268	387	389	390	408	409	410	411	412	429	430	431	432	433	434	452	455	456	474	477	478	479	480	568	#
328	2207.26	19	86	87	108	109	129	130	151	152	173	174	175	196	261	263	282	283	284	302	305	306	325	326	327	359	360	361	382	383	404	405	568	#
329	2178.09	322	324	325	344	345	346	347	354	365	366	367	369	376	388	389	390	391	410	411	412	429	430	431	432	433	434	451	452	453	454	455	568	#
330	2103.54	7	8	28	29	30	51	298	299	300	321	322	346	366	368	369	388	389	390	411	412	413	432	433	434	455	456	457	477	478	479	480	568	#
331	2084.68	361	365	367	368	382	383	384	385	387	389	390	405	406	407	408	409	410	411	412	428	429	430	431	432	433	434	451	452	453	454	474	568	#
332	2077.63	317	318	322	340	341	342	343	344	345	346	363	364	365	366	368	369	386	387	388	389	390	408	409	430	431	432	433	451	452	453	474	568	#
333	997.63	15	16	37	60	82	102	103	104	124	125	146	163	184	185	186	207	229	251	273	274	569	#
334	1436.07	120	140	141	142	162	163	164	167	168	182	183	184	185	186	189	190	204	205	207	442	569	#
335	1422.13	102	123	124	143	144	145	146	165	166	167	168	189	190	210	212	213	233	234	235	256	569	#
336	1337.58	185	207	228	229	230	249	250	251	272	273	291	294	295	312	313	314	315	316	335	336	569	#
337	1323.17	109	119	120	131	140	141	142	162	163	164	184	185	186	207	208	287	306	308	309	330	569	#
338	1278.63	228	229	230	251	252	272	273	274	293	294	295	296	315	316	317	318	365	366	387	388	569	#
339	465.776	294	315	316	317	339	340	341	570	#
340	535.326	319	320	339	340	341	342	361	570	#
341	476.101	3	294	315	316	337	338	339	570	#
342	472.407	273	274	294	295	317	339	340	570	#
343	419.268	318	319	339	340	341	362	363	570	#
344	395.862	272	294	314	315	316	336	337	570	#
345	967.876	8	9	10	11	12	13	29	30	32	34	35	36	52	53	54	57	571	#
346	1236.62	10	32	52	53	54	55	74	75	76	77	97	98	99	100	101	122	571	#
347	1113.12	10	11	12	32	34	35	52	53	54	55	56	76	77	78	266	389	571	#
348	1109.13	10	32	35	53	54	55	56	76	77	99	100	120	121	122	158	180	571	#
349	1103.13	12	13	14	34	35	36	55	56	57	77	78	99	100	101	121	122	571	#
350	1098.89	50	51	52	53	54	55	71	72	73	74	75	76	93	94	96	116	571	#
351	116.176	401	424	572	#
352	123.038	400	401	572	#
353	823.87	237	259	281	282	283	284	304	305	306	307	326	327	328	350	351	573	#
354	1032.58	136	137	138	158	238	239	262	282	283	284	304	305	326	463	464	573	#
355	998.148	213	234	235	236	237	238	239	257	258	259	260	280	281	282	283	573	#
356	988.733	258	259	279	280	281	282	283	302	304	305	324	325	326	347	348	573	#
357	939.323	216	235	236	237	238	239	259	261	262	280	281	282	283	284	285	573	#
358	913.061	238	239	261	262	263	283	284	305	306	327	328	329	350	351	372	573	#
359	118.142	119	120	141	574	#
360	135.818	118	119	141	574	#
361	105.908	120	142	165	574	#
362	212.548	290	312	#
363	198.821	235	236	258	259	281	282	303	575	#
364	297	259	279	280	281	302	303	304	575	#
365	225.942	146	147	148	168	169	191	282	575	#
366	366.953	92	93	113	114	115	218	576	#
367	495.67	153	175	196	197	218	219	576	#
368	397.374	90	91	92	93	114	115	576	#
369	347.71	91	92	114	115	116	136	576	#
370	291.425	92	93	94	114	135	136	576	#
371	243.332	112	113	114	134	135	136	576	#
372	1688.02	14	15	16	17	18	19	21	35	36	37	38	39	40	41	42	43	58	59	60	61	62	63	64	82	83	84	85	86	87	105	106	107	108	109	577	#
373	2307.94	16	17	37	38	39	40	41	59	61	62	63	64	83	84	85	86	87	105	106	107	108	109	128	129	130	131	152	153	174	175	196	446	447	448	577	#
374	2303.77	38	39	41	43	61	62	63	64	65	82	83	84	85	86	87	103	105	106	108	109	126	131	153	175	300	301	302	322	323	324	325	346	367	368	577	#
375	2302.75	20	21	41	43	63	64	65	85	86	87	106	107	108	109	128	129	131	152	153	174	175	360	361	382	383	404	405	424	426	427	446	447	448	449	577	#
376	2179.25	4	17	25	26	39	40	41	46	47	48	49	61	62	63	64	68	70	71	83	84	85	86	87	105	107	108	109	127	422	423	424	445	446	447	577	#
377	2155.83	39	61	64	80	82	83	84	85	86	87	102	103	105	106	107	108	109	124	125	129	130	131	152	153	174	175	194	195	196	216	217	218	240	241	577	#
378	651.876	63	64	65	85	86	87	107	108	578	#
379	668.14	63	64	86	108	109	130	131	153	578	#
380	631.51	31	63	64	85	86	107	108	109	578	#
381	612.622	62	63	64	65	85	86	87	109	578	#
382	609.691	63	64	85	86	87	107	108	109	578	#
383	584.791	63	64	85	86	87	107	108	129	578	#
384	448.129	224	247	270	292	314	336	347	348	579	#
385	561.909	303	324	325	345	346	347	369	391	579	#
386	511.608	237	238	258	259	260	282	314	336	579	#
387	503.919	225	245	246	247	248	268	269	270	579	#
388	499.887	224	225	245	246	247	248	270	271	579	#
389	454.707	225	245	246	247	267	268	269	270	579	#
390	693.077	171	356	377	378	379	398	399	400	421	422	443	580	#
391	790.993	377	378	379	380	399	400	421	422	423	443	444	580	#
392	736.063	144	421	422	423	442	443	444	446	465	466	468	580	#
393	676.811	308	309	331	332	333	353	354	376	398	418	419	580	#
394	646.298	61	171	172	173	174	175	194	195	196	217	218	580	#
395	625.356	289	311	312	332	333	355	356	377	378	379	380	580	#
396	129.038	353	#
397	1322.05	3	4	5	6	7	8	25	26	27	28	29	30	47	48	49	50	51	69	70	72	73	581	#
398	1739.62	4	5	6	26	27	28	31	32	47	48	49	50	51	52	53	69	72	73	74	95	160	581	#
399	1663.4	4	5	23	24	25	26	27	28	46	47	48	49	50	52	69	70	72	73	74	91	95	581	#
400	1660.22	2	4	5	6	23	24	25	26	27	28	45	46	47	48	49	50	51	52	73	74	95	581	#
401	1644.55	4	5	26	27	28	31	47	48	49	50	51	52	53	69	71	72	73	74	94	95	117	581	#
402	1570.56	5	27	28	47	48	49	50	51	69	70	72	73	387	388	389	390	412	413	433	434	435	581	#
403	100.071	166	#
404	1897.13	41	75	95	96	303	304	312	322	323	324	325	326	327	334	335	344	345	346	348	349	350	367	369	370	392	398	399	582	#
405	2147.99	31	32	52	275	276	277	279	298	299	300	301	303	304	318	319	320	321	322	323	324	325	326	327	342	343	344	346	582	#
406	2070.55	19	20	21	41	42	43	64	149	225	261	281	283	302	303	304	305	322	323	324	325	326	327	328	330	331	346	350	582	#
407	1996.47	276	277	299	303	304	305	321	322	323	324	325	326	327	343	344	345	346	364	365	366	368	388	390	410	411	431	453	582	#
408	1985.62	97	236	237	258	259	260	261	280	281	282	303	304	305	306	323	324	325	326	327	328	346	348	350	452	453	475	476	582	#
409	1968.98	236	237	257	258	259	260	261	279	280	281	282	303	304	323	324	325	326	327	328	345	346	348	350	352	374	396	397	582	#
410	1872.31	199	221	222	224	225	226	243	244	245	246	247	248	249	250	265	266	267	268	269	270	271	289	290	291	305	306	310	311	312	313	327	333	334	350	502	583	#
411	2518.11	44	66	67	68	88	144	145	147	166	167	168	169	187	188	189	190	191	192	199	200	209	210	213	214	220	221	235	236	242	264	287	290	309	312	313	583	#
412	2445.56	62	84	226	247	248	249	250	251	270	271	272	275	276	297	298	299	300	301	319	320	321	322	323	341	342	343	344	345	364	365	366	386	387	388	389	583	#
413	2408.83	99	120	121	122	124	141	142	143	144	145	146	147	151	152	165	166	167	168	169	173	174	186	187	188	189	190	208	209	210	230	231	232	396	397	502	583	#
414	2331.82	86	87	108	109	111	131	239	258	261	262	279	280	281	282	283	301	302	303	304	305	306	325	326	327	328	347	348	349	350	370	371	372	392	393	394	583	#
415	2147.83	130	131	245	246	247	267	268	269	289	290	291	312	313	314	333	334	336	355	356	377	378	379	398	399	400	401	419	420	423	443	456	457	458	478	479	583	#
416	297.574	155	176	177	178	198	199	220	584	#
417	351.985	176	177	178	179	180	198	199	584	#
418	332.375	133	151	155	156	177	178	179	584	#
419	321.624	133	155	156	177	178	179	199	584	#
420	319.319	154	156	176	178	179	198	199	584	#
421	312.915	177	178	179	198	199	202	220	584	#
422	803.583	35	56	57	79	254	318	328	329	350	351	372	373	394	585	#
423	883.321	91	113	329	351	372	373	393	394	395	415	416	437	438	585	#
424	866.658	10	11	12	13	32	35	53	54	55	56	57	58	77	585	#
425	854.673	232	251	252	253	254	272	273	274	275	276	277	297	319	585	#
426	831.897	325	347	348	349	350	370	371	372	393	415	416	437	438	585	#
427	821.789	239	262	283	284	285	305	307	328	329	351	372	393	394	585	#
428	589.876	13	14	15	16	35	36	37	38	58	81	239	586	#
429	785.224	15	16	36	37	59	60	339	340	361	362	363	586	#
430	648.04	13	14	15	16	36	37	38	39	60	369	390	586	#
431	644.316	17	34	35	36	37	56	57	78	100	212	213	586	#
432	572.226	13	14	15	16	27	36	44	49	50	71	93	586	#
433	568.665	14	15	36	37	38	60	82	103	104	273	421	586	#
434	474.972	158	159	161	162	181	182	202	587	#
435	506	181	201	202	222	223	224	225	587	#
436	459.729	115	136	137	158	159	181	202	587	#
437	442.496	137	138	139	161	181	182	183	587	#
438	442.048	159	160	161	162	182	203	204	587	#
439	438.746	116	137	138	159	160	181	202	587	#
440	302.974	158	159	180	202	203	588	#
441	337.459	179	180	202	203	224	588	#
442	310.429	179	202	203	225	247	588	#
443	271.577	136	158	179	180	202	588	#
444	246.943	137	159	160	161	182	588	#
445	245.156	179	181	202	203	204	588	#
446	159.758	346	347	#
447	1572.47	214	235	236	256	257	258	279	280	281	302	303	322	323	324	325	343	344	345	366	367	589	#
448	1536.88	233	234	235	236	237	255	256	257	258	276	277	278	279	280	297	298	302	303	324	325	589	#
449	1493.16	163	164	165	166	185	186	187	188	192	193	209	213	214	215	236	237	238	257	258	279	589	#
450	1492.03	322	323	324	343	344	345	346	365	366	367	369	387	388	389	390	391	409	412	413	431	589	#
451	1446.9	81	103	125	193	194	212	213	214	215	235	236	237	238	256	257	258	259	278	280	302	589	#
452	1439.01	258	268	278	280	290	300	301	302	303	312	313	322	323	324	325	326	334	335	345	346	589	#
453	469.226	110	132	133	155	177	183	198	199	590	#
454	457.074	132	133	155	177	178	199	200	221	590	#
455	442.556	44	66	67	88	110	132	133	275	590	#
456	412.546	133	154	155	177	178	179	199	221	590	#
457	408.143	133	154	155	177	178	198	199	220	590	#
458	403.519	110	111	112	132	133	134	135	155	590	#
459	575.769	259	260	280	281	282	302	303	304	323	324	325	591	#
460	749.989	283	304	305	306	326	327	328	349	350	351	372	591	#
461	734.251	192	214	236	237	238	239	257	258	259	260	281	591	#
462	718.366	281	302	303	304	322	323	324	325	326	345	346	591	#
463	706.672	50	281	302	303	304	305	324	325	327	346	458	591	#
464	694.852	279	301	302	303	304	323	324	325	326	327	346	591	#
465	146.476	340	341	342	592	#
466	184.193	150	340	341	592	#
467	120.773	316	317	340	592	#
468	426.505	227	228	248	249	251	270	271	272	593	#
469	596.097	206	227	228	229	230	250	251	272	593	#
470	541.969	205	207	227	228	229	250	251	506	593	#
471	531.858	204	205	226	227	231	232	247	248	593	#
472	505.501	227	228	229	249	250	251	272	294	593	#
473	478.653	207	227	229	249	251	270	271	272	593	#
474	626.809	186	208	209	229	230	251	252	253	274	594	#
475	788.888	230	250	251	252	272	274	298	320	342	594	#
476	693.357	72	186	208	209	210	211	230	232	252	594	#
477	690.611	208	229	230	251	252	253	272	273	295	594	#
478	682.644	229	230	251	252	272	273	274	295	296	594	#
479	652.248	168	190	191	209	210	211	212	213	232	594	#
480	619.295	196	197	219	240	241	262	263	283	284	285	307	595	#
481	916.994	110	149	171	174	192	193	194	195	196	197	214	595	#
482	853.677	107	128	129	130	131	151	152	153	174	196	197	595	#
483	715.624	129	152	174	175	195	196	197	219	240	241	262	595	#
484	664.032	193	214	215	216	237	238	259	261	282	283	284	595	#
485	603.872	195	196	197	215	216	217	218	219	240	241	314	595	#
486	405.647	456	457	458	479	480	596	#
487	428.107	412	413	435	457	480	596	#
488	426.882	458	459	460	480	482	596	#
489	407.947	110	132	456	478	479	596	#
490	311.143	106	321	457	479	480	596	#
491	196.619	237	259	260	261	281	282	597	#
492	267.598	144	238	259	260	261	282	597	#
493	235.364	237	238	260	261	262	400	597	#
494	398.185	384	385	406	428	598	#
495	379.832	361	384	406	428	598	#
496	345.681	363	385	406	407	598	#
497	234.373	384	385	386	501	598	#
498	223.285	346	406	428	429	598	#
499	767.947	325	347	348	367	368	369	370	371	393	415	438	439	599	#
500	1034.93	346	364	365	367	368	386	387	388	389	390	391	410	599	#
501	897.893	62	347	368	369	389	390	391	411	412	413	433	435	599	#
502	837.166	62	63	64	370	392	414	415	416	436	437	438	439	599	#
503	809.163	323	324	325	345	346	347	368	369	390	391	413	448	599	#
504	778.98	395	416	417	437	438	439	458	459	460	461	482	483	599	#
505	395.851	292	294	314	315	316	600	#
506	438.904	294	314	315	316	317	600	#
507	384.259	292	294	314	315	496	600	#
508	362.482	292	294	308	314	315	600	#
509	355.657	313	314	315	337	358	600	#
510	128.221	286	291	292	308	313	600	#
511	371.342	275	276	298	320	601	#
512	333.804	275	276	297	298	601	#
513	289.611	275	297	319	320	601	#
514	230.949	275	276	277	299	601	#
515	195.248	276	298	299	321	601	#
516	601.18	102	406	407	428	447	448	449	450	469	470	471	472	602	#
517	859.748	34	56	405	406	426	427	428	448	449	450	471	472	602	#
518	776.858	384	385	406	427	428	448	449	450	469	470	471	472	602	#
519	770.403	364	365	384	385	386	406	407	428	429	430	451	473	602	#
520	758.789	80	102	103	104	123	124	125	145	300	322	323	357	602	#
521	696.754	232	254	275	276	406	426	428	448	449	450	471	472	602	#
522	671.766	458	459	460	461	479	480	481	482	483	603	#
523	703.504	438	459	460	461	479	480	481	482	483	603	#
524	627.24	457	458	459	460	461	480	481	482	483	603	#
525	555.673	439	458	459	460	461	480	482	483	506	603	#
526	540.859	438	439	458	459	460	461	481	482	483	603	#
527	532.379	455	456	458	459	477	478	479	480	481	603	#
528	396.882	123	124	145	166	167	604	#
529	410.165	145	166	167	189	190	604	#
530	359.515	123	124	125	145	146	604	#
531	346.642	166	167	189	210	211	604	#
532	332.365	102	123	124	145	146	604	#
533	302.093	123	145	146	167	168	604	#
534	460.377	159	160	180	181	182	202	605	#
535	563.676	159	180	181	202	224	246	605	#
536	493.089	180	181	182	202	203	204	605	#
537	472.045	158	180	181	182	202	204	605	#
538	432.135	158	159	180	181	266	267	605	#
539	415.253	140	159	160	161	162	182	605	#
540	1106.38	382	404	405	406	425	426	427	428	429	430	431	447	448	449	450	451	452	470	471	472	473	606	#
541	1578.44	201	202	203	204	222	223	224	225	226	244	247	248	266	327	363	384	385	406	407	429	430	606	#
542	1358.74	24	313	335	341	356	357	358	359	360	361	362	363	378	382	383	384	385	404	405	426	427	606	#
543	1351.9	320	341	342	363	385	405	406	407	427	428	429	430	431	448	449	450	451	452	473	474	475	606	#
544	1344.54	171	172	173	174	175	359	360	361	382	383	403	404	405	425	426	427	428	429	448	449	471	606	#
545	1336.88	317	319	340	341	361	362	363	383	384	385	406	407	410	427	428	429	430	431	451	473	474	606	#
546	187.488	134	156	157	607	#
547	248.435	133	134	156	607	#
548	152.852	112	134	156	607	#
549	73.4617	157	244	245	607	#
550	378.517	407	427	428	429	608	#
551	373.775	407	428	429	451	608	#
552	320.533	405	427	428	449	608	#
553	245.465	197	428	449	450	608	#
554	549.505	144	166	167	187	188	210	211	609	#
555	578.046	166	167	188	189	190	210	211	609	#
556	568.783	143	144	165	166	188	210	211	609	#
557	547.746	121	143	144	165	167	188	189	609	#
558	506.943	143	144	165	166	167	187	188	609	#
559	492.098	166	167	186	187	188	189	210	609	#
560	953.843	0	1	2	3	22	23	24	44	45	46	66	67	88	89	90	110	112	113	610	#
561	1246.15	0	1	2	3	22	23	24	187	208	209	230	231	232	253	254	276	277	297	610	#
562	1190.64	0	1	2	3	10	11	22	23	24	44	45	46	52	66	67	88	110	424	610	#
563	1088.22	22	23	44	58	59	81	82	83	103	104	105	106	127	128	148	149	150	151	610	#
564	1042.82	1	22	23	45	106	126	127	128	147	148	149	150	169	170	171	193	194	195	610	#
565	1009.61	0	1	22	23	24	44	45	46	66	67	88	89	90	91	92	110	113	114	610	#
566	793.557	0	1	2	22	23	24	44	45	46	68	90	611	#
567	888.764	5	22	23	24	25	26	27	45	49	50	71	611	#
568	818.485	0	22	23	24	44	45	308	330	331	352	374	611	#
569	792.972	1	22	23	24	44	45	46	66	67	68	69	611	#
570	789.262	22	23	24	44	45	46	67	68	89	90	91	611	#
571	778.488	0	1	2	3	23	24	25	26	44	45	67	611	#
572	1810.32	74	95	200	222	224	242	243	244	245	246	264	265	266	267	268	286	287	288	308	309	310	311	330	331	332	352	353	354	375	612	#
573	1942.68	222	242	243	244	245	246	249	264	266	267	268	269	271	286	287	288	289	290	291	292	293	308	310	311	314	330	331	332	353	612	#
574	1938.13	222	242	243	244	245	246	264	266	267	268	269	286	287	288	290	291	308	309	310	311	312	313	314	330	331	334	353	355	377	612	#
575	1931.05	9	31	32	33	52	74	267	287	288	289	290	291	308	309	310	311	312	313	314	315	330	331	332	333	334	335	336	355	495	612	#
576	1918.93	123	253	256	275	276	278	297	298	299	300	301	308	309	319	320	322	323	324	330	331	342	343	352	353	364	374	375	376	405	612	#
577	1912.7	77	170	189	190	191	192	193	212	213	214	233	234	235	236	287	288	310	311	330	331	332	353	354	355	376	377	398	420	443	612	#
578	267.946	167	168	169	613	#
579	324.02	145	167	168	613	#
580	503.138	381	401	403	424	425	446	447	469	470	471	614	#
581	669.126	381	424	425	428	446	447	448	449	468	469	614	#
582	654.729	401	402	423	424	425	446	447	448	467	468	614	#
583	612.35	24	45	46	62	63	66	67	68	88	401	614	#
584	603.964	2	3	24	139	161	446	447	448	469	470	614	#
585	557.612	359	381	401	402	403	404	423	424	425	447	614	#
586	148.11	233	255	615	#
587	138.025	233	234	615	#
588	124.115	255	256	615	#
589	281.855	59	81	102	103	616	#
590	303.609	59	80	81	103	616	#
591	283.492	36	58	59	67	616	#
592	169.766	81	82	103	104	616	#
593	1348.06	254	255	277	297	298	299	318	319	320	321	340	341	342	343	344	345	362	363	364	378	386	387	617	#
594	1637.82	297	319	320	322	323	339	340	341	342	343	344	345	359	360	361	362	363	364	365	366	387	408	617	#
595	1630.78	297	298	320	339	340	341	342	360	361	362	363	364	384	385	386	387	408	409	429	430	431	451	617	#
596	1459.63	208	233	234	253	254	255	256	277	278	337	339	340	358	359	360	361	362	363	381	382	404	405	617	#
597	1456.94	317	318	319	320	321	339	340	341	342	361	362	363	364	385	386	387	407	408	409	431	453	475	617	#
598	1434.93	297	298	299	317	319	320	321	340	341	342	359	360	361	362	363	364	365	382	385	386	388	408	617	#
599	69.9559	191	212	#
600	1464.37	226	227	228	229	230	248	249	250	251	267	268	269	270	271	272	289	290	291	292	293	294	314	315	505	618	#
601	1606.75	228	249	251	252	253	270	271	272	292	293	294	302	314	315	316	317	325	336	337	339	340	341	362	363	618	#
602	1528.9	184	205	206	227	228	229	230	249	250	251	270	271	272	273	286	287	288	292	293	294	309	315	316	331	618	#
603	1524.03	205	227	228	229	230	249	250	251	252	271	272	293	294	315	316	339	361	383	384	385	386	392	406	414	618	#
604	1494.8	21	42	43	52	53	61	73	74	94	95	228	249	250	251	252	270	271	272	274	292	293	314	315	337	618	#
605	1475.68	183	184	205	226	227	228	229	230	248	249	250	251	252	270	271	272	286	292	293	294	316	317	339	340	618	#
606	56.4274	264	265	619	#
607	9.88386	257	265	619	#
608	608.117	16	37	38	59	60	81	82	83	103	105	360	620	#
609	694.202	360	381	382	404	425	426	446	447	448	449	469	620	#
610	670.779	60	61	82	83	84	104	106	127	369	390	479	620	#
611	659.279	14	16	17	36	37	38	58	59	60	82	83	620	#
612	628.432	61	82	83	84	103	104	105	125	126	147	177	620	#
613	625.423	38	60	61	82	83	103	104	105	106	126	127	620	#
614	69.286	112	135	621	#
615	93.9997	112	113	621	#
616	71.7389	134	135	621	#
617	171.426	178	199	200	622	#
618	166.424	134	156	178	622	#
619	118.261	178	198	199	622	#
620	211.132	66	67	88	89	623	#
621	246.645	66	88	89	90	623	#
622	211.214	88	89	90	471	623	#
623	204.338	44	66	67	89	623	#
624	202.794	67	88	89	111	623	#
625	652.97	236	237	257	258	259	279	280	281	300	301	302	303	624	#
626	837.845	280	281	302	303	304	324	325	344	365	366	388	389	624	#
627	776.48	214	236	258	259	278	280	281	300	301	302	325	347	624	#
628	721.683	236	258	259	279	280	281	282	299	300	301	302	325	624	#
629	696.073	236	237	258	259	280	281	282	283	303	304	325	347	624	#
630	689.459	168	190	192	213	214	215	216	236	257	258	259	280	624	#
631	987.599	413	433	435	436	454	455	456	457	458	474	475	476	477	478	625	#
632	1175.1	345	346	368	369	389	390	391	411	412	413	433	434	435	457	625	#
633	1167.17	389	390	411	412	413	431	432	433	434	435	454	455	475	476	625	#
634	1155.8	390	411	412	413	433	434	435	455	456	457	478	479	480	481	625	#
635	1146.82	388	389	411	412	413	432	433	434	435	455	456	457	478	480	625	#
636	1122.94	408	409	431	432	433	434	435	454	455	456	457	475	476	478	625	#
637	873.963	138	258	280	300	301	302	303	305	325	326	327	348	349	350	370	371	392	626	#
638	1224.28	8	9	10	31	32	259	280	281	282	283	300	301	302	325	326	327	348	626	#
639	1163.89	276	277	279	280	281	282	283	298	299	300	301	302	303	322	323	325	345	626	#
640	1133.68	255	274	275	276	277	279	280	298	299	300	301	302	322	325	347	348	503	626	#
641	1128.33	38	60	82	104	105	126	127	128	151	325	326	327	347	348	349	350	372	626	#
642	1107.14	206	228	229	230	250	251	252	272	273	274	294	295	305	306	315	316	327	626	#
643	810.855	432	437	453	454	455	456	457	458	459	475	476	477	478	479	480	627	#
644	1063.59	412	432	433	434	435	451	452	453	454	457	473	474	475	476	477	627	#
645	1030.52	95	96	117	118	119	432	451	452	453	454	455	473	475	476	477	627	#
646	996.884	387	388	408	409	410	431	451	452	453	454	473	474	475	476	493	627	#
647	964.934	290	313	412	415	416	432	433	434	435	436	438	457	458	480	481	627	#
648	924.813	415	416	435	436	437	438	456	457	458	459	479	480	481	482	483	627	#
649	913.039	166	256	278	300	322	323	324	345	346	347	348	367	368	369	628	#
650	1187.49	323	324	345	346	347	367	368	369	389	390	391	412	413	435	628	#
651	1159.19	302	323	324	345	346	347	367	368	369	389	390	411	412	413	628	#
652	1098.07	322	323	324	345	346	347	367	368	369	389	390	391	412	433	628	#
653	1066.66	256	302	324	345	346	367	368	390	396	411	412	413	418	435	628	#
654	1054.35	142	346	347	368	369	389	390	391	412	413	433	434	435	455	628	#
655	584.247	26	45	46	47	48	49	70	85	86	87	629	#
656	860.067	64	86	107	108	109	129	130	152	174	196	629	#
657	845.352	64	86	87	108	109	129	130	131	363	421	629	#
658	758.249	1	22	23	45	46	47	48	67	68	69	629	#
659	748.419	26	45	46	47	48	67	68	69	91	363	629	#
660	649.849	26	44	45	46	47	49	67	68	88	110	629	#
661	231.572	75	97	119	630	#
662	190.026	75	96	97	630	#
663	169.296	119	141	142	630	#
664	157.768	97	98	99	630	#
665	83.4676	35	57	79	631	#
666	98.438	57	58	79	631	#
667	811.813	348	369	370	391	392	393	412	413	414	433	434	435	632	#
668	979.628	367	368	369	370	371	391	392	412	413	433	434	435	632	#
669	939.633	324	325	326	327	347	348	349	350	368	369	370	371	632	#
670	938.932	348	349	369	370	371	390	391	412	413	434	435	457	632	#
671	926.442	302	325	347	369	391	411	412	413	432	433	434	435	632	#
672	917.842	347	348	368	369	370	390	391	412	413	433	434	435	632	#
673	133.38	456	457	633	#
674	112.048	456	479	633	#
675	15.868	3	#
676	448.517	11	12	13	14	34	35	57	58	78	79	80	634	#
677	583.265	35	57	78	79	80	102	103	248	459	481	482	634	#
678	581.882	14	36	37	303	304	305	327	328	350	351	372	634	#
679	571.465	35	36	57	78	79	80	100	101	122	439	461	634	#
680	567.786	35	57	58	78	79	80	101	102	124	146	147	634	#
681	548.023	11	12	13	14	33	34	35	36	37	222	244	634	#
682	902.946	256	278	300	321	322	323	343	344	345	365	366	387	388	635	#
683	1014.42	278	300	322	323	344	345	365	366	386	387	388	389	409	635	#
684	986.671	12	13	34	321	322	323	343	344	345	365	366	367	387	635	#
685	952.444	300	322	343	344	364	365	366	386	387	388	389	409	411	635	#
686	944.076	300	322	343	344	345	365	366	388	389	409	410	431	432	635	#
687	943.273	81	278	300	322	341	342	343	344	345	365	366	387	388	635	#
688	148.123	210	211	636	#
689	149.868	211	212	636	#
690	102.271	189	210	636	#
691	207.519	106	107	126	127	637	#
692	236.065	106	107	127	268	637	#
693	222.836	63	64	85	107	637	#
694	199.749	61	62	126	127	637	#
695	129.782	106	126	127	128	637	#
696	450.102	237	259	260	280	281	282	302	304	638	#
697	559.83	154	176	259	283	284	285	305	327	638	#
698	557.407	92	259	279	280	281	301	302	446	638	#
699	532.417	279	280	298	299	300	301	302	324	638	#
700	530.028	279	280	301	302	303	324	325	326	638	#
701	529.298	206	228	229	250	272	294	304	305	638	#
702	245.864	26	201	222	223	639	#
703	284.152	26	27	28	368	639	#
704	256.443	178	200	201	223	639	#
705	231.028	199	200	201	288	639	#
706	224.017	200	222	223	244	639	#
707	467.226	155	156	157	177	178	179	199	200	202	640	#
708	644.492	110	111	112	132	133	135	155	156	157	640	#
709	570.965	134	135	155	156	157	177	179	199	202	640	#
710	519.133	111	112	113	134	135	156	157	158	178	640	#
711	518.746	156	157	158	178	179	180	181	200	202	640	#
712	491.014	176	198	199	200	201	222	223	243	244	640	#
713	303.691	2	23	24	45	641	#
714	388.155	1	2	24	46	641	#
715	383.302	1	23	24	45	641	#
716	357.999	23	24	45	46	641	#
717	347.092	1	2	23	24	641	#
718	102.693	499	#
719	1009.82	242	243	264	265	286	287	308	309	310	330	331	353	354	399	400	421	422	443	444	642	#
720	1177.6	352	374	397	398	399	420	421	422	423	440	441	442	443	444	446	462	463	466	467	642	#
721	1130.04	308	330	331	376	397	398	399	400	401	421	422	423	424	444	445	446	447	466	502	642	#
722	1090.92	286	287	308	309	330	331	352	354	425	426	428	429	430	431	432	453	454	455	476	642	#
723	1057.96	264	265	266	286	287	415	416	436	437	438	439	458	459	460	479	480	481	482	483	642	#
724	1052.73	399	400	401	402	404	420	421	422	423	424	426	443	444	445	446	447	448	466	469	642	#
725	1207.45	175	181	182	193	194	195	196	197	216	217	218	219	241	263	285	643	#
726	1313.14	170	192	193	194	195	196	217	455	456	457	476	477	478	479	480	643	#
727	1235.93	108	128	129	130	151	152	173	174	175	195	196	197	218	219	241	643	#
728	1190.33	149	171	172	174	175	193	194	195	196	216	217	218	219	238	241	643	#
729	1140.65	137	138	139	160	161	181	182	204	205	206	224	226	228	247	506	643	#
730	1140.49	149	169	170	171	172	173	191	192	193	194	195	196	214	217	218	643	#
731	394.777	376	396	398	419	420	441	644	#
732	452.415	352	374	396	397	398	418	644	#
733	432.65	396	398	418	419	441	442	644	#
734	401.174	418	419	441	442	463	464	644	#
735	393.877	420	421	443	444	445	467	644	#
736	355.366	354	376	398	419	420	442	644	#
737	397.722	1	249	270	271	292	293	294	645	#
738	579.525	0	1	23	44	45	290	312	645	#
739	463.04	248	249	271	291	292	293	294	645	#
740	393.005	272	289	290	291	293	294	295	645	#
741	377.436	82	271	272	293	294	315	337	645	#
742	338.101	247	249	269	270	271	272	293	645	#
743	1377.1	21	42	43	64	65	86	386	387	408	409	410	430	431	432	451	452	453	454	473	475	476	646	#
744	1616.33	19	20	41	42	43	64	65	85	86	87	107	108	129	266	339	340	361	362	363	384	385	646	#
745	1609.91	294	316	317	339	340	341	362	363	384	385	386	387	408	409	410	430	431	453	454	475	476	646	#
746	1532.44	386	387	408	409	431	432	433	435	453	454	455	456	457	458	459	475	476	477	478	479	480	646	#
747	1507.48	387	408	409	412	430	431	432	433	434	435	453	454	456	457	458	475	476	477	478	479	480	646	#
748	1476.06	125	339	340	342	343	362	363	364	365	384	385	386	387	388	408	409	410	431	432	433	455	646	#
749	739.418	396	419	421	422	441	442	443	463	464	465	647	#
750	780.915	396	398	399	418	419	441	442	463	464	465	647	#
751	765.527	281	303	325	419	441	442	462	463	464	465	647	#
752	736.653	400	401	421	422	423	424	444	446	447	448	647	#
753	725.007	399	400	419	421	422	442	443	463	464	465	647	#
754	709.755	353	374	375	396	397	398	399	418	419	441	647	#
755	930.122	80	102	103	123	124	125	144	145	146	167	168	169	170	187	188	208	209	648	#
756	1271.77	123	145	166	167	184	185	186	187	188	189	207	208	209	210	230	252	253	648	#
757	1244.83	127	128	129	148	149	170	171	172	192	193	194	195	213	214	385	407	429	648	#
758	1208.56	143	146	165	167	168	184	185	186	187	188	189	207	208	209	229	230	251	648	#
759	1171.7	121	143	165	185	186	187	189	207	208	209	210	211	229	230	231	253	314	648	#
760	1137.27	147	148	168	169	171	172	191	192	193	194	212	213	214	235	236	257	258	648	#
761	92.7178	331	354	#
762	225.542	292	293	315	316	649	#
763	221.219	293	315	316	337	649	#
764	166.981	269	291	292	293	649	#
765	782.649	6	7	423	424	440	441	442	443	445	446	465	466	467	468	650	#
766	918.561	4	5	6	7	8	25	26	27	28	29	30	48	70	71	650	#
767	870.421	85	86	106	107	108	109	129	131	151	152	441	442	462	463	650	#
768	856.437	203	352	374	375	397	398	399	419	420	421	442	443	465	508	650	#
769	851.157	398	399	400	420	421	422	423	424	440	441	442	443	462	463	650	#
770	832.26	398	399	400	401	421	423	424	425	426	443	445	465	466	467	650	#
771	302.803	456	458	479	480	651	#
772	325.759	456	457	479	480	651	#
773	275.476	92	456	478	479	651	#
774	255.177	436	458	480	481	651	#
775	249.029	16	36	37	58	652	#
776	292.271	14	15	16	36	652	#
777	278.191	15	35	36	37	652	#
778	273.818	57	58	80	81	652	#
779	257.854	36	37	57	58	652	#
780	792.869	215	217	218	237	238	239	240	241	259	260	261	262	263	283	285	653	#
781	1068.3	196	197	200	201	218	222	223	224	225	241	244	263	266	428	449	653	#
782	1019.81	261	283	318	319	320	341	342	343	344	364	365	366	387	388	389	653	#
783	1014.71	215	216	235	236	237	238	239	240	241	249	251	259	260	273	282	653	#
784	1012.21	149	150	171	172	194	196	197	217	218	219	239	241	259	261	262	653	#
785	949.63	193	213	214	215	216	217	235	236	237	238	239	257	258	279	322	653	#
786	490.637	111	113	114	134	135	136	157	158	159	654	#
787	597.737	137	138	156	157	158	159	160	180	182	654	#
788	470.258	115	135	136	137	158	159	226	248	249	654	#
789	456.366	113	135	136	137	156	157	158	159	315	654	#
790	443.931	92	110	111	112	114	134	135	136	157	654	#
791	432.494	113	134	135	136	155	156	157	158	284	654	#
792	204.979	208	230	231	655	#
793	295.501	207	208	230	655	#
794	211.71	208	229	230	655	#
795	183.728	229	230	231	655	#
796	748.031	65	82	83	86	87	106	107	108	109	128	129	656	#
797	913.542	108	128	129	150	151	152	153	173	174	175	196	656	#
798	903.862	42	43	64	65	86	87	109	322	344	345	346	656	#
799	855.385	64	65	86	87	108	109	131	153	374	375	419	656	#
800	847.284	21	42	43	64	65	85	86	87	108	109	129	656	#
801	810.662	107	108	109	127	128	129	150	151	152	173	482	656	#
802	183.95	230	252	657	#
803	233.466	251	252	657	#
804	1059.97	330	331	352	353	374	413	434	435	457	458	478	479	480	658	#
805	1009.35	367	368	369	388	389	390	391	413	415	434	435	436	437	658	#
806	978.478	345	346	367	368	390	391	412	413	433	434	435	436	455	658	#
807	939.079	308	309	330	331	332	333	352	353	354	374	396	397	419	658	#
808	899.488	8	287	308	309	310	330	331	352	374	376	397	398	399	658	#
809	886.517	392	412	413	414	415	416	417	434	435	436	457	478	479	658	#
810	361.434	348	369	370	371	392	414	415	659	#
811	458.723	119	141	415	416	436	438	439	659	#
812	451.801	368	369	370	389	390	391	392	659	#
813	374.902	348	349	350	351	370	371	372	659	#
814	315.79	348	369	370	371	390	392	393	659	#
815	312.498	392	393	414	415	416	436	437	659	#
816	569.924	161	182	183	184	204	205	206	227	251	660	#
817	751.813	140	161	162	183	184	203	204	205	206	660	#
818	658.931	116	138	160	161	181	182	459	480	481	660	#
819	632.329	181	183	184	203	204	205	206	225	226	660	#
820	579.805	162	163	184	206	228	229	412	433	434	660	#
821	538.371	98	161	162	163	183	184	206	209	228	660	#
822	535.041	401	403	423	424	425	446	468	661	#
823	619.169	230	251	252	424	445	446	468	661	#
824	541.499	381	403	424	425	446	447	468	661	#
825	490.137	360	380	381	382	403	404	425	661	#
826	477.504	401	423	424	425	446	447	468	661	#
827	457.223	403	423	424	425	445	446	447	661	#
828	649.06	354	355	376	377	397	398	399	400	419	420	421	662	#
829	749.481	332	333	334	335	353	354	355	356	377	399	400	662	#
830	732.441	88	110	310	312	331	332	333	353	354	355	377	662	#
831	718.961	299	376	398	399	400	419	420	421	422	423	441	662	#
832	690.817	377	398	399	400	401	402	421	422	423	424	447	662	#
833	682.6	331	353	354	374	375	376	377	397	398	399	400	662	#
834	1574.73	387	388	389	390	408	409	410	411	412	413	415	434	435	436	456	457	458	479	480	663	#
835	1571.2	142	395	410	411	412	413	414	415	416	417	433	434	435	436	438	439	458	461	480	663	#
836	1531.82	365	387	388	408	410	411	412	413	431	432	433	434	435	453	454	455	457	475	480	663	#
837	1501.5	340	341	363	364	365	367	384	385	386	387	388	389	408	409	410	411	412	413	432	663	#
838	1448.37	322	340	343	344	363	364	366	386	387	388	389	408	410	411	412	413	432	433	434	663	#
839	1439.53	324	325	346	347	367	368	369	388	389	390	391	411	412	413	433	434	435	436	457	663	#
840	181.769	47	68	69	664	#
841	207.471	26	47	478	664	#
842	124.797	68	69	90	664	#
843	853.119	172	177	198	199	200	221	222	223	242	243	244	264	267	268	665	#
844	1170.34	105	127	128	129	148	149	150	151	152	170	172	194	195	196	665	#
845	951.346	201	221	222	223	243	244	245	264	265	286	287	308	309	330	665	#
846	940.776	177	199	200	221	222	223	244	245	246	266	267	268	269	486	665	#
847	881.034	203	225	245	246	247	268	269	270	290	291	292	312	333	334	665	#
848	879.357	178	200	222	223	224	243	244	246	264	265	266	286	287	308	665	#
849	43.2434	391	#
850	592.273	5	218	219	239	240	241	262	285	307	337	666	#
851	664.735	187	188	209	336	337	357	358	422	423	424	666	#
852	660.221	283	284	285	305	306	307	326	327	328	349	666	#
853	631.985	145	167	239	240	261	262	283	284	285	307	666	#
854	582.537	238	239	240	260	261	262	424	446	447	448	666	#
855	581.241	240	262	284	285	305	306	307	326	327	328	666	#
856	117.067	99	#
857	178.184	18	19	#
858	75.2501	46	#
859	106.618	15	16	#
860	77.2734	61	83	106	667	#
861	96.4394	61	82	83	667	#
862	46.4303	60	61	83	667	#
863	546.555	372	373	393	394	395	416	417	438	668	#
864	601.891	372	373	395	415	416	417	436	438	668	#
865	570.113	372	373	395	416	417	439	461	483	668	#
866	540.856	372	373	395	417	437	438	439	461	668	#
867	497.401	326	328	348	349	350	371	372	373	668	#
868	439.673	371	393	415	416	417	437	438	460	668	#
869	137.603	193	458	669	#
870	184.139	171	193	669	#
871	167.818	458	480	669	#
872	239.453	193	214	215	242	243	264	286	670	#
873	343.681	170	192	214	215	216	236	237	670	#
874	250.583	221	242	243	244	245	266	267	670	#
875	550.849	120	139	140	141	163	164	165	166	185	671	#
876	599.943	117	118	120	139	140	141	163	164	185	671	#
877	560.93	98	117	118	119	120	121	139	140	141	671	#
878	542.585	127	165	166	185	186	187	209	210	468	671	#
879	535.255	95	116	117	118	139	140	162	163	164	671	#
880	427.702	3	142	163	164	165	185	186	187	209	671	#
881	600.742	416	438	458	459	460	480	481	482	672	#
882	608.004	435	457	458	460	479	480	481	482	672	#
883	546.748	415	416	417	437	438	439	460	461	672	#
884	543.15	282	304	458	477	478	479	480	481	672	#
885	519.184	82	83	105	416	437	438	459	481	672	#
886	496.816	161	393	415	417	438	439	460	461	672	#
887	831.699	14	333	334	353	354	355	356	357	377	399	421	443	447	464	465	673	#
888	1217.88	8	9	28	29	30	31	52	323	442	443	444	464	465	466	467	673	#
889	1151.5	333	335	355	356	357	377	378	382	398	399	400	404	421	425	426	673	#
890	1109.87	312	313	333	334	354	355	356	357	377	378	399	400	421	443	486	673	#
891	1001.06	377	399	419	420	421	442	443	444	445	464	465	466	467	468	469	673	#
892	999.922	271	291	292	293	294	312	313	314	335	336	355	356	357	377	378	673	#
893	1270.31	216	217	237	238	259	260	280	281	282	303	304	326	327	328	329	347	348	351	369	370	500	674	#
894	1675.5	280	281	282	287	303	304	309	324	325	326	327	328	345	346	347	348	349	367	368	369	370	674	#
895	1531.04	303	323	324	325	326	327	345	346	347	348	367	368	369	370	389	390	391	411	412	413	434	674	#
896	1488.53	239	259	261	279	280	281	282	283	284	303	304	325	326	345	346	347	348	349	367	368	390	674	#
897	1423.92	281	282	303	304	324	325	326	327	346	347	348	368	369	390	428	429	430	449	450	451	473	674	#
898	1405.25	161	182	303	304	322	323	324	325	326	327	344	345	346	347	348	368	369	370	390	391	438	674	#
899	208.45	13	35	57	58	491	675	#
900	269.106	13	34	35	57	58	675	#
901	264.245	34	35	56	57	78	675	#
902	264.036	12	13	14	34	357	675	#
903	232.786	80	102	240	241	491	675	#
904	137.491	35	57	58	59	81	675	#
905	27.3791	159	#
906	2489.23	117	120	121	139	140	141	142	143	144	145	162	163	164	165	167	184	185	186	187	188	189	205	206	207	208	209	210	211	212	227	228	229	230	231	232	249	251	252	253	254	257	258	418	676	#
907	3044.99	0	42	43	64	65	71	72	87	93	95	109	115	116	117	123	131	137	145	159	160	161	166	167	168	185	186	188	189	207	208	209	210	228	229	230	231	251	264	286	419	420	443	465	676	#
908	3042.99	50	79	80	81	102	123	124	125	144	145	146	167	168	185	186	187	189	190	207	208	209	211	228	229	230	231	232	250	251	252	253	254	255	272	273	274	275	276	295	296	297	319	330	676	#
909	3032.58	185	189	207	208	211	230	231	232	233	234	235	252	253	254	255	256	257	272	273	274	275	276	277	294	295	296	297	298	314	315	316	317	318	319	320	321	339	340	341	361	363	364	385	676	#
910	2966.71	10	11	31	32	33	52	55	76	97	98	99	118	119	120	140	141	163	167	184	185	186	188	189	204	205	206	207	208	209	210	211	227	228	229	230	231	249	251	252	272	354	399	421	676	#
911	2938.16	102	123	124	125	144	145	167	187	188	189	190	208	209	210	211	212	231	232	233	234	257	295	312	317	318	319	320	332	333	334	340	341	342	353	354	355	356	363	364	385	386	407	429	676	#
912	371.035	379	380	381	386	387	402	408	409	677	#
913	550.335	337	363	364	365	386	387	388	409	677	#
914	520.79	152	174	380	381	382	387	388	409	677	#
915	464.836	357	358	359	360	378	379	380	381	677	#
916	391.266	139	364	365	366	386	387	408	409	677	#
917	373.003	356	357	358	359	378	379	380	381	677	#
918	311.864	323	344	345	678	#
919	273.418	322	323	344	678	#
920	113.853	344	366	388	678	#
921	247.109	100	101	121	122	679	#
922	322.138	121	122	239	261	679	#
923	296.446	78	100	101	302	679	#
924	214.401	99	100	101	122	679	#
925	137.322	78	98	99	100	679	#
926	261.432	388	410	430	431	452	680	#
927	344.677	366	386	387	388	389	680	#
928	342.937	386	408	409	410	431	680	#
929	178.286	429	430	451	452	453	680	#
930	244.349	421	422	444	681	#
931	266.403	400	422	444	681	#
932	236.688	266	444	445	681	#
933	208.735	399	421	422	681	#
934	96.5262	408	#
935	455.297	8	9	10	32	33	682	#
936	498.891	9	10	31	32	33	682	#
937	408.938	8	9	29	30	51	682	#
938	407.821	9	10	30	31	32	682	#
939	398.202	8	9	31	32	319	682	#
940	283.758	33	34	35	55	56	682	#
941	115.879	508	#
942	1387.04	11	12	13	34	35	56	57	58	193	215	234	236	237	238	239	240	256	257	258	259	260	280	281	282	683	#
943	1632.91	108	128	129	149	150	151	152	170	171	172	173	192	193	194	195	215	216	217	237	238	239	259	260	280	683	#
944	1585.03	11	30	31	32	33	34	35	54	55	56	76	77	78	98	99	100	101	387	388	408	438	439	460	482	683	#
945	1541.93	193	197	215	217	218	219	236	237	238	239	240	241	258	259	260	262	263	280	281	282	283	285	307	329	683	#
946	1541.03	33	34	35	53	54	55	56	57	60	61	76	77	78	79	80	81	82	99	100	101	104	105	126	435	683	#
947	1514.6	14	15	184	185	193	194	207	208	215	230	234	235	236	237	253	254	255	256	257	258	259	278	279	280	683	#
948	161.625	361	383	684	#
949	143.188	382	383	684	#
950	678.082	204	205	289	290	291	292	293	311	312	313	314	333	335	685	#
951	858.622	94	115	116	117	118	137	139	290	291	313	314	335	357	685	#
952	826.749	205	206	227	228	230	248	249	250	251	252	270	271	272	685	#
953	804.375	227	228	249	250	288	289	290	291	292	297	312	313	314	685	#
954	780.392	180	181	182	183	204	205	206	224	225	226	227	248	249	685	#
955	775.922	124	125	146	289	290	291	311	312	313	314	333	334	335	685	#
956	1892.43	17	18	19	20	41	42	43	62	63	64	65	83	84	85	86	87	106	108	109	128	129	130	131	151	152	172	173	174	196	686	#
957	2263.05	27	50	64	65	72	74	85	86	93	94	95	96	108	109	128	129	130	131	149	151	152	171	172	173	174	193	194	215	237	686	#
958	2164.35	42	62	63	64	65	85	86	108	109	126	128	129	130	131	151	152	171	172	173	174	175	194	196	197	218	219	240	241	263	686	#
959	2124.91	41	42	63	64	85	86	108	109	128	129	130	131	149	151	152	171	172	173	174	175	193	194	196	217	218	219	240	241	509	686	#
960	2084.72	41	63	64	86	87	108	109	128	129	130	131	151	152	171	172	173	174	175	206	242	243	244	245	246	247	264	266	267	268	686	#
961	2048.13	27	42	62	63	64	83	84	85	86	87	108	109	128	129	130	131	151	152	153	174	175	196	340	360	361	362	363	383	384	686	#
962	404.49	16	37	39	59	81	414	415	416	417	687	#
963	544.654	58	80	81	82	83	84	103	104	125	687	#
964	493.378	416	417	437	438	439	459	460	482	483	687	#
965	454.469	16	37	38	57	58	59	81	82	105	687	#
966	413.373	15	16	36	37	38	39	58	401	423	687	#
967	408.058	392	414	415	437	438	459	460	481	482	687	#
968	1131.44	322	343	344	365	366	387	388	389	410	432	433	452	453	454	455	688	#
969	1226.27	345	346	347	368	369	389	390	391	412	413	433	434	435	455	497	688	#
970	1149.44	126	127	321	323	343	344	345	364	365	366	387	388	408	409	410	688	#
971	1141.92	413	432	433	434	435	453	454	455	457	458	477	478	479	480	481	688	#
972	1133.21	343	344	363	364	365	366	367	386	387	388	389	390	408	409	410	688	#
973	1076.54	252	253	275	276	277	297	298	299	321	343	344	345	365	366	388	688	#
974	59.8993	86	#
975	269.923	108	109	129	207	229	689	#
976	354.053	129	130	152	153	496	689	#
977	330.66	207	208	228	229	251	689	#
978	307.494	86	87	107	108	109	689	#
979	269.239	228	229	249	250	251	689	#
980	43.2425	37	#
981	1077.66	21	43	268	269	290	291	310	311	312	313	314	315	332	333	334	335	690	#
982	1214.87	227	248	249	251	271	272	293	314	315	316	337	338	339	361	383	474	690	#
983	1161.38	21	43	64	65	86	87	228	229	230	231	251	252	253	272	274	275	690	#
984	1107.95	86	87	108	109	130	131	151	152	153	290	310	311	312	334	335	336	690	#
985	1102.95	224	225	246	247	269	287	290	291	309	310	311	312	313	314	333	334	690	#
986	1095.6	176	198	268	288	290	291	309	310	311	312	313	332	333	334	354	434	690	#
987	74.6724	478	#
988	462.529	422	423	444	445	446	467	468	691	#
989	552.592	376	398	399	421	444	466	467	691	#
990	536.446	423	445	446	457	467	468	479	691	#
991	499.384	376	398	399	421	422	423	444	691	#
992	488.655	423	425	445	446	447	467	468	691	#
993	481.725	227	228	423	445	446	467	468	691	#
994	386.69	192	213	214	215	216	237	238	259	260	692	#
995	550.785	170	189	190	191	192	212	213	234	506	692	#
996	538.886	92	114	136	171	192	193	214	215	216	692	#
997	523.166	213	214	215	216	234	235	238	257	260	692	#
998	513.219	216	238	239	259	260	261	281	282	283	692	#
999	495.79	237	238	239	259	260	261	281	282	283	692	#
