%% File generated by CATS v.2.1Thu May  9 13:02:34 2024

%% The CATS webpage is http://robotics.stanford.edu/CATS

%% PARAMETER SETTINGS:
% Goods: 512; Bids: 1000; Distribution: regions; Runs: 1; Seed: 21
% Regions Distribution Parameters:
% Max Substitutable Bids = 5
% Removing HV Neighbor   = 0.1
% Adding DIAG Neighbor   = 0.2
% Additional Location    = 0.9
% Jump Probability       = 0.05
% Additivity             = 0.2
% Budget Factor          = 1.5
% Resale Factor          = 0.5
% Uniform Private Value:
%   Deviation            = 0.5
%   Max Good Value       = 100



goods 512
bids 1001
dummy 186

0	1121.76	289	309	311	331	332	333	353	354	375	376	377	396	398	399	512	#
1	1113.53	309	331	332	333	334	353	354	355	374	375	376	396	418	419	512	#
2	1109.48	266	289	311	332	333	334	353	354	355	356	375	376	377	396	512	#
3	1090.82	33	55	309	311	331	332	333	353	354	355	376	377	398	419	512	#
4	1059.63	264	266	286	287	288	289	308	309	311	330	331	332	333	354	512	#
5	1038.75	200	201	222	244	246	247	266	268	269	287	288	289	291	311	512	#
6	780.914	114	175	196	197	215	218	237	238	239	240	259	260	261	262	513	#
7	1076.04	193	194	214	215	216	217	239	240	261	357	379	380	381	382	513	#
8	1039.97	192	193	194	213	214	215	216	217	236	237	238	239	240	261	513	#
9	1021.13	134	152	155	156	174	175	177	178	179	196	197	198	199	200	513	#
10	962.9	108	129	130	131	151	152	153	175	196	197	426	448	469	470	513	#
11	960.041	215	234	235	236	237	238	239	259	260	261	281	282	304	305	513	#
12	176.841	375	396	397	514	#
13	165.334	374	375	396	514	#
14	182.971	8	9	10	30	515	#
15	267.567	9	10	30	32	515	#
16	177.626	7	8	9	30	515	#
17	15.1784	62	84	#
18	2067.59	121	122	140	142	143	162	163	164	165	184	186	187	188	191	206	209	210	213	214	230	231	232	233	234	235	236	253	255	275	276	359	516	#
19	2221.72	115	125	137	147	148	149	150	158	169	170	179	180	181	191	192	194	202	203	213	214	215	216	217	225	234	235	236	237	238	257	258	516	#
20	2160.58	113	114	115	136	137	158	169	170	191	192	193	194	210	213	214	216	217	233	234	235	236	237	238	239	255	256	258	259	260	261	282	516	#
21	2079.61	147	148	169	191	192	194	195	213	214	215	216	217	234	235	236	237	238	239	240	241	255	256	257	258	259	260	278	301	338	360	416	516	#
22	2075.22	30	42	43	64	65	99	121	143	161	162	163	164	165	183	184	185	186	187	188	203	204	205	206	209	210	228	229	250	276	297	298	516	#
23	2055.45	187	188	209	210	213	230	231	232	233	234	235	236	237	249	250	252	253	255	256	258	269	270	271	272	277	278	291	293	294	299	316	516	#
24	1089.79	171	172	174	194	195	196	197	215	216	217	218	219	237	239	240	241	262	517	#
25	1234.47	130	150	152	153	172	174	194	195	215	216	217	236	237	238	239	260	282	517	#
26	1201.22	150	171	172	194	195	213	214	215	216	218	237	238	239	240	260	261	282	517	#
27	1199.06	144	166	171	172	174	194	195	196	215	216	217	235	236	237	260	454	476	517	#
28	1188.04	127	148	149	150	151	170	171	172	194	195	214	215	216	217	238	239	260	517	#
29	1186.83	83	105	127	128	129	148	149	150	151	152	171	172	193	194	195	214	215	517	#
30	970.975	214	216	234	236	237	238	239	256	257	258	259	260	282	305	518	#
31	1198.56	216	235	236	238	254	255	256	257	258	259	260	277	282	304	518	#
32	1039.76	213	233	234	235	236	255	256	257	258	259	277	430	452	473	518	#
33	1038.43	216	234	235	236	237	238	239	256	257	258	259	260	282	304	518	#
34	986.684	192	195	213	214	215	216	233	234	235	236	255	256	257	258	518	#
35	975.655	148	170	192	193	195	213	214	216	217	236	237	238	258	259	518	#
36	139.184	85	107	519	#
37	137.231	106	107	519	#
38	202.615	279	301	520	#
39	183.362	301	302	520	#
40	547.968	88	110	132	133	134	154	155	156	176	177	198	521	#
41	783.032	93	132	154	155	156	176	177	178	198	388	451	521	#
42	780.628	88	89	110	111	112	132	134	254	275	276	297	521	#
43	730.597	89	111	112	113	132	133	134	154	155	293	315	521	#
44	705.425	90	112	113	134	135	154	155	156	177	184	205	521	#
45	661.255	132	154	155	156	176	177	178	198	199	200	221	521	#
46	24.8046	261	262	#
47	1614.91	3	23	24	25	47	62	63	64	65	69	83	84	85	86	87	92	104	105	106	113	125	127	128	135	522	#
48	1795.2	3	25	47	69	91	92	93	112	113	142	143	164	165	185	186	187	207	209	229	231	244	254	266	276	522	#
49	1674.17	2	3	4	5	22	23	24	25	45	47	48	67	69	70	89	92	214	216	236	237	257	258	260	386	522	#
50	1633.42	5	6	26	47	48	69	70	91	92	93	112	113	114	115	116	135	345	366	367	389	410	411	412	434	522	#
51	1597.83	6	7	25	29	31	47	50	51	52	69	72	73	74	75	91	92	93	94	113	114	115	116	135	203	522	#
52	1510.24	16	17	18	19	41	60	61	62	63	83	84	85	104	105	106	124	125	128	160	181	182	422	444	445	522	#
53	71.1168	67	#
54	215.672	440	441	462	523	#
55	204.401	396	418	441	523	#
56	183.278	441	462	463	523	#
57	259.739	303	323	324	325	347	369	524	#
58	383.364	347	348	369	370	391	392	524	#
59	373.064	9	30	325	347	348	349	524	#
60	332.425	324	325	346	347	348	349	524	#
61	246.875	303	304	324	325	346	347	524	#
62	173.409	303	324	325	345	346	347	524	#
63	54.7343	506	#
64	243.521	57	58	80	525	#
65	234.364	57	58	79	525	#
66	177.962	80	102	125	525	#
67	175.987	58	80	102	525	#
68	489.935	5	6	7	8	28	29	430	452	453	526	#
69	718.04	433	434	453	454	455	476	477	478	479	526	#
70	546.264	6	7	8	14	28	29	51	52	53	526	#
71	530.266	3	4	5	6	7	27	28	29	51	526	#
72	473.067	428	429	430	450	451	452	472	473	474	526	#
73	425.36	5	6	7	8	9	29	30	50	51	526	#
74	835.323	96	97	98	118	119	120	138	139	140	141	474	527	#
75	967.846	117	118	138	139	140	141	159	160	162	183	204	527	#
76	878.453	50	51	54	72	73	75	94	95	96	97	118	527	#
77	870.119	73	95	96	117	118	139	140	141	160	161	162	527	#
78	823.034	72	94	95	96	116	117	118	119	120	139	140	527	#
79	815.45	53	54	55	76	96	97	98	118	119	140	141	527	#
80	1195.76	101	217	239	240	261	262	263	281	282	283	284	285	305	306	307	328	329	350	351	371	372	373	394	528	#
81	1584	217	218	219	239	240	241	261	262	263	279	281	282	283	284	285	301	302	305	306	307	323	328	329	528	#
82	1546.05	3	4	5	26	218	237	238	239	240	258	261	262	283	285	306	307	421	441	442	443	444	445	466	528	#
83	1503.68	209	210	230	231	233	234	254	279	280	281	282	283	284	301	302	305	306	307	323	324	325	347	369	528	#
84	1490.91	196	209	215	216	218	231	237	238	239	240	253	258	261	282	305	306	307	326	327	328	329	350	372	528	#
85	1452.65	88	92	93	110	132	174	196	197	216	218	219	238	239	240	241	261	262	263	412	413	435	436	457	528	#
86	545.419	247	248	267	268	269	270	290	529	#
87	601.906	225	246	247	248	249	268	269	529	#
88	528.966	246	247	267	268	269	288	289	529	#
89	523.17	39	61	246	247	248	268	269	529	#
90	513.088	245	246	247	267	268	269	290	529	#
91	500.129	247	248	269	270	291	292	293	529	#
92	486.336	33	34	56	77	78	79	100	530	#
93	713.016	56	75	76	77	78	99	100	530	#
94	563.109	76	77	78	99	100	121	142	530	#
95	545.575	14	33	34	35	55	56	57	530	#
96	535.48	11	33	34	56	77	78	100	530	#
97	525.321	35	56	57	77	78	79	99	530	#
98	214.012	251	252	274	275	531	#
99	268.033	250	251	252	274	531	#
100	254.263	253	275	297	298	531	#
101	211.116	230	251	252	274	531	#
102	197.828	251	274	296	318	531	#
103	2778.9	1	2	24	30	33	46	52	53	54	55	75	96	98	326	346	347	348	349	367	368	370	371	372	373	377	393	394	395	398	399	400	413	415	419	435	436	440	457	458	479	480	481	482	510	532	#
104	3005.24	54	75	308	309	312	313	330	331	332	333	334	335	352	353	354	355	356	357	374	375	377	378	379	396	397	398	399	400	418	419	420	421	422	440	441	442	443	444	445	462	463	464	465	495	532	#
105	2952.38	34	35	36	37	53	54	55	56	57	58	59	60	75	80	102	123	124	204	303	325	347	350	351	368	369	372	373	381	382	390	391	393	394	395	413	414	415	434	435	436	456	457	458	480	532	#
106	2951.94	288	289	310	311	312	313	332	333	334	335	336	343	345	346	353	354	355	356	357	358	377	378	379	380	381	397	398	399	400	418	419	420	421	422	440	441	442	443	444	445	463	464	465	467	532	#
107	2941.48	11	12	13	14	16	17	18	19	20	33	34	35	36	37	38	39	40	42	54	55	56	57	58	59	64	75	76	77	78	87	98	99	100	121	122	143	325	326	347	348	370	372	393	394	532	#
108	2913.76	3	4	5	6	23	24	26	27	28	45	46	47	48	49	67	69	71	88	89	102	103	104	123	124	125	126	145	146	147	167	168	189	190	250	251	252	253	274	296	324	345	346	421	443	532	#
109	413.039	44	144	145	146	168	533	#
110	455.411	144	145	166	188	210	533	#
111	421.286	144	145	146	168	169	533	#
112	412.606	122	144	145	146	168	533	#
113	387.702	21	145	146	167	442	533	#
114	240.292	22	44	45	66	67	533	#
115	565.65	13	14	15	35	36	37	38	59	60	534	#
116	702.095	15	17	37	38	39	59	60	61	81	534	#
117	694.803	16	17	38	39	40	60	61	81	82	534	#
118	688.731	14	15	16	35	36	37	38	60	61	534	#
119	631.774	14	15	33	34	35	37	59	81	82	534	#
120	624.308	15	16	35	36	37	38	59	60	81	534	#
121	343.416	271	272	294	295	317	535	#
122	472.592	316	317	338	339	340	535	#
123	412.041	229	294	295	315	317	535	#
124	385.143	272	294	295	315	317	535	#
125	371.624	293	294	295	315	317	535	#
126	245.969	249	269	270	271	272	535	#
127	335.393	13	14	15	441	536	#
128	398.31	14	15	37	38	536	#
129	303.194	13	14	35	57	536	#
130	251.813	13	14	15	35	536	#
131	199.151	375	396	418	441	536	#
132	725.14	31	32	54	56	76	77	78	99	121	537	#
133	868.517	11	12	33	34	55	56	77	78	99	537	#
134	815.014	52	53	54	55	56	76	77	99	121	537	#
135	747.491	16	37	38	39	56	77	78	99	121	537	#
136	703.53	76	77	78	97	98	99	121	320	342	537	#
137	639.069	75	76	77	78	98	99	121	122	144	537	#
138	542.128	9	10	11	12	13	14	538	#
139	552.23	14	36	37	57	58	59	538	#
140	464.941	13	14	35	36	37	38	538	#
141	440.504	9	10	30	287	288	289	538	#
142	413.191	9	10	11	12	31	32	538	#
143	404.601	10	11	12	32	33	55	538	#
144	30.9806	251	#
145	850.265	155	368	369	370	390	391	392	393	414	435	436	437	458	480	539	#
146	1056.89	225	226	227	248	249	271	414	435	436	456	457	458	478	480	539	#
147	1042.89	2	23	24	45	368	388	389	390	391	410	411	412	433	434	539	#
148	1036.74	280	281	303	391	412	414	434	435	436	455	456	457	458	480	539	#
149	997.442	158	180	181	203	370	391	392	393	394	414	415	416	435	436	539	#
150	932.614	347	367	368	389	390	391	411	412	414	433	434	435	436	454	539	#
151	545.662	279	280	281	301	302	303	323	324	540	#
152	672.963	279	280	281	282	301	302	304	324	540	#
153	663.713	280	281	282	301	302	323	324	346	540	#
154	646.1	279	280	281	301	302	323	324	346	540	#
155	636.925	16	38	279	280	281	301	302	324	540	#
156	609.741	278	279	280	281	301	302	323	324	540	#
157	361.327	103	123	124	125	126	541	#
158	492.867	103	104	125	147	388	541	#
159	406.394	81	103	104	125	147	541	#
160	344.916	102	103	123	124	125	541	#
161	309.558	101	102	122	123	124	541	#
162	280.814	102	103	123	125	126	541	#
163	355.064	239	261	262	283	284	305	542	#
164	398.072	283	284	305	327	328	329	542	#
165	326.343	238	239	260	261	262	263	542	#
166	321.843	283	305	326	327	348	349	542	#
167	273.693	261	262	263	284	285	307	542	#
168	261.409	218	238	239	240	241	262	542	#
169	391.093	26	71	226	227	249	543	#
170	467.256	205	227	228	249	354	543	#
171	417.908	183	205	226	227	249	543	#
172	331.162	50	70	71	72	93	543	#
173	267.791	162	184	205	226	227	543	#
174	256.963	5	6	7	26	27	543	#
175	15.7712	505	#
176	374.054	314	336	337	358	359	360	544	#
177	462.236	337	338	360	361	383	384	544	#
178	417.013	292	314	336	337	358	359	544	#
179	405.93	313	314	315	336	337	359	544	#
180	343.53	337	357	358	359	360	380	544	#
181	317.826	270	271	292	294	314	315	544	#
182	691.08	53	72	73	74	75	93	94	95	98	99	120	121	545	#
183	973.502	99	120	121	142	186	187	398	418	419	420	441	442	545	#
184	965.907	52	74	75	96	98	99	118	119	120	121	140	142	545	#
185	955.003	53	75	309	330	331	352	353	354	416	417	438	439	545	#
186	750.82	94	116	117	138	160	161	182	183	205	226	227	249	545	#
187	747.664	34	56	77	78	98	99	100	101	120	121	122	123	545	#
188	160.604	257	258	#
189	1278.96	346	368	370	372	373	390	391	392	393	394	395	413	414	415	416	417	436	437	438	439	458	546	#
190	1843.27	265	287	288	304	309	310	311	330	332	333	352	355	393	415	416	436	437	438	456	457	458	546	#
191	1558.39	69	91	368	369	370	372	390	391	392	393	394	413	414	415	416	435	436	437	456	457	458	546	#
192	1455.87	360	361	372	383	393	394	413	414	415	416	435	436	437	438	439	455	456	457	458	478	479	546	#
193	1442.41	304	325	326	327	347	348	368	369	370	371	372	373	391	392	393	394	395	416	417	438	439	546	#
194	1439.4	251	348	369	370	371	372	375	390	391	392	393	394	396	397	414	415	416	418	436	437	441	546	#
195	894.014	227	247	248	249	250	251	270	271	272	273	292	293	295	547	#
196	1051.81	225	228	229	246	247	248	249	250	268	270	272	273	295	547	#
197	983.583	100	121	122	123	124	249	250	251	271	272	295	317	339	547	#
198	887.315	161	184	206	228	229	249	250	251	252	272	274	275	380	547	#
199	874.918	95	96	118	140	227	248	249	270	271	291	292	293	315	547	#
200	868.925	229	250	251	252	253	272	273	274	275	295	296	297	317	547	#
201	2565.6	2	18	19	20	21	23	24	25	41	42	43	45	46	62	63	64	65	68	83	84	85	86	87	91	106	107	108	109	113	114	115	129	135	137	151	152	156	157	158	159	173	174	175	180	196	197	218	548	#
202	3195.55	144	145	146	151	152	166	168	172	173	174	175	190	196	197	218	219	240	241	262	263	284	348	349	350	351	370	371	375	376	392	393	397	398	399	400	401	414	419	420	421	441	442	443	444	464	465	466	548	#
203	3109.66	62	63	118	119	138	140	141	159	160	161	162	163	182	184	204	206	227	228	229	248	249	250	290	312	333	334	335	355	356	357	375	376	377	378	379	380	381	382	398	399	400	401	403	404	423	460	482	548	#
204	3031.21	1	2	3	5	22	23	24	26	45	46	47	67	68	89	90	91	110	111	112	113	114	115	117	134	135	136	137	138	139	156	157	158	159	176	177	179	180	393	414	415	435	436	437	457	458	480	481	548	#
205	2994.47	2	22	23	24	45	46	47	48	57	58	67	68	70	77	78	80	89	90	91	92	100	102	103	110	111	113	114	115	122	123	124	125	133	134	135	136	144	157	166	179	247	248	249	250	268	269	270	548	#
206	2941.26	16	17	18	19	20	21	36	37	38	39	40	41	43	58	59	60	61	62	63	65	70	71	80	81	82	83	84	85	102	103	104	106	125	127	128	129	148	149	150	151	170	171	317	318	319	341	440	548	#
207	504.823	11	12	13	33	34	549	#
208	501.094	11	12	33	55	56	549	#
209	497.525	11	12	33	34	55	549	#
210	489.181	12	28	34	55	56	549	#
211	418.426	12	13	14	15	35	549	#
212	341.609	34	35	57	398	420	549	#
213	116.288	159	#
214	148.807	83	105	127	550	#
215	182.879	83	84	105	550	#
216	151.677	105	127	148	550	#
217	932.762	384	385	388	407	408	409	410	427	428	429	432	497	551	#
218	1024.57	291	388	390	391	392	408	409	410	411	412	431	432	551	#
219	1006.64	365	386	387	388	408	409	410	429	432	443	451	473	551	#
220	978.144	367	386	387	388	389	390	408	409	410	413	431	432	551	#
221	967.637	365	385	386	387	388	407	408	409	410	428	429	432	551	#
222	965.786	367	385	386	387	388	407	408	409	428	429	430	431	551	#
223	866.299	405	406	407	408	426	427	428	429	450	471	472	552	#
224	964.146	385	386	406	407	408	411	412	413	428	429	450	552	#
225	929.056	342	343	364	384	386	387	406	407	408	409	428	552	#
226	925.565	363	385	405	406	407	427	428	449	450	471	472	552	#
227	867.5	383	384	405	406	407	408	426	427	428	429	450	552	#
228	863.272	361	362	363	384	385	406	407	428	429	450	472	552	#
229	3557.58	103	104	105	106	107	108	125	127	147	148	149	150	151	169	170	172	173	191	192	195	213	214	215	217	219	235	236	237	241	257	258	260	263	365	386	387	388	389	407	408	409	410	411	428	429	433	434	450	487	553	#
230	3621.05	7	8	9	10	30	52	92	112	113	114	115	136	158	342	343	346	347	363	364	365	366	367	368	369	385	386	387	388	389	390	391	392	406	407	408	409	410	411	412	427	428	429	430	433	434	450	452	455	472	553	#
231	3595.77	317	318	319	323	324	340	341	342	343	344	346	347	362	363	364	365	366	367	368	369	370	385	386	387	388	389	402	406	407	408	409	410	411	412	423	424	425	426	427	428	429	430	434	447	448	468	469	470	471	553	#
232	3594.39	20	21	42	340	341	342	343	344	360	361	363	364	365	366	367	368	383	384	385	386	387	388	389	390	406	407	408	409	410	411	412	426	427	428	429	430	433	434	448	451	452	453	455	471	472	473	474	477	478	553	#
233	3554.89	5	6	7	26	27	28	45	46	47	48	49	68	69	70	71	92	110	114	132	155	219	224	225	241	263	284	285	346	347	367	368	369	388	389	390	391	392	393	409	410	411	412	413	433	434	455	456	457	478	553	#
234	3527.93	96	101	118	120	121	122	131	140	141	143	162	163	164	165	183	184	205	206	320	327	342	343	348	349	350	363	364	365	369	370	384	385	386	387	388	389	406	407	408	409	410	411	412	427	428	429	430	452	473	553	#
235	488.299	314	335	336	337	359	360	554	#
236	576.106	335	336	337	356	359	360	554	#
237	564.025	336	337	359	360	361	384	554	#
238	381.95	200	201	202	221	337	360	554	#
239	360.537	293	314	315	336	337	359	554	#
240	117.004	160	#
241	764.721	21	41	42	43	63	64	65	84	86	87	106	555	#
242	806.266	42	43	62	63	64	84	86	87	437	438	439	555	#
243	773.779	20	42	63	64	86	87	157	179	180	181	203	555	#
244	666.332	21	41	42	43	62	63	64	65	85	86	87	555	#
245	664.216	42	43	62	63	64	65	84	86	87	106	128	555	#
246	657.613	20	21	42	43	63	64	65	85	86	87	156	555	#
247	555.391	325	346	347	368	369	391	413	435	556	#
248	710.168	391	392	412	413	414	435	436	437	556	#
249	583.407	280	281	282	302	303	324	325	347	556	#
250	565.53	368	370	390	391	392	393	413	435	556	#
251	549.251	325	347	367	368	369	389	391	392	556	#
252	522.491	302	303	304	324	325	346	347	369	556	#
253	427.047	146	147	169	170	192	193	557	#
254	481.907	147	168	169	170	191	192	557	#
255	441.485	169	191	192	213	214	215	557	#
256	430.056	148	169	170	191	192	213	557	#
257	391.441	169	170	191	192	193	204	557	#
258	388.972	146	147	148	168	169	170	557	#
259	1049.46	1	2	3	23	24	26	209	210	211	230	231	232	252	253	254	255	278	299	300	301	558	#
260	1513.16	0	1	3	4	5	22	23	24	25	26	44	45	46	66	67	68	69	88	91	92	558	#
261	1507.87	0	1	3	4	22	23	24	25	26	44	45	46	66	67	68	69	88	89	91	111	558	#
262	1477.67	206	209	210	211	228	230	231	232	250	251	252	253	254	255	256	275	276	277	297	298	558	#
263	1460.86	0	1	2	3	4	22	23	24	25	26	44	45	46	66	67	68	69	88	89	91	558	#
264	1406.09	3	23	24	25	26	44	45	46	47	48	65	66	67	68	69	88	89	91	110	111	558	#
265	840.791	9	31	32	52	53	54	55	74	75	76	333	559	#
266	1072.73	32	34	54	55	56	76	77	78	98	119	120	559	#
267	977.125	10	11	32	54	55	75	76	97	98	144	175	559	#
268	886.801	53	54	75	76	77	78	98	99	120	121	142	559	#
269	883.516	51	52	53	54	55	74	75	76	96	97	98	559	#
270	822.649	28	29	32	51	52	54	74	75	76	96	98	559	#
271	222.215	410	411	432	433	560	#
272	310.187	367	378	389	411	560	#
273	259.218	410	411	412	433	560	#
274	202.241	389	411	433	454	560	#
275	144.47	432	433	434	455	560	#
276	65.5035	209	#
277	238.062	295	317	339	561	#
278	207.464	293	294	295	561	#
279	204.296	316	317	318	561	#
280	147.738	195	338	339	561	#
281	527.888	180	181	182	183	184	202	204	205	562	#
282	566.19	158	180	387	388	389	408	409	410	562	#
283	561.117	116	117	138	139	160	182	183	204	562	#
284	556.011	103	104	125	181	182	183	204	205	562	#
285	544.422	158	159	180	181	182	201	202	223	562	#
286	488.692	160	161	182	183	184	204	205	206	562	#
287	167.836	157	179	563	#
288	141.434	178	179	563	#
289	518.496	336	337	338	339	340	360	361	564	#
290	627.407	15	36	338	360	361	384	385	564	#
291	606.605	336	337	338	339	358	360	361	564	#
292	568.433	182	361	383	384	385	406	428	564	#
293	523.261	3	4	271	318	338	339	340	564	#
294	493.528	335	336	356	357	358	379	380	564	#
295	631.649	95	96	97	118	119	120	141	188	189	565	#
296	879.734	75	96	97	403	424	446	447	468	469	565	#
297	759.359	53	54	72	74	75	95	96	97	117	565	#
298	751.007	52	53	54	73	74	75	96	97	346	565	#
299	745.9	95	96	118	119	120	121	247	248	269	565	#
300	708.3	52	53	74	75	96	97	119	120	121	565	#
301	114.533	449	#
302	410.313	118	119	401	410	422	423	431	432	453	566	#
303	544.96	428	429	430	431	451	452	453	474	475	566	#
304	536.529	96	97	116	117	118	119	139	140	141	566	#
305	500.23	72	75	95	96	117	118	119	140	162	566	#
306	464.129	392	393	401	422	423	424	445	466	467	566	#
307	456.979	389	409	410	411	432	433	453	454	455	566	#
308	189.637	303	304	324	567	#
309	182.902	301	302	324	567	#
310	174.887	303	304	326	567	#
311	166.106	302	303	304	567	#
312	543.824	334	356	357	358	379	380	381	568	#
313	608.535	72	379	380	381	382	401	435	568	#
314	604.124	334	356	358	379	380	401	423	568	#
315	564.871	336	337	338	357	358	359	380	568	#
316	534.144	334	355	356	357	358	359	380	568	#
317	518.009	291	312	313	314	333	334	353	568	#
318	49.406	482	#
319	305.183	79	214	236	258	259	569	#
320	377.492	192	193	214	236	258	569	#
321	352.302	13	35	57	79	195	569	#
322	329.363	148	170	192	213	214	569	#
323	298.817	236	258	259	260	261	569	#
324	278.351	236	237	257	258	259	569	#
325	180.516	223	224	245	493	570	#
326	153.39	242	243	265	493	570	#
327	315.822	32	53	54	75	571	#
328	366.519	75	77	98	99	571	#
329	321.234	52	53	74	75	571	#
330	309.675	53	54	55	75	571	#
331	272.477	10	32	53	54	571	#
332	757.467	8	9	30	52	376	397	398	572	#
333	741.481	355	356	376	377	397	398	419	572	#
334	649.075	375	376	397	398	415	419	420	572	#
335	632.198	375	376	377	397	398	419	420	572	#
336	538.458	8	9	10	29	30	51	52	572	#
337	525.142	8	9	30	31	51	52	496	572	#
338	493.364	401	423	424	445	467	468	573	#
339	540.07	342	343	447	467	468	469	573	#
340	514.471	401	421	423	443	444	445	573	#
341	446.473	138	158	444	445	467	468	573	#
342	427.176	378	400	422	423	444	445	573	#
343	366.802	52	381	382	403	423	424	573	#
344	1158.37	44	66	67	68	69	89	90	92	111	112	113	322	344	345	346	347	367	368	503	574	#
345	1489.32	3	25	47	48	49	68	69	70	89	90	91	92	93	112	113	114	134	428	450	574	#
346	1457.18	323	324	325	345	346	347	348	368	369	370	388	389	390	391	392	412	413	414	503	574	#
347	1420.11	25	46	47	66	67	68	69	89	90	91	92	93	110	111	112	113	114	115	134	574	#
348	1352.9	319	320	321	341	342	343	344	345	346	347	348	364	365	367	368	389	390	411	413	574	#
349	1347.25	344	345	346	347	348	365	367	368	369	387	388	389	409	410	411	432	433	454	500	574	#
350	103.165	260	#
351	318.456	4	5	6	26	575	#
352	431.985	4	5	6	487	575	#
353	321.065	5	6	27	28	575	#
354	139.316	147	#
355	1673.68	47	68	69	90	91	92	93	112	115	134	400	401	422	425	444	445	446	447	467	468	576	#
356	1547.79	70	71	92	93	94	96	114	115	116	117	118	138	139	140	159	160	161	183	184	205	576	#
357	1410.34	0	2	3	4	5	6	22	23	24	25	26	27	28	47	48	68	69	70	92	194	576	#
358	1408.96	183	205	400	401	422	423	444	445	446	447	449	450	464	465	466	467	468	469	470	471	576	#
359	1391.54	47	68	69	70	72	73	74	89	90	91	92	93	94	95	112	114	115	117	136	137	576	#
360	1388.86	17	18	40	62	400	401	421	422	443	444	445	446	447	449	465	467	468	469	470	471	576	#
361	132.259	0	1	577	#
362	143.515	0	22	577	#
363	862.495	312	333	334	355	356	376	378	379	397	398	400	420	578	#
364	1031.82	355	376	388	389	397	398	410	419	420	440	441	442	578	#
365	942.389	334	355	356	358	369	378	379	380	381	400	401	422	578	#
366	891.395	294	316	336	355	356	358	359	376	378	379	380	381	578	#
367	873.244	374	396	397	398	418	419	420	421	422	441	442	443	578	#
368	866.785	352	353	354	374	396	397	398	418	419	420	441	442	578	#
369	1250.58	390	408	409	410	411	412	431	432	433	434	454	455	475	476	477	478	579	#
370	1294.5	388	410	411	431	432	433	434	452	453	454	455	473	475	476	477	478	579	#
371	1240.82	411	431	432	433	434	451	452	453	454	455	473	475	476	477	478	479	579	#
372	1232.33	363	385	388	407	408	409	428	429	431	451	452	453	454	473	475	476	579	#
373	1227.11	219	367	368	369	388	389	390	391	392	411	413	432	433	454	455	476	579	#
374	1217.07	218	240	410	429	432	451	452	453	454	455	473	474	475	476	477	478	579	#
375	453.969	336	357	358	359	379	380	580	#
376	461.793	356	357	358	359	379	380	580	#
377	456.777	335	336	359	360	361	384	580	#
378	433.679	355	357	377	378	379	399	580	#
379	420.621	355	377	378	379	380	399	580	#
380	371.949	335	356	357	358	377	378	580	#
381	77.7611	103	125	#
382	170.796	12	13	581	#
383	176.112	13	345	581	#
384	416.993	167	168	190	211	212	233	234	582	#
385	476.868	166	167	168	189	190	211	212	582	#
386	457.933	134	135	145	146	168	190	212	582	#
387	445.356	167	168	187	188	189	190	315	582	#
388	445.324	209	210	231	233	254	255	277	582	#
389	422.929	167	168	169	189	190	211	212	582	#
390	1246.66	60	79	81	82	99	101	102	103	104	121	122	124	125	126	146	147	148	149	168	170	583	#
391	1547.41	47	49	68	69	70	71	91	92	93	99	113	114	156	177	178	181	182	199	200	204	583	#
392	1427.78	102	104	105	124	125	147	170	192	215	339	340	347	348	362	369	370	371	391	392	393	583	#
393	1418.61	81	83	84	102	103	104	105	106	123	124	125	126	127	146	147	148	149	170	171	404	583	#
394	1404.28	103	104	105	124	125	126	146	147	148	149	166	167	168	169	170	171	190	192	407	429	583	#
395	1397.18	21	59	81	101	102	103	104	105	106	125	127	145	146	147	148	149	167	169	170	171	583	#
396	97.031	162	163	184	584	#
397	131.052	161	162	163	584	#
398	116.956	162	184	325	584	#
399	635.793	288	289	310	311	333	355	376	377	585	#
400	737.01	246	265	266	268	287	288	289	311	585	#
401	707.797	265	268	287	288	289	310	311	332	585	#
402	693.072	287	288	310	311	312	332	333	334	585	#
403	653.502	32	356	357	376	377	378	398	400	585	#
404	594.258	244	266	281	286	287	288	289	302	585	#
405	110.947	309	#
406	224.712	160	161	181	182	586	#
407	249.011	157	180	181	203	586	#
408	236.136	182	203	204	205	586	#
409	199.7	160	161	162	182	586	#
410	198.665	161	162	184	205	586	#
411	561.437	337	338	359	360	361	383	384	385	405	587	#
412	758.004	37	38	337	338	358	359	360	361	384	587	#
413	739.207	317	318	337	338	339	340	341	360	361	587	#
414	688.108	337	338	358	359	360	361	384	385	407	587	#
415	666.191	337	338	339	358	359	360	361	384	385	587	#
416	646.216	318	340	343	344	362	363	364	384	385	587	#
417	573.706	382	402	403	404	424	425	426	447	448	470	471	588	#
418	847.356	264	286	287	288	289	311	402	403	424	446	468	588	#
419	835.997	382	404	425	426	427	446	447	448	468	469	470	588	#
420	707.01	39	61	446	447	466	467	468	469	470	471	472	588	#
421	695.42	423	424	425	446	447	448	467	468	469	470	471	588	#
422	672.381	116	138	160	361	383	384	404	405	406	426	427	588	#
423	335.436	307	329	351	371	372	373	394	589	#
424	379.779	284	306	307	328	329	350	351	589	#
425	369.148	285	307	329	350	351	373	460	589	#
426	353.852	350	351	372	373	393	394	395	589	#
427	310.5	121	329	350	351	372	373	439	589	#
428	277.938	328	329	350	351	372	373	395	589	#
429	212.695	39	40	62	63	85	590	#
430	298.585	16	17	38	39	40	590	#
431	279.548	17	40	41	62	63	590	#
432	241.823	63	85	107	108	129	590	#
433	191.614	18	40	41	62	63	590	#
434	167.738	40	62	63	84	85	590	#
435	520.119	164	186	187	188	208	209	210	230	231	252	591	#
436	709.059	186	187	188	189	209	210	211	212	230	231	591	#
437	676.869	164	168	185	186	187	188	189	190	209	210	591	#
438	644.237	187	188	209	210	211	231	232	233	255	278	591	#
439	565.244	12	14	34	35	36	37	127	148	149	208	591	#
440	535.973	54	99	121	142	164	185	186	206	207	339	591	#
441	410.805	454	455	474	475	476	592	#
442	428.701	454	455	456	476	477	592	#
443	359.103	433	454	455	476	477	592	#
444	324.771	453	454	474	475	476	592	#
445	318.775	430	452	474	475	476	592	#
446	298.221	182	183	475	476	477	592	#
447	10.4061	262	#
448	39.23	174	#
449	782.382	279	301	302	346	347	348	349	368	371	392	393	415	593	#
450	854.368	161	182	184	203	204	205	348	349	370	371	392	393	593	#
451	799.039	8	347	348	370	391	392	393	413	414	415	436	437	593	#
452	766.193	302	323	324	345	346	347	348	367	368	369	370	393	593	#
453	765.218	65	371	372	391	392	393	394	414	415	436	437	438	593	#
454	735.238	344	345	346	347	348	367	368	369	370	387	388	389	593	#
455	331.266	198	199	207	220	221	594	#
456	328.873	154	176	198	199	221	594	#
457	317.912	198	199	200	220	221	594	#
458	267.104	198	199	200	221	243	594	#
459	213.664	200	201	202	221	243	594	#
460	197.182	185	207	228	229	250	594	#
461	360.02	183	184	204	205	595	#
462	383.176	160	183	184	204	595	#
463	341.722	160	183	184	205	595	#
464	71.9385	299	321	596	#
465	97.8658	320	321	596	#
466	309.89	283	306	328	350	371	372	597	#
467	410.24	283	284	306	307	328	508	597	#
468	305.818	370	371	372	391	392	393	597	#
469	169.631	328	329	350	351	372	373	597	#
470	545.293	347	369	370	381	382	403	404	598	#
471	552.951	347	368	369	370	392	414	436	598	#
472	550.857	308	381	402	403	404	426	448	598	#
473	525.798	348	369	370	391	392	414	415	598	#
474	503.944	381	382	402	403	404	424	426	598	#
475	497.927	184	205	206	381	382	403	404	598	#
476	893.992	74	299	318	320	321	322	337	338	339	340	341	342	343	344	362	363	364	431	599	#
477	1312.87	292	313	314	335	336	337	338	343	355	356	357	358	359	360	364	379	380	401	599	#
478	1297.43	213	233	234	235	236	254	255	256	276	277	278	299	300	301	321	322	323	343	599	#
479	1238	77	292	314	335	336	337	338	339	355	356	357	358	359	360	377	379	380	411	599	#
480	1196.72	320	342	343	344	363	364	365	384	385	386	387	388	406	407	429	451	452	473	599	#
481	1179.27	214	250	251	252	274	295	296	314	317	318	336	337	338	339	340	359	360	362	599	#
482	534.998	49	50	51	70	71	449	450	471	472	600	#
483	678.919	49	50	51	70	71	92	93	113	114	600	#
484	645.97	384	405	406	428	429	449	450	451	471	600	#
485	629.818	47	49	69	70	71	72	92	93	115	600	#
486	629.085	283	306	408	428	429	430	450	451	452	600	#
487	592.352	45	46	47	48	49	69	70	91	92	600	#
488	393.407	73	74	75	76	98	120	601	#
489	540.01	76	77	98	99	120	121	601	#
490	506.416	74	75	76	98	99	121	601	#
491	413.371	53	75	76	96	97	98	601	#
492	359.353	52	53	54	75	98	498	601	#
493	265.711	29	50	51	72	73	74	601	#
494	1165.74	309	310	311	330	332	379	401	422	424	444	446	465	466	467	468	602	#
495	1339.72	247	268	269	289	291	309	310	311	313	332	333	354	355	376	377	602	#
496	1278.31	265	268	286	287	288	289	290	291	309	310	311	332	333	353	354	602	#
497	1252.18	47	68	69	70	71	92	93	113	114	135	424	446	467	468	469	602	#
498	1226.2	309	330	352	374	396	397	398	418	420	440	441	442	443	444	465	602	#
499	1169.05	86	161	162	265	287	288	289	309	310	311	330	332	352	374	396	602	#
500	105.302	327	#
501	1272.35	203	220	225	226	242	243	244	245	246	247	248	249	268	269	270	290	291	293	352	603	#
502	1519.58	140	144	166	228	245	246	247	248	249	250	268	269	270	292	293	294	314	315	316	603	#
503	1396.54	245	246	247	268	269	288	289	290	291	292	293	310	311	312	313	314	334	397	417	603	#
504	1394.89	173	174	175	196	197	218	221	222	242	243	244	245	264	265	286	287	400	401	422	603	#
505	1388.33	161	184	204	205	206	207	223	224	225	226	227	228	229	246	247	248	250	268	269	603	#
506	1378.17	204	205	206	207	220	221	226	227	228	229	242	243	250	251	252	264	272	273	274	603	#
507	498.046	392	414	436	437	438	458	604	#
508	584.598	414	416	417	436	437	438	604	#
509	534.908	369	391	392	413	414	436	604	#
510	481.267	414	436	437	438	459	460	604	#
511	465.138	368	369	391	392	414	436	604	#
512	441.37	414	436	437	457	458	480	604	#
513	10.3224	162	#
514	248.994	274	275	296	297	605	#
515	321.436	275	276	297	298	605	#
516	306.43	254	276	297	298	605	#
517	230.378	229	250	251	274	605	#
518	172.725	273	274	296	318	605	#
519	31.326	494	#
520	3452.51	54	56	75	76	77	78	98	99	119	120	223	225	226	244	245	246	247	248	265	266	267	268	287	288	289	290	309	310	311	330	331	332	333	352	353	354	355	375	376	377	396	397	398	419	606	#
521	3361.69	264	265	286	287	288	308	309	310	311	330	331	332	333	352	353	354	355	356	369	374	375	376	377	378	379	380	390	391	396	397	398	399	401	413	418	419	420	435	440	441	442	457	463	464	606	#
522	3339.7	10	11	12	13	14	33	34	35	53	55	56	57	74	75	76	77	78	79	96	97	98	100	101	117	118	120	122	123	198	199	221	222	242	243	264	265	286	287	288	289	310	311	332	333	606	#
523	3317.94	47	69	242	264	265	272	273	274	275	276	286	287	288	289	295	296	298	308	309	310	311	318	319	330	331	332	333	339	340	341	342	352	353	354	355	375	376	396	397	398	418	419	441	463	606	#
524	3277.21	8	9	10	11	30	31	32	50	52	53	54	71	72	74	75	76	77	78	92	93	95	96	97	98	99	115	116	117	118	119	120	121	137	138	139	140	142	162	288	310	311	332	392	393	606	#
525	3241.04	24	25	47	50	68	69	70	71	72	74	75	92	93	95	96	98	117	310	331	332	333	353	355	357	373	375	376	377	378	379	396	397	398	399	401	418	419	420	421	440	441	442	443	462	606	#
526	709.786	383	384	391	406	411	412	413	433	434	607	#
527	700.208	346	347	348	369	370	390	391	393	413	607	#
528	669.496	411	412	433	434	454	455	476	477	478	607	#
529	658.721	412	433	434	453	454	455	456	477	478	607	#
530	656.417	383	384	385	406	407	408	427	428	429	607	#
531	636.062	163	370	371	390	391	392	393	412	413	607	#
532	77.6725	208	488	608	#
533	85.4456	454	488	608	#
534	45.473	186	208	608	#
535	140.336	186	187	609	#
536	142.942	165	187	609	#
537	677.754	268	289	290	311	331	332	333	354	610	#
538	680.7	309	311	331	332	333	355	376	377	610	#
539	675.661	247	267	268	287	288	289	290	311	610	#
540	617.972	247	267	268	269	289	310	311	333	610	#
541	611.089	310	311	331	332	333	352	353	354	610	#
542	605.948	309	310	311	331	332	333	334	355	610	#
543	295.73	383	405	427	428	611	#
544	356.649	404	405	426	427	611	#
545	314.071	405	406	427	428	611	#
546	302.039	360	361	383	384	611	#
547	1305.49	13	14	15	17	18	35	36	37	38	39	40	57	58	59	60	61	80	81	82	612	#
548	1728.85	11	12	13	14	15	34	35	36	37	57	58	80	81	201	253	254	275	276	277	612	#
549	1661.4	11	12	13	14	15	33	34	35	36	37	54	55	57	58	75	76	80	81	503	612	#
550	1565.05	11	12	13	14	15	33	34	35	36	37	56	57	58	59	80	81	181	182	203	612	#
551	1522.43	12	13	14	15	35	36	37	57	58	59	60	80	81	82	367	368	390	413	435	612	#
552	1514.78	12	13	14	15	33	34	35	36	37	38	57	58	59	83	105	106	447	470	471	612	#
553	1850.44	273	290	291	295	313	314	315	316	317	335	336	337	338	339	340	355	356	357	358	359	360	361	362	377	380	383	384	385	405	406	407	427	613	#
554	2348	16	241	260	261	262	263	285	309	310	311	332	333	355	356	375	376	377	378	396	397	398	399	418	420	421	440	441	455	456	463	464	478	613	#
555	2286.62	316	317	318	319	320	321	332	333	336	337	338	339	340	355	356	357	358	359	360	376	377	378	379	380	381	397	398	399	401	403	420	421	613	#
556	2264.66	24	45	46	47	67	68	69	70	89	90	91	92	112	271	272	273	294	295	315	316	317	318	319	320	337	338	339	340	341	342	358	360	613	#
557	2164.35	62	63	84	85	250	272	273	294	295	311	315	316	317	318	319	333	336	337	338	339	340	355	356	357	358	359	360	361	376	377	378	379	613	#
558	2146.17	0	1	2	3	23	24	26	45	46	47	48	68	248	249	250	271	272	273	274	294	295	315	316	317	318	319	338	339	340	341	375	397	613	#
559	162.803	44	66	614	#
560	171.439	66	67	614	#
561	188.31	268	288	289	615	#
562	249.409	288	289	310	615	#
563	80.0071	150	247	268	615	#
564	296.836	84	105	106	335	616	#
565	385.634	335	336	355	356	616	#
566	323.098	106	127	235	257	616	#
567	227.161	105	106	127	148	616	#
568	193.197	63	84	85	106	616	#
569	338.694	158	159	181	192	203	617	#
570	378.514	137	158	159	181	203	617	#
571	365.286	181	183	203	204	205	617	#
572	361.218	137	158	159	438	459	617	#
573	310.859	158	159	181	182	203	617	#
574	274.324	169	191	192	214	215	617	#
575	399.243	23	45	66	67	88	402	424	446	618	#
576	570.884	24	44	45	46	66	67	88	89	618	#
577	503.467	67	88	89	110	111	132	154	484	618	#
578	491.97	0	1	22	44	45	46	66	67	618	#
579	487.979	1	23	45	46	47	66	67	89	618	#
580	484.856	22	23	45	46	66	67	88	89	618	#
581	804.289	2	3	23	25	134	309	310	331	332	333	355	376	377	619	#
582	1082.89	3	5	25	26	27	47	49	71	227	228	229	248	249	619	#
583	944.309	71	289	309	310	311	330	331	333	352	355	376	377	399	619	#
584	934.333	309	310	311	330	331	332	333	334	353	354	389	390	428	619	#
585	914.528	1	2	3	4	5	6	25	26	27	47	49	116	138	619	#
586	883.687	288	289	308	309	310	311	330	331	332	333	352	353	354	619	#
587	240.456	79	101	102	121	122	620	#
588	359.712	77	99	121	122	143	620	#
589	342.718	99	120	121	122	142	620	#
590	318.634	101	102	103	122	124	620	#
591	255.994	57	58	79	80	101	620	#
592	246.318	79	101	102	103	122	620	#
593	30.1035	415	#
594	8.14518	51	73	#
595	88.03	274	275	621	#
596	121.969	275	297	621	#
597	48.5733	274	296	621	#
598	422.94	163	164	186	187	209	210	231	233	254	622	#
599	586.816	209	210	211	231	233	254	255	331	332	622	#
600	469.008	74	96	118	139	140	161	162	163	164	622	#
601	359.157	164	165	166	167	185	186	187	208	230	622	#
602	324.742	142	162	163	164	165	185	186	187	207	622	#
603	277.722	160	161	162	164	184	185	186	207	208	622	#
604	828.787	111	313	314	335	336	358	378	379	380	381	403	425	623	#
605	1086.17	117	118	119	380	381	403	404	425	426	427	446	447	623	#
606	959.887	245	246	266	267	289	314	336	337	338	358	359	360	623	#
607	935.296	336	356	357	358	359	379	380	399	400	401	422	444	623	#
608	877.627	249	270	271	292	293	313	314	315	316	336	337	359	623	#
609	871.609	245	266	267	280	289	311	333	380	381	382	403	423	623	#
610	163.074	398	399	420	624	#
611	220.992	397	419	420	624	#
612	218.648	399	400	422	624	#
613	205.592	199	200	398	624	#
614	1243.23	66	88	110	242	264	286	287	338	359	360	361	383	384	385	405	406	428	625	#
615	1502.11	2	3	24	25	47	290	291	311	313	314	335	336	337	338	359	360	361	625	#
616	1435.91	254	296	317	318	333	335	336	337	338	339	340	355	356	357	359	360	361	625	#
617	1429.05	314	317	336	337	338	339	359	360	361	384	385	406	407	428	450	471	472	625	#
618	1381.61	304	312	313	314	333	334	335	336	337	338	356	357	359	360	428	450	472	625	#
619	1349.69	9	31	32	295	317	319	335	336	337	338	339	340	341	358	359	360	361	625	#
620	2133.39	136	215	272	336	340	341	342	343	344	345	346	347	359	360	361	362	363	364	367	368	369	383	385	389	391	405	406	407	408	414	428	429	430	449	450	471	472	626	#
621	2756	3	25	26	111	300	319	321	322	341	342	343	344	345	346	347	348	364	366	367	368	369	370	372	388	389	390	391	392	393	394	411	412	413	414	416	437	438	626	#
622	2697.89	225	246	247	248	266	267	268	269	270	271	289	311	332	333	334	335	336	355	356	357	358	359	360	361	376	377	378	379	380	381	399	400	401	403	420	421	469	626	#
623	2663.69	16	17	18	252	274	296	318	319	321	322	339	340	341	342	343	344	362	363	364	365	385	386	387	388	389	407	408	409	426	427	428	429	449	450	451	471	472	626	#
624	2642.68	188	189	210	211	344	345	346	347	348	350	366	367	368	369	370	386	387	388	389	390	391	392	393	394	409	411	412	413	414	433	435	436	455	456	457	458	477	626	#
625	2621.62	155	159	160	177	181	182	196	203	218	240	261	310	317	318	319	331	332	333	334	335	336	338	339	340	341	356	357	358	359	360	361	378	379	380	400	401	423	626	#
626	174.406	36	57	58	627	#
627	191.978	34	35	57	627	#
628	139.117	247	269	270	293	#
629	430.344	11	390	412	434	456	628	#
630	478.326	390	412	434	456	457	628	#
631	357.752	411	432	433	434	456	628	#
632	350.336	412	433	434	456	478	628	#
633	237.843	11	12	33	34	432	628	#
634	352.97	118	333	334	355	377	399	629	#
635	489.69	290	310	312	332	333	334	629	#
636	473.63	310	332	333	355	376	410	629	#
637	465.713	311	331	332	333	353	354	629	#
638	391.684	376	377	378	399	400	421	629	#
639	381.942	95	96	117	118	185	207	629	#
640	237.055	437	438	630	#
641	163.921	415	437	630	#
642	64.0721	314	315	631	#
643	60.3267	293	315	631	#
644	47.9328	313	314	631	#
645	368.826	157	178	179	200	221	222	632	#
646	444.455	222	223	244	245	266	289	632	#
647	428.335	113	135	157	178	179	180	632	#
648	377.029	135	157	178	179	180	452	632	#
649	372.796	199	200	201	221	222	223	632	#
650	263.203	177	178	199	200	201	222	632	#
651	1403.89	270	272	273	277	278	293	294	295	296	299	301	316	317	318	319	320	321	338	339	340	341	342	360	633	#
652	1772.79	116	117	294	295	316	317	318	319	338	339	340	362	363	384	385	405	406	407	408	419	427	428	429	633	#
653	1689.2	269	270	290	291	292	293	294	295	312	313	316	317	318	339	395	416	417	437	438	439	459	460	461	633	#
654	1638.01	68	90	91	111	112	113	135	212	234	235	255	256	257	269	270	277	278	297	298	299	300	321	343	633	#
655	1635.31	254	255	256	278	294	295	296	299	300	316	317	318	319	320	321	322	338	339	340	341	342	343	344	633	#
656	1578.76	228	250	254	255	256	257	272	277	278	279	280	281	282	299	301	302	321	323	324	346	347	362	368	633	#
657	797.064	398	399	400	419	420	421	441	443	463	634	#
658	731.87	269	290	291	420	421	441	442	463	464	634	#
659	698.487	135	157	179	398	399	400	419	420	421	634	#
660	689.167	355	377	398	399	400	419	420	440	441	634	#
661	670.575	398	399	400	401	421	422	442	443	444	634	#
662	642.134	398	399	418	419	420	440	441	462	463	634	#
663	199.684	52	74	635	#
664	153.436	51	52	635	#
665	1078.3	63	64	65	82	83	84	85	87	103	104	105	106	107	108	127	128	130	148	453	636	#
666	1256.35	19	20	41	49	50	63	64	84	85	86	87	106	107	108	130	131	150	151	152	636	#
667	1237.36	65	85	86	87	105	106	107	108	127	128	129	130	131	152	286	287	308	309	330	636	#
668	1236.93	57	58	80	81	82	84	85	102	103	104	105	106	107	123	124	125	127	147	170	636	#
669	1236.07	80	81	82	102	103	106	122	123	124	125	126	127	147	148	168	169	170	171	172	636	#
670	1202.95	387	388	409	410	411	425	429	430	432	433	452	453	454	455	456	457	474	476	478	636	#
671	823.834	23	24	25	45	46	47	48	68	69	91	92	637	#
672	1039.93	47	48	68	69	70	88	89	90	91	92	112	637	#
673	1011.4	47	57	58	68	69	70	90	91	92	113	135	637	#
674	1001.85	67	68	69	70	89	90	91	92	113	114	135	637	#
675	982.193	46	47	68	69	89	91	92	111	112	113	114	637	#
676	942.874	46	47	68	69	70	89	90	91	92	112	113	637	#
677	88.5068	482	483	638	#
678	108.617	481	482	638	#
679	191.439	438	460	482	639	#
680	246.84	438	439	459	639	#
681	555.929	6	7	28	29	50	51	72	73	237	238	260	640	#
682	773.377	100	237	238	239	256	257	258	259	260	261	265	640	#
683	770.592	2	3	4	5	6	7	25	26	27	28	29	640	#
684	741.364	3	4	5	6	7	26	27	28	29	51	295	640	#
685	716.178	214	215	233	234	235	236	237	238	239	258	261	640	#
686	704.49	50	51	70	71	72	73	74	92	93	95	114	640	#
687	1249.83	253	254	255	256	277	278	281	282	301	302	303	304	323	324	325	344	345	346	347	367	369	641	#
688	1544.33	248	343	344	345	365	366	367	368	369	370	390	391	392	393	412	413	420	421	442	443	465	641	#
689	1453.12	67	88	89	90	110	132	210	212	214	233	234	235	236	237	254	255	256	257	258	260	261	641	#
690	1445.58	256	278	300	301	321	322	340	341	342	343	344	345	351	365	366	367	386	387	388	389	409	641	#
691	1419.91	187	188	209	210	212	230	231	232	233	234	252	254	256	273	274	275	276	277	295	297	298	641	#
692	1361.18	213	214	215	216	217	234	236	237	238	240	256	257	258	260	261	262	277	278	284	301	380	641	#
693	208.098	419	441	642	#
694	155.99	418	419	642	#
695	735.843	194	266	267	398	420	421	422	442	443	444	445	643	#
696	928.62	111	133	343	365	386	387	388	421	441	442	443	643	#
697	860.185	400	401	421	422	423	441	442	443	444	465	466	643	#
698	853.767	355	376	396	397	398	399	418	419	421	441	442	643	#
699	812.036	266	267	268	269	288	289	290	309	310	311	330	643	#
700	809.096	103	418	421	422	441	442	443	444	445	466	467	643	#
701	2111.97	349	366	367	369	370	371	372	388	389	390	391	392	393	394	395	409	410	411	412	413	415	431	432	433	434	453	454	455	456	476	477	478	644	#
702	2475.58	185	207	231	254	255	276	298	352	353	374	375	396	398	412	413	418	419	420	433	434	440	441	442	443	444	455	456	457	476	477	478	479	644	#
703	2381.93	225	226	227	248	249	270	271	370	371	372	391	392	393	394	395	410	411	412	413	414	415	416	432	433	434	435	438	454	455	456	457	478	644	#
704	2361.82	348	349	353	355	368	369	370	371	372	375	376	389	390	391	392	393	394	395	396	398	412	413	414	415	416	417	418	435	436	437	438	459	644	#
705	2325.55	65	87	109	111	132	133	342	363	364	368	369	386	388	390	391	410	411	412	413	431	432	433	434	451	452	453	454	455	456	476	478	479	644	#
706	2320.24	283	284	305	306	307	329	344	351	369	370	372	373	390	391	392	393	394	395	412	413	414	415	416	417	435	436	437	438	439	457	458	459	644	#
707	107.502	377	399	400	645	#
708	78.0651	377	378	399	645	#
709	2292.71	0	1	2	22	23	24	25	44	45	46	47	68	69	70	71	91	92	93	94	113	114	115	116	132	135	136	137	154	155	156	157	158	159	160	176	177	179	180	476	477	646	#
710	2937.51	25	45	46	47	68	69	90	91	92	93	113	114	115	135	171	172	173	193	194	195	215	216	217	225	237	241	246	247	248	249	250	319	341	342	343	344	345	366	390	412	646	#
711	2870.36	1	2	3	4	5	24	25	26	36	45	46	47	48	58	68	69	70	88	89	90	91	92	93	111	113	114	115	136	220	242	264	265	268	286	287	288	289	308	330	510	646	#
712	2678.91	92	93	94	114	115	116	117	136	138	158	160	242	264	265	286	287	288	289	308	309	330	331	332	333	350	352	353	354	355	372	374	375	376	394	396	415	416	417	437	439	646	#
713	2621.27	24	25	45	46	66	67	68	69	90	92	114	132	154	155	156	177	178	179	200	221	222	249	270	271	309	328	331	349	350	351	352	353	354	355	374	375	376	377	396	397	646	#
714	2617.49	3	25	44	45	47	48	66	67	68	69	70	71	88	89	90	91	92	93	110	111	113	114	132	134	135	154	155	156	177	356	364	378	379	380	386	399	400	401	408	491	646	#
715	542.617	261	262	283	284	285	307	328	329	348	349	350	351	373	647	#
716	812.109	304	326	347	348	349	350	370	371	372	373	392	393	502	647	#
717	791.297	139	140	216	280	281	282	283	284	302	303	304	305	326	647	#
718	717.181	328	348	349	350	351	371	372	373	393	395	405	406	407	647	#
719	715.481	216	217	219	238	239	240	241	261	262	283	284	285	307	647	#
720	670.275	285	307	328	329	348	349	350	351	369	370	371	372	373	647	#
721	481.571	309	323	324	331	345	346	368	480	648	#
722	631.271	309	331	332	352	353	354	374	375	648	#
723	620.674	309	330	331	352	353	374	375	495	648	#
724	568.597	279	280	281	302	323	324	346	347	648	#
725	557.393	210	232	301	302	323	324	325	347	648	#
726	471.553	123	124	125	322	344	345	346	347	648	#
727	261.563	155	156	176	177	178	237	649	#
728	352.805	154	155	156	176	177	178	649	#
729	319.47	133	153	155	156	157	177	649	#
730	285.491	216	237	238	259	260	261	649	#
731	219.273	156	177	178	200	201	222	649	#
732	281.87	181	182	204	650	#
733	271.997	8	204	205	650	#
734	211.469	180	181	182	650	#
735	170.338	182	183	204	650	#
736	81.3394	499	#
737	1353.2	30	52	54	74	75	76	95	96	97	98	117	118	119	139	401	421	422	423	443	445	446	651	#
738	1607.79	9	10	11	32	33	34	54	55	56	75	76	96	97	98	117	118	119	120	139	140	161	651	#
739	1606.19	54	73	74	75	76	96	97	98	117	118	119	120	121	122	140	141	142	144	162	165	166	651	#
740	1561.74	50	51	52	72	73	74	75	76	96	97	98	99	117	118	119	120	121	139	140	141	142	651	#
741	1493.41	33	34	50	51	52	53	54	55	56	73	74	75	76	77	78	79	96	99	118	120	121	651	#
742	1482.4	11	31	33	34	53	54	55	73	74	75	76	96	97	98	117	118	119	120	121	142	339	651	#
743	541.403	89	340	362	363	364	385	407	428	429	652	#
744	648.326	149	319	320	321	343	344	362	363	364	652	#
745	646.351	317	339	340	341	362	363	384	385	407	652	#
746	607.445	317	319	320	339	340	341	342	362	363	652	#
747	604.129	117	407	428	429	430	451	452	473	474	652	#
748	601.897	226	426	427	428	430	449	450	451	452	652	#
749	1.49124	509	#
750	51.6021	297	#
751	2390.83	15	36	37	38	57	58	59	60	79	80	81	99	100	101	102	103	121	122	123	124	125	126	143	147	335	336	353	354	356	374	375	378	379	400	461	500	653	#
752	2652.79	310	311	314	332	333	334	335	336	337	338	354	355	356	357	358	359	375	376	377	378	379	380	381	400	401	421	422	423	424	442	443	444	445	446	447	466	653	#
753	2644.36	147	148	169	291	292	310	311	314	332	333	334	335	336	337	353	354	355	356	357	358	359	374	375	376	377	378	379	380	396	399	400	401	421	422	423	479	653	#
754	2620.22	3	14	24	25	35	46	57	58	68	70	79	80	88	89	90	91	92	100	101	102	103	110	111	112	113	122	123	124	125	126	133	134	135	155	267	289	653	#
755	2591.04	12	13	14	15	16	17	34	35	36	37	38	39	40	57	58	59	61	62	63	79	80	81	82	83	84	85	103	105	335	336	337	358	359	360	415	436	653	#
756	2580.98	287	288	309	310	311	313	314	331	332	333	334	335	336	337	338	353	354	355	356	357	358	359	375	376	377	378	379	380	381	398	399	400	401	419	422	441	653	#
757	70.4065	357	#
758	76.1478	500	#
759	1064.96	213	214	215	235	236	237	260	305	306	326	327	328	348	654	#
760	1035.06	193	194	214	215	216	217	236	237	238	239	240	260	261	654	#
761	953.268	191	192	193	213	214	215	235	236	237	238	257	258	481	654	#
762	947.362	91	191	213	214	215	234	235	236	237	255	256	257	258	654	#
763	946.221	192	193	194	214	215	216	224	237	238	239	240	260	261	654	#
764	914.816	171	172	191	192	193	194	195	214	215	216	236	237	260	654	#
765	1369.55	44	66	67	88	89	90	91	111	112	113	114	115	132	133	134	135	150	156	171	172	241	263	498	655	#
766	1646.3	69	70	71	91	92	93	113	114	115	135	136	137	157	158	159	179	180	181	202	203	225	226	498	655	#
767	1587.73	50	51	68	69	70	71	72	73	90	91	92	93	94	111	112	113	114	134	135	428	449	450	472	655	#
768	1575.28	68	69	70	71	90	91	92	93	94	111	112	113	114	115	134	135	136	137	157	180	264	286	336	655	#
769	1538.14	0	1	10	22	32	44	66	67	88	89	110	111	112	117	139	161	162	184	185	206	207	386	387	655	#
770	1521.85	46	68	69	70	71	90	91	92	93	94	111	112	113	114	115	132	133	134	135	157	179	180	499	655	#
771	144.785	265	#
772	249.858	387	388	409	410	431	656	#
773	338.935	364	386	387	388	408	656	#
774	331.98	388	410	411	432	433	656	#
775	297.119	410	411	430	431	432	656	#
776	180.195	431	432	452	453	454	656	#
777	147.324	386	408	409	429	431	656	#
778	1920.05	67	68	88	89	90	91	111	112	113	133	155	314	336	337	338	353	359	360	361	383	384	385	405	406	407	408	409	428	429	430	657	#
779	2348.08	56	75	76	77	78	98	99	100	120	121	142	143	342	343	361	364	383	384	385	386	387	406	407	408	409	428	429	449	450	471	657	#
780	2294.05	249	270	271	272	292	293	294	314	315	316	333	335	336	337	338	339	340	355	356	357	358	359	360	361	376	379	380	381	383	403	657	#
781	2274.58	70	71	92	93	113	135	157	199	200	272	292	294	313	314	315	316	335	336	337	338	339	356	357	358	359	360	378	379	380	381	657	#
782	2260.4	226	248	270	292	364	383	384	385	386	387	388	390	406	407	408	409	410	411	412	427	428	429	432	433	434	449	450	469	470	471	657	#
783	2234.56	24	45	46	47	66	67	68	69	70	71	88	89	90	91	92	93	110	111	112	113	132	133	168	169	170	191	192	213	214	215	657	#
784	684.665	135	157	158	178	179	180	202	254	255	277	658	#
785	788.879	231	232	253	254	255	276	277	298	299	321	658	#
786	726.538	231	254	255	275	276	277	297	298	299	300	658	#
787	696.668	209	231	254	255	276	277	298	299	300	408	658	#
788	623.654	69	92	100	113	114	115	135	156	157	180	658	#
789	606.238	134	135	137	156	157	158	179	180	181	202	658	#
790	1692.31	5	60	331	332	333	334	353	354	355	356	374	375	376	377	378	379	396	397	398	399	400	401	420	421	422	443	659	#
791	1934.14	209	231	254	276	277	355	357	376	377	378	379	381	398	399	400	401	403	420	421	422	423	424	443	444	446	447	659	#
792	1896.09	235	314	335	336	355	356	357	358	359	376	377	378	379	398	399	400	401	421	422	442	443	444	465	466	467	468	659	#
793	1875.58	145	164	165	166	167	168	188	189	190	331	332	352	353	354	355	375	376	377	378	396	397	398	400	401	418	419	659	#
794	1854.54	133	155	176	177	198	309	330	331	332	352	353	354	355	374	375	376	377	378	379	396	398	399	400	401	418	440	659	#
795	1843.04	259	260	282	303	304	333	334	353	355	375	376	377	378	379	396	398	399	400	401	418	421	422	442	443	465	466	659	#
796	2720.89	13	14	15	20	35	36	37	38	39	42	58	59	60	61	77	78	79	80	81	82	99	100	101	102	103	104	105	120	121	122	123	124	125	126	142	143	144	145	163	164	166	167	168	169	186	187	191	660	#
797	3761.25	45	59	60	80	81	102	103	123	124	125	126	279	280	302	330	335	352	353	354	355	356	357	358	375	376	377	379	380	396	397	398	399	400	401	415	416	418	419	420	421	422	437	438	440	441	443	444	660	#
798	3411.78	127	128	147	148	149	150	168	169	170	171	172	191	194	195	215	216	235	237	238	239	259	260	279	280	281	282	302	324	325	330	350	352	368	371	372	388	389	390	391	392	393	411	412	434	456	478	479	660	#
799	3351.73	13	14	15	16	27	34	35	36	37	38	39	56	58	59	61	80	102	103	122	123	124	125	144	167	168	190	362	363	364	365	367	386	387	388	389	409	410	431	432	433	434	453	454	456	476	478	493	660	#
800	3279.4	15	17	18	35	36	37	39	58	59	60	61	80	81	82	83	102	104	105	106	123	124	125	126	134	147	156	176	177	178	198	220	334	355	356	357	374	375	376	377	378	379	396	397	398	399	418	419	660	#
801	3230.05	14	15	34	35	36	37	38	39	58	59	60	61	78	80	81	82	100	101	102	103	104	122	123	124	125	126	310	332	354	389	390	411	412	413	416	434	435	436	437	438	456	457	458	460	478	479	510	660	#
802	110.771	116	117	661	#
803	85.6338	116	138	661	#
804	119.949	381	382	662	#
805	162.575	382	404	662	#
806	105.636	380	381	662	#
807	1423.66	187	188	210	230	231	232	233	253	254	255	256	276	277	278	298	299	301	302	312	321	663	#
808	1630.42	166	186	187	188	210	211	212	213	214	231	232	233	234	235	254	255	256	276	277	278	663	#
809	1582.12	224	225	226	231	234	253	254	255	256	276	277	278	279	298	299	300	301	302	321	323	663	#
810	1575.82	210	211	212	231	232	253	254	255	277	278	279	280	281	298	299	300	301	302	303	324	663	#
811	1553.06	209	210	212	231	232	233	234	235	254	255	256	276	277	278	298	299	300	301	321	485	663	#
812	1517.23	53	54	74	75	76	231	232	253	254	276	277	278	279	298	299	300	301	319	320	321	663	#
813	1425.72	185	192	207	215	216	217	237	238	260	262	278	280	281	282	283	284	285	301	302	303	305	306	307	323	327	664	#
814	1806.24	97	170	171	192	193	194	213	214	215	216	217	235	236	237	238	239	259	260	281	282	303	304	324	326	348	664	#
815	1801	168	169	170	190	192	193	213	214	215	227	228	229	249	250	251	252	271	272	274	289	294	295	311	333	355	664	#
816	1674.94	11	12	13	33	237	238	240	259	260	262	263	281	282	283	284	301	302	305	306	307	326	327	329	348	400	664	#
817	1671.27	204	205	216	227	228	229	237	238	248	249	250	251	252	259	260	270	271	272	273	274	292	293	294	295	438	664	#
818	1668.41	171	191	192	193	213	214	215	216	237	238	259	260	279	280	281	282	302	303	304	305	306	327	349	385	443	664	#
819	359.81	191	213	214	235	665	#
820	399.51	213	235	236	257	665	#
821	389.749	213	214	215	235	665	#
822	375.135	213	214	215	216	665	#
823	344.306	191	192	213	235	665	#
824	171.354	24	257	258	259	#
825	1389.09	368	370	372	390	393	394	411	412	413	415	416	433	434	435	436	454	455	456	457	667	#
826	1489	69	70	71	91	92	282	283	305	327	349	350	370	371	372	392	393	394	415	416	667	#
827	1390.02	97	98	99	387	388	407	408	409	410	411	431	433	434	453	454	455	456	477	478	667	#
828	1381.84	388	389	390	411	412	413	433	434	452	453	454	455	456	472	473	475	476	477	478	667	#
829	1321.07	390	412	413	415	432	433	434	435	436	437	454	455	456	457	475	476	477	478	479	667	#
830	1314.74	369	370	388	389	390	391	392	393	411	413	414	415	416	433	435	436	457	458	480	667	#
831	498.591	176	345	346	368	390	411	412	668	#
832	603.113	89	111	112	133	154	155	176	668	#
833	563.592	388	389	410	411	433	434	454	668	#
834	529.273	324	346	368	390	411	412	413	668	#
835	525.851	36	57	58	283	368	390	391	668	#
836	518.426	390	411	412	413	433	434	454	668	#
837	98.3284	385	#
838	666.13	57	138	139	160	161	183	204	205	669	#
839	806.2	204	398	420	421	442	443	444	464	669	#
840	590.157	14	15	35	37	57	58	79	158	669	#
841	571.892	93	182	183	203	204	205	225	226	669	#
842	496.328	116	138	139	160	182	183	204	205	669	#
843	474.229	116	118	138	139	140	160	162	410	669	#
844	411.076	424	425	446	447	448	504	670	#
845	566.327	382	404	426	427	448	470	670	#
846	409.453	402	424	425	447	448	470	670	#
847	382.354	424	425	446	447	470	471	670	#
848	353.112	258	259	260	261	282	504	670	#
849	347.934	381	403	424	425	446	467	670	#
850	1909.73	167	188	189	209	210	211	212	230	231	232	233	234	235	252	253	254	255	256	257	275	276	277	299	396	397	419	441	487	671	#
851	2120.15	147	167	168	169	170	188	189	191	209	210	212	213	231	233	234	235	254	255	256	257	258	259	277	298	299	314	315	316	671	#
852	2059.92	1	2	3	5	6	22	23	24	25	26	45	46	47	353	375	396	397	398	418	419	420	440	441	442	443	463	464	465	671	#
853	2027.74	167	168	169	188	189	209	210	212	213	231	232	233	234	235	254	255	278	280	281	299	300	301	302	303	304	320	321	324	671	#
854	1963.76	4	5	6	7	8	9	28	30	31	38	52	53	188	210	231	233	253	254	255	274	275	276	277	298	299	300	321	377	671	#
855	1956.96	31	188	193	194	210	213	215	233	234	235	237	238	254	255	256	257	258	259	260	276	277	278	282	300	375	376	396	397	671	#
856	538.381	69	91	110	111	112	113	134	672	#
857	601.096	69	70	91	92	93	113	115	672	#
858	525.995	112	113	134	135	154	155	156	672	#
859	478.634	44	68	69	89	90	91	112	672	#
860	455.226	88	89	111	112	132	133	134	672	#
861	436.388	110	132	133	154	155	156	177	672	#
862	407.671	94	116	117	138	139	160	161	183	673	#
863	536.991	116	117	118	138	139	140	161	162	673	#
864	522.196	118	119	139	140	160	161	182	183	673	#
865	504.94	158	159	160	180	182	183	204	205	673	#
866	467.407	159	160	161	162	182	183	204	205	673	#
867	393.381	116	117	138	139	160	161	433	434	673	#
868	338.265	347	348	349	370	371	393	674	#
869	469.498	347	348	369	370	392	393	674	#
870	413.684	325	347	348	370	371	393	674	#
871	405.062	327	348	349	370	392	393	674	#
872	345.866	324	325	347	367	368	369	674	#
873	251.655	348	349	350	371	372	393	674	#
874	578.81	166	167	168	187	188	189	210	211	675	#
875	561.729	166	187	188	209	210	232	233	254	675	#
876	554.762	147	148	167	168	169	170	188	189	675	#
877	542.419	187	188	189	210	231	232	233	253	675	#
878	518.141	167	187	188	189	190	210	211	212	675	#
879	510.634	166	187	188	189	190	209	210	211	675	#
880	979.395	251	252	274	295	296	316	317	318	319	320	340	341	342	362	364	676	#
881	1183.15	183	184	205	206	225	226	227	228	229	247	248	250	251	252	253	676	#
882	1143.37	228	229	231	269	273	291	295	296	312	313	314	315	316	317	318	676	#
883	1080.06	277	299	321	322	341	342	343	363	364	365	385	386	387	407	408	676	#
884	1045.62	180	210	228	229	230	233	251	252	253	254	255	256	257	274	277	676	#
885	1034.59	141	247	248	270	271	293	296	314	315	316	317	318	319	341	342	676	#
886	441.764	82	83	104	105	106	125	127	128	677	#
887	559.556	105	106	107	108	127	128	150	151	677	#
888	525.895	104	105	106	107	125	126	127	128	677	#
889	514.039	106	107	127	128	150	151	400	422	677	#
890	510.198	82	83	104	105	106	126	128	457	677	#
891	480.38	83	105	106	107	108	127	128	150	677	#
892	48.2963	308	#
893	561.85	55	56	77	78	254	277	678	#
894	546.187	12	34	55	56	78	100	678	#
895	491.077	254	275	276	277	297	298	678	#
896	475.232	34	55	56	188	189	210	678	#
897	455.521	33	55	56	76	77	78	678	#
898	453.007	76	77	98	99	120	121	678	#
899	464.499	31	32	54	75	76	98	679	#
900	550.658	75	98	99	120	121	142	679	#
901	516.549	54	76	77	99	326	348	679	#
902	498.203	31	32	51	52	54	74	679	#
903	443.414	9	31	32	50	51	52	679	#
904	398.389	74	75	96	98	269	310	679	#
905	147.467	357	379	680	#
906	191.283	356	379	680	#
907	152.201	356	357	680	#
908	549.456	1	2	3	24	25	26	48	681	#
909	681.38	2	3	24	25	26	47	69	681	#
910	608.367	2	3	4	24	25	26	48	681	#
911	607.497	27	48	49	71	72	93	97	681	#
912	583.674	5	6	26	27	28	49	71	681	#
913	520.207	1	2	3	23	24	25	47	681	#
914	929.497	55	89	110	111	112	132	133	134	135	154	155	156	157	158	176	177	508	682	#
915	1373.03	2	3	23	24	46	68	69	70	90	91	92	93	112	134	372	393	508	682	#
916	1135.8	10	11	12	13	32	33	34	35	54	55	56	130	131	152	153	316	442	682	#
917	1121.32	135	157	158	159	180	181	183	184	202	203	204	205	223	224	225	247	248	682	#
918	1068.84	110	111	112	133	134	135	155	156	157	158	177	425	446	447	467	469	470	682	#
919	1066.54	112	133	134	135	154	155	156	157	158	159	176	177	180	181	202	235	257	682	#
920	193.906	132	133	134	135	154	683	#
921	279.5	132	133	134	139	140	683	#
922	279.302	132	154	176	177	178	683	#
923	247.981	113	135	136	157	158	683	#
924	197.256	110	112	132	133	134	683	#
925	202.569	444	465	466	467	684	#
926	281.38	441	442	464	465	684	#
927	254.03	444	464	465	466	684	#
928	235.162	422	444	445	467	684	#
929	227.875	423	444	445	466	684	#
930	66.3873	78	#
931	1598	188	209	210	211	230	231	232	233	252	253	254	255	256	274	276	277	278	299	300	321	340	341	342	343	362	685	#
932	1956.06	233	255	256	277	278	279	298	299	300	301	302	320	321	323	342	421	441	442	446	462	463	464	465	467	468	685	#
933	1904.38	254	255	256	277	278	298	299	300	301	323	404	424	425	426	427	443	446	447	448	465	466	467	468	469	470	685	#
934	1887.7	233	254	255	256	257	276	277	278	279	281	282	298	299	300	301	302	303	320	321	323	324	325	342	347	369	685	#
935	1810.53	233	254	255	256	257	276	277	278	279	298	299	301	320	321	322	323	331	332	342	343	344	345	353	354	366	685	#
936	1808.94	230	231	232	233	235	252	253	254	255	256	257	274	275	276	277	278	279	298	299	300	301	302	303	323	324	685	#
937	130.302	213	#
938	147.954	12	13	461	686	#
939	109.486	12	13	35	686	#
940	93.0516	12	34	35	686	#
941	665.75	221	242	243	264	265	286	323	343	687	#
942	677.943	220	242	243	264	286	287	288	289	687	#
943	662.155	220	221	242	243	264	265	286	287	687	#
944	647.792	279	280	281	282	301	302	323	324	687	#
945	636.413	199	221	242	243	264	265	286	287	687	#
946	627.923	120	121	220	242	243	264	286	287	687	#
947	304.89	256	278	301	323	324	688	#
948	443.183	234	255	256	257	277	688	#
949	413.431	140	141	301	323	324	688	#
950	373.056	281	301	303	323	324	688	#
951	359.807	279	280	301	323	324	688	#
952	298.71	256	257	278	279	301	688	#
953	295.804	132	154	155	156	689	#
954	265.311	133	154	155	176	689	#
955	241.773	154	155	156	177	689	#
956	177.475	156	157	158	180	689	#
957	169.335	111	132	133	134	689	#
958	17.8945	313	#
959	558.896	327	328	329	348	349	350	351	371	372	394	499	690	#
960	704.654	327	347	348	349	369	370	373	393	394	395	481	690	#
961	693.206	281	282	283	303	304	305	324	326	327	348	370	690	#
962	599.217	10	32	54	55	327	329	349	350	351	372	373	690	#
963	586.219	283	305	326	327	328	347	348	349	350	371	372	690	#
964	578.928	283	305	327	328	329	349	350	351	370	371	393	690	#
965	1745.68	12	13	14	15	35	36	37	38	57	58	59	60	61	80	81	82	83	102	104	124	125	147	170	691	#
966	1781.74	9	10	11	12	13	14	15	30	31	32	34	35	36	37	53	54	57	76	77	96	97	98	120	691	#
967	1681.78	13	14	35	36	37	49	50	57	70	71	72	92	274	407	410	428	429	430	431	432	453	454	476	691	#
968	1662.57	11	12	13	14	15	16	35	36	37	38	57	58	59	60	61	80	81	82	83	104	105	106	127	691	#
969	1650.96	13	14	15	16	17	18	35	36	37	38	57	58	59	60	80	82	102	124	449	451	471	472	473	691	#
970	1582.76	38	60	61	82	83	84	104	105	106	107	126	388	410	411	431	432	433	435	454	455	456	457	458	691	#
971	215.953	228	229	250	692	#
972	216.676	206	227	228	692	#
973	195.843	206	228	229	692	#
974	735.477	382	384	404	406	407	408	409	426	427	428	429	693	#
975	847.742	333	334	356	383	384	406	407	427	428	449	450	693	#
976	771.086	342	363	364	365	386	387	388	408	409	428	429	693	#
977	763.783	42	43	64	384	405	406	428	432	454	475	476	693	#
978	749.497	236	385	387	399	400	407	408	409	428	429	430	693	#
979	687.148	343	365	386	387	407	408	409	410	429	431	453	693	#
980	1558.16	53	75	95	96	97	118	119	139	140	141	161	162	163	164	181	182	183	184	185	186	203	204	205	206	227	228	694	#
981	2002.06	7	28	29	50	51	52	53	54	55	73	74	75	76	77	95	96	97	98	99	118	140	162	183	184	185	204	694	#
982	1902.61	118	140	159	161	162	181	182	183	184	185	186	202	203	204	205	206	227	228	249	250	260	270	271	272	282	304	694	#
983	1901.56	7	8	9	28	29	31	50	51	52	53	54	55	72	73	74	75	76	77	78	95	96	97	117	118	140	162	694	#
984	1897.27	95	117	118	138	139	140	141	160	161	162	182	183	184	185	203	204	205	206	228	229	250	251	272	294	295	317	694	#
985	1861.39	136	158	159	161	181	182	183	184	185	202	203	204	205	206	224	225	226	227	228	229	248	249	250	251	271	272	694	#
986	759.93	171	172	194	195	214	215	216	217	236	237	238	295	695	#
987	1046.1	33	34	55	56	213	214	215	235	236	237	238	257	695	#
988	900.544	213	214	215	235	236	237	278	280	281	301	302	492	695	#
989	893.141	149	170	171	173	174	192	193	195	214	215	216	236	695	#
990	880.838	214	215	216	236	269	270	291	292	293	294	315	316	695	#
991	844.359	170	192	193	213	214	215	235	236	237	238	239	240	695	#
992	192.831	41	63	696	#
993	156.004	41	42	696	#
994	77.1273	62	63	696	#
995	1312.62	17	18	19	20	21	38	39	40	41	42	43	63	64	65	86	108	109	130	131	153	697	#
996	1587.81	18	19	20	21	41	42	43	63	64	65	87	333	334	335	336	337	356	378	379	401	697	#
997	1560.99	131	187	188	209	210	211	231	232	233	253	254	274	275	276	386	408	409	410	430	431	697	#
998	1549.42	18	19	20	21	41	42	43	63	64	161	173	184	185	206	228	229	249	250	251	435	697	#
999	1539.43	19	20	21	43	64	65	86	87	108	109	130	145	146	166	167	188	189	209	210	232	697	#
1000	1520.06	19	20	21	41	42	43	63	64	65	86	87	89	90	91	108	109	111	113	130	133	697	#
