%% File generated by CATS v.2.1Thu May  9 13:01:46 2024

%% The CATS webpage is http://robotics.stanford.edu/CATS

%% PARAMETER SETTINGS:
% Goods: 512; Bids: 1000; Distribution: regions; Runs: 1; Seed: 12
% Regions Distribution Parameters:
% Max Substitutable Bids = 5
% Removing HV Neighbor   = 0.1
% Adding DIAG Neighbor   = 0.2
% Additional Location    = 0.9
% Jump Probability       = 0.05
% Additivity             = 0.2
% Budget Factor          = 1.5
% Resale Factor          = 0.5
% Uniform Private Value:
%   Deviation            = 0.5
%   Max Good Value       = 100



goods 512
bids 1003
dummy 185

0	481.004	26	48	69	70	92	114	136	157	344	366	512	#
1	682.711	321	341	342	343	344	364	365	366	367	389	512	#
2	656.059	26	48	49	69	70	71	417	445	466	467	512	#
3	648.033	70	71	72	92	93	114	115	116	136	157	512	#
4	628.754	321	341	342	343	344	345	364	365	366	367	512	#
5	619.53	7	28	48	49	50	51	69	70	71	403	512	#
6	1434.58	25	80	84	85	96	101	102	103	106	107	124	398	399	401	421	422	423	444	445	446	466	472	513	#
7	1551.18	1	2	3	22	23	24	25	44	45	46	47	67	68	69	70	89	90	112	113	134	413	435	513	#
8	1489.51	5	27	28	220	221	222	244	398	399	401	420	421	422	423	443	444	445	462	463	464	465	466	513	#
9	1488.64	18	39	40	60	61	62	63	64	65	83	84	85	86	87	104	105	106	107	128	129	130	151	513	#
10	1466.92	41	61	63	64	83	84	85	86	104	105	106	107	127	128	129	150	151	152	153	386	387	408	513	#
11	1444.57	55	401	403	421	422	423	424	425	426	427	444	445	446	447	448	449	450	468	469	470	471	472	513	#
12	1037.29	1	2	3	4	6	24	25	26	27	28	29	45	46	47	48	49	50	51	69	72	73	74	514	#
13	1489.26	26	27	28	49	50	51	71	72	74	197	218	219	239	240	241	260	261	262	263	283	316	317	514	#
14	1412.74	7	26	27	28	29	47	48	49	50	69	70	71	72	91	92	93	112	134	199	221	242	243	514	#
15	1388.2	6	7	25	26	27	28	47	48	49	297	316	317	318	319	320	338	339	340	341	342	362	364	514	#
16	1369.81	5	25	26	27	28	46	47	48	49	50	69	70	71	72	91	92	93	111	112	113	134	498	514	#
17	1364.81	0	1	2	3	4	22	25	26	27	28	44	47	48	49	66	69	70	71	72	91	92	93	514	#
18	82.2444	94	#
19	991.388	89	176	177	198	267	270	271	272	290	291	312	313	334	335	515	#
20	1115.36	267	268	269	270	290	291	292	312	313	314	315	334	337	492	515	#
21	1029.59	247	248	267	268	270	271	287	288	289	290	291	292	293	312	515	#
22	946.268	194	216	217	268	280	290	291	292	293	312	313	333	334	335	515	#
23	938.879	248	267	268	270	290	291	292	312	313	332	333	334	335	357	515	#
24	916.63	110	132	133	134	135	154	155	156	176	177	178	199	221	222	515	#
25	1039.41	134	136	155	156	157	178	179	199	200	201	202	222	223	244	245	332	516	#
26	1216.86	133	155	156	157	178	179	182	200	201	202	203	204	223	224	226	245	516	#
27	1214.36	76	98	118	119	120	121	136	143	157	179	201	202	203	222	223	224	516	#
28	1202.65	68	69	89	91	110	111	112	113	133	134	135	155	156	178	200	201	516	#
29	1096.69	133	134	155	156	157	176	178	179	198	199	200	201	222	223	244	245	516	#
30	1088.31	199	200	201	222	223	224	243	244	245	246	266	267	288	336	358	359	516	#
31	2380.07	12	13	23	25	34	35	36	37	38	44	45	46	47	56	57	58	59	60	66	67	68	69	70	78	79	80	81	82	83	88	102	104	105	106	126	127	517	#
32	2576.28	23	25	44	45	46	47	48	66	67	68	69	70	88	89	91	96	110	111	112	116	117	118	132	133	134	137	138	139	159	334	335	336	337	357	358	359	517	#
33	2566.12	37	38	56	58	59	60	78	79	80	81	82	83	100	101	102	104	105	122	123	182	204	225	226	248	249	267	268	269	270	271	272	273	289	291	292	293	517	#
34	2507.49	1	23	44	45	46	66	67	68	88	89	90	91	92	111	112	113	132	133	177	199	400	401	402	422	423	432	444	453	454	455	456	457	466	476	478	479	517	#
35	2449.38	12	34	35	36	37	56	57	58	59	78	79	80	81	82	100	101	102	103	104	122	123	124	125	126	143	144	145	146	147	148	166	186	187	188	189	278	517	#
36	2428.44	44	45	46	47	66	67	68	69	70	88	89	90	91	92	110	111	112	132	133	134	137	138	139	154	158	159	176	177	198	199	200	201	221	222	352	374	517	#
37	77.1363	10	#
38	360.219	426	427	428	449	518	#
39	410.557	404	405	426	427	518	#
40	358.37	404	405	428	477	518	#
41	326.755	427	449	471	472	518	#
42	286.29	448	449	470	471	518	#
43	944.034	249	272	293	294	314	315	316	338	339	340	360	361	519	#
44	1168.79	297	318	319	337	338	339	340	341	361	362	363	384	519	#
45	1121.8	315	316	317	337	338	339	340	341	361	362	363	384	519	#
46	1066.66	271	293	294	315	316	337	338	339	340	358	359	361	519	#
47	1022.35	297	318	319	338	339	340	341	342	361	362	363	383	519	#
48	1001.48	318	337	338	339	340	341	342	361	362	366	367	384	519	#
49	218.152	447	448	468	469	470	520	#
50	278.521	425	446	447	467	468	520	#
51	233.349	448	467	468	469	470	520	#
52	225.202	406	448	468	469	470	520	#
53	224.639	423	445	446	447	469	520	#
54	197.128	446	447	448	469	470	520	#
55	361.627	64	65	87	109	521	#
56	439.362	87	109	130	131	521	#
57	352.004	65	87	109	131	521	#
58	292.755	64	65	86	87	521	#
59	243.727	42	64	65	86	521	#
60	22.7745	415	#
61	698.044	318	319	341	356	362	363	378	385	400	422	522	#
62	907.784	101	318	319	340	341	342	343	361	362	384	522	#
63	872.855	248	291	312	313	314	334	335	356	357	378	522	#
64	859.219	317	318	319	339	340	341	342	343	361	362	522	#
65	702.685	12	340	361	362	363	384	385	386	406	408	522	#
66	669.6	253	262	275	296	317	318	319	339	340	341	522	#
67	402.736	382	383	384	405	428	523	#
68	372.296	426	427	428	448	470	523	#
69	359.538	362	382	383	384	405	523	#
70	292.215	157	158	359	360	382	523	#
71	253.242	383	385	405	406	428	523	#
72	71.1271	492	#
73	54.9401	12	#
74	956.286	285	306	307	326	327	328	329	347	348	349	350	351	371	372	373	393	394	524	#
75	1295.08	239	240	241	261	262	263	282	283	284	285	304	305	307	328	329	351	405	524	#
76	1241.28	205	206	227	239	240	241	260	261	262	263	283	284	285	305	327	328	329	524	#
77	1192.51	128	129	151	240	241	262	263	284	285	307	327	328	329	349	350	351	370	524	#
78	1180.84	116	282	283	304	305	306	307	308	309	326	327	328	329	330	331	348	351	524	#
79	1118.51	282	304	307	326	327	328	329	346	347	348	349	350	351	368	369	371	372	524	#
80	541.683	370	371	392	394	414	415	416	437	438	459	525	#
81	648.223	327	328	329	349	370	371	372	373	392	393	525	#
82	632.921	413	435	437	456	457	458	459	460	481	482	525	#
83	570.438	328	349	368	369	370	371	391	392	414	415	525	#
84	558.181	349	370	371	372	392	393	394	395	414	416	525	#
85	512.299	372	373	392	393	394	395	414	415	416	438	525	#
86	191.618	171	193	215	216	238	526	#
87	231.021	191	192	193	214	215	526	#
88	229.285	149	150	171	193	216	526	#
89	220.285	191	192	193	215	237	526	#
90	147.571	193	216	217	238	239	526	#
91	694.399	381	382	402	403	404	405	425	426	527	#
92	743.77	338	361	380	381	382	383	384	405	527	#
93	664.73	60	361	382	383	404	405	428	462	527	#
94	609.506	338	339	360	361	381	382	383	404	527	#
95	607.673	381	402	403	404	405	425	426	447	527	#
96	601.44	379	380	381	402	403	404	405	424	527	#
97	659.028	99	100	122	430	433	452	453	454	455	474	475	476	528	#
98	858.475	220	389	390	410	411	424	425	432	433	446	447	455	528	#
99	849.307	76	98	99	100	120	122	143	144	164	165	166	404	528	#
100	843.784	76	98	99	100	102	120	122	123	124	144	145	281	528	#
101	816.807	405	406	410	428	433	452	453	454	455	456	475	491	528	#
102	809.757	388	389	409	410	411	432	433	434	454	455	456	457	528	#
103	881.641	62	84	270	271	398	420	421	422	443	444	445	529	#
104	802.13	397	398	399	400	420	421	422	423	443	444	445	529	#
105	800.788	376	377	398	399	420	421	422	444	445	446	467	529	#
106	797.549	46	47	48	70	377	381	382	399	422	444	445	529	#
107	773.604	268	269	270	289	290	291	292	294	313	334	356	529	#
108	754.082	247	248	249	250	270	271	272	292	293	294	315	529	#
109	666.864	411	412	413	417	433	434	435	436	437	438	456	457	458	459	480	530	#
110	953.977	401	402	403	404	405	406	412	413	425	434	435	436	458	479	480	530	#
111	824.741	298	413	415	434	435	436	437	456	457	458	459	477	478	479	480	530	#
112	812.221	194	412	413	434	435	436	437	454	455	456	457	477	478	479	480	530	#
113	786.473	413	415	434	435	436	437	457	458	459	462	463	478	479	480	481	530	#
114	785.39	413	415	434	435	436	437	455	456	457	458	459	477	478	479	480	530	#
115	655.581	413	434	435	436	437	438	458	459	460	481	482	483	531	#
116	907.944	409	413	431	432	434	435	436	451	452	453	456	477	531	#
117	752.116	196	218	219	240	241	261	262	263	283	284	306	413	531	#
118	695.454	366	388	389	390	412	433	434	454	455	456	478	479	531	#
119	640.44	415	434	435	436	437	456	458	459	460	478	482	483	531	#
120	591.236	435	439	458	459	460	461	478	479	480	481	482	483	531	#
121	348.759	18	19	20	21	42	532	#
122	391.295	18	19	40	41	63	532	#
123	346.111	18	19	20	21	41	532	#
124	342.229	18	19	20	41	42	532	#
125	330.508	20	41	42	63	64	532	#
126	273.259	19	20	21	42	170	532	#
127	240.7	241	263	285	533	#
128	232.513	241	262	263	533	#
129	184.811	285	306	307	533	#
130	1811.07	2	3	4	5	6	7	8	23	24	25	26	27	28	29	30	46	47	48	49	50	51	70	73	91	92	113	114	115	135	149	219	241	292	534	#
131	2295.9	12	110	112	113	132	133	134	135	136	137	154	155	156	157	158	159	177	178	179	180	181	182	183	200	201	202	203	222	223	225	267	290	503	534	#
132	2270.37	27	44	45	46	47	48	49	67	69	70	91	92	93	112	113	114	115	136	157	179	194	195	201	216	217	223	231	232	238	239	254	255	276	534	#
133	2238.42	14	15	16	17	225	228	229	247	248	249	267	269	270	271	272	289	290	291	292	293	295	311	312	313	314	315	334	335	336	337	338	358	361	534	#
134	2207.1	48	70	91	92	93	111	112	113	114	115	116	117	133	134	135	137	138	139	157	160	248	252	263	275	285	325	337	347	453	458	459	480	481	534	#
135	2058.46	2	24	25	26	27	47	48	49	69	70	91	92	104	110	112	113	114	127	128	132	133	134	135	154	155	156	176	177	178	198	200	425	426	534	#
136	276.652	164	165	186	208	535	#
137	285.147	186	187	208	209	535	#
138	277.295	142	164	186	208	535	#
139	240.173	144	164	165	166	535	#
140	185.634	163	164	165	186	535	#
141	253.999	19	20	21	41	536	#
142	201.356	19	39	40	41	536	#
143	197.231	20	40	41	42	536	#
144	196.97	20	21	42	64	536	#
145	181.877	19	40	41	304	536	#
146	177.445	15	36	37	38	59	537	#
147	237.929	16	38	60	82	332	537	#
148	236.091	37	58	59	233	498	537	#
149	224.641	13	14	15	36	37	537	#
150	2927.39	287	290	291	300	308	309	313	331	332	333	334	335	353	354	355	356	374	375	376	377	378	396	397	398	399	400	401	418	419	420	421	422	423	440	441	442	443	444	445	446	462	463	464	465	466	467	538	#
151	3620.42	113	135	157	179	180	227	248	249	267	268	269	270	271	290	291	292	293	294	312	313	315	316	333	334	335	337	354	355	356	357	359	376	377	378	379	397	398	399	400	401	402	420	421	422	423	424	538	#
152	3478.49	151	173	195	270	271	276	277	278	291	292	293	298	299	300	313	314	315	333	334	335	336	337	338	353	354	355	356	357	359	376	377	378	397	398	399	400	401	419	420	421	422	423	443	444	465	466	538	#
153	3451.26	223	227	245	246	247	248	249	250	267	268	269	270	271	272	273	276	277	289	290	291	292	293	294	295	296	298	313	314	315	316	320	334	336	341	342	343	364	365	386	387	408	424	430	446	452	468	538	#
154	3328.02	248	269	270	271	290	291	292	310	312	332	333	334	354	355	356	357	374	376	377	378	396	397	398	399	400	401	402	418	419	420	421	422	423	424	440	441	442	443	444	445	446	462	463	464	465	466	538	#
155	3318.05	200	207	220	222	223	242	243	244	245	246	265	266	267	268	269	270	271	286	287	288	291	292	293	308	309	310	311	313	314	331	332	333	334	335	353	354	355	356	357	376	377	378	397	398	420	421	538	#
156	998.009	145	165	166	167	187	188	189	190	191	192	208	209	211	212	213	214	539	#
157	1147.76	77	144	145	146	166	167	168	189	190	191	213	214	215	233	234	235	539	#
158	1119.88	123	124	125	144	145	146	165	166	167	189	471	472	473	474	475	476	539	#
159	1119.65	145	146	148	149	165	166	167	170	171	188	189	190	191	193	194	213	539	#
160	1106.1	190	191	192	193	194	213	214	215	216	233	234	235	237	255	256	257	539	#
161	1104.27	41	42	63	145	165	166	167	188	189	190	191	192	213	214	427	428	539	#
162	1304.51	13	14	34	35	38	39	40	59	60	61	62	63	82	83	84	86	104	108	127	128	540	#
163	1527.96	13	36	37	39	59	60	61	77	78	80	81	82	83	101	102	104	123	124	144	145	540	#
164	1502.58	37	59	60	61	81	82	83	84	103	104	270	271	272	292	293	294	315	316	337	428	540	#
165	1457.43	17	18	19	39	40	41	60	61	62	63	82	83	84	86	87	108	109	129	130	131	540	#
166	1433.5	19	37	39	40	41	59	60	61	80	81	82	83	84	104	105	127	128	372	394	395	540	#
167	1408.09	39	40	41	42	60	61	62	63	80	81	82	83	84	102	103	104	105	106	127	503	540	#
168	463.145	172	173	174	175	196	197	218	219	541	#
169	684.51	196	197	218	219	240	241	262	284	541	#
170	683.235	196	218	219	241	262	263	284	285	541	#
171	640.698	173	174	196	197	218	219	240	241	541	#
172	592.435	175	196	197	203	204	218	348	370	541	#
173	562.259	173	174	175	196	197	218	219	240	541	#
174	1815.04	260	342	363	364	384	385	386	387	403	404	406	407	408	409	410	411	426	427	428	429	430	431	433	451	452	473	542	#
175	2088.56	297	319	338	339	340	341	359	360	361	362	363	383	384	385	386	387	406	407	408	409	410	427	428	429	430	451	542	#
176	2042.82	130	150	151	152	155	172	177	342	343	363	364	385	386	387	406	407	408	409	429	430	431	447	451	452	469	470	542	#
177	2040.71	381	386	387	402	403	404	408	409	410	424	425	426	427	428	429	430	431	432	449	450	451	452	470	471	472	473	542	#
178	1952.5	340	341	361	362	363	364	383	384	385	386	387	404	405	406	407	408	409	427	428	429	430	431	451	452	453	473	542	#
179	1951.06	142	164	185	186	206	319	325	341	342	343	347	363	364	385	386	387	406	407	408	409	410	429	430	431	451	453	542	#
180	276.277	186	368	369	390	412	543	#
181	350.387	347	368	369	390	412	543	#
182	338.758	185	186	187	207	208	543	#
183	306.466	326	347	348	368	369	543	#
184	291.091	347	368	369	370	392	543	#
185	258.68	390	412	433	434	456	543	#
186	126.797	13	#
187	24.0049	485	#
188	589.257	142	145	164	165	166	167	186	187	209	544	#
189	680.69	58	59	81	122	144	145	165	166	167	544	#
190	564.056	163	164	165	166	185	186	187	206	209	544	#
191	537.996	122	143	144	165	166	167	187	188	189	544	#
192	535.653	162	163	164	184	186	187	208	209	436	544	#
193	509.852	120	141	142	163	164	165	185	186	390	544	#
194	320.384	328	349	350	351	370	371	372	545	#
195	469.954	284	306	307	327	328	329	349	545	#
196	456.311	274	275	276	297	298	350	351	545	#
197	401.387	192	285	307	329	349	350	351	545	#
198	360.641	325	347	348	349	368	369	370	545	#
199	354.299	347	348	368	369	370	371	392	545	#
200	410.438	323	343	344	345	346	366	367	546	#
201	437.56	302	323	324	345	346	347	369	546	#
202	422.668	343	344	345	365	366	367	387	546	#
203	412.37	322	323	324	345	346	347	367	546	#
204	398.026	344	366	367	388	389	409	410	546	#
205	367.437	322	343	344	345	346	366	367	546	#
206	50.6799	430	#
207	99.8334	237	259	#
208	36.8375	417	#
209	705.73	161	183	184	205	206	227	249	250	271	272	273	293	304	547	#
210	1010.64	225	226	227	228	229	248	250	251	269	270	273	291	292	547	#
211	981.488	205	227	228	248	249	250	251	270	271	272	292	294	316	547	#
212	952.374	204	205	206	226	227	228	248	249	250	251	271	272	294	547	#
213	950.213	161	162	182	183	184	203	204	205	206	226	227	228	248	547	#
214	947.205	38	39	40	61	88	139	160	161	183	184	185	206	228	547	#
215	212.546	8	31	53	548	#
216	216.157	31	52	53	548	#
217	123.648	7	8	30	548	#
218	256.882	398	419	420	421	497	549	#
219	351.979	398	402	419	420	424	549	#
220	335.903	396	397	418	419	420	549	#
221	247.483	399	420	421	422	443	549	#
222	216.507	387	409	410	432	497	549	#
223	183.682	377	378	398	420	421	549	#
224	871.15	245	246	247	248	249	267	268	269	290	291	312	550	#
225	950.966	227	245	246	247	248	249	267	269	270	271	291	550	#
226	854.233	245	246	247	248	267	268	269	270	289	290	291	550	#
227	847.056	246	248	266	267	268	269	270	288	289	290	291	550	#
228	795.532	245	246	247	248	249	250	267	268	269	290	291	550	#
229	783.604	201	221	222	223	245	246	247	267	288	289	290	550	#
230	50.7091	370	#
231	1088.09	248	249	270	271	272	273	292	293	294	314	315	316	337	551	#
232	1284.52	270	271	291	292	293	294	315	316	337	359	360	384	385	551	#
233	1117.21	269	270	271	272	291	292	293	294	314	315	316	370	392	551	#
234	1112.71	248	269	270	271	290	291	292	293	313	314	315	316	337	551	#
235	1101.86	226	248	269	270	275	291	292	293	294	295	296	297	314	551	#
236	1083.12	248	249	251	270	271	272	273	291	292	293	294	295	315	551	#
237	512.078	18	39	40	62	145	167	189	190	191	552	#
238	689.08	16	17	18	39	40	61	62	63	83	552	#
239	679.261	17	18	39	40	62	162	163	184	206	552	#
240	656.512	41	62	63	64	66	84	85	86	88	552	#
241	616.369	16	17	38	39	40	41	42	62	63	552	#
242	564.66	80	101	102	123	124	145	146	147	167	552	#
243	1697.2	122	123	144	145	163	164	165	166	167	185	186	187	204	205	206	207	209	210	228	231	232	249	250	251	252	253	254	276	553	#
244	2243.17	165	186	187	208	209	210	275	297	319	341	362	363	364	365	385	386	387	388	405	406	407	409	410	412	431	432	433	434	553	#
245	2085	251	252	254	255	272	273	274	275	276	277	294	295	296	297	298	318	319	320	341	362	363	364	385	386	407	408	429	432	553	#
246	2058.17	163	185	186	206	207	227	228	229	250	251	252	271	272	273	274	294	295	296	317	318	319	341	363	385	405	406	407	479	553	#
247	2031.73	205	206	225	227	228	229	247	248	249	250	251	252	269	270	271	272	273	274	275	291	292	293	294	295	296	297	316	317	553	#
248	1986.81	79	99	101	102	103	120	121	122	123	124	143	144	145	146	166	281	303	324	325	347	403	404	405	406	425	426	446	447	553	#
249	263.89	119	120	121	141	554	#
250	292.043	119	282	283	501	554	#
251	290.373	99	119	120	121	554	#
252	248.461	118	141	163	185	554	#
253	222.589	99	120	121	142	554	#
254	297.626	240	262	263	284	306	328	555	#
255	374.975	216	217	239	240	297	319	555	#
256	318.887	225	240	241	262	263	284	555	#
257	309.616	306	307	328	349	370	371	555	#
258	243.498	239	240	260	261	262	263	555	#
259	173.746	284	306	328	329	349	350	555	#
260	941.161	238	260	261	262	267	268	269	282	283	284	289	290	306	309	310	311	331	556	#
261	1279.77	241	260	261	262	275	282	283	297	304	305	317	318	319	320	327	340	341	556	#
262	1107.78	25	42	47	48	49	50	70	266	287	288	289	309	310	311	312	331	332	556	#
263	1057.22	226	247	248	249	267	268	269	270	271	272	290	291	292	294	295	313	482	556	#
264	1048.76	248	267	268	270	280	281	290	302	323	324	325	346	347	348	368	369	390	556	#
265	1022.96	260	261	282	283	304	305	306	307	325	326	327	347	368	369	370	390	391	556	#
266	688.727	5	27	49	357	458	459	480	481	557	#
267	726.526	335	337	357	358	359	360	361	362	557	#
268	665.928	5	27	28	47	48	49	50	71	557	#
269	537.938	48	49	50	71	72	73	93	447	557	#
270	520.857	412	434	435	436	458	459	481	482	557	#
271	492.095	68	69	90	458	459	460	480	481	557	#
272	811.805	137	138	140	160	161	162	163	164	165	182	183	184	185	208	558	#
273	1161.66	51	73	94	95	116	118	141	163	270	271	292	293	314	315	558	#
274	1071.99	138	139	153	160	161	162	163	182	184	185	186	204	207	208	558	#
275	1047.94	95	118	137	138	139	140	141	160	161	162	163	184	185	186	558	#
276	1021.16	120	142	145	163	164	165	166	167	186	188	189	208	446	447	558	#
277	1009.83	93	94	114	115	116	118	137	138	139	140	160	161	162	183	558	#
278	914.766	114	136	379	402	403	424	425	426	427	445	446	447	467	468	469	559	#
279	1235.4	101	403	404	405	406	407	424	425	426	427	428	446	447	448	469	559	#
280	1129.81	402	404	424	425	426	427	446	447	448	465	466	467	468	469	470	559	#
281	1079.84	420	421	426	442	444	446	447	448	463	464	465	466	467	468	469	559	#
282	1076.98	381	402	403	404	418	419	424	425	426	440	446	447	467	468	469	559	#
283	1069.31	381	403	404	405	425	426	427	444	447	448	466	467	468	469	470	559	#
284	1939.76	253	254	270	272	273	275	276	291	292	293	294	296	297	311	312	313	314	315	317	318	319	335	337	338	339	341	357	358	359	360	560	#
285	2250.91	183	205	207	208	225	227	228	229	247	248	249	250	269	270	272	291	292	294	313	314	334	335	337	357	358	359	378	379	380	407	560	#
286	2229.34	213	232	235	251	252	253	254	255	256	257	273	274	275	276	277	278	296	297	298	318	320	341	342	362	408	430	452	453	474	475	560	#
287	2195.45	209	230	231	232	253	254	275	276	277	278	296	297	298	317	318	320	332	339	340	341	342	362	363	364	375	384	386	387	388	409	560	#
288	2181.02	176	275	276	294	296	297	316	317	318	319	321	322	337	338	339	340	341	342	343	359	360	361	362	363	364	383	384	386	404	405	560	#
289	2169.68	229	230	231	232	252	253	254	255	274	275	276	277	278	296	297	298	318	319	320	339	340	341	342	362	363	364	384	385	386	407	560	#
290	3499.36	3	4	5	6	7	8	22	23	24	25	26	27	28	29	30	31	32	44	45	46	47	49	50	51	53	67	68	69	70	71	72	74	75	90	91	92	95	96	112	113	114	211	230	231	232	233	249	250	251	252	253	254	255	275	276	297	298	561	#
291	4189.83	89	90	91	111	112	113	128	129	150	151	173	210	211	212	229	232	233	248	249	250	251	252	253	254	255	275	276	315	316	317	318	338	339	340	341	342	360	361	362	363	382	383	384	385	386	404	405	406	407	427	428	449	450	467	468	472	473	561	#
292	4166.5	179	180	181	201	202	203	222	223	224	227	228	229	230	232	246	247	248	249	250	251	252	253	254	255	269	270	271	274	275	276	292	295	296	297	298	316	317	318	320	321	322	323	338	339	340	341	342	343	344	360	361	362	363	364	365	385	407	561	#
293	3968.66	25	26	45	46	47	67	68	69	70	71	72	89	90	91	92	93	110	111	112	113	114	132	133	134	135	154	155	156	157	158	174	175	176	177	178	179	197	199	219	273	301	302	318	322	323	338	339	341	342	343	360	361	362	363	364	365	478	561	#
294	3928.75	179	180	181	182	184	185	201	202	203	206	207	222	223	225	226	227	228	229	230	243	244	245	246	247	248	249	250	251	252	253	254	255	265	266	267	268	269	270	271	275	287	288	292	293	295	296	297	298	320	322	323	362	384	385	386	406	408	561	#
295	3927.81	32	47	48	49	50	51	52	53	54	69	70	71	72	73	74	75	76	91	92	93	95	96	114	118	119	192	275	293	296	297	298	317	318	320	321	322	323	338	339	340	341	342	343	361	362	363	364	367	384	385	386	405	406	407	419	428	441	561	#
296	82.1787	510	#
297	3305.34	55	56	78	80	177	178	198	199	211	231	232	233	234	235	236	254	255	256	274	275	276	277	278	296	297	298	299	300	301	303	320	321	322	323	325	344	345	346	347	365	366	367	368	369	370	387	390	391	412	434	456	457	458	477	562	#
298	3946.08	207	213	228	229	230	234	235	250	251	252	253	254	255	256	272	274	275	276	277	278	292	293	294	295	296	297	298	299	300	315	316	317	318	319	320	322	323	337	338	339	340	341	360	361	362	382	383	384	385	406	428	430	431	455	562	#
299	3849.82	207	208	229	230	231	232	233	250	251	252	253	254	255	273	274	275	276	277	278	293	295	296	297	298	299	300	315	316	318	319	320	321	337	338	339	340	341	342	361	362	363	364	365	383	384	387	403	404	406	407	425	426	427	428	562	#
300	3809.97	23	44	45	47	67	68	69	89	90	91	110	111	112	113	134	135	143	144	211	213	230	231	232	233	234	235	236	250	251	252	253	254	255	256	258	259	275	276	277	278	297	298	299	300	301	302	319	320	321	341	343	377	398	399	562	#
301	3744.14	189	190	191	213	229	230	231	232	234	235	236	250	251	252	253	254	255	256	258	273	274	275	276	277	278	294	296	297	298	299	300	301	315	316	317	318	319	320	321	322	337	338	339	340	341	342	343	361	362	364	365	384	385	406	562	#
302	3683.33	44	45	67	68	207	228	229	230	231	232	250	251	252	254	273	274	275	276	287	288	294	295	296	297	298	299	300	311	316	317	318	319	320	321	322	340	341	342	343	356	357	362	364	365	384	385	386	387	406	409	410	427	428	431	562	#
303	28.1026	197	#
304	97.771	243	244	563	#
305	108.095	244	266	563	#
306	256.15	338	339	360	361	564	#
307	340.313	361	382	383	405	564	#
308	322.057	358	359	360	382	564	#
309	240.192	317	338	339	360	564	#
310	196.838	408	430	565	#
311	148.603	387	408	565	#
312	293.387	426	447	448	468	469	566	#
313	326.146	424	425	426	447	448	566	#
314	282.249	426	447	448	469	470	566	#
315	252.226	447	448	469	470	471	566	#
316	235.792	425	426	447	448	469	566	#
317	214.359	446	447	448	468	469	566	#
318	851.021	159	181	189	190	191	202	203	213	235	236	237	238	256	257	258	259	278	279	567	#
319	1272.09	159	181	212	213	214	234	235	236	255	256	257	277	278	279	280	281	300	302	567	#
320	1260.6	213	214	232	233	235	236	254	255	256	257	258	276	277	278	279	280	301	302	567	#
321	1236.48	231	232	233	254	255	257	275	276	277	278	279	296	297	298	300	319	321	322	567	#
322	1224.08	212	213	214	233	234	235	236	237	256	257	279	302	324	344	345	346	362	384	567	#
323	1146.49	144	145	165	166	167	187	189	190	191	210	211	213	235	303	304	324	325	363	567	#
324	573.703	186	208	209	231	253	275	276	296	297	318	568	#
325	733.751	253	274	275	294	296	297	316	317	318	429	568	#
326	714.598	133	154	155	156	157	176	208	209	231	253	568	#
327	647.574	255	274	275	276	277	278	296	297	298	319	568	#
328	589.132	274	275	276	296	297	298	317	318	319	340	568	#
329	546.3	165	184	185	186	187	206	208	209	228	231	568	#
330	600.458	282	304	326	327	328	348	349	370	371	392	414	569	#
331	834.857	305	327	328	337	348	349	350	358	359	370	371	569	#
332	813.988	241	261	262	263	283	284	285	304	305	307	327	569	#
333	753.099	283	304	305	326	327	328	332	333	348	349	371	569	#
334	752.515	392	406	414	426	427	428	434	435	436	456	457	569	#
335	738.8	154	176	177	178	198	200	201	222	392	414	436	569	#
336	15.5515	311	#
337	1606.74	52	74	77	96	99	118	119	120	121	122	141	142	143	163	164	184	185	186	362	381	382	383	384	403	404	405	483	570	#
338	1950.68	236	237	238	259	281	303	315	316	337	338	339	340	359	360	361	362	380	381	382	383	384	385	403	404	405	406	426	570	#
339	1883.74	296	297	314	318	336	337	338	339	340	359	360	361	362	363	380	381	382	383	384	385	386	403	404	405	406	407	429	570	#
340	1875.41	29	51	52	71	72	74	96	99	110	111	114	118	119	120	133	134	135	136	155	338	339	340	360	361	362	383	384	570	#
341	1863.98	318	340	359	360	361	362	363	380	381	382	383	384	385	386	403	404	405	406	424	425	426	427	428	448	449	470	471	570	#
342	1854.92	125	126	147	148	149	169	170	190	191	192	193	266	318	319	339	340	341	361	362	381	382	383	384	385	386	405	406	570	#
343	170.798	44	66	571	#
344	131.68	44	45	571	#
345	845.557	298	319	320	341	342	343	344	345	364	385	386	572	#
346	880.976	320	342	364	384	385	386	387	405	406	407	499	572	#
347	864.955	232	233	254	275	276	277	297	298	319	320	342	572	#
348	849.362	318	319	320	321	340	341	342	343	344	364	386	572	#
349	829.53	223	224	245	267	297	318	319	320	340	341	342	572	#
350	818.813	361	363	383	384	385	386	387	406	407	408	430	572	#
351	95.5463	268	#
352	378.22	309	310	312	332	333	573	#
353	392.857	312	313	332	333	335	573	#
354	368.246	287	288	309	310	332	573	#
355	256.408	287	308	309	310	332	573	#
356	254.783	309	310	330	331	352	573	#
357	200.441	289	290	311	312	333	573	#
358	617.006	303	325	326	327	328	348	349	370	371	574	#
359	599.116	281	303	304	325	326	327	348	370	404	574	#
360	559.605	326	327	328	329	348	349	369	370	371	574	#
361	550.756	327	328	348	349	350	351	370	371	393	574	#
362	533.793	349	370	371	372	373	393	394	395	416	574	#
363	531.862	260	281	282	303	304	326	327	349	350	574	#
364	133.322	275	296	575	#
365	180.848	274	275	575	#
366	108.698	296	318	575	#
367	51.8374	358	#
368	85.6026	270	#
369	935.092	42	63	64	160	161	162	163	181	182	183	184	203	204	205	225	226	247	576	#
370	1326.84	20	21	42	43	63	64	65	85	86	87	108	109	110	245	246	268	269	576	#
371	1324.48	181	184	203	204	205	206	225	226	227	246	247	248	250	251	268	270	271	576	#
372	1305.98	50	51	52	71	72	73	94	95	116	118	119	138	139	140	159	160	161	576	#
373	1299.77	96	116	118	119	138	139	140	141	160	161	162	163	184	185	204	205	206	576	#
374	1264.8	73	93	95	115	116	118	138	139	140	159	160	161	162	182	184	205	206	576	#
375	68.7421	429	#
376	709.001	231	338	339	340	359	360	361	382	383	404	577	#
377	855.008	337	338	339	340	341	342	359	360	361	382	577	#
378	804.458	338	339	340	359	360	361	362	382	383	384	577	#
379	799.458	317	337	338	339	340	359	360	361	362	382	577	#
380	793.293	316	317	339	340	341	342	359	360	361	362	577	#
381	787.879	92	93	114	115	136	137	359	360	361	382	577	#
382	319.55	2	3	4	501	578	#
383	308.815	2	23	24	25	578	#
384	267.99	2	3	24	25	578	#
385	218.678	264	286	485	501	578	#
386	181.261	477	478	479	579	#
387	160.249	456	477	478	579	#
388	140.033	479	480	481	579	#
389	554.363	13	34	35	36	56	57	58	59	78	80	101	580	#
390	708.541	34	35	55	56	77	78	101	341	360	361	362	580	#
391	705.815	80	101	102	103	104	105	122	123	124	125	126	580	#
392	645.71	56	78	101	102	103	104	124	125	146	147	273	580	#
393	622.015	13	14	35	36	57	58	79	80	100	101	102	580	#
394	616.906	35	36	57	58	59	60	78	79	80	101	102	580	#
395	752.909	104	105	106	107	127	128	129	150	172	173	194	217	344	366	581	#
396	1088.55	173	193	194	195	196	197	216	217	218	325	326	347	348	349	581	#
397	1048.3	61	62	63	83	84	102	103	104	105	106	126	127	128	129	581	#
398	952.24	299	320	321	322	341	342	343	344	363	364	366	367	389	390	581	#
399	910.29	81	83	84	103	104	105	107	126	127	128	129	130	131	150	581	#
400	900.427	13	14	83	84	104	105	106	107	125	126	127	128	146	147	581	#
401	734.108	378	379	381	384	385	402	403	404	405	406	424	582	#
402	831.956	39	60	61	83	357	378	379	400	401	402	403	582	#
403	826.728	384	385	404	405	406	407	408	426	430	448	469	582	#
404	803.783	383	384	402	403	404	405	424	425	426	446	447	582	#
405	794.734	363	365	366	385	386	387	407	408	429	430	452	582	#
406	776.726	177	382	383	384	385	404	405	406	407	426	448	582	#
407	279.424	16	17	18	583	#
408	235.025	18	19	20	583	#
409	202	17	39	61	583	#
410	250.689	26	27	49	584	#
411	183.867	25	26	48	584	#
412	133.711	244	265	266	288	311	585	#
413	153.601	18	243	244	265	266	585	#
414	148.38	242	243	244	266	288	585	#
415	147.383	260	290	311	312	333	585	#
416	192.176	213	214	586	#
417	170.814	213	234	586	#
418	137.673	192	214	586	#
419	208.755	350	372	373	394	587	#
420	293.244	371	372	373	394	587	#
421	235.524	231	350	372	373	587	#
422	222.926	349	350	372	373	587	#
423	209.479	327	349	350	372	587	#
424	146.246	364	386	#
425	431.532	1	2	3	4	23	25	588	#
426	409.348	1	2	3	23	24	25	588	#
427	390.805	2	3	4	24	25	47	588	#
428	338.713	1	2	3	25	46	47	588	#
429	325.061	1	2	3	25	26	27	588	#
430	278.866	2	3	4	5	25	26	588	#
431	362.777	271	272	273	292	294	589	#
432	512.976	135	248	270	271	292	589	#
433	495.069	248	270	271	272	292	589	#
434	415.636	272	294	295	315	316	589	#
435	370.216	293	294	295	315	316	589	#
436	279.851	251	273	294	295	296	589	#
437	2113.11	178	179	199	200	201	202	203	220	221	222	223	224	242	243	244	245	246	247	248	264	265	266	268	269	286	287	290	291	309	310	311	312	313	331	333	334	405	428	590	#
438	2678.7	181	203	204	223	225	226	227	228	229	244	245	246	247	248	267	268	269	270	271	289	290	291	292	293	309	310	311	312	313	314	315	316	333	334	337	338	358	359	590	#
439	2666.42	116	117	139	148	149	160	161	170	171	200	222	243	244	245	246	247	248	265	267	268	269	270	271	289	290	291	292	293	294	310	311	312	313	314	332	333	334	355	590	#
440	2605.21	226	246	247	248	259	267	268	269	270	271	287	288	289	290	291	292	293	294	295	309	310	311	312	313	314	315	316	317	333	334	336	337	338	359	361	454	475	476	590	#
441	2604.92	204	205	225	226	227	243	244	245	246	247	248	249	250	251	268	269	270	271	272	273	289	290	291	292	293	294	295	312	313	314	315	316	334	336	337	338	359	360	590	#
442	2592.74	19	23	41	42	45	51	52	53	62	63	64	74	94	95	96	116	117	118	119	139	140	141	267	270	289	290	291	311	312	313	314	315	333	334	336	356	378	379	590	#
443	1505.04	268	282	283	304	305	324	326	327	328	346	347	348	349	350	368	369	370	371	372	373	390	391	392	393	394	416	417	438	591	#
444	1906.92	232	261	280	281	282	283	284	285	291	302	303	304	305	306	307	314	315	324	326	327	328	336	348	357	358	379	380	466	591	#
445	1823.62	235	237	256	257	258	259	278	279	280	281	299	300	301	302	303	322	323	324	325	326	327	346	347	348	368	369	390	391	591	#
446	1779.59	283	284	285	302	304	305	306	307	324	325	326	327	328	346	347	348	349	350	351	368	369	370	371	390	391	393	412	434	591	#
447	1777.16	262	263	282	283	284	285	304	305	306	307	326	327	328	329	350	351	356	357	358	370	371	372	373	378	379	380	393	401	591	#
448	1696.97	203	225	246	247	248	249	268	269	270	286	287	288	289	290	291	292	293	312	313	314	315	333	334	335	336	356	357	378	591	#
449	149.347	42	43	592	#
450	143.993	43	65	592	#
451	111.275	41	42	592	#
452	366.317	305	306	465	466	467	593	#
453	364.726	423	444	445	466	467	593	#
454	363.876	444	445	446	466	467	593	#
455	336.948	284	305	306	307	328	593	#
456	268.08	421	442	443	464	465	593	#
457	119.015	139	144	594	#
458	147.945	139	161	594	#
459	119.669	122	144	594	#
460	125.104	198	199	200	595	#
461	164.856	177	198	199	595	#
462	1569.44	182	183	184	185	186	205	207	208	209	228	229	249	250	270	271	272	292	293	294	314	315	316	596	#
463	1767.63	138	139	140	159	160	181	182	204	228	229	248	249	250	251	270	271	272	292	293	294	315	316	596	#
464	1568.92	116	136	137	138	139	140	160	161	162	181	182	183	184	185	186	187	205	206	207	208	228	483	596	#
465	1568.25	160	161	182	183	184	185	186	187	204	205	206	207	208	209	210	228	229	248	249	250	251	367	596	#
466	1532.33	94	116	137	138	139	229	231	248	249	250	251	271	272	293	294	295	314	315	316	317	338	360	596	#
467	1483.91	105	117	138	139	140	162	164	184	185	186	187	206	207	208	209	210	211	291	292	293	314	315	596	#
468	698.278	211	213	232	233	234	252	253	254	256	257	275	276	277	278	597	#
469	1037.57	90	91	125	126	147	165	254	275	276	277	278	279	280	299	597	#
470	985.337	166	167	189	190	192	213	214	215	235	236	257	258	278	279	597	#
471	941.396	213	234	235	256	257	258	277	278	279	299	300	301	322	344	597	#
472	929.471	211	212	232	233	235	254	255	256	257	276	277	278	292	300	597	#
473	909.717	171	190	192	193	194	213	214	215	234	235	236	257	258	441	597	#
474	659.668	14	15	16	35	36	37	58	59	60	81	598	#
475	791.938	13	15	16	17	35	36	37	38	39	58	598	#
476	774.655	15	16	17	35	36	37	38	39	58	59	598	#
477	697.607	15	16	36	37	38	58	59	448	469	470	598	#
478	687.243	13	14	15	16	17	35	36	37	58	59	598	#
479	679.129	35	36	46	47	58	80	81	102	103	274	598	#
480	213.796	67	68	69	599	#
481	267.155	45	67	68	599	#
482	230.06	68	69	70	599	#
483	502.828	82	103	104	127	128	149	150	171	172	173	600	#
484	695.195	82	83	103	104	105	107	126	127	128	150	600	#
485	650.425	60	82	83	103	104	107	126	127	128	150	600	#
486	647.941	104	105	107	108	126	127	128	129	130	131	600	#
487	636.121	103	126	148	149	150	169	170	171	172	194	600	#
488	622.858	128	150	151	153	172	173	174	175	197	218	600	#
489	1516.42	149	150	170	171	193	194	195	196	197	216	217	218	219	237	238	239	240	260	262	282	283	284	305	601	#
490	1861.18	126	128	148	149	150	151	170	171	193	194	215	216	217	237	238	280	281	302	303	304	324	325	347	601	#
491	1732.01	126	148	149	151	170	171	173	174	175	193	194	195	216	217	236	237	238	239	240	259	262	263	281	601	#
492	1731.86	170	171	173	174	175	193	194	195	196	197	216	217	218	219	238	239	261	283	305	376	377	399	446	601	#
493	1724.18	128	149	150	151	170	171	173	174	175	193	194	195	196	197	214	215	216	217	218	219	238	239	240	601	#
494	1580.3	193	194	203	204	205	216	225	226	227	228	238	239	260	261	262	263	282	283	284	285	305	306	327	601	#
495	61.6932	279	#
496	47.5395	443	#
497	309.636	190	193	214	215	216	238	260	282	283	284	602	#
498	460.182	118	119	141	169	181	188	190	191	212	213	602	#
499	446.017	197	219	241	260	261	262	263	282	283	284	602	#
500	403.017	132	191	192	193	214	215	237	286	308	330	602	#
501	329.003	239	260	261	262	282	283	284	304	306	326	602	#
502	300.911	172	192	193	194	216	217	237	238	259	260	602	#
503	222.196	359	360	603	#
504	138.016	338	360	603	#
505	267.942	24	25	26	48	604	#
506	318.37	25	46	47	48	604	#
507	267.763	3	24	25	47	604	#
508	239.412	24	25	47	69	604	#
509	237.796	26	27	48	49	604	#
510	716.777	18	19	39	40	41	42	62	63	64	86	181	605	#
511	843.355	181	182	203	256	257	277	278	279	280	299	300	605	#
512	759.162	16	17	18	19	39	40	41	62	63	86	193	605	#
513	757.652	17	18	19	39	40	41	42	62	84	85	86	605	#
514	755.357	63	64	65	85	86	108	130	194	216	239	355	605	#
515	737.804	16	17	18	19	39	40	41	60	61	62	83	605	#
516	471.675	399	420	421	422	423	444	606	#
517	502.873	398	399	420	422	444	466	606	#
518	450.161	299	321	401	422	444	445	606	#
519	429.769	399	420	421	442	443	464	606	#
520	364.544	379	398	399	401	420	422	606	#
521	325.05	420	421	442	443	464	465	606	#
522	444.688	72	94	95	117	118	141	607	#
523	525.291	95	117	118	139	140	160	607	#
524	509.568	51	72	73	94	95	118	607	#
525	422.778	95	118	119	120	121	141	607	#
526	387.621	50	51	73	94	95	118	607	#
527	378.909	51	72	73	94	95	116	607	#
528	109.864	371	393	394	608	#
529	99.0751	392	393	394	608	#
530	73.2663	371	372	394	608	#
531	534.526	185	207	227	228	229	249	250	271	502	609	#
532	635.297	13	35	360	382	383	404	405	426	502	609	#
533	589.294	225	247	248	270	271	291	292	293	294	609	#
534	580.331	185	207	227	228	229	269	270	271	292	609	#
535	549.746	203	204	226	248	249	270	271	292	293	609	#
536	533.315	204	205	226	227	228	249	250	271	292	609	#
537	114.396	150	172	610	#
538	130.104	172	194	610	#
539	618.273	146	147	148	149	169	170	171	193	611	#
540	695.099	100	101	102	124	125	146	147	148	611	#
541	672.047	125	147	148	149	169	170	193	215	611	#
542	655.742	125	145	146	147	148	149	169	170	611	#
543	622.67	108	147	148	149	169	170	171	193	611	#
544	572.357	148	169	170	171	193	215	216	217	611	#
545	202.842	327	328	349	612	#
546	258.144	305	327	349	612	#
547	221.826	349	432	454	612	#
548	40.2845	372	394	613	#
549	44.8386	394	416	613	#
550	50.2193	465	#
551	163.933	146	147	169	614	#
552	192.463	145	146	167	614	#
553	143.413	169	170	191	614	#
554	3655.99	198	199	200	221	222	244	257	306	312	314	327	328	332	333	334	336	348	349	352	353	354	355	356	357	358	374	375	376	377	378	379	380	381	396	398	399	401	402	403	418	419	420	421	422	423	424	425	426	441	442	443	444	445	446	448	462	463	464	465	467	468	615	#
555	4433.64	150	151	293	312	313	314	315	332	333	334	336	337	338	342	343	355	356	357	358	359	363	364	365	366	377	378	379	380	381	384	385	386	387	388	389	398	399	400	401	402	403	407	408	411	419	420	421	422	423	424	441	442	443	444	445	446	463	464	465	467	468	615	#
556	4338.42	20	270	291	311	312	313	314	316	317	318	319	332	333	334	335	336	339	340	341	355	356	357	358	359	360	361	362	363	377	378	379	380	381	383	384	385	389	398	399	400	401	402	403	405	410	411	420	421	422	423	424	425	441	442	443	444	445	463	464	491	496	615	#
557	4189.48	270	271	282	283	284	291	292	303	304	305	306	307	312	313	314	315	322	333	335	336	343	344	355	356	357	358	359	364	365	374	377	378	379	380	381	387	396	399	401	402	403	419	420	421	422	423	424	425	426	427	428	442	445	446	447	448	449	450	468	469	470	615	#
558	4175.74	100	102	103	121	122	123	124	144	145	165	166	167	187	188	189	190	210	211	270	291	292	293	314	322	334	335	336	344	355	356	358	377	378	379	380	398	399	400	401	402	403	410	420	421	422	423	424	425	426	427	431	432	442	443	445	446	447	448	454	455	470	615	#
559	4154.07	34	56	76	77	78	79	82	100	101	102	103	104	123	145	190	227	248	249	250	270	271	289	291	292	293	311	312	313	314	315	356	358	377	378	379	380	396	398	399	400	401	402	403	418	419	420	421	422	423	424	441	442	443	444	445	463	464	465	466	467	484	615	#
560	32.2108	127	#
561	570.014	226	247	248	270	271	289	292	309	310	332	616	#
562	807.622	139	160	161	162	225	246	247	268	269	270	616	#
563	790.755	248	270	271	292	293	294	295	315	337	359	616	#
564	788.475	270	271	291	292	293	314	315	337	338	359	616	#
565	710.232	266	288	289	309	310	311	331	332	463	464	616	#
566	645.275	129	130	202	224	309	310	311	312	332	333	616	#
567	1845.88	17	18	19	38	39	40	41	58	59	60	62	63	80	81	82	83	84	86	102	103	104	105	107	126	127	128	148	170	617	#
568	2070.72	18	19	20	21	39	40	41	61	62	63	82	84	85	86	104	107	127	128	150	274	412	435	436	458	459	479	480	481	617	#
569	1971.84	3	17	18	19	39	40	41	62	63	82	83	84	85	86	87	104	107	108	109	126	127	128	129	130	131	150	172	495	617	#
570	1968.38	34	35	36	56	57	58	59	77	78	79	80	81	82	101	102	103	245	246	267	268	269	302	322	323	324	344	346	347	617	#
571	1956.61	62	63	86	107	127	128	129	130	131	149	150	153	170	171	202	203	252	254	261	274	275	276	283	405	406	407	428	479	617	#
572	1922	18	19	39	40	41	62	63	83	84	85	86	107	108	109	128	150	411	414	432	433	434	435	436	455	456	457	458	477	617	#
573	532.594	18	19	20	41	42	63	64	85	86	87	618	#
574	751.901	87	108	109	128	129	130	131	151	152	173	618	#
575	697.169	39	61	62	63	148	149	150	151	170	171	618	#
576	653.159	63	67	68	85	86	107	127	128	129	150	618	#
577	643.896	61	62	63	85	86	87	107	108	109	248	618	#
578	633.522	17	18	19	20	38	39	40	42	61	64	618	#
579	107.741	258	259	281	619	#
580	98.2474	259	260	281	619	#
581	104.854	142	#
582	595.579	82	101	102	103	104	124	125	126	620	#
583	652.345	13	101	102	103	104	124	125	145	620	#
584	636.602	81	102	103	123	124	125	126	148	620	#
585	636.2	102	103	124	125	126	127	145	146	620	#
586	612.381	78	79	101	123	124	145	146	167	620	#
587	595.541	82	102	103	104	126	127	128	148	620	#
588	246.447	87	108	109	621	#
589	202.99	108	109	130	621	#
590	177.158	86	87	419	621	#
591	265.961	329	349	350	351	372	373	622	#
592	369.016	220	242	349	350	370	371	622	#
593	305.683	285	307	328	329	350	351	622	#
594	259.609	369	370	371	372	373	392	622	#
595	213.064	328	349	350	371	372	373	622	#
596	556.28	315	316	337	338	360	361	623	#
597	523.78	315	316	338	360	361	383	623	#
598	478.979	314	315	316	317	337	338	623	#
599	470.805	292	293	315	316	337	338	623	#
600	465.531	238	340	360	361	362	383	623	#
601	458.045	319	339	340	341	361	362	623	#
602	220.886	216	238	239	240	624	#
603	274.87	237	238	239	259	624	#
604	181.938	170	193	215	216	624	#
605	1396.12	200	221	222	242	243	244	245	246	264	265	266	267	268	269	286	287	288	289	309	310	331	625	#
606	1599.14	131	152	153	174	175	196	264	286	287	288	289	309	310	311	312	330	331	352	353	375	376	625	#
607	1592.27	138	160	161	182	204	205	206	226	227	243	248	264	265	266	286	287	288	309	310	331	332	625	#
608	1512.62	138	139	160	161	182	222	223	224	226	243	244	245	246	247	248	265	266	267	268	269	270	625	#
609	1501.91	200	201	222	223	226	244	245	246	247	248	249	266	267	268	269	270	272	288	289	293	294	625	#
610	1497.1	222	243	244	266	267	268	286	287	288	289	309	310	311	312	313	314	315	332	333	335	336	625	#
611	407.716	303	325	326	417	438	439	460	461	626	#
612	516.902	215	305	306	307	325	326	327	328	626	#
613	478.045	394	395	416	417	436	437	438	439	626	#
614	436.346	72	73	94	394	416	438	439	461	626	#
615	409.373	325	326	346	347	348	368	369	391	626	#
616	405.134	414	435	436	457	458	459	460	482	626	#
617	275.725	50	51	72	73	94	627	#
618	356.547	50	51	72	73	95	627	#
619	305.518	52	74	94	95	96	627	#
620	301.182	29	48	49	50	51	627	#
621	293.888	51	72	73	74	94	627	#
622	220.116	28	50	51	52	53	627	#
623	720.497	343	364	365	366	367	387	422	423	466	467	468	628	#
624	840.006	400	401	421	422	441	442	443	444	463	464	466	628	#
625	801.9	401	421	422	423	443	444	445	446	466	467	468	628	#
626	767.658	27	297	298	319	320	342	343	364	365	386	387	628	#
627	750.461	398	399	401	421	422	423	444	445	466	467	468	628	#
628	742.072	398	401	421	422	423	443	444	464	465	466	467	628	#
629	1226.97	15	16	17	19	20	21	38	39	40	41	42	43	60	64	65	82	83	84	103	104	105	629	#
630	1614.82	21	42	43	64	65	84	85	86	87	89	102	108	109	124	130	131	144	145	146	166	167	629	#
631	1491.14	13	14	15	16	17	38	39	126	144	148	149	150	166	170	171	172	189	192	193	194	213	629	#
632	1448.22	17	19	20	21	39	40	41	42	64	65	85	86	87	107	128	129	130	150	151	172	173	629	#
633	1423.48	19	20	21	40	41	42	43	62	64	65	83	84	85	86	87	107	129	130	151	172	173	629	#
634	1418.32	19	20	21	39	40	41	42	43	63	64	65	84	85	86	87	107	109	430	431	452	453	629	#
635	171.488	292	293	393	630	#
636	230.118	292	293	294	630	#
637	166.607	270	292	293	630	#
638	111.204	392	393	394	630	#
639	160.17	55	56	78	631	#
640	169.129	55	77	201	631	#
641	128.396	34	56	430	631	#
642	179.121	340	361	632	#
643	208.222	339	361	632	#
644	181.57	339	340	632	#
645	219.607	349	370	392	414	436	633	#
646	325.471	349	350	351	370	371	633	#
647	303.67	349	370	371	392	414	633	#
648	263.78	349	369	370	392	393	633	#
649	201.885	370	392	393	414	436	633	#
650	239.737	26	47	48	634	#
651	278.36	47	48	70	634	#
652	168.688	25	46	47	634	#
653	160.787	26	27	404	634	#
654	51.2788	511	#
655	282.982	0	1	22	23	635	#
656	300.435	0	22	23	24	635	#
657	135.84	439	461	636	#
658	114.531	460	461	636	#
659	496.43	388	389	410	432	433	454	455	637	#
660	561.734	389	411	433	434	435	455	457	637	#
661	504.051	39	61	388	389	411	433	456	637	#
662	464.068	432	433	454	455	456	477	478	637	#
663	432.493	409	410	411	432	433	454	455	637	#
664	405.446	366	367	388	389	410	411	433	637	#
665	810.059	150	172	173	174	175	194	195	196	197	216	638	#
666	942.569	150	172	173	195	343	364	365	378	386	408	638	#
667	904.338	150	172	173	174	175	194	195	196	197	218	638	#
668	877.539	174	175	196	197	218	219	241	262	400	422	638	#
669	869.482	152	174	175	195	196	197	218	219	241	262	638	#
670	821.271	130	152	153	172	173	174	175	194	195	196	638	#
671	392.377	134	155	156	157	178	639	#
672	430.239	112	134	155	156	177	639	#
673	356.817	136	155	156	157	178	639	#
674	308.183	132	133	155	156	178	639	#
675	219.199	155	177	178	179	198	639	#
676	194.149	136	137	157	179	201	639	#
677	1161.05	94	116	117	118	140	179	199	201	221	222	223	224	243	244	245	264	265	266	267	286	640	#
678	1414.49	181	190	192	201	202	203	212	213	221	222	223	224	225	233	234	235	255	338	413	435	640	#
679	1408.03	115	116	117	118	119	138	139	140	141	159	160	161	162	163	181	182	183	184	205	206	640	#
680	1398.51	155	176	177	181	198	199	200	201	202	203	220	221	222	223	224	225	243	244	245	266	640	#
681	1387.39	72	94	115	116	117	118	119	138	139	140	157	158	159	160	161	162	179	181	201	479	640	#
682	1375.47	94	115	116	117	118	119	138	140	141	142	162	163	164	427	449	450	471	472	473	474	640	#
683	608.081	18	19	20	40	41	42	63	64	70	92	641	#
684	752.265	25	47	48	49	69	70	71	468	469	473	641	#
685	744.005	18	37	40	59	80	81	103	104	105	493	641	#
686	742.409	20	21	41	42	43	63	64	176	177	198	641	#
687	720.725	17	18	19	20	39	40	41	63	64	65	641	#
688	663.778	18	19	21	40	41	42	43	63	64	65	641	#
689	74.6219	418	#
690	40.8983	243	244	#
691	245.38	216	237	238	239	260	261	642	#
692	359.372	119	237	238	260	261	283	642	#
693	322.058	239	240	260	261	262	283	642	#
694	260.204	190	191	193	215	237	259	642	#
695	259.694	216	239	240	260	261	262	642	#
696	258.087	217	237	238	239	259	261	642	#
697	522.902	325	327	328	348	349	350	370	371	372	393	643	#
698	771.53	284	305	306	307	327	328	349	350	370	371	643	#
699	750.616	305	306	327	328	348	349	350	370	371	392	643	#
700	746.913	90	112	113	305	327	328	349	350	370	371	643	#
701	730.266	305	327	328	349	350	371	372	373	393	395	643	#
702	654.128	305	326	327	328	348	349	370	371	392	393	643	#
703	279.868	92	113	114	115	136	644	#
704	343.86	114	115	136	137	138	644	#
705	325.661	70	71	92	114	467	644	#
706	295.976	24	25	114	136	137	644	#
707	274.61	112	113	135	136	157	644	#
708	388.114	11	325	348	369	370	390	391	392	412	645	#
709	546.373	326	327	348	349	369	370	371	392	414	645	#
710	513.052	325	347	348	349	350	369	390	391	412	645	#
711	465.428	390	391	412	413	434	435	436	437	457	645	#
712	418.129	369	370	392	393	394	395	414	416	436	645	#
713	391.972	8	9	10	11	31	32	33	52	54	645	#
714	81.9209	498	#
715	961.166	290	291	312	313	314	332	333	334	335	355	356	357	358	359	377	379	488	646	#
716	1256.86	145	146	355	356	378	379	380	381	383	400	402	403	404	405	406	424	425	646	#
717	1228.11	333	341	355	357	358	361	362	378	379	383	384	385	400	403	404	405	406	646	#
718	1172.59	310	332	333	355	357	375	376	377	378	379	397	398	399	400	420	421	442	646	#
719	1125.9	357	358	379	381	382	383	402	403	404	405	406	424	425	445	446	447	468	646	#
720	1110.21	291	313	314	335	336	337	338	357	358	359	360	361	379	402	403	404	424	646	#
721	1128.43	82	139	161	163	164	165	183	184	185	187	204	205	206	207	226	228	250	647	#
722	1225.9	138	139	140	160	161	162	163	182	183	185	205	206	227	228	250	251	378	647	#
723	1214.77	17	18	40	60	61	62	64	82	83	84	85	86	103	104	105	126	127	647	#
724	1208.57	30	161	164	184	185	186	205	206	208	209	210	228	229	230	250	251	252	647	#
725	1203.25	181	203	204	205	206	207	225	226	227	228	229	233	234	248	250	254	255	647	#
726	1198.45	13	14	35	36	37	56	57	137	138	139	140	159	160	161	162	181	184	647	#
727	143.337	323	324	648	#
728	201.179	324	346	648	#
729	683.869	316	338	339	340	359	360	361	381	382	383	404	649	#
730	838.253	317	337	338	339	359	360	361	382	383	404	426	649	#
731	786.054	336	337	338	341	358	359	360	361	362	363	382	649	#
732	776.027	312	313	314	315	316	336	337	338	360	382	383	649	#
733	761.078	313	314	335	336	337	358	359	360	379	380	402	649	#
734	737.608	316	317	336	337	338	339	340	341	361	362	383	649	#
735	282.45	416	417	438	439	650	#
736	235.273	394	416	438	439	650	#
737	851.362	12	34	35	56	57	58	77	78	80	101	102	123	255	277	299	651	#
738	1203.2	99	100	120	122	144	232	233	234	252	253	254	255	277	278	299	651	#
739	1144.71	77	99	100	101	104	123	124	125	126	127	144	145	146	147	148	651	#
740	1136.89	257	277	278	279	280	281	299	300	301	302	303	321	322	343	344	651	#
741	1109.52	79	80	99	100	101	102	123	124	125	127	128	144	145	166	189	651	#
742	1085.55	31	53	54	55	56	76	77	78	99	101	371	373	393	394	395	651	#
743	1088.03	9	10	11	27	28	29	30	31	32	33	50	51	52	53	72	73	74	75	97	652	#
744	1349.34	4	5	6	26	27	28	48	50	72	340	360	361	362	383	384	385	405	406	407	652	#
745	1340.45	6	7	28	29	30	50	51	52	53	71	72	73	93	94	95	115	116	117	118	652	#
746	1200.83	6	7	27	28	31	50	51	52	53	72	73	74	94	95	115	116	117	118	119	652	#
747	1197.15	2	6	7	8	9	10	11	23	24	30	31	32	33	44	45	46	51	52	457	652	#
748	1162.66	8	9	10	11	29	30	31	32	33	50	51	52	53	54	55	73	74	94	95	652	#
749	295.918	353	375	397	398	420	653	#
750	348.536	376	377	397	398	420	653	#
751	342.132	397	398	419	420	441	653	#
752	326.518	134	135	156	157	353	653	#
753	177.247	420	440	441	442	443	653	#
754	151.913	352	353	354	375	397	653	#
755	99.4965	79	#
756	300.974	141	163	185	459	460	461	482	654	#
757	451.275	96	118	120	141	142	163	164	654	#
758	441.145	118	141	142	163	164	406	407	654	#
759	437.416	437	458	459	460	461	481	482	654	#
760	404.262	103	125	126	127	459	460	461	654	#
761	398.836	414	436	458	459	460	481	482	654	#
762	838.066	281	301	302	303	323	324	325	326	347	398	399	655	#
763	874.654	307	323	324	325	326	327	328	329	347	351	369	655	#
764	829.113	280	300	301	302	303	322	323	324	325	326	347	655	#
765	800.384	357	377	378	379	398	399	400	402	421	422	423	655	#
766	712.928	95	377	398	400	419	420	421	422	442	443	464	655	#
767	690.42	280	281	300	301	302	303	321	322	323	324	344	655	#
768	1207.59	60	161	162	184	185	186	187	206	207	208	209	210	227	228	229	250	656	#
769	1207.51	185	206	207	208	209	227	228	229	230	231	232	248	249	250	251	272	656	#
770	1198.91	95	117	139	140	161	185	186	206	208	209	228	229	230	248	249	250	656	#
771	1180.52	175	197	219	227	228	229	230	247	248	249	250	252	270	291	292	293	656	#
772	1147.8	117	139	140	141	159	160	161	162	163	184	185	206	208	227	228	229	656	#
773	1142.76	185	186	187	206	207	208	209	228	229	230	231	249	252	253	267	272	656	#
774	885.285	221	222	223	224	243	264	265	266	287	288	308	309	310	330	331	352	353	657	#
775	1228.44	225	226	246	247	248	268	269	287	291	309	310	442	443	444	464	465	466	657	#
776	1183.8	155	177	199	201	220	221	222	223	242	243	244	245	246	264	266	288	318	657	#
777	1148.64	136	155	156	157	179	180	181	201	202	221	222	223	224	245	246	267	289	657	#
778	1145.28	220	221	222	223	242	243	244	245	247	264	266	267	269	291	292	314	315	657	#
779	1141.24	192	213	235	352	353	354	355	356	357	358	375	376	377	378	397	400	401	657	#
780	1354.69	247	248	270	292	373	392	393	394	395	414	415	416	417	436	437	438	439	459	460	461	480	481	658	#
781	1567.04	203	204	205	206	225	226	227	228	229	246	247	267	268	269	270	271	288	289	290	292	311	312	658	#
782	1484.1	1	2	22	23	24	25	26	27	28	45	47	69	225	246	247	248	267	268	270	271	289	290	658	#
783	1440.97	233	343	344	364	365	366	389	393	394	395	411	416	417	433	438	439	459	460	461	480	481	482	658	#
784	1413.46	286	287	308	309	349	370	373	392	393	394	395	414	416	417	436	437	438	439	459	460	461	481	658	#
785	1412.75	166	188	320	341	342	364	365	393	394	395	416	417	438	439	459	460	461	479	480	481	482	483	658	#
786	917.949	160	161	162	184	185	186	207	208	228	229	230	231	232	250	253	659	#
787	1156.19	54	55	77	98	99	100	207	208	229	230	231	232	233	409	501	659	#
788	1115.72	161	162	183	184	185	186	204	205	206	207	208	226	227	229	250	659	#
789	1099.24	142	164	186	205	206	207	208	227	228	229	230	231	232	250	254	659	#
790	1079.61	13	160	161	162	163	183	184	185	204	205	206	207	226	227	228	659	#
791	1056.18	185	186	205	206	207	208	226	227	228	229	230	231	232	249	250	659	#
792	338.01	222	223	224	243	244	660	#
793	330.24	118	140	222	223	244	660	#
794	310.464	222	242	243	244	483	660	#
795	290.716	242	243	244	245	267	660	#
796	247.529	158	180	201	202	224	660	#
797	84.7984	203	#
798	48.1951	509	#
799	200.834	218	239	240	260	261	661	#
800	267.466	240	241	261	262	283	661	#
801	237.204	240	241	260	261	262	661	#
802	213.635	216	217	238	239	260	661	#
803	246.65	327	328	349	350	351	662	#
804	226.9	305	327	348	349	350	662	#
805	205.091	284	305	306	327	328	662	#
806	200.948	306	327	328	349	350	662	#
807	185.457	328	329	349	350	351	662	#
808	135.75	328	349	350	370	371	662	#
809	563	64	65	87	109	130	131	153	175	663	#
810	632.794	153	175	196	197	219	247	269	291	663	#
811	552.029	130	131	153	173	174	175	197	219	663	#
812	542	64	65	85	86	87	109	131	153	663	#
813	506.448	36	86	87	108	109	126	127	131	663	#
814	461.945	129	130	131	151	152	153	175	197	663	#
815	421.059	431	453	454	455	456	457	478	664	#
816	392.973	431	452	453	454	455	475	476	664	#
817	379.898	412	433	434	455	456	457	478	664	#
818	378.448	431	432	433	434	455	456	457	664	#
819	327.74	223	244	245	246	266	454	455	664	#
820	297.585	411	433	434	455	456	457	478	664	#
821	636.165	144	166	189	211	398	420	442	464	465	665	#
822	814.151	99	120	121	123	124	143	144	145	166	665	#
823	800.882	101	123	143	144	145	166	167	188	189	665	#
824	682.891	397	398	399	420	441	442	464	465	466	665	#
825	661.385	166	188	189	211	212	232	233	254	269	665	#
826	655.639	123	145	166	167	188	189	211	233	235	665	#
827	699.632	111	132	133	134	135	154	155	156	157	498	666	#
828	867.386	67	68	89	90	111	133	154	155	448	469	666	#
829	851.504	45	67	68	89	90	91	110	111	133	191	666	#
830	803.605	68	89	90	91	111	132	133	134	154	155	666	#
831	798.337	47	68	69	89	90	91	111	112	133	134	666	#
832	691.59	132	133	154	155	156	222	451	472	473	474	666	#
833	418.999	413	434	435	436	456	477	667	#
834	388.074	434	435	455	456	477	478	667	#
835	352.271	456	477	478	479	480	481	667	#
836	346.244	412	434	435	456	478	479	667	#
837	322.082	413	414	434	435	436	458	667	#
838	264.831	411	413	433	434	435	455	667	#
839	777.102	302	303	325	326	347	348	369	370	371	372	373	390	391	668	#
840	900.025	22	23	44	45	143	144	166	187	188	302	303	324	325	668	#
841	839.308	26	27	301	302	321	322	323	344	345	346	347	369	391	668	#
842	814.585	276	281	301	302	303	304	325	326	327	347	433	434	435	668	#
843	812.221	59	60	81	341	342	362	369	370	389	390	391	392	411	668	#
844	794.201	306	327	328	348	349	350	371	372	373	394	416	427	428	668	#
845	605.572	232	251	252	253	254	273	274	275	276	295	296	669	#
846	828.432	211	232	233	254	255	274	275	276	277	295	296	669	#
847	812.673	232	250	251	252	254	255	273	274	275	276	296	669	#
848	811.941	189	190	191	192	211	213	231	232	233	235	254	669	#
849	805.752	209	231	232	254	255	275	276	387	388	409	431	669	#
850	756.841	232	233	254	255	273	274	275	276	277	295	296	669	#
851	1392.29	92	192	193	216	266	268	288	289	290	310	312	313	332	333	334	335	336	354	355	356	357	378	379	401	402	430	504	670	#
852	1874.76	268	290	312	313	333	334	335	336	337	356	357	358	365	378	379	380	387	400	401	402	409	410	424	429	430	431	452	670	#
853	1817.24	225	246	247	248	249	268	269	270	271	272	289	290	293	311	312	313	315	332	333	334	335	336	357	358	359	379	402	670	#
854	1815.12	294	312	313	314	315	316	332	333	334	335	336	337	339	355	356	357	358	359	360	361	378	379	383	400	401	402	424	670	#
855	1803.48	12	26	34	55	56	342	364	365	366	367	385	386	387	406	407	408	409	410	429	430	431	432	452	453	454	455	507	670	#
856	1792.92	20	42	63	64	65	82	84	85	86	87	101	102	103	104	105	106	107	108	125	126	127	128	129	148	151	152	504	670	#
857	486.616	296	317	318	319	338	339	340	361	671	#
858	592.709	293	314	315	337	338	359	360	374	671	#
859	567.572	317	338	339	340	360	361	382	383	671	#
860	551.116	296	297	316	317	318	319	339	340	671	#
861	525.048	274	294	295	296	316	317	318	340	671	#
862	512.554	316	317	338	339	340	360	361	362	671	#
863	406.675	78	99	100	101	122	672	#
864	447.01	77	99	100	119	120	672	#
865	399.588	99	100	101	102	122	672	#
866	381.487	79	80	81	100	101	672	#
867	309.191	34	56	78	101	102	672	#
868	302.098	100	122	123	124	146	672	#
869	125.81	496	#
870	306.097	254	276	297	298	320	673	#
871	379.856	298	320	342	364	386	673	#
872	328.59	273	274	275	296	297	673	#
873	275.801	231	232	253	254	276	673	#
874	265.493	276	297	298	319	320	673	#
875	252.267	253	254	276	277	298	673	#
876	567.358	20	42	43	340	359	360	361	674	#
877	600.029	316	317	318	339	340	361	362	674	#
878	565.744	199	316	317	339	340	361	362	674	#
879	533.832	338	358	359	360	361	362	380	674	#
880	497.527	19	20	21	42	43	65	88	674	#
881	480.537	19	20	21	41	42	43	63	674	#
882	47.9872	163	164	#
883	1372.58	118	141	206	227	228	248	249	250	251	270	271	272	273	294	295	296	328	329	351	675	#
884	1470.32	176	303	305	324	325	326	327	328	329	339	340	347	348	349	351	361	368	371	372	675	#
885	1445.39	248	270	271	290	291	293	294	295	314	315	316	334	335	336	337	338	339	359	360	675	#
886	1434.25	248	249	250	251	270	271	272	273	293	294	315	316	335	336	337	338	361	471	472	675	#
887	1431.38	84	105	106	116	117	138	139	159	160	161	206	228	229	230	249	250	251	271	273	675	#
888	1358.64	206	228	248	249	250	251	269	270	271	272	273	291	293	294	295	296	315	316	373	675	#
889	806.648	159	181	274	388	407	409	410	411	429	430	431	432	433	453	676	#
890	967.558	21	43	387	388	409	410	413	431	433	434	435	436	453	475	676	#
891	923.193	230	251	252	253	254	273	274	275	294	295	296	297	316	366	676	#
892	911.018	364	369	370	385	388	392	407	408	409	410	429	430	431	453	676	#
893	871.986	385	386	387	388	407	408	429	430	431	451	453	472	473	475	676	#
894	852.475	385	386	407	408	409	410	411	430	431	432	433	452	453	454	676	#
895	1437.54	15	16	17	18	19	20	21	38	39	40	41	42	43	61	63	64	65	83	84	86	108	109	230	252	253	677	#
896	1899.95	61	83	84	105	106	108	109	110	127	128	129	130	131	132	133	150	152	153	173	174	175	195	196	197	218	677	#
897	1829.9	74	86	87	96	106	107	108	109	128	129	130	131	152	153	174	175	196	197	218	239	240	241	261	262	413	677	#
898	1799.95	63	64	65	85	86	87	108	109	129	130	131	135	136	152	153	157	158	159	160	161	162	175	196	197	218	677	#
899	1794.12	209	230	231	232	252	253	254	255	256	274	275	296	297	318	319	340	341	361	362	363	383	384	385	407	429	677	#
900	1743.38	86	106	107	108	109	128	129	130	131	149	150	151	153	172	173	174	175	180	181	194	195	203	204	217	225	677	#
901	1034.51	20	21	42	62	63	84	85	86	108	109	130	131	152	153	501	678	#
902	1053.28	85	86	87	107	109	126	127	128	129	130	131	148	150	153	175	678	#
903	1017.94	64	84	85	86	87	107	108	109	130	131	150	151	152	153	175	678	#
904	974.161	62	63	64	84	85	86	106	107	371	372	373	392	393	394	395	678	#
905	946.87	42	43	63	64	65	84	85	86	105	106	107	108	129	130	151	678	#
906	936.67	21	41	42	43	63	64	84	85	86	105	106	107	128	129	356	678	#
907	315.314	379	400	401	402	422	679	#
908	326.395	399	421	422	443	444	679	#
909	285.83	357	379	401	402	422	679	#
910	282.426	355	378	400	401	422	679	#
911	273.45	379	381	402	403	456	679	#
912	245.811	296	316	317	318	680	#
913	343.759	313	314	315	316	680	#
914	338.864	318	319	340	341	680	#
915	289.755	317	339	340	361	680	#
916	800.064	413	414	415	434	435	436	437	438	457	458	459	460	461	479	480	481	482	681	#
917	1107.53	266	286	287	288	289	311	413	415	435	436	437	457	458	459	478	479	480	681	#
918	1058.65	399	400	421	422	425	426	436	437	439	443	458	459	460	461	479	480	481	681	#
919	1039.23	61	82	83	414	417	435	436	439	458	459	460	461	478	479	480	481	482	681	#
920	988.445	55	414	415	417	436	437	439	458	459	460	461	478	479	480	481	482	483	681	#
921	928.269	88	110	132	154	155	413	435	457	458	459	460	475	479	480	481	482	483	681	#
922	1735.26	297	298	318	319	320	337	338	339	340	341	357	358	359	360	361	362	363	375	380	382	383	384	385	404	405	406	682	#
923	2137.8	291	292	314	315	316	337	338	339	341	342	359	361	362	363	364	383	384	385	386	404	405	406	407	426	427	428	682	#
924	2069.85	293	314	315	316	319	320	337	338	339	340	341	342	343	359	360	361	362	365	382	383	384	404	405	426	427	428	682	#
925	2052.71	319	341	361	362	363	364	383	384	385	386	393	404	405	406	407	408	426	427	428	429	430	431	451	452	453	475	682	#
926	1933.84	167	168	188	189	190	191	297	315	317	319	337	338	339	341	342	343	359	360	361	362	365	383	384	385	406	428	682	#
927	1931.04	315	316	317	319	337	338	339	340	341	342	360	361	362	364	383	384	385	386	404	405	406	407	426	427	428	429	682	#
928	504.547	102	122	123	124	125	145	167	189	683	#
929	677.26	125	126	146	147	148	168	169	170	683	#
930	664.595	101	102	122	123	144	145	146	167	683	#
931	660.227	102	123	124	125	144	145	146	167	683	#
932	593.257	102	123	124	125	126	145	146	147	683	#
933	589.315	59	81	102	103	154	155	177	311	683	#
934	244.884	181	182	203	204	310	684	#
935	358.555	181	201	202	203	225	684	#
936	313.579	139	161	182	183	204	684	#
937	275.117	310	311	312	332	333	684	#
938	214.041	161	182	183	203	204	684	#
939	124.463	158	159	181	203	497	684	#
940	61.9624	286	#
941	140.546	366	389	685	#
942	133.094	389	390	685	#
943	294.505	106	107	237	238	260	282	283	304	326	686	#
944	360.681	40	41	62	84	85	86	87	106	107	686	#
945	357.574	193	215	216	217	237	238	260	282	283	686	#
946	354.212	260	261	282	283	284	306	327	328	350	686	#
947	342.918	216	235	236	237	238	260	261	282	283	686	#
948	307.437	83	84	105	106	107	129	151	264	265	686	#
949	335.465	220	221	242	243	244	265	266	687	#
950	465.039	220	221	242	243	361	383	405	687	#
951	394.478	220	242	243	244	245	265	267	687	#
952	376.742	242	243	244	245	246	265	266	687	#
953	317.912	221	223	242	243	244	245	267	687	#
954	279.932	74	155	177	198	199	220	221	687	#
955	388.224	81	341	342	361	362	383	688	#
956	534.523	133	155	340	341	361	362	688	#
957	465.855	338	339	359	360	361	383	688	#
958	451.259	338	339	360	361	362	383	688	#
959	411.208	317	318	319	341	342	364	688	#
960	404.922	59	81	82	83	103	478	688	#
961	474.389	110	111	132	133	134	154	155	689	#
962	595.065	88	110	132	154	155	156	177	689	#
963	556.444	132	133	154	155	156	177	199	689	#
964	519.365	16	132	133	134	154	155	156	689	#
965	484.192	90	111	112	113	134	155	156	689	#
966	470.478	111	132	133	134	154	156	425	689	#
967	1953.21	8	13	31	34	35	36	53	54	55	56	57	58	59	74	75	76	77	78	79	80	96	99	100	120	121	122	141	142	143	163	164	690	#
968	2402.8	51	69	70	71	72	74	75	91	92	93	94	95	96	114	115	116	117	118	119	120	139	140	141	142	160	161	162	163	164	184	461	690	#
969	2316.72	13	15	16	35	36	37	58	59	60	80	81	268	269	270	271	272	286	287	291	292	293	309	310	313	314	315	316	331	332	333	368	690	#
970	2250.87	13	15	17	18	36	37	38	39	40	58	59	60	61	80	81	82	83	95	96	102	104	105	106	117	118	126	127	128	139	159	160	690	#
971	2243.42	98	115	116	117	118	119	120	121	139	141	142	163	164	165	166	167	184	186	187	188	189	207	208	209	229	230	231	251	252	274	275	690	#
972	2217.1	8	31	52	53	74	75	94	95	96	115	116	117	118	119	137	139	140	141	156	157	158	159	160	161	162	163	164	179	184	219	391	690	#
973	128.189	14	365	691	#
974	105.602	365	387	691	#
975	98.9279	13	14	691	#
976	55.8386	504	#
977	450.97	385	405	406	407	429	451	692	#
978	530.934	384	385	407	408	429	430	692	#
979	474.601	407	409	429	430	431	453	692	#
980	447.811	362	382	383	384	385	406	692	#
981	388.097	385	406	407	429	451	473	692	#
982	329.261	34	430	451	452	472	473	692	#
983	985.542	75	76	77	97	98	99	119	120	121	136	137	141	143	325	347	368	369	390	412	693	#
984	1340.74	33	52	53	54	55	76	77	98	99	119	120	121	143	390	391	412	434	469	470	693	#
985	1192.27	345	346	347	348	368	369	389	390	391	412	413	433	434	435	454	455	456	457	478	693	#
986	1173.95	91	94	111	112	114	115	116	117	134	135	136	137	138	139	157	158	159	160	161	693	#
987	1154.21	6	7	8	9	27	28	29	30	31	48	49	50	51	52	53	71	73	75	76	693	#
988	1152.07	133	134	135	157	158	325	326	327	346	347	348	349	368	369	390	391	396	412	418	693	#
989	403.102	39	40	41	62	63	694	#
990	404.593	40	62	83	84	105	694	#
991	379.887	38	39	40	61	83	694	#
992	317.411	39	40	41	60	61	694	#
993	315.691	18	40	41	63	64	694	#
994	300.707	19	41	63	64	86	694	#
995	27.4632	330	353	695	#
996	0.316617	352	353	695	#
997	3582.13	185	186	187	206	225	226	245	248	249	267	268	269	270	271	272	289	290	291	292	311	312	313	333	334	335	354	355	356	357	358	359	377	378	379	380	398	399	400	401	402	419	420	421	422	423	443	444	466	696	#
998	3626.47	180	184	185	186	200	201	204	205	206	208	209	221	222	223	224	226	227	228	244	245	248	249	265	266	267	268	269	270	271	272	288	289	290	291	292	294	311	312	313	333	334	335	355	356	357	358	377	378	696	#
999	3594.45	15	16	133	134	135	136	156	157	158	160	162	163	179	180	181	182	184	185	186	200	201	203	204	205	206	207	208	223	224	225	226	227	228	229	248	249	251	270	271	272	273	291	292	293	294	315	393	498	696	#
1000	3590.04	158	180	201	223	244	245	248	249	266	267	268	269	270	271	287	288	289	290	291	292	293	294	311	312	315	334	335	337	357	358	377	380	381	397	398	419	420	421	441	442	443	444	464	465	466	467	468	485	696	#
1001	3571.94	125	147	169	184	185	191	192	205	206	213	214	226	227	228	232	233	234	245	248	249	255	256	257	267	269	270	271	272	283	288	289	290	291	292	293	311	315	321	342	343	362	363	364	384	385	386	406	454	696	#
1002	3533.04	135	136	156	157	158	161	178	179	180	181	182	183	201	203	204	205	206	226	227	228	245	248	249	266	267	268	269	270	271	272	273	287	288	289	290	291	292	293	294	311	312	313	315	333	335	356	357	389	696	#
