%% File generated by CATS v.2.1Thu May  9 13:09:06 2024

%% The CATS webpage is http://robotics.stanford.edu/CATS

%% PARAMETER SETTINGS:
% Goods: 12; Bids: 20; Distribution: scheduling; Runs: 1; Seed: 84
% Scheduling Distribution Parameters:
% max_length                = 10
% deviation                 = 0.500000
% prob_additional_deadline  = 0.700000
% additivity                = 0.200000



goods 12
bids 29
dummy 3

0	4.31717	0	1	2	3	4	12	#
1	4.31717	1	2	3	4	5	12	#
2	4.31717	2	3	4	5	6	12	#
3	2.35482	3	4	5	6	7	12	#
4	2.35482	4	5	6	7	8	12	#
5	2.35482	5	6	7	8	9	12	#
6	2.35482	6	7	8	9	10	12	#
7	2.35482	7	8	9	10	11	12	#
8	4.06929	0	1	2	13	#
9	4.06929	1	2	3	13	#
10	4.06929	2	3	4	13	#
11	4.06929	3	4	5	13	#
12	4.06929	4	5	6	13	#
13	4.06929	5	6	7	13	#
14	4.06929	6	7	8	13	#
15	4.06929	7	8	9	13	#
16	4.06929	8	9	10	13	#
17	4.06929	9	10	11	13	#
18	0.979754	0	14	#
19	0.979754	1	14	#
20	0.979754	2	14	#
21	0.979754	3	14	#
22	0.979754	4	14	#
23	0.979754	5	14	#
24	0.979754	6	14	#
25	0.839789	7	14	#
26	0.587852	8	14	#
27	0.587852	9	14	#
28	0.587852	10	14	#
