%% File generated by CATS v.2.1Thu May  9 12:39:26 2024

%% The CATS webpage is http://robotics.stanford.edu/CATS

%% PARAMETER SETTINGS:
% Goods: 64; Bids: 500; Distribution: arbitrary; Runs: 1; Seed: 58
% Arbitrary Distribution Parameters:
% Max Substitutable Bids = 5
% Removing HV Neighbor   = 0.1
% Adding DIAG Neighbor   = 0.2
% Additional Location    = 0.9
% Additivity             = 0.2
% Budget Factor          = 1.5
% Resale Factor          = 0.5
% Normal Private Value:
%   Mean                 = 0
%   Standard Deviation   = 30



goods 64
bids 500
dummy 95

0	376.161	8	10	18	48	58	64	#
1	493.31	4	17	18	22	38	64	#
2	468.183	12	16	25	49	58	64	#
3	397.738	9	10	15	27	41	64	#
4	303.171	0	8	23	46	55	64	#
5	291.541	6	16	48	50	59	64	#
6	102.328	27	28	49	65	#
7	77.1188	20	27	45	65	#
8	102.739	8	44	66	#
9	106.897	22	44	66	#
10	92.0025	8	34	66	#
11	76.0276	43	49	67	#
12	104.293	30	49	67	#
13	75.6427	22	43	67	#
14	474.552	4	5	20	24	34	36	39	52	62	68	#
15	649.483	8	17	28	34	45	51	54	55	62	68	#
16	637.098	2	5	8	12	16	23	39	51	63	68	#
17	634.481	4	6	9	16	19	27	33	57	62	68	#
18	632.406	5	7	8	10	19	20	32	52	57	68	#
19	557.811	3	10	11	14	16	19	20	43	46	68	#
20	376.93	14	15	38	44	69	#
21	374.312	10	14	40	60	69	#
22	205.156	6	15	49	51	69	#
23	188.308	26	38	40	48	69	#
24	2620.39	0	2	3	4	5	7	8	11	12	13	14	17	18	20	21	23	24	26	29	30	31	33	34	35	36	37	38	39	40	41	42	45	46	48	50	51	52	53	55	56	57	59	60	61	70	#
25	3077.59	2	5	7	10	11	12	13	14	15	17	18	19	20	21	22	23	24	29	30	31	32	33	34	35	36	37	38	41	42	43	44	45	46	47	48	49	51	52	54	55	58	59	61	63	70	#
26	3072.25	0	1	2	3	5	8	10	11	12	13	14	15	17	19	20	21	22	23	24	26	30	31	32	33	34	35	36	37	38	40	41	42	43	44	48	49	50	51	54	55	57	58	59	63	70	#
27	3039.13	2	4	6	7	8	9	11	12	13	14	15	17	21	24	25	26	28	29	31	32	33	34	35	37	38	39	40	41	43	44	47	48	49	50	52	53	54	55	56	57	58	60	61	63	70	#
28	2979.82	0	1	2	3	4	5	6	9	10	12	13	14	15	17	18	19	20	25	26	30	31	32	33	34	35	36	38	41	42	43	44	45	47	48	49	50	51	53	54	56	57	58	61	63	70	#
29	2940.46	0	1	2	4	5	6	8	9	10	11	13	14	15	17	18	19	20	23	24	28	30	31	32	33	34	35	36	38	39	40	42	43	44	46	47	49	51	54	55	56	59	60	61	63	70	#
30	704.988	14	19	20	26	34	42	57	61	63	71	#
31	689.29	2	4	20	26	36	41	48	57	59	71	#
32	648.74	3	14	26	27	32	44	55	56	57	71	#
33	607.935	6	16	17	28	31	32	52	54	63	71	#
34	540.594	8	19	20	23	29	48	54	61	62	71	#
35	529.222	1	11	12	20	26	34	35	44	59	71	#
36	685.288	12	16	19	22	23	32	47	57	72	#
37	687.555	2	7	12	19	29	42	44	55	72	#
38	593.467	11	12	14	22	23	47	48	53	72	#
39	587.638	7	9	35	50	52	54	57	62	72	#
40	577.563	0	2	10	11	22	37	45	59	72	#
41	538.639	6	13	16	19	22	23	48	56	72	#
42	706.227	0	3	10	19	27	34	38	59	61	73	#
43	668.03	7	10	26	32	33	42	57	60	63	73	#
44	666.504	4	6	14	22	23	30	38	47	54	73	#
45	605.311	4	10	34	45	46	51	53	61	62	73	#
46	577.489	0	3	9	23	39	45	52	54	61	73	#
47	550.601	15	19	20	29	43	46	49	57	61	73	#
48	317.682	8	16	45	62	74	#
49	356.338	29	32	47	62	74	#
50	291.096	10	36	37	45	74	#
51	196.961	16	23	34	51	74	#
52	172.175	8	50	52	60	74	#
53	285.155	6	20	26	28	30	32	51	55	75	#
54	348.555	3	9	27	30	39	40	42	49	75	#
55	177.721	19	47	49	76	#
56	215.827	14	19	33	76	#
57	162.822	27	49	61	76	#
58	342.012	9	17	53	54	77	#
59	401.953	17	54	57	61	77	#
60	321.233	4	21	33	54	77	#
61	208.223	1	53	57	58	77	#
62	207.78	9	32	34	62	77	#
63	430.31	15	30	34	39	41	54	60	78	#
64	549.327	2	7	32	43	51	55	60	78	#
65	489.741	0	10	17	25	32	34	59	78	#
66	464.064	1	11	12	34	39	53	60	78	#
67	408.727	1	14	20	30	33	44	57	78	#
68	398.599	0	15	20	26	30	45	53	78	#
69	264.619	5	12	26	47	79	#
70	378.725	3	10	26	47	79	#
71	285.102	7	18	44	47	79	#
72	204.476	3	12	50	52	79	#
73	536.749	24	31	33	35	37	42	53	54	80	#
74	652.293	11	16	22	23	41	42	51	61	80	#
75	628.662	14	23	32	33	45	57	60	63	80	#
76	589.906	8	12	23	24	31	39	51	61	80	#
77	572.784	10	19	22	31	33	35	45	48	80	#
78	515.008	11	22	26	37	44	51	54	56	80	#
79	484.112	5	34	36	51	57	58	59	61	62	81	#
80	631.487	6	10	11	16	34	36	46	58	59	81	#
81	620.623	2	15	19	24	42	44	53	57	62	81	#
82	577.353	6	11	12	25	43	47	49	52	62	81	#
83	570.597	5	11	13	15	20	23	34	42	47	81	#
84	538.275	2	17	19	30	34	35	46	58	60	81	#
85	648.646	4	8	9	19	29	31	34	39	46	47	51	53	58	82	#
86	765.699	0	1	10	11	19	22	23	31	36	41	49	60	63	82	#
87	724.456	7	9	24	29	38	41	42	44	46	51	57	61	62	82	#
88	696.533	1	8	11	19	22	23	25	36	39	49	51	56	63	82	#
89	687.34	13	14	16	17	18	34	44	52	54	57	58	60	61	82	#
90	673.192	1	2	9	17	24	27	28	38	39	41	47	49	57	82	#
91	1027.35	0	1	7	8	10	11	16	17	20	21	22	24	28	33	35	43	45	48	49	51	58	61	62	83	#
92	1509.79	6	8	11	12	13	14	16	17	20	22	24	28	29	30	31	35	36	37	45	49	50	58	63	83	#
93	1472.95	2	5	6	10	15	17	19	21	22	23	24	26	27	29	34	36	37	43	49	54	56	58	59	83	#
94	1440.78	6	7	8	10	11	12	15	16	22	28	36	37	45	48	51	52	53	54	55	56	57	58	60	83	#
95	1438.31	0	2	3	6	7	12	17	22	24	26	31	35	36	37	48	49	51	53	56	57	60	62	63	83	#
96	1434.74	4	10	11	21	23	25	27	30	31	32	34	38	41	43	48	51	52	54	56	57	60	61	63	83	#
97	857.702	6	13	14	21	24	31	34	36	38	39	41	53	54	56	60	84	#
98	1159.35	1	2	7	12	14	15	17	39	43	48	56	57	58	62	63	84	#
99	1096.53	2	5	10	15	17	30	33	36	38	46	53	55	56	60	63	84	#
100	1041.34	2	5	7	10	15	17	18	19	30	34	38	49	56	62	63	84	#
101	1013.9	1	8	9	10	21	25	26	27	30	32	33	38	44	51	63	84	#
102	982.468	2	12	14	17	20	27	30	36	40	41	44	46	47	52	55	84	#
103	85.557	46	#
104	698.07	9	10	12	13	19	20	24	34	38	47	59	85	#
105	901.597	2	7	16	28	29	32	33	38	39	45	63	85	#
106	805.432	2	7	12	17	33	47	48	51	54	59	61	85	#
107	775.637	3	7	10	13	32	36	39	40	51	59	63	85	#
108	769.367	10	23	25	27	33	43	44	45	46	49	63	85	#
109	737.19	0	3	7	12	22	32	39	42	43	62	63	85	#
110	3033.47	0	1	2	3	4	5	6	7	8	9	10	11	12	13	15	16	17	18	19	20	21	22	23	24	26	27	28	30	31	32	33	37	38	39	40	41	43	44	45	46	48	50	51	52	53	55	56	58	59	60	61	62	63	86	#
111	3209.72	0	1	2	3	4	5	7	8	9	10	11	12	13	14	15	16	18	19	20	23	24	25	26	27	28	29	30	31	32	33	35	37	38	39	40	41	42	43	44	45	46	48	50	51	53	54	55	57	58	59	60	61	63	86	#
112	3203.14	0	1	2	4	5	7	8	9	10	11	12	13	15	16	17	18	19	20	22	23	24	25	26	27	28	30	32	33	34	35	36	37	38	39	40	41	42	43	44	45	46	51	52	54	55	56	57	58	59	60	61	62	63	86	#
113	3194.14	0	1	2	3	4	5	6	7	8	9	10	11	12	13	14	15	16	17	18	19	20	23	24	25	26	27	28	31	32	33	34	36	37	38	39	40	41	42	43	44	45	46	47	48	50	52	55	56	58	59	60	61	63	86	#
114	3163.52	0	1	2	3	4	5	7	8	9	10	11	12	13	14	16	17	18	19	20	21	22	23	25	26	27	29	30	31	32	33	34	35	37	38	39	40	41	42	43	44	45	46	48	53	54	55	56	57	59	60	61	62	63	86	#
115	3126	0	1	2	3	5	6	7	8	9	10	12	13	14	15	16	17	19	20	22	23	24	25	26	27	28	30	32	33	34	35	37	38	39	41	42	43	44	45	46	48	49	50	52	53	54	55	56	57	58	59	60	61	62	86	#
116	63.0499	0	#
117	1230.15	2	4	10	15	17	21	25	27	28	29	30	42	43	45	50	52	54	55	60	63	87	#
118	1446.9	4	8	10	11	16	25	29	30	32	34	36	38	40	41	45	47	55	57	58	63	87	#
119	1369.34	7	8	9	12	13	16	21	22	24	27	28	29	37	38	40	47	52	55	56	61	87	#
120	1284.71	3	4	7	9	10	11	18	19	21	25	27	29	34	38	47	49	52	57	59	61	87	#
121	1263.1	1	3	4	8	10	16	17	18	25	34	39	40	42	44	49	50	55	58	59	62	87	#
122	1249.28	2	12	15	17	24	25	27	29	30	40	42	45	50	54	56	57	58	59	60	62	87	#
123	403.91	0	4	11	36	44	88	#
124	570.95	4	11	16	47	63	88	#
125	410.768	4	14	39	46	47	88	#
126	374.076	4	19	22	36	52	88	#
127	315.722	0	2	9	37	57	88	#
128	311.434	12	28	40	41	44	88	#
129	110.253	31	39	89	#
130	140.737	31	41	89	#
131	97.7121	12	39	89	#
132	236.322	14	40	51	90	#
133	273.806	14	24	38	90	#
134	223.471	10	18	51	90	#
135	178.86	40	47	55	90	#
136	800.107	3	4	15	16	21	22	37	42	45	46	50	55	56	62	91	#
137	886.126	2	6	19	23	25	28	30	37	41	42	47	57	59	60	91	#
138	864.434	2	7	14	16	24	28	33	34	35	44	46	56	60	61	91	#
139	843.913	4	6	10	15	22	28	29	33	34	38	54	57	58	62	91	#
140	839.699	3	4	10	13	16	19	20	22	24	27	47	57	60	62	91	#
141	834.799	2	4	10	11	28	30	31	33	36	37	45	58	59	62	91	#
142	8.9811	18	#
143	30.5947	27	#
144	421.531	2	3	5	11	28	49	51	56	61	92	#
145	581.867	2	4	13	15	16	18	44	50	61	92	#
146	573.534	0	2	3	8	10	15	21	35	42	92	#
147	558.152	16	24	26	30	35	41	50	59	61	92	#
148	479.782	9	25	26	29	30	38	41	50	51	92	#
149	458.38	0	5	17	20	24	30	37	41	47	92	#
150	502.938	4	24	25	47	49	59	93	#
151	543.78	4	7	11	47	49	62	93	#
152	455.558	13	22	23	36	39	47	93	#
153	444.555	4	16	29	55	56	63	93	#
154	414.876	22	23	24	25	37	42	93	#
155	401.736	4	15	23	25	31	42	93	#
156	487.333	11	15	20	22	26	56	57	59	94	#
157	539.461	11	16	17	18	28	43	49	52	94	#
158	532.299	4	22	37	39	40	46	49	56	94	#
159	449.915	9	14	15	18	24	48	51	58	94	#
160	430.495	19	22	29	35	45	47	52	59	94	#
161	339.169	1	3	22	27	28	38	39	52	94	#
162	715.503	1	10	17	23	24	33	47	50	56	57	60	95	#
163	950.653	10	13	14	17	25	33	36	40	41	60	61	95	#
164	807.986	1	4	31	47	48	49	54	55	57	60	62	95	#
165	785.297	3	5	8	10	17	36	39	40	49	59	62	95	#
166	781.905	2	9	16	22	30	39	40	43	46	47	49	95	#
167	767.148	6	10	20	23	24	35	42	45	49	55	59	95	#
168	116.362	10	#
169	79.9464	27	31	56	#
170	188.019	19	20	49	96	#
171	158.102	49	58	62	96	#
172	131.615	3	20	45	96	#
173	123.945	19	22	27	96	#
174	149.518	24	33	97	#
175	166.89	33	59	97	#
176	83.7281	24	45	97	#
177	2742.67	0	1	3	4	5	7	10	12	14	15	16	18	19	22	23	24	25	26	29	30	31	33	34	35	37	38	39	40	41	42	43	45	47	48	49	50	51	54	55	58	60	62	63	98	#
178	2944.64	0	2	3	7	8	9	10	11	12	13	14	15	16	17	18	19	20	22	23	24	25	28	29	30	31	32	34	36	37	38	39	42	43	46	48	50	51	52	54	55	57	58	60	98	#
179	2928.74	0	1	2	3	4	7	9	10	12	15	16	17	18	20	22	24	25	26	27	29	30	32	33	34	35	37	38	41	45	46	47	48	51	52	54	55	56	57	58	59	60	61	63	98	#
180	2928.36	0	2	4	6	7	8	9	10	11	12	13	14	15	16	17	19	20	22	23	24	25	26	27	29	32	34	38	44	45	47	48	49	50	51	52	54	55	57	58	59	60	61	62	98	#
181	2856.08	0	1	2	4	6	7	10	12	14	15	16	19	20	22	23	24	25	26	28	30	31	32	33	35	37	38	39	41	42	43	44	45	46	51	53	54	55	57	58	59	60	61	63	98	#
182	2854.37	0	2	3	7	9	10	11	12	13	14	15	17	18	19	22	24	25	26	27	29	30	32	33	34	35	36	37	40	42	43	45	46	48	50	51	52	53	54	55	56	58	59	60	98	#
183	366.477	0	7	17	48	49	52	99	#
184	428.57	21	26	28	52	57	63	99	#
185	407.135	0	4	10	24	38	47	99	#
186	398.08	7	9	23	24	32	62	99	#
187	383.892	4	6	25	26	30	48	99	#
188	321.746	47	48	49	50	52	57	99	#
189	512.329	0	6	7	10	13	23	27	46	100	#
190	626.76	0	2	6	16	29	30	34	47	100	#
191	595.873	5	9	13	15	33	49	54	62	100	#
192	540.495	0	3	7	12	19	30	31	60	100	#
193	495.899	3	5	14	16	17	23	38	46	100	#
194	482.364	0	7	17	19	23	32	51	55	100	#
195	151.379	0	9	101	#
196	129.043	0	14	101	#
197	107.823	9	51	101	#
198	1258.74	0	3	11	15	17	23	26	28	32	35	36	39	40	41	42	45	46	47	50	51	52	53	55	58	59	102	#
199	1608.22	3	5	7	11	12	14	18	23	26	27	30	32	34	40	42	47	48	49	52	54	55	58	60	61	62	102	#
200	1499.26	0	1	2	6	11	14	15	20	22	24	25	28	30	33	34	36	37	38	51	52	55	58	60	61	63	102	#
201	1497.28	1	4	7	11	12	14	17	18	20	21	23	26	27	30	31	32	34	38	42	47	49	53	55	60	61	102	#
202	1466.55	0	2	3	6	7	12	14	18	19	24	28	32	36	37	38	40	44	45	46	47	52	58	60	61	62	102	#
203	1459.41	2	8	9	11	24	25	29	30	31	34	35	36	37	38	42	44	45	52	56	58	59	60	61	62	63	102	#
204	55.748	44	#
205	701.286	0	7	9	12	18	21	23	32	36	47	53	56	57	63	103	#
206	964.621	0	3	4	7	14	17	21	24	29	44	47	56	60	63	103	#
207	938.099	3	7	11	14	17	26	32	35	44	46	47	51	53	60	103	#
208	926.06	4	7	8	9	10	17	34	38	45	46	48	51	57	63	103	#
209	907.315	8	9	17	24	32	33	34	37	43	45	50	53	60	61	103	#
210	841.621	3	8	9	11	13	18	20	30	32	44	48	55	59	61	103	#
211	770.3	1	2	6	14	16	18	24	25	27	28	29	34	40	49	55	56	104	#
212	1068.38	2	7	16	20	22	23	25	28	32	45	52	55	56	57	58	60	104	#
213	1047.87	2	12	15	25	28	32	34	36	37	43	46	48	49	53	59	63	104	#
214	1022.75	4	5	9	10	18	20	25	28	31	32	35	43	47	53	54	60	104	#
215	992.75	7	10	12	16	17	20	22	27	34	36	42	43	53	55	57	58	104	#
216	992.525	1	6	10	16	24	25	26	28	29	33	34	43	47	53	55	60	104	#
217	273.598	8	19	32	50	56	105	#
218	398.103	2	29	32	37	57	105	#
219	180.26	8	28	31	45	50	105	#
220	165.618	9	19	43	51	62	105	#
221	133.044	6	8	26	45	50	105	#
222	732.032	0	3	4	7	9	17	21	23	27	36	44	47	59	106	#
223	914.244	6	13	14	26	27	30	32	35	37	45	47	55	59	106	#
224	865.883	0	3	4	7	12	13	14	30	38	39	54	60	61	106	#
225	840.434	4	10	13	21	25	32	35	41	46	52	53	59	60	106	#
226	839.884	1	4	6	8	12	23	25	26	27	48	51	57	58	106	#
227	792.856	6	9	15	16	21	37	41	42	43	48	52	58	59	106	#
228	984.877	0	8	9	12	21	26	27	30	31	32	35	41	44	48	49	59	61	107	#
229	1265.89	7	12	13	22	25	26	27	28	31	32	33	34	35	46	55	59	61	107	#
230	1245.49	0	4	5	6	12	23	25	32	34	35	48	49	51	55	58	59	63	107	#
231	1209.64	2	10	11	13	16	21	23	24	25	29	39	42	48	49	52	54	55	107	#
232	1083.56	1	3	6	7	9	11	14	23	24	28	29	31	42	47	55	57	59	107	#
233	1078.68	0	4	8	9	12	16	20	22	23	24	26	28	34	35	46	48	57	107	#
234	1167.51	0	1	3	6	7	10	13	14	16	17	20	21	23	35	38	40	45	47	50	51	57	58	62	108	#
235	1654.48	0	5	6	7	9	10	13	14	17	18	21	25	32	36	37	38	41	42	46	51	55	57	63	108	#
236	1529.12	0	1	3	4	7	9	12	14	15	16	18	20	24	28	38	41	49	52	57	58	59	61	63	108	#
237	1527.73	0	1	4	6	8	9	10	14	15	17	25	30	36	38	40	49	51	52	54	57	59	60	63	108	#
238	1521.87	0	1	2	3	5	7	9	10	11	13	16	17	18	20	41	43	46	47	54	55	56	60	61	108	#
239	1509.54	1	4	7	9	10	13	18	21	23	24	26	36	38	42	44	46	47	52	55	57	58	60	62	108	#
240	1748.12	2	11	15	20	21	22	26	28	30	31	33	37	38	41	46	47	48	49	52	54	56	58	62	109	#
241	1815.97	5	7	9	11	13	15	16	22	24	25	26	30	34	37	44	45	46	48	52	54	55	56	62	109	#
242	1715.56	5	8	12	14	16	21	22	25	30	32	34	35	36	41	42	45	49	54	55	57	58	60	63	109	#
243	1711.03	2	7	10	11	15	19	22	26	27	28	30	36	39	42	48	49	50	52	56	57	59	61	62	109	#
244	1673.2	4	7	8	10	13	16	20	21	22	25	26	28	29	31	34	35	39	41	46	49	52	56	61	109	#
245	1599.11	2	5	14	15	17	19	20	21	22	28	29	34	37	39	43	47	48	52	54	55	58	61	62	109	#
246	146.581	1	19	44	110	#
247	143.471	44	48	56	110	#
248	233.892	1	25	52	60	111	#
249	345.618	2	6	25	37	111	#
250	289.555	34	37	60	61	111	#
251	198.977	1	11	32	53	111	#
252	91.0682	17	21	41	52	111	#
253	70.112	0	8	50	#
254	15.2558	21	#
255	846.629	6	11	12	24	33	34	36	37	42	43	49	50	56	60	61	112	#
256	1141.27	2	6	9	10	11	13	17	28	32	33	44	47	50	59	60	112	#
257	1057.69	0	3	6	7	10	12	14	17	32	42	46	55	56	58	61	112	#
258	1027.02	7	11	13	14	18	23	24	32	33	38	42	46	47	51	55	112	#
259	1021.03	5	11	13	14	15	19	24	30	31	32	36	38	45	56	61	112	#
260	952.51	9	17	22	28	32	35	38	43	48	49	50	52	56	59	60	112	#
261	2662.39	0	1	2	4	6	9	10	11	12	13	14	17	19	21	22	23	24	25	26	28	29	30	34	35	36	40	41	42	44	45	48	49	50	51	52	53	55	57	59	60	61	62	63	113	#
262	3050.88	0	2	4	5	6	7	8	9	10	11	12	13	14	15	17	18	23	25	26	27	29	31	33	34	35	36	39	40	41	44	46	48	49	50	52	53	54	55	56	57	60	61	62	113	#
263	3050.58	1	2	3	4	6	7	9	10	12	13	14	15	16	17	19	20	22	23	25	26	28	29	30	32	33	34	35	36	40	44	45	46	48	49	50	52	53	54	57	59	60	62	63	113	#
264	3029.78	0	2	3	4	5	6	7	8	10	11	12	14	15	18	20	21	23	25	26	27	31	33	34	35	36	38	40	41	42	44	45	46	48	50	51	52	54	57	59	60	61	62	63	113	#
265	3020.06	0	1	2	3	4	6	7	10	11	12	13	15	16	17	20	21	22	24	25	26	30	32	33	36	37	40	41	42	44	45	46	48	49	50	51	52	54	57	59	60	61	62	63	113	#
266	2997.19	1	2	5	6	7	10	11	12	15	16	17	20	24	25	26	27	30	31	32	33	34	35	36	39	40	41	42	44	45	46	49	51	52	53	54	55	56	57	58	59	60	62	63	113	#
267	53.954	5	#
268	1016.34	6	10	15	22	25	28	33	35	40	42	44	46	47	48	52	56	60	61	63	114	#
269	1330.63	4	7	11	12	16	19	23	25	31	32	36	41	51	53	55	56	59	62	63	114	#
270	1275.03	3	4	5	7	11	12	14	22	24	29	40	46	55	56	57	58	60	61	62	114	#
271	1211.32	0	1	4	5	8	11	12	22	31	33	37	42	45	49	51	55	56	59	60	114	#
272	1174.17	0	4	12	15	19	26	28	29	42	44	49	50	52	54	55	57	59	62	63	114	#
273	1161.32	0	2	4	15	16	17	22	25	33	34	36	39	43	44	48	49	52	55	60	114	#
274	46.575	1	29	115	#
275	58.0231	0	29	115	#
276	112.345	1	62	116	#
277	157.576	11	62	116	#
278	599.661	1	11	24	32	43	48	56	59	117	#
279	663.305	4	8	13	24	46	55	58	62	117	#
280	647.233	2	11	15	16	23	24	32	41	117	#
281	559.828	1	4	16	34	40	47	52	59	117	#
282	526.397	11	24	32	45	49	51	59	62	117	#
283	496.05	1	14	26	31	37	50	56	59	117	#
284	77.9713	59	#
285	225.317	2	16	54	118	#
286	324.613	2	13	17	118	#
287	253.409	32	54	60	118	#
288	224.862	16	48	55	118	#
289	622.556	0	3	10	12	30	36	37	41	45	53	55	59	62	119	#
290	807.917	2	7	11	12	22	25	27	28	33	44	45	50	63	119	#
291	751.872	0	12	14	15	18	21	22	24	34	37	41	56	63	119	#
292	743.156	7	9	21	30	33	34	35	37	49	51	57	60	61	119	#
293	742.794	1	3	7	10	17	23	24	30	42	45	49	51	60	119	#
294	739.699	1	4	16	19	23	24	34	38	42	43	45	50	55	119	#
295	408.042	0	7	17	18	28	35	45	56	120	#
296	594.546	8	31	40	44	55	56	62	63	120	#
297	592.183	4	12	16	28	31	32	43	47	120	#
298	567.425	11	12	20	28	32	37	43	45	120	#
299	511.546	7	9	10	25	28	35	41	46	120	#
300	478.755	7	10	15	20	29	30	37	61	120	#
301	1629.07	0	2	5	8	9	10	14	19	26	28	29	31	32	33	36	37	38	41	42	44	46	49	53	55	59	62	63	121	#
302	2040.74	0	1	2	3	4	7	9	12	13	15	21	22	25	28	36	37	39	40	42	44	46	47	54	58	60	62	63	121	#
303	1879.46	0	1	2	3	4	7	9	12	14	18	21	23	26	27	29	31	32	37	39	46	47	48	53	54	60	61	63	121	#
304	1875.82	0	1	4	7	9	11	14	18	20	22	23	25	31	32	34	36	37	49	51	52	55	58	59	60	61	62	63	121	#
305	1870.08	0	1	2	3	4	7	9	10	12	19	22	26	27	28	31	32	36	37	39	41	45	50	53	57	58	60	63	121	#
306	1835.28	0	2	3	4	7	10	11	12	13	16	24	27	31	33	36	37	39	40	41	42	43	44	50	52	54	62	63	121	#
307	945.207	0	1	6	10	12	16	25	27	29	33	35	38	43	47	50	53	61	122	#
308	1141.71	0	6	7	10	11	31	32	33	35	37	38	41	42	44	50	54	59	122	#
309	1105.39	5	7	9	12	13	15	19	23	29	32	33	34	38	42	47	54	59	122	#
310	1014.96	13	16	17	26	30	33	38	39	41	42	47	53	54	58	59	61	63	122	#
311	988.116	5	7	9	14	15	16	20	22	23	29	32	37	50	57	59	60	63	122	#
312	944.614	4	7	10	12	13	14	16	30	41	46	48	49	50	51	52	53	57	122	#
313	231.746	10	14	39	63	123	#
314	269.498	10	17	19	34	123	#
315	232.071	17	29	36	63	123	#
316	195.062	3	10	32	39	123	#
317	184.372	3	14	44	51	123	#
318	101.764	3	8	44	124	#
319	92.9296	3	36	44	124	#
320	241.112	9	12	53	59	125	#
321	344.725	3	12	39	62	125	#
322	259.408	0	9	19	41	125	#
323	240.524	49	51	59	61	125	#
324	174.036	1	14	38	53	125	#
325	2295.33	0	1	2	4	5	6	7	8	10	11	12	13	15	20	21	22	23	26	28	29	31	32	34	36	38	40	42	44	46	50	52	54	56	57	58	59	60	61	62	126	#
326	2700.65	0	1	2	3	4	5	7	8	9	10	11	12	13	14	15	20	22	24	25	27	32	34	37	40	41	43	44	47	49	50	52	54	55	58	59	60	61	62	63	126	#
327	2579.33	0	2	4	7	8	9	10	11	13	15	16	17	20	22	23	24	25	26	27	30	32	34	35	37	38	40	42	43	44	49	52	53	55	56	58	59	60	61	62	126	#
328	2517.9	0	2	3	4	5	7	9	10	12	13	14	16	17	19	20	26	31	32	33	34	35	37	38	39	40	42	44	45	47	48	49	50	51	55	57	58	59	60	61	126	#
329	2483.85	0	1	2	4	7	9	10	13	14	16	17	19	20	21	22	24	26	28	29	32	33	34	35	37	38	41	42	44	45	46	47	54	56	58	59	60	61	62	63	126	#
330	2466.39	0	1	2	3	4	5	6	9	10	11	13	14	15	16	18	20	22	23	24	25	32	34	36	38	39	40	41	42	46	47	48	49	51	55	56	57	59	61	63	126	#
331	77.2306	16	#
332	1956.77	1	4	11	12	13	15	17	20	22	23	24	33	38	40	43	46	52	54	57	58	59	60	61	62	63	127	#
333	2075.43	3	4	7	12	19	22	23	26	27	32	33	34	36	41	43	47	48	53	54	55	57	60	61	62	63	127	#
334	2039.91	0	3	4	7	9	10	12	13	16	20	23	24	31	32	37	38	41	42	46	47	52	55	59	61	63	127	#
335	1990.71	3	4	7	10	12	15	22	24	25	27	32	36	40	41	43	46	47	48	49	50	52	54	55	62	63	127	#
336	1915.89	4	7	8	9	10	12	14	15	19	20	21	24	25	27	32	33	38	42	43	44	45	52	55	60	63	127	#
337	1906.2	0	2	3	4	7	8	10	11	12	14	18	20	22	24	28	32	34	38	49	51	53	54	58	61	63	127	#
338	93.6033	17	46	53	128	#
339	128.436	13	30	53	128	#
340	126.544	10	21	129	#
341	87.8272	10	35	129	#
342	50.2042	39	51	130	#
343	51.7848	0	51	130	#
344	2328.96	0	2	3	4	5	7	9	10	13	14	16	17	18	19	20	21	22	23	24	25	26	28	29	30	34	36	39	40	41	43	44	45	46	47	48	50	52	53	55	56	57	58	59	60	61	62	63	131	#
345	2654.35	0	1	2	3	4	7	9	10	11	12	14	15	16	17	18	19	21	22	24	25	26	28	29	32	33	34	35	36	38	39	41	43	45	46	48	49	50	51	52	53	55	56	57	58	60	62	63	131	#
346	2609.7	1	2	3	4	5	6	7	8	9	12	13	14	15	16	17	18	19	20	23	24	25	26	29	30	31	32	33	34	35	38	39	41	43	45	46	47	48	49	50	53	55	56	57	58	60	61	63	131	#
347	2605.98	0	2	3	4	7	8	9	10	11	12	14	15	17	18	19	20	21	23	24	25	27	28	29	30	31	32	34	35	36	38	41	43	45	46	47	48	49	50	52	53	56	57	58	60	61	62	63	131	#
348	2599.44	0	1	2	3	4	5	6	7	9	11	12	13	14	15	16	17	19	20	22	23	24	26	27	29	32	34	35	41	42	43	44	45	46	47	48	52	53	54	55	56	57	58	59	60	61	62	63	131	#
349	2597.74	0	3	4	5	6	7	9	10	12	13	14	15	16	17	20	21	22	25	27	28	31	32	34	35	36	38	39	41	42	43	44	45	47	48	49	50	51	53	54	55	57	58	59	60	61	62	63	131	#
350	73.1615	0	23	52	132	#
351	78.4194	29	30	52	132	#
352	52.1729	40	#
353	584.529	7	13	15	16	20	34	53	54	133	#
354	693.468	3	6	13	16	33	44	49	55	133	#
355	674.052	10	14	16	24	32	34	36	57	133	#
356	653.774	1	3	6	7	12	15	52	55	133	#
357	633.279	0	1	9	11	13	18	53	63	133	#
358	576.485	5	16	28	33	36	37	56	63	133	#
359	746.174	0	4	12	16	17	19	29	31	35	40	44	59	134	#
360	912.459	10	13	14	17	19	25	28	35	41	44	47	50	134	#
361	902.629	4	12	22	23	28	32	33	39	43	46	57	63	134	#
362	872.032	0	7	9	12	16	25	31	32	35	37	39	50	134	#
363	806.503	1	14	19	21	25	27	29	32	34	37	40	54	134	#
364	765.431	6	7	10	12	16	19	20	23	52	55	56	63	134	#
365	554.234	10	11	23	25	35	46	52	55	135	#
366	543.449	24	26	27	28	39	40	55	63	135	#
367	509.981	15	17	25	27	33	41	53	54	135	#
368	475.649	22	27	34	45	52	57	61	63	135	#
369	473.783	23	26	35	44	50	52	59	61	135	#
370	465.289	11	22	26	28	30	32	48	59	135	#
371	212.213	41	44	61	136	#
372	252.817	7	27	61	136	#
373	158.526	10	20	44	136	#
374	94.7708	41	51	57	136	#
375	1024.19	5	8	12	25	28	29	33	35	36	39	42	45	53	55	56	57	59	60	137	#
376	1190.66	2	4	5	8	11	13	15	17	22	28	33	39	41	42	49	50	56	58	137	#
377	1088.61	5	7	8	13	14	18	21	23	25	31	32	33	35	38	39	53	57	58	137	#
378	1044.42	2	5	8	13	14	20	24	25	35	36	46	47	49	51	52	58	59	60	137	#
379	1033.04	5	12	13	14	15	17	20	27	31	33	36	37	39	40	47	48	50	60	137	#
380	1019.82	5	6	9	12	17	23	24	25	29	33	37	39	45	50	55	56	60	62	137	#
381	1258.79	2	6	7	8	9	13	15	19	22	24	26	32	38	41	42	49	50	57	60	138	#
382	1154.45	0	3	7	8	15	16	24	29	31	33	34	37	39	41	50	54	55	57	61	138	#
383	1125.01	2	6	9	17	19	20	22	24	26	31	32	34	35	37	43	45	54	55	61	138	#
384	1098.55	1	7	10	11	12	16	17	19	21	22	26	29	30	33	34	46	50	53	62	138	#
385	1088.96	0	1	7	11	13	17	19	20	21	28	33	43	48	49	51	52	58	61	63	138	#
386	1078.09	2	4	11	12	15	17	22	27	29	31	33	39	40	43	51	57	59	60	61	138	#
387	100.279	41	53	139	#
388	112.71	53	56	139	#
389	93.4987	41	50	139	#
390	452.154	0	8	9	10	21	31	47	59	140	#
391	584.472	6	11	15	25	35	53	55	59	140	#
392	571.806	8	10	11	29	33	45	49	56	140	#
393	513.607	10	12	17	25	35	42	46	47	140	#
394	431.691	1	15	21	27	30	36	60	61	140	#
395	404.296	5	8	9	10	29	30	31	34	140	#
396	581.557	2	3	12	23	34	35	36	60	141	#
397	639.467	2	11	12	16	26	45	48	59	141	#
398	560.181	3	4	5	15	28	50	54	60	141	#
399	448.448	2	12	18	27	46	51	58	61	141	#
400	398.781	1	15	32	34	40	44	47	60	141	#
401	336.752	6	23	27	34	40	43	47	50	141	#
402	855.908	8	12	14	18	22	32	56	57	61	63	142	#
403	800.454	3	4	8	14	34	43	45	59	61	62	142	#
404	793.724	4	12	13	22	24	25	41	44	49	51	142	#
405	754.501	0	14	15	18	24	28	32	35	46	49	142	#
406	722.371	11	14	16	34	36	38	45	48	57	58	142	#
407	713.629	0	7	10	27	36	38	47	52	56	61	142	#
408	70.8213	4	#
409	1215.51	1	3	6	7	8	10	20	21	23	26	28	29	32	33	34	38	39	45	49	54	55	60	62	143	#
410	1419.2	1	4	5	6	7	8	10	11	12	13	17	18	25	26	33	35	38	41	53	54	57	61	63	143	#
411	1410.28	1	2	4	6	12	14	22	25	26	29	32	33	34	36	38	47	48	49	55	57	58	59	61	143	#
412	1362.68	0	1	4	7	8	12	13	17	25	26	31	34	35	36	37	48	49	52	54	55	56	61	62	143	#
413	1351.76	4	5	8	11	15	17	22	23	26	28	29	33	34	35	36	45	46	48	54	55	57	59	62	143	#
414	1308.24	1	2	3	7	9	10	11	13	14	18	29	32	35	38	39	46	47	48	55	56	57	61	62	143	#
415	563.183	1	10	12	23	48	50	61	63	144	#
416	544.298	2	3	12	13	23	47	50	55	144	#
417	493.172	1	2	10	15	17	21	25	55	144	#
418	458.058	5	9	11	12	17	37	43	52	144	#
419	425.286	1	5	6	13	17	18	26	59	144	#
420	389.735	0	5	21	32	34	35	53	63	144	#
421	699.231	6	7	11	26	35	41	50	54	62	145	#
422	789.604	3	8	12	15	26	32	34	54	62	145	#
423	738.774	1	10	17	34	54	55	56	61	63	145	#
424	593.475	1	4	11	12	20	26	45	54	57	145	#
425	555.559	2	5	11	15	25	27	29	35	50	145	#
426	536.679	7	12	19	25	28	39	40	52	61	145	#
427	559.043	1	8	16	17	33	39	40	51	53	56	58	62	146	#
428	762.563	0	2	4	17	26	34	35	44	45	56	60	61	146	#
429	683.994	0	2	8	14	18	23	32	38	39	45	56	58	146	#
430	672.753	0	1	12	16	21	34	38	39	51	56	58	63	146	#
431	642.822	7	11	14	18	19	21	22	33	34	35	37	51	146	#
432	582.146	8	12	14	29	31	32	37	40	47	53	59	62	146	#
433	101.993	14	#
434	1399.76	3	4	9	10	16	21	23	25	28	31	32	33	34	38	39	50	52	62	63	147	#
435	1383.44	2	10	14	18	23	26	28	29	33	38	40	48	50	54	57	58	59	62	63	147	#
436	1371.81	0	2	4	8	9	10	11	15	16	31	33	39	40	41	42	43	47	57	59	147	#
437	1318.59	4	7	8	10	12	13	16	21	22	23	26	28	34	39	46	52	54	57	63	147	#
438	1244.25	0	9	10	11	15	23	25	27	28	29	33	35	39	41	49	50	54	55	60	147	#
439	1236.74	0	1	4	9	10	14	15	21	27	31	32	39	42	44	45	47	50	55	57	147	#
440	92.9118	7	#
441	461.503	3	19	26	41	46	48	51	54	60	148	#
442	576.857	9	11	13	14	19	22	39	44	55	148	#
443	555.737	8	13	15	17	40	41	44	54	63	148	#
444	480.41	1	9	16	20	21	33	35	48	51	148	#
445	440.856	8	16	27	38	51	52	57	58	60	148	#
446	439.846	0	3	6	9	14	19	34	46	50	148	#
447	632.883	7	13	22	23	37	42	47	49	51	59	60	149	#
448	865.628	2	7	13	15	16	17	23	32	46	49	55	149	#
449	738.219	4	5	16	35	36	37	44	46	51	57	59	149	#
450	678.113	3	4	13	15	23	25	37	49	52	59	60	149	#
451	676.215	5	10	16	37	38	44	51	52	56	57	58	149	#
452	668.995	1	4	11	12	15	17	31	33	42	43	51	149	#
453	379.673	7	21	23	26	28	30	47	51	54	150	#
454	535.403	13	21	26	27	33	38	46	47	48	150	#
455	534.785	2	8	11	23	26	35	37	39	60	150	#
456	514.412	21	24	28	42	46	49	54	61	62	150	#
457	512.783	4	7	16	21	30	38	46	54	59	150	#
458	500.95	10	12	18	21	24	26	34	51	61	150	#
459	207.798	12	34	44	151	#
460	259.557	24	44	55	151	#
461	183.795	12	17	60	151	#
462	77.1429	34	39	47	151	#
463	215.796	10	39	42	58	152	#
464	231.684	3	39	47	59	152	#
465	224.454	10	29	34	44	152	#
466	197.147	19	38	58	60	152	#
467	112.946	22	28	35	42	152	#
468	1149.78	0	7	9	19	21	24	26	28	32	35	38	41	45	53	54	55	60	61	62	153	#
469	1301.14	0	5	6	10	11	17	28	29	30	32	33	37	39	45	47	48	54	57	59	153	#
470	1270.76	0	3	4	6	12	15	17	26	33	38	40	41	47	55	57	58	59	62	63	153	#
471	1262.22	3	4	7	11	12	15	16	18	22	26	27	30	33	38	39	45	47	55	63	153	#
472	1229.01	0	1	11	15	18	19	21	26	29	32	35	37	40	44	45	53	61	62	63	153	#
473	1222.88	2	6	11	14	17	18	20	21	26	34	36	40	42	43	45	47	54	55	61	153	#
474	2518.16	2	3	4	5	7	8	10	11	14	15	16	17	18	20	21	22	23	24	25	26	30	33	34	35	37	38	40	42	44	45	46	47	49	51	52	53	54	57	59	62	63	154	#
475	2636.02	1	2	4	5	6	7	9	10	11	12	13	14	15	16	19	20	22	23	24	25	26	28	29	30	31	33	35	38	39	43	45	51	52	53	55	57	58	59	60	62	63	154	#
476	2493.62	2	3	4	5	6	7	10	11	12	14	16	21	23	24	25	26	30	33	34	35	36	37	38	39	40	41	43	44	45	46	47	48	50	51	53	55	56	58	59	62	63	154	#
477	2467.6	0	1	2	4	5	7	8	9	10	11	12	16	17	18	20	23	24	25	26	28	29	30	31	33	34	35	36	37	39	40	43	44	46	47	55	56	58	59	61	62	63	154	#
478	2441.6	1	2	4	5	8	10	11	12	13	14	15	17	19	20	21	22	23	24	25	26	27	30	31	32	33	37	38	40	42	44	45	46	47	49	52	53	57	59	60	62	63	154	#
479	2420.99	0	1	2	4	5	7	9	10	11	13	14	16	19	21	22	23	24	26	27	30	31	32	33	34	35	36	37	39	41	43	44	45	50	51	53	54	55	59	60	61	62	154	#
480	358.719	15	17	53	63	155	#
481	367.09	8	11	53	63	155	#
482	271.07	7	10	28	53	155	#
483	209.356	15	29	45	48	155	#
484	77.7717	20	61	#
485	748.289	4	10	20	22	23	24	27	52	53	54	55	57	58	156	#
486	990.58	4	7	22	26	29	32	41	42	43	49	55	59	62	156	#
487	908.595	9	10	17	20	22	24	25	30	37	40	45	59	61	156	#
488	907.047	1	4	13	14	16	19	22	30	43	48	54	59	62	156	#
489	777.022	19	22	23	34	36	44	45	49	52	55	60	61	62	156	#
490	764.867	0	2	11	23	27	36	37	42	45	49	55	62	63	156	#
491	960.653	1	2	6	7	8	10	11	15	16	22	25	28	29	30	34	40	41	53	55	56	157	#
492	1166.33	1	4	6	7	11	14	16	21	22	23	25	26	27	36	39	46	47	49	62	63	157	#
493	1149.05	2	4	5	11	16	17	18	19	21	22	25	29	36	38	43	47	48	56	57	60	157	#
494	1142.57	4	9	12	16	19	22	24	26	28	29	32	36	37	40	42	44	49	52	55	60	157	#
495	1125.12	1	4	5	7	8	12	14	17	18	19	20	24	27	28	32	34	35	38	57	62	157	#
496	1114.67	3	9	14	15	19	20	23	25	26	28	30	36	38	41	42	43	47	57	58	63	157	#
497	214.071	2	27	41	158	#
498	153.465	2	23	47	158	#
499	126.244	9	21	27	158	#
