%% File generated by CATS v.2.1Thu May  9 12:39:29 2024

%% The CATS webpage is http://robotics.stanford.edu/CATS

%% PARAMETER SETTINGS:
% Goods: 64; Bids: 500; Distribution: arbitrary; Runs: 1; Seed: 76
% Arbitrary Distribution Parameters:
% Max Substitutable Bids = 5
% Removing HV Neighbor   = 0.1
% Adding DIAG Neighbor   = 0.2
% Additional Location    = 0.9
% Additivity             = 0.2
% Budget Factor          = 1.5
% Resale Factor          = 0.5
% Uniform Private Value:
%   Deviation            = 0.5
%   Max Good Value       = 100



goods 64
bids 501
dummy 93

0	276.283	2	3	31	58	64	#
1	328.161	2	26	30	56	64	#
2	325.904	3	31	48	55	64	#
3	296.521	15	16	21	58	64	#
4	257.626	3	13	36	60	64	#
5	86.1424	18	#
6	102.986	37	61	65	#
7	131.014	43	61	65	#
8	101.049	32	37	65	#
9	1141.05	2	6	7	11	12	17	18	20	24	25	27	29	31	33	38	43	46	50	62	66	#
10	1409.51	2	6	9	10	14	15	17	18	19	25	27	33	34	35	39	45	46	48	57	66	#
11	1387.92	2	6	7	12	15	21	26	27	28	30	31	34	35	39	41	46	50	52	62	66	#
12	1316.07	2	4	9	10	13	17	22	25	30	33	35	36	37	38	40	44	46	52	62	66	#
13	1297.85	3	5	6	9	13	15	16	19	22	24	27	28	29	33	39	41	46	54	58	66	#
14	1294.78	1	2	7	9	15	24	26	27	30	31	33	34	38	40	52	53	54	61	62	66	#
15	459.066	5	6	16	36	52	56	61	67	#
16	657.388	3	8	35	36	41	52	54	67	#
17	587.807	5	14	16	35	36	38	56	67	#
18	488.826	4	5	28	31	33	35	52	67	#
19	460.509	8	14	35	44	46	55	61	67	#
20	428.222	3	6	22	28	34	48	52	67	#
21	1856.17	5	7	8	9	11	13	14	15	18	21	23	26	27	28	29	30	36	37	41	42	44	48	51	52	53	54	55	58	59	61	62	68	#
22	2290.37	0	2	7	8	9	11	13	15	17	18	19	21	22	25	28	31	36	41	42	44	47	48	49	51	53	54	56	59	61	62	63	68	#
23	2259.54	0	2	7	9	13	14	15	17	18	19	21	22	24	25	26	30	35	36	39	40	41	44	45	48	50	52	53	54	56	58	62	68	#
24	2228.64	0	1	3	4	7	9	11	14	15	17	18	22	25	26	28	29	30	36	40	41	42	44	47	48	50	52	53	54	58	61	62	68	#
25	2223.39	0	1	2	4	7	9	11	14	15	17	19	21	22	28	29	30	31	35	37	39	44	45	47	48	49	50	52	53	54	58	59	68	#
26	2146.41	0	3	6	9	13	14	15	17	18	19	21	22	23	25	29	31	33	35	36	40	42	43	44	48	52	53	54	56	58	61	63	68	#
27	174.546	12	31	32	59	69	#
28	240.269	31	53	57	59	69	#
29	228.12	1	14	32	44	69	#
30	144.728	9	12	20	60	69	#
31	187.625	1	6	26	70	#
32	264.685	3	4	6	70	#
33	214.167	3	9	26	70	#
34	180.293	1	39	59	70	#
35	145.568	26	60	71	#
36	129.416	34	60	71	#
37	119.88	1	26	71	#
38	232.533	1	15	18	72	#
39	265.441	16	18	48	72	#
40	240.4	15	18	46	72	#
41	170.689	1	16	33	72	#
42	2076.16	1	5	7	10	11	12	14	15	16	17	20	21	22	26	27	28	30	32	33	36	38	39	40	41	42	45	46	47	48	49	50	51	52	54	57	59	62	63	73	#
43	2345.85	0	1	2	5	6	8	9	10	12	15	16	17	19	20	23	26	27	28	30	33	35	38	39	40	45	46	47	49	50	51	52	53	54	55	57	58	62	63	73	#
44	2323.28	0	5	6	8	9	10	12	15	16	17	18	19	20	23	24	26	27	28	32	33	35	36	38	39	40	44	45	46	47	49	51	53	54	55	57	60	61	62	73	#
45	2322.44	0	2	4	6	7	8	9	11	12	13	15	16	23	26	27	28	31	32	33	36	38	39	40	41	44	45	46	47	48	49	51	52	53	54	57	59	61	62	73	#
46	2315.5	0	2	5	6	9	10	11	12	15	16	17	19	20	21	23	27	30	32	33	35	36	38	39	41	44	45	46	48	51	52	53	54	55	57	58	61	62	63	73	#
47	2304.05	6	8	9	10	14	17	18	22	23	25	26	27	28	29	30	32	33	35	36	37	38	39	43	45	46	47	48	49	50	51	52	53	57	58	59	61	62	63	73	#
48	289.258	12	29	58	62	74	#
49	321.733	10	14	45	62	74	#
50	287.422	12	29	33	41	74	#
51	275.568	4	8	50	58	74	#
52	159.407	12	32	42	60	74	#
53	613.828	10	15	16	20	22	24	34	40	43	75	#
54	854.106	4	15	18	24	34	35	45	47	58	75	#
55	665.191	13	15	22	24	26	42	44	53	59	75	#
56	600.933	7	14	15	16	18	20	31	45	54	75	#
57	587.233	14	16	24	27	36	44	46	53	59	75	#
58	582.857	8	16	17	18	20	30	33	49	63	75	#
59	843.78	8	10	13	24	27	37	38	41	51	53	56	62	76	#
60	989.796	5	8	13	21	37	38	41	47	51	52	55	62	76	#
61	954.282	8	13	18	26	32	37	38	41	43	46	53	62	76	#
62	943.451	0	2	10	18	22	34	41	45	52	53	55	62	76	#
63	831.662	0	2	7	8	26	27	41	46	47	51	55	61	76	#
64	787.315	14	18	21	25	26	30	36	44	50	52	56	61	76	#
65	308.9	4	22	23	58	77	#
66	304.145	4	18	20	49	77	#
67	296.063	7	11	15	22	77	#
68	265.442	11	35	52	58	77	#
69	154.445	12	23	54	59	77	#
70	417.427	14	16	23	28	30	38	78	#
71	509.346	26	30	43	53	59	62	78	#
72	378.016	9	10	14	38	41	43	78	#
73	370.413	6	26	38	43	50	63	78	#
74	323.006	6	23	28	32	34	38	78	#
75	294.922	9	16	23	32	34	52	78	#
76	330.999	1	3	9	50	53	79	#
77	446.796	31	41	43	53	63	79	#
78	409.382	3	9	29	35	63	79	#
79	399.048	31	39	41	50	54	79	#
80	276.574	1	8	16	20	44	79	#
81	202.414	3	9	23	24	34	79	#
82	224.23	47	50	61	80	#
83	240.686	10	19	47	80	#
84	210.553	7	40	61	80	#
85	195.66	22	50	58	80	#
86	592.814	0	13	14	21	33	52	62	81	#
87	606.122	5	21	25	31	44	53	61	81	#
88	519.736	17	21	26	33	36	38	61	81	#
89	497.763	13	20	25	38	59	62	63	81	#
90	474.477	0	10	13	16	40	47	55	81	#
91	451.166	7	10	13	19	25	29	47	81	#
92	762.637	3	7	23	31	33	36	43	47	51	54	55	58	63	82	#
93	842.003	0	8	9	10	13	21	23	33	35	38	52	54	62	82	#
94	818.916	1	2	5	9	18	23	27	34	43	46	49	55	62	82	#
95	816.342	2	18	20	24	28	31	36	44	47	52	55	60	62	82	#
96	812.635	7	8	9	20	31	32	33	46	47	51	54	55	60	82	#
97	794.218	2	6	7	16	17	25	32	33	47	50	52	53	58	82	#
98	1355.89	4	8	12	15	16	20	21	22	25	29	30	35	36	39	44	46	48	49	50	56	83	#
99	1662.9	2	4	11	15	22	24	25	33	35	36	40	41	44	48	49	50	52	57	60	63	83	#
100	1462.85	1	4	8	12	16	20	24	28	31	33	34	35	36	40	41	50	52	60	61	62	83	#
101	1455.54	0	6	7	17	20	25	27	31	33	34	35	36	41	44	48	49	50	52	57	63	83	#
102	1427.94	4	11	12	18	21	24	25	26	34	35	36	39	40	41	42	44	50	52	57	60	83	#
103	1375.25	6	7	9	12	15	20	22	27	31	33	34	35	39	41	44	45	46	48	61	62	83	#
104	1079.1	2	3	4	5	7	9	12	13	17	18	22	25	37	39	42	48	51	53	58	59	61	84	#
105	1501.27	3	4	5	6	14	17	19	20	27	32	34	39	42	43	45	46	47	49	53	60	61	84	#
106	1485.04	0	1	3	13	14	17	19	22	26	27	31	32	33	35	41	48	50	53	57	60	63	84	#
107	1477.15	2	4	6	19	22	30	37	39	41	42	44	47	48	49	50	52	53	54	55	57	61	84	#
108	1417.69	8	10	13	17	19	22	25	26	27	30	31	33	35	37	39	46	48	52	53	55	58	84	#
109	1405.51	2	3	6	8	9	10	13	16	17	18	21	22	27	35	37	39	41	47	48	50	63	84	#
110	590.613	2	5	28	33	46	47	53	59	85	#
111	611.36	1	4	7	19	24	28	44	45	85	#
112	607.764	1	5	15	17	19	26	39	53	85	#
113	605.205	3	15	24	32	35	46	49	51	85	#
114	586.012	3	5	17	23	35	38	48	62	85	#
115	533.315	0	7	11	14	22	26	28	59	85	#
116	251.635	2	15	53	86	#
117	295.084	12	53	62	86	#
118	204.811	2	45	49	86	#
119	102.946	2	15	42	86	#
120	385.333	2	7	16	25	43	51	87	#
121	512.445	4	10	13	19	25	38	87	#
122	468.073	2	5	13	23	53	61	87	#
123	460.537	1	2	3	40	43	49	87	#
124	393.622	7	19	45	50	51	62	87	#
125	386.652	2	6	16	20	29	39	87	#
126	2799.02	0	1	2	5	7	9	10	12	14	15	16	17	18	20	21	23	24	25	28	29	30	32	33	35	36	37	38	39	42	43	44	46	48	49	52	53	57	58	59	62	63	88	#
127	3107.01	0	1	2	3	4	6	9	10	12	13	14	15	16	17	18	19	22	23	24	25	28	29	30	35	36	38	39	42	43	48	49	50	52	53	54	58	59	60	61	62	63	88	#
128	3087.38	0	1	2	3	4	6	9	12	13	14	15	16	17	18	21	23	24	25	28	29	30	35	36	37	38	41	42	43	46	48	49	50	51	52	53	54	58	60	61	62	63	88	#
129	3055.51	0	2	4	6	7	8	9	10	12	14	15	16	17	18	19	21	22	23	24	25	28	29	30	32	33	35	36	37	38	42	43	46	48	49	52	53	54	59	60	62	63	88	#
130	2984.36	0	2	4	5	6	7	9	12	13	14	15	16	18	21	22	23	24	25	28	29	30	31	32	33	36	37	38	41	42	43	45	46	48	49	52	53	54	57	60	62	63	88	#
131	2964.06	0	1	2	5	6	7	8	9	12	14	15	16	17	21	22	23	24	25	28	29	30	35	36	38	40	42	43	45	46	48	49	50	51	52	53	58	59	60	61	62	63	88	#
132	881.453	6	11	13	19	23	24	29	32	34	39	51	52	57	58	59	61	89	#
133	1309.61	2	4	10	15	16	19	29	30	43	47	50	54	57	58	61	63	89	#
134	1269.98	4	11	16	18	19	24	27	31	33	36	37	43	45	53	54	58	89	#
135	1266.57	2	4	11	13	15	23	24	29	36	41	43	45	47	57	58	59	89	#
136	1203.66	4	5	6	8	17	19	24	27	37	38	45	46	48	49	54	58	89	#
137	1184.21	2	3	7	10	13	16	17	24	30	32	40	45	46	51	54	61	89	#
138	657.324	9	10	27	29	35	40	46	47	49	90	#
139	741.334	6	13	15	34	35	40	46	47	63	90	#
140	723.38	1	6	10	19	29	35	49	51	63	90	#
141	672.549	3	6	10	16	19	29	32	43	62	90	#
142	665.463	3	10	15	16	27	31	35	41	55	90	#
143	648.88	1	5	25	35	44	46	53	56	63	90	#
144	140.289	6	10	34	91	#
145	133.947	6	30	60	91	#
146	1200.17	0	1	2	10	12	15	20	26	27	30	32	34	36	44	45	46	47	50	56	59	63	92	#
147	1533.53	0	1	3	7	10	14	15	20	21	23	25	32	36	38	39	44	45	47	48	52	53	92	#
148	1511.36	0	1	3	4	10	11	12	17	21	30	34	35	39	40	43	45	47	48	53	56	60	92	#
149	1421.23	1	2	3	7	12	17	19	21	24	33	36	40	42	43	44	46	47	48	49	50	56	92	#
150	1417.63	0	4	15	21	24	30	32	34	35	36	37	38	39	40	41	45	47	50	52	56	59	92	#
151	1412.75	4	5	7	8	15	17	19	20	25	27	36	39	40	42	45	46	47	48	50	56	60	92	#
152	116.4	40	56	62	#
153	2328.44	2	3	6	7	10	11	14	15	16	17	18	19	20	22	25	28	29	32	33	34	37	39	40	41	43	46	48	49	50	51	52	57	58	61	63	93	#
154	2584.02	0	1	2	4	7	9	11	14	16	17	18	19	22	25	28	30	31	32	33	34	35	39	41	45	46	49	50	53	57	58	59	60	61	62	63	93	#
155	2503.12	1	2	3	4	5	6	11	12	13	14	16	17	19	25	26	28	32	33	39	40	41	43	44	45	46	49	50	51	52	53	54	56	57	61	63	93	#
156	2460.95	2	3	4	7	8	11	12	13	16	17	19	22	23	25	27	28	30	32	33	34	37	39	40	41	42	45	46	48	49	50	51	53	56	59	61	93	#
157	2451.36	2	3	4	6	7	8	9	10	11	13	14	17	18	19	20	22	23	25	27	31	32	33	35	37	39	41	45	49	51	52	53	59	61	62	63	93	#
158	2440.6	1	3	4	5	7	11	12	15	16	17	19	20	22	24	28	32	33	34	35	37	39	41	45	46	48	49	50	51	52	53	57	58	61	62	63	93	#
159	1003.37	8	12	20	25	29	35	36	37	38	41	55	56	57	58	59	60	63	94	#
160	1400.74	0	1	2	3	10	12	18	24	27	28	33	35	43	48	53	62	63	94	#
161	1310.56	3	12	14	17	18	19	24	36	46	48	49	53	56	59	60	62	63	94	#
162	1265.22	1	3	5	8	10	14	15	17	29	35	38	40	43	49	54	56	63	94	#
163	1248.05	12	17	20	22	24	27	31	36	38	39	43	48	50	54	57	62	63	94	#
164	1199.43	0	5	9	12	15	16	18	24	29	31	44	49	52	58	59	60	62	94	#
165	1232.21	3	7	11	12	18	19	22	23	26	27	29	30	33	36	38	42	43	48	49	52	59	61	95	#
166	1596.26	0	2	6	7	10	13	18	21	22	24	27	31	32	45	48	50	51	53	54	56	57	63	95	#
167	1595.31	0	3	5	8	10	13	18	24	27	31	32	33	36	38	46	48	51	53	54	56	61	63	95	#
168	1586.12	0	5	6	7	9	15	19	22	24	25	28	29	31	32	34	36	45	46	48	53	56	61	95	#
169	1533.92	0	2	3	7	11	12	13	14	22	29	30	32	33	35	36	39	43	51	53	56	61	63	95	#
170	1521.23	3	5	6	9	11	12	13	18	22	24	26	29	30	34	36	38	41	45	53	54	61	63	95	#
171	1000.18	0	3	5	9	12	15	16	19	34	35	38	51	96	#
172	1111.5	0	3	6	16	18	19	20	25	29	32	35	53	96	#
173	1036.1	1	3	15	16	22	23	29	32	50	51	54	63	96	#
174	1025.94	6	10	12	19	22	33	34	35	37	50	54	63	96	#
175	997.041	1	3	22	25	30	32	35	43	50	54	58	63	96	#
176	972.962	4	7	10	13	15	23	24	27	33	35	45	50	96	#
177	135.857	7	46	97	#
178	123.408	37	46	97	#
179	773.417	1	3	5	16	19	20	24	26	27	42	53	54	56	57	60	98	#
180	1144.57	0	5	8	9	12	18	22	24	30	33	39	40	53	57	62	98	#
181	1081.15	0	3	12	14	18	30	31	33	35	36	50	52	53	54	55	98	#
182	1074.9	0	9	21	23	28	31	32	36	43	49	54	56	59	60	63	98	#
183	1050.11	9	12	17	19	20	23	24	25	28	31	35	36	40	41	62	98	#
184	1049.24	6	9	13	20	21	24	29	33	36	37	44	49	52	54	62	98	#
185	2282.18	1	2	4	5	6	8	9	11	12	13	14	17	20	21	22	24	25	26	27	31	34	35	36	37	38	39	40	43	44	46	49	50	52	53	54	55	56	57	58	59	60	61	63	99	#
186	2650.38	2	3	4	5	6	9	10	11	13	15	17	19	21	22	24	25	26	28	29	30	33	34	35	36	37	38	39	40	43	44	46	47	48	49	52	53	55	56	57	58	59	61	63	99	#
187	2638.44	3	4	8	9	10	11	12	13	15	16	17	19	21	23	24	25	26	27	28	29	32	33	34	35	36	38	39	40	41	44	46	47	48	49	50	52	53	54	56	57	58	60	63	99	#
188	2634.54	2	4	5	6	8	9	10	11	12	13	14	15	17	19	20	21	24	25	26	27	28	29	33	34	35	36	38	39	40	43	45	46	48	52	53	54	55	56	58	59	60	61	62	99	#
189	2625.53	2	3	5	6	8	9	11	13	14	15	16	17	20	21	22	24	25	26	27	29	30	31	32	33	34	35	36	38	39	40	43	44	46	48	49	52	53	54	56	58	60	61	63	99	#
190	2610.87	1	2	3	4	5	7	8	10	13	16	17	18	19	21	22	24	25	26	29	31	32	33	34	35	36	38	39	40	41	43	44	45	46	47	48	49	52	53	54	56	57	58	63	99	#
191	485.201	9	20	33	34	39	62	100	#
192	490.835	12	16	33	34	43	63	100	#
193	431.788	9	15	21	31	36	57	100	#
194	400.725	8	21	33	39	46	58	100	#
195	365.922	2	16	20	37	60	62	100	#
196	343.962	18	38	40	55	60	62	100	#
197	277.372	21	44	46	52	101	#
198	309.795	21	23	31	33	101	#
199	232.483	12	14	40	44	101	#
200	231.494	12	25	52	58	101	#
201	125.956	32	34	46	51	101	#
202	1498.65	1	5	7	13	17	21	22	26	29	32	34	39	40	43	44	50	60	61	62	102	#
203	1509.41	2	3	5	8	21	22	26	37	39	40	42	43	45	46	48	50	53	60	61	102	#
204	1467.5	1	2	9	17	19	20	22	25	34	35	39	48	50	54	55	60	61	62	63	102	#
205	1417.93	2	3	5	6	8	10	13	21	25	29	34	37	40	43	44	45	57	60	62	102	#
206	1403.13	3	5	10	13	15	17	21	33	35	39	40	42	44	45	48	49	50	51	54	102	#
207	1373.34	2	3	5	7	13	17	18	22	25	26	29	30	31	32	39	48	59	61	62	102	#
208	112.37	1	53	57	103	#
209	125.091	1	37	44	103	#
210	29.5007	52	#
211	51.6499	8	#
212	143.73	45	57	104	#
213	124.191	45	61	104	#
214	122.317	43	57	104	#
215	10.3031	30	#
216	298.594	2	21	40	51	105	#
217	278.479	6	20	21	58	105	#
218	260.212	18	20	40	42	105	#
219	185.229	2	3	6	12	105	#
220	184.393	14	27	45	51	105	#
221	458.251	3	15	19	20	24	106	#
222	416.752	19	24	29	45	61	106	#
223	412.164	3	17	19	23	59	106	#
224	390.296	4	9	18	20	46	106	#
225	327.806	1	3	10	32	57	106	#
226	274.212	0	2	15	26	60	106	#
227	774.037	0	6	17	25	32	38	40	46	48	56	60	107	#
228	879.786	0	11	18	22	27	47	54	55	56	60	62	107	#
229	798.589	0	6	22	24	28	29	32	34	47	49	61	107	#
230	779.118	2	4	6	13	15	18	22	34	47	54	60	107	#
231	777.071	0	3	4	13	16	17	38	40	44	58	61	107	#
232	749.993	3	10	22	24	30	38	40	46	47	56	57	107	#
233	200.91	5	25	108	#
234	218.954	5	54	108	#
235	532.422	17	18	20	23	37	42	48	57	59	109	#
236	710.419	0	5	26	28	36	44	48	52	54	109	#
237	684.868	15	17	18	20	26	37	48	53	56	109	#
238	645.168	21	23	35	48	51	52	56	57	59	109	#
239	624.358	13	18	32	33	41	46	50	54	55	109	#
240	597.982	5	6	14	20	25	26	37	38	51	109	#
241	136.705	6	7	#
242	991.302	3	8	11	19	32	39	41	42	43	44	47	49	55	59	110	#
243	1171.21	2	16	18	19	21	23	26	29	34	36	41	42	60	62	110	#
244	1157.51	2	4	7	8	12	19	21	23	29	45	53	55	59	62	110	#
245	1141.08	2	3	11	15	20	25	29	39	41	45	53	55	62	63	110	#
246	1136.27	3	4	5	8	10	14	19	21	23	25	34	48	56	60	110	#
247	1068.09	9	12	17	23	24	26	29	34	35	46	47	52	61	62	110	#
248	731.345	10	12	17	18	29	33	37	45	53	61	111	#
249	942.74	1	18	30	39	43	45	50	52	60	61	111	#
250	856.702	5	13	14	18	19	37	45	51	57	61	111	#
251	821.537	1	12	17	18	25	29	30	44	45	60	111	#
252	753.333	0	5	8	17	19	21	27	41	48	53	111	#
253	696.2	12	16	17	30	39	45	46	51	52	60	111	#
254	776.1	1	9	11	17	18	20	21	43	46	52	54	112	#
255	833.416	2	8	10	11	13	18	19	27	36	53	62	112	#
256	794.557	6	9	18	20	27	31	34	36	40	43	61	112	#
257	782.58	1	3	9	17	24	27	29	34	48	49	58	112	#
258	766.638	17	21	27	34	36	38	45	47	54	58	62	112	#
259	724.614	8	9	14	18	22	37	38	41	46	57	62	112	#
260	545.299	2	18	25	44	45	51	55	60	113	#
261	641.556	13	15	18	20	26	36	52	62	113	#
262	591.816	1	2	3	20	26	38	44	48	113	#
263	591.45	13	17	18	31	44	54	55	62	113	#
264	585.413	6	15	25	31	45	50	53	55	113	#
265	504.787	19	26	33	36	44	47	51	56	113	#
266	112.527	25	#
267	1032.45	3	4	6	16	18	19	36	43	46	48	50	51	56	114	#
268	1136.66	3	4	5	15	16	21	23	25	30	31	44	51	52	114	#
269	1039.93	0	5	18	19	25	35	40	42	48	50	52	54	60	114	#
270	1038.59	4	5	12	16	29	30	41	43	48	50	52	53	60	114	#
271	1021.4	0	15	25	33	38	39	40	41	46	48	56	58	60	114	#
272	986.246	0	4	5	13	15	16	18	29	31	33	46	50	56	114	#
273	687.161	12	13	15	17	21	27	31	39	49	51	52	115	#
274	992.585	0	4	13	18	21	34	39	44	45	48	53	115	#
275	947.892	0	18	19	22	36	39	45	49	56	61	63	115	#
276	913.053	0	4	24	32	39	49	51	56	61	62	63	115	#
277	850.735	0	2	8	12	15	17	23	45	60	61	62	115	#
278	838.59	4	10	19	21	22	25	27	39	40	62	63	115	#
279	1010.22	0	1	14	25	27	30	32	37	40	42	43	50	51	54	62	116	#
280	1224.55	5	18	21	22	25	29	33	34	35	38	40	46	51	54	62	116	#
281	1161.83	1	15	19	23	25	32	33	35	37	46	48	50	53	60	63	116	#
282	1136.05	1	5	14	22	24	26	29	30	32	33	34	45	53	55	62	116	#
283	1117.14	0	1	11	12	14	26	29	32	33	35	40	44	47	61	62	116	#
284	1101.42	1	2	3	9	11	14	22	33	34	35	40	44	49	54	60	116	#
285	570.905	6	9	13	17	29	35	46	56	63	117	#
286	788.252	6	11	15	18	21	26	35	36	37	117	#
287	693.108	9	12	15	21	33	35	42	61	63	117	#
288	660.519	14	15	17	20	25	34	35	42	48	117	#
289	656.51	3	6	21	28	29	35	36	56	57	117	#
290	639.175	6	8	12	18	21	35	36	46	56	117	#
291	442.823	6	9	11	16	38	42	50	52	56	63	118	#
292	653.6	2	10	11	17	32	34	37	45	50	59	118	#
293	602.355	1	4	16	18	27	35	36	45	48	54	118	#
294	589.89	3	9	22	25	35	38	45	54	57	59	118	#
295	586.299	13	14	16	37	38	44	50	51	52	58	118	#
296	563.847	7	26	33	34	35	50	56	59	60	63	118	#
297	1591.18	2	4	6	8	18	20	24	27	33	35	37	39	40	41	44	47	49	54	59	61	62	119	#
298	1692.37	2	4	9	14	16	20	21	24	32	33	35	38	41	48	49	51	52	54	55	56	62	119	#
299	1655.87	0	2	6	9	10	13	14	18	33	35	36	38	41	46	48	49	53	54	59	60	62	119	#
300	1590.4	0	2	6	8	10	21	28	33	34	35	36	39	41	43	45	46	49	54	57	59	62	119	#
301	1588.15	2	3	4	6	9	14	18	21	22	32	33	35	37	38	39	46	47	51	55	57	59	119	#
302	1540.07	2	3	4	7	8	9	17	21	22	27	31	33	43	44	45	48	49	51	53	58	62	119	#
303	63.0297	63	#
304	725.14	3	9	16	22	35	36	40	60	62	120	#
305	772.203	0	11	30	35	45	47	53	60	63	120	#
306	670.193	2	9	15	22	24	45	50	59	62	120	#
307	636.992	10	15	16	22	33	35	36	51	62	120	#
308	635.165	3	5	16	29	30	35	41	43	45	120	#
309	554.034	7	36	40	45	51	55	61	62	63	120	#
310	239.031	8	30	37	50	121	#
311	310.312	8	28	41	45	121	#
312	293.151	28	30	31	52	121	#
313	239.135	35	37	50	58	121	#
314	61.5475	56	#
315	88.7029	23	#
316	829.46	7	10	11	13	21	30	37	47	54	55	63	122	#
317	939.21	8	11	25	38	45	53	55	57	59	62	63	122	#
318	912.402	1	5	7	8	10	15	30	41	50	57	63	122	#
319	863.29	0	5	7	8	18	25	27	35	41	54	57	122	#
320	847.752	5	9	13	22	34	35	47	48	55	57	63	122	#
321	802.509	4	5	7	8	16	20	28	34	38	41	54	122	#
322	2164.29	0	3	5	7	9	10	12	16	18	19	22	24	25	30	34	36	37	38	39	40	42	48	49	50	51	52	53	54	55	56	59	60	61	62	123	#
323	2526	0	1	3	4	5	7	9	10	13	14	15	18	19	21	22	23	24	26	31	32	37	39	42	43	47	48	49	50	53	54	55	60	61	62	123	#
324	2447.46	0	3	4	5	7	9	10	12	14	15	18	21	22	24	25	28	30	31	33	34	39	41	43	45	48	49	50	51	53	54	55	56	59	60	123	#
325	2403.5	3	4	9	10	14	15	18	19	22	24	25	27	31	34	36	39	41	42	43	44	45	48	49	50	51	53	54	55	56	57	58	60	61	62	123	#
326	2363.28	1	3	4	5	7	12	14	15	17	18	22	24	25	28	29	31	34	35	36	41	44	47	48	49	50	52	53	54	55	58	59	60	61	62	123	#
327	2360.14	0	1	3	5	7	9	10	13	14	18	19	20	22	23	25	28	29	30	34	36	39	42	44	45	46	50	51	53	55	56	59	60	61	62	123	#
328	923.267	2	5	12	16	25	26	31	33	39	49	53	57	58	59	62	63	124	#
329	1121.34	1	2	9	16	24	26	31	34	39	41	43	45	47	50	53	60	124	#
330	1065.31	1	2	5	6	13	16	20	21	32	33	34	37	47	53	56	63	124	#
331	1052.19	4	5	9	13	17	18	20	23	24	30	32	34	35	53	56	63	124	#
332	1052.09	1	2	4	8	9	13	16	19	26	31	34	53	55	58	59	62	124	#
333	1031.72	6	9	13	16	18	19	22	31	33	37	43	44	50	53	55	57	124	#
334	142.449	6	8	50	125	#
335	174.029	1	8	46	125	#
336	320.696	19	27	36	45	126	#
337	339.56	30	36	48	61	126	#
338	326.592	15	19	50	51	126	#
339	173.077	8	27	50	55	126	#
340	171.66	6	45	51	59	126	#
341	776.929	0	5	22	24	31	44	48	50	53	59	127	#
342	834.194	0	25	27	28	41	44	48	49	52	62	127	#
343	767.28	5	8	9	25	26	27	45	47	59	61	127	#
344	730.023	9	16	26	27	31	32	37	48	53	63	127	#
345	729.436	0	6	24	25	29	31	33	53	60	61	127	#
346	728.716	10	16	18	25	29	47	49	53	56	61	127	#
347	748.868	3	5	14	18	21	23	25	34	37	38	54	58	59	63	128	#
348	1008.08	4	7	24	25	31	35	42	45	48	54	58	59	62	63	128	#
349	985.39	0	5	6	18	23	24	27	35	36	45	52	53	59	62	128	#
350	966.379	2	4	10	13	23	25	34	35	37	42	50	58	59	62	128	#
351	952.135	2	6	7	8	10	18	24	32	40	45	50	52	61	62	128	#
352	951.138	0	2	4	5	6	21	24	26	28	31	35	52	55	61	128	#
353	361.678	24	28	32	46	54	56	58	129	#
354	483.808	3	5	19	28	33	51	52	129	#
355	465.154	22	28	35	44	46	56	60	129	#
356	432.714	13	19	30	40	45	52	58	129	#
357	399.41	1	19	21	32	33	42	46	129	#
358	398.262	16	22	36	51	54	56	62	129	#
359	46.7506	60	#
360	558.938	1	10	16	18	19	38	39	50	54	58	130	#
361	781.813	2	5	10	19	25	27	38	40	53	61	130	#
362	764.16	2	3	4	5	19	36	50	53	55	58	130	#
363	733.926	3	10	14	19	27	40	46	52	61	62	130	#
364	647.199	2	4	10	11	16	19	52	54	55	58	130	#
365	638.723	1	2	10	12	26	27	40	45	58	62	130	#
366	1849.94	0	1	5	8	9	10	12	15	16	17	22	25	26	27	28	29	34	35	36	38	41	43	47	49	53	55	56	57	58	59	131	#
367	2384.06	0	2	5	7	10	12	13	14	15	17	21	22	24	25	26	28	29	35	38	39	41	43	49	52	53	57	58	60	61	63	131	#
368	2305.43	0	1	2	5	8	10	12	14	16	20	21	22	24	25	27	28	29	30	34	35	36	41	43	44	45	51	53	55	57	60	131	#
369	2291.88	0	7	10	12	13	14	15	16	19	21	24	25	27	29	30	32	34	35	37	38	41	43	44	45	49	52	53	56	57	63	131	#
370	2249.9	0	1	4	7	8	10	12	13	15	16	19	21	22	28	31	33	35	36	37	38	41	42	43	44	45	48	53	57	62	63	131	#
371	2245.88	0	1	5	7	8	12	13	14	15	16	17	20	21	22	24	26	28	30	32	33	35	37	42	48	49	53	55	57	60	63	131	#
372	534.651	15	18	22	39	50	63	132	#
373	517.844	7	15	39	43	48	50	132	#
374	449.159	4	18	21	22	39	56	132	#
375	387.598	23	27	50	55	58	63	132	#
376	364.403	0	1	8	22	46	56	132	#
377	320.757	1	18	50	51	53	58	132	#
378	242.375	28	40	53	133	#
379	269.734	28	41	53	133	#
380	199.082	20	40	53	133	#
381	181.498	21	33	55	134	#
382	257.978	1	2	21	134	#
383	198.03	2	47	55	134	#
384	151.885	5	33	58	134	#
385	752.759	0	6	13	22	30	49	52	53	55	60	135	#
386	958.611	0	2	4	12	13	24	35	41	44	60	135	#
387	853.794	0	3	4	11	12	18	22	59	60	62	135	#
388	738.097	0	2	3	13	16	33	40	42	43	49	135	#
389	707.439	2	4	6	12	28	30	36	44	46	52	135	#
390	688.312	4	5	6	18	26	30	44	47	55	56	135	#
391	225.781	8	9	12	18	54	136	#
392	242.303	0	12	40	51	60	136	#
393	235.496	7	8	11	19	54	136	#
394	215.447	1	6	9	26	44	136	#
395	346.615	6	14	15	32	137	#
396	384.426	16	19	32	53	137	#
397	286.065	10	14	16	61	137	#
398	265.463	6	32	54	62	137	#
399	238.87	15	30	51	55	137	#
400	964.05	3	11	12	17	18	19	24	33	36	37	39	40	45	46	51	138	#
401	1121.32	8	13	15	17	18	24	25	31	39	43	46	49	50	57	63	138	#
402	1101.27	3	8	19	24	25	29	32	33	36	37	39	45	46	49	54	138	#
403	959.747	3	4	11	17	21	29	30	33	35	42	46	54	56	57	63	138	#
404	952.083	2	8	19	20	22	24	25	28	30	35	37	39	40	46	59	138	#
405	951.101	3	11	12	15	25	26	28	40	47	51	53	54	56	57	63	138	#
406	1017.16	8	10	13	19	23	27	34	38	41	46	49	50	57	58	62	139	#
407	1106.29	0	3	19	22	23	29	31	32	34	35	37	38	46	48	54	139	#
408	1091.85	3	4	13	18	19	21	24	29	31	32	34	35	47	58	60	139	#
409	1015.08	1	8	10	11	26	27	32	35	41	44	47	48	50	56	62	139	#
410	1013.51	5	12	20	21	26	27	31	34	35	39	41	47	50	58	62	139	#
411	1013.4	0	3	8	13	14	17	27	37	41	48	50	54	55	58	63	139	#
412	1141	0	2	3	5	10	13	21	28	31	33	34	36	37	39	40	42	48	51	54	60	61	140	#
413	1471.81	2	4	6	8	12	13	17	21	23	25	26	30	31	32	41	46	47	48	50	53	61	140	#
414	1389.18	3	4	5	19	20	23	25	27	28	31	35	39	42	43	48	53	54	56	59	60	61	140	#
415	1375.56	0	1	4	5	8	11	12	14	21	22	23	26	28	32	35	36	48	53	59	61	63	140	#
416	1338.29	0	1	13	14	18	21	25	28	30	31	34	35	41	47	48	50	54	55	56	60	61	140	#
417	1333.39	0	3	9	13	15	19	23	25	31	32	34	36	37	39	40	46	47	53	54	55	60	140	#
418	137.656	10	41	141	#
419	139.34	10	52	141	#
420	129.325	19	41	141	#
421	105.871	50	#
422	642.952	10	15	24	34	36	37	40	45	49	56	57	58	142	#
423	947.699	2	5	6	13	15	18	22	23	24	36	53	57	142	#
424	930.221	2	17	18	22	31	36	37	45	50	56	57	62	142	#
425	928.111	13	15	17	18	19	22	23	31	34	35	36	37	142	#
426	905.439	3	10	19	20	22	25	34	37	43	54	56	62	142	#
427	905.126	2	5	10	19	22	24	30	35	37	38	39	43	142	#
428	174.331	10	39	40	51	143	#
429	247.074	8	45	51	58	143	#
430	230.945	6	10	56	62	143	#
431	865.197	0	5	7	8	9	11	12	24	30	39	40	54	56	58	144	#
432	1198.33	1	3	4	5	6	17	19	21	31	33	35	40	50	54	144	#
433	1155.89	4	5	11	18	19	22	23	24	33	41	42	46	53	59	144	#
434	1113.59	4	8	10	19	21	22	24	27	30	39	40	53	56	61	144	#
435	1067.79	0	6	7	11	12	14	17	21	23	33	35	41	54	62	144	#
436	1043.27	1	10	17	25	27	33	38	40	41	43	53	54	56	61	144	#
437	105.289	41	#
438	687.529	0	16	17	19	45	47	50	52	55	145	#
439	799.536	0	4	17	18	35	36	38	52	62	145	#
440	745.378	0	2	8	16	19	23	32	47	52	145	#
441	744.441	0	6	13	17	25	35	38	50	52	145	#
442	716.171	0	1	2	9	21	23	38	44	45	145	#
443	662.595	9	10	11	13	19	35	38	56	59	145	#
444	830.21	8	12	14	17	21	22	26	27	29	46	56	60	62	146	#
445	1149.47	8	14	15	21	26	33	35	41	43	45	50	58	60	146	#
446	1108.45	8	18	20	22	26	35	43	45	46	51	53	55	62	146	#
447	1089.3	0	8	10	18	22	25	28	41	45	52	53	54	62	146	#
448	1025.04	10	12	13	15	21	26	27	28	35	50	54	55	63	146	#
449	1022.57	12	15	16	25	26	35	41	46	52	53	56	60	63	146	#
450	1329.27	4	13	14	22	23	25	26	30	31	37	42	43	48	50	54	56	59	62	147	#
451	1461.19	4	10	13	24	25	26	28	31	34	40	42	45	47	48	52	60	62	63	147	#
452	1345.55	1	4	7	8	10	14	15	22	23	30	31	37	42	45	47	52	54	61	147	#
453	1317.25	12	14	15	20	21	25	26	28	30	31	37	40	44	45	47	53	61	63	147	#
454	1282.89	0	4	7	10	12	14	17	18	20	31	37	40	43	46	47	52	53	60	147	#
455	1257.19	4	6	13	19	20	23	26	31	34	37	40	44	45	50	52	53	56	61	147	#
456	150.127	32	36	51	148	#
457	201.659	32	36	48	148	#
458	187.605	28	43	51	148	#
459	187.153	0	6	32	148	#
460	1031.75	1	4	10	13	17	20	25	27	35	39	41	44	50	51	52	55	58	59	149	#
461	1435.1	4	11	13	19	20	22	24	26	29	35	36	39	42	45	50	52	55	61	149	#
462	1412.71	3	4	5	10	14	20	26	29	30	32	39	41	44	47	50	53	56	61	149	#
463	1362.55	4	5	13	14	15	19	23	30	33	34	39	41	42	44	48	50	59	61	149	#
464	1234.91	0	1	3	14	19	23	24	26	29	30	39	44	45	49	51	52	53	60	149	#
465	1212.35	10	11	17	20	22	24	26	29	32	33	35	41	43	44	51	52	53	55	149	#
466	1396.54	0	5	6	8	13	18	20	21	24	27	31	33	34	36	37	38	40	46	49	50	61	150	#
467	1648.14	0	3	5	8	13	14	15	18	20	21	26	33	36	37	38	45	46	50	57	61	63	150	#
468	1585.59	0	3	5	15	17	18	19	21	22	29	33	34	35	36	38	45	50	52	59	60	63	150	#
469	1583.89	0	3	4	8	10	15	18	20	21	23	28	33	35	36	37	38	40	45	46	50	60	150	#
470	1557.09	0	3	5	10	14	18	20	23	26	31	33	35	36	40	41	43	49	50	52	54	59	150	#
471	1554.05	0	3	5	8	17	18	20	21	23	27	28	35	36	38	40	41	43	45	50	56	59	150	#
472	1303.71	1	3	4	9	12	15	18	21	23	26	29	30	34	44	49	50	51	52	55	57	58	63	151	#
473	1672.32	0	2	3	4	7	9	12	15	16	19	23	24	26	29	31	32	35	43	45	47	51	55	151	#
474	1610.64	2	3	4	8	9	16	19	21	22	26	30	31	34	38	41	43	46	47	48	51	57	61	151	#
475	1599.14	4	5	7	12	13	14	16	19	22	31	33	35	37	45	47	48	49	51	55	57	58	63	151	#
476	1574.11	0	3	4	5	7	9	15	17	21	23	25	29	31	34	35	37	39	41	43	46	48	55	151	#
477	1561.44	0	2	3	18	19	21	22	24	29	32	33	34	35	38	39	45	47	48	50	51	54	55	151	#
478	74.5426	2	#
479	714.533	0	12	16	17	25	27	28	57	62	152	#
480	726.431	12	13	16	23	29	44	52	53	62	152	#
481	651.533	2	6	17	22	27	34	47	49	50	152	#
482	649.702	0	14	15	27	33	34	36	49	61	152	#
483	649.258	0	8	16	23	35	36	42	47	58	152	#
484	623.104	1	18	25	27	28	39	44	56	57	152	#
485	2081.18	1	2	4	10	11	14	16	17	19	21	23	24	31	32	35	36	40	41	42	43	46	47	48	50	52	55	58	59	61	62	63	153	#
486	2231.01	2	4	6	7	10	14	17	18	19	20	22	24	26	31	32	33	35	36	42	43	46	47	48	49	52	53	54	55	58	62	63	153	#
487	2169.9	2	5	6	10	14	17	18	19	20	21	22	23	24	29	31	32	35	36	41	43	48	49	50	51	53	54	56	58	61	62	63	153	#
488	2146.47	2	3	4	6	10	12	14	17	19	21	26	30	31	32	33	36	38	39	43	44	47	48	49	52	53	54	56	58	61	62	63	153	#
489	2145.33	4	6	10	14	17	18	19	22	26	30	32	35	36	39	40	42	43	44	46	47	48	49	50	52	53	54	55	58	59	62	63	153	#
490	2131.62	1	2	4	5	6	10	12	14	17	19	21	23	25	31	32	34	35	38	41	42	43	47	48	49	50	53	55	56	57	58	62	153	#
491	246.17	17	22	58	154	#
492	241.724	4	49	58	154	#
493	234.489	10	17	29	154	#
494	168.268	8	22	52	154	#
495	146.261	16	33	155	#
496	165.878	5	16	155	#
497	113.006	33	42	155	#
498	189.238	12	16	29	156	#
499	166.994	16	34	63	156	#
500	163.553	13	29	58	156	#
