%% File generated by CATS v.2.1Thu May  9 12:39:25 2024

%% The CATS webpage is http://robotics.stanford.edu/CATS

%% PARAMETER SETTINGS:
% Goods: 64; Bids: 500; Distribution: arbitrary; Runs: 1; Seed: 48
% Arbitrary Distribution Parameters:
% Max Substitutable Bids = 5
% Removing HV Neighbor   = 0.1
% Adding DIAG Neighbor   = 0.2
% Additional Location    = 0.9
% Additivity             = 0.2
% Budget Factor          = 1.5
% Resale Factor          = 0.5
% Uniform Private Value:
%   Deviation            = 0.5
%   Max Good Value       = 100



goods 64
bids 504
dummy 98

0	176.555	9	28	59	64	#
1	236.873	8	36	59	64	#
2	184.977	9	58	62	64	#
3	148.701	28	29	59	64	#
4	684.596	4	6	14	19	20	22	28	54	55	56	59	65	#
5	988.598	6	7	9	13	32	33	34	36	40	56	63	65	#
6	916.542	6	14	17	20	21	43	46	55	59	61	63	65	#
7	899.032	6	10	12	18	30	37	40	54	59	60	63	65	#
8	835.053	4	5	12	20	24	29	36	40	59	62	63	65	#
9	808.012	7	19	20	22	24	25	27	33	40	54	62	65	#
10	277.949	14	17	42	61	66	#
11	397.713	37	42	45	58	66	#
12	325.742	3	12	17	49	66	#
13	254.558	13	23	50	61	66	#
14	244.263	8	14	19	28	66	#
15	111.079	49	#
16	2615.74	0	2	3	4	5	6	7	8	10	11	12	13	14	16	18	19	20	22	23	25	26	27	29	30	31	32	33	34	35	37	38	39	40	43	46	48	49	50	51	52	53	55	56	57	58	59	61	62	63	67	#
17	2820.19	0	3	4	5	6	7	8	10	12	13	14	16	17	18	19	20	22	23	24	26	27	30	31	32	33	34	35	36	37	38	39	40	43	44	46	47	48	49	50	51	52	53	55	56	57	58	59	61	62	67	#
18	2777	0	2	3	4	5	6	7	8	10	12	13	16	17	18	19	20	22	23	24	26	27	30	31	32	33	34	35	36	37	38	39	40	41	42	43	46	47	48	49	50	51	53	55	56	57	58	59	61	62	67	#
19	2773.45	0	2	3	4	5	7	8	12	13	14	16	17	18	19	20	22	23	24	26	27	28	29	30	32	33	34	35	36	37	39	40	42	43	45	46	47	48	49	50	51	53	55	56	57	58	59	61	62	63	67	#
20	2771.53	0	3	4	5	6	7	8	10	12	13	14	16	17	18	19	22	23	25	26	27	28	30	32	33	34	35	36	37	38	39	40	41	42	46	47	48	49	50	51	52	53	55	56	57	58	59	61	62	63	67	#
21	2759.86	0	3	5	6	7	8	10	12	14	16	17	18	19	20	22	23	24	26	27	28	31	32	33	34	35	36	37	38	39	40	41	42	43	44	45	46	47	48	49	50	51	53	55	56	57	58	59	62	63	67	#
22	169.551	14	41	52	68	#
23	208.476	0	12	14	68	#
24	204.014	0	2	52	68	#
25	59.1351	43	#
26	239.352	29	41	49	69	#
27	260.484	15	43	49	69	#
28	250.177	11	41	54	69	#
29	116.672	29	31	56	69	#
30	977.803	7	11	12	15	20	22	24	27	28	31	32	34	43	52	59	70	#
31	1245.88	13	14	15	18	20	21	36	43	47	49	51	52	56	57	63	70	#
32	1138.01	0	4	11	14	20	24	25	27	30	31	32	39	51	59	63	70	#
33	1090.76	4	8	11	13	14	15	18	24	27	37	41	51	52	54	63	70	#
34	1041.46	0	3	4	6	8	15	24	29	34	43	49	52	54	59	63	70	#
35	1041.39	0	2	4	10	11	14	15	21	29	30	38	49	52	54	63	70	#
36	725.104	0	3	4	7	22	34	37	41	45	50	53	54	55	63	71	#
37	981.484	0	7	9	18	23	28	33	34	39	41	42	53	62	63	71	#
38	886.459	0	1	8	9	12	13	15	18	23	37	42	46	55	60	71	#
39	882.621	0	7	8	20	21	26	32	38	39	40	44	47	55	56	71	#
40	871.298	0	2	9	10	19	34	37	44	45	50	53	56	62	63	71	#
41	845.335	0	5	8	11	15	16	23	44	46	53	55	56	57	62	71	#
42	437.628	0	15	18	20	28	34	37	41	57	59	72	#
43	641.645	0	11	21	24	30	40	50	52	53	61	72	#
44	628.25	1	8	20	25	26	28	33	47	50	53	72	#
45	610.95	1	4	6	14	20	25	35	41	49	56	72	#
46	608.976	2	4	8	26	28	37	38	40	53	62	72	#
47	583.298	1	8	11	13	15	22	24	33	35	59	72	#
48	419.896	7	13	31	32	35	59	62	73	#
49	555.87	17	21	24	27	32	52	59	73	#
50	434.594	10	20	24	30	35	49	56	73	#
51	406.825	3	29	32	52	57	61	62	73	#
52	378.188	1	10	13	21	35	53	60	73	#
53	377.045	3	7	11	25	28	32	59	73	#
54	198.345	10	18	26	55	60	74	#
55	267.094	1	6	9	18	28	74	#
56	189.822	15	26	37	55	57	74	#
57	1037.5	9	10	13	19	20	21	22	27	28	29	30	43	47	54	55	75	#
58	1262.16	9	13	14	15	19	20	27	28	29	34	36	40	49	58	63	75	#
59	1086.98	8	13	14	19	20	21	22	28	29	30	34	36	43	44	58	75	#
60	1081.05	3	9	13	16	18	20	22	28	35	52	54	55	57	58	63	75	#
61	1058.16	4	8	9	10	11	28	29	31	40	41	44	46	55	56	58	75	#
62	1041	4	5	9	13	18	23	27	28	30	34	39	41	44	47	55	75	#
63	48.861	23	38	76	#
64	63.5689	23	36	76	#
65	81.5248	14	#
66	295.117	1	39	51	58	60	77	#
67	429.81	39	45	51	53	58	77	#
68	363.376	3	39	52	53	58	77	#
69	342.216	27	29	36	45	60	77	#
70	327.415	1	36	39	44	55	77	#
71	290.424	14	23	32	39	58	77	#
72	654.597	0	13	21	22	31	44	46	53	55	78	#
73	667.906	1	13	32	36	41	44	47	57	60	78	#
74	660.422	0	11	13	19	21	22	35	37	47	78	#
75	655.264	21	26	27	35	43	46	54	57	61	78	#
76	600.728	9	11	15	19	31	43	46	52	54	78	#
77	599.646	9	14	17	19	35	39	44	47	60	78	#
78	271.201	15	42	51	52	55	79	#
79	342.816	7	8	16	35	42	79	#
80	325.969	6	7	36	43	51	79	#
81	258.716	23	25	26	32	55	79	#
82	214.226	0	2	15	42	43	79	#
83	91.7734	3	14	26	41	52	79	#
84	877.542	5	9	11	12	15	17	20	25	26	29	48	52	53	57	62	80	#
85	1043.91	4	5	12	17	20	24	27	35	37	39	44	49	57	61	62	80	#
86	940.702	4	5	6	9	11	19	29	41	42	47	51	52	58	62	63	80	#
87	913.213	4	7	9	12	14	19	21	26	42	43	44	48	51	53	54	80	#
88	902.857	4	7	9	11	12	13	16	18	29	31	42	44	52	53	61	80	#
89	894.413	8	9	10	11	12	13	15	17	35	37	44	46	48	59	60	80	#
90	304.477	37	47	60	81	#
91	367.42	8	37	51	81	#
92	289.322	20	47	57	81	#
93	199.308	13	50	60	81	#
94	647.035	2	6	13	18	25	28	45	46	52	57	61	82	#
95	786.63	3	13	17	21	27	36	41	48	60	62	63	82	#
96	783.536	13	17	25	32	38	40	45	46	57	60	63	82	#
97	776.748	13	18	30	31	33	34	36	37	40	52	60	82	#
98	760.044	1	2	17	27	28	31	41	42	50	57	63	82	#
99	700.663	1	2	11	21	32	41	45	46	52	56	57	82	#
100	323.641	3	7	25	32	36	44	61	83	#
101	483.545	0	4	21	33	39	44	50	83	#
102	377.164	9	18	25	29	44	50	62	83	#
103	355.29	7	14	24	28	29	36	56	83	#
104	313.586	4	7	12	21	26	28	53	83	#
105	271.313	11	22	36	38	55	56	61	83	#
106	1800.9	0	1	2	3	9	10	13	14	15	17	23	24	32	33	34	36	37	42	45	46	48	50	54	59	63	84	#
107	2090.24	0	3	6	7	9	12	13	15	20	21	27	29	32	36	38	42	45	48	49	50	52	54	56	61	63	84	#
108	2028.16	3	6	7	9	10	12	13	14	15	16	24	36	38	39	42	43	45	46	47	48	50	53	54	59	61	84	#
109	1939.19	1	6	7	9	12	14	15	17	21	24	27	28	32	33	36	43	44	45	46	47	48	50	59	61	63	84	#
110	1839.59	1	5	6	7	9	10	11	12	13	15	17	18	20	22	27	36	37	38	42	45	47	48	59	61	62	84	#
111	1838.86	1	2	3	4	6	9	10	11	18	20	24	29	32	36	37	38	42	43	45	46	47	49	50	61	62	84	#
112	1004.86	0	1	4	6	12	13	14	16	18	19	22	38	46	54	57	59	62	63	85	#
113	1347.65	5	6	7	8	10	12	19	20	23	30	31	32	33	40	46	54	62	63	85	#
114	1273.62	1	6	12	18	32	33	35	39	40	45	48	49	54	55	59	60	61	62	85	#
115	1260.63	0	6	7	8	14	19	20	25	30	32	33	40	45	49	55	58	59	60	85	#
116	1257.4	1	2	11	13	16	18	20	31	32	33	38	40	45	47	49	51	57	63	85	#
117	1244.29	0	1	2	6	8	12	14	15	19	22	24	33	38	40	45	54	61	63	85	#
118	100.081	7	38	41	86	#
119	142.74	30	38	52	86	#
120	123.173	5	7	37	86	#
121	788.817	9	17	27	42	44	47	52	62	63	87	#
122	715.043	0	12	17	22	33	42	47	53	58	87	#
123	706.696	2	4	17	35	38	40	42	52	63	87	#
124	705.424	1	14	33	39	42	44	46	51	58	87	#
125	663.288	9	12	19	28	33	46	47	52	62	87	#
126	659.921	7	11	15	22	27	40	47	54	60	87	#
127	561.902	3	5	8	13	40	50	51	57	58	88	#
128	742.298	13	21	34	35	36	45	48	55	56	88	#
129	715.393	6	24	35	36	43	45	51	53	62	88	#
130	642.113	5	8	10	12	33	34	40	55	62	88	#
131	609.447	6	23	33	35	39	43	50	53	61	88	#
132	548.13	3	8	26	30	44	51	54	55	61	88	#
133	120.214	10	55	89	#
134	177.185	10	58	89	#
135	9.8594	55	57	89	#
136	1303.89	0	1	2	3	7	12	16	21	22	23	24	26	27	29	34	36	38	40	45	48	49	51	53	54	55	57	59	60	90	#
137	1949.76	3	4	6	8	9	11	14	17	18	20	21	24	27	28	29	34	35	38	39	40	41	44	47	48	50	51	61	62	90	#
138	1915.86	0	3	4	7	8	9	12	15	20	24	27	29	35	36	38	39	41	45	46	49	51	54	55	57	58	59	60	63	90	#
139	1891.35	0	3	6	9	11	14	16	17	19	21	24	26	34	35	36	38	40	44	47	49	51	52	55	56	58	59	61	62	90	#
140	1875.74	3	6	8	9	11	12	13	15	17	18	21	22	24	27	28	34	35	36	38	41	43	45	48	50	53	57	60	63	90	#
141	1871.93	2	4	6	8	9	11	12	17	18	21	23	24	26	27	31	36	39	41	44	48	49	50	51	52	54	57	58	62	90	#
142	363.631	1	2	5	12	16	19	28	41	91	#
143	499.667	12	18	23	33	42	43	53	56	91	#
144	450.727	5	14	22	29	36	47	48	52	91	#
145	441.939	5	14	16	18	19	42	44	51	91	#
146	410.327	2	19	23	27	28	50	53	61	91	#
147	392.976	1	15	18	28	46	53	55	61	91	#
148	1230.54	1	2	4	5	24	25	29	31	35	38	39	42	44	49	50	51	54	58	59	61	92	#
149	1619.14	1	5	12	14	16	27	29	30	31	32	33	35	39	43	46	49	53	54	58	61	92	#
150	1566.2	5	16	24	27	29	33	35	36	38	39	42	44	47	49	52	53	54	57	58	62	92	#
151	1542.72	1	9	12	15	17	18	29	30	31	35	39	42	43	45	46	47	54	58	60	61	92	#
152	1480.05	5	12	16	17	20	27	29	32	35	36	38	43	44	46	53	54	55	56	58	59	92	#
153	1476.15	0	1	7	16	18	27	31	33	35	39	40	43	44	46	47	52	53	54	58	59	92	#
154	178.253	4	19	42	57	93	#
155	199.836	5	6	45	57	93	#
156	191.609	4	9	60	62	93	#
157	432.717	17	23	27	38	42	94	#
158	382.112	17	20	23	34	62	94	#
159	337.219	1	19	27	28	37	94	#
160	291.583	4	29	42	45	61	94	#
161	282.279	2	13	38	50	60	94	#
162	265.398	7	22	23	38	63	94	#
163	216.347	8	50	95	#
164	175.923	8	34	95	#
165	173.654	38	50	95	#
166	139.296	30	#
167	233.119	6	16	37	59	96	#
168	329.209	37	43	48	56	96	#
169	251.744	6	25	38	43	96	#
170	99.1167	0	2	16	33	96	#
171	99.2945	1	14	24	27	31	33	#
172	1209.87	3	5	7	23	28	29	30	37	40	41	42	45	50	51	53	62	97	#
173	1176.9	2	5	6	7	11	12	30	36	39	42	45	47	48	56	59	62	97	#
174	1172.19	1	2	3	4	5	7	11	23	33	36	37	39	41	42	45	50	97	#
175	1140.88	2	3	8	16	21	22	28	30	35	37	39	40	41	45	48	52	97	#
176	1137.23	0	5	13	23	27	30	36	37	39	41	42	44	49	54	56	57	97	#
177	1114.96	1	3	13	22	27	28	29	31	32	36	37	39	40	53	54	56	97	#
178	2503.72	0	1	2	3	6	7	8	14	18	19	21	22	24	26	29	31	32	33	34	35	36	38	39	40	41	42	44	45	48	49	50	51	54	55	57	60	61	98	#
179	2697.21	1	5	6	7	8	12	13	16	17	19	21	22	24	27	29	32	33	34	35	36	38	39	40	42	44	45	46	48	49	50	51	53	54	55	57	60	61	98	#
180	2608.37	2	7	8	17	18	19	20	21	24	26	27	28	29	30	31	32	33	34	36	38	39	41	42	45	46	48	49	50	51	53	54	55	57	59	60	61	62	98	#
181	2566.58	1	2	3	5	6	7	8	13	15	16	17	19	20	21	22	23	24	26	27	29	30	32	35	36	39	41	42	46	48	50	51	53	54	55	61	62	63	98	#
182	2551.28	0	1	6	7	8	12	14	16	17	18	19	20	21	23	24	26	27	29	30	31	33	34	35	36	38	39	41	42	45	47	49	50	53	55	57	60	61	98	#
183	2548	1	6	7	8	10	16	18	19	20	22	23	24	29	30	31	32	33	34	36	38	39	41	42	43	44	45	46	48	49	50	51	53	55	57	60	61	62	98	#
184	850.136	4	7	16	18	24	32	35	38	52	54	57	59	60	62	99	#
185	1079.18	0	2	6	24	27	29	36	38	39	47	54	56	62	63	99	#
186	1071.98	3	6	22	25	29	31	32	35	38	44	47	51	57	62	99	#
187	1006.3	2	4	6	19	22	32	36	38	41	47	51	59	60	62	99	#
188	1003.92	1	2	14	16	19	21	34	35	36	39	46	49	58	62	99	#
189	979.728	0	5	11	20	31	32	34	40	45	49	50	51	57	62	99	#
190	36.083	19	#
191	250.748	37	44	55	100	#
192	262.007	37	46	53	100	#
193	239.913	10	44	51	100	#
194	181.183	44	55	62	100	#
195	1470.18	0	2	12	13	16	19	20	21	23	24	28	29	30	32	34	38	46	49	52	53	56	58	60	101	#
196	1553.99	0	3	9	10	12	13	18	21	23	28	29	30	31	33	35	36	42	43	46	47	49	52	53	101	#
197	1501.03	0	2	3	6	11	13	19	20	24	30	32	33	37	38	43	44	46	47	49	51	53	56	59	101	#
198	1472.69	0	2	3	17	18	19	21	23	24	28	30	32	37	38	39	46	47	49	53	55	56	59	62	101	#
199	1472.51	2	3	6	9	11	13	15	17	19	21	28	29	30	33	35	38	46	47	52	53	56	60	62	101	#
200	1427.5	0	1	2	6	9	12	14	16	21	23	30	32	33	35	38	42	45	47	49	54	57	58	60	101	#
201	428.622	6	11	18	19	25	29	32	43	102	#
202	579.652	5	11	19	23	46	48	54	61	102	#
203	574.167	1	25	39	42	45	50	56	63	102	#
204	540.035	1	29	32	33	46	51	56	63	102	#
205	512.337	12	17	18	19	28	31	42	52	102	#
206	498.779	1	17	28	32	34	51	55	58	102	#
207	71.5645	0	22	103	#
208	28.9117	0	57	103	#
209	366.879	2	13	14	15	46	104	#
210	359.432	25	39	46	59	62	104	#
211	353.015	8	14	23	46	58	104	#
212	341.407	7	13	22	41	46	104	#
213	249.884	2	27	50	53	60	104	#
214	225.515	2	15	18	38	43	104	#
215	208.139	0	1	30	60	105	#
216	295.511	6	8	30	52	105	#
217	126.217	0	27	28	45	105	#
218	96.6878	1	18	38	48	105	#
219	308.901	1	13	41	55	59	106	#
220	444.303	9	10	13	51	55	106	#
221	433.164	10	12	42	43	59	106	#
222	259.944	13	26	27	41	49	106	#
223	229.974	1	18	35	42	57	106	#
224	595.505	3	9	22	25	31	38	39	41	50	55	107	#
225	773.931	4	15	30	36	37	45	50	52	55	62	107	#
226	733.391	5	15	19	27	30	36	46	50	62	63	107	#
227	732.995	0	8	27	28	29	30	31	38	47	62	107	#
228	720.97	9	17	22	23	35	51	52	54	57	62	107	#
229	687.961	3	23	25	27	30	37	38	57	61	63	107	#
230	157.559	3	15	28	38	108	#
231	226.437	3	15	32	60	108	#
232	189.461	7	19	38	50	108	#
233	73.2856	17	19	28	43	108	#
234	2905.15	0	1	2	3	6	7	8	9	10	11	12	15	16	17	18	19	20	21	22	23	24	25	26	27	28	30	31	32	33	34	35	36	37	38	39	40	41	43	45	46	48	49	51	53	54	55	57	62	109	#
235	3192.27	2	3	5	6	7	8	9	10	11	12	15	16	17	18	19	20	21	22	23	24	25	27	28	30	31	32	33	35	36	37	38	39	40	41	42	43	45	46	48	49	50	51	53	54	55	57	58	62	109	#
236	3178.51	2	3	5	6	7	8	9	10	11	12	13	15	16	17	18	19	20	21	22	23	24	25	27	28	30	31	32	34	35	36	37	38	39	41	42	43	45	46	48	49	50	51	54	55	57	58	59	62	109	#
237	3177.27	1	3	5	6	7	8	9	10	11	12	13	15	16	17	18	20	21	22	23	24	25	26	27	28	30	32	35	36	37	38	39	40	41	42	43	46	47	48	49	50	51	54	55	57	58	60	62	63	109	#
238	3128.95	0	2	3	6	7	8	9	10	11	12	13	14	15	16	17	18	19	20	21	22	23	24	25	27	28	30	31	32	36	37	38	39	40	41	42	43	45	46	48	49	50	52	54	55	57	58	62	63	109	#
239	3075.63	0	2	5	6	7	8	9	10	11	12	15	16	17	18	19	20	21	22	23	24	25	27	28	30	31	32	35	36	37	38	39	40	41	42	43	45	46	48	49	51	53	54	55	57	58	59	60	62	109	#
240	96.1924	1	10	110	#
241	101.251	1	7	110	#
242	163.574	37	59	111	#
243	209.036	30	37	111	#
244	105.306	56	59	111	#
245	94.5689	9	#
246	916.589	0	1	2	11	15	17	18	21	29	31	34	41	46	48	50	55	58	59	61	112	#
247	1339.56	0	1	10	12	20	24	25	30	31	32	34	36	39	40	45	49	51	54	61	112	#
248	1310.31	4	8	10	11	24	30	32	34	35	36	37	38	41	46	47	48	56	59	61	112	#
249	1309.89	7	8	11	12	15	17	18	21	23	29	30	33	35	39	41	45	55	56	61	112	#
250	1280.83	0	1	2	6	7	8	15	16	18	19	23	30	36	37	38	45	49	51	58	112	#
251	1257.21	0	2	8	10	13	16	17	18	20	21	26	32	35	36	41	45	47	51	57	112	#
252	326.517	8	11	12	13	18	59	113	#
253	465.473	0	13	20	40	44	50	113	#
254	446.342	5	11	13	18	42	63	113	#
255	350.21	1	12	30	46	54	56	113	#
256	339.469	8	10	11	23	45	58	113	#
257	319.804	16	19	20	37	43	59	113	#
258	1413.54	8	9	16	17	21	25	27	28	29	32	35	39	45	48	49	53	55	56	57	59	63	114	#
259	1746.46	0	8	9	12	15	20	21	27	28	29	32	33	34	40	45	49	51	52	61	62	63	114	#
260	1602.88	3	8	12	20	22	27	28	31	33	36	38	39	40	43	45	49	53	54	55	59	61	114	#
261	1561.05	2	3	7	10	11	15	21	22	26	27	33	34	36	39	40	41	43	49	50	51	54	114	#
262	1485.2	0	3	5	11	17	29	31	34	35	38	39	40	43	45	48	49	51	53	57	58	62	114	#
263	1480.17	0	4	14	16	20	21	26	27	28	33	38	39	43	45	48	49	50	51	54	59	62	114	#
264	76.9499	45	#
265	245.526	2	19	35	57	115	#
266	302.422	47	54	57	62	115	#
267	283.157	19	32	33	47	115	#
268	282.39	24	34	35	38	115	#
269	194.779	2	13	53	57	115	#
270	322.997	7	11	28	33	49	116	#
271	369.877	7	21	26	46	54	116	#
272	360.651	3	22	33	47	56	116	#
273	289.117	11	20	23	28	29	116	#
274	254.859	11	37	41	56	57	116	#
275	227.445	7	26	32	49	53	116	#
276	569.565	9	16	25	26	27	31	32	34	43	57	59	60	63	117	#
277	796.242	0	1	23	24	25	27	30	40	44	45	47	55	63	117	#
278	778.084	9	13	15	16	23	24	27	31	38	42	43	46	50	117	#
279	768.032	10	15	16	18	20	23	25	29	32	33	46	50	59	117	#
280	720.334	16	17	19	23	24	31	33	40	42	45	60	62	63	117	#
281	687.479	0	2	9	11	12	18	20	23	25	26	34	45	60	117	#
282	928.972	6	11	20	21	27	29	42	44	47	57	58	62	63	118	#
283	1005.03	2	10	21	23	27	30	33	36	44	46	49	50	54	118	#
284	961.394	1	3	7	26	27	33	40	46	48	49	50	58	62	118	#
285	951.735	6	11	23	29	42	44	48	49	50	57	58	61	62	118	#
286	850.722	7	10	11	16	23	26	44	49	51	54	55	56	62	118	#
287	833.135	6	10	19	20	26	27	32	33	40	41	53	57	62	118	#
288	419.471	5	8	30	39	46	119	#
289	398.366	2	13	30	32	36	119	#
290	382.082	12	33	46	48	59	119	#
291	381.103	5	30	35	55	61	119	#
292	257.697	35	39	52	53	58	119	#
293	233.306	4	8	22	23	55	119	#
294	1154.39	0	2	3	12	13	21	23	26	28	32	33	38	41	42	50	52	55	59	60	61	62	120	#
295	1560.22	0	5	11	13	16	21	30	34	38	39	42	44	48	49	50	51	56	58	59	60	62	120	#
296	1379.23	0	4	5	11	13	19	24	33	34	36	38	39	42	48	53	55	56	57	59	60	62	120	#
297	1350.65	4	11	13	20	23	31	32	33	34	36	41	42	45	49	55	56	58	59	60	61	62	120	#
298	1334.88	4	5	11	19	21	22	25	30	31	32	33	34	38	39	40	49	53	54	55	59	61	120	#
299	1305	0	5	13	14	18	22	24	25	31	38	40	42	44	49	50	51	53	55	59	61	62	120	#
300	146.967	25	29	59	121	#
301	201.799	18	29	36	121	#
302	155.865	0	45	59	121	#
303	92.0078	19	36	122	#
304	59.1207	15	36	122	#
305	766.356	4	7	21	24	33	34	39	40	41	49	59	62	123	#
306	950.925	2	12	13	15	20	24	36	46	47	48	49	50	123	#
307	887.684	1	7	15	30	34	39	40	47	49	56	59	62	123	#
308	798.167	1	3	4	12	33	34	40	46	47	48	58	62	123	#
309	781.994	10	19	22	24	30	40	43	48	49	58	62	63	123	#
310	776.97	19	20	21	24	27	34	40	44	49	59	60	62	123	#
311	141.076	16	25	49	124	#
312	177.902	16	49	57	124	#
313	154.036	25	32	37	124	#
314	139.468	10	16	53	124	#
315	201.089	52	59	62	125	#
316	224.97	29	52	56	125	#
317	222.159	5	20	62	125	#
318	161.188	52	59	61	125	#
319	1001.7	0	16	20	21	22	25	33	37	41	42	46	49	50	53	56	58	59	126	#
320	1223.54	0	4	6	7	10	12	13	17	31	33	35	41	42	50	51	53	56	126	#
321	1183.87	7	13	19	20	23	31	33	40	41	49	50	51	55	60	61	62	63	126	#
322	1178.52	0	2	6	7	13	17	21	22	27	40	43	46	47	55	56	61	63	126	#
323	1161.28	0	1	5	12	16	20	31	33	35	41	42	43	50	51	61	62	63	126	#
324	1139.43	1	6	12	13	17	19	20	25	30	36	48	49	50	51	57	58	62	126	#
325	1290.49	16	19	24	27	29	32	38	39	42	43	45	46	48	55	56	59	61	62	127	#
326	1353.65	6	8	9	12	16	18	20	22	26	27	30	33	38	39	48	51	52	59	127	#
327	1349.54	3	6	7	12	18	20	24	27	28	34	35	38	39	40	43	56	59	62	127	#
328	1320.48	0	5	8	9	12	17	20	24	27	30	33	34	36	38	40	49	52	55	127	#
329	1310.37	3	5	8	12	19	20	22	28	36	37	39	42	43	47	48	55	60	63	127	#
330	1289.3	1	2	14	20	24	29	32	33	38	39	41	42	43	49	51	52	54	63	127	#
331	2028.61	0	1	2	8	10	11	15	16	17	19	20	22	23	27	28	29	31	32	33	35	37	38	39	40	42	45	46	47	50	52	57	59	63	128	#
332	2310.82	0	1	2	3	6	8	9	11	13	16	20	21	22	28	29	30	32	35	36	37	38	39	42	43	45	47	50	55	56	57	60	62	63	128	#
333	2216.51	1	2	4	6	7	8	9	13	20	22	28	30	32	33	34	35	36	37	38	39	42	43	44	45	47	53	55	56	57	59	60	62	63	128	#
334	2202.68	0	1	2	7	8	9	10	13	20	22	27	28	29	30	31	33	34	35	37	38	39	42	43	46	47	52	56	57	59	60	61	62	63	128	#
335	2201.69	0	1	2	7	8	9	10	20	21	28	29	30	31	32	33	34	35	36	37	39	42	44	45	46	47	49	53	55	56	57	60	62	63	128	#
336	2180.43	1	2	3	6	8	15	20	21	22	27	28	29	30	31	32	33	34	35	36	37	39	42	43	45	46	50	51	52	56	57	59	60	62	128	#
337	2528.97	1	2	3	4	6	7	8	10	11	13	15	18	19	21	23	24	25	26	27	28	29	31	32	35	37	38	40	42	44	45	46	48	49	50	52	53	54	56	57	59	61	62	63	129	#
338	2884.86	0	1	2	3	4	5	7	8	9	10	13	15	16	17	18	20	21	24	25	27	28	31	32	35	36	37	39	40	42	44	46	48	49	50	52	53	54	56	57	59	61	62	63	129	#
339	2843.9	1	2	4	5	6	7	8	9	10	11	13	15	17	18	20	21	23	24	25	26	27	31	32	33	35	36	37	38	39	40	44	45	49	50	52	53	54	56	57	59	61	62	63	129	#
340	2843.84	0	1	2	4	5	6	7	8	9	10	11	13	15	17	18	20	21	23	24	25	27	28	31	32	37	38	39	40	42	43	44	45	49	50	52	53	54	56	57	59	60	62	63	129	#
341	2833.3	0	1	2	3	4	5	7	8	10	12	13	15	16	17	20	21	23	24	25	27	30	31	32	33	35	37	38	39	40	44	45	46	48	49	50	52	53	54	56	57	59	62	63	129	#
342	2814.03	0	1	2	4	5	7	8	10	11	12	13	16	17	18	20	21	24	25	28	31	32	33	35	36	37	38	39	40	43	44	45	49	50	51	52	53	54	55	56	57	59	62	63	129	#
343	460.737	15	17	22	44	47	48	56	130	#
344	517.734	15	27	36	44	47	57	60	130	#
345	487.809	11	17	26	27	40	50	60	130	#
346	482.422	11	24	27	29	44	47	52	130	#
347	425.942	2	3	8	15	28	46	47	130	#
348	410.402	1	22	30	36	40	46	58	130	#
349	796.16	0	9	15	16	17	23	26	42	50	52	58	60	63	131	#
350	1026.77	13	15	16	20	21	28	43	46	47	50	58	62	63	131	#
351	1026.33	9	10	13	14	16	17	20	24	26	30	53	57	62	131	#
352	917.376	0	5	6	7	13	14	30	40	44	51	52	60	62	131	#
353	908.848	13	14	16	17	20	22	24	36	40	47	51	53	61	131	#
354	898.486	13	14	23	24	26	27	30	35	38	54	56	57	63	131	#
355	857.387	11	13	16	18	26	28	36	38	46	49	54	56	62	132	#
356	945.895	1	6	7	12	16	18	20	21	38	49	52	62	63	132	#
357	917.257	1	8	12	16	18	25	28	38	44	49	50	53	54	132	#
358	814.348	3	5	6	8	17	22	23	31	38	42	43	54	56	132	#
359	783.629	5	8	16	22	28	29	31	38	43	52	53	56	62	132	#
360	769.37	1	5	15	16	18	22	36	37	38	44	49	53	62	132	#
361	75.0415	17	21	133	#
362	36.531	21	57	133	#
363	175.954	3	25	45	134	#
364	207.543	0	25	47	134	#
365	172.554	44	45	56	134	#
366	178.556	6	16	31	135	#
367	232.215	16	21	27	135	#
368	204.266	10	31	54	135	#
369	142.956	6	19	40	135	#
370	116.296	3	48	136	#
371	168.278	37	48	136	#
372	56.9862	3	7	136	#
373	136.746	29	36	137	#
374	154.666	29	61	137	#
375	95.9239	1	36	137	#
376	176.062	12	19	29	138	#
377	239.122	3	12	51	138	#
378	233.435	29	36	51	138	#
379	47.8258	18	19	55	138	#
380	1719.72	3	7	9	11	13	15	16	19	20	23	24	26	27	28	29	31	35	36	41	42	45	49	52	57	60	139	#
381	1888.14	0	5	8	9	11	12	13	15	16	19	20	22	26	29	30	31	32	34	35	40	42	47	49	52	60	139	#
382	1824.14	3	7	11	13	16	19	20	22	24	26	27	28	31	32	33	34	35	36	40	43	44	45	49	52	63	139	#
383	1748.94	3	5	13	15	16	19	20	22	23	28	30	31	34	36	40	41	42	43	45	47	49	52	57	58	62	139	#
384	1733.38	0	11	13	19	20	22	23	27	28	29	30	31	32	34	35	39	40	41	45	46	47	49	57	58	59	139	#
385	1725.02	4	5	7	11	12	15	20	23	24	28	29	30	31	32	34	35	40	43	45	46	47	49	52	58	60	139	#
386	302.12	17	25	44	59	62	140	#
387	353.372	18	25	42	44	46	140	#
388	289.802	17	22	30	51	62	140	#
389	265.339	0	2	17	21	43	140	#
390	259.756	8	25	31	38	59	140	#
391	228.836	10	16	25	31	44	140	#
392	561.497	6	14	34	42	47	54	55	60	141	#
393	618.795	13	34	37	42	48	51	54	59	141	#
394	596.817	9	14	17	35	42	55	59	62	141	#
395	549.965	3	6	13	30	41	49	54	59	141	#
396	523.458	1	20	24	41	42	47	60	62	141	#
397	517.993	1	6	21	32	33	49	54	62	141	#
398	396.323	5	11	38	41	54	61	142	#
399	499.927	11	21	33	37	48	55	142	#
400	485.709	16	17	33	38	48	52	142	#
401	329.305	8	22	41	49	57	61	142	#
402	314.887	6	9	22	28	41	52	142	#
403	284.797	10	19	31	41	54	56	142	#
404	1762.53	0	1	5	7	8	9	12	14	17	18	19	20	22	24	25	28	30	34	37	39	42	43	45	51	55	57	58	61	62	63	143	#
405	2009.37	1	4	5	7	10	12	14	17	21	22	24	30	31	33	34	35	36	37	39	42	43	46	49	51	53	57	58	61	62	63	143	#
406	1961.75	0	2	4	5	6	7	10	12	14	17	22	24	30	31	32	33	35	37	39	42	44	46	48	49	50	51	53	54	58	62	143	#
407	1959.24	0	1	4	7	9	10	12	16	17	22	24	27	33	35	36	37	38	39	43	44	45	46	47	48	49	50	51	61	62	63	143	#
408	1921.44	1	4	5	7	12	14	18	19	20	21	22	25	27	30	31	32	33	35	37	42	44	45	46	48	49	50	51	55	56	63	143	#
409	1900.59	1	4	5	7	9	10	11	12	14	17	19	22	24	27	28	30	31	32	33	35	39	43	44	46	49	51	53	61	62	63	143	#
410	35.3656	31	44	#
411	354.658	13	32	49	54	144	#
412	344.606	30	35	48	49	144	#
413	334.418	13	32	42	60	144	#
414	275.826	15	36	54	60	144	#
415	264.028	13	37	53	57	144	#
416	432.633	10	21	35	50	57	62	145	#
417	497.827	10	11	14	16	43	54	145	#
418	492.698	0	11	32	43	50	62	145	#
419	388.618	5	34	35	42	53	57	145	#
420	362.933	3	5	6	20	40	50	145	#
421	351.318	3	4	10	12	21	54	145	#
422	120.886	1	42	146	#
423	87.7234	1	45	146	#
424	920.348	5	6	8	19	20	36	42	49	50	55	58	60	62	147	#
425	955.823	20	23	24	34	35	38	39	44	46	49	50	59	63	147	#
426	946.938	6	13	18	20	30	31	38	48	49	55	59	60	62	147	#
427	918.792	3	8	12	13	21	25	36	37	38	40	48	50	62	147	#
428	902.814	0	3	6	8	13	19	21	25	30	37	50	58	63	147	#
429	888.082	0	5	6	7	20	21	22	25	36	38	39	41	49	147	#
430	242.317	18	24	42	49	148	#
431	314.36	12	42	45	55	148	#
432	290.582	18	49	55	58	148	#
433	251.944	0	29	48	49	148	#
434	234.029	23	24	51	58	148	#
435	1121.26	2	20	25	26	27	31	43	47	48	50	51	52	54	59	149	#
436	1203.35	4	9	12	13	15	27	29	43	48	51	53	55	59	63	149	#
437	1029.12	3	15	20	22	27	32	43	44	45	48	52	55	59	63	149	#
438	990.815	2	8	9	13	15	25	29	42	45	50	54	56	58	61	149	#
439	989.746	2	6	8	14	15	19	31	42	50	52	55	58	60	63	149	#
440	984.968	2	4	7	10	13	25	27	31	37	51	52	56	60	63	149	#
441	646.809	2	5	18	20	22	23	27	28	29	54	56	57	61	62	150	#
442	969.069	4	17	20	23	39	40	41	42	43	47	55	58	62	63	150	#
443	966.917	5	7	21	22	27	29	31	37	40	46	48	49	52	53	150	#
444	935.639	5	16	18	24	27	29	39	46	48	49	51	52	56	63	150	#
445	907.085	0	7	20	23	37	40	41	42	49	51	54	55	57	62	150	#
446	903.533	5	15	17	20	22	23	27	46	48	52	59	60	61	63	150	#
447	201.739	32	47	48	151	#
448	269.994	21	32	33	151	#
449	203.448	15	47	54	151	#
450	123.933	23	48	61	151	#
451	72.3185	35	#
452	178.672	19	46	55	152	#
453	210.719	7	55	59	152	#
454	82.1783	15	19	62	152	#
455	2448.57	1	2	3	4	5	6	7	8	9	10	12	13	14	16	18	19	25	27	29	30	31	32	33	34	35	37	38	39	40	44	45	46	48	49	50	54	57	153	#
456	2743.21	0	1	2	4	5	7	8	9	12	13	14	17	18	20	21	23	28	29	30	34	35	37	39	40	42	44	46	47	48	49	50	52	54	55	57	61	63	153	#
457	2736.73	0	3	6	7	8	12	13	17	18	19	20	21	23	25	27	28	29	30	32	33	34	36	37	39	40	45	46	47	48	49	52	53	54	56	59	61	63	153	#
458	2724.41	2	3	5	6	7	8	10	12	14	17	19	20	21	23	27	28	29	30	32	33	34	35	36	37	39	40	42	46	47	49	50	51	52	53	57	61	63	153	#
459	2692.73	0	1	2	4	6	7	12	13	14	15	16	17	18	19	21	25	28	29	30	32	33	34	36	37	39	40	42	43	46	47	48	49	50	52	54	57	61	153	#
460	2673.18	0	1	2	6	7	8	12	13	14	15	16	17	18	19	21	23	27	29	30	32	33	35	37	38	39	40	44	45	47	49	50	52	54	56	57	59	61	153	#
461	77.6033	11	#
462	1438.24	1	2	4	6	12	14	16	19	21	23	24	26	36	39	42	43	49	50	57	61	62	154	#
463	1559.1	0	2	5	8	9	11	13	14	16	21	25	30	34	39	42	43	44	47	51	59	62	154	#
464	1552.17	2	6	11	13	16	19	21	30	31	35	38	39	42	44	45	46	47	49	51	52	57	154	#
465	1525.21	4	5	8	12	13	16	19	21	23	24	29	30	39	44	46	51	59	60	61	62	63	154	#
466	1493	2	4	5	6	13	14	16	21	23	24	27	29	34	36	43	47	49	52	59	61	62	154	#
467	1492.92	0	5	6	7	8	14	16	17	19	23	24	39	40	42	43	47	54	59	60	61	62	154	#
468	394.458	3	11	13	49	155	#
469	362.675	3	6	13	55	155	#
470	313.471	32	45	49	54	155	#
471	178.58	3	10	11	22	155	#
472	355.977	36	39	49	57	156	#
473	293.21	30	34	39	57	156	#
474	265.573	4	12	20	57	156	#
475	235.719	25	31	36	47	156	#
476	209.838	9	41	49	62	156	#
477	839.214	2	4	9	17	25	27	31	44	49	53	57	58	62	63	157	#
478	1137.84	16	18	21	27	28	35	37	38	39	43	45	57	58	63	157	#
479	1067.15	7	10	16	18	20	28	35	36	50	51	54	57	58	63	157	#
480	1051.35	9	16	17	21	27	31	33	35	46	47	50	55	57	60	157	#
481	983.46	2	5	9	14	16	19	37	39	42	43	46	48	49	63	157	#
482	953.317	0	9	10	16	27	32	36	41	43	45	51	52	55	62	157	#
483	2416.06	1	3	4	5	7	9	10	11	13	14	15	17	18	20	21	23	25	26	27	28	32	34	35	36	37	38	41	43	44	46	50	51	52	56	57	58	59	60	61	62	158	#
484	2739.01	3	6	7	8	9	10	11	12	13	14	17	18	20	25	27	28	30	32	34	35	36	37	38	39	40	41	42	43	44	45	47	48	49	50	52	56	57	59	60	61	158	#
485	2617.6	1	2	7	9	10	11	13	14	17	18	20	22	23	25	26	27	28	31	32	33	34	35	36	37	38	40	42	43	44	46	47	48	50	52	56	57	58	61	62	63	158	#
486	2603.57	1	2	6	7	8	9	10	11	13	14	17	18	19	20	22	23	25	26	28	32	34	35	36	37	38	40	41	43	44	45	46	47	48	49	50	51	52	56	57	59	158	#
487	2600.84	2	3	7	10	11	13	14	15	17	18	20	22	23	25	27	28	30	31	32	34	35	36	37	38	40	41	42	43	44	46	47	48	52	56	57	58	59	61	62	63	158	#
488	2599.5	0	1	2	3	7	8	9	10	11	13	14	15	17	18	20	22	23	25	27	28	31	32	35	36	37	38	39	40	41	44	48	49	50	52	56	57	58	59	62	63	158	#
489	103.09	46	#
490	308.417	16	40	45	58	159	#
491	319.527	14	20	39	40	159	#
492	279.345	14	16	21	54	159	#
493	257.143	11	38	58	59	159	#
494	247.6	3	45	48	63	159	#
495	125.485	1	14	160	#
496	125.948	14	21	160	#
497	115.644	1	15	160	#
498	427.351	4	9	29	33	38	42	44	62	161	#
499	585.715	9	29	34	39	40	44	47	58	161	#
500	582.326	11	22	27	29	30	35	38	40	161	#
501	513.626	1	26	29	33	39	44	50	54	161	#
502	485.258	5	23	29	38	40	50	60	61	161	#
503	477.931	17	18	23	24	35	45	61	62	161	#
