%% File generated by CATS v.2.1Thu May  9 12:49:05 2024

%% The CATS webpage is http://robotics.stanford.edu/CATS

%% PARAMETER SETTINGS:
% Goods: 64; Bids: 500; Distribution: paths; Runs: 1; Seed: 1
% Paths Distribution Parameters:
% Initial connections:       = 2
% Edge density:              = 3.000000
% Shipping cost factor:      = 1.500000
% Max bid set size:          = 5
% Building penalty:          = 1.700000



goods 64
bids 501
dummy 222

0	0.965047	21	45	#
1	1.21386	25	27	28	48	64	#
2	1.21386	9	10	25	27	48	64	#
3	1.21386	17	25	27	28	47	64	#
4	1.21386	9	10	17	25	27	47	64	#
5	1.21386	13	14	27	28	48	64	#
6	0.962927	18	28	41	47	65	#
7	0.962927	9	10	18	41	47	65	#
8	1.21386	25	27	28	48	66	#
9	1.21386	9	10	25	27	48	66	#
10	1.21386	17	25	27	28	47	66	#
11	1.21386	9	10	17	25	27	47	66	#
12	1.21386	13	14	27	28	48	66	#
13	1.02432	27	28	33	47	67	#
14	1.02432	9	10	27	33	47	67	#
15	1.02432	2	8	27	28	47	67	#
16	1.02432	3	9	27	59	67	#
17	1.02432	2	8	9	10	27	47	67	#
18	0.850108	22	46	#
19	0.293188	1	#
20	0.164322	17	#
21	0.449875	58	68	#
22	0.449875	0	19	68	#
23	0.57204	6	9	41	69	#
24	0.57204	6	9	26	27	69	#
25	1.20518	14	28	41	48	70	#
26	1.20518	9	10	14	41	48	70	#
27	1.20518	14	17	28	41	47	70	#
28	1.20518	9	10	14	17	41	47	70	#
29	1.20518	14	26	27	28	48	70	#
30	0.760734	39	71	#
31	0.760734	6	7	19	26	71	#
32	0.702046	12	29	72	#
33	0.702046	10	12	30	72	#
34	0.995312	29	37	47	73	#
35	0.995312	0	1	29	47	73	#
36	0.995312	10	30	37	47	73	#
37	0.995312	19	27	28	47	73	#
38	0.995312	9	10	19	27	47	73	#
39	0.135514	16	74	#
40	0.135514	15	18	74	#
41	0.135083	6	#
42	0.401334	37	75	#
43	0.401334	0	1	75	#
44	0.63367	10	16	47	76	#
45	0.63367	10	15	18	47	76	#
46	0.810192	42	77	#
47	0.810192	5	44	77	#
48	0.810192	4	15	44	77	#
49	1.06024	28	41	48	78	#
50	1.06024	9	10	41	48	78	#
51	1.06024	17	28	41	47	78	#
52	1.06024	9	10	17	41	47	78	#
53	1.06024	26	27	28	48	78	#
54	0.817694	34	79	#
55	0.817694	14	29	48	79	#
56	0.817694	14	17	29	47	79	#
57	0.519808	15	56	80	#
58	0.519808	14	15	60	80	#
59	0.519808	14	16	17	80	#
60	0.519808	14	15	17	18	80	#
61	0.519808	16	18	56	80	#
62	1.04464	13	36	#
63	0.233069	5	#
64	0.393456	37	#
65	1.05446	21	45	81	#
66	1.05446	32	52	81	#
67	1.05446	22	31	45	81	#
68	1.05446	6	41	55	81	#
69	1.05446	6	26	35	81	#
70	0.367801	1	#
71	0.692433	5	62	#
72	1.15327	9	41	59	82	#
73	1.15327	9	26	27	59	82	#
74	1.15327	28	41	47	63	82	#
75	1.15327	9	10	41	47	63	82	#
76	1.15327	3	28	33	41	47	82	#
77	0.151221	17	#
78	0.131504	16	83	#
79	0.131504	15	18	83	#
80	0.0995055	9	#
81	0.881783	49	54	84	#
82	0.881783	8	50	54	84	#
83	0.881783	31	42	84	#
84	0.881783	5	31	44	84	#
85	0.881783	5	18	49	84	#
86	1.02758	15	51	85	#
87	1.02758	16	18	51	85	#
88	1.02758	15	23	61	85	#
89	0.402449	6	24	86	#
90	0.402449	6	7	23	86	#
91	0.556209	26	58	87	#
92	0.556209	0	19	26	87	#
93	0.184454	14	#
94	0.98375	18	29	37	47	#
95	0.425056	15	56	88	#
96	0.425056	14	15	60	88	#
97	0.425056	14	16	17	88	#
98	0.425056	14	15	17	18	88	#
99	0.132019	6	#
100	0.810154	44	60	89	#
101	0.810154	17	18	44	89	#
102	0.810154	15	16	17	44	89	#
103	0.85956	31	38	#
104	0.911128	29	37	47	90	#
105	0.911128	0	1	29	47	90	#
106	1.02158	35	91	#
107	1.02158	27	55	91	#
108	1.02158	27	28	52	91	#
109	1.02158	9	10	27	52	91	#
110	1.02158	27	29	40	52	91	#
111	0.519113	28	41	92	#
112	0.519113	9	10	41	92	#
113	0.187511	30	#
114	0.573834	10	47	#
115	1.01366	43	93	#
116	1.01366	29	37	52	93	#
117	1.01366	19	35	93	#
118	1.01366	0	1	29	52	93	#
119	1.01366	19	27	55	93	#
120	1.02368	28	41	47	94	#
121	1.02368	9	10	41	47	94	#
122	1.02368	26	27	28	47	94	#
123	1.02368	9	10	26	27	47	94	#
124	1.02368	29	40	41	47	94	#
125	0.656545	6	19	26	95	#
126	0.656545	7	39	95	#
127	0.564339	10	18	47	#
128	1.15367	18	33	61	96	#
129	1.15367	18	23	33	51	96	#
130	1.15367	2	8	18	61	96	#
131	1.15367	2	8	18	23	51	96	#
132	1.15367	15	16	33	61	96	#
133	0.132271	2	#
134	0.118306	3	#
135	0.27571	54	#
136	0.830989	44	60	97	#
137	0.830989	17	18	44	97	#
138	0.830989	15	16	17	44	97	#
139	0.587112	9	41	98	#
140	0.587112	9	26	27	98	#
141	0.392831	63	99	#
142	0.392831	3	33	99	#
143	0.392831	8	20	99	#
144	0.392831	2	3	8	99	#
145	0.204413	8	#
146	0.203988	25	#
147	0.242191	60	100	#
148	0.242191	17	18	100	#
149	0.730922	47	63	101	#
150	0.730922	3	33	47	101	#
151	0.730922	8	20	47	101	#
152	0.730922	2	3	8	47	101	#
153	0.730922	10	59	101	#
154	0.371205	21	#
155	0.147148	30	#
156	1.10343	12	57	102	#
157	1.10343	0	11	39	102	#
158	1.10343	11	23	53	102	#
159	0.41927	6	24	103	#
160	0.41927	6	7	23	103	#
161	0.420107	56	104	#
162	0.420107	14	60	104	#
163	0.420107	14	17	18	104	#
164	0.847432	59	30	105	#
165	0.847432	63	47	29	105	#
166	0.847432	3	33	47	29	105	#
167	0.847432	20	8	47	29	105	#
168	0.847432	3	2	8	47	29	105	#
169	0.815551	59	106	#
170	0.815551	63	47	10	106	#
171	0.815551	3	33	47	10	106	#
172	0.403048	16	33	107	#
173	0.403048	15	18	33	107	#
174	0.403048	16	8	2	107	#
175	0.403048	15	18	8	2	107	#
176	1.30427	25	60	61	108	#
177	1.30427	25	60	51	23	108	#
178	1.30427	25	17	18	61	108	#
179	1.30427	25	17	18	51	23	108	#
180	1.30427	13	56	61	108	#
181	0.25268	20	109	#
182	0.25268	3	2	109	#
183	1.02533	15	51	24	110	#
184	1.02533	15	61	7	110	#
185	1.02533	15	51	23	7	110	#
186	0.307403	16	8	111	#
187	0.307403	15	18	8	111	#
188	1.07594	24	51	112	#
189	1.07594	7	61	112	#
190	1.07594	7	23	51	112	#
191	1.07594	32	47	18	112	#
192	1.07594	32	47	16	15	112	#
193	0.289072	63	113	#
194	0.289072	33	3	113	#
195	0.288488	15	60	114	#
196	0.288488	16	17	114	#
197	0.288488	15	18	17	114	#
198	0.744884	59	#
199	0.703536	44	15	115	#
200	0.703536	44	18	16	115	#
201	0.460359	12	#
202	0.684843	10	48	116	#
203	0.684843	10	47	17	116	#
204	1.10453	51	56	117	#
205	1.10453	51	60	14	117	#
206	1.10453	51	18	17	14	117	#
207	0.966512	15	51	118	#
208	0.966512	16	18	51	118	#
209	0.165516	23	#
210	0.807428	28	48	119	#
211	0.807428	9	10	48	119	#
212	0.807428	28	47	17	119	#
213	0.807428	9	10	47	17	119	#
214	0.63149	62	#
215	0.605085	39	#
216	0.664295	59	#
217	0.375675	56	120	#
218	0.375675	60	14	120	#
219	0.375675	18	17	14	120	#
220	0.599543	40	41	121	#
221	0.599543	30	9	41	121	#
222	0.599543	40	27	26	121	#
223	0.599543	30	9	27	26	121	#
224	0.317537	24	122	#
225	0.317537	23	7	122	#
226	0.69227	16	47	28	123	#
227	0.69227	16	47	10	9	123	#
228	0.69227	15	18	47	28	123	#
229	0.69227	15	18	47	10	9	123	#
230	0.78394	29	48	124	#
231	0.78394	29	47	17	124	#
232	0.78394	30	10	48	124	#
233	0.78394	30	10	47	17	124	#
234	0.78394	29	47	18	60	124	#
235	1.00441	12	57	#
236	0.136747	29	#
237	0.691311	47	28	125	#
238	0.691311	47	10	9	125	#
239	1.00601	18	47	29	37	126	#
240	1.00601	18	47	29	1	0	126	#
241	1.00601	15	16	47	29	37	126	#
242	1.0595	41	28	47	8	127	#
243	1.0595	41	9	10	47	8	127	#
244	0.702259	47	10	128	#
245	0.702259	47	29	30	128	#
246	0.702259	47	28	9	128	#
247	0.971725	24	51	129	#
248	0.971725	7	61	129	#
249	0.971725	7	23	51	129	#
250	0.275128	16	8	130	#
251	0.275128	15	18	8	130	#
252	0.177983	29	#
253	0.254025	27	#
254	0.47394	19	26	6	#
255	0.275486	25	#
256	1.21386	25	48	28	27	131	#
257	1.21386	25	48	10	9	27	131	#
258	1.21386	25	17	47	28	27	131	#
259	1.21386	25	17	47	10	9	27	131	#
260	1.21386	13	14	48	28	27	131	#
261	0.426471	54	8	#
262	1.0257	41	28	48	132	#
263	1.0257	41	9	10	48	132	#
264	1.0257	41	28	47	17	132	#
265	1.0257	41	9	10	47	17	132	#
266	1.21856	25	60	51	133	#
267	1.21856	25	17	18	51	133	#
268	1.21856	13	56	51	133	#
269	1.21856	13	14	60	51	133	#
270	1.21856	25	17	16	15	51	133	#
271	0.972409	51	18	134	#
272	0.972409	51	15	16	134	#
273	0.133227	2	#
274	0.159033	13	#
275	0.187394	8	#
276	0.834142	10	48	25	135	#
277	0.834142	10	47	17	25	135	#
278	0.655103	28	47	18	136	#
279	0.655103	9	10	47	18	136	#
280	0.966802	26	58	11	137	#
281	0.966802	26	19	0	11	137	#
282	0.966802	41	40	12	137	#
283	0.966802	41	9	30	12	137	#
284	0.966802	26	27	40	12	137	#
285	0.227627	60	138	#
286	0.227627	18	17	138	#
287	1.05809	48	28	27	139	#
288	1.05809	48	10	9	27	139	#
289	1.05809	17	47	28	27	139	#
290	1.05809	17	47	10	9	27	139	#
291	1.05809	60	18	47	28	27	139	#
292	1.05141	18	61	140	#
293	1.05141	18	51	23	140	#
294	1.05141	16	15	61	140	#
295	1.05141	16	15	51	23	140	#
296	1.32283	11	38	31	141	#
297	1.32283	12	29	52	21	141	#
298	1.1195	61	60	142	#
299	1.1195	23	51	60	142	#
300	1.1195	61	18	17	142	#
301	1.1195	23	51	18	17	142	#
302	1.1195	61	15	16	17	142	#
303	0.705378	48	14	143	#
304	0.705378	47	17	14	143	#
305	0.559602	18	62	#
306	1.1801	41	28	47	54	144	#
307	1.1801	41	9	10	47	54	144	#
308	1.1801	41	28	47	18	5	144	#
309	1.1801	41	9	10	47	18	5	144	#
310	1.1801	26	27	28	47	54	144	#
311	0.508611	52	#
312	0.622802	12	29	#
313	0.223865	20	145	#
314	0.223865	3	2	145	#
315	1.18517	59	9	41	6	#
316	1.13561	51	5	146	#
317	1.13561	51	15	4	146	#
318	1.13561	51	18	54	146	#
319	1.13561	51	18	16	4	146	#
320	1.13561	51	15	16	54	146	#
321	0.586482	63	54	147	#
322	0.586482	3	33	54	147	#
323	0.586482	63	18	5	147	#
324	0.586482	3	33	18	5	147	#
325	1.30427	61	60	25	148	#
326	1.30427	23	51	60	25	148	#
327	1.30427	61	18	17	25	148	#
328	1.30427	23	51	18	17	25	148	#
329	1.30427	61	56	13	148	#
330	0.82287	59	149	#
331	0.82287	10	47	63	149	#
332	0.82287	10	47	33	3	149	#
333	0.82287	10	47	8	20	149	#
334	0.82287	10	47	8	2	3	149	#
335	0.346088	21	#
336	0.262719	33	150	#
337	0.262719	2	8	150	#
338	0.251046	19	#
339	0.339776	8	17	#
340	0.499964	62	#
341	0.632882	44	18	#
342	0.672335	2	50	#
343	0.915356	34	151	#
344	0.915356	29	48	14	151	#
345	0.915356	29	47	17	14	151	#
346	0.915356	30	10	48	14	151	#
347	0.915356	30	10	47	17	14	151	#
348	0.264133	28	152	#
349	0.264133	10	9	152	#
350	0.971682	43	153	#
351	0.971682	37	29	52	153	#
352	0.433615	9	27	#
353	1.21402	11	53	154	#
354	1.21402	12	57	23	154	#
355	1.21402	11	0	39	23	154	#
356	1.21402	11	58	26	6	24	154	#
357	1.21402	11	58	26	6	7	23	154	#
358	0.498874	28	27	155	#
359	0.498874	10	9	27	155	#
360	1.09722	1	29	47	33	156	#
361	1.09722	1	29	47	8	2	156	#
362	1.09722	1	30	10	47	33	156	#
363	0.155234	16	157	#
364	0.155234	15	18	157	#
365	0.313995	21	#
366	1.02432	27	28	47	33	158	#
367	1.02432	27	9	10	47	33	158	#
368	1.02432	27	28	47	8	2	158	#
369	1.02432	27	9	59	3	158	#
370	1.02432	27	9	10	47	8	2	158	#
371	1.04	24	51	15	159	#
372	1.04	7	61	15	159	#
373	1.04	7	23	51	15	159	#
374	1.04	32	47	16	159	#
375	1.04	32	47	18	15	159	#
376	0.386556	37	#
377	1.19513	34	37	160	#
378	1.19513	34	1	0	160	#
379	1.19513	14	48	29	37	160	#
380	1.19513	14	17	47	29	37	160	#
381	1.19513	14	48	29	1	0	160	#
382	0.250719	19	#
383	0.732751	53	#
384	1.09888	52	29	12	#
385	0.97104	55	41	161	#
386	0.97104	35	26	161	#
387	0.97104	55	27	26	161	#
388	0.97104	52	28	41	161	#
389	0.97104	52	10	9	41	161	#
390	0.762409	39	162	#
391	0.762409	7	6	26	19	162	#
392	1.13984	1	29	47	33	163	#
393	1.13984	1	29	47	8	2	163	#
394	1.13984	1	30	10	47	33	163	#
395	1.13984	1	30	59	3	163	#
396	1.13984	1	30	10	47	8	2	163	#
397	0.200557	13	#
398	0.172717	31	#
399	1.35415	25	48	32	164	#
400	1.35415	25	17	47	32	164	#
401	1.35415	25	60	51	24	164	#
402	1.35415	25	48	28	41	6	164	#
403	1.35415	25	48	10	9	41	6	164	#
404	1.15327	41	9	59	165	#
405	1.15327	26	27	9	59	165	#
406	1.15327	41	28	47	63	165	#
407	1.15327	41	9	10	47	63	165	#
408	1.15327	41	28	47	33	3	165	#
409	0.105556	3	#
410	1.35415	25	48	32	166	#
411	1.35415	25	17	47	32	166	#
412	1.35415	25	60	51	24	166	#
413	1.35415	25	48	28	41	6	166	#
414	1.35415	25	48	10	9	41	6	166	#
415	0.931472	47	29	1	167	#
416	0.931472	47	10	30	1	167	#
417	0.180122	6	#
418	0.111015	10	#
419	0.356764	27	9	#
420	0.630315	6	26	58	168	#
421	0.630315	6	26	19	0	168	#
422	0.415132	41	169	#
423	0.415132	27	26	169	#
424	1.0885	6	26	58	11	170	#
425	1.0885	6	26	19	0	11	170	#
426	1.0885	6	41	40	12	170	#
427	1.0885	6	41	9	30	12	170	#
428	1.0885	32	29	12	170	#
429	1.14108	25	48	28	27	171	#
430	1.14108	25	48	10	9	27	171	#
431	1.14108	25	17	47	28	27	171	#
432	1.14108	25	17	47	10	9	27	171	#
433	0.181392	29	#
434	0.458781	47	#
435	1.01366	43	172	#
436	1.01366	37	29	52	172	#
437	1.01366	19	35	172	#
438	1.01366	0	1	29	52	172	#
439	1.01366	19	27	55	172	#
440	1.12095	1	30	59	173	#
441	1.12095	1	29	47	63	173	#
442	1.12095	1	29	47	33	3	173	#
443	1.12095	1	29	47	8	20	173	#
444	1.12095	1	29	47	8	2	3	173	#
445	0.663044	47	54	#
446	0.392227	41	174	#
447	0.392227	27	26	174	#
448	0.744727	28	47	175	#
449	0.744727	9	10	47	175	#
450	0.744727	40	29	47	175	#
451	0.744727	9	30	29	47	175	#
452	0.13278	10	#
453	0.323173	4	176	#
454	0.323173	5	15	176	#
455	1.16519	59	30	37	177	#
456	1.16519	63	47	29	37	177	#
457	1.16519	3	33	47	29	37	177	#
458	1.16519	59	9	27	19	177	#
459	1.16519	59	30	1	0	177	#
460	0.642187	47	28	178	#
461	0.642187	47	10	9	178	#
462	0.650936	0	39	#
463	0.584888	62	18	#
464	0.732881	11	0	#
465	1.19066	56	61	179	#
466	1.19066	56	51	23	179	#
467	1.19066	14	60	61	179	#
468	1.19066	14	60	51	23	179	#
469	1.19066	14	17	18	61	179	#
470	0.677567	15	44	#
471	0.795148	51	#
472	0.713692	38	#
473	0.364439	18	63	180	#
474	0.364439	18	33	3	180	#
475	0.966802	11	58	26	181	#
476	0.966802	11	0	19	26	181	#
477	0.966802	12	40	41	181	#
478	0.966802	12	30	9	41	181	#
479	0.966802	12	40	27	26	181	#
480	0.352172	33	18	182	#
481	0.352172	2	8	18	182	#
482	0.352172	33	16	15	182	#
483	0.327248	26	6	#
484	0.744877	39	183	#
485	0.744877	7	6	26	19	183	#
486	0.531549	9	41	6	#
487	1.13984	1	29	47	33	184	#
488	1.13984	1	29	47	8	2	184	#
489	1.13984	1	30	10	47	33	184	#
490	1.13984	1	30	59	3	184	#
491	1.13984	1	30	10	47	8	2	184	#
492	0.58551	15	62	#
493	0.27827	60	15	185	#
494	0.27827	17	16	185	#
495	0.27827	17	18	15	185	#
496	0.589291	54	63	186	#
497	0.589291	54	33	3	186	#
498	0.589291	5	18	63	186	#
499	0.589291	5	18	33	3	186	#
500	0.589291	4	16	63	186	#
