%% File generated by CATS v.2.1Thu May  9 12:49:05 2024

%% The CATS webpage is http://robotics.stanford.edu/CATS

%% PARAMETER SETTINGS:
% Goods: 64; Bids: 500; Distribution: paths; Runs: 1; Seed: 21
% Paths Distribution Parameters:
% Initial connections:       = 2
% Edge density:              = 3.000000
% Shipping cost factor:      = 1.500000
% Max bid set size:          = 5
% Building penalty:          = 1.700000



goods 64
bids 500
dummy 202

0	0.960961	5	13	51	63	#
1	0.735702	48	#
2	0.673666	4	14	50	64	#
3	0.673666	14	22	36	64	#
4	0.673666	6	7	14	22	64	#
5	0.287529	0	28	#
6	0.578	5	51	#
7	0.195526	23	#
8	0.323083	7	#
9	0.262651	17	#
10	0.671211	6	53	65	#
11	0.671211	25	36	65	#
12	0.671211	12	13	36	65	#
13	0.671211	6	7	25	65	#
14	0.671211	6	7	12	13	65	#
15	0.189011	5	#
16	0.418111	30	34	66	#
17	0.418111	18	19	34	66	#
18	1.23029	22	29	33	67	#
19	1.23029	3	4	29	34	41	67	#
20	1.23029	22	26	27	33	67	#
21	1.23029	3	4	26	27	34	41	67	#
22	0.216103	1	#
23	0.860594	28	56	68	#
24	0.860594	10	28	39	68	#
25	0.860594	0	1	28	63	68	#
26	1.04463	16	55	69	#
27	1.04463	17	61	69	#
28	1.04463	4	8	9	16	51	69	#
29	1.04463	16	22	61	69	#
30	1.04463	14	17	36	58	69	#
31	0.792312	4	8	51	70	#
32	0.792312	4	31	50	70	#
33	0.792312	22	31	36	70	#
34	0.792312	4	14	15	50	70	#
35	0.883045	9	46	#
36	0.792412	59	71	#
37	0.792412	4	19	20	41	71	#
38	0.792412	16	48	71	#
39	0.442325	0	19	28	72	#
40	0.442325	0	18	54	72	#
41	0.442325	0	18	28	30	72	#
42	0.822578	14	49	73	#
43	0.822578	2	14	44	73	#
44	0.822578	3	14	24	44	73	#
45	0.822578	15	24	46	73	#
46	0.822578	14	24	31	46	73	#
47	0.365419	0	19	28	#
48	0.750518	0	1	8	9	74	#
49	0.750518	23	56	74	#
50	0.750518	11	39	74	#
51	0.750518	10	23	39	74	#
52	0.750518	0	1	23	63	74	#
53	1.11468	4	16	51	63	75	#
54	1.11468	5	17	51	63	75	#
55	1.11468	10	17	45	75	#
56	1.11468	16	23	55	75	#
57	1.11468	5	16	22	51	63	75	#
58	0.712115	19	28	39	#
59	0.697722	46	#
60	0.42393	0	54	76	#
61	0.42393	0	28	30	76	#
62	0.42393	0	18	19	28	76	#
63	0.424815	8	15	77	#
64	0.424815	8	14	31	77	#
65	0.255148	16	#
66	0.893038	24	37	78	#
67	0.893038	3	6	44	78	#
68	1.23419	27	62	79	#
69	1.23419	3	29	38	79	#
70	1.23419	3	26	27	38	79	#
71	1.23419	2	24	29	38	79	#
72	0.191268	25	#
73	0.480465	29	80	#
74	0.480465	26	27	80	#
75	0.448932	29	81	#
76	0.448932	26	27	81	#
77	0.721878	41	50	#
78	1.03359	35	82	#
79	1.03359	3	29	44	82	#
80	1.03359	24	29	49	82	#
81	1.03359	29	31	46	82	#
82	1.03359	27	60	82	#
83	0.591061	6	31	83	#
84	0.591061	6	14	15	83	#
85	0.369835	19	34	#
86	0.955919	16	55	#
87	0.714958	7	47	84	#
88	0.714958	7	18	40	84	#
89	0.663589	25	47	85	#
90	0.663589	12	13	47	85	#
91	0.663589	18	25	40	85	#
92	0.663589	12	13	18	40	85	#
93	0.663589	12	30	57	85	#
94	0.980421	42	86	#
95	0.980421	25	33	86	#
96	0.980421	12	13	33	86	#
97	0.980421	3	12	52	86	#
98	0.980421	2	12	24	52	86	#
99	1.219	29	42	87	#
100	1.219	25	29	33	87	#
101	1.219	12	13	29	33	87	#
102	1.219	32	43	87	#
103	1.14483	22	29	33	#
104	0.358262	24	26	#
105	0.58844	0	1	8	#
106	0.731009	19	20	34	88	#
107	0.731009	21	30	34	88	#
108	0.393236	58	14	#
109	0.912194	33	89	#
110	0.912194	5	41	34	3	89	#
111	0.912194	40	19	34	3	89	#
112	1.09186	63	51	4	16	90	#
113	1.09186	63	51	5	17	90	#
114	1.11742	50	41	19	20	91	#
115	1.11742	50	41	30	21	91	#
116	1.11742	50	41	19	18	21	91	#
117	1.11742	50	4	59	91	#
118	1.11742	50	41	30	18	20	91	#
119	0.399388	41	28	#
120	0.853643	43	92	#
121	0.853643	12	57	28	0	92	#
122	0.343381	6	#
123	1.10783	25	45	93	#
124	1.10783	12	13	45	93	#
125	1.10783	25	5	51	63	10	93	#
126	1.10783	12	13	5	51	63	10	93	#
127	1.10783	43	1	63	10	93	#
128	0.851748	48	94	#
129	0.851748	16	59	94	#
130	0.682529	47	7	95	#
131	0.682529	18	40	7	95	#
132	0.975816	62	#
133	0.956472	52	2	96	#
134	0.956472	13	33	24	96	#
135	0.956472	52	3	24	96	#
136	0.956472	57	34	2	96	#
137	0.956472	13	5	41	34	2	96	#
138	0.671211	6	53	97	#
139	0.671211	36	25	97	#
140	0.671211	36	13	12	97	#
141	0.671211	6	7	25	97	#
142	0.671211	6	7	13	12	97	#
143	0.790908	28	57	12	98	#
144	0.790908	28	41	5	25	98	#
145	0.790908	28	41	5	13	12	98	#
146	0.790908	0	43	98	#
147	0.790908	28	19	40	25	98	#
148	0.859006	9	8	51	99	#
149	0.859006	58	14	50	99	#
150	0.859006	9	31	50	99	#
151	0.859006	23	63	51	99	#
152	0.859006	9	15	14	50	99	#
153	0.757707	59	#
154	0.559975	50	4	#
155	1.24899	13	33	29	100	#
156	1.24899	52	3	29	100	#
157	1.24899	13	33	26	27	100	#
158	1.24899	52	3	26	27	100	#
159	1.24899	52	2	24	29	100	#
160	0.338206	0	1	#
161	0.123443	24	#
162	0.394761	4	16	101	#
163	0.394761	5	17	101	#
164	0.806693	32	#
165	0.250705	26	#
166	0.320104	11	102	#
167	0.320104	23	10	102	#
168	0.589089	25	47	103	#
169	0.589089	12	13	47	103	#
170	0.684136	49	14	104	#
171	0.684136	2	44	14	104	#
172	1.12181	56	28	19	20	105	#
173	1.12181	56	54	21	105	#
174	1.12181	56	28	30	21	105	#
175	1.12181	10	39	28	19	20	105	#
176	1.12181	56	28	19	18	21	105	#
177	0.997373	63	51	4	16	#
178	0.187351	22	#
179	0.63715	6	53	106	#
180	0.63715	36	25	106	#
181	0.722861	26	46	#
182	1.23827	20	19	28	0	1	8	9	107	#
183	1.23827	21	54	0	1	8	9	107	#
184	1.23827	21	30	28	0	1	8	9	107	#
185	1.23827	20	19	28	56	23	107	#
186	1.23827	21	18	19	28	0	1	8	9	107	#
187	0.919086	33	108	#
188	0.919086	5	41	34	3	108	#
189	0.919086	40	19	34	3	108	#
190	0.919086	47	30	34	3	108	#
191	0.919086	5	41	34	2	24	108	#
192	0.228517	23	#
193	0.767247	63	51	#
194	1.01007	26	33	22	#
195	0.929917	60	14	109	#
196	0.929917	26	3	44	14	109	#
197	0.929917	26	46	15	109	#
198	0.929917	26	24	49	14	109	#
199	0.929917	26	46	31	14	109	#
200	0.356588	41	#
201	0.336549	22	13	#
202	0.750518	0	1	8	9	110	#
203	0.750518	56	23	110	#
204	0.750518	39	11	110	#
205	0.750518	39	10	23	110	#
206	0.750518	0	1	63	23	110	#
207	0.840739	19	41	50	111	#
208	0.840739	18	30	41	50	111	#
209	0.744303	56	28	112	#
210	0.744303	10	39	28	112	#
211	0.744303	63	1	0	28	112	#
212	0.217663	23	#
213	0.618104	57	113	#
214	0.618104	13	5	41	113	#
215	0.618104	13	40	19	113	#
216	0.618104	13	47	30	113	#
217	0.618104	13	47	18	19	113	#
218	0.606886	58	23	114	#
219	0.606886	15	9	23	114	#
220	0.606886	14	31	9	23	114	#
221	0.64519	9	8	1	115	#
222	0.64519	23	63	1	115	#
223	0.673381	36	31	#
224	0.707644	2	34	41	#
225	0.670997	51	4	116	#
226	0.670997	51	5	22	116	#
227	0.0765111	19	#
228	1.06417	13	5	51	63	117	#
229	1.06417	13	45	10	117	#
230	1.06417	13	61	23	117	#
231	1.06417	13	22	4	51	63	117	#
232	1.06417	12	25	5	51	63	117	#
233	0.484659	3	34	#
234	1.02768	26	46	9	#
235	0.448453	29	118	#
236	0.448453	27	26	118	#
237	0.407772	1	8	#
238	1.04463	16	55	119	#
239	1.04463	17	61	119	#
240	1.04463	16	4	51	8	9	119	#
241	1.04463	16	22	61	119	#
242	1.04463	17	36	14	58	119	#
243	1.11389	26	24	37	120	#
244	1.11389	60	6	120	#
245	1.11389	26	3	44	6	120	#
246	1.11389	26	24	49	6	120	#
247	1.11389	26	46	31	6	120	#
248	0.991696	61	13	121	#
249	0.991696	58	14	36	13	121	#
250	0.991696	58	14	6	7	13	121	#
251	0.991696	9	31	36	13	121	#
252	0.991696	61	25	12	121	#
253	0.421571	29	122	#
254	0.421571	26	27	122	#
255	1.11386	26	33	123	#
256	1.11386	26	3	34	41	5	123	#
257	1.11386	62	17	123	#
258	1.11386	26	3	34	19	40	123	#
259	1.11386	26	3	34	30	47	123	#
260	1.01097	59	22	7	124	#
261	1.01097	21	47	7	124	#
262	1.01097	20	40	7	124	#
263	1.01097	20	18	47	7	124	#
264	1.01097	21	18	40	7	124	#
265	0.812665	19	28	56	125	#
266	0.812665	19	28	39	10	125	#
267	0.812665	19	28	0	1	63	125	#
268	0.812665	18	54	56	125	#
269	0.812665	18	30	28	56	125	#
270	0.416465	5	25	126	#
271	0.416465	5	13	12	126	#
272	0.20872	8	#
273	0.991564	61	25	127	#
274	0.991564	61	13	12	127	#
275	0.991564	58	14	6	53	127	#
276	0.991564	9	31	6	53	127	#
277	0.991564	58	14	36	25	127	#
278	0.356913	5	25	128	#
279	0.356913	5	13	12	128	#
280	0.637289	25	47	129	#
281	0.637289	12	13	47	129	#
282	0.637289	25	40	18	129	#
283	0.637289	12	13	40	18	129	#
284	0.910586	2	38	130	#
285	0.910586	24	3	38	130	#
286	0.162372	1	#
287	1.04815	13	45	131	#
288	1.04815	12	25	45	131	#
289	1.04815	13	5	51	63	10	131	#
290	0.742314	28	57	132	#
291	0.742314	28	41	5	13	132	#
292	0.742314	28	19	40	13	132	#
293	0.742314	54	47	13	132	#
294	0.742314	28	30	47	13	132	#
295	0.618104	57	133	#
296	0.618104	13	5	41	133	#
297	0.618104	13	40	19	133	#
298	0.618104	13	47	30	133	#
299	0.618104	13	47	18	19	133	#
300	0.765381	6	14	58	134	#
301	0.765381	6	31	9	134	#
302	0.765381	6	14	15	9	134	#
303	0.244295	26	#
304	0.779604	41	34	2	#
305	0.970092	45	25	135	#
306	0.970092	45	13	12	135	#
307	0.197048	23	#
308	0.516993	4	51	#
309	0.308582	58	#
310	1.04528	25	45	136	#
311	1.04528	12	13	45	136	#
312	0.564834	1	8	15	#
313	0.164495	22	#
314	1.06417	13	5	51	63	137	#
315	1.06417	13	45	10	137	#
316	1.06417	13	61	23	137	#
317	1.06417	13	22	4	51	63	137	#
318	1.06417	12	25	5	51	63	137	#
319	0.884719	28	0	1	8	9	138	#
320	0.884719	28	56	23	138	#
321	0.884719	28	39	11	138	#
322	0.884719	28	39	10	23	138	#
323	0.884719	28	0	1	63	23	138	#
324	0.477243	22	7	#
325	0.709415	44	139	#
326	0.709415	2	49	139	#
327	0.74083	0	28	19	20	140	#
328	0.74083	0	54	21	140	#
329	0.74083	0	28	30	21	140	#
330	0.74083	0	28	19	18	21	140	#
331	0.74083	0	54	18	20	140	#
332	0.53458	34	30	141	#
333	0.53458	34	19	18	141	#
334	0.300905	6	14	#
335	1.17613	29	33	142	#
336	1.17613	27	26	33	142	#
337	1.17613	29	3	34	41	5	142	#
338	0.334318	58	#
339	0.563437	11	58	143	#
340	0.563437	10	23	58	143	#
341	0.991696	13	61	144	#
342	0.991696	13	36	14	58	144	#
343	0.991696	13	7	6	14	58	144	#
344	0.991696	13	36	31	9	144	#
345	0.991696	12	25	61	144	#
346	0.817146	14	49	145	#
347	0.817146	14	44	2	145	#
348	0.817146	14	44	3	24	145	#
349	0.817146	15	46	24	145	#
350	0.368906	58	#
351	0.752458	37	#
352	1.06697	2	38	146	#
353	1.06697	24	3	38	146	#
354	1.06697	2	34	41	4	16	146	#
355	1.06697	24	33	17	146	#
356	1.06697	2	34	41	5	17	146	#
357	0.663589	25	47	147	#
358	0.663589	12	13	47	147	#
359	0.663589	25	40	18	147	#
360	0.663589	12	13	40	18	147	#
361	0.663589	12	57	30	147	#
362	0.25743	54	148	#
363	0.25743	30	28	148	#
364	0.25743	18	19	28	148	#
365	0.346387	0	28	#
366	0.270986	17	#
367	0.624896	13	47	149	#
368	0.624896	13	40	18	149	#
369	0.624896	57	30	149	#
370	0.624896	57	19	18	149	#
371	0.624896	13	5	41	30	149	#
372	0.532272	1	8	9	#
373	0.665814	7	47	#
374	0.881086	52	150	#
375	0.881086	34	57	150	#
376	0.881086	34	41	5	13	150	#
377	1.18026	42	26	151	#
378	1.18026	25	33	26	151	#
379	1.18026	12	13	33	26	151	#
380	1.18026	12	52	3	26	151	#
381	1.18026	12	52	2	24	26	151	#
382	0.379458	13	5	152	#
383	0.379458	13	22	4	152	#
384	0.573601	2	34	30	153	#
385	0.573601	2	34	19	18	153	#
386	0.78739	54	39	154	#
387	0.78739	30	28	39	154	#
388	0.78739	18	19	28	39	154	#
389	0.577666	15	8	1	#
390	0.580297	14	50	4	#
391	1.24317	13	33	29	155	#
392	1.24317	52	3	29	155	#
393	1.24317	13	33	26	27	155	#
394	0.197961	28	#
395	0.548466	31	6	156	#
396	0.548466	15	14	6	156	#
397	0.25177	9	#
398	0.945594	9	8	1	0	28	19	157	#
399	0.945594	23	56	28	19	157	#
400	0.945594	9	8	1	0	54	18	157	#
401	0.945594	9	8	1	0	28	30	18	157	#
402	0.945594	11	39	28	19	157	#
403	0.938205	34	3	29	158	#
404	0.938205	34	3	26	27	158	#
405	0.938205	34	2	24	29	158	#
406	0.938205	28	0	32	158	#
407	0.938205	34	2	24	26	27	158	#
408	0.479151	36	159	#
409	0.479151	6	7	159	#
410	0.429119	31	8	#
411	0.991564	25	61	160	#
412	0.991564	12	13	61	160	#
413	0.991564	53	6	14	58	160	#
414	0.991564	53	6	31	9	160	#
415	0.991564	25	36	14	58	160	#
416	0.986328	29	3	34	19	161	#
417	0.986328	29	3	34	30	18	161	#
418	0.986328	27	26	3	34	19	161	#
419	0.986328	29	24	2	34	19	161	#
420	0.986328	27	26	3	34	30	18	161	#
421	0.853078	33	22	162	#
422	0.853078	3	34	41	4	162	#
423	0.560753	19	20	163	#
424	0.560753	30	21	163	#
425	0.560753	19	18	21	163	#
426	0.560753	30	18	20	163	#
427	0.746019	59	22	164	#
428	0.746019	21	47	164	#
429	0.746019	20	40	164	#
430	0.746019	20	18	47	164	#
431	0.420288	20	165	#
432	0.420288	21	18	165	#
433	0.991696	61	13	166	#
434	0.991696	58	14	36	13	166	#
435	0.991696	58	14	6	7	13	166	#
436	0.991696	9	31	36	13	166	#
437	0.991696	61	25	12	166	#
438	0.769661	49	14	167	#
439	0.769661	2	44	14	167	#
440	0.769661	24	3	44	14	167	#
441	0.991696	13	61	168	#
442	0.991696	13	36	14	58	168	#
443	0.991696	13	7	6	14	58	168	#
444	0.991696	13	36	31	9	168	#
445	0.991696	12	25	61	168	#
446	0.149621	5	#
447	1.12693	29	46	9	169	#
448	1.12693	27	26	46	9	169	#
449	0.725689	39	170	#
450	0.725689	56	10	170	#
451	0.725689	0	1	63	10	170	#
452	1.11742	20	19	41	50	171	#
453	1.11742	21	30	41	50	171	#
454	1.11742	21	18	19	41	50	171	#
455	1.11742	59	4	50	171	#
456	1.11742	20	18	30	41	50	171	#
457	0.534427	9	8	1	#
458	0.287943	41	#
459	0.799402	28	56	172	#
460	0.799402	28	39	10	172	#
461	0.799402	28	0	1	63	172	#
462	0.537289	19	28	0	1	#
463	0.927204	37	173	#
464	0.927204	6	49	173	#
465	0.927204	6	44	2	173	#
466	0.344354	41	#
467	1.04885	26	46	9	#
468	0.735299	41	50	14	#
469	0.55193	3	29	#
470	0.828251	51	5	25	174	#
471	0.828251	51	5	13	12	174	#
472	0.828251	1	43	174	#
473	0.828251	51	4	22	25	174	#
474	0.828251	51	4	22	13	12	174	#
475	0.819954	30	41	50	175	#
476	0.819954	18	19	41	50	175	#
477	0.640738	4	50	176	#
478	0.640738	22	36	176	#
479	0.640738	22	7	6	176	#
480	0.446613	8	9	177	#
481	0.446613	63	23	177	#
482	0.759076	48	#
483	0.685601	46	9	#
484	0.417169	19	41	178	#
485	0.417169	18	30	41	178	#
486	0.469083	20	179	#
487	0.469083	21	18	179	#
488	0.972866	13	61	180	#
489	0.972866	13	36	14	58	180	#
490	0.972866	13	7	6	14	58	180	#
491	0.972866	13	36	31	9	180	#
492	0.911146	38	181	#
493	0.911146	34	41	4	16	181	#
494	0.55323	28	41	5	#
495	0.468964	1	0	28	#
496	0.552643	8	1	0	#
497	0.166404	8	#
498	0.0912584	19	#
499	0.491043	0	1	8	#
