%% File generated by CATS v.2.1Thu May  9 12:49:05 2024

%% The CATS webpage is http://robotics.stanford.edu/CATS

%% PARAMETER SETTINGS:
% Goods: 64; Bids: 500; Distribution: paths; Runs: 1; Seed: 46
% Paths Distribution Parameters:
% Initial connections:       = 2
% Edge density:              = 3.000000
% Shipping cost factor:      = 1.500000
% Max bid set size:          = 5
% Building penalty:          = 1.700000



goods 64
bids 504
dummy 213

0	0.188018	25	#
1	0.205766	9	#
2	0.939039	25	36	57	64	#
3	0.939039	8	25	36	44	64	#
4	1.14148	28	30	59	#
5	0.197728	12	#
6	0.978889	0	48	65	#
7	0.978889	0	24	32	65	#
8	0.978889	0	7	24	41	65	#
9	0.580662	36	#
10	1.04484	10	23	41	66	#
11	1.04484	10	24	29	41	66	#
12	1.04484	8	9	23	41	66	#
13	1.04484	23	32	33	66	#
14	0.580125	6	36	#
15	0.341055	18	22	#
16	0.964433	35	67	#
17	0.964433	15	24	41	67	#
18	0.964433	16	18	41	55	67	#
19	0.964433	15	23	29	41	67	#
20	0.964433	16	19	24	41	67	#
21	1.07451	6	38	68	#
22	1.07451	6	23	30	49	68	#
23	1.07451	6	24	39	49	68	#
24	1.07451	6	24	29	30	49	68	#
25	1.07451	15	25	39	58	68	#
26	0.945011	8	24	41	69	#
27	0.945011	3	48	69	#
28	0.945011	3	24	32	69	#
29	0.945011	3	7	24	41	69	#
30	0.945011	2	37	69	#
31	0.540916	50	70	#
32	0.540916	11	31	70	#
33	0.540916	7	11	62	70	#
34	0.540916	21	46	70	#
35	0.540916	7	11	21	44	70	#
36	0.256906	52	71	#
37	0.256906	2	9	71	#
38	0.829026	23	32	72	#
39	0.829026	7	23	41	72	#
40	1.17819	5	30	59	#
41	0.957239	54	73	#
42	0.957239	11	63	73	#
43	0.957239	3	51	73	#
44	0.957239	2	3	63	73	#
45	0.957239	2	11	51	73	#
46	0.700459	27	36	#
47	1.18827	12	45	49	90	#
48	0.342392	47	74	#
49	0.342392	19	22	74	#
50	0.0910039	4	#
51	0.253063	55	#
52	1.00656	10	35	75	#
53	1.00656	10	15	24	41	75	#
54	0.855172	18	61	76	#
55	0.855172	14	26	39	76	#
56	0.855172	14	18	19	39	76	#
57	0.855172	14	26	29	30	76	#
58	0.855172	14	18	19	29	30	76	#
59	0.804775	32	77	#
60	0.804775	7	41	77	#
61	0.804775	3	8	41	77	#
62	0.859295	7	36	44	78	#
63	0.859295	11	36	46	78	#
64	0.859295	3	36	57	78	#
65	0.859295	3	8	36	44	78	#
66	0.859295	2	11	36	57	78	#
67	1.18827	14	23	30	49	90	#
68	0.623586	34	#
69	0.22609	0	3	79	#
70	0.22609	1	2	79	#
71	0.817907	61	80	#
72	0.817907	14	19	39	80	#
73	0.305298	52	81	#
74	0.305298	2	9	81	#
75	0.305298	11	33	81	#
76	0.305298	3	9	11	81	#
77	0.877099	6	27	36	82	#
78	0.877099	20	27	60	82	#
79	0.877099	21	27	28	60	82	#
80	0.645464	13	39	#
81	0.919168	6	36	57	83	#
82	0.919168	6	8	36	44	83	#
83	0.919168	34	56	83	#
84	0.919168	20	57	60	83	#
85	0.919168	3	6	7	36	44	83	#
86	1.19519	14	30	59	#
87	1.19162	8	24	41	47	84	#
88	1.19162	8	18	22	41	55	84	#
89	0.804888	8	41	85	#
90	0.804888	3	32	85	#
91	0.804888	3	7	41	85	#
92	0.804888	2	11	32	85	#
93	0.804888	2	7	11	41	85	#
94	0.175198	25	#
95	1.18827	14	38	90	#
96	0.537288	5	20	86	#
97	0.537288	4	17	21	86	#
98	0.537288	4	17	20	28	86	#
99	0.537288	5	21	28	86	#
100	0.145446	23	#
101	1.17113	22	40	87	#
102	1.17113	37	47	87	#
103	1.17113	11	47	48	87	#
104	1.17113	11	24	32	47	87	#
105	1.17113	7	11	24	41	47	87	#
106	0.832797	14	39	88	#
107	0.832797	14	29	30	88	#
108	0.832797	12	13	39	88	#
109	0.832797	12	13	29	30	88	#
110	0.832797	19	61	88	#
111	0.274989	15	24	#
112	0.857746	32	89	#
113	0.857746	7	41	89	#
114	0.857746	3	8	41	89	#
115	0.857746	2	8	11	41	89	#
116	0.897828	8	23	41	#
117	0.103404	19	#
118	0.516173	5	20	91	#
119	0.516173	4	17	21	91	#
120	0.516173	4	17	20	28	91	#
121	0.516173	5	21	28	91	#
122	0.162776	1	#
123	1.32281	12	42	#
124	0.555262	34	#
125	0.0997546	4	#
126	0.401409	0	33	92	#
127	0.401409	0	3	9	92	#
128	0.401409	1	52	92	#
129	0.401409	1	2	9	92	#
130	0.401409	0	7	10	92	#
131	1.04734	10	23	41	93	#
132	1.04734	10	24	29	41	93	#
133	1.04734	8	9	23	41	93	#
134	1.04734	23	32	33	93	#
135	1.04734	7	23	33	41	93	#
136	0.299144	52	94	#
137	0.299144	2	9	94	#
138	0.299144	11	33	94	#
139	0.192535	23	#
140	0.168929	16	#
141	0.0934213	19	#
142	1.00193	7	54	95	#
143	1.00193	7	11	63	95	#
144	1.00193	8	51	95	#
145	1.00193	3	8	54	95	#
146	1.00193	2	8	63	95	#
147	0.812946	24	41	#
148	0.876396	48	96	#
149	0.876396	24	32	96	#
150	0.876396	7	24	41	96	#
151	1.04877	1	43	97	#
152	1.04877	12	63	97	#
153	1.04877	0	11	43	97	#
154	1.04877	11	12	54	97	#
155	1.04877	0	2	3	43	97	#
156	0.777681	5	20	27	98	#
157	0.777681	4	17	21	27	98	#
158	0.777681	4	17	20	27	28	98	#
159	0.777681	5	21	27	28	98	#
160	0.84402	36	57	99	#
161	0.84402	8	36	44	99	#
162	0.84402	3	7	36	44	99	#
163	0.84402	2	36	46	99	#
164	0.84402	2	7	11	36	44	99	#
165	0.082206	3	#
166	0.969813	7	11	35	100	#
167	0.969813	15	37	100	#
168	0.969813	11	15	48	100	#
169	0.969813	11	15	24	32	100	#
170	0.969813	7	11	15	24	41	100	#
171	0.987149	11	32	55	101	#
172	0.987149	7	11	41	55	101	#
173	0.987149	18	40	101	#
174	0.987149	2	8	41	55	101	#
175	0.987149	26	37	101	#
176	0.530269	24	49	#
177	0.941904	32	55	102	#
178	0.941904	7	41	55	102	#
179	0.941904	26	48	102	#
180	0.941904	18	19	48	102	#
181	0.941904	24	26	32	102	#
182	1.17113	22	40	103	#
183	1.17113	37	47	103	#
184	1.17113	11	47	48	103	#
185	1.17113	11	24	32	47	103	#
186	1.17113	7	11	24	41	47	103	#
187	1.13816	14	54	104	#
188	1.13816	23	30	32	104	#
189	1.13816	7	23	30	41	104	#
190	1.13816	0	13	43	104	#
191	1.13816	12	13	54	104	#
192	0.895429	16	18	53	#
193	1.10604	35	7	0	105	#
194	1.10604	15	48	0	105	#
195	1.10604	15	24	32	0	105	#
196	1.10604	15	24	41	7	0	105	#
197	1.10604	35	7	11	1	105	#
198	1.3267	10	41	24	47	106	#
199	1.3267	10	41	55	18	22	106	#
200	1.3267	10	41	24	19	22	106	#
201	1.3267	10	41	24	26	18	22	106	#
202	1.3267	10	41	23	29	47	106	#
203	0.260026	10	#
204	0.347647	57	#
205	1.24267	17	28	59	30	107	#
206	1.24267	4	5	59	30	107	#
207	1.24267	56	38	107	#
208	1.24267	56	49	23	30	107	#
209	0.964433	35	108	#
210	0.964433	41	24	15	108	#
211	0.964433	41	55	18	16	108	#
212	0.964433	41	23	29	15	108	#
213	0.964433	41	24	19	16	108	#
214	1.18805	22	18	53	20	27	#
215	0.0394159	18	#
216	0.227163	55	18	#
217	0.987149	55	32	11	109	#
218	0.987149	55	41	7	11	109	#
219	0.987149	18	40	109	#
220	0.987149	55	41	8	2	109	#
221	0.987149	26	37	109	#
222	1.04637	10	41	24	110	#
223	1.04637	10	41	23	29	110	#
224	1.04637	9	8	41	24	110	#
225	1.04637	33	48	110	#
226	1.04637	33	32	24	110	#
227	1.30629	5	59	30	111	#
228	1.30629	4	17	28	59	30	111	#
229	1.30629	4	56	38	111	#
230	1.30629	5	53	26	39	111	#
231	1.30629	5	53	18	19	39	111	#
232	1.02474	22	18	53	112	#
233	1.02474	47	26	53	112	#
234	1.02474	47	19	18	53	112	#
235	1.02474	47	29	59	112	#
236	1.02474	22	19	26	53	112	#
237	0.756924	6	36	44	#
238	1.41313	12	42	4	113	#
239	1.41313	51	34	4	113	#
240	1.41313	54	3	34	4	113	#
241	1.41313	63	2	34	4	113	#
242	1.41313	14	30	59	5	113	#
243	1.11189	43	0	7	114	#
244	1.11189	12	54	7	114	#
245	1.11189	43	1	11	7	114	#
246	1.11189	12	63	11	7	114	#
247	1.11189	43	0	3	8	114	#
248	0.542682	46	20	115	#
249	0.542682	11	7	44	20	115	#
250	0.542682	50	28	115	#
251	0.939902	37	116	#
252	0.939902	48	11	116	#
253	0.939902	24	32	11	116	#
254	0.939902	24	41	7	11	116	#
255	0.939902	24	41	8	2	116	#
256	1.0603	0	32	55	117	#
257	1.0603	0	7	41	55	117	#
258	1.0603	1	11	32	55	117	#
259	1.0603	1	11	7	41	55	117	#
260	1.0603	1	40	18	117	#
261	0.374807	33	0	#
262	0.17507	55	#
263	0.521427	49	23	#
264	0.140195	6	#
265	0.400025	14	118	#
266	0.400025	12	13	118	#
267	1.03233	59	5	119	#
268	1.03233	59	28	17	4	119	#
269	1.03233	23	49	56	4	119	#
270	1.03233	29	26	53	5	119	#
271	1.03233	29	19	18	53	5	119	#
272	1.17876	45	49	120	#
273	1.17876	13	38	120	#
274	1.17876	13	30	23	49	120	#
275	1.17876	13	39	24	49	120	#
276	1.17876	13	30	29	24	49	120	#
277	0.581322	34	#
278	0.806495	26	39	13	121	#
279	0.806495	18	19	39	13	121	#
280	0.806495	26	29	30	13	121	#
281	0.806495	18	19	29	30	13	121	#
282	0.806495	55	45	121	#
283	0.969813	35	7	11	122	#
284	0.969813	15	37	122	#
285	0.969813	15	48	11	122	#
286	0.969813	15	24	32	11	122	#
287	0.969813	15	24	41	7	11	122	#
288	0.917179	32	55	18	123	#
289	0.917179	7	41	55	18	123	#
290	0.917179	48	19	123	#
291	0.917179	32	24	19	123	#
292	0.917179	7	41	24	19	123	#
293	0.605465	27	20	5	#
294	1.3267	10	41	24	47	124	#
295	1.3267	10	41	55	18	22	124	#
296	1.3267	10	41	24	19	22	124	#
297	1.3267	10	41	24	26	18	22	124	#
298	1.3267	10	41	23	29	47	124	#
299	0.95465	35	125	#
300	0.95465	41	24	15	125	#
301	0.95465	41	55	18	16	125	#
302	0.95465	41	23	29	15	125	#
303	0.469515	20	5	126	#
304	0.469515	21	17	4	126	#
305	0.469515	20	28	17	4	126	#
306	0.469515	21	28	5	126	#
307	1.5219	42	4	127	#
308	1.5219	13	30	59	5	127	#
309	1.5219	13	30	59	28	17	4	127	#
310	1.5219	45	49	56	4	127	#
311	1.5219	43	0	3	34	4	127	#
312	1.10593	30	59	28	#
313	0.0987879	3	#
314	1.12381	45	49	6	#
315	0.475705	62	128	#
316	0.475705	44	21	128	#
317	0.475705	44	20	28	128	#
318	0.83799	32	11	129	#
319	0.83799	41	7	11	129	#
320	0.83799	41	8	2	129	#
321	0.83799	32	3	2	129	#
322	0.83799	41	7	3	2	129	#
323	0.0622622	11	#
324	1.17113	22	40	130	#
325	1.17113	47	37	130	#
326	1.17113	47	48	11	130	#
327	1.17113	47	24	32	11	130	#
328	1.17113	47	24	41	7	11	130	#
329	0.87476	54	7	#
330	0.728703	53	#
331	0.898097	8	41	24	#
332	0.595782	39	131	#
333	0.595782	29	30	131	#
334	0.595782	24	23	30	131	#
335	0.634961	2	34	4	#
336	0.835353	19	39	13	132	#
337	0.835353	19	29	30	13	132	#
338	0.835353	18	26	39	13	132	#
339	0.835353	18	26	29	30	13	132	#
340	0.835353	18	55	45	132	#
341	0.925459	17	28	53	26	133	#
342	0.925459	17	28	53	18	19	133	#
343	0.65462	34	#
344	0.95424	41	55	134	#
345	0.95424	41	24	26	134	#
346	0.95424	41	24	19	18	134	#
347	0.95424	44	20	53	134	#
348	0.95424	7	32	55	134	#
349	0.320762	26	29	135	#
350	0.320762	18	19	29	135	#
351	0.320762	55	23	135	#
352	0.90768	10	41	23	#
353	0.928216	10	41	136	#
354	0.928216	9	8	41	136	#
355	0.928216	33	32	136	#
356	0.928216	33	7	41	136	#
357	0.879505	55	32	137	#
358	0.879505	55	41	7	137	#
359	0.86721	41	55	18	138	#
360	0.86721	41	24	19	138	#
361	0.237733	0	3	139	#
362	0.237733	1	2	139	#
363	0.475539	31	140	#
364	0.475539	62	7	140	#
365	0.904309	41	24	141	#
366	0.904309	41	23	29	141	#
367	0.904309	41	55	26	141	#
368	0.904309	41	55	18	19	141	#
369	0.904309	35	15	141	#
370	0.704731	53	18	#
371	1.11189	7	0	43	142	#
372	1.11189	7	54	12	142	#
373	1.11189	7	11	1	43	142	#
374	1.11189	7	11	63	12	142	#
375	1.11189	8	3	0	43	142	#
376	1.01173	35	7	143	#
377	1.01173	15	48	143	#
378	1.01173	15	24	32	143	#
379	1.01173	15	24	41	7	143	#
380	1.01173	15	37	11	143	#
381	0.70359	47	39	#
382	1.04159	13	39	47	144	#
383	1.04159	13	30	29	47	144	#
384	1.04159	13	39	19	22	144	#
385	1.04159	13	30	29	19	22	144	#
386	1.04159	13	39	26	18	22	144	#
387	0.206425	12	#
388	1.01695	0	48	145	#
389	1.01695	0	32	24	145	#
390	1.01695	0	7	41	24	145	#
391	1.01695	1	37	145	#
392	1.01695	1	11	48	145	#
393	0.475649	29	47	146	#
394	0.475649	29	19	22	146	#
395	0.0983058	3	#
396	0.855172	18	61	147	#
397	0.855172	26	39	14	147	#
398	0.855172	18	19	39	14	147	#
399	0.855172	26	29	30	14	147	#
400	0.855172	18	19	29	30	14	147	#
401	0.836066	18	55	41	148	#
402	0.836066	19	24	41	148	#
403	0.964433	35	149	#
404	0.964433	15	24	41	149	#
405	0.964433	16	18	55	41	149	#
406	0.964433	15	29	23	41	149	#
407	0.964433	16	19	24	41	149	#
408	0.378141	47	150	#
409	0.378141	22	19	150	#
410	0.665522	3	34	151	#
411	0.665522	11	2	34	151	#
412	0.665522	31	17	151	#
413	0.665522	7	62	17	151	#
414	0.665522	7	44	21	17	151	#
415	0.679454	23	49	152	#
416	0.679454	29	24	49	152	#
417	0.968554	25	36	46	153	#
418	0.968554	25	36	44	7	11	153	#
419	0.968554	25	36	57	2	153	#
420	0.892867	53	18	16	154	#
421	0.892867	53	26	15	154	#
422	0.892867	53	18	19	15	154	#
423	0.892867	59	29	15	154	#
424	0.602667	58	#
425	0.806495	13	39	26	155	#
426	0.806495	13	39	19	18	155	#
427	0.806495	13	30	29	26	155	#
428	0.806495	13	30	29	19	18	155	#
429	0.806495	45	55	155	#
430	0.167958	20	#
431	0.524188	31	156	#
432	0.524188	7	62	156	#
433	0.524188	7	44	21	156	#
434	0.524188	11	50	156	#
435	0.524188	7	44	20	28	156	#
436	0.957239	54	157	#
437	0.957239	63	11	157	#
438	0.957239	51	3	157	#
439	0.957239	63	2	3	157	#
440	0.957239	51	2	11	157	#
441	0.393738	7	44	#
442	0.212044	9	#
443	0.480564	62	158	#
444	0.480564	21	44	158	#
445	0.480564	28	20	44	158	#
446	0.660112	59	#
447	1.05972	5	53	18	16	159	#
448	1.05972	5	53	26	15	159	#
449	1.05972	5	53	18	19	15	159	#
450	1.05972	5	59	29	15	159	#
451	1.05972	4	17	28	53	18	16	159	#
452	0.526266	56	#
453	1.20035	22	18	53	5	160	#
454	1.20035	22	18	53	28	17	4	160	#
455	1.20035	47	26	53	5	160	#
456	1.20035	47	19	18	53	5	160	#
457	0.130802	15	#
458	1.2976	28	59	30	13	161	#
459	1.2976	17	42	161	#
460	0.897934	36	44	162	#
461	0.897934	36	57	8	162	#
462	0.924912	23	41	8	163	#
463	0.924912	23	32	3	163	#
464	0.924912	23	41	7	3	163	#
465	0.101734	7	#
466	0.979534	55	41	8	164	#
467	0.979534	55	32	3	164	#
468	0.979534	55	41	7	3	164	#
469	0.979534	55	32	11	2	164	#
470	0.979534	55	41	7	11	2	164	#
471	0.982117	11	32	23	165	#
472	0.982117	11	7	41	23	165	#
473	0.982117	2	8	41	23	165	#
474	0.982117	2	3	32	23	165	#
475	0.982117	2	3	7	41	23	165	#
476	1.15151	43	0	33	166	#
477	1.15151	12	54	33	166	#
478	1.15151	43	0	3	9	166	#
479	1.15151	12	51	9	166	#
480	1.15151	12	54	3	9	166	#
481	0.790261	24	41	#
482	1.20424	47	24	41	8	167	#
483	1.20424	22	18	55	41	8	167	#
484	1.20424	47	48	3	167	#
485	1.20424	47	24	32	3	167	#
486	1.20424	47	24	41	7	3	167	#
487	0.79565	45	168	#
488	0.79565	23	30	13	168	#
489	0.79565	24	39	13	168	#
490	0.409434	5	20	#
491	0.513808	20	57	169	#
492	0.513808	20	44	8	169	#
493	0.144556	7	#
494	1.0603	0	32	55	170	#
495	1.0603	0	7	41	55	170	#
496	1.0603	1	11	32	55	170	#
497	1.0603	1	11	7	41	55	170	#
498	1.0603	1	40	18	170	#
499	1.13816	54	14	171	#
500	1.13816	32	23	30	171	#
501	1.13816	7	41	23	30	171	#
502	1.13816	0	43	13	171	#
503	1.13816	54	12	13	171	#
