%% File generated by CATS v.2.1Thu May  9 12:49:05 2024

%% The CATS webpage is http://robotics.stanford.edu/CATS

%% PARAMETER SETTINGS:
% Goods: 64; Bids: 500; Distribution: paths; Runs: 1; Seed: 3
% Paths Distribution Parameters:
% Initial connections:       = 2
% Edge density:              = 3.000000
% Shipping cost factor:      = 1.500000
% Max bid set size:          = 5
% Building penalty:          = 1.700000



goods 64
bids 502
dummy 210

0	0.400378	26	27	30	64	#
1	0.400378	31	50	64	#
2	0.400378	22	25	27	30	64	#
3	0.400378	11	12	50	64	#
4	0.400378	24	25	28	30	64	#
5	0.575091	8	33	65	#
6	0.575091	31	60	65	#
7	0.97878	17	23	56	66	#
8	0.97878	22	38	45	66	#
9	0.97878	17	22	24	56	66	#
10	0.97878	25	26	38	45	66	#
11	0.252392	6	#
12	0.8368	58	67	#
13	0.8368	19	47	67	#
14	0.876726	0	23	41	68	#
15	0.876726	27	55	68	#
16	0.876726	0	22	24	41	68	#
17	0.876726	23	28	55	68	#
18	0.876726	0	24	25	26	41	68	#
19	0.859955	24	56	#
20	0.389583	13	22	46	69	#
21	0.389583	13	26	29	69	#
22	0.57324	22	32	38	70	#
23	0.57324	7	8	22	38	70	#
24	0.57324	25	26	32	38	70	#
25	0.937907	2	43	#
26	0.477091	8	22	38	#
27	0.279713	12	25	30	#
28	0.913846	42	71	#
29	0.913846	19	25	34	71	#
30	0.913846	20	25	62	71	#
31	0.913846	19	21	25	62	71	#
32	0.913846	4	20	25	32	38	71	#
33	1.2233	13	16	44	72	#
34	1.2233	13	15	17	44	72	#
35	1.2233	15	58	59	72	#
36	0.20443	46	73	#
37	0.20443	25	29	73	#
38	0.674071	25	30	62	74	#
39	0.674071	5	60	74	#
40	0.674071	4	7	60	74	#
41	0.674071	4	25	30	32	38	74	#
42	0.674071	4	35	51	74	#
43	1.19383	39	75	#
44	1.19383	15	28	56	75	#
45	1.19383	15	23	27	56	75	#
46	1.19383	16	17	28	56	75	#
47	1.19383	26	27	49	75	#
48	0.570894	5	21	76	#
49	0.570894	4	7	21	76	#
50	0.999887	57	77	#
51	0.999887	2	61	63	77	#
52	0.999887	2	3	5	63	77	#
53	0.999887	2	3	4	48	77	#
54	0.999887	2	3	4	7	63	77	#
55	0.348508	26	27	30	78	#
56	0.348508	31	50	78	#
57	0.578185	35	79	#
58	0.578185	7	36	79	#
59	0.0986544	30	#
60	0.640926	2	3	4	80	#
61	0.640926	2	7	61	80	#
62	0.851759	47	81	#
63	0.851759	19	58	81	#
64	0.696508	32	33	82	#
65	0.696508	7	8	33	82	#
66	0.696508	7	31	60	82	#
67	0.696508	25	30	31	32	38	82	#
68	0.696508	48	50	82	#
69	0.866173	0	41	83	#
70	0.866173	28	55	83	#
71	0.866173	23	27	55	83	#
72	0.7165	28	41	84	#
73	0.7165	23	27	41	84	#
74	1.07067	30	49	#
75	0.857156	19	34	85	#
76	0.857156	20	62	85	#
77	0.857156	19	21	62	85	#
78	0.857156	4	20	32	38	85	#
79	0.857156	4	19	21	32	38	85	#
80	0.34511	26	27	30	86	#
81	0.34511	31	50	86	#
82	1.07744	28	56	87	#
83	1.07744	23	27	56	87	#
84	1.07744	22	24	27	56	87	#
85	1.07744	17	22	27	38	45	87	#
86	0.265487	6	#
87	0.444908	12	14	88	#
88	0.444908	13	54	88	#
89	0.444908	12	13	51	88	#
90	0.828009	17	56	#
91	0.623869	17	59	#
92	0.139722	31	#
93	0.910687	19	23	52	89	#
94	0.910687	19	22	34	89	#
95	0.910687	20	22	62	89	#
96	0.910687	19	21	22	62	89	#
97	0.910687	26	42	89	#
98	0.794253	10	17	59	#
99	0.516786	22	32	38	#
100	0.262379	25	30	31	#
101	1.20224	6	37	90	#
102	1.20224	9	16	43	90	#
103	1.20224	9	15	17	43	90	#
104	0.127442	31	#
105	0.245332	12	30	#
106	1.00552	1	24	41	91	#
107	1.00552	1	22	23	41	91	#
108	1.00552	1	23	25	26	41	91	#
109	1.00552	1	38	40	91	#
110	1.00552	0	18	24	41	91	#
111	0.675879	24	41	92	#
112	0.675879	22	23	41	92	#
113	0.792116	12	53	#
114	1.08431	15	56	93	#
115	1.08431	16	17	56	93	#
116	0.864575	56	#
117	0.779251	4	3	9	94	#
118	0.779251	4	3	2	6	94	#
119	0.531929	22	38	32	#
120	0.514008	33	95	#
121	0.514008	38	25	30	31	95	#
122	0.591781	53	#
123	1.05526	16	44	96	#
124	1.05526	15	17	44	96	#
125	0.14627	31	#
126	1.16742	1	41	24	46	13	#
127	0.501049	20	97	#
128	0.501049	19	21	97	#
129	0.235168	27	22	#
130	0.803371	16	10	1	98	#
131	0.803371	15	17	10	1	98	#
132	0.469564	12	14	99	#
133	0.469564	54	13	99	#
134	0.469564	12	51	13	99	#
135	0.469564	11	31	14	99	#
136	0.469564	11	31	51	13	99	#
137	0.348631	14	100	#
138	0.348631	51	13	100	#
139	0.572852	59	17	#
140	0.506596	25	38	32	#
141	0.228805	15	#
142	1.4031	40	8	61	9	101	#
143	1.4031	40	32	4	3	9	101	#
144	0.656294	40	#
145	0.469806	4	21	#
146	0.489136	21	5	102	#
147	0.489136	21	4	7	102	#
148	0.218856	8	#
149	0.427206	8	38	#
150	1.29856	43	9	103	#
151	1.29856	43	2	6	103	#
152	1.29856	16	37	6	103	#
153	1.29856	17	15	37	6	103	#
154	1.29856	17	59	21	3	9	103	#
155	0.32896	3	#
156	0.303136	10	17	#
157	1.00008	1	10	17	59	19	#
158	0.652527	4	3	2	104	#
159	0.652527	7	61	2	104	#
160	0.670909	4	3	2	105	#
161	0.670909	7	61	2	105	#
162	0.433879	46	22	27	106	#
163	0.433879	29	26	27	106	#
164	0.433879	46	24	28	106	#
165	0.433879	29	25	22	27	106	#
166	0.433879	46	25	26	27	106	#
167	0.889261	47	107	#
168	0.889261	19	58	107	#
169	0.886862	24	41	0	108	#
170	0.886862	22	23	41	0	108	#
171	0.886862	22	27	55	108	#
172	0.886862	25	26	23	41	0	108	#
173	0.886862	24	28	55	108	#
174	1.08165	12	30	42	109	#
175	1.08165	12	30	25	34	19	109	#
176	1.08165	12	30	25	62	20	109	#
177	1.08165	12	30	25	62	21	19	109	#
178	1.08165	11	31	30	42	109	#
179	0.97666	25	38	45	110	#
180	0.97666	25	24	56	17	110	#
181	0.97666	26	23	56	17	110	#
182	0.97666	26	22	38	45	110	#
183	0.97666	29	44	110	#
184	0.842419	52	23	111	#
185	0.842419	34	22	111	#
186	0.842419	21	62	22	111	#
187	0.842419	34	25	26	111	#
188	0.842419	21	4	32	38	22	111	#
189	0.312128	38	25	#
190	0.322206	38	25	#
191	0.505763	41	#
192	0.337184	25	38	#
193	0.237231	6	#
194	0.330979	38	22	#
195	0.862474	63	61	112	#
196	0.862474	63	5	3	112	#
197	0.862474	57	2	112	#
198	0.862474	48	4	3	112	#
199	0.862474	63	7	4	3	112	#
200	0.560459	59	#
201	0.503374	10	16	113	#
202	0.503374	10	17	15	113	#
203	0.919406	30	25	34	114	#
204	0.919406	30	25	62	21	114	#
205	0.919406	60	5	21	114	#
206	0.919406	60	7	4	21	114	#
207	0.919406	30	25	38	32	4	21	114	#
208	0.2034	27	#
209	0.336287	1	#
210	1.13621	1	41	24	25	30	12	115	#
211	1.13621	1	41	23	26	30	12	115	#
212	1.13621	1	41	24	25	30	31	11	115	#
213	1.13621	1	41	28	50	11	115	#
214	1.13621	1	41	23	26	30	31	11	115	#
215	0.250406	6	#
216	0.363553	21	4	#
217	1.05021	24	56	15	116	#
218	1.05021	25	49	116	#
219	1.05021	38	45	16	116	#
220	1.05021	38	45	17	15	116	#
221	1.05021	22	23	56	15	116	#
222	0.706562	63	5	117	#
223	0.706562	48	4	117	#
224	0.706562	63	7	4	117	#
225	0.706562	27	22	62	117	#
226	0.706562	28	24	62	117	#
227	0.295508	26	27	118	#
228	0.295508	25	22	27	118	#
229	0.85336	21	4	35	119	#
230	0.85336	58	13	119	#
231	0.85336	21	5	36	119	#
232	0.85336	21	4	7	36	119	#
233	0.85336	34	46	119	#
234	0.653424	35	4	120	#
235	0.653424	36	5	120	#
236	0.653424	36	7	4	120	#
237	0.653424	46	62	120	#
238	0.653424	29	25	62	120	#
239	0.83398	41	1	#
240	1.06229	37	121	#
241	1.06229	16	43	2	121	#
242	1.06229	15	17	43	2	121	#
243	0.633779	17	10	1	#
244	1.05418	45	38	25	30	122	#
245	1.05418	44	51	122	#
246	1.05418	17	56	24	25	30	122	#
247	1.05418	17	56	23	26	30	122	#
248	1.05418	45	38	22	26	30	122	#
249	0.0650173	11	#
250	0.249471	5	123	#
251	0.249471	4	7	123	#
252	0.226627	32	#
253	0.442131	59	#
254	1.26398	43	10	18	124	#
255	1.26398	61	8	40	0	124	#
256	1.26398	3	4	32	40	0	124	#
257	0.304852	4	32	#
258	0.848936	55	50	#
259	0.240812	30	25	24	#
260	0.707732	55	#
261	0.621313	17	10	18	#
262	0.828508	34	125	#
263	0.828508	21	62	125	#
264	0.828508	21	4	32	38	125	#
265	0.828508	52	24	125	#
266	0.828508	52	23	22	125	#
267	0.541261	11	33	126	#
268	0.541261	12	30	25	38	126	#
269	0.541261	11	31	30	25	38	126	#
270	0.970038	12	53	127	#
271	0.970038	11	31	53	127	#
272	0.357577	18	#
273	1.48089	9	43	10	128	#
274	1.48089	6	2	43	10	128	#
275	1.48089	6	37	16	10	128	#
276	1.48089	6	37	15	17	10	128	#
277	0.50359	27	22	38	129	#
278	0.50359	28	24	38	129	#
279	0.510926	35	130	#
280	0.510926	36	7	130	#
281	0.832087	19	52	#
282	0.816472	55	131	#
283	0.816472	28	41	0	131	#
284	1.05021	24	56	15	132	#
285	1.05021	25	49	132	#
286	1.05021	38	45	16	132	#
287	1.05021	38	45	17	15	132	#
288	1.05021	22	23	56	15	132	#
289	0.519463	38	32	133	#
290	0.519463	38	8	7	133	#
291	0.991927	23	56	17	134	#
292	0.991927	22	38	45	134	#
293	0.991927	22	24	56	17	134	#
294	0.991927	26	25	38	45	134	#
295	0.991927	23	24	38	45	134	#
296	0.38755	54	135	#
297	0.38755	51	12	135	#
298	0.38755	51	31	11	135	#
299	0.38755	29	30	12	135	#
300	0.664394	18	10	136	#
301	0.664394	0	1	10	136	#
302	0.914454	45	17	#
303	0.787491	25	24	41	137	#
304	0.787491	26	23	41	137	#
305	0.787491	25	22	23	41	137	#
306	0.787491	26	22	24	41	137	#
307	0.4044	21	4	#
308	0.364312	18	#
309	1.11579	45	33	11	138	#
310	1.11579	45	38	25	30	12	138	#
311	1.11579	44	54	138	#
312	1.11579	44	51	12	138	#
313	1.11241	33	45	139	#
314	1.11241	31	30	25	38	45	139	#
315	1.11241	31	51	44	139	#
316	1.01795	21	4	32	33	140	#
317	1.01795	34	25	30	31	140	#
318	1.01795	21	62	25	30	31	140	#
319	1.01795	21	5	8	33	140	#
320	1.01795	34	25	30	12	11	140	#
321	1.49106	10	43	9	141	#
322	1.49106	10	43	2	6	141	#
323	1.49106	10	16	37	6	141	#
324	1.49106	10	17	15	37	6	141	#
325	0.975155	53	31	142	#
326	0.975155	53	12	11	142	#
327	0.975155	61	8	33	142	#
328	0.975155	61	60	31	142	#
329	0.975155	3	4	32	33	142	#
330	0.977548	41	24	46	13	143	#
331	0.977548	41	24	25	29	13	143	#
332	0.977548	41	23	22	46	13	143	#
333	0.977548	41	23	26	29	13	143	#
334	0.977548	41	23	22	25	29	13	143	#
335	0.600232	32	38	144	#
336	0.600232	7	8	38	144	#
337	0.600232	4	62	144	#
338	0.600232	35	46	144	#
339	0.528211	16	10	145	#
340	0.528211	15	17	10	145	#
341	0.644886	7	60	146	#
342	0.644886	32	38	25	30	146	#
343	0.644886	35	51	146	#
344	0.644886	7	8	38	25	30	146	#
345	0.644886	7	36	51	146	#
346	0.943641	0	41	24	25	30	147	#
347	0.943641	0	41	23	26	30	147	#
348	0.943641	0	41	23	22	25	30	147	#
349	0.943641	55	27	26	30	147	#
350	0.943641	55	50	31	147	#
351	0.53468	33	148	#
352	0.53468	38	25	30	31	148	#
353	0.174728	26	30	#
354	0.681365	20	4	32	149	#
355	0.681365	19	21	4	32	149	#
356	0.395323	4	3	#
357	0.847237	16	45	150	#
358	0.847237	15	17	45	150	#
359	0.0864308	22	#
360	0.875881	16	10	1	151	#
361	0.875881	15	17	10	1	151	#
362	0.875881	16	10	18	0	151	#
363	0.875881	15	17	10	18	0	151	#
364	1.33552	18	10	43	2	#
365	0.827078	2	43	#
366	0.300949	54	152	#
367	0.300949	51	12	152	#
368	1.13304	9	43	17	153	#
369	1.13304	6	2	43	17	153	#
370	0.359264	4	21	#
371	0.501734	61	154	#
372	0.501734	3	5	154	#
373	0.501734	3	4	7	154	#
374	0.937959	37	#
375	0.483136	35	#
376	0.188317	8	#
377	0.965244	25	38	45	155	#
378	0.965244	25	24	56	17	155	#
379	0.965244	26	23	56	17	155	#
380	0.386621	46	22	27	156	#
381	0.386621	29	26	27	156	#
382	0.859305	45	#
383	0.718674	5	20	157	#
384	0.718674	5	21	19	157	#
385	0.718674	7	4	20	157	#
386	0.718674	7	4	21	19	157	#
387	0.868446	1	41	#
388	0.58613	25	38	32	158	#
389	0.58613	25	38	8	7	158	#
390	0.58613	26	22	38	32	158	#
391	0.58613	25	62	4	158	#
392	0.58613	29	35	158	#
393	0.0870907	22	#
394	0.429833	63	#
395	0.943641	30	25	24	41	0	159	#
396	0.943641	30	26	23	41	0	159	#
397	0.943641	30	25	22	23	41	0	159	#
398	0.943641	30	26	27	55	159	#
399	0.943641	31	50	55	159	#
400	1.03389	56	24	25	30	160	#
401	1.03389	56	23	26	30	160	#
402	1.03389	17	45	38	25	30	160	#
403	1.03389	56	23	22	25	30	160	#
404	1.03389	17	44	51	160	#
405	0.263334	38	#
406	0.103344	24	#
407	0.862474	61	63	161	#
408	0.862474	3	5	63	161	#
409	0.862474	2	57	161	#
410	0.862474	3	4	48	161	#
411	0.862474	3	4	7	63	161	#
412	1.01481	28	56	162	#
413	1.01481	27	23	56	162	#
414	0.380821	10	17	#
415	1.09134	28	56	163	#
416	1.09134	27	23	56	163	#
417	1.09134	27	22	24	56	163	#
418	1.09134	27	22	38	45	17	163	#
419	0.522853	63	#
420	0.599027	4	3	2	#
421	0.275863	50	#
422	0.828508	34	164	#
423	0.828508	21	62	164	#
424	0.828508	21	4	32	38	164	#
425	0.828508	52	24	164	#
426	0.828508	52	23	22	164	#
427	0.453829	4	3	#
428	1.02471	10	43	#
429	0.413558	46	13	165	#
430	0.413558	25	29	13	165	#
431	1.13953	0	41	24	46	13	166	#
432	1.13953	0	41	24	25	29	13	166	#
433	1.13953	0	41	23	22	46	13	166	#
434	1.13953	0	41	23	26	29	13	166	#
435	1.13953	55	27	22	46	13	166	#
436	0.992773	56	167	#
437	0.992773	17	45	38	24	167	#
438	0.992773	17	10	1	41	167	#
439	0.273777	6	#
440	0.362894	25	38	#
441	0.364422	9	168	#
442	0.364422	6	2	168	#
443	0.887313	43	#
444	0.580326	13	46	22	27	169	#
445	0.580326	13	29	26	27	169	#
446	0.580326	13	46	24	28	169	#
447	0.580326	13	29	25	22	27	169	#
448	0.580326	13	46	25	26	27	169	#
449	0.568396	19	59	#
450	0.602025	16	10	170	#
451	0.602025	15	17	10	170	#
452	0.309882	38	#
453	0.227365	38	#
454	0.182723	5	#
455	0.641913	4	3	2	171	#
456	0.641913	7	61	2	171	#
457	0.572164	4	35	172	#
458	0.572164	5	36	172	#
459	0.572164	4	7	36	172	#
460	0.612317	17	59	#
461	0.665991	62	173	#
462	0.665991	38	32	4	173	#
463	0.665991	38	8	5	173	#
464	0.665991	38	8	7	4	173	#
465	0.829865	41	24	174	#
466	0.829865	41	23	22	174	#
467	0.829865	41	23	26	25	174	#
468	0.829865	40	38	174	#
469	0.861401	0	41	175	#
470	0.861401	55	28	175	#
471	0.861401	55	27	23	175	#
472	0.844612	53	31	176	#
473	0.844612	53	12	11	176	#
474	1.20106	9	43	177	#
475	1.20106	6	2	43	177	#
476	0.445833	4	20	178	#
477	0.445833	4	21	19	178	#
478	0.266691	5	179	#
479	0.266691	4	7	179	#
480	0.900919	45	38	180	#
481	0.900919	17	56	24	180	#
482	0.491367	5	21	181	#
483	0.491367	7	4	21	181	#
484	0.814819	58	182	#
485	0.814819	19	47	182	#
486	1.41514	18	10	43	2	183	#
487	1.41514	55	57	183	#
488	1.41514	0	40	8	61	2	183	#
489	1.41514	0	40	32	4	3	2	183	#
490	1.41514	0	1	10	43	2	183	#
491	1.0032	21	4	32	33	184	#
492	1.0032	34	25	30	31	184	#
493	1.0032	21	62	25	30	31	184	#
494	0.285312	21	#
495	0.766947	34	185	#
496	0.766947	21	62	185	#
497	1.01795	21	4	32	33	186	#
498	1.01795	34	25	30	31	186	#
499	1.01795	21	62	25	30	31	186	#
500	1.01795	21	5	8	33	186	#
501	1.01795	34	25	30	12	11	186	#
