%% File generated by CATS v.2.1Thu May  9 12:49:05 2024

%% The CATS webpage is http://robotics.stanford.edu/CATS

%% PARAMETER SETTINGS:
% Goods: 64; Bids: 500; Distribution: paths; Runs: 1; Seed: 5
% Paths Distribution Parameters:
% Initial connections:       = 2
% Edge density:              = 3.000000
% Shipping cost factor:      = 1.500000
% Max bid set size:          = 5
% Building penalty:          = 1.700000



goods 64
bids 501
dummy 224

0	0.839813	3	12	18	32	64	#
1	0.839813	3	12	18	22	42	64	#
2	0.839813	4	34	64	#
3	0.203185	9	#
4	0.64354	60	#
5	1.29463	2	46	65	#
6	1.29463	2	3	43	65	#
7	1.29463	37	62	65	#
8	1.29463	8	27	62	65	#
9	1.29463	1	2	3	28	60	65	#
10	1.03316	62	66	#
11	1.03316	2	5	34	66	#
12	0.38926	21	26	67	#
13	0.38926	10	21	25	67	#
14	0.499384	59	#
15	0.90358	2	3	12	18	32	68	#
16	0.90358	2	3	12	18	22	42	68	#
17	0.90358	29	42	53	68	#
18	0.90358	2	4	34	68	#
19	1.02537	43	#
20	0.55212	12	24	69	#
21	0.55212	0	1	12	69	#
22	0.55212	18	45	69	#
23	0.755205	4	23	42	70	#
24	0.755205	21	55	70	#
25	0.755205	4	21	32	70	#
26	0.755205	4	21	22	42	70	#
27	0.52061	12	26	61	#
28	0.664286	7	57	#
29	0.177536	5	#
30	1.0228	12	20	40	71	#
31	1.0228	1	12	20	38	71	#
32	1.0228	7	18	20	58	71	#
33	1.1106	6	10	21	58	72	#
34	1.1106	25	44	72	#
35	1.1106	7	10	16	21	58	72	#
36	1.1106	6	10	18	58	61	72	#
37	1.1106	6	11	18	20	58	72	#
38	0.696971	2	59	73	#
39	0.696971	2	3	12	26	61	73	#
40	0.551537	33	#
41	0.988677	2	34	74	#
42	0.988677	2	3	12	18	55	74	#
43	0.988677	2	3	4	12	18	32	74	#
44	0.988677	2	3	4	12	18	22	42	74	#
45	0.988677	4	29	42	53	74	#
46	0.84975	13	23	33	75	#
47	0.84975	13	21	22	33	75	#
48	0.543594	1	12	20	#
49	0.677882	30	55	76	#
50	0.677882	32	54	76	#
51	0.677882	4	30	32	76	#
52	0.677882	22	42	54	76	#
53	0.677882	4	22	30	42	76	#
54	0.79198	5	51	#
55	0.773324	23	42	54	77	#
56	0.773324	4	23	30	42	77	#
57	0.773324	19	48	77	#
58	0.773324	21	30	55	77	#
59	0.773324	21	32	54	77	#
60	0.404681	1	12	#
61	0.674213	7	57	#
62	0.190958	0	#
63	0.944817	60	63	96	#
64	0.919469	8	15	18	32	78	#
65	0.919469	8	15	18	22	42	78	#
66	0.919469	8	48	61	78	#
67	0.919469	5	8	18	55	78	#
68	0.919469	4	5	8	18	32	78	#
69	0.8997	22	33	79	#
70	0.8997	21	23	33	79	#
71	1.1803	8	62	80	#
72	1.1803	2	5	8	34	80	#
73	1.1803	1	2	3	9	13	60	80	#
74	1.1803	2	39	50	80	#
75	1.1803	2	30	34	39	80	#
76	0.786613	18	55	81	#
77	0.786613	4	18	32	81	#
78	0.786613	4	18	22	42	81	#
79	0.786613	4	23	42	61	81	#
80	0.786613	21	55	61	81	#
81	0.732133	0	13	60	#
82	0.1378	5	#
83	0.172623	7	#
84	0.145117	30	#
85	0.806437	18	20	55	82	#
86	0.806437	4	18	20	32	82	#
87	0.806437	4	18	20	22	42	82	#
88	0.195198	11	#
89	0.594855	2	59	#
90	0.472658	57	#
91	0.201685	26	#
92	0.802122	8	15	32	83	#
93	0.802122	8	15	22	42	83	#
94	0.802122	5	8	55	83	#
95	0.802122	4	5	8	32	83	#
96	0.802122	4	5	8	22	42	83	#
97	1.06544	21	26	58	84	#
98	1.06544	6	44	84	#
99	1.06544	10	21	25	58	84	#
100	1.32302	28	41	60	85	#
101	1.32302	31	46	85	#
102	1.32302	3	31	43	85	#
103	1.32302	2	29	46	85	#
104	1.32302	2	3	29	43	85	#
105	1.09573	5	8	34	86	#
106	1.09573	1	3	9	13	60	86	#
107	1.09573	39	50	86	#
108	1.09573	30	34	39	86	#
109	1.09573	2	8	62	86	#
110	1.16479	44	87	#
111	1.16479	6	21	26	58	87	#
112	1.16479	6	10	21	25	58	87	#
113	1.16479	36	42	47	87	#
114	0.179972	11	#
115	0.780872	19	57	88	#
116	0.780872	30	56	88	#
117	0.780872	5	30	57	88	#
118	0.780872	6	52	88	#
119	0.780872	5	19	56	88	#
120	0.395316	1	3	#
121	1.32302	28	41	60	89	#
122	1.32302	31	46	89	#
123	1.32302	3	31	43	89	#
124	1.32302	2	29	46	89	#
125	1.32302	2	3	29	43	89	#
126	0.555644	37	90	#
127	0.555644	8	27	90	#
128	1.09891	18	20	58	91	#
129	1.09891	10	11	21	58	91	#
130	1.09891	20	21	58	61	91	#
131	1.09891	7	12	20	40	91	#
132	1.09891	1	7	12	20	38	91	#
133	0.887552	18	22	33	92	#
134	0.887552	1	12	60	92	#
135	0.887552	23	33	61	92	#
136	0.920534	0	51	#
137	0.764437	0	38	#
138	0.261652	18	20	#
139	0.713604	4	56	93	#
140	0.713604	15	57	93	#
141	0.713604	6	47	93	#
142	0.713604	4	5	57	93	#
143	0.573005	13	28	94	#
144	0.573005	9	27	94	#
145	0.573005	14	17	28	94	#
146	0.503699	5	8	9	95	#
147	0.503699	5	13	49	95	#
148	0.0910538	4	#
149	0.944817	30	51	96	#
150	0.944817	5	19	51	96	#
151	0.944817	4	51	54	96	#
152	1.1803	8	62	97	#
153	1.1803	2	5	8	34	97	#
154	1.1803	1	2	3	9	13	60	97	#
155	1.1803	2	39	50	97	#
156	1.1803	2	30	34	39	97	#
157	0.699163	22	33	#
158	0.639347	10	21	45	#
159	0.95742	23	33	98	#
160	0.95742	21	22	33	98	#
161	0.95742	48	49	98	#
162	0.95742	15	23	42	49	98	#
163	0.95742	18	22	33	61	98	#
164	0.335652	36	#
165	0.963772	14	35	#
166	0.491034	57	#
167	0.351863	1	3	#
168	0.906496	35	99	#
169	0.906496	36	33	99	#
170	0.906496	26	23	33	99	#
171	0.786579	18	32	15	100	#
172	0.786579	18	22	42	15	100	#
173	0.786579	61	48	100	#
174	0.786579	18	55	5	100	#
175	0.786579	18	32	4	5	100	#
176	0.231606	26	#
177	0.908216	12	18	32	15	101	#
178	0.908216	12	18	22	42	15	101	#
179	0.908216	12	61	48	101	#
180	0.908216	12	18	55	5	101	#
181	0.908216	12	18	32	4	5	101	#
182	0.226172	21	10	#
183	1.09891	58	18	20	102	#
184	1.09891	58	21	10	11	102	#
185	1.09891	58	21	61	20	102	#
186	1.09891	7	40	12	20	102	#
187	1.09891	7	38	1	12	20	102	#
188	0.319599	12	61	#
189	0.826174	13	60	0	#
190	0.282545	31	3	#
191	0.658379	56	103	#
192	0.658379	5	57	103	#
193	0.775839	20	18	32	104	#
194	0.775839	20	18	22	42	104	#
195	0.775839	11	10	23	42	104	#
196	0.775839	20	61	23	42	104	#
197	0.181441	30	#
198	0.840573	10	23	42	54	105	#
199	0.840573	10	23	42	4	30	105	#
200	0.210201	22	#
201	1.29463	46	2	106	#
202	1.29463	43	3	2	106	#
203	1.29463	37	62	106	#
204	1.29463	27	8	62	106	#
205	1.29463	28	60	1	3	2	106	#
206	0.478695	26	61	107	#
207	0.478695	26	21	18	107	#
208	0.478695	25	10	61	107	#
209	0.478695	25	11	20	107	#
210	1.00542	13	33	23	10	108	#
211	1.00542	13	33	22	21	10	108	#
212	1.00542	13	35	25	108	#
213	0.385785	3	12	61	#
214	1.0152	44	109	#
215	1.0152	6	58	21	26	109	#
216	0.898204	4	42	53	110	#
217	0.898204	34	31	110	#
218	0.283464	10	61	111	#
219	0.283464	11	20	111	#
220	0.15515	18	#
221	0.535266	45	112	#
222	0.535266	18	12	24	112	#
223	0.313086	11	25	#
224	1.08964	40	3	2	113	#
225	1.08964	38	1	3	2	113	#
226	1.08964	38	41	29	113	#
227	1.08964	40	3	31	29	113	#
228	1.08964	38	1	3	31	29	113	#
229	0.305054	12	20	#
230	0.825404	1	60	#
231	1.08647	41	60	13	114	#
232	1.08647	31	3	1	60	13	114	#
233	1.08647	41	60	14	17	114	#
234	1.08647	53	33	13	114	#
235	1.08647	29	2	3	1	60	13	114	#
236	1.09576	10	21	58	7	115	#
237	1.09576	10	21	58	6	16	115	#
238	1.09576	10	61	12	40	115	#
239	1.09576	11	20	12	40	115	#
240	1.09576	10	61	12	1	38	115	#
241	0.911827	8	15	42	36	#
242	0.672523	57	19	116	#
243	0.672523	56	30	116	#
244	1.19206	28	60	117	#
245	1.19206	27	9	13	60	117	#
246	1.19206	37	5	51	117	#
247	1.19206	27	8	5	51	117	#
248	0.717073	42	15	8	118	#
249	0.717073	42	4	5	8	118	#
250	0.717073	42	54	39	118	#
251	0.717073	42	4	30	39	118	#
252	0.367985	22	18	#
253	0.291965	54	119	#
254	0.291965	4	30	119	#
255	0.39144	1	3	#
256	1.05099	7	38	41	#
257	0.316699	42	#
258	0.77875	60	#
259	0.756495	5	51	#
260	0.814434	36	42	15	120	#
261	0.814434	36	42	4	5	120	#
262	0.814434	26	48	120	#
263	0.503776	42	54	121	#
264	0.503776	42	4	30	121	#
265	0.891168	48	10	11	122	#
266	0.891168	15	32	18	20	122	#
267	0.891168	15	42	22	18	20	122	#
268	1.17855	36	42	15	37	123	#
269	1.17855	35	28	123	#
270	1.17855	36	42	15	8	27	123	#
271	1.17855	36	33	28	123	#
272	1.17855	36	42	4	5	37	123	#
273	1.02641	58	21	10	124	#
274	1.02641	58	18	61	10	124	#
275	1.02641	58	18	20	11	124	#
276	0.108214	6	#
277	0.816732	10	23	42	4	125	#
278	0.816732	10	21	55	125	#
279	0.816732	10	21	32	4	125	#
280	0.816732	10	21	22	42	4	125	#
281	0.816732	25	36	42	4	125	#
282	0.773324	23	42	54	126	#
283	0.773324	23	42	4	30	126	#
284	0.773324	48	19	126	#
285	0.773324	21	55	30	126	#
286	0.773324	21	32	54	126	#
287	0.710565	56	7	127	#
288	0.710565	5	57	7	127	#
289	0.31434	18	20	#
290	0.802122	32	15	8	128	#
291	0.802122	22	42	15	8	128	#
292	0.802122	55	5	8	128	#
293	0.802122	32	4	5	8	128	#
294	0.802122	22	42	4	5	8	128	#
295	1.16248	43	12	129	#
296	1.16248	37	15	32	18	129	#
297	1.16248	37	15	42	22	18	129	#
298	1.16248	27	8	15	32	18	129	#
299	1.16248	27	8	15	42	22	18	129	#
300	1.14371	8	15	42	53	130	#
301	1.14371	9	13	60	41	130	#
302	1.14371	8	62	29	130	#
303	1.14371	8	5	4	42	53	130	#
304	1.14371	8	5	34	31	130	#
305	0.804542	35	131	#
306	0.804542	33	36	131	#
307	0.795374	33	22	#
308	0.515776	2	3	24	#
309	1.17855	37	15	42	36	132	#
310	1.17855	28	35	132	#
311	1.17855	27	8	15	42	36	132	#
312	1.17855	28	33	36	132	#
313	1.17855	37	5	4	42	36	132	#
314	0.240552	22	#
315	0.292158	9	#
316	0.8789	51	#
317	0.429845	36	133	#
318	0.429845	23	26	133	#
319	0.118793	21	#
320	0.841284	51	30	#
321	0.302924	27	#
322	0.859349	9	13	60	134	#
323	0.859349	8	5	51	134	#
324	0.716012	31	59	135	#
325	0.716012	29	2	59	135	#
326	0.496885	24	12	136	#
327	0.496885	0	1	12	136	#
328	0.631566	45	21	137	#
329	0.631566	24	12	61	137	#
330	0.631566	0	1	12	61	137	#
331	0.631566	24	12	18	21	137	#
332	0.793285	13	33	23	#
333	0.650639	10	21	45	#
334	0.577364	45	138	#
335	0.577364	24	12	18	138	#
336	0.576413	61	12	3	31	#
337	0.140773	21	#
338	1.04232	40	3	139	#
339	1.04232	38	1	3	139	#
340	1.04232	38	41	31	139	#
341	1.04232	38	0	24	3	139	#
342	0.154551	61	#
343	0.965577	7	58	140	#
344	0.965577	16	6	58	140	#
345	0.965577	40	12	18	140	#
346	0.965577	38	1	12	18	140	#
347	0.690517	52	141	#
348	0.690517	19	57	6	141	#
349	0.699696	10	21	45	142	#
350	0.699696	10	61	12	24	142	#
351	0.699696	11	20	12	24	142	#
352	0.915955	33	22	143	#
353	0.915955	33	23	21	143	#
354	0.881537	62	#
355	0.904472	10	21	58	#
356	1.03668	53	42	4	144	#
357	1.03668	31	34	144	#
358	1.03668	29	2	34	144	#
359	1.03668	41	51	144	#
360	1.03668	31	3	12	18	55	144	#
361	0.434871	49	5	#
362	0.732662	56	7	145	#
363	0.732662	5	57	7	145	#
364	1.06582	54	42	53	146	#
365	1.06582	30	4	42	53	146	#
366	1.06582	50	31	146	#
367	1.06582	30	34	31	146	#
368	1.06582	50	2	29	146	#
369	1.26459	46	147	#
370	1.26459	43	3	147	#
371	1.26459	28	60	1	3	147	#
372	1.26459	37	5	34	147	#
373	1.26459	27	8	5	34	147	#
374	0.832544	33	22	148	#
375	0.832544	33	23	21	148	#
376	1.01263	10	23	33	13	149	#
377	1.01263	10	21	22	33	13	149	#
378	1.01263	25	35	13	149	#
379	1.01263	25	36	33	13	149	#
380	0.1127	4	#
381	0.53742	12	61	26	150	#
382	0.53742	12	18	21	26	150	#
383	0.615875	42	23	151	#
384	0.615875	32	21	151	#
385	0.615875	42	22	21	151	#
386	0.423976	36	152	#
387	0.423976	23	26	152	#
388	0.195	61	#
389	0.794157	42	53	#
390	0.175042	0	#
391	1.06582	54	42	53	153	#
392	1.06582	30	4	42	53	153	#
393	1.06582	50	31	153	#
394	1.06582	30	34	31	153	#
395	1.06582	50	2	29	153	#
396	0.786591	18	55	154	#
397	0.786591	18	32	4	154	#
398	0.786591	18	22	42	4	154	#
399	0.786591	61	23	42	4	154	#
400	1.11279	60	41	155	#
401	1.11279	60	1	3	31	155	#
402	1.11279	33	53	155	#
403	1.11279	60	1	3	2	29	155	#
404	0.721301	10	23	42	156	#
405	0.721301	10	21	32	156	#
406	0.721301	10	21	22	42	156	#
407	1.303	0	60	28	157	#
408	1.303	0	60	13	9	27	157	#
409	1.303	0	51	5	37	157	#
410	1.303	0	51	5	8	27	157	#
411	1.303	24	43	157	#
412	0.24665	21	10	#
413	0.796832	13	60	0	#
414	0.472398	13	28	#
415	0.63259	19	57	#
416	1.09303	26	21	58	158	#
417	1.09303	44	6	158	#
418	1.09303	25	10	21	58	158	#
419	1.09303	26	61	18	58	158	#
420	1.09303	44	16	7	158	#
421	0.0942537	17	#
422	0.983968	26	21	58	159	#
423	0.983968	44	6	159	#
424	0.359932	23	10	#
425	1.06841	0	51	30	160	#
426	1.06841	0	51	5	19	160	#
427	1.06841	0	51	4	54	160	#
428	1.06841	45	55	30	160	#
429	1.06841	45	32	54	160	#
430	0.677882	30	55	161	#
431	0.677882	54	32	161	#
432	0.677882	30	4	32	161	#
433	0.677882	54	42	22	161	#
434	0.677882	30	4	42	22	161	#
435	0.247665	39	#
436	0.165743	14	162	#
437	0.165743	13	17	162	#
438	0.727641	48	163	#
439	0.727641	23	42	15	163	#
440	0.727641	23	42	4	5	163	#
441	0.727641	21	32	15	163	#
442	0.727641	21	22	42	15	163	#
443	0.573937	23	42	164	#
444	0.573937	21	32	164	#
445	0.573937	21	22	42	164	#
446	0.752991	55	165	#
447	0.752991	4	32	165	#
448	0.752991	4	42	22	165	#
449	0.752991	4	42	23	21	165	#
450	0.752991	5	15	32	165	#
451	0.397949	10	23	#
452	0.849525	58	18	#
453	0.668081	60	#
454	0.57368	24	12	20	#
455	1.04327	40	12	20	166	#
456	1.04327	38	1	12	20	166	#
457	1.04327	7	58	18	20	166	#
458	0.660976	36	42	4	#
459	0.669232	15	32	167	#
460	0.669232	15	42	22	167	#
461	0.669232	5	55	167	#
462	0.669232	5	4	32	167	#
463	0.669232	5	4	42	22	167	#
464	1.16248	43	12	168	#
465	1.16248	37	15	32	18	168	#
466	1.16248	37	15	42	22	18	168	#
467	1.16248	27	8	15	32	18	168	#
468	1.16248	27	8	15	42	22	18	168	#
469	0.882791	10	23	42	54	169	#
470	0.882791	10	23	42	4	30	169	#
471	0.882791	10	48	19	169	#
472	0.882791	10	21	55	30	169	#
473	0.882791	10	21	32	54	169	#
474	1.29463	46	2	170	#
475	1.29463	43	3	2	170	#
476	1.29463	37	62	170	#
477	1.29463	27	8	62	170	#
478	1.29463	28	60	1	3	2	170	#
479	0.371679	20	12	#
480	0.143796	11	#
481	0.377294	8	15	171	#
482	0.377294	8	5	4	171	#
483	1.12159	2	3	1	60	172	#
484	1.12159	29	41	60	172	#
485	1.12159	29	31	3	1	60	172	#
486	1.12159	2	3	12	18	22	33	172	#
487	1.12159	2	31	41	60	172	#
488	0.860531	48	8	173	#
489	0.860531	23	42	15	8	173	#
490	0.860531	23	42	4	5	8	173	#
491	0.860531	21	32	15	8	173	#
492	0.860531	21	22	42	15	8	173	#
493	1.04269	58	18	174	#
494	1.04269	58	21	61	174	#
495	1.04269	7	40	12	174	#
496	1.04269	7	38	1	12	174	#
497	0.632509	42	36	#
498	0.671702	7	57	#
499	0.546168	28	175	#
500	0.546168	13	9	27	175	#
