%% File generated by CATS v.2.1Thu May  9 12:49:05 2024

%% The CATS webpage is http://robotics.stanford.edu/CATS

%% PARAMETER SETTINGS:
% Goods: 64; Bids: 500; Distribution: paths; Runs: 1; Seed: 95
% Paths Distribution Parameters:
% Initial connections:       = 2
% Edge density:              = 3.000000
% Shipping cost factor:      = 1.500000
% Max bid set size:          = 5
% Building penalty:          = 1.700000



goods 64
bids 501
dummy 214

0	0.791637	59	64	#
1	0.791637	10	13	14	60	64	#
2	0.791637	10	13	14	25	29	64	#
3	0.791637	11	13	55	64	#
4	0.791637	11	13	18	25	31	64	#
5	0.750706	15	24	63	65	#
6	0.750706	7	16	63	65	#
7	0.750706	6	7	15	63	65	#
8	0.750706	6	16	24	63	65	#
9	0.459375	25	48	#
10	0.407853	31	57	66	#
11	0.407853	6	31	35	66	#
12	0.407853	16	18	31	66	#
13	0.407853	6	15	18	31	66	#
14	0.407853	29	45	66	#
15	0.767393	52	67	#
16	0.767393	5	63	67	#
17	0.767393	4	9	63	67	#
18	0.869482	4	23	49	68	#
19	0.869482	5	23	25	26	68	#
20	0.869482	22	50	68	#
21	0.869482	4	9	23	25	26	68	#
22	0.797815	9	15	24	63	69	#
23	0.797815	7	9	16	63	69	#
24	0.797815	6	7	9	15	63	69	#
25	0.797815	7	31	49	57	69	#
26	0.797815	6	9	16	24	63	69	#
27	0.809605	31	43	70	#
28	0.809605	2	8	54	70	#
29	0.809605	0	38	70	#
30	0.980994	2	8	34	71	#
31	0.980994	25	31	43	71	#
32	0.980994	0	2	34	36	71	#
33	0.980994	2	8	25	54	71	#
34	0.980994	0	25	38	71	#
35	0.43941	6	22	24	61	89	#
36	1.00019	2	8	19	34	72	#
37	1.00019	10	14	47	60	72	#
38	1.00019	10	14	25	29	47	72	#
39	1.00019	11	47	55	72	#
40	1.00019	11	18	25	31	47	72	#
41	0.428818	9	26	#
42	0.280625	27	#
43	0.532267	14	60	73	#
44	0.532267	14	25	29	73	#
45	0.427205	8	21	74	#
46	0.427205	8	19	20	74	#
47	0.315128	35	75	#
48	0.315128	15	18	75	#
49	0.315128	6	57	75	#
50	0.315128	6	16	18	75	#
51	0.315128	17	58	75	#
52	0.26724	57	76	#
53	0.26724	6	35	76	#
54	0.26724	16	18	76	#
55	0.26724	6	15	18	76	#
56	0.203084	31	#
57	0.469504	3	12	#
58	0.799267	1	30	41	77	#
59	0.799267	0	19	30	41	77	#
60	0.603241	1	47	78	#
61	0.603241	0	19	47	78	#
62	0.603241	13	56	78	#
63	0.330551	7	45	79	#
64	0.330551	24	58	79	#
65	0.330551	15	24	37	79	#
66	0.330551	6	7	58	79	#
67	0.330551	7	16	37	79	#
68	0.994648	28	32	80	#
69	0.994648	16	27	52	80	#
70	0.994648	6	15	27	52	80	#
71	0.994648	7	40	80	#
72	0.994648	6	24	40	80	#
73	0.78954	22	53	81	#
74	0.78954	11	13	15	22	39	81	#
75	0.78954	10	13	14	23	29	81	#
76	0.133334	20	#
77	0.231827	5	#
78	0.776912	31	43	#
79	0.238465	57	82	#
80	0.238465	6	35	82	#
81	0.106295	24	83	#
82	0.106295	6	7	83	#
83	0.989484	12	51	84	#
84	0.989484	11	13	62	84	#
85	0.424848	14	29	85	#
86	0.424848	14	17	31	85	#
87	0.980994	2	8	34	86	#
88	0.980994	25	31	43	86	#
89	0.980994	0	2	34	36	86	#
90	0.980994	2	8	25	54	86	#
91	0.980994	0	25	38	86	#
92	0.432443	4	27	#
93	0.342274	28	#
94	0.318626	48	#
95	0.179124	11	#
96	0.869448	15	24	52	87	#
97	0.869448	7	16	52	87	#
98	0.869448	6	7	15	52	87	#
99	0.869448	6	16	24	52	87	#
100	0.869448	5	15	24	63	87	#
101	0.58948	41	#
102	0.580897	19	47	#
103	0.0695008	0	#
104	0.553172	3	12	88	#
105	0.553172	2	12	44	88	#
106	0.43941	33	89	#
107	0.43941	7	22	61	89	#
108	0.43941	22	24	39	89	#
109	0.43941	6	7	22	39	89	#
110	0.376382	2	36	90	#
111	0.376382	0	2	8	90	#
112	0.295829	7	61	91	#
113	0.295829	24	39	91	#
114	0.295829	6	7	39	91	#
115	0.295829	6	24	61	91	#
116	0.568579	31	49	#
117	0.483851	22	61	92	#
118	0.483851	6	22	39	92	#
119	0.483851	7	33	92	#
120	0.483851	6	24	33	92	#
121	0.483851	7	22	24	39	92	#
122	0.216878	15	24	93	#
123	0.216878	7	16	93	#
124	0.216878	6	7	15	93	#
125	0.216878	6	16	24	93	#
126	0.764237	11	16	47	94	#
127	0.764237	6	11	15	47	94	#
128	0.764237	7	30	41	94	#
129	0.764237	6	24	30	41	94	#
130	0.764237	7	11	15	24	47	94	#
131	0.733435	11	18	47	95	#
132	0.733435	19	43	95	#
133	0.733435	10	14	17	47	95	#
134	0.814791	11	15	19	47	96	#
135	0.814791	6	11	16	19	47	96	#
136	0.814791	19	24	30	41	96	#
137	0.814791	6	7	19	30	41	96	#
138	0.754617	23	49	97	#
139	0.754617	9	23	25	26	97	#
140	0.178236	14	#
141	0.600899	29	49	98	#
142	0.600899	17	31	49	98	#
143	0.305277	14	29	#
144	1.00019	2	8	19	34	99	#
145	1.00019	10	14	47	60	99	#
146	1.00019	10	14	25	29	47	99	#
147	1.00019	11	47	55	99	#
148	1.00019	11	18	25	31	47	99	#
149	0.295147	11	16	100	#
150	0.295147	6	11	15	100	#
151	0.611291	10	14	60	101	#
152	0.611291	10	14	25	29	101	#
153	0.611291	11	55	101	#
154	0.611291	11	18	25	31	101	#
155	0.611291	11	37	60	101	#
156	0.741677	30	41	102	#
157	0.741677	11	15	24	47	102	#
158	0.741677	7	11	16	47	102	#
159	0.741677	6	7	11	15	47	102	#
160	0.741677	6	11	16	24	47	102	#
161	0.792624	11	18	47	103	#
162	0.792624	19	43	103	#
163	0.792624	10	14	17	47	103	#
164	0.792624	11	17	37	47	103	#
165	0.792624	0	1	43	103	#
166	0.535732	56	104	#
167	0.535732	1	12	30	104	#
168	0.535732	0	12	19	30	104	#
169	0.87915	12	46	105	#
170	0.87915	12	28	44	105	#
171	0.87915	2	3	12	28	105	#
172	0.841679	0	4	42	#
173	0.262698	26	#
174	0.558748	60	14	106	#
175	0.558748	25	29	14	106	#
176	0.558748	25	31	17	14	106	#
177	1.00975	40	107	#
178	1.00975	28	32	7	107	#
179	1.00975	27	52	15	24	107	#
180	1.00975	27	52	16	7	107	#
181	1.00975	46	41	107	#
182	0.911165	5	42	108	#
183	0.911165	9	4	42	108	#
184	0.859903	0	42	109	#
185	0.859903	19	1	42	109	#
186	0.859903	8	28	27	109	#
187	0.680099	54	#
188	0.980994	34	2	8	110	#
189	0.980994	25	31	43	110	#
190	0.980994	34	2	36	0	110	#
191	0.980994	25	54	2	8	110	#
192	0.980994	25	38	0	110	#
193	0.221718	21	111	#
194	0.221718	19	20	111	#
195	0.692792	5	27	112	#
196	0.692792	9	4	27	112	#
197	0.312755	8	2	#
198	0.906138	42	113	#
199	0.906138	27	28	36	113	#
200	0.906138	27	28	8	0	113	#
201	0.942038	27	4	49	114	#
202	0.942038	27	5	26	25	114	#
203	0.942038	28	2	54	114	#
204	0.942038	27	4	9	26	25	114	#
205	0.942038	27	5	9	49	114	#
206	0.857211	46	12	115	#
207	0.857211	28	44	12	115	#
208	0.857211	28	2	3	12	115	#
209	0.480093	8	21	116	#
210	0.480093	8	19	20	116	#
211	0.480093	36	0	21	116	#
212	0.480093	36	1	20	116	#
213	0.480093	36	0	19	20	116	#
214	0.323395	3	#
215	0.925067	3	34	117	#
216	0.925067	12	59	117	#
217	0.925067	3	54	25	117	#
218	0.925067	12	13	10	14	60	117	#
219	0.925067	12	13	10	14	29	25	117	#
220	0.675722	63	16	118	#
221	0.675722	63	15	6	118	#
222	1.37663	51	30	20	119	#
223	1.37663	51	30	19	21	119	#
224	1.37663	51	30	1	0	21	119	#
225	1.37663	62	11	47	20	119	#
226	0.551449	14	10	13	120	#
227	0.551449	37	11	13	120	#
228	0.551449	17	18	11	13	120	#
229	0.877294	50	121	#
230	0.877294	48	49	4	121	#
231	0.877294	48	25	26	5	121	#
232	0.877294	39	15	52	121	#
233	0.877294	61	16	52	121	#
234	0.41187	47	#
235	0.468342	10	11	15	24	122	#
236	0.468342	10	11	16	7	122	#
237	0.468342	10	11	15	6	7	122	#
238	0.468342	10	11	16	6	24	122	#
239	1.1225	20	30	12	53	22	123	#
240	1.1225	21	43	31	23	123	#
241	1.1225	20	47	11	15	39	22	123	#
242	1.1225	20	47	10	14	29	23	123	#
243	1.1225	20	47	11	16	61	22	123	#
244	0.727517	19	47	11	124	#
245	0.727517	0	1	47	11	124	#
246	0.836766	1	30	41	125	#
247	0.836766	0	19	30	41	125	#
248	0.836766	1	47	11	15	24	125	#
249	0.836766	1	47	11	16	7	125	#
250	0.836766	1	47	11	15	6	7	125	#
251	0.801843	32	126	#
252	0.801843	44	41	7	126	#
253	0.801843	44	41	24	6	126	#
254	1.04125	30	51	#
255	0.164901	20	#
256	0.776038	63	16	127	#
257	0.776038	63	15	6	127	#
258	0.776038	63	15	24	7	127	#
259	0.776038	26	25	31	57	127	#
260	0.776038	26	25	31	35	6	127	#
261	0.605258	49	29	128	#
262	0.605258	49	31	17	128	#
263	1.08013	30	51	#
264	0.31194	36	129	#
265	0.31194	0	8	129	#
266	0.491435	28	#
267	0.398677	31	35	130	#
268	0.398677	31	18	15	130	#
269	0.398677	31	57	6	130	#
270	0.398677	29	58	130	#
271	0.398677	29	37	15	130	#
272	1.00506	5	42	1	131	#
273	1.00506	5	42	0	19	131	#
274	1.00506	9	4	42	1	131	#
275	1.00506	9	4	42	0	19	131	#
276	1.01393	42	5	132	#
277	1.01393	42	4	9	132	#
278	0.693726	11	47	19	#
279	0.125437	15	#
280	0.631691	47	20	#
281	0.868939	5	42	133	#
282	0.868939	9	4	42	133	#
283	0.72427	27	5	26	#
284	0.0987069	10	#
285	0.0860573	17	#
286	0.597032	13	10	14	29	#
287	0.149509	1	134	#
288	0.149509	19	0	134	#
289	0.797815	24	15	63	9	135	#
290	0.797815	7	16	63	9	135	#
291	0.797815	7	6	15	63	9	135	#
292	0.797815	7	57	31	49	135	#
293	0.797815	24	6	16	63	9	135	#
294	0.533379	44	12	136	#
295	0.533379	2	3	12	136	#
296	0.974572	21	0	42	137	#
297	0.974572	20	1	42	137	#
298	0.974572	20	19	0	42	137	#
299	0.974572	21	19	1	42	137	#
300	0.974572	21	8	28	27	137	#
301	0.817043	52	16	138	#
302	0.817043	52	15	6	138	#
303	0.817043	52	15	24	7	138	#
304	0.817043	5	63	16	138	#
305	0.817043	5	63	15	6	138	#
306	0.308204	35	139	#
307	0.308204	15	18	139	#
308	0.308204	6	57	139	#
309	0.308204	6	16	18	139	#
310	1.03693	23	54	2	140	#
311	1.03693	22	61	32	140	#
312	1.03693	22	48	54	2	140	#
313	1.03693	22	39	6	32	140	#
314	1.03693	22	53	12	44	140	#
315	1.05642	27	50	141	#
316	1.05642	27	4	49	48	141	#
317	0.356711	27	#
318	0.321535	11	15	24	142	#
319	0.321535	11	16	7	142	#
320	0.321535	11	15	6	7	142	#
321	0.849743	43	21	143	#
322	0.849743	18	11	47	20	143	#
323	0.849743	43	19	20	143	#
324	0.849743	17	14	10	47	20	143	#
325	1.05116	23	38	144	#
326	1.05116	23	54	2	36	144	#
327	1.05116	23	31	43	0	144	#
328	1.05116	22	53	56	144	#
329	1.05116	23	54	2	8	0	144	#
330	0.832301	3	34	#
331	0.656331	53	145	#
332	0.656331	13	11	15	39	145	#
333	0.656331	13	11	16	61	145	#
334	0.656331	13	11	15	6	61	145	#
335	0.656331	13	11	16	6	39	145	#
336	0.314135	11	16	146	#
337	0.314135	11	15	6	146	#
338	0.512147	56	147	#
339	0.512147	1	30	12	147	#
340	0.512147	0	19	30	12	147	#
341	0.917414	53	12	30	19	148	#
342	0.917414	39	15	11	47	19	148	#
343	0.917414	61	16	11	47	19	148	#
344	0.917414	53	56	0	148	#
345	0.917414	61	6	15	11	47	19	148	#
346	0.552779	14	60	149	#
347	0.552779	14	29	25	149	#
348	0.552779	14	17	31	25	149	#
349	0.673095	24	15	63	150	#
350	0.673095	7	16	63	150	#
351	0.673095	7	6	15	63	150	#
352	0.727826	36	28	151	#
353	0.727826	0	8	28	151	#
354	0.601796	60	14	152	#
355	0.601796	25	29	14	152	#
356	0.601796	25	31	17	14	152	#
357	0.791637	59	153	#
358	0.791637	60	14	10	13	153	#
359	0.791637	25	29	14	10	13	153	#
360	0.791637	55	11	13	153	#
361	0.791637	25	31	18	11	13	153	#
362	0.250133	10	11	#
363	0.124592	10	#
364	1.03693	23	54	2	154	#
365	1.03693	22	61	32	154	#
366	1.03693	22	48	54	2	154	#
367	1.03693	22	39	6	32	154	#
368	1.03693	22	53	12	44	154	#
369	0.493124	28	2	#
370	0.412678	29	14	155	#
371	0.412678	31	17	14	155	#
372	0.759446	16	63	9	156	#
373	0.759446	6	15	63	9	156	#
374	0.759446	57	31	49	156	#
375	0.759446	6	35	31	49	156	#
376	0.759446	16	18	31	49	156	#
377	0.361907	61	22	#
378	1.00975	40	157	#
379	1.00975	28	32	7	157	#
380	1.00975	27	52	15	24	157	#
381	1.00975	27	52	16	7	157	#
382	1.00975	46	41	157	#
383	0.471337	12	30	20	#
384	0.573354	10	47	#
385	0.203656	61	#
386	0.435471	7	57	31	158	#
387	0.435471	24	35	31	158	#
388	0.412812	31	18	159	#
389	0.412812	29	37	159	#
390	0.412812	29	17	18	159	#
391	0.412812	31	17	37	159	#
392	0.402532	36	2	160	#
393	0.402532	0	8	2	160	#
394	0.403573	57	31	161	#
395	0.403573	6	35	31	161	#
396	0.403573	16	18	31	161	#
397	0.403573	6	15	18	31	161	#
398	0.932642	31	43	21	162	#
399	0.932642	29	14	10	47	20	162	#
400	0.910317	62	#
401	0.220571	17	14	#
402	0.248147	35	163	#
403	0.248147	18	15	163	#
404	0.248147	57	6	163	#
405	0.856484	30	12	53	164	#
406	0.856484	47	11	15	39	164	#
407	0.856484	47	11	16	61	164	#
408	0.856484	47	11	15	6	61	164	#
409	0.312442	35	165	#
410	0.312442	15	18	165	#
411	0.312442	6	57	165	#
412	0.312442	6	16	18	165	#
413	0.853986	43	31	166	#
414	0.853986	8	2	54	166	#
415	0.853986	0	38	166	#
416	0.853986	43	17	29	166	#
417	0.853986	0	36	2	54	166	#
418	0.162028	21	#
419	0.809687	27	4	49	#
420	1.04809	43	31	23	167	#
421	1.04809	8	2	54	23	167	#
422	1.04809	0	38	23	167	#
423	1.04809	43	17	29	23	167	#
424	1.04809	19	30	12	53	22	167	#
425	0.619725	54	#
426	1.04991	4	42	1	168	#
427	1.04991	4	42	0	19	168	#
428	1.04991	9	5	42	1	168	#
429	1.04991	4	27	28	8	19	168	#
430	1.04991	9	5	42	0	19	168	#
431	0.980704	27	52	15	169	#
432	0.980704	28	32	6	169	#
433	0.980704	27	52	16	6	169	#
434	0.980704	40	24	169	#
435	0.980704	40	7	6	169	#
436	1.08273	51	30	20	#
437	0.998456	36	2	34	170	#
438	0.998456	38	25	170	#
439	0.998456	0	8	2	34	170	#
440	0.998456	36	2	54	25	170	#
441	0.998456	0	43	31	25	170	#
442	0.23211	11	15	#
443	0.30257	30	19	#
444	0.619366	42	#
445	0.213683	5	#
446	0.344943	44	171	#
447	0.344943	2	3	171	#
448	0.901555	62	15	172	#
449	0.901555	62	16	6	172	#
450	0.901555	62	16	7	24	172	#
451	0.748833	8	28	173	#
452	0.748833	0	36	28	173	#
453	0.795382	38	174	#
454	0.795382	54	2	36	174	#
455	0.762775	22	53	#
456	0.980704	27	52	15	175	#
457	0.980704	28	32	6	175	#
458	0.980704	27	52	16	6	175	#
459	0.980704	40	24	175	#
460	0.980704	40	7	6	175	#
461	0.970225	23	38	#
462	0.759606	1	30	41	176	#
463	0.759606	0	19	30	41	176	#
464	0.870798	38	177	#
465	0.870798	36	2	54	177	#
466	0.870798	0	43	31	177	#
467	0.870798	0	8	2	54	177	#
468	0.870798	0	43	17	29	177	#
469	0.0864748	17	#
470	0.152009	18	#
471	0.761535	28	8	19	178	#
472	0.761535	28	36	1	178	#
473	0.761535	28	36	0	19	178	#
474	0.761535	28	8	0	1	178	#
475	0.761535	46	30	178	#
476	1.10262	34	2	8	21	179	#
477	1.10262	25	31	43	21	179	#
478	1.10262	34	2	8	19	20	179	#
479	1.10262	60	14	10	47	20	179	#
480	1.10262	25	29	14	10	47	20	179	#
481	0.454482	60	180	#
482	0.454482	29	25	180	#
483	0.454482	17	31	25	180	#
484	0.123738	9	#
485	0.394994	61	22	181	#
486	0.394994	6	39	22	181	#
487	1.24128	1	30	51	182	#
488	1.24128	0	19	30	51	182	#
489	1.24128	36	44	51	182	#
490	0.277969	11	16	183	#
491	0.277969	11	15	6	183	#
492	0.74561	8	28	184	#
493	0.74561	0	36	28	184	#
494	0.120683	15	#
495	0.72553	3	54	#
496	1.1225	22	53	12	30	20	185	#
497	1.1225	23	31	43	21	185	#
498	1.1225	22	39	15	11	47	20	185	#
499	1.1225	23	29	14	10	47	20	185	#
500	1.1225	22	61	16	11	47	20	185	#
