%% File generated by CATS v.2.1Thu May  9 12:49:05 2024

%% The CATS webpage is http://robotics.stanford.edu/CATS

%% PARAMETER SETTINGS:
% Goods: 64; Bids: 500; Distribution: paths; Runs: 1; Seed: 18
% Paths Distribution Parameters:
% Initial connections:       = 2
% Edge density:              = 3.000000
% Shipping cost factor:      = 1.500000
% Max bid set size:          = 5
% Building penalty:          = 1.700000



goods 64
bids 503
dummy 188

0	0.732884	16	17	59	64	#
1	0.732884	20	33	64	#
2	0.732884	43	51	64	#
3	0.732884	9	15	16	43	64	#
4	0.732884	8	16	43	44	64	#
5	0.774746	14	39	#
6	0.61753	17	33	65	#
7	0.61753	4	48	65	#
8	0.61753	21	59	65	#
9	0.59015	16	18	44	66	#
10	0.59015	8	61	66	#
11	0.59015	15	16	18	24	66	#
12	0.59015	8	18	51	66	#
13	0.59015	8	9	15	16	18	66	#
14	0.594097	4	9	28	42	67	#
15	0.594097	4	24	29	42	67	#
16	0.594097	4	8	9	29	42	67	#
17	0.594097	4	8	24	28	42	67	#
18	0.594097	4	9	15	21	28	67	#
19	0.502479	9	28	42	68	#
20	0.502479	24	29	42	68	#
21	0.502479	8	9	29	42	68	#
22	0.502479	8	24	28	42	68	#
23	0.502479	9	15	21	28	68	#
24	0.951494	2	3	56	69	#
25	0.951494	4	20	60	69	#
26	0.951494	3	20	57	69	#
27	0.951494	2	3	4	5	20	26	69	#
28	0.780431	4	5	36	#
29	1.17986	55	59	70	#
30	1.17986	4	21	30	70	#
31	1.17986	4	5	21	23	36	70	#
32	1.17986	4	5	21	22	25	36	70	#
33	1.17986	22	59	62	70	#
34	0.99817	24	58	71	#
35	0.99817	8	9	58	71	#
36	0.173905	3	#
37	0.55826	0	35	72	#
38	0.55826	0	1	17	72	#
39	1.11827	10	37	73	#
40	1.11827	4	5	19	36	73	#
41	1.11827	4	5	13	19	47	73	#
42	1.11827	4	5	18	20	36	73	#
43	1.25528	18	50	90	#
44	0.96642	8	46	74	#
45	0.96642	0	8	10	31	74	#
46	0.96642	9	24	46	74	#
47	0.96642	6	24	47	52	74	#
48	0.96642	0	1	8	10	43	74	#
49	0.377571	9	15	28	75	#
50	0.377571	29	44	75	#
51	0.377571	15	24	29	75	#
52	0.377571	8	9	15	29	75	#
53	0.377571	8	28	44	75	#
54	0.966844	4	5	36	76	#
55	0.966844	4	5	13	47	76	#
56	0.966844	4	5	6	7	47	76	#
57	1.04438	24	34	54	77	#
58	1.04438	8	9	34	54	77	#
59	1.04438	4	24	42	53	77	#
60	1.04438	14	63	77	#
61	1.04438	4	8	9	42	53	77	#
62	0.93514	34	54	#
63	0.88421	2	24	34	78	#
64	0.88421	2	8	9	34	78	#
65	0.88421	24	42	57	78	#
66	0.88421	8	9	42	57	78	#
67	0.88421	2	4	5	24	26	42	78	#
68	0.785548	35	59	79	#
69	0.785548	1	17	59	79	#
70	0.785548	9	15	31	79	#
71	0.785548	1	9	15	43	79	#
72	0.785548	8	31	44	79	#
73	0.567117	26	54	#
74	0.601331	56	80	#
75	0.601331	4	5	20	26	80	#
76	0.683529	11	33	81	#
77	0.683529	12	17	33	81	#
78	0.683529	4	12	48	81	#
79	0.683529	4	11	49	81	#
80	0.683529	4	11	17	48	81	#
81	1.10284	10	37	82	#
82	1.10284	4	5	19	36	82	#
83	1.10284	4	5	13	19	47	82	#
84	0.857418	19	33	83	#
85	0.857418	16	17	18	59	83	#
86	0.857418	18	20	33	83	#
87	0.857418	4	19	49	83	#
88	0.857418	4	17	19	48	83	#
89	0.490103	16	44	84	#
90	0.490103	15	16	24	84	#
91	0.490103	8	51	84	#
92	0.490103	8	9	15	16	84	#
93	0.490103	9	24	51	84	#
94	0.857418	19	33	85	#
95	0.857418	16	17	18	59	85	#
96	0.857418	18	20	33	85	#
97	0.857418	4	19	49	85	#
98	0.857418	4	17	19	48	85	#
99	0.847251	17	55	86	#
100	0.847251	22	40	86	#
101	0.847251	0	1	22	32	86	#
102	0.847251	17	22	62	86	#
103	0.847251	0	1	10	23	86	#
104	0.941669	12	27	48	87	#
105	0.941669	11	27	49	87	#
106	0.941669	11	17	27	48	87	#
107	0.941669	11	33	41	87	#
108	0.941669	4	11	27	33	87	#
109	0.214676	10	#
110	0.692849	9	31	88	#
111	0.692849	1	9	43	88	#
112	0.692849	8	24	31	88	#
113	0.692849	1	8	24	43	88	#
114	0.738001	16	59	89	#
115	0.738001	17	20	33	89	#
116	0.738001	4	20	48	89	#
117	0.738001	17	43	51	89	#
118	0.738001	9	15	16	17	43	89	#
119	1.25528	32	37	90	#
120	1.25528	22	38	90	#
121	1.25528	10	25	37	90	#
122	1.25528	4	5	19	25	36	90	#
123	0.258004	10	#
124	0.963343	2	9	28	34	91	#
125	0.963343	2	24	29	34	91	#
126	0.963343	2	8	9	29	34	91	#
127	0.963343	9	28	42	57	91	#
128	0.963343	2	7	26	45	91	#
129	0.199139	21	#
130	0.540354	36	#
131	1.17986	59	55	92	#
132	1.17986	21	4	30	92	#
133	1.17986	21	4	5	36	23	92	#
134	1.17986	21	4	5	36	25	22	92	#
135	1.17986	59	62	22	92	#
136	0.675213	59	12	93	#
137	0.675213	59	17	11	93	#
138	0.675213	15	9	43	11	93	#
139	0.675213	44	8	43	11	93	#
140	0.675213	15	24	8	43	11	93	#
141	0.688339	19	4	5	7	94	#
142	0.688339	19	4	5	13	6	94	#
143	0.0637483	17	#
144	0.609397	59	95	#
145	0.609397	15	9	43	17	95	#
146	0.884549	36	5	4	96	#
147	0.884549	47	13	5	4	96	#
148	0.583829	0	32	22	#
149	0.602612	15	16	18	97	#
150	0.602612	42	19	97	#
151	0.602612	9	61	97	#
152	0.602612	15	21	19	97	#
153	0.581786	48	98	#
154	0.581786	49	17	98	#
155	1.25528	37	32	99	#
156	1.25528	38	22	99	#
157	1.25528	37	10	25	99	#
158	1.25528	19	4	5	36	25	99	#
159	1.25528	18	50	99	#
160	0.987244	63	100	#
161	0.987244	24	34	2	3	100	#
162	0.987244	8	9	34	2	3	100	#
163	0.987244	24	42	4	60	100	#
164	0.987244	24	42	57	3	100	#
165	0.140285	11	#
166	0.178971	29	101	#
167	0.178971	8	28	101	#
168	0.287267	44	102	#
169	0.287267	15	24	102	#
170	0.287267	15	9	8	102	#
171	0.99133	60	4	21	103	#
172	0.99133	3	57	21	103	#
173	0.99133	3	2	26	5	4	21	103	#
174	0.99133	3	2	56	16	103	#
175	0.99133	60	4	20	16	103	#
176	0.0999114	4	#
177	0.376823	26	2	#
178	0.483106	59	#
179	1.0541	46	28	104	#
180	1.0541	47	6	45	104	#
181	1.0541	46	8	29	104	#
182	1.0541	10	0	31	28	104	#
183	1.0541	10	0	1	43	28	104	#
184	0.327065	1	#
185	0.701357	9	31	105	#
186	0.701357	9	43	1	105	#
187	0.701357	24	8	31	105	#
188	0.701357	24	8	43	1	105	#
189	0.701357	9	43	17	35	105	#
190	0.698465	61	28	106	#
191	0.698465	18	51	28	106	#
192	0.698465	18	16	15	9	28	106	#
193	0.698465	18	16	44	29	106	#
194	0.698465	61	8	29	106	#
195	0.837197	4	60	107	#
196	0.837197	57	3	107	#
197	0.837197	4	5	26	2	3	107	#
198	0.309452	35	108	#
199	0.309452	1	17	108	#
200	0.881831	21	57	109	#
201	0.881831	21	4	5	26	2	109	#
202	0.881831	16	56	2	109	#
203	0.881831	16	20	57	109	#
204	0.501141	5	4	20	#
205	0.808551	34	24	110	#
206	0.808551	34	9	8	110	#
207	0.808551	26	5	4	42	24	110	#
208	0.808551	26	5	4	42	9	8	110	#
209	0.808551	26	5	4	21	44	110	#
210	0.521044	33	#
211	0.492011	9	42	4	111	#
212	0.492011	8	24	42	4	111	#
213	0.492011	9	15	21	4	111	#
214	0.100595	11	#
215	0.646811	21	41	112	#
216	0.646811	21	4	27	112	#
217	0.785548	35	59	113	#
218	0.785548	1	17	59	113	#
219	0.785548	31	9	15	113	#
220	0.785548	1	43	9	15	113	#
221	0.785548	31	8	44	113	#
222	0.205914	9	15	#
223	0.468249	42	4	114	#
224	0.468249	15	21	4	114	#
225	0.859265	11	40	115	#
226	0.859265	11	1	0	32	115	#
227	0.859265	12	62	115	#
228	0.859265	11	17	62	115	#
229	0.859265	12	17	40	115	#
230	1.25528	37	32	116	#
231	1.25528	38	22	116	#
232	1.25528	37	10	25	116	#
233	1.25528	19	4	5	36	25	116	#
234	1.25528	18	50	116	#
235	1.17421	29	58	22	117	#
236	1.17421	28	8	58	22	117	#
237	1.17421	28	43	17	55	117	#
238	1.17421	28	46	23	117	#
239	1.17421	28	43	40	22	117	#
240	0.392148	35	118	#
241	0.392148	17	1	118	#
242	1.08623	63	29	119	#
243	1.08623	63	8	28	119	#
244	1.08623	3	2	34	9	28	119	#
245	1.08623	3	2	34	24	29	119	#
246	1.08623	63	24	9	28	119	#
247	0.622867	8	31	120	#
248	0.622867	8	43	1	120	#
249	0.138019	3	#
250	1.1116	38	#
251	0.796213	8	31	0	121	#
252	0.796213	8	43	1	0	121	#
253	0.941669	12	48	27	122	#
254	0.941669	11	49	27	122	#
255	0.941669	11	17	48	27	122	#
256	0.941669	11	33	41	122	#
257	0.941669	11	33	4	27	122	#
258	0.633179	0	1	11	123	#
259	0.633179	0	35	12	123	#
260	0.633179	0	35	17	11	123	#
261	0.633179	0	1	17	12	123	#
262	0.809345	19	33	#
263	0.656426	12	59	124	#
264	0.656426	11	17	59	124	#
265	0.656426	11	43	9	15	124	#
266	0.911521	25	47	125	#
267	0.911521	22	23	47	125	#
268	0.911521	25	36	13	125	#
269	0.459944	8	43	11	#
270	0.601831	31	9	#
271	0.902248	2	3	39	#
272	0.442079	32	126	#
273	0.442079	10	25	126	#
274	0.546507	15	52	#
275	0.416915	7	5	4	127	#
276	0.416915	6	13	5	4	127	#
277	0.937103	11	33	19	128	#
278	0.937103	12	59	16	18	128	#
279	0.937103	11	17	59	16	18	128	#
280	0.937103	12	17	33	19	128	#
281	0.937103	12	48	4	19	128	#
282	0.96642	46	8	129	#
283	0.96642	10	0	31	8	129	#
284	0.96642	46	9	24	129	#
285	0.96642	47	6	52	24	129	#
286	0.96642	10	0	1	43	8	129	#
287	0.886151	2	3	39	#
288	0.329643	13	5	#
289	0.877315	1	0	10	130	#
290	0.877315	17	35	0	10	130	#
291	0.877315	40	25	130	#
292	0.329701	1	#
293	0.522198	28	51	131	#
294	0.522198	28	9	15	16	131	#
295	0.522198	29	44	16	131	#
296	0.522198	29	24	15	16	131	#
297	0.522198	29	8	51	131	#
298	0.367218	8	43	#
299	0.452895	4	42	132	#
300	0.452895	4	21	15	132	#
301	0.222809	16	#
302	0.915105	36	25	133	#
303	0.915105	13	47	25	133	#
304	0.915105	36	23	22	133	#
305	0.915105	13	47	23	22	133	#
306	0.915105	7	6	47	25	133	#
307	0.263372	9	15	134	#
308	0.263372	8	44	134	#
309	0.263372	8	24	15	134	#
310	0.431651	26	2	#
311	1.06496	58	24	135	#
312	1.06496	58	8	9	135	#
313	1.06496	40	43	9	135	#
314	1.06496	32	0	31	9	135	#
315	1.06496	25	46	9	135	#
316	0.721869	3	39	22	#
317	0.78939	33	1	#
318	0.781906	62	136	#
319	0.781906	17	40	136	#
320	0.781906	55	22	136	#
321	0.781906	35	0	32	136	#
322	0.781906	17	1	0	32	136	#
323	0.377385	52	#
324	0.269723	42	#
325	0.973172	14	39	#
326	0.323296	9	42	#
327	0.402881	4	19	#
328	0.505766	59	#
329	0.502479	28	9	42	137	#
330	0.502479	29	24	42	137	#
331	0.502479	29	8	9	42	137	#
332	0.502479	28	8	24	42	137	#
333	0.502479	28	9	15	21	137	#
334	0.406017	26	7	138	#
335	0.406017	26	13	6	138	#
336	1.15133	20	4	5	36	139	#
337	1.15133	20	4	5	13	47	139	#
338	1.15133	16	21	4	5	36	139	#
339	1.15133	20	4	5	7	6	47	139	#
340	1.15133	16	21	4	5	13	47	139	#
341	0.351435	54	#
342	1.16552	12	48	60	140	#
343	1.16552	11	49	60	140	#
344	1.16552	11	17	48	60	140	#
345	1.16552	12	48	5	26	2	3	140	#
346	0.0703843	22	#
347	0.232581	21	#
348	0.48708	0	10	#
349	0.729081	35	59	141	#
350	0.729081	1	17	59	141	#
351	0.481744	5	4	21	#
352	0.189756	0	#
353	0.256442	1	#
354	0.752047	17	55	142	#
355	0.752047	40	22	142	#
356	0.799783	28	9	42	41	#
357	0.79489	48	35	143	#
358	0.79489	49	1	143	#
359	0.79489	48	17	1	143	#
360	0.131249	4	#
361	0.873339	34	2	144	#
362	0.873339	42	57	144	#
363	0.873339	42	4	5	26	2	144	#
364	0.873339	15	21	57	144	#
365	0.873339	15	21	4	5	26	2	144	#
366	0.844427	55	145	#
367	0.844427	62	22	145	#
368	0.844427	17	40	22	145	#
369	0.844427	35	0	32	22	145	#
370	0.0717833	17	#
371	0.194315	21	#
372	0.522198	28	51	146	#
373	0.522198	28	9	15	16	146	#
374	0.522198	29	44	16	146	#
375	0.522198	29	24	15	16	146	#
376	0.522198	29	8	51	146	#
377	0.400594	32	#
378	0.865968	0	31	9	147	#
379	0.865968	0	1	43	9	147	#
380	0.865968	0	31	8	24	147	#
381	0.865968	0	1	43	8	24	147	#
382	0.865968	0	35	17	43	9	147	#
383	0.0647639	17	#
384	0.925911	34	2	3	148	#
385	0.925911	24	63	148	#
386	0.925911	42	4	60	148	#
387	0.925911	42	57	3	148	#
388	0.925911	9	8	63	148	#
389	0.579249	49	149	#
390	0.579249	17	48	149	#
391	0.579249	33	4	149	#
392	0.754951	4	60	150	#
393	0.754951	57	3	150	#
394	0.754951	4	5	26	2	3	150	#
395	0.633041	41	21	151	#
396	0.633041	27	4	21	151	#
397	0.186748	0	#
398	1.22075	50	152	#
399	1.22075	25	36	5	4	20	152	#
400	1.22075	22	30	4	20	152	#
401	1.22075	25	47	13	5	4	20	152	#
402	1.22075	22	23	36	5	4	20	152	#
403	0.937103	19	33	11	153	#
404	0.937103	18	16	59	12	153	#
405	0.937103	18	16	59	17	11	153	#
406	0.937103	19	33	17	12	153	#
407	0.937103	19	4	48	12	153	#
408	0.304745	5	4	#
409	0.396221	4	21	#
410	0.636081	54	26	#
411	1.07838	30	4	154	#
412	1.07838	23	36	5	4	154	#
413	1.07838	22	25	36	5	4	154	#
414	1.07838	23	47	13	5	4	154	#
415	1.07838	22	25	47	13	5	4	154	#
416	1.0541	46	28	155	#
417	1.0541	47	6	45	155	#
418	1.0541	46	8	29	155	#
419	1.0541	10	0	31	28	155	#
420	1.0541	10	0	1	43	28	155	#
421	0.248849	28	9	156	#
422	0.248849	29	24	156	#
423	0.248849	29	8	9	156	#
424	0.248849	28	8	24	156	#
425	0.761111	3	2	26	7	157	#
426	0.761111	3	2	26	13	6	157	#
427	0.822669	42	41	158	#
428	0.822669	42	4	27	158	#
429	0.822669	15	21	41	158	#
430	0.822669	15	21	4	27	158	#
431	0.822669	24	44	21	41	158	#
432	0.849107	55	159	#
433	0.849107	62	22	159	#
434	0.849107	17	40	22	159	#
435	0.849107	35	0	32	22	159	#
436	0.849107	17	1	0	32	22	159	#
437	0.184493	16	#
438	0.501407	10	0	#
439	0.0875499	22	#
440	0.714976	3	2	26	13	#
441	1.02565	21	4	53	160	#
442	1.02565	21	4	5	26	54	160	#
443	1.02565	21	4	60	14	160	#
444	1.02565	21	57	3	14	160	#
445	1.02565	16	56	54	160	#
446	0.522198	51	28	161	#
447	0.522198	16	15	9	28	161	#
448	0.522198	16	44	29	161	#
449	0.522198	16	15	24	29	161	#
450	0.522198	51	8	29	161	#
451	1.115	4	5	36	25	162	#
452	1.115	4	30	22	162	#
453	1.115	4	5	13	47	25	162	#
454	1.115	4	5	36	23	22	162	#
455	1.115	4	5	13	47	23	22	162	#
456	0.51559	45	#
457	0.881795	2	56	163	#
458	0.881795	57	20	163	#
459	0.881795	2	26	5	4	20	163	#
460	0.881795	57	21	16	163	#
461	0.881795	2	26	5	4	21	16	163	#
462	0.615889	59	16	#
463	0.740831	60	164	#
464	0.740831	5	26	2	3	164	#
465	0.740831	4	57	3	164	#
466	0.566536	5	26	2	#
467	0.859265	40	11	165	#
468	0.859265	32	0	1	11	165	#
469	0.859265	62	12	165	#
470	0.859265	62	17	11	165	#
471	0.859265	40	17	12	165	#
472	0.277502	15	9	166	#
473	0.277502	44	8	166	#
474	0.277502	15	24	8	166	#
475	1.15997	53	49	167	#
476	1.15997	53	48	17	167	#
477	1.15997	54	26	5	49	167	#
478	1.15997	54	26	5	48	17	167	#
479	1.15997	53	4	33	167	#
480	1.07804	22	58	8	168	#
481	1.07804	55	17	43	168	#
482	1.07804	23	46	168	#
483	1.07804	22	40	43	168	#
484	1.07804	22	32	0	31	168	#
485	0.320291	5	13	#
486	0.44572	9	52	#
487	0.603713	61	169	#
488	0.603713	18	51	169	#
489	0.603713	18	16	15	9	169	#
490	0.603713	19	42	9	169	#
491	0.770464	28	31	170	#
492	0.770464	28	43	1	170	#
493	0.770464	29	8	31	170	#
494	0.770464	29	8	43	1	170	#
495	0.770464	28	43	17	35	170	#
496	0.996824	27	48	35	#
497	0.0728832	6	#
498	0.792149	9	34	171	#
499	0.792149	8	24	34	171	#
500	0.792149	9	42	4	5	26	171	#
501	0.792149	8	24	42	4	5	26	171	#
502	0.792149	9	15	21	4	5	26	171	#
