%% File generated by CATS v.2.1Thu May  9 12:49:05 2024

%% The CATS webpage is http://robotics.stanford.edu/CATS

%% PARAMETER SETTINGS:
% Goods: 64; Bids: 500; Distribution: paths; Runs: 1; Seed: 41
% Paths Distribution Parameters:
% Initial connections:       = 2
% Edge density:              = 3.000000
% Shipping cost factor:      = 1.500000
% Max bid set size:          = 5
% Building penalty:          = 1.700000



goods 64
bids 501
dummy 219

0	1.01633	4	10	28	43	64	#
1	1.01633	4	10	11	16	25	28	64	#
2	1.01633	4	10	25	27	28	58	64	#
3	1.01633	5	10	11	16	22	28	64	#
4	1.01633	4	10	11	15	25	27	28	64	#
5	0.929558	4	25	27	32	#
6	0.171143	19	65	#
7	0.171143	15	18	65	#
8	0.81868	4	10	43	66	#
9	0.81868	4	10	11	16	25	66	#
10	0.81868	4	10	25	27	58	66	#
11	0.81868	5	10	11	16	22	66	#
12	0.81868	4	10	11	15	25	27	66	#
13	0.734217	10	11	16	28	67	#
14	0.734217	10	27	28	58	67	#
15	0.734217	10	11	15	27	28	67	#
16	0.734217	10	15	16	28	58	67	#
17	0.734217	8	10	11	16	40	67	#
18	0.697983	10	11	16	40	68	#
19	0.697983	23	27	32	68	#
20	0.697983	10	27	40	58	68	#
21	0.697983	15	16	23	32	68	#
22	0.697983	10	11	15	27	40	68	#
23	0.655254	10	11	40	69	#
24	0.655254	15	23	32	69	#
25	0.655254	10	15	40	58	69	#
26	0.655254	8	10	11	28	69	#
27	0.146919	13	70	#
28	0.146919	12	14	70	#
29	0.564816	63	71	#
30	0.564816	14	29	71	#
31	0.790875	34	72	#
32	0.790875	6	50	72	#
33	0.790875	4	7	56	72	#
34	0.790875	13	62	72	#
35	0.790875	12	14	62	72	#
36	0.143756	13	73	#
37	0.143756	12	14	73	#
38	0.63062	12	63	74	#
39	0.63062	13	29	74	#
40	0.63062	12	14	29	74	#
41	0.63062	13	14	63	74	#
42	1.16764	17	30	57	75	#
43	1.16764	29	44	75	#
44	1.16764	10	17	30	31	75	#
45	1.16764	2	3	30	57	75	#
46	1.16764	17	61	63	75	#
47	0.108055	12	#
48	0.620265	4	43	76	#
49	0.620265	4	11	16	25	76	#
50	0.423402	10	28	#
51	0.514256	1	20	48	77	#
52	0.514256	1	20	23	24	77	#
53	0.224191	48	78	#
54	0.224191	23	24	78	#
55	0.7875	4	10	43	79	#
56	0.7875	4	10	11	16	25	79	#
57	0.7875	4	10	25	27	58	79	#
58	0.403488	30	#
59	0.77527	16	45	80	#
60	0.77527	21	27	38	80	#
61	0.77527	15	16	21	38	80	#
62	0.77527	15	27	45	80	#
63	0.77527	0	20	27	38	80	#
64	0.293869	10	11	#
65	0.41141	26	48	81	#
66	0.41141	23	24	26	81	#
67	0.69857	18	27	54	99	#
68	0.558885	22	27	82	#
69	0.558885	15	16	22	82	#
70	0.966333	17	61	83	#
71	0.966333	14	44	83	#
72	0.966333	3	55	59	83	#
73	0.966333	12	13	44	83	#
74	0.966333	2	17	55	59	83	#
75	0.635766	11	16	22	84	#
76	0.635766	22	27	58	84	#
77	0.635766	11	15	22	27	84	#
78	0.635766	15	16	22	58	84	#
79	0.819849	0	25	27	38	85	#
80	0.819849	16	25	49	85	#
81	0.819849	0	15	16	25	38	85	#
82	0.819849	18	25	27	36	85	#
83	1.11413	33	86	#
84	1.11413	10	28	46	86	#
85	1.11413	6	37	86	#
86	1.11413	10	11	16	28	42	86	#
87	1.11413	4	7	10	28	43	86	#
88	0.842892	62	87	#
89	0.842892	13	34	87	#
90	0.842892	12	14	34	87	#
91	0.842892	4	7	47	87	#
92	0.842892	12	42	55	87	#
93	0.161472	8	#
94	0.722601	27	32	88	#
95	0.722601	15	16	32	88	#
96	0.722601	10	11	16	23	40	88	#
97	0.722601	18	27	39	88	#
98	0.91842	10	11	16	22	40	89	#
99	0.91842	23	51	89	#
100	0.91842	22	23	27	32	89	#
101	0.91842	10	22	27	40	58	89	#
102	0.91842	15	16	22	23	32	89	#
103	0.902696	10	11	16	22	28	90	#
104	0.902696	10	22	27	28	58	90	#
105	0.619901	10	18	28	58	91	#
106	0.619901	10	11	19	28	91	#
107	0.619901	10	11	15	18	28	91	#
108	0.305279	16	25	#
109	0.339936	11	16	92	#
110	0.339936	27	58	92	#
111	0.265668	48	93	#
112	0.265668	23	24	93	#
113	0.951306	3	26	53	94	#
114	0.951306	2	17	26	53	94	#
115	0.951306	0	1	3	53	94	#
116	0.951306	0	1	2	17	53	94	#
117	0.951306	3	24	60	94	#
118	0.515144	32	#
119	0.0831756	15	#
120	0.69857	11	16	35	99	#
121	0.617955	10	11	16	40	#
122	0.814495	29	56	95	#
123	0.814495	30	43	95	#
124	0.814495	11	16	25	30	95	#
125	0.814495	25	55	63	95	#
126	0.814495	14	56	63	95	#
127	0.549217	1	9	24	96	#
128	0.549217	1	8	48	96	#
129	0.549217	1	8	23	24	96	#
130	0.805347	18	27	42	97	#
131	0.805347	16	19	42	97	#
132	0.805347	15	16	18	42	97	#
133	0.685955	10	11	16	40	98	#
134	0.685955	23	27	32	98	#
135	0.685955	10	27	40	58	98	#
136	0.69857	26	27	38	99	#
137	0.528571	1	9	24	100	#
138	0.528571	1	8	48	100	#
139	0.528571	1	8	23	24	100	#
140	0.16434	10	#
141	0.726223	16	59	101	#
142	0.726223	15	27	59	101	#
143	0.60847	10	11	28	102	#
144	0.60847	10	15	28	58	102	#
145	0.60847	8	10	11	40	102	#
146	0.611209	10	11	16	28	#
147	0.395347	35	#
148	0.201972	27	103	#
149	0.201972	15	16	103	#
150	0.779573	3	41	#
151	0.236091	4	#
152	0.961972	0	52	#
153	0.522919	20	1	48	104	#
154	0.522919	20	1	24	23	104	#
155	1.16076	40	10	46	105	#
156	1.16076	40	10	11	16	42	105	#
157	1.16076	40	10	43	4	7	105	#
158	1.16076	23	32	27	42	105	#
159	1.16076	40	10	58	27	42	105	#
160	1.16076	40	10	46	106	#
161	1.16076	40	10	11	16	42	106	#
162	1.16076	40	10	43	4	7	106	#
163	1.16076	23	32	27	42	106	#
164	1.16076	40	10	58	27	42	106	#
165	0.778368	62	#
166	0.317254	11	10	#
167	0.449208	12	55	#
168	0.226204	6	#
169	0.23826	58	107	#
170	0.23826	15	11	107	#
171	1.28371	8	37	108	#
172	1.28371	23	9	37	108	#
173	1.28371	40	10	46	6	108	#
174	1.28371	40	10	11	16	42	6	108	#
175	0.513786	28	10	58	#
176	1.02852	12	55	16	11	10	40	109	#
177	1.02852	12	55	27	32	23	109	#
178	1.02852	12	55	27	58	10	40	109	#
179	1.00019	1	35	30	110	#
180	1.00019	0	38	58	30	110	#
181	1.00019	49	11	30	110	#
182	1.00019	0	38	15	11	30	110	#
183	1.00019	36	18	58	30	110	#
184	0.296458	40	#
185	0.870535	22	16	11	10	28	111	#
186	0.870535	22	27	58	10	28	111	#
187	0.647835	10	43	112	#
188	0.647835	10	11	16	25	112	#
189	0.647835	10	58	27	25	112	#
190	0.791618	38	27	55	113	#
191	0.791618	38	15	16	55	113	#
192	0.859867	40	31	114	#
193	0.859867	23	60	17	114	#
194	0.859867	48	26	53	17	114	#
195	0.859867	23	24	26	53	17	114	#
196	0.859867	40	10	57	114	#
197	0.618907	28	10	58	115	#
198	0.618907	28	10	11	15	115	#
199	0.618907	9	32	115	#
200	0.458647	11	10	28	#
201	0.656604	30	58	18	#
202	0.169343	16	#
203	0.960065	55	27	38	26	116	#
204	0.960065	55	16	11	35	116	#
205	0.960065	55	27	18	54	116	#
206	0.960065	55	16	15	38	26	116	#
207	0.960065	55	27	38	0	1	116	#
208	0.877042	46	10	#
209	0.838828	0	38	27	25	117	#
210	0.838828	49	16	25	117	#
211	0.838828	0	38	15	16	25	117	#
212	0.838828	36	18	27	25	117	#
213	0.838828	36	19	16	25	117	#
214	0.351845	48	1	118	#
215	0.351845	23	24	1	118	#
216	0.747248	3	41	#
217	0.722807	11	45	119	#
218	0.722807	35	1	20	119	#
219	0.722807	58	38	21	119	#
220	1.16794	32	27	42	120	#
221	1.16794	32	15	16	42	120	#
222	1.16794	23	40	10	46	120	#
223	1.16794	32	27	25	4	7	120	#
224	1.16794	23	40	10	11	16	42	120	#
225	0.447383	1	48	121	#
226	0.447383	1	24	23	121	#
227	0.980148	32	27	25	4	122	#
228	0.980148	32	15	16	25	4	122	#
229	0.980148	23	40	10	43	4	122	#
230	0.980148	51	5	122	#
231	0.980148	24	26	52	122	#
232	0.736289	30	58	18	123	#
233	0.736289	30	11	19	123	#
234	0.736289	30	11	15	18	123	#
235	0.78196	18	27	42	#
236	0.976272	14	55	59	124	#
237	0.976272	14	61	2	124	#
238	0.976272	44	3	124	#
239	0.976272	44	17	2	124	#
240	0.976272	13	12	55	59	124	#
241	0.646339	30	58	18	#
242	0.657165	32	27	125	#
243	0.657165	32	15	16	125	#
244	1.12406	29	34	126	#
245	1.12406	30	46	126	#
246	1.12406	63	12	62	126	#
247	1.12406	63	14	34	126	#
248	1.12406	29	50	6	126	#
249	0.202112	25	#
250	0.449104	4	7	#
251	0.956232	46	10	127	#
252	0.956232	42	16	11	10	127	#
253	0.956232	7	4	43	10	127	#
254	0.956232	42	27	58	10	127	#
255	0.956232	7	4	25	16	11	10	127	#
256	0.451758	38	0	#
257	0.847662	38	27	22	128	#
258	0.847662	38	15	16	22	128	#
259	0.667352	16	59	#
260	0.9681	12	61	129	#
261	0.9681	13	14	61	129	#
262	0.9681	12	55	59	2	129	#
263	0.9681	13	44	17	129	#
264	0.9681	12	14	44	17	129	#
265	0.926223	3	60	23	130	#
266	0.926223	2	31	40	130	#
267	0.926223	2	17	60	23	130	#
268	0.926223	3	53	26	48	130	#
269	0.926223	3	53	26	24	23	130	#
270	0.918643	3	60	131	#
271	0.918643	2	17	60	131	#
272	0.918643	3	53	26	24	131	#
273	0.918643	2	17	53	26	24	131	#
274	0.918643	3	53	0	1	24	131	#
275	0.265374	10	11	#
276	0.376785	16	22	#
277	0.633725	18	58	10	28	132	#
278	0.633725	19	11	10	28	132	#
279	0.633725	18	15	11	10	28	132	#
280	0.633725	39	9	132	#
281	0.633725	39	23	8	132	#
282	0.509607	28	10	58	#
283	0.838828	0	38	27	25	133	#
284	0.838828	49	16	25	133	#
285	0.838828	0	38	15	16	25	133	#
286	0.838828	36	18	27	25	133	#
287	0.838828	36	19	16	25	133	#
288	0.584285	15	32	134	#
289	0.584285	11	10	40	23	134	#
290	0.836779	31	135	#
291	0.836779	10	57	135	#
292	0.243362	40	#
293	1.01251	2	57	30	#
294	0.261136	18	27	#
295	0.570706	27	55	12	136	#
296	0.570706	15	16	55	12	136	#
297	0.765903	27	42	137	#
298	0.765903	15	16	42	137	#
299	0.765903	27	25	4	7	137	#
300	0.585202	35	11	138	#
301	0.585202	26	38	15	138	#
302	0.585202	54	19	138	#
303	0.585202	54	18	15	138	#
304	0.585202	1	49	138	#
305	0.629286	30	58	139	#
306	0.629286	30	11	15	139	#
307	0.331697	1	48	140	#
308	0.331697	1	24	23	140	#
309	0.604646	16	11	10	40	#
310	0.153518	10	#
311	0.723509	27	32	141	#
312	0.723509	16	15	32	141	#
313	0.723509	16	11	10	40	23	141	#
314	0.723509	27	18	39	141	#
315	0.723509	27	58	10	40	23	141	#
316	0.467938	27	22	142	#
317	0.467938	15	16	22	142	#
318	0.579296	56	4	#
319	0.18045	27	#
320	0.599043	54	143	#
321	0.599043	36	1	143	#
322	0.599043	18	38	26	143	#
323	0.599043	39	24	143	#
324	0.337897	22	#
325	0.77527	45	16	144	#
326	0.77527	21	38	27	144	#
327	0.77527	21	38	15	16	144	#
328	0.77527	45	15	27	144	#
329	0.77527	20	0	38	27	144	#
330	0.578246	27	38	145	#
331	0.578246	16	15	38	145	#
332	0.716493	20	1	24	9	146	#
333	0.716493	20	1	48	8	146	#
334	0.716493	20	1	24	23	8	146	#
335	0.716493	21	26	24	9	146	#
336	0.716493	21	26	48	8	146	#
337	0.988474	30	58	38	147	#
338	0.988474	30	11	15	38	147	#
339	0.988474	30	35	26	147	#
340	0.988474	30	35	1	0	147	#
341	0.546553	20	1	48	148	#
342	0.546553	20	1	24	23	148	#
343	0.93463	38	27	55	12	149	#
344	0.93463	38	15	16	55	12	149	#
345	0.633725	28	10	58	18	150	#
346	0.633725	28	10	11	19	150	#
347	0.633725	28	10	11	15	18	150	#
348	0.633725	9	39	150	#
349	0.633725	8	23	39	150	#
350	0.263715	40	#
351	0.676369	18	27	55	12	151	#
352	0.676369	19	16	55	12	151	#
353	0.676369	18	15	16	55	12	151	#
354	0.625415	27	38	152	#
355	0.625415	16	15	38	152	#
356	0.81868	10	43	4	153	#
357	0.81868	10	11	16	25	4	153	#
358	0.81868	10	58	27	25	4	153	#
359	0.81868	10	11	16	22	5	153	#
360	0.81868	10	11	15	27	25	4	153	#
361	0.689763	3	53	154	#
362	0.689763	2	17	53	154	#
363	0.697983	40	10	11	16	155	#
364	0.697983	23	32	27	155	#
365	0.697983	40	10	58	27	155	#
366	0.697983	23	32	15	16	155	#
367	0.697983	40	10	11	15	27	155	#
368	0.589355	28	10	11	156	#
369	0.589355	28	10	58	15	156	#
370	0.52658	11	35	#
371	0.570839	53	17	#
372	1.12406	29	34	157	#
373	1.12406	30	46	157	#
374	1.12406	63	12	62	157	#
375	1.12406	63	14	34	157	#
376	1.12406	29	50	6	157	#
377	0.572669	23	39	#
378	0.464271	38	0	#
379	0.181868	27	#
380	0.621518	32	158	#
381	0.621518	39	18	158	#
382	0.621518	23	40	10	58	158	#
383	0.621518	23	40	10	11	15	158	#
384	0.476187	35	#
385	1.17522	57	30	159	#
386	1.17522	31	10	30	159	#
387	1.17522	61	63	159	#
388	1.17522	61	14	29	159	#
389	1.17522	17	44	29	159	#
390	0.563552	0	38	160	#
391	0.563552	36	18	160	#
392	0.563552	49	15	160	#
393	0.887804	52	161	#
394	0.887804	38	27	25	4	161	#
395	0.887804	38	15	16	25	4	161	#
396	0.887804	38	27	22	5	161	#
397	0.917044	61	14	162	#
398	0.917044	17	44	162	#
399	0.661755	16	11	10	40	163	#
400	0.661755	27	32	23	163	#
401	0.661755	27	58	10	40	163	#
402	0.966333	17	61	164	#
403	0.966333	44	14	164	#
404	0.966333	3	59	55	164	#
405	0.966333	44	13	12	164	#
406	0.966333	17	2	59	55	164	#
407	0.763413	3	53	26	#
408	0.275824	40	#
409	0.195328	27	#
410	0.231447	40	#
411	0.0952699	18	#
412	0.205514	20	#
413	0.938702	31	28	165	#
414	0.938702	57	10	28	165	#
415	0.938702	31	40	8	165	#
416	0.938702	17	60	9	165	#
417	0.938702	17	60	23	8	165	#
418	0.209308	13	166	#
419	0.209308	14	12	166	#
420	0.12164	10	#
421	0.278905	28	#
422	1.23366	37	167	#
423	1.23366	33	6	167	#
424	1.23366	28	10	46	6	167	#
425	0.147626	16	#
426	0.608908	9	24	1	168	#
427	0.608908	8	48	1	168	#
428	0.608908	8	23	24	1	168	#
429	0.608908	9	23	48	1	168	#
430	0.608908	9	24	26	0	168	#
431	0.926223	3	60	23	169	#
432	0.926223	2	31	40	169	#
433	0.926223	2	17	60	23	169	#
434	0.926223	3	53	26	48	169	#
435	0.926223	3	53	26	24	23	169	#
436	1.01258	12	55	27	38	0	170	#
437	1.01258	12	55	16	49	170	#
438	1.01258	12	55	16	15	38	0	170	#
439	1.01258	12	55	27	18	36	170	#
440	1.01258	12	55	16	19	36	170	#
441	0.86908	55	16	11	10	40	#
442	1.16794	42	27	32	171	#
443	1.16794	42	16	15	32	171	#
444	1.16794	46	10	40	23	171	#
445	1.16794	7	4	25	27	32	171	#
446	1.16794	42	16	11	10	40	23	171	#
447	0.987335	2	31	28	172	#
448	0.987335	2	57	10	28	172	#
449	0.562725	9	24	26	173	#
450	0.562725	8	48	26	173	#
451	0.562725	8	23	24	26	173	#
452	0.562725	9	24	1	0	173	#
453	0.562725	8	48	1	0	173	#
454	0.575618	32	174	#
455	0.575618	18	39	174	#
456	0.575618	58	10	40	23	174	#
457	0.848297	43	35	175	#
458	0.848297	25	27	38	26	175	#
459	0.848297	25	16	11	35	175	#
460	0.848297	25	27	18	54	175	#
461	0.848297	25	16	15	38	26	175	#
462	0.740253	57	17	#
463	1.00341	45	16	22	176	#
464	1.00341	21	38	27	22	176	#
465	1.00341	21	38	15	16	22	176	#
466	1.00341	45	15	27	22	176	#
467	1.00341	20	0	38	27	22	176	#
468	0.46626	55	27	177	#
469	0.46626	55	16	15	177	#
470	0.985004	32	27	55	178	#
471	0.985004	32	15	16	55	178	#
472	0.985004	23	40	10	11	16	55	178	#
473	0.985004	39	18	27	55	178	#
474	0.985004	23	40	10	58	27	55	178	#
475	0.901505	26	53	3	179	#
476	0.901505	26	53	17	2	179	#
477	0.901505	1	0	53	3	179	#
478	0.901505	1	0	53	17	2	179	#
479	1.06164	21	52	180	#
480	1.06164	20	0	52	180	#
481	1.06164	45	16	25	4	180	#
482	1.06164	21	38	27	25	4	180	#
483	1.06164	21	38	15	16	25	4	180	#
484	0.743766	50	14	#
485	0.823718	60	23	181	#
486	0.823718	53	26	48	181	#
487	0.823718	53	26	24	23	181	#
488	0.823718	53	0	1	48	181	#
489	0.823718	53	0	1	24	23	181	#
490	0.338959	28	10	#
491	0.365664	55	#
492	0.924037	35	30	182	#
493	0.924037	48	40	10	30	182	#
494	0.924037	24	23	40	10	30	182	#
495	0.762162	41	183	#
496	0.762162	59	22	183	#
497	0.665747	38	21	184	#
498	0.665747	15	45	184	#
499	0.665747	38	0	20	184	#
500	0.665747	18	36	20	184	#
