%% File generated by CATS v.2.1Thu May  9 12:49:05 2024

%% The CATS webpage is http://robotics.stanford.edu/CATS

%% PARAMETER SETTINGS:
% Goods: 64; Bids: 500; Distribution: paths; Runs: 1; Seed: 33
% Paths Distribution Parameters:
% Initial connections:       = 2
% Edge density:              = 3.000000
% Shipping cost factor:      = 1.500000
% Max bid set size:          = 5
% Building penalty:          = 1.700000



goods 64
bids 500
dummy 216

0	1.10798	16	43	64	#
1	1.10798	6	38	51	64	#
2	1.10798	5	49	64	#
3	1.10798	5	16	46	64	#
4	1.10798	5	38	44	64	#
5	0.566963	36	65	#
6	0.566963	9	58	65	#
7	0.647447	41	66	#
8	0.647447	21	52	66	#
9	0.983254	4	55	57	67	#
10	0.983254	5	6	55	57	67	#
11	0.983254	4	25	42	67	#
12	0.983254	6	28	50	57	67	#
13	0.983254	5	6	25	42	67	#
14	0.370602	27	68	#
15	0.370602	24	26	68	#
16	0.242825	17	#
17	1.10798	16	43	69	#
18	1.10798	6	38	51	69	#
19	1.10798	5	49	69	#
20	1.10798	5	16	46	69	#
21	1.10798	5	38	44	69	#
22	0.881206	18	44	70	#
23	0.881206	9	55	59	70	#
24	0.881206	19	22	55	57	70	#
25	0.221783	47	#
26	0.966612	15	23	37	71	#
27	0.966612	15	23	28	58	71	#
28	0.966612	9	15	23	28	36	71	#
29	1.13307	12	24	41	72	#
30	1.13307	12	21	24	52	72	#
31	1.35159	6	63	73	#
32	1.35159	0	4	55	57	60	73	#
33	1.35159	0	4	13	22	55	57	73	#
34	1.35159	1	34	51	73	#
35	1.35159	1	8	18	51	73	#
36	0.194104	20	#
37	0.983283	23	53	74	#
38	0.983283	28	57	60	74	#
39	0.983283	13	22	28	57	74	#
40	0.983283	7	8	9	28	59	74	#
41	0.487469	10	57	#
42	0.274206	9	28	#
43	0.167702	21	#
44	0.209797	3	75	#
45	0.209797	2	25	75	#
46	1.24687	0	55	57	60	76	#
47	1.24687	0	13	22	55	57	76	#
48	1.24687	1	34	44	76	#
49	1.24687	1	8	18	44	76	#
50	1.24687	1	7	55	57	60	76	#
51	0.55916	5	50	77	#
52	0.55916	28	55	77	#
53	1.02533	18	51	78	#
54	1.02533	4	18	44	78	#
55	1.02533	4	9	55	59	78	#
56	1.02533	5	6	18	44	78	#
57	1.02533	4	19	22	55	57	78	#
58	0.871177	7	24	53	#
59	0.64097	52	#
60	0.759236	9	57	60	79	#
61	0.759236	9	13	22	57	79	#
62	0.759236	7	8	59	79	#
63	0.968776	15	37	80	#
64	0.968776	15	28	58	80	#
65	0.968776	9	15	28	36	80	#
66	0.968776	10	28	62	80	#
67	0.968776	9	14	28	62	80	#
68	1.13786	43	81	#
69	1.13786	5	46	81	#
70	1.13786	4	6	46	81	#
71	1.13786	6	17	18	51	81	#
72	1.13786	5	17	18	44	81	#
73	0.65802	1	34	82	#
74	0.65802	1	8	18	82	#
75	0.65802	0	7	34	82	#
76	0.65802	0	7	8	18	82	#
77	0.65802	0	13	47	82	#
78	0.783655	23	41	83	#
79	0.783655	21	23	52	83	#
80	0.512558	9	22	57	#
81	1.14913	6	34	51	84	#
82	1.14913	6	8	18	51	84	#
83	1.14913	5	34	44	84	#
84	1.14913	5	8	18	44	84	#
85	1.14913	5	7	55	57	60	84	#
86	0.917715	28	54	#
87	0.193549	24	#
88	0.859067	9	28	59	85	#
89	0.859067	19	22	28	57	85	#
90	0.682373	12	34	86	#
91	0.682373	8	12	18	86	#
92	0.469521	32	#
93	1.02533	18	51	87	#
94	1.02533	4	18	44	87	#
95	1.02533	4	9	55	59	87	#
96	1.02533	5	6	18	44	87	#
97	1.02533	4	19	22	55	57	87	#
98	0.192387	19	#
99	0.971614	4	42	88	#
100	0.971614	5	6	42	88	#
101	0.971614	4	25	55	57	88	#
102	0.135138	25	#
103	0.469162	1	8	#
104	1.35159	6	63	89	#
105	1.35159	0	4	55	57	60	89	#
106	1.35159	0	4	13	22	55	57	89	#
107	1.35159	1	34	51	89	#
108	1.35159	1	8	18	51	89	#
109	1.28009	12	24	41	90	#
110	1.28009	12	21	24	52	90	#
111	1.28009	23	24	28	54	90	#
112	0.661228	58	91	#
113	0.661228	9	36	91	#
114	0.255207	24	#
115	1.04161	54	55	92	#
116	1.04161	12	44	92	#
117	0.850839	7	10	57	60	93	#
118	0.850839	8	14	59	93	#
119	0.850839	7	10	13	22	57	93	#
120	0.850839	8	9	10	59	93	#
121	0.850839	8	10	19	22	57	93	#
122	0.355623	11	#
123	0.271723	47	94	#
124	0.271723	18	19	94	#
125	0.511651	6	50	#
126	0.298349	0	#
127	0.859707	10	23	27	28	95	#
128	0.859707	14	56	95	#
129	0.859707	10	23	24	26	28	95	#
130	0.859707	9	10	56	95	#
131	0.859707	9	14	23	27	28	95	#
132	0.418214	29	96	#
133	0.418214	11	15	96	#
134	0.254278	7	8	#
135	0.393477	1	97	#
136	0.393477	0	7	97	#
137	0.796645	17	59	98	#
138	0.796645	16	30	59	98	#
139	0.796645	9	22	33	57	98	#
140	0.796645	9	17	19	22	57	98	#
141	0.375091	34	99	#
142	0.375091	8	18	99	#
143	0.833855	6	51	#
144	0.850839	7	10	57	60	100	#
145	0.850839	8	14	59	100	#
146	0.850839	7	10	13	22	57	100	#
147	0.850839	8	9	10	59	100	#
148	0.850839	8	10	19	22	57	100	#
149	0.312332	23	24	#
150	0.841369	10	57	60	101	#
151	0.841369	10	13	22	57	101	#
152	0.841369	9	14	57	60	101	#
153	0.841369	9	13	14	22	57	101	#
154	0.841369	7	8	14	59	101	#
155	1.2775	15	23	24	37	102	#
156	1.2775	15	23	24	28	58	102	#
157	1.2775	9	15	23	24	28	36	102	#
158	1.2775	10	23	24	28	62	102	#
159	1.2775	9	14	23	24	28	62	102	#
160	1.18859	12	41	103	#
161	1.18859	12	21	52	103	#
162	1.18859	23	28	54	103	#
163	1.18859	23	29	37	103	#
164	1.18859	23	28	29	58	103	#
165	0.259653	24	#
166	0.612484	10	22	57	#
167	0.863699	23	37	104	#
168	0.863699	23	28	58	104	#
169	0.863699	9	23	28	36	104	#
170	0.209059	19	22	#
171	0.116516	25	#
172	0.881485	17	18	32	105	#
173	0.881485	16	32	38	105	#
174	0.881485	16	18	30	32	105	#
175	0.36495	38	106	#
176	0.36495	18	30	106	#
177	0.36495	16	17	18	106	#
178	0.231954	7	8	#
179	1.32254	12	24	41	107	#
180	1.32254	12	21	24	52	107	#
181	1.32254	23	24	28	54	107	#
182	0.866994	7	57	60	108	#
183	0.866994	7	13	22	57	108	#
184	0.866994	8	9	59	108	#
185	0.866994	8	19	22	57	108	#
186	0.866994	3	7	31	57	108	#
187	0.747315	9	30	59	109	#
188	0.747315	9	16	17	59	109	#
189	0.297501	9	28	#
190	1.05591	43	#
191	0.467222	39	110	#
192	0.467222	19	30	110	#
193	0.467222	16	33	110	#
194	0.467222	16	17	19	110	#
195	0.467222	38	47	110	#
196	0.737482	9	17	59	111	#
197	0.737482	22	33	57	111	#
198	0.737482	17	19	22	57	111	#
199	0.871927	7	40	#
200	0.881123	61	112	#
201	0.881123	5	23	24	50	112	#
202	0.881123	23	24	28	55	112	#
203	0.881123	4	48	112	#
204	0.881123	4	24	35	112	#
205	0.303931	34	113	#
206	0.303931	8	18	113	#
207	0.904934	23	27	50	114	#
208	0.904934	23	24	26	50	114	#
209	0.904934	6	27	35	114	#
210	0.904934	6	26	48	114	#
211	0.904934	6	24	26	35	114	#
212	0.861323	6	51	115	#
213	0.861323	5	44	115	#
214	0.861323	4	6	44	115	#
215	0.955796	48	116	#
216	0.955796	24	35	116	#
217	0.955796	6	23	24	50	116	#
218	0.955796	4	61	116	#
219	0.955796	5	6	61	116	#
220	0.407643	27	117	#
221	0.407643	24	26	117	#
222	0.859707	10	23	27	28	118	#
223	0.859707	14	56	118	#
224	0.859707	10	23	24	26	28	118	#
225	0.859707	9	10	56	118	#
226	0.859707	9	14	23	27	28	118	#
227	0.295405	38	#
228	0.864666	23	24	50	119	#
229	0.864666	6	48	119	#
230	0.864666	6	24	35	119	#
231	1.05243	28	54	#
232	0.761834	12	22	25	47	120	#
233	0.761834	12	20	21	25	120	#
234	0.761834	12	18	19	22	25	120	#
235	0.753961	10	23	24	28	121	#
236	0.753961	9	14	23	24	28	121	#
237	0.305973	60	122	#
238	0.305973	13	22	122	#
239	0.403932	22	25	47	#
240	0.619845	36	123	#
241	0.619845	9	58	123	#
242	0.866994	7	57	60	124	#
243	0.866994	7	13	22	57	124	#
244	0.866994	8	9	59	124	#
245	0.866994	8	19	22	57	124	#
246	0.866994	3	7	31	57	124	#
247	0.761076	9	30	59	125	#
248	0.761076	9	16	17	59	125	#
249	0.761076	22	39	57	125	#
250	0.761076	19	22	30	57	125	#
251	0.761076	16	22	33	57	125	#
252	0.275626	60	#
253	1.0609	0	10	57	60	126	#
254	1.0609	0	10	13	22	57	126	#
255	1.0609	1	7	10	57	60	126	#
256	1.0609	1	8	14	59	126	#
257	1.0609	1	7	10	13	22	57	126	#
258	0.345929	11	#
259	0.516924	23	50	#
260	1.0609	0	10	57	60	127	#
261	1.0609	0	10	13	22	57	127	#
262	1.0609	1	7	10	57	60	127	#
263	1.0609	1	8	14	59	127	#
264	1.0609	1	7	10	13	22	57	127	#
265	0.461068	12	#
266	0.391672	7	34	128	#
267	0.391672	7	8	18	128	#
268	1.04984	6	43	129	#
269	1.04984	4	46	129	#
270	0.397196	7	31	#
271	0.841369	10	57	60	130	#
272	0.841369	10	13	22	57	130	#
273	0.841369	9	14	57	60	130	#
274	0.841369	9	13	14	22	57	130	#
275	0.841369	7	8	14	59	130	#
276	0.518756	9	55	#
277	0.464338	7	25	60	131	#
278	0.464338	7	13	22	25	131	#
279	0.464338	2	7	31	131	#
280	1.00167	46	132	#
281	1.00167	17	18	44	132	#
282	1.00167	16	49	132	#
283	1.00167	16	38	44	132	#
284	1.00167	9	17	55	59	132	#
285	1.31151	6	63	#
286	0.280429	19	22	#
287	0.498189	7	31	#
288	0.824557	7	10	57	60	133	#
289	0.824557	8	14	59	133	#
290	0.824557	7	10	13	22	57	133	#
291	0.824557	8	9	10	59	133	#
292	1.24687	0	55	57	60	134	#
293	1.24687	0	13	22	55	57	134	#
294	1.24687	1	34	44	134	#
295	1.24687	1	8	18	44	134	#
296	1.24687	1	7	55	57	60	134	#
297	0.688054	9	23	24	28	#
298	0.201241	4	#
299	1.12925	36	56	135	#
300	1.12925	23	27	37	135	#
301	1.12925	23	27	28	58	135	#
302	1.12925	23	24	26	37	135	#
303	1.12925	23	24	26	28	58	135	#
304	0.688942	17	59	#
305	0.978379	16	45	#
306	0.562695	58	136	#
307	0.562695	9	36	136	#
308	0.898274	53	137	#
309	0.898274	52	20	60	137	#
310	0.523621	36	138	#
311	0.523621	9	58	138	#
312	1.01308	23	37	15	139	#
313	1.01308	23	28	58	15	139	#
314	1.01308	23	28	9	36	15	139	#
315	0.850839	7	60	57	10	140	#
316	0.850839	8	59	14	140	#
317	0.850839	7	13	22	57	10	140	#
318	0.850839	8	59	9	10	140	#
319	0.850839	8	19	22	57	10	140	#
320	0.275769	28	9	#
321	1.2879	27	41	12	141	#
322	1.2879	27	52	21	12	141	#
323	1.2879	26	24	41	12	141	#
324	1.2879	26	24	52	21	12	141	#
325	1.2879	27	23	28	54	141	#
326	0.849701	15	32	47	142	#
327	0.849701	11	12	47	142	#
328	0.849701	15	32	18	19	142	#
329	0.243269	30	143	#
330	0.243269	17	16	143	#
331	1.12925	36	56	144	#
332	1.12925	37	23	27	144	#
333	1.12925	58	28	23	27	144	#
334	1.12925	37	23	24	26	144	#
335	1.12925	58	28	23	24	26	144	#
336	0.719711	0	31	145	#
337	0.719711	1	7	31	145	#
338	0.719711	0	60	3	145	#
339	0.719711	0	60	25	2	145	#
340	0.719711	0	13	22	3	145	#
341	0.729159	59	17	146	#
342	0.729159	59	30	16	146	#
343	0.579524	59	#
344	0.352943	1	147	#
345	0.352943	0	7	147	#
346	0.840607	27	23	50	148	#
347	0.840607	26	24	23	50	148	#
348	0.263066	24	#
349	0.581342	57	10	149	#
350	0.581342	57	9	14	149	#
351	0.446686	34	150	#
352	0.446686	18	8	150	#
353	1.0609	0	60	57	10	151	#
354	1.0609	0	13	22	57	10	151	#
355	1.0609	1	7	60	57	10	151	#
356	1.0609	1	8	59	14	151	#
357	1.0609	1	7	13	22	57	10	151	#
358	0.553142	58	152	#
359	0.553142	36	9	152	#
360	0.653518	1	8	17	#
361	1.09008	23	37	153	#
362	1.09008	23	28	58	153	#
363	1.09008	23	28	9	36	153	#
364	1.09008	41	32	153	#
365	1.09008	52	21	32	153	#
366	0.385617	60	25	154	#
367	0.385617	13	22	25	154	#
368	0.385617	31	2	154	#
369	0.056845	7	#
370	0.736705	60	57	9	155	#
371	0.736705	13	22	57	9	155	#
372	0.736705	7	8	59	155	#
373	0.918304	53	24	#
374	0.804327	24	23	50	156	#
375	0.804327	48	6	156	#
376	0.804327	24	35	6	156	#
377	0.998894	61	26	157	#
378	0.998894	5	50	23	27	157	#
379	0.998894	55	28	23	27	157	#
380	0.998894	4	35	27	157	#
381	0.998894	4	6	50	23	27	157	#
382	0.902211	7	40	#
383	0.252619	30	158	#
384	0.252619	16	17	158	#
385	0.0691167	7	#
386	0.370388	7	34	159	#
387	0.370388	7	8	18	159	#
388	0.903064	57	55	160	#
389	0.903064	25	42	160	#
390	1.03387	24	45	#
391	0.397226	20	3	161	#
392	0.397226	20	25	2	161	#
393	0.218545	3	162	#
394	0.218545	2	25	162	#
395	0.586144	57	28	#
396	0.808894	30	59	163	#
397	0.808894	16	17	59	163	#
398	0.808894	39	22	57	9	163	#
399	0.808894	30	19	22	57	9	163	#
400	0.808894	16	33	22	57	9	163	#
401	1.13786	43	164	#
402	1.13786	46	5	164	#
403	1.13786	46	4	6	164	#
404	1.13786	17	18	51	6	164	#
405	1.13786	17	18	44	5	164	#
406	0.0985083	2	#
407	0.657349	41	165	#
408	0.657349	52	21	165	#
409	0.281406	22	47	#
410	0.290949	38	#
411	0.441687	23	28	#
412	0.50151	25	22	33	166	#
413	0.50151	25	22	19	17	166	#
414	0.697466	42	#
415	0.321577	22	47	167	#
416	0.321577	20	21	167	#
417	0.489406	7	31	#
418	1.35159	6	63	168	#
419	1.35159	4	55	57	60	0	168	#
420	1.35159	4	55	57	22	13	0	168	#
421	1.35159	51	34	1	168	#
422	1.35159	51	18	8	1	168	#
423	0.174756	21	#
424	0.522758	3	22	47	169	#
425	0.522758	2	25	22	47	169	#
426	0.522758	3	20	21	169	#
427	0.522758	2	25	20	21	169	#
428	0.522758	3	22	19	18	169	#
429	0.76608	48	170	#
430	0.76608	35	24	170	#
431	0.76608	6	50	23	24	170	#
432	0.798159	17	59	171	#
433	0.798159	16	30	59	171	#
434	0.798159	33	22	57	9	171	#
435	0.798159	17	19	22	57	9	171	#
436	1.12949	23	53	0	172	#
437	1.12949	28	57	60	0	172	#
438	1.12949	23	53	7	1	172	#
439	1.12949	28	57	22	13	0	172	#
440	1.12949	28	57	60	7	1	172	#
441	1.13786	43	173	#
442	1.13786	5	46	173	#
443	1.13786	6	4	46	173	#
444	1.13786	6	51	18	17	173	#
445	1.13786	5	44	18	17	173	#
446	0.43575	33	174	#
447	0.43575	17	19	174	#
448	0.43575	16	39	174	#
449	0.43575	16	30	19	174	#
450	0.921564	0	53	#
451	0.863918	61	175	#
452	0.863918	5	50	23	24	175	#
453	0.637598	60	0	176	#
454	0.637598	22	13	0	176	#
455	0.637598	60	7	1	176	#
456	0.637598	22	13	7	1	176	#
457	0.451653	24	23	#
458	0.859707	27	23	28	10	177	#
459	0.859707	56	14	177	#
460	0.859707	26	24	23	28	10	177	#
461	0.859707	56	9	10	177	#
462	0.859707	27	23	28	9	14	177	#
463	0.959076	45	178	#
464	0.959076	17	18	41	178	#
465	0.959076	17	18	21	52	178	#
466	0.959076	16	38	41	178	#
467	0.959076	16	38	21	52	178	#
468	0.810666	24	23	28	10	179	#
469	0.810666	24	23	28	9	14	179	#
470	1.06646	52	27	180	#
471	1.06646	52	24	26	180	#
472	0.129209	2	#
473	0.751776	30	59	9	181	#
474	0.751776	16	17	59	9	181	#
475	0.654266	1	8	17	#
476	0.970848	15	32	34	7	182	#
477	0.970848	15	32	18	8	7	182	#
478	0.970848	11	12	34	7	182	#
479	0.970848	11	12	18	8	7	182	#
480	0.970848	15	32	47	13	182	#
481	0.60904	5	55	9	183	#
482	0.60904	6	4	55	9	183	#
483	1.37106	24	41	12	184	#
484	1.37106	24	52	21	12	184	#
485	1.37106	24	23	28	54	184	#
486	1.37106	24	23	37	29	184	#
487	1.37106	24	23	28	58	29	184	#
488	0.65356	24	23	28	9	#
489	0.362782	34	7	185	#
490	0.362782	18	8	7	185	#
491	1.19542	0	60	57	55	#
492	0.654875	34	12	186	#
493	0.654875	8	18	12	186	#
494	0.94391	42	4	187	#
495	0.94391	42	5	6	187	#
496	0.94391	25	57	55	4	187	#
497	0.879408	44	18	188	#
498	0.879408	55	9	59	188	#
499	0.879408	55	57	22	19	188	#
