%% File generated by CATS v.2.1Thu May  9 12:51:03 2024

%% The CATS webpage is http://robotics.stanford.edu/CATS

%% PARAMETER SETTINGS:
% Goods: 64; Bids: 500; Distribution: regions; Runs: 1; Seed: 31
% Regions Distribution Parameters:
% Max Substitutable Bids = 5
% Removing HV Neighbor   = 0.1
% Adding DIAG Neighbor   = 0.2
% Additional Location    = 0.9
% Jump Probability       = 0.05
% Additivity             = 0.2
% Budget Factor          = 1.5
% Resale Factor          = 0.5
% Normal Private Value:
%   Mean                 = 0
%   Standard Deviation   = 30



goods 64
bids 502
dummy 92

0	872.665	1	4	10	11	12	17	18	19	25	26	27	28	29	64	#
1	1104.02	1	4	5	9	10	11	17	18	19	20	21	26	27	64	#
2	1054.97	3	4	5	10	11	12	17	18	19	20	28	33	41	64	#
3	1047.7	3	4	5	9	10	11	13	17	18	19	20	27	28	64	#
4	957.218	11	17	18	19	20	25	26	32	33	41	42	43	50	64	#
5	940.653	4	10	11	12	13	17	18	19	27	28	30	35	36	64	#
6	1167.92	2	27	28	34	35	36	37	42	43	44	45	46	49	50	51	52	53	58	59	60	61	65	#
7	1472.77	4	10	11	12	17	18	19	20	21	27	28	29	30	34	35	36	38	44	45	46	53	65	#
8	1436.4	3	4	11	12	17	18	19	20	21	25	26	27	28	29	32	33	34	35	36	37	42	65	#
9	1419.66	1	10	17	18	19	20	21	27	28	29	34	35	36	42	43	44	50	51	57	58	59	65	#
10	1388.78	0	1	2	4	8	9	10	11	16	17	18	21	24	25	26	29	30	38	46	47	53	65	#
11	1387.13	9	10	12	13	17	18	19	20	21	25	26	27	28	29	32	33	34	35	36	37	45	65	#
12	306.556	1	2	9	10	11	66	#
13	374.868	3	4	9	10	11	66	#
14	302.092	0	1	2	9	10	66	#
15	681.128	6	7	13	14	15	19	20	21	23	29	30	31	39	67	#
16	892.86	29	30	31	33	41	42	48	49	50	56	57	58	62	67	#
17	870.086	3	4	5	10	11	12	19	20	21	26	27	28	35	67	#
18	866.788	9	11	19	20	21	27	28	29	30	36	37	44	60	67	#
19	765.538	14	21	22	23	33	41	42	43	48	49	56	57	58	67	#
20	762.591	25	26	27	28	29	30	33	36	37	38	43	44	52	67	#
21	686.244	0	1	2	8	10	16	17	18	24	25	32	40	68	#
22	784.112	0	1	2	8	9	16	17	24	25	32	33	42	68	#
23	739.809	0	1	2	8	9	10	32	50	52	58	59	60	68	#
24	707.939	16	17	24	32	33	40	42	43	49	50	58	59	68	#
25	688.861	1	9	10	11	17	18	19	27	29	46	54	62	68	#
26	685.783	1	2	4	10	11	12	18	19	25	26	27	33	68	#
27	287.867	24	32	40	41	42	49	69	#
28	416.94	16	17	25	26	32	40	69	#
29	383.474	25	32	33	40	41	49	69	#
30	368.115	32	33	40	41	42	50	69	#
31	342.163	16	17	24	32	40	41	69	#
32	243.984	35	36	41	42	43	44	69	#
33	225.519	42	51	70	#
34	168.551	42	43	70	#
35	562.24	37	45	52	53	54	55	62	63	71	#
36	596.79	46	53	54	55	60	61	62	63	71	#
37	590.954	45	46	47	53	55	60	61	63	71	#
38	572.322	45	47	53	54	55	61	62	63	71	#
39	469.487	46	50	51	53	54	58	59	61	71	#
40	441.579	12	37	38	45	46	53	54	62	71	#
41	823.474	26	27	28	29	30	31	35	36	37	38	44	45	72	#
42	929.989	20	21	30	38	45	46	47	53	54	55	61	62	72	#
43	926.438	34	35	36	40	41	42	43	44	48	49	51	56	72	#
44	915.756	11	12	20	28	29	35	36	43	44	52	53	61	72	#
45	792.533	22	27	28	29	30	35	36	37	43	44	45	46	72	#
46	788.297	11	17	19	21	25	26	27	28	29	35	36	43	72	#
47	313.484	42	50	51	73	#
48	292.579	49	50	51	73	#
49	268.401	42	49	50	73	#
50	206.13	36	49	50	73	#
51	111.058	47	55	63	74	#
52	109.88	54	55	63	74	#
53	334.95	7	12	15	19	20	21	23	29	75	#
54	493.462	3	4	11	17	18	19	25	26	75	#
55	466.923	4	5	13	20	21	53	60	61	75	#
56	428.814	6	7	15	20	21	22	23	31	75	#
57	395.839	6	13	14	15	21	22	23	31	75	#
58	392.745	18	19	21	27	28	29	35	37	75	#
59	27.2978	35	#
60	676.596	25	33	35	42	43	49	50	51	57	58	76	#
61	929.171	8	16	17	18	19	24	25	27	32	33	76	#
62	913.743	17	18	19	20	25	32	33	40	41	49	76	#
63	912.737	0	8	16	17	18	19	25	27	33	35	76	#
64	616.751	32	33	34	40	41	42	43	49	50	51	76	#
65	611.208	41	42	49	50	52	57	58	59	60	61	76	#
66	49.7881	28	29	#
67	657.278	10	15	17	18	23	29	30	31	37	38	39	77	#
68	793.464	1	9	10	15	18	23	25	32	33	42	50	77	#
69	775.865	17	18	19	24	25	26	32	33	40	41	42	77	#
70	740.679	0	1	8	16	17	18	25	26	32	33	41	77	#
71	581.248	29	30	38	46	53	54	55	60	61	62	63	77	#
72	500.887	5	6	7	13	14	15	22	23	30	31	39	77	#
73	256.475	33	34	42	78	#
74	248.54	34	37	45	78	#
75	163.45	33	42	43	78	#
76	126.808	41	42	50	78	#
77	932.755	5	6	7	9	14	15	19	20	21	22	23	27	28	30	31	36	38	44	52	79	#
78	1238.5	8	16	17	18	24	25	30	31	32	33	38	39	40	41	42	43	44	47	48	79	#
79	1199.66	0	1	2	8	9	28	29	35	36	37	43	44	50	51	52	57	58	59	60	79	#
80	1143.57	15	33	34	35	36	41	42	43	44	48	49	50	51	52	53	59	60	61	62	79	#
81	1094.84	12	18	19	20	21	22	24	25	26	27	28	29	32	33	35	37	42	43	50	79	#
82	1057.92	4	12	27	28	29	30	33	35	36	37	38	42	43	44	46	50	51	58	59	79	#
83	104.526	31	#
84	363.003	10	18	25	26	80	#
85	326.556	0	1	10	18	80	#
86	319.709	18	19	25	26	80	#
87	301.294	16	17	25	33	80	#
88	262.708	19	25	26	27	80	#
89	656.575	5	13	20	21	22	29	30	37	38	45	46	81	#
90	845.636	38	39	44	46	47	48	49	51	52	53	61	81	#
91	789.105	4	5	12	13	20	21	28	29	46	47	54	81	#
92	773.751	37	45	46	47	52	53	54	55	61	62	63	81	#
93	700.693	11	12	13	21	22	23	29	30	31	38	46	81	#
94	657.006	6	15	20	21	22	23	28	29	30	31	39	81	#
95	885.127	39	45	46	47	48	49	52	53	54	55	57	59	60	61	62	63	82	#
96	1151.12	3	24	25	32	33	34	40	41	42	43	48	49	50	51	57	58	82	#
97	1132.09	24	27	32	33	34	35	40	41	42	43	44	48	49	50	51	52	82	#
98	1039.1	3	4	6	7	10	11	12	15	23	24	51	52	53	59	60	62	82	#
99	1011.22	32	33	41	42	44	45	49	50	51	52	53	54	55	60	61	62	82	#
100	1010.87	26	32	35	40	43	44	48	49	50	51	52	53	56	57	58	59	82	#
101	337.736	0	1	2	8	10	83	#
102	390.551	8	16	17	24	32	83	#
103	387.134	0	1	10	18	25	83	#
104	386.031	1	9	10	18	19	83	#
105	301.744	1	2	9	10	18	83	#
106	259.17	1	2	9	10	11	83	#
107	186.34	21	22	30	84	#
108	216.342	21	22	23	84	#
109	193.65	22	30	31	84	#
110	156.775	15	22	23	84	#
111	275.853	16	17	24	25	85	#
112	332.503	16	17	18	24	85	#
113	266.669	25	32	33	42	85	#
114	265.748	8	16	17	24	85	#
115	187.083	8	16	24	32	85	#
116	80.8033	23	#
117	890.573	17	25	33	34	41	42	43	44	50	51	58	59	86	#
118	1060.41	4	8	16	17	18	19	20	25	26	33	34	42	86	#
119	913.573	10	17	18	34	42	49	50	51	52	57	59	60	86	#
120	887.468	16	17	24	25	32	33	40	41	42	43	50	51	86	#
121	883.161	25	32	33	40	41	42	43	44	49	50	51	57	86	#
122	871.295	18	25	33	40	41	42	49	50	51	52	59	60	86	#
123	801.172	8	10	16	17	18	19	25	26	27	87	#
124	853.212	10	11	16	17	18	19	25	26	27	87	#
125	802.037	1	8	9	10	16	17	18	25	33	87	#
126	797.151	1	10	11	12	18	19	20	21	51	87	#
127	773.186	8	16	17	18	19	24	25	33	42	87	#
128	764.595	1	9	10	11	18	19	25	26	27	87	#
129	507.524	6	7	13	14	15	19	20	21	22	23	28	29	31	88	#
130	751.051	4	12	13	19	20	21	28	29	33	36	37	42	44	88	#
131	657.936	3	11	12	13	18	19	20	21	26	27	28	29	37	88	#
132	608.484	6	19	20	21	22	25	26	27	28	35	36	54	62	88	#
133	567.631	11	12	13	19	20	21	22	23	26	27	28	29	30	88	#
134	560.168	12	20	23	30	31	38	39	45	46	47	53	54	62	88	#
135	206.656	46	53	54	62	89	#
136	216.652	53	54	61	62	89	#
137	325.447	0	1	8	90	#
138	262.851	0	1	9	90	#
139	228.334	1	9	10	90	#
140	226.781	0	8	16	90	#
141	1178.88	6	32	34	35	40	42	43	44	48	49	50	51	52	55	56	57	58	59	60	91	#
142	1552.79	17	18	19	25	26	27	28	32	33	34	35	40	41	42	43	48	50	51	59	91	#
143	1537.97	17	18	25	26	32	33	34	35	36	37	41	42	43	44	48	49	50	51	57	91	#
144	1499.1	17	25	32	33	34	35	40	42	43	48	49	50	51	52	56	57	58	59	60	91	#
145	1479.59	11	24	25	32	33	34	40	41	42	48	49	50	51	56	57	58	59	60	61	91	#
146	1402.1	19	26	27	28	32	33	34	35	36	40	41	42	43	48	49	50	51	57	58	91	#
147	859.124	3	4	5	6	7	10	11	12	13	14	15	18	19	20	21	22	23	92	#
148	1243.37	4	9	10	11	16	18	19	20	24	25	26	28	32	33	40	41	42	92	#
149	1229.87	3	4	11	12	17	18	19	20	21	27	28	29	32	35	36	40	48	92	#
150	1221	3	4	10	11	12	18	19	20	21	22	27	28	29	30	36	38	51	92	#
151	1186.17	10	11	12	17	18	19	20	21	25	27	28	29	30	35	36	38	46	92	#
152	1158.19	4	11	12	13	18	19	20	21	22	23	25	27	28	29	34	35	36	92	#
153	340.601	0	8	16	45	46	47	54	55	63	93	#
154	417.518	3	4	11	47	53	54	55	62	63	93	#
155	407.279	17	46	47	51	52	53	54	60	61	93	#
156	333.913	32	33	40	41	42	52	53	54	62	93	#
157	285.623	31	38	39	46	47	53	54	55	63	93	#
158	278.828	29	30	36	37	38	44	45	46	52	93	#
159	598.309	8	16	17	24	32	33	41	94	#
160	640.288	8	16	17	24	25	32	33	94	#
161	636.715	8	16	17	18	24	25	32	94	#
162	563.789	24	25	32	33	41	42	49	94	#
163	558.173	25	32	33	40	41	42	51	94	#
164	537.103	0	1	8	16	17	24	32	94	#
165	1060.25	6	7	14	15	20	23	27	28	29	30	31	37	38	39	45	46	47	52	53	54	55	95	#
166	1420.01	10	17	18	19	20	21	22	23	25	27	28	29	30	31	33	36	37	38	40	41	44	95	#
167	1293.06	0	1	3	4	10	11	18	19	20	27	28	29	32	35	36	37	40	43	44	45	46	95	#
168	1233.81	3	4	11	13	18	19	20	25	26	27	28	29	35	36	37	42	43	44	48	49	51	95	#
169	1218.75	4	5	13	19	20	21	22	28	29	36	37	44	45	50	52	53	57	58	59	60	61	95	#
170	1201.84	12	13	19	20	21	22	23	27	28	29	31	35	36	37	38	39	44	45	46	47	53	95	#
171	501.607	6	7	13	14	15	21	22	23	28	29	30	36	37	96	#
172	715.189	6	7	12	20	21	22	23	28	29	31	35	36	52	96	#
173	697.332	28	29	34	35	36	37	38	42	43	44	45	46	52	96	#
174	694.142	22	23	28	29	30	35	36	37	38	43	44	45	53	96	#
175	692.665	22	26	27	28	29	30	31	37	38	40	45	48	53	96	#
176	667.189	1	6	7	10	14	15	21	22	23	29	30	31	39	96	#
177	490.018	29	35	36	37	38	45	46	47	53	97	#
178	611.198	32	33	34	35	40	41	42	49	57	97	#
179	497.245	28	34	35	36	37	38	42	44	45	97	#
180	493.123	37	38	46	47	53	54	55	61	62	97	#
181	480.248	13	21	29	30	37	38	45	46	54	97	#
182	467.181	22	28	29	30	31	37	38	46	47	97	#
183	429.146	38	46	52	53	54	59	60	98	#
184	521.657	38	46	47	53	54	61	62	98	#
185	444.625	39	46	47	53	54	61	62	98	#
186	421.092	52	53	54	59	60	61	62	98	#
187	388.993	42	49	51	52	58	59	60	98	#
188	378.339	28	29	36	37	38	46	54	98	#
189	438.069	30	36	37	38	43	45	46	99	#
190	512.541	6	15	23	30	31	38	39	99	#
191	490.733	35	36	42	43	44	49	59	99	#
192	470.808	0	18	19	36	37	38	44	99	#
193	428.447	30	36	37	38	45	46	47	99	#
194	400.417	29	35	36	37	38	43	44	99	#
195	410.719	28	29	30	31	37	38	39	47	55	100	#
196	608.997	20	25	26	27	28	35	36	37	44	100	#
197	605.464	8	16	28	29	35	36	37	44	45	100	#
198	557.337	19	20	21	26	27	28	29	35	36	100	#
199	536.451	23	30	31	38	39	45	46	47	53	100	#
200	504.166	35	39	43	44	46	47	54	55	63	100	#
201	2560.06	0	1	2	3	4	8	9	10	11	12	16	17	18	19	20	25	26	27	28	29	33	34	35	36	37	38	40	41	42	43	44	45	46	48	49	50	51	52	56	57	58	59	60	101	#
202	2646.97	0	8	10	16	17	18	20	21	22	25	26	27	28	29	30	32	33	34	35	36	37	38	41	42	43	44	46	47	48	49	50	51	52	54	55	56	57	58	59	60	61	62	63	101	#
203	2644.38	4	9	10	11	16	17	18	19	20	21	24	25	26	27	28	29	32	33	34	35	36	37	38	40	41	42	43	44	45	46	47	49	50	51	52	53	54	57	58	59	60	61	62	101	#
204	2631.93	0	1	5	8	9	10	11	16	17	18	19	20	21	22	23	24	25	26	27	28	32	33	34	35	36	37	38	40	41	42	43	44	46	48	49	50	51	53	54	56	58	59	60	101	#
205	2625.54	0	1	2	3	4	8	9	10	11	12	16	17	18	19	20	21	24	25	26	27	28	29	32	33	34	35	36	37	40	41	42	43	44	48	49	50	51	52	53	57	58	60	62	101	#
206	2607.77	4	5	8	9	10	11	12	16	17	18	19	20	24	25	26	27	28	32	33	34	35	36	38	39	40	41	42	43	44	46	47	48	49	50	51	52	53	55	57	58	59	60	63	101	#
207	243.796	43	44	52	60	102	#
208	325.703	53	60	61	62	102	#
209	295.249	1	9	43	44	102	#
210	240.099	50	51	52	60	102	#
211	170.279	43	44	51	52	102	#
212	1896.69	1	4	5	9	10	13	16	17	18	19	20	21	22	24	25	26	27	28	29	30	33	35	38	45	46	50	53	103	#
213	1942.04	0	1	2	4	8	9	10	11	12	16	17	18	19	20	24	25	26	27	28	33	35	42	49	50	51	57	58	103	#
214	1890.68	1	9	10	16	17	18	19	25	26	27	29	30	33	38	42	43	45	46	51	52	53	54	55	59	61	62	63	103	#
215	1775.04	4	11	12	18	19	20	27	28	29	33	35	36	37	38	42	43	44	45	49	50	51	52	53	55	56	59	63	103	#
216	1758.41	0	1	8	9	10	16	17	18	19	22	24	25	26	27	32	33	40	41	42	43	46	47	50	51	55	59	63	103	#
217	1735.05	1	2	3	4	9	10	11	12	16	17	18	19	20	22	25	27	28	29	30	33	34	36	42	43	44	51	52	103	#
218	504.202	29	37	44	45	51	52	53	54	60	104	#
219	540.544	35	44	46	52	53	54	60	61	62	104	#
220	526.184	7	15	29	37	38	45	46	52	53	104	#
221	525.737	37	38	45	49	50	52	53	54	62	104	#
222	515.528	42	45	46	51	52	53	54	59	60	104	#
223	503.745	43	51	52	53	57	58	59	60	61	104	#
224	64.695	37	#
225	1025.63	12	20	23	28	34	35	36	37	38	43	44	51	61	105	#
226	958.205	19	23	24	25	26	31	32	33	40	41	42	49	50	105	#
227	904.815	32	33	34	35	36	40	41	42	43	44	49	50	51	105	#
228	897.511	1	10	11	12	13	18	19	20	21	25	26	28	29	105	#
229	883.048	20	28	35	36	37	43	44	45	51	52	53	59	60	105	#
230	878.636	12	19	20	26	27	28	29	35	36	37	44	52	60	105	#
231	1101.67	3	4	5	6	7	11	12	13	14	15	19	20	21	22	23	26	27	29	30	37	38	106	#
232	1416.85	1	3	4	9	10	11	12	13	17	18	19	20	21	25	26	27	28	32	33	41	49	106	#
233	1345.96	11	12	16	17	18	19	20	25	26	27	32	33	34	40	41	42	43	44	49	50	51	106	#
234	1291.91	3	10	11	17	18	19	26	27	28	36	37	38	44	45	46	47	51	52	53	59	60	106	#
235	1290.18	0	1	2	3	4	5	9	10	11	12	13	18	19	20	21	25	26	27	29	37	45	106	#
236	1229.78	3	11	12	13	14	19	20	21	22	27	28	29	30	37	38	50	51	57	58	59	60	106	#
237	485.165	37	38	45	46	47	53	107	#
238	473.776	30	38	46	47	53	54	107	#
239	449.073	29	30	31	37	38	46	107	#
240	428.957	22	30	31	37	38	45	107	#
241	360.999	31	39	46	47	53	55	107	#
242	339.793	37	45	52	53	61	62	107	#
243	586.247	33	34	40	41	42	48	49	50	51	52	56	58	108	#
244	794.049	17	25	33	34	35	36	42	43	50	51	57	58	108	#
245	710.801	9	33	34	41	42	43	48	49	50	51	56	57	108	#
246	658.201	32	33	42	43	44	45	50	52	53	60	61	62	108	#
247	648.404	3	4	5	11	12	13	34	41	42	49	56	57	108	#
248	626.96	30	31	32	38	40	41	42	48	49	50	51	58	108	#
249	360.647	21	26	28	29	36	37	45	109	#
250	509.566	21	29	37	45	46	53	62	109	#
251	416.679	19	21	27	28	29	37	38	109	#
252	410.268	28	29	34	36	37	38	45	109	#
253	400.608	20	28	30	36	37	44	45	109	#
254	397.494	10	11	12	13	19	20	21	109	#
255	1664.87	1	10	17	18	25	28	32	33	35	36	37	38	43	44	45	46	51	52	53	54	57	58	59	60	61	62	110	#
256	1689.58	1	10	11	17	18	23	25	30	31	35	36	37	38	43	44	45	46	51	52	53	54	55	60	61	62	63	110	#
257	1644.18	1	9	10	24	28	29	30	32	34	35	36	37	38	40	43	44	45	46	48	53	54	55	56	61	62	63	110	#
258	1637	1	4	9	10	11	17	18	19	20	21	22	25	29	35	43	44	50	51	52	53	56	57	58	59	60	61	110	#
259	1633.57	1	4	9	10	11	17	18	19	20	24	27	28	29	32	33	34	35	36	38	40	41	42	43	49	51	60	110	#
260	1629.04	0	1	2	4	5	6	7	8	9	10	11	12	13	15	17	18	19	20	21	23	25	26	27	28	29	31	110	#
261	548.484	0	8	10	16	17	18	19	25	26	111	#
262	692.218	0	1	8	16	17	18	25	26	63	111	#
263	645.16	16	17	18	24	25	32	33	40	41	111	#
264	590.373	1	3	4	9	10	11	21	29	30	111	#
265	572.896	0	1	2	3	4	5	9	10	11	111	#
266	550.298	4	7	11	15	16	17	18	19	25	111	#
267	391.677	4	5	6	10	11	12	13	14	15	112	#
268	545.899	14	22	23	30	31	37	38	39	63	112	#
269	540.441	3	4	5	10	11	12	13	30	31	112	#
270	491.706	5	9	10	11	12	13	18	19	25	112	#
271	487.277	3	4	5	10	11	12	13	18	19	112	#
272	468.728	3	4	5	6	7	11	12	13	15	112	#
273	720.415	16	24	25	32	33	40	41	50	113	#
274	833.518	16	17	18	24	25	32	40	48	113	#
275	789.069	8	16	17	18	24	25	26	32	113	#
276	755.287	8	16	17	18	24	32	40	48	113	#
277	737.602	10	16	17	18	19	25	26	33	113	#
278	708.252	17	24	25	26	32	33	40	41	113	#
279	1251.48	4	10	11	12	17	18	19	20	21	25	26	27	28	29	33	35	114	#
280	1230.62	1	8	9	10	16	17	18	19	25	26	27	28	33	35	41	42	114	#
281	1212.76	18	25	26	27	28	29	33	34	35	40	41	42	43	49	50	57	114	#
282	1188.2	0	3	4	8	10	11	16	17	18	19	24	25	26	34	42	49	114	#
283	1168.9	3	4	5	11	12	13	18	19	20	25	26	27	28	29	30	35	114	#
284	1159.59	4	10	11	12	16	17	18	19	20	25	26	27	28	33	35	41	114	#
285	1907.27	0	1	2	3	4	8	9	10	11	12	16	17	18	19	24	25	26	27	30	31	32	33	35	39	40	41	42	48	49	115	#
286	2178.85	0	1	8	9	10	11	16	17	18	19	24	25	26	32	33	35	40	41	42	43	44	48	49	50	51	52	53	56	57	115	#
287	2160.17	0	1	8	10	16	17	18	24	25	26	28	32	33	34	35	36	40	41	42	43	44	48	49	50	51	56	57	58	59	115	#
288	2127.19	0	1	8	10	16	17	18	19	24	25	26	27	32	33	34	35	40	41	42	43	44	48	49	50	51	52	56	57	60	115	#
289	2061.75	18	19	24	25	26	27	28	32	33	36	37	38	40	41	42	43	44	45	46	48	49	50	51	52	53	54	57	58	60	115	#
290	1976.37	5	12	13	17	18	19	20	21	22	24	25	26	27	28	29	32	33	34	35	40	41	42	43	48	49	50	56	57	58	115	#
291	2177.81	12	13	19	20	21	22	27	28	29	30	31	34	35	36	37	38	43	44	50	51	52	53	54	58	59	60	61	62	63	116	#
292	2308.01	16	17	18	19	21	27	28	29	30	31	32	33	34	35	36	37	38	41	42	43	44	45	49	50	51	52	53	57	59	116	#
293	2189.81	1	4	9	10	11	12	17	18	19	20	24	26	27	32	33	34	35	36	43	44	50	51	52	53	54	59	60	61	62	116	#
294	2164.1	4	11	12	17	19	20	21	24	25	26	27	28	29	32	33	34	35	36	41	42	43	49	50	51	52	56	57	58	59	116	#
295	2135.21	1	2	3	4	9	10	11	17	18	19	25	27	28	29	30	32	33	34	35	38	41	42	43	46	49	50	51	52	58	116	#
296	2057.52	4	5	11	12	13	15	19	20	21	22	23	26	27	28	29	30	31	34	35	36	38	39	42	43	44	50	51	52	58	116	#
297	339.854	36	37	45	53	54	62	117	#
298	431.743	37	38	45	46	53	61	117	#
299	426.18	20	27	28	36	37	38	117	#
300	407.302	45	46	47	53	61	62	117	#
301	329.917	45	46	47	53	54	55	117	#
302	325.976	29	37	38	45	46	47	117	#
303	112.183	18	19	26	118	#
304	165.92	17	18	19	118	#
305	66.4058	19	26	27	118	#
306	286.425	50	57	58	119	#
307	209.769	50	51	59	119	#
308	197.682	9	10	57	119	#
309	130.078	21	#
310	490.986	1	3	4	9	10	11	18	120	#
311	601.126	9	10	11	12	20	28	63	120	#
312	599.648	9	10	11	12	18	20	25	120	#
313	583.257	4	10	11	15	18	25	33	120	#
314	487.243	1	3	9	10	11	18	19	120	#
315	477.036	0	1	2	8	9	10	18	120	#
316	417.073	6	7	14	15	23	31	39	47	121	#
317	537.216	5	6	15	23	29	30	31	38	121	#
318	458.369	38	45	46	47	53	55	61	63	121	#
319	437.394	7	15	22	23	30	38	46	54	121	#
320	405.484	4	5	6	7	14	15	23	55	121	#
321	399.683	6	7	15	22	23	31	39	47	121	#
322	147.901	38	45	46	122	#
323	201.267	38	46	63	122	#
324	114.046	3	11	123	#
325	85.4897	3	4	123	#
326	75.759	11	19	123	#
327	1128.52	19	20	27	28	33	34	35	41	42	43	44	49	50	51	124	#
328	1229.7	3	10	11	17	18	19	20	21	25	26	27	28	35	36	124	#
329	1173.03	16	17	18	19	20	21	24	25	26	27	28	35	36	43	124	#
330	1137.12	10	17	18	19	25	26	27	33	34	35	41	42	50	51	124	#
331	1132.47	3	4	10	11	12	18	19	20	21	22	26	27	28	63	124	#
332	1036.35	17	19	24	25	27	32	33	35	40	41	42	43	50	51	124	#
333	510.447	39	45	46	47	53	61	125	#
334	562.126	45	46	53	60	61	62	125	#
335	442.302	53	54	55	60	61	62	125	#
336	412.735	46	47	53	54	55	61	125	#
337	399.128	36	37	38	45	53	62	125	#
338	389.714	28	29	30	31	39	47	125	#
339	382.796	18	19	20	27	28	126	#
340	514.339	17	18	19	20	25	126	#
341	437.482	18	19	20	28	29	126	#
342	316.769	18	19	25	26	27	126	#
343	288.699	18	19	26	27	28	126	#
344	281.861	4	11	12	19	27	126	#
345	327.307	42	51	52	58	59	60	127	#
346	473.51	42	48	49	50	51	56	127	#
347	454.116	42	49	50	51	58	59	127	#
348	428.478	17	32	33	42	51	52	127	#
349	345.223	41	42	43	44	49	51	127	#
350	220.342	27	28	59	60	61	62	127	#
351	1295.68	1	2	3	4	9	10	11	12	17	18	19	26	27	28	29	30	35	37	128	#
352	1391.33	0	1	2	3	4	9	10	11	16	17	18	19	20	21	24	25	26	27	128	#
353	1357.04	0	1	2	3	4	8	9	10	11	16	17	18	24	25	32	33	41	49	128	#
354	1349.15	0	1	2	3	4	8	9	10	11	12	13	16	17	19	20	21	27	29	128	#
355	1335	0	1	2	3	8	9	10	11	12	16	17	18	19	20	25	26	27	28	128	#
356	1312.02	0	1	3	4	5	9	10	11	12	13	14	19	20	21	22	23	30	38	128	#
357	633.78	3	4	11	12	19	20	26	28	29	129	#
358	795.404	17	19	20	21	25	26	27	28	35	129	#
359	738.117	4	5	12	18	19	20	21	26	27	129	#
360	700.712	4	5	10	11	12	18	19	26	27	129	#
361	613.319	1	3	4	9	10	11	12	18	19	129	#
362	612.145	3	4	5	11	12	13	19	20	21	129	#
363	886.81	3	4	5	6	11	12	19	20	21	22	27	28	35	36	42	43	130	#
364	1297.16	3	4	10	11	12	19	20	21	25	26	27	28	31	33	35	36	130	#
365	1220.57	1	10	11	18	19	20	25	26	27	28	29	33	34	35	41	48	130	#
366	1158.02	25	32	33	34	35	41	42	43	48	49	50	51	56	57	58	59	130	#
367	1068.68	2	9	10	11	18	19	20	21	22	23	28	29	49	50	51	57	130	#
368	1030.8	16	25	26	27	28	29	32	33	34	35	36	41	42	48	49	50	130	#
369	572.927	5	6	14	15	21	22	23	28	29	30	31	38	39	131	#
370	845.473	19	30	32	33	38	39	45	46	47	52	53	61	62	131	#
371	795.551	4	11	12	19	20	21	27	28	29	36	41	55	63	131	#
372	703.761	3	4	5	11	12	14	15	19	20	21	29	37	56	131	#
373	696.391	23	29	30	31	35	36	37	38	39	45	46	47	55	131	#
374	680.579	13	21	27	28	29	30	36	37	38	44	46	52	60	131	#
375	222.315	5	6	7	13	14	21	132	#
376	331.384	5	6	7	15	23	31	132	#
377	328.169	6	7	14	15	23	31	132	#
378	312.592	12	13	20	21	27	28	132	#
379	239.608	5	6	7	15	23	26	132	#
380	153.073	6	14	21	22	29	37	132	#
381	407.053	22	32	40	41	48	56	57	133	#
382	577.098	40	48	50	51	56	57	58	133	#
383	544.549	25	32	33	40	41	49	50	133	#
384	501.013	40	48	56	57	58	59	61	133	#
385	475.609	39	40	46	47	48	53	56	133	#
386	356.204	13	40	41	42	48	49	56	133	#
387	559.857	14	22	23	30	31	37	38	39	45	46	47	134	#
388	726.001	4	11	23	30	31	39	46	47	54	55	62	134	#
389	698.161	14	22	23	29	30	31	38	46	47	53	61	134	#
390	635.897	5	12	13	14	21	22	23	25	29	30	31	134	#
391	612.007	13	20	21	28	29	30	31	37	53	54	62	134	#
392	566.549	20	29	37	45	46	47	52	53	55	57	61	134	#
393	123.006	8	#
394	538.357	11	12	13	17	18	19	20	26	27	49	135	#
395	776.025	8	10	16	17	18	24	25	26	32	40	135	#
396	730.395	16	24	32	33	40	42	48	49	56	57	135	#
397	647.391	1	2	10	17	18	19	25	27	55	63	135	#
398	637.817	16	17	18	19	20	25	26	27	35	36	135	#
399	637.517	4	9	10	11	17	18	19	25	26	27	135	#
400	319.998	15	23	31	39	136	#
401	327.895	30	31	38	39	136	#
402	321.338	15	19	27	28	136	#
403	254.5	31	39	47	55	136	#
404	206.276	49	50	56	57	137	#
405	304.765	19	20	41	49	137	#
406	285.265	16	40	48	56	137	#
407	249.017	48	49	56	57	137	#
408	231.643	41	49	50	58	137	#
409	293.483	12	20	21	28	36	138	#
410	318.167	4	5	12	13	21	138	#
411	317.631	19	20	21	22	27	138	#
412	297.219	12	13	20	21	22	138	#
413	170.284	19	26	27	28	36	138	#
414	139.978	28	29	30	31	37	138	#
415	79.1491	1	2	#
416	137.981	0	8	139	#
417	155.307	0	1	139	#
418	234.608	33	34	42	152	#
419	636.798	0	1	2	9	10	11	12	18	25	140	#
420	772.226	1	4	9	10	11	18	25	33	42	140	#
421	710.221	0	1	9	10	17	18	19	20	25	140	#
422	703.858	0	1	2	8	9	10	11	18	25	140	#
423	628.125	0	1	2	4	8	9	10	11	12	140	#
424	608.859	0	1	8	9	10	16	17	18	19	140	#
425	139.073	0	1	141	#
426	123.34	1	9	141	#
427	746.731	14	22	23	30	31	37	38	39	45	46	47	53	54	142	#
428	813.888	14	22	29	30	31	37	38	45	46	52	53	61	62	142	#
429	802.063	19	20	21	28	29	30	36	37	38	45	46	53	60	142	#
430	786.297	21	28	29	30	31	37	38	39	45	47	54	55	63	142	#
431	784.192	3	4	11	12	38	46	47	53	54	55	61	62	63	142	#
432	740.92	34	39	42	45	46	47	51	52	53	54	55	60	61	142	#
433	10.465	41	#
434	195.824	3	4	5	13	143	#
435	288.948	3	4	13	21	143	#
436	267.417	3	4	5	11	143	#
437	222.189	3	10	11	19	143	#
438	140.365	5	6	14	15	143	#
439	476.877	52	53	54	55	60	61	62	144	#
440	550.474	45	52	53	54	60	61	62	144	#
441	528.397	35	36	44	52	53	61	62	144	#
442	474.75	26	52	53	54	55	62	63	144	#
443	472.438	37	52	53	54	55	61	62	144	#
444	412.783	46	52	53	54	59	60	61	144	#
445	419.51	5	6	13	14	34	35	42	50	145	#
446	487.949	9	42	49	50	52	58	59	60	145	#
447	466.14	6	14	21	22	30	31	39	46	145	#
448	406.811	32	33	41	42	49	50	51	56	145	#
449	386.65	4	5	6	7	14	15	22	30	145	#
450	375.307	27	28	34	35	36	42	44	50	145	#
451	410.59	13	20	21	29	30	31	146	#
452	459.724	19	20	21	28	29	30	146	#
453	430.804	21	22	23	29	30	56	146	#
454	294.39	14	22	23	30	31	38	146	#
455	254.885	4	5	6	12	13	21	146	#
456	234.621	5	13	14	21	22	30	146	#
457	55.6664	34	#
458	196.973	48	56	57	147	#
459	223.886	40	48	56	147	#
460	157.669	40	41	48	147	#
461	153.088	57	58	59	147	#
462	538.831	6	7	15	23	29	30	31	38	39	46	148	#
463	649.585	4	5	6	7	11	12	14	15	23	31	148	#
464	516.62	4	5	6	7	14	15	21	22	23	30	148	#
465	494.053	6	7	15	21	22	23	29	30	31	39	148	#
466	484.554	20	28	29	36	37	38	45	46	53	54	148	#
467	478.416	6	7	14	15	22	23	30	31	38	39	148	#
468	718.543	38	44	45	46	47	50	51	52	53	54	55	59	60	61	62	149	#
469	976.465	20	26	28	29	30	36	37	38	39	45	46	47	53	55	63	149	#
470	929.709	23	30	31	38	39	45	46	47	52	53	54	55	60	62	63	149	#
471	925.391	11	19	20	21	22	27	28	30	36	37	44	46	52	53	54	149	#
472	908.726	29	30	34	35	36	37	38	43	45	46	53	54	55	62	63	149	#
473	892.109	4	5	11	12	27	38	45	46	51	52	53	54	59	61	62	149	#
474	88.7748	49	#
475	257.628	36	42	43	152	#
476	1158.54	3	4	5	6	10	11	12	13	14	15	20	21	22	23	30	31	38	47	54	55	62	63	151	#
477	1448.28	1	3	4	5	10	11	12	13	17	18	19	20	21	25	26	29	30	33	40	41	42	48	151	#
478	1328.98	0	1	2	8	9	10	16	17	18	25	26	27	29	34	42	43	50	51	52	57	58	59	151	#
479	1274.89	6	7	14	15	22	23	25	26	30	32	33	41	42	44	48	49	50	51	52	56	58	59	151	#
480	1267.56	23	30	31	37	38	39	44	45	46	47	50	51	52	53	54	55	58	59	60	61	62	63	151	#
481	1262.16	0	1	3	4	5	6	8	10	11	12	13	18	19	20	21	25	26	46	47	54	55	63	151	#
482	272.237	34	35	43	152	#
483	259.097	35	36	43	152	#
484	698.582	5	6	7	13	14	15	19	20	21	22	26	28	29	153	#
485	1025.72	9	10	11	18	19	20	21	25	26	27	35	42	43	153	#
486	904.617	10	11	12	13	17	18	19	20	21	22	28	29	30	153	#
487	899.125	0	1	2	9	10	11	12	19	20	26	27	28	29	153	#
488	806.552	3	4	5	10	11	12	13	20	21	22	23	28	29	153	#
489	804.854	19	26	27	28	29	30	31	36	37	38	43	44	52	153	#
490	606.243	29	37	38	45	46	47	53	54	55	62	63	154	#
491	753.019	13	21	28	29	30	36	37	45	46	52	53	154	#
492	729.335	36	43	44	52	53	54	58	59	60	61	62	154	#
493	717.941	38	45	46	47	52	53	54	55	60	62	63	154	#
494	709.905	0	8	37	38	45	46	47	53	54	55	62	154	#
495	676.48	11	19	25	27	28	29	30	36	37	38	45	154	#
496	775.178	3	4	5	6	7	11	13	15	42	49	53	57	155	#
497	980.37	1	8	9	10	11	12	16	17	18	24	25	32	155	#
498	923.126	25	26	27	34	35	42	43	48	49	51	56	57	155	#
499	871.763	1	3	4	9	10	11	12	19	20	21	28	36	155	#
500	807.804	8	16	18	24	25	33	35	36	42	43	44	51	155	#
501	798.658	3	4	5	6	11	13	14	21	23	31	39	47	155	#
