%% File generated by CATS v.2.1Thu May  9 12:51:09 2024

%% The CATS webpage is http://robotics.stanford.edu/CATS

%% PARAMETER SETTINGS:
% Goods: 64; Bids: 500; Distribution: regions; Runs: 1; Seed: 59
% Regions Distribution Parameters:
% Max Substitutable Bids = 5
% Removing HV Neighbor   = 0.1
% Adding DIAG Neighbor   = 0.2
% Additional Location    = 0.9
% Jump Probability       = 0.05
% Additivity             = 0.2
% Budget Factor          = 1.5
% Resale Factor          = 0.5
% Normal Private Value:
%   Mean                 = 0
%   Standard Deviation   = 30



goods 64
bids 505
dummy 102

0	576.561	40	41	42	48	49	50	56	57	64	#
1	620.453	33	34	41	42	49	50	57	58	64	#
2	614.079	34	42	43	49	50	51	58	59	64	#
3	550.644	34	35	41	42	43	48	49	50	64	#
4	550.21	40	41	42	43	44	48	49	51	64	#
5	529.638	32	34	40	41	42	48	49	56	64	#
6	230.487	15	23	31	38	51	58	59	65	#
7	228.904	6	7	14	15	22	23	31	65	#
8	232.98	28	36	44	66	#
9	234.061	44	45	51	66	#
10	206.698	36	37	38	66	#
11	86.9908	26	27	28	66	#
12	110.239	45	53	67	#
13	81.5498	37	45	67	#
14	73.3279	52	53	67	#
15	2139.37	5	7	12	13	16	18	19	20	21	22	24	25	26	27	28	29	30	32	33	34	35	36	37	38	40	41	42	44	45	46	49	50	52	53	54	57	61	68	#
16	2438.24	3	4	5	7	8	9	10	11	12	13	16	17	18	19	20	21	24	25	26	27	28	29	32	33	34	35	36	37	38	41	42	43	44	49	50	56	57	68	#
17	2436.3	2	3	4	5	8	9	10	11	12	13	16	17	18	19	20	24	25	26	27	28	29	32	33	34	35	36	37	38	40	41	42	43	48	49	50	56	57	68	#
18	2372.63	0	1	2	3	4	5	8	9	10	11	12	13	16	17	18	19	20	25	26	27	28	29	31	32	33	34	35	36	37	38	39	41	42	43	44	49	50	68	#
19	2354.4	3	4	5	7	10	11	12	13	19	20	21	26	27	28	29	30	33	34	35	36	37	38	42	44	45	46	49	50	52	53	54	55	56	58	59	60	61	68	#
20	2345.64	0	1	2	8	9	10	16	17	18	24	25	26	27	28	29	32	33	34	35	36	37	41	42	43	45	48	49	50	52	53	54	56	57	59	60	62	63	68	#
21	396.368	42	43	48	49	56	57	69	#
22	524.108	36	42	43	44	51	55	69	#
23	441.258	42	43	50	51	58	59	69	#
24	420.673	38	46	48	54	55	56	69	#
25	301.635	17	41	48	49	56	57	69	#
26	225.419	16	24	32	40	49	57	69	#
27	193.871	5	11	12	70	#
28	234.304	12	20	40	70	#
29	99.4735	3	11	12	70	#
30	1403.35	13	21	24	27	28	32	33	34	35	36	37	40	41	42	43	44	45	48	49	50	51	52	56	58	59	60	71	#
31	1649.81	10	11	17	18	19	20	26	27	32	33	34	35	36	40	41	42	43	48	49	50	51	52	56	57	59	60	71	#
32	1637.23	3	4	5	10	11	12	13	17	18	19	20	21	26	27	29	32	33	34	35	37	40	41	42	43	48	56	71	#
33	1563.33	1	2	3	4	5	9	10	11	12	13	18	19	20	21	27	28	29	31	35	36	37	38	45	46	52	54	71	#
34	1555.88	4	8	11	12	13	16	18	20	24	25	26	29	32	33	37	40	41	42	45	48	49	50	52	56	57	60	71	#
35	1511.59	0	1	2	4	5	9	16	17	18	19	24	25	26	27	32	33	34	35	39	40	41	42	47	48	49	57	71	#
36	314.128	41	48	49	56	57	72	#
37	418.921	49	50	51	57	59	72	#
38	414.121	1	2	40	41	48	72	#
39	353.399	32	40	48	49	56	72	#
40	291.052	32	40	41	48	56	72	#
41	1306.64	1	2	3	4	5	9	10	11	12	13	17	18	19	20	53	54	61	62	73	#
42	1327.21	1	2	3	4	5	8	9	10	11	12	13	16	17	18	19	20	21	24	73	#
43	1320.14	2	3	4	5	7	8	9	10	11	12	13	14	15	17	18	20	27	28	73	#
44	1316.34	4	5	6	10	11	12	13	17	18	19	20	26	28	35	36	37	44	45	73	#
45	1278.78	31	34	35	36	37	38	39	42	43	44	45	46	47	49	52	53	54	55	73	#
46	1271.65	1	2	3	4	5	9	10	11	12	13	17	18	19	20	21	27	28	35	73	#
47	101.637	24	25	74	#
48	64.5396	25	26	74	#
49	356.587	4	5	12	13	14	75	#
50	409.408	5	12	19	20	28	75	#
51	391.407	5	12	13	20	21	75	#
52	363.947	3	4	5	12	13	75	#
53	249.697	5	6	13	14	15	75	#
54	42.3578	19	#
55	363.658	43	44	51	59	76	#
56	388.066	29	37	44	45	76	#
57	316.193	42	43	44	51	76	#
58	263.503	42	50	58	59	76	#
59	243.664	31	43	51	59	76	#
60	631.06	32	33	42	48	49	50	56	77	#
61	580.449	40	41	48	49	50	51	56	77	#
62	580.224	40	42	48	49	50	56	57	77	#
63	576.935	40	41	42	48	49	50	56	77	#
64	537.839	24	32	33	40	41	48	56	77	#
65	451.092	34	35	42	50	51	58	59	77	#
66	281.217	10	16	18	19	25	26	27	78	#
67	404.851	1	8	9	10	16	24	38	78	#
68	392.056	27	28	35	43	44	45	46	78	#
69	379.463	3	4	11	12	13	19	27	78	#
70	365.358	8	9	10	11	17	18	19	78	#
71	301.605	16	24	25	26	27	32	33	78	#
72	2904.14	3	4	5	6	8	9	10	11	12	13	14	15	16	17	18	19	20	21	22	23	24	25	26	27	28	29	30	31	32	33	34	35	36	37	38	39	40	41	42	43	44	45	46	48	49	50	51	56	57	58	79	#
73	3224.45	0	1	2	3	4	5	6	7	8	9	10	11	12	13	14	15	16	17	18	19	20	21	22	24	25	26	27	28	29	32	33	34	35	36	37	41	42	43	44	48	49	50	51	53	54	56	59	61	62	63	79	#
74	3177.52	0	1	2	3	4	5	6	8	9	10	11	12	13	14	15	16	17	20	21	23	24	25	26	27	30	32	33	34	35	36	37	38	40	41	42	43	44	45	48	49	50	51	53	54	56	57	58	59	60	61	79	#
75	3175.59	1	3	4	5	6	9	11	12	13	14	15	16	17	18	19	20	21	22	23	24	25	26	28	29	31	32	33	34	35	36	37	38	40	41	42	43	44	45	48	49	50	51	52	53	56	57	58	59	60	61	79	#
76	3173.56	0	1	2	3	4	5	7	8	9	10	11	12	13	14	16	17	18	19	20	24	25	26	29	31	32	33	34	35	36	37	38	39	40	41	42	43	44	45	47	48	49	50	51	53	54	55	56	57	58	59	79	#
77	3171.83	0	1	2	3	4	5	6	7	8	9	10	11	12	13	14	15	16	17	18	19	20	21	24	25	26	27	28	29	32	33	34	35	36	37	38	40	41	42	43	44	45	48	49	50	51	53	56	57	58	59	79	#
78	491.517	27	33	34	35	41	42	43	49	50	57	80	#
79	695.347	21	23	29	30	35	36	37	38	43	51	80	#
80	659.067	0	1	2	9	10	17	18	49	56	57	80	#
81	647.44	33	41	42	43	48	49	50	51	58	59	80	#
82	638.609	3	4	12	25	26	27	28	29	37	38	80	#
83	623.794	26	29	30	33	34	35	38	42	43	50	80	#
84	932.019	9	10	11	17	18	25	26	27	28	33	34	35	36	37	38	43	44	81	#
85	1199.15	1	2	3	4	8	9	10	11	12	13	14	16	17	20	21	24	28	81	#
86	1157.36	6	13	14	20	21	22	23	27	28	29	30	31	35	36	37	43	51	81	#
87	1113.99	0	1	2	3	4	8	9	10	11	12	17	18	20	24	25	32	33	81	#
88	1073.56	10	11	16	17	18	19	20	24	25	26	27	28	34	35	36	44	51	81	#
89	1047.27	3	11	18	19	22	23	27	28	29	30	31	36	37	38	39	44	45	81	#
90	675.372	40	44	48	49	50	51	57	58	59	82	#
91	638.297	44	49	50	51	52	53	54	59	60	82	#
92	638.268	42	43	49	50	51	52	57	58	59	82	#
93	625.432	34	40	42	48	49	50	51	56	57	82	#
94	618.513	41	42	43	48	49	50	51	56	57	82	#
95	617.497	35	36	44	50	51	52	53	58	60	82	#
96	615.841	31	39	44	45	46	47	51	52	53	54	55	59	62	63	83	#
97	786.066	24	32	40	41	42	43	44	45	46	48	49	51	58	59	83	#
98	748.381	26	28	29	36	37	41	42	43	44	45	46	51	52	58	83	#
99	742.933	27	28	29	34	35	36	37	42	43	44	50	51	58	59	83	#
100	727.255	39	40	41	44	45	46	47	48	51	52	53	54	55	61	83	#
101	690.903	33	41	42	43	45	48	49	50	51	52	57	58	59	60	83	#
102	1267.8	1	2	3	4	5	8	10	11	12	13	16	17	18	19	20	21	25	33	84	#
103	1318.96	0	1	2	3	4	5	8	9	10	12	16	17	18	19	20	25	27	35	84	#
104	1218.48	0	1	2	3	4	5	8	9	10	11	12	13	17	18	19	20	24	25	84	#
105	1198.3	0	1	3	4	8	9	10	11	12	16	17	18	20	24	25	26	32	33	84	#
106	1181.55	0	1	2	3	4	5	8	9	10	11	12	13	18	19	20	28	29	36	84	#
107	1166.74	3	4	5	6	11	12	13	14	18	19	20	28	40	42	43	48	49	51	84	#
108	45.2101	1	46	#
109	180.773	22	29	30	85	#
110	124.045	22	29	38	85	#
111	84.9212	0	1	2	#
112	578.227	38	45	46	53	54	58	59	60	61	62	63	86	#
113	840.234	42	44	50	51	53	58	59	60	61	62	63	86	#
114	800.281	36	37	39	42	44	45	50	51	52	53	59	86	#
115	792.978	33	34	35	40	41	42	43	50	51	58	59	86	#
116	791.663	43	49	50	51	52	58	59	60	61	62	63	86	#
117	782.977	6	20	28	29	44	51	52	53	58	59	60	86	#
118	149.754	24	25	32	33	40	87	#
119	194.011	24	25	32	40	48	87	#
120	187.138	24	32	33	40	41	87	#
121	137.714	32	33	34	42	50	87	#
122	267.471	0	8	9	10	16	24	25	88	#
123	398.633	0	1	2	8	16	25	30	88	#
124	388.32	8	16	17	24	25	26	32	88	#
125	383.347	0	1	8	9	16	17	25	88	#
126	285.013	9	10	11	12	18	19	26	88	#
127	410.607	7	13	14	15	22	23	31	37	38	39	46	89	#
128	607.881	24	25	26	27	28	29	31	35	36	37	38	89	#
129	597.885	7	14	15	22	23	29	31	39	40	41	48	89	#
130	563.376	23	31	37	38	39	45	46	47	53	54	55	89	#
131	558.758	17	25	26	34	35	36	45	46	52	59	60	89	#
132	483.232	6	7	13	14	15	21	22	23	29	36	37	89	#
133	792.538	7	10	11	14	15	20	22	23	28	29	30	36	37	38	90	#
134	924.598	9	10	11	17	18	19	26	27	28	34	35	43	44	51	90	#
135	908.202	10	21	22	23	27	28	29	30	36	37	38	44	46	49	90	#
136	896.316	10	11	17	18	19	20	25	26	27	28	34	35	36	44	90	#
137	851.555	2	3	4	5	14	20	22	28	29	30	37	42	43	51	90	#
138	828.48	21	22	23	28	29	30	36	37	38	42	44	45	48	49	90	#
139	382.954	42	48	49	50	57	91	#
140	418.403	20	48	49	50	58	91	#
141	341.669	42	48	49	56	57	91	#
142	314.669	33	41	42	50	58	91	#
143	311.124	40	41	48	49	57	91	#
144	298.053	42	43	49	51	57	91	#
145	894.389	32	33	34	39	40	41	42	46	47	48	49	53	54	55	56	57	61	62	63	92	#
146	1184.78	2	3	4	18	26	27	34	35	40	41	42	43	48	49	50	52	56	57	58	92	#
147	1155.2	26	33	34	35	40	41	42	43	44	45	48	49	50	51	52	56	57	58	59	92	#
148	1152.98	12	20	33	34	36	40	41	42	43	44	48	49	50	51	52	56	57	58	60	92	#
149	1149.7	28	29	33	34	35	36	37	38	41	42	43	44	48	49	50	51	56	57	58	92	#
150	1146.22	29	30	37	38	39	44	45	46	47	51	52	53	54	55	59	60	61	62	63	92	#
151	187.564	4	5	12	93	#
152	228.574	2	3	4	93	#
153	206.944	5	12	13	93	#
154	345.224	43	50	51	53	54	55	58	59	60	61	94	#
155	514.623	17	40	48	49	50	51	58	59	60	61	94	#
156	454.862	38	45	46	52	53	54	55	61	62	63	94	#
157	386.681	44	45	52	53	54	55	60	61	62	63	94	#
158	318.973	3	4	9	10	11	19	27	46	54	62	94	#
159	1149.63	3	10	11	15	18	21	22	23	25	26	27	29	30	31	34	35	38	41	42	43	51	56	95	#
160	1524.89	4	5	12	13	20	25	26	27	28	29	32	33	34	35	36	42	43	44	45	50	51	53	95	#
161	1510.5	17	18	25	26	27	32	33	34	35	36	37	42	43	44	45	46	48	49	50	51	57	59	95	#
162	1387.38	2	3	4	5	6	7	10	11	12	13	14	15	18	22	23	28	29	30	31	38	39	46	95	#
163	1373.27	0	1	16	17	24	25	29	32	33	34	36	37	38	40	41	42	43	48	49	51	56	57	95	#
164	1371.77	3	4	5	6	10	11	12	13	14	15	16	18	19	20	24	25	26	27	32	33	34	35	95	#
165	2628.97	0	1	2	3	5	8	9	10	12	13	16	17	18	20	21	24	25	26	28	29	32	33	34	35	36	37	38	40	41	42	43	44	45	46	47	48	49	50	51	52	53	54	57	58	59	60	61	62	96	#
166	2746.75	1	2	3	4	5	6	9	10	11	12	13	14	17	18	19	20	21	24	25	26	27	28	29	32	33	34	35	36	40	41	42	43	44	48	49	50	51	52	53	54	56	57	58	59	60	61	62	63	96	#
167	2741.32	0	1	2	3	4	5	6	8	9	10	11	12	13	14	15	16	17	18	19	20	21	22	23	24	25	26	27	28	29	30	31	33	34	35	36	38	40	42	43	44	48	49	50	51	57	58	59	63	96	#
168	2737.98	0	1	2	3	4	5	6	7	8	9	10	11	12	13	14	15	16	17	18	19	20	21	22	23	25	26	27	28	30	31	33	34	35	36	37	38	42	43	44	49	50	51	52	53	58	60	61	63	96	#
169	2725.3	0	1	2	3	4	5	6	7	8	9	10	11	12	13	14	15	16	17	18	19	20	21	22	23	24	25	26	27	28	29	30	31	32	33	34	35	38	40	41	42	43	44	49	50	51	52	57	58	96	#
170	2722.94	1	2	3	4	5	6	7	8	9	10	11	13	14	15	16	17	18	19	20	21	22	23	24	25	26	27	28	29	30	32	33	34	35	36	37	38	40	41	42	43	44	45	46	48	49	51	52	53	96	#
171	766.953	2	3	4	11	12	13	18	19	20	21	26	97	#
172	786.158	0	1	2	3	9	10	11	17	18	19	20	97	#
173	763.633	3	9	10	11	12	13	14	19	20	21	50	97	#
174	748.655	0	1	3	10	11	12	18	19	20	25	27	97	#
175	738.988	3	9	10	11	12	17	18	19	26	34	42	97	#
176	736.639	3	9	10	11	12	13	19	20	21	27	35	97	#
177	815.97	8	9	10	11	17	18	19	20	24	25	26	27	28	32	33	34	35	41	42	43	49	98	#
178	1211.32	0	1	2	3	8	16	17	18	24	25	26	27	32	33	34	37	40	41	42	48	49	98	#
179	1193.43	0	1	8	9	16	17	18	24	25	26	27	32	33	35	40	41	42	48	49	56	57	98	#
180	1156.38	0	1	2	8	9	16	24	25	26	33	34	35	37	43	44	51	52	58	59	60	63	98	#
181	1129.31	8	9	16	17	24	25	26	32	33	34	35	40	41	42	43	48	49	50	51	57	58	98	#
182	1121.21	9	10	17	18	20	25	26	27	28	33	34	35	41	42	43	48	49	50	51	56	58	98	#
183	130.633	7	#
184	96.9839	33	34	#
185	71.334	42	#
186	519.77	27	28	33	34	35	36	44	100	#
187	597.07	27	28	29	35	36	38	43	100	#
188	497.501	36	40	44	45	48	51	56	100	#
189	474.279	20	21	28	29	31	38	46	100	#
190	424.982	25	26	27	34	35	48	56	100	#
191	424.576	6	44	45	50	51	58	59	100	#
192	494.446	36	37	43	44	45	51	52	101	#
193	576.163	36	44	45	51	52	53	61	101	#
194	442.558	35	43	44	50	51	52	58	101	#
195	423.712	42	43	44	50	51	58	59	101	#
196	406.055	20	28	29	37	38	40	48	101	#
197	357.01	44	45	52	53	54	55	60	101	#
198	788.502	0	7	8	11	12	13	14	15	20	21	22	23	27	30	35	43	45	51	58	102	#
199	1179.85	2	3	4	5	10	11	12	13	20	21	27	28	29	36	37	38	44	45	46	102	#
200	1172.18	27	35	36	37	41	42	43	44	45	49	50	51	52	53	58	59	60	61	62	102	#
201	1156.91	0	1	2	3	8	9	10	11	16	17	18	24	25	26	32	33	34	42	50	102	#
202	1114.04	33	34	40	41	42	43	45	46	47	48	49	50	51	54	55	56	57	58	59	102	#
203	1098.56	21	29	30	36	37	42	43	44	45	47	50	51	52	53	54	55	58	59	60	102	#
204	668.896	17	18	26	27	28	29	30	34	35	42	43	103	#
205	685.179	4	26	27	28	29	30	34	36	37	38	49	103	#
206	682.361	6	12	13	14	21	22	28	29	30	35	36	103	#
207	673.196	6	10	11	12	13	14	18	19	20	26	34	103	#
208	626.093	18	19	26	27	28	34	35	43	44	51	59	103	#
209	620.905	33	34	35	41	42	43	48	49	50	51	59	103	#
210	259.322	2	3	40	41	42	104	#
211	306.709	42	43	49	50	57	104	#
212	229.958	17	40	41	42	48	104	#
213	183.915	25	32	33	41	48	104	#
214	93.6582	50	#
215	1071.26	9	16	17	18	19	20	24	25	26	27	28	34	35	36	43	44	51	105	#
216	1224.36	0	1	2	8	9	12	17	20	28	35	36	43	44	51	52	58	59	105	#
217	1172.32	9	10	20	22	25	28	29	30	33	41	42	43	48	49	50	51	56	105	#
218	1123.56	0	1	8	9	10	11	16	17	18	19	24	25	32	33	40	41	48	105	#
219	1080.39	8	9	16	24	25	32	33	34	35	40	41	42	43	48	49	50	58	105	#
220	1069.81	27	34	35	36	37	41	42	43	44	45	48	49	50	51	52	58	59	105	#
221	203.856	11	17	25	33	41	106	#
222	239.31	3	9	10	11	12	106	#
223	220.403	32	33	34	35	41	106	#
224	812.863	23	31	37	38	40	41	45	46	47	48	49	52	60	107	#
225	792.129	44	45	46	47	51	52	53	58	59	60	61	62	63	107	#
226	773.326	32	33	34	35	40	41	42	48	49	50	51	56	57	107	#
227	764.815	38	45	46	51	52	53	54	58	59	60	61	62	63	107	#
228	752.603	28	33	34	36	37	41	42	49	50	51	52	57	60	107	#
229	693.545	31	37	38	44	45	46	51	52	53	54	58	59	60	107	#
230	68.6673	14	21	22	108	#
231	102.607	15	22	23	108	#
232	40.7695	14	22	30	108	#
233	1651.1	0	1	2	3	4	5	8	9	10	11	12	13	17	18	19	20	24	25	26	27	28	36	52	53	59	109	#
234	1620.86	0	1	2	3	4	8	9	10	11	12	13	17	18	19	20	21	27	28	35	36	44	51	53	58	61	109	#
235	1513.1	1	2	3	4	5	8	10	11	12	13	16	17	18	19	20	21	24	25	26	27	28	32	34	35	36	109	#
236	1409.49	0	1	8	9	10	11	15	16	17	18	19	20	23	24	25	26	27	28	32	34	35	36	41	42	49	109	#
237	1391.33	0	1	2	3	4	5	8	9	10	11	12	16	17	18	19	20	21	22	24	25	26	27	34	35	42	109	#
238	1383.72	3	4	10	11	12	16	17	18	19	20	21	22	24	25	26	27	28	29	30	33	34	35	36	37	42	109	#
239	207.832	6	14	15	21	22	30	110	#
240	215.586	6	13	14	15	21	22	110	#
241	191.404	14	15	22	23	30	38	110	#
242	34.6243	14	#
243	785.861	27	28	29	35	36	37	43	51	52	53	58	111	#
244	943.56	35	42	43	44	50	51	52	53	58	60	61	111	#
245	922.137	35	36	37	43	44	51	52	53	58	60	61	111	#
246	793.922	33	34	35	42	43	50	51	52	54	58	59	111	#
247	721.51	11	18	19	20	26	27	34	35	36	37	43	111	#
248	715.412	26	34	35	42	43	44	45	50	51	58	59	111	#
249	165.016	17	25	112	#
250	129.405	24	25	112	#
251	258.884	19	20	27	28	113	#
252	335.526	28	33	36	41	113	#
253	302.865	5	12	20	61	113	#
254	184.409	18	19	26	27	113	#
255	118.97	26	27	34	42	113	#
256	857.895	34	35	41	42	43	45	46	50	51	52	53	54	55	58	59	60	61	62	63	114	#
257	1158.74	35	41	42	43	45	48	49	50	51	52	53	56	57	58	59	60	61	62	63	114	#
258	1154.09	26	34	35	36	42	43	44	45	48	49	50	51	52	53	57	58	59	60	61	114	#
259	1149.89	2	3	4	11	21	28	29	35	36	37	42	43	45	49	50	51	52	58	59	114	#
260	1133.45	4	5	12	13	20	21	22	23	27	28	35	36	43	44	51	58	59	60	61	114	#
261	1072.51	32	33	34	35	40	41	42	43	45	48	49	50	51	52	53	57	58	59	60	114	#
262	397.054	6	13	14	21	22	23	30	31	39	115	#
263	546.729	4	5	6	13	14	15	21	22	23	115	#
264	486.648	6	11	12	13	14	21	22	29	38	115	#
265	417.357	5	6	13	14	15	21	22	23	30	115	#
266	393.345	5	6	13	14	15	21	22	23	40	115	#
267	364.133	13	21	22	23	29	30	38	46	47	115	#
268	495.861	26	33	34	35	42	43	50	116	#
269	481.35	41	42	43	50	51	58	59	116	#
270	460.768	9	33	34	35	42	50	58	116	#
271	402.894	42	43	48	49	50	51	58	116	#
272	399.845	17	24	25	33	40	41	42	116	#
273	387.347	3	4	11	25	26	34	35	116	#
274	523.353	16	24	32	33	34	40	41	48	49	56	57	117	#
275	666.634	40	41	42	44	48	49	50	51	52	56	58	117	#
276	615.145	35	41	42	43	44	48	49	51	56	57	58	117	#
277	607.507	32	33	34	40	41	42	48	49	50	51	58	117	#
278	598.314	0	1	8	9	10	16	17	18	19	24	32	117	#
279	588.838	34	35	42	48	49	50	51	52	56	57	58	117	#
280	331.766	23	28	29	30	37	118	#
281	327.574	22	23	28	29	30	118	#
282	313.635	18	19	26	27	28	118	#
283	179.888	13	14	21	22	29	118	#
284	148.798	22	29	30	37	38	118	#
285	136.302	15	22	23	30	45	118	#
286	776.089	25	38	42	43	45	46	49	50	51	52	58	59	60	119	#
287	1008.36	2	3	4	10	11	12	18	19	20	25	26	32	33	119	#
288	929.585	15	22	23	29	30	31	35	36	37	38	39	45	46	119	#
289	864.249	36	37	38	42	44	45	50	51	52	53	59	60	61	119	#
290	856.075	33	34	35	36	42	43	44	50	51	52	58	59	60	119	#
291	847.062	21	22	23	26	27	28	29	30	34	35	36	38	43	119	#
292	101.944	26	27	120	#
293	146.267	18	26	120	#
294	808.845	20	21	22	23	28	29	30	31	36	37	38	39	44	45	46	47	54	55	62	121	#
295	1212.42	25	26	27	28	29	34	35	36	37	38	41	42	44	46	49	50	51	58	59	121	#
296	1196.63	29	34	35	37	39	42	44	45	46	47	50	51	52	53	54	55	58	59	61	121	#
297	1080.22	23	29	30	31	35	36	37	38	39	44	45	46	47	51	52	53	54	59	60	121	#
298	1033.97	3	4	5	11	12	13	14	15	21	22	23	28	29	30	31	36	37	39	47	121	#
299	1022.57	3	4	5	12	13	14	15	37	38	44	45	46	47	52	53	54	55	61	62	121	#
300	303.953	33	34	35	43	122	#
301	353.457	34	35	36	42	122	#
302	320.578	17	25	32	33	122	#
303	164.327	8	34	35	43	122	#
304	153.759	40	41	42	43	122	#
305	666.604	1	2	3	4	5	11	12	20	28	123	#
306	645.223	0	1	2	3	4	11	12	18	19	123	#
307	624.203	3	4	5	11	12	20	21	26	29	123	#
308	597.252	2	3	4	11	12	19	20	28	36	123	#
309	596.451	4	5	12	13	14	21	22	29	30	123	#
310	587.236	3	4	11	12	18	19	20	21	28	123	#
311	126.878	24	32	124	#
312	42.8177	24	25	124	#
313	1252.33	11	19	27	35	36	37	40	41	42	43	44	45	49	50	51	52	53	54	58	59	60	125	#
314	1488.61	0	18	19	20	26	27	28	34	35	36	37	44	45	48	51	52	53	56	58	59	61	125	#
315	1418.86	16	20	25	26	27	28	29	31	35	36	37	38	44	45	50	51	52	53	54	58	59	125	#
316	1392.91	26	27	28	34	35	36	41	42	43	44	45	48	49	50	51	52	53	54	58	59	60	125	#
317	1333.93	26	27	28	32	33	34	35	36	40	41	42	43	44	48	49	50	51	52	56	58	61	125	#
318	1312.05	23	27	28	29	31	35	36	38	39	43	44	45	46	50	51	52	54	55	58	59	60	125	#
319	326.171	4	5	12	13	14	126	#
320	317.788	3	4	5	11	12	126	#
321	289.486	5	13	14	15	23	126	#
322	231.606	5	13	21	22	23	126	#
323	224.781	5	12	20	51	58	126	#
324	1577.9	0	1	5	21	27	28	29	30	31	35	36	37	38	43	44	45	46	47	50	51	52	53	54	55	58	60	61	127	#
325	2067.94	4	5	6	12	13	14	18	19	20	28	29	35	36	37	41	42	43	44	45	46	48	50	51	52	53	59	61	127	#
326	1772.07	0	1	2	4	5	8	9	10	11	12	16	17	18	19	20	24	26	28	34	35	41	42	43	44	45	50	51	127	#
327	1770.6	0	1	4	12	20	21	22	23	24	28	29	30	31	32	35	36	37	38	44	45	46	50	51	52	53	54	59	127	#
328	1659.03	4	5	6	7	8	12	13	14	15	16	17	18	19	20	21	24	26	27	28	29	30	33	34	35	36	37	43	127	#
329	1654.47	4	5	7	11	12	13	15	19	20	21	22	23	28	29	30	34	35	36	38	41	42	43	44	46	49	51	59	127	#
330	153.352	50	58	128	#
331	183.961	42	50	128	#
332	123.954	51	#
333	150.13	1	2	9	129	#
334	200.555	8	9	17	129	#
335	185.131	2	3	4	129	#
336	58.1716	1	9	55	129	#
337	540.236	4	5	6	11	12	13	14	19	20	130	#
338	674.906	3	4	5	11	12	18	20	26	34	130	#
339	639.501	2	3	4	5	11	12	13	14	20	130	#
340	633.684	3	4	5	11	12	13	20	21	28	130	#
341	571.564	4	9	10	11	12	13	20	21	28	130	#
342	506.326	10	17	18	19	20	21	22	25	27	130	#
343	236.88	4	5	13	131	#
344	193.61	3	4	11	131	#
345	183.446	13	43	51	131	#
346	174.87	5	12	13	131	#
347	166.753	54	61	62	132	#
348	238.674	45	53	61	132	#
349	185.516	53	61	62	132	#
350	124.437	42	49	133	#
351	184.219	42	50	133	#
352	603.456	11	12	19	40	41	42	48	49	134	#
353	707.998	5	9	10	11	12	17	18	19	134	#
354	612.646	2	3	10	11	18	19	26	27	134	#
355	606.69	25	33	41	42	48	49	50	56	134	#
356	579.696	2	3	41	42	44	48	49	50	134	#
357	526.67	34	40	41	42	48	49	50	56	134	#
358	2294.55	5	6	7	10	11	12	13	14	15	18	19	20	21	22	23	26	27	28	29	30	31	34	35	36	37	38	39	40	41	42	43	44	45	46	47	48	49	51	53	54	55	59	60	61	62	63	135	#
359	2667.34	3	4	6	7	10	11	12	13	14	15	17	18	19	20	21	22	23	26	28	29	30	31	35	36	37	38	39	42	43	44	45	46	48	49	50	51	52	53	54	55	58	59	60	61	62	63	135	#
360	2577.88	0	1	2	4	5	9	10	11	12	13	15	16	17	18	19	20	21	22	23	24	25	26	28	29	30	31	32	35	36	37	38	42	44	45	46	48	49	50	52	53	54	55	58	59	60	61	135	#
361	2570.76	10	11	16	17	18	19	20	22	24	25	26	28	29	30	31	32	33	35	36	37	38	39	40	41	42	43	44	45	46	47	48	49	50	51	52	53	54	55	56	57	58	59	60	61	62	63	135	#
362	2549.48	0	1	2	3	10	11	12	16	18	22	24	25	26	29	30	31	32	33	34	35	36	37	38	39	40	41	42	43	44	45	46	48	49	50	51	52	53	54	55	57	58	59	60	61	62	63	135	#
363	2516.41	0	1	2	3	4	5	6	7	8	9	10	11	12	13	14	15	16	17	18	19	20	21	22	24	25	26	28	29	30	33	34	36	37	38	44	45	46	49	50	51	52	53	54	55	62	63	135	#
364	706.291	20	21	28	29	30	31	34	35	36	37	38	39	46	47	55	136	#
365	1030.66	24	25	33	35	40	41	42	43	48	49	50	51	56	58	59	136	#
366	1003.09	11	18	19	20	27	28	35	36	37	40	43	44	51	52	53	136	#
367	914.785	4	5	6	12	14	20	21	22	23	28	29	30	31	37	38	136	#
368	900.234	6	14	17	20	21	22	24	25	26	32	33	34	42	49	50	136	#
369	898.093	20	21	22	28	29	30	35	36	37	38	43	44	45	46	47	136	#
370	339.304	52	53	54	62	63	137	#
371	404.271	52	53	61	62	63	137	#
372	350.953	35	36	44	51	52	137	#
373	342.124	53	54	55	62	63	137	#
374	826.063	2	3	4	5	10	11	12	13	21	24	32	138	#
375	913.144	3	4	5	11	12	13	26	34	35	42	43	138	#
376	856.578	2	3	4	5	10	11	12	19	20	21	29	138	#
377	809.289	3	4	5	10	11	12	13	18	19	20	21	138	#
378	790.34	1	2	3	4	5	11	12	13	19	20	27	138	#
379	787.241	3	4	5	11	12	13	19	20	27	28	29	138	#
380	424.727	36	37	44	45	51	52	139	#
381	544.365	36	43	44	50	51	52	139	#
382	380.925	29	36	37	38	44	45	139	#
383	356.085	42	43	50	51	58	59	139	#
384	311.785	29	37	45	46	51	52	139	#
385	238.06	28	29	30	36	37	38	139	#
386	815.079	29	31	36	37	42	43	44	49	51	54	57	58	59	60	140	#
387	938.46	26	27	34	35	42	43	49	50	51	52	58	59	60	61	140	#
388	883.383	34	35	37	42	43	44	45	48	49	50	51	52	58	59	140	#
389	856.512	5	9	10	12	32	33	34	40	41	42	48	49	56	57	140	#
390	813.059	20	21	26	27	34	35	40	41	42	43	49	50	51	58	140	#
391	774.887	42	43	44	45	48	49	50	51	52	56	57	58	59	60	140	#
392	257.994	39	47	55	141	#
393	268.032	39	46	47	141	#
394	256.107	51	59	142	#
395	199.888	43	51	142	#
396	1313.49	8	12	18	19	20	25	27	28	29	30	31	33	34	35	36	37	38	42	43	49	143	#
397	1518.35	1	3	4	9	10	11	12	17	18	19	25	26	27	35	36	42	43	49	50	51	143	#
398	1457.74	1	2	3	4	8	9	10	11	12	16	17	18	19	20	24	25	26	28	36	37	143	#
399	1397.55	1	2	3	4	8	9	10	11	12	13	16	17	19	20	21	22	24	25	29	33	143	#
400	1329.33	3	4	5	10	11	12	20	21	22	26	28	29	30	33	34	35	36	37	38	43	143	#
401	1278.95	3	4	5	11	12	13	15	21	22	23	27	28	29	30	31	35	36	37	38	39	143	#
402	195.42	18	26	144	#
403	226.454	10	18	144	#
404	103.805	40	41	145	#
405	148.92	40	48	145	#
406	94.5652	41	42	145	#
407	386.378	42	50	51	52	53	58	60	146	#
408	518.405	44	45	50	51	52	53	59	146	#
409	476.347	12	20	21	43	50	51	58	146	#
410	416.448	44	45	51	52	53	59	60	146	#
411	411.986	33	34	35	41	42	43	50	146	#
412	386.608	37	45	52	53	60	61	62	146	#
413	401.728	9	10	11	17	18	26	147	#
414	423.381	9	10	17	18	25	26	147	#
415	414.734	9	17	18	24	25	32	147	#
416	409.08	9	10	17	18	19	20	147	#
417	373.953	17	24	25	26	33	34	147	#
418	339.509	8	9	10	18	26	27	147	#
419	740.212	4	5	10	11	12	13	18	21	29	148	#
420	672.723	3	4	10	11	12	13	18	20	21	148	#
421	646.517	3	4	10	11	12	17	18	19	20	148	#
422	639.247	3	4	5	11	12	13	20	21	29	148	#
423	583.176	5	6	7	12	13	14	15	21	22	148	#
424	578.712	9	10	11	17	18	19	26	56	57	148	#
425	156.876	5	13	14	15	149	#
426	206.088	5	13	14	21	149	#
427	1702.74	8	9	16	17	18	25	26	27	32	33	34	35	36	37	40	41	42	43	44	48	49	51	52	56	57	58	59	60	61	62	150	#
428	2139.08	3	5	8	11	12	32	33	34	35	36	37	38	39	40	41	42	43	44	45	46	47	48	49	50	51	52	53	56	59	61	150	#
429	2025.04	0	1	2	3	4	5	18	24	25	26	27	32	33	34	35	36	40	41	42	43	44	45	46	48	49	50	51	56	57	58	150	#
430	1998.79	17	18	19	20	24	25	26	27	32	33	34	35	36	37	40	41	42	43	44	45	48	49	50	51	52	53	58	59	60	61	150	#
431	1959.15	12	13	16	18	19	20	25	26	27	29	33	34	35	36	37	40	41	42	43	44	48	49	50	51	52	53	56	57	58	60	150	#
432	1938.27	25	27	29	32	33	34	35	36	37	38	40	41	42	43	44	45	46	48	49	50	51	52	53	54	56	57	58	59	60	61	150	#
433	156.68	17	25	26	151	#
434	89.3594	16	25	26	151	#
435	483.756	44	45	51	52	53	54	59	60	61	62	152	#
436	665.622	3	4	5	11	12	13	20	21	59	60	152	#
437	655.863	12	34	35	36	37	42	43	44	51	58	152	#
438	581.452	40	48	49	53	54	56	57	60	61	62	152	#
439	572.096	39	42	47	48	49	50	51	58	59	60	152	#
440	560.636	2	37	38	44	45	46	51	53	54	59	152	#
441	323.968	2	3	17	153	#
442	333.749	2	3	4	153	#
443	289.394	2	3	11	153	#
444	141.85	17	24	25	153	#
445	859.507	5	6	13	14	20	21	22	28	29	30	37	38	44	45	52	154	#
446	1219.95	4	5	6	10	11	12	13	14	18	19	20	26	27	28	29	154	#
447	1093.3	3	4	6	7	9	10	11	14	15	17	18	19	20	23	26	154	#
448	1057.61	5	10	12	13	18	19	20	21	27	28	35	36	37	43	59	154	#
449	1039.89	4	5	11	12	13	14	19	20	28	48	49	50	51	57	58	154	#
450	983.703	1	2	5	8	9	10	11	12	13	14	15	20	21	29	51	154	#
451	70.7676	32	33	41	155	#
452	90.7745	25	32	33	155	#
453	2204.06	8	9	10	16	17	18	19	24	25	26	28	30	32	33	34	35	36	37	38	40	41	42	44	45	48	49	50	51	52	56	57	58	59	60	161	#
454	247.912	34	35	36	37	156	#
455	287.468	37	38	45	52	156	#
456	208.573	28	36	44	45	156	#
457	172.312	27	35	42	43	156	#
458	2235.09	11	13	18	19	20	21	23	27	28	29	30	31	34	35	37	38	39	42	43	44	45	46	47	48	49	50	51	53	54	57	58	59	60	61	161	#
459	2319.85	1	3	4	5	6	8	9	11	12	14	15	16	17	18	19	20	21	22	23	24	25	26	27	29	30	32	33	34	35	40	41	42	43	44	48	49	50	51	56	57	58	59	60	61	62	157	#
460	2588.19	0	1	2	3	4	5	6	8	9	10	11	12	13	16	17	18	19	20	21	22	23	24	25	26	27	28	29	30	31	35	36	37	38	39	43	44	45	46	49	50	51	52	53	58	59	157	#
461	2382.79	0	1	2	3	4	5	6	7	9	10	11	12	13	14	15	18	19	20	21	22	23	26	28	29	30	31	34	35	36	37	38	39	42	43	44	45	46	51	52	53	54	55	57	58	59	157	#
462	2378.74	0	1	2	3	4	5	6	8	9	10	11	12	13	14	15	16	17	18	19	20	21	22	23	24	25	27	28	29	30	31	33	35	36	37	38	39	44	45	46	47	51	52	55	59	61	157	#
463	2370.84	0	1	3	4	5	6	8	9	10	11	12	13	14	16	17	18	19	20	21	22	23	25	26	27	28	29	30	33	36	38	40	41	44	45	46	48	49	50	51	52	56	57	58	59	60	157	#
464	2356.83	3	11	12	15	16	17	18	19	20	22	23	24	25	26	27	28	29	30	32	33	34	35	36	37	38	39	41	42	43	44	45	46	47	50	51	52	53	54	55	58	59	60	61	62	63	157	#
465	412.589	16	18	25	26	33	34	35	158	#
466	590.672	33	34	35	36	41	44	48	158	#
467	571.594	26	28	29	34	35	36	44	158	#
468	451.488	18	26	34	35	43	51	52	158	#
469	349.127	8	16	25	26	27	48	49	158	#
470	323.403	27	32	33	34	35	40	41	158	#
471	482.434	7	15	23	31	36	37	38	39	46	47	159	#
472	515.069	0	7	8	14	15	16	22	23	25	29	159	#
473	489.926	20	27	28	35	36	42	43	61	62	63	159	#
474	439.641	22	23	29	30	31	36	37	38	45	46	159	#
475	427.917	0	1	6	38	39	46	47	54	61	62	159	#
476	415.585	36	37	44	45	46	47	52	53	54	60	159	#
477	176.968	5	12	160	#
478	92.5767	12	13	160	#
479	42.6655	32	#
480	1752.02	0	5	8	13	14	16	20	21	22	23	25	26	27	28	29	30	31	32	33	34	35	36	37	38	44	45	46	47	52	53	54	60	61	62	161	#
481	2406.42	6	11	14	16	18	19	20	21	22	23	27	28	29	35	36	37	38	44	45	46	48	49	50	51	53	54	56	57	58	59	60	61	62	63	161	#
482	2293.13	3	11	12	16	17	18	19	20	21	25	26	27	28	29	30	31	32	33	34	35	36	37	38	39	44	45	46	47	48	49	50	54	56	58	161	#
483	2267.34	6	10	14	18	19	20	22	23	25	26	27	28	29	30	31	33	34	35	36	37	38	39	44	45	46	48	50	51	52	53	54	58	59	60	161	#
484	209.826	49	56	57	162	#
485	209.293	48	49	57	162	#
486	124.226	41	42	49	162	#
487	480.428	26	27	28	29	34	35	43	163	#
488	429.632	13	21	22	28	29	30	38	163	#
489	420.34	26	33	34	35	36	43	44	163	#
490	403.953	10	11	15	17	18	25	26	163	#
491	397.371	28	35	36	43	52	53	60	163	#
492	349.503	13	14	21	22	29	30	38	163	#
493	739.557	34	42	45	46	49	50	51	53	56	57	58	60	61	164	#
494	932.465	33	34	35	42	43	48	49	50	51	56	57	58	61	164	#
495	901.228	8	16	17	18	25	26	27	28	34	35	36	42	43	164	#
496	841.878	26	27	28	29	31	35	36	37	38	44	45	46	47	164	#
497	801.545	33	36	37	38	41	42	43	48	49	50	56	57	58	164	#
498	785.94	34	35	43	45	50	51	52	53	59	60	61	62	63	164	#
499	556.848	41	42	43	44	49	50	51	52	165	#
500	575.802	24	25	32	33	34	41	42	48	165	#
501	543.017	33	34	35	40	41	42	43	51	165	#
502	537.683	8	9	16	40	42	48	49	57	165	#
503	535.362	33	34	41	42	49	50	51	58	165	#
504	528.062	16	25	33	34	42	43	50	58	165	#
