%% File generated by CATS v.2.1Thu May  9 12:51:07 2024

%% The CATS webpage is http://robotics.stanford.edu/CATS

%% PARAMETER SETTINGS:
% Goods: 64; Bids: 500; Distribution: regions; Runs: 1; Seed: 49
% Regions Distribution Parameters:
% Max Substitutable Bids = 5
% Removing HV Neighbor   = 0.1
% Adding DIAG Neighbor   = 0.2
% Additional Location    = 0.9
% Jump Probability       = 0.05
% Additivity             = 0.2
% Budget Factor          = 1.5
% Resale Factor          = 0.5
% Uniform Private Value:
%   Deviation            = 0.5
%   Max Good Value       = 100



goods 64
bids 504
dummy 94

0	660.978	5	12	13	14	15	20	21	22	64	#
1	679.468	5	7	12	13	14	15	21	22	64	#
2	596.359	4	5	12	13	20	21	22	30	64	#
3	583.277	2	3	4	5	11	12	13	14	64	#
4	573.679	3	10	11	12	13	18	19	20	64	#
5	565.963	13	14	15	21	22	23	30	31	64	#
6	1085.23	0	1	2	5	8	9	10	11	12	13	14	19	20	21	65	#
7	1331.31	0	1	9	17	18	19	20	21	22	26	27	29	36	37	65	#
8	1214.64	1	2	3	9	11	17	18	19	20	26	27	28	36	37	65	#
9	1203.43	5	12	13	14	18	19	20	21	22	23	26	27	31	36	65	#
10	1169.26	0	1	2	3	8	9	10	17	18	19	20	21	26	27	65	#
11	1166.39	8	9	10	17	18	26	27	36	37	45	52	53	60	61	65	#
12	763.376	13	20	21	25	26	27	28	29	34	35	42	43	66	#
13	949.246	9	17	18	25	26	28	34	35	36	37	43	52	66	#
14	915.626	5	16	17	18	19	24	25	26	27	28	35	36	66	#
15	884.358	5	6	12	13	20	21	22	29	30	37	38	39	66	#
16	877.799	4	11	12	13	14	21	22	29	30	36	37	43	66	#
17	855.873	10	18	25	26	27	28	32	33	34	35	36	43	66	#
18	1550.05	0	1	24	25	27	32	33	34	35	36	37	40	41	43	44	48	49	51	52	56	57	58	67	#
19	1862.04	22	27	28	29	30	31	36	37	38	39	43	44	47	49	51	52	55	56	57	58	59	60	67	#
20	1783.82	0	1	2	4	5	9	11	12	13	14	15	21	22	29	30	40	41	42	48	49	56	57	67	#
21	1718.42	5	12	13	18	20	21	26	27	28	29	35	36	37	38	41	43	44	49	50	51	52	60	67	#
22	1638.92	1	2	9	14	15	17	21	22	24	25	29	30	32	33	40	41	45	46	47	54	55	63	67	#
23	1635.2	17	20	21	22	26	27	28	29	30	35	36	37	38	39	43	44	47	52	54	55	61	62	67	#
24	333.883	19	20	21	51	68	#
25	401.228	14	20	21	22	68	#
26	359.6	13	14	21	22	68	#
27	279.962	51	52	59	60	68	#
28	276.387	11	19	20	27	68	#
29	1125.24	3	31	34	38	39	40	41	42	43	46	47	48	49	50	51	52	53	54	55	56	62	69	#
30	1612.03	5	12	13	14	17	18	21	22	29	30	37	38	39	43	44	45	47	51	52	53	55	69	#
31	1567.58	1	2	3	5	6	7	9	10	11	12	13	14	17	18	20	21	25	26	33	34	42	69	#
32	1488.77	2	5	10	11	12	13	17	18	20	21	25	26	28	33	34	41	42	45	50	52	58	69	#
33	1452.66	2	9	10	11	15	37	39	43	44	45	46	47	51	52	54	55	58	59	61	62	63	69	#
34	1433.45	0	3	8	11	12	14	15	23	29	30	31	37	38	39	46	47	53	54	55	61	62	69	#
35	735.474	17	26	27	28	29	35	36	37	70	#
36	769.097	36	37	38	43	45	46	54	55	70	#
37	712.748	18	26	27	28	35	36	42	43	70	#
38	690.241	17	18	19	26	27	30	35	38	70	#
39	685.501	12	17	18	19	20	26	27	28	70	#
40	665.061	9	16	17	26	27	34	35	36	70	#
41	727.79	1	2	3	8	9	11	19	27	28	40	41	71	#
42	808.954	1	2	6	7	8	9	12	13	14	15	22	71	#
43	790.311	1	2	3	11	12	13	19	27	28	35	36	71	#
44	728.796	19	27	28	35	36	37	38	39	43	44	52	71	#
45	728.15	1	2	3	8	9	11	12	13	14	19	27	71	#
46	685.759	19	25	26	27	28	34	35	36	37	43	44	71	#
47	604.16	15	19	20	21	22	23	27	29	30	36	72	#
48	858.215	7	11	15	18	19	20	21	22	29	37	72	#
49	843.414	10	11	18	19	20	21	27	29	35	37	72	#
50	773.331	20	21	25	28	29	30	31	35	36	37	72	#
51	767.32	7	13	14	15	20	23	29	30	31	38	72	#
52	740.1	20	21	28	29	30	31	38	39	47	56	72	#
53	689.012	7	14	15	20	22	29	37	44	73	#
54	667.232	20	29	37	43	44	45	51	52	73	#
55	650.434	4	12	18	19	20	27	28	29	73	#
56	638.886	4	12	19	20	21	27	28	29	73	#
57	572.125	29	35	37	43	44	45	51	52	73	#
58	499.439	5	7	12	13	14	15	23	31	73	#
59	48.2272	3	#
60	452.546	32	33	34	40	48	49	56	57	58	74	#
61	637.085	9	16	17	24	25	32	33	40	48	74	#
62	608.187	17	18	25	26	32	33	34	40	49	74	#
63	560.841	7	16	17	25	26	32	33	40	41	74	#
64	541.663	25	26	27	32	33	40	41	48	49	74	#
65	495.923	32	40	41	45	52	53	60	61	62	74	#
66	186.145	39	47	75	#
67	114.966	47	55	75	#
68	461.246	20	21	29	30	31	37	39	44	76	#
69	587.764	19	20	21	27	28	29	30	37	76	#
70	581.001	14	15	22	23	29	30	37	38	76	#
71	545.495	20	21	22	29	35	37	42	43	76	#
72	524.245	29	30	31	37	38	39	46	47	76	#
73	523.674	12	20	21	22	23	27	29	43	76	#
74	593.031	10	18	19	24	25	26	77	#
75	532.465	1	3	8	9	10	11	77	#
76	494.274	16	20	24	25	26	27	77	#
77	444.809	11	19	27	28	35	36	77	#
78	389.746	18	19	20	26	27	34	77	#
79	354.039	24	25	26	27	33	34	77	#
80	805.626	3	4	5	11	12	13	18	19	20	26	28	34	78	#
81	1065.6	6	9	10	12	17	18	19	20	25	26	27	28	78	#
82	1010.07	18	19	20	21	22	26	27	28	29	30	31	35	78	#
83	971.412	4	5	6	11	12	13	19	20	21	22	23	60	78	#
84	930.124	12	19	20	21	22	27	28	35	41	42	43	44	78	#
85	884.125	4	5	12	13	20	21	22	27	28	29	35	36	78	#
86	116.34	38	#
87	544.864	2	3	8	9	10	17	79	#
88	596.89	1	8	9	10	17	18	79	#
89	544.392	1	9	17	18	24	25	79	#
90	541.256	1	2	9	10	11	19	79	#
91	538.325	0	1	2	8	9	10	79	#
92	482.833	8	9	10	23	31	39	79	#
93	171.52	22	23	80	#
94	165.735	21	22	80	#
95	211.609	13	37	81	#
96	163.632	37	38	81	#
97	206.295	19	20	82	#
98	272.806	20	29	82	#
99	170.338	18	19	82	#
100	741.503	16	17	18	27	30	35	36	37	38	46	83	#
101	891.902	11	19	20	27	28	29	30	36	37	38	83	#
102	799.403	8	14	20	21	22	23	30	31	39	47	83	#
103	797.666	0	1	2	8	9	11	16	17	24	25	83	#
104	793.015	0	1	2	8	9	10	16	17	18	25	83	#
105	775.54	1	8	9	10	11	17	18	50	56	58	83	#
106	116.118	16	#
107	1767.58	2	3	4	5	6	7	10	11	12	13	14	15	19	20	21	22	27	28	29	51	53	54	59	84	#
108	2007.01	1	2	3	4	5	6	8	9	10	11	12	13	14	15	17	18	19	20	21	22	28	29	30	84	#
109	1974.59	1	2	3	4	5	6	9	10	11	12	13	14	18	19	20	21	22	25	26	27	28	29	30	84	#
110	1933.08	3	4	5	6	10	11	12	13	14	15	17	18	19	20	21	22	24	25	29	30	37	38	44	84	#
111	1901.34	0	1	2	3	8	9	10	11	12	13	14	15	18	19	20	21	22	29	30	36	37	38	39	84	#
112	1859.28	2	3	4	5	6	7	10	11	12	13	14	15	17	18	19	20	21	22	26	27	29	30	38	84	#
113	1472.53	0	8	9	10	17	18	19	20	26	32	33	34	40	41	42	43	48	49	56	57	85	#
114	1716.32	0	1	2	8	9	12	17	18	19	20	21	22	26	28	29	34	37	38	43	44	85	#
115	1715.71	0	1	3	4	5	8	9	10	11	13	17	18	19	20	21	26	28	34	36	37	85	#
116	1654.47	3	4	9	10	11	12	17	18	19	20	26	28	29	30	34	36	37	38	43	46	85	#
117	1606.43	18	19	20	22	23	26	29	30	34	35	36	37	38	42	43	50	51	52	59	60	85	#
118	1591.89	0	1	8	9	10	12	14	16	17	18	19	20	22	24	26	29	30	31	33	34	85	#
119	119.618	53	61	62	86	#
120	173.547	53	54	62	86	#
121	1070.9	29	30	38	39	45	46	47	53	54	55	60	61	62	63	87	#
122	1210.62	22	28	29	30	36	37	38	44	45	51	52	53	59	60	87	#
123	1142.6	20	29	37	38	45	46	53	54	55	59	60	61	62	63	87	#
124	1093.76	29	30	38	39	46	51	53	54	55	59	60	61	62	63	87	#
125	1078.19	20	21	22	23	27	28	29	30	31	36	37	38	39	44	87	#
126	1063.26	20	21	22	23	29	30	31	33	34	35	36	37	38	39	87	#
127	104.515	15	23	31	88	#
128	156.382	31	39	47	88	#
129	823.432	18	19	20	21	22	29	32	33	37	40	89	#
130	1034.44	20	28	29	30	35	36	37	43	51	59	89	#
131	980.232	2	3	20	21	29	30	36	37	38	43	89	#
132	961.31	20	21	22	28	29	30	31	37	38	39	89	#
133	951.925	19	20	21	22	28	29	30	31	37	38	89	#
134	862.365	12	19	20	21	28	29	30	36	37	43	89	#
135	204.438	17	18	90	#
136	180.089	16	17	90	#
137	163.247	18	26	90	#
138	17.0257	12	#
139	328.529	22	23	29	30	31	91	#
140	423.378	30	31	38	39	47	91	#
141	404.228	21	22	29	30	59	91	#
142	386.869	21	29	30	37	44	91	#
143	332.148	22	23	30	38	46	91	#
144	319.109	22	23	30	31	38	91	#
145	358.562	5	6	11	12	92	#
146	380.302	5	6	12	13	92	#
147	251.807	3	11	12	19	92	#
148	240.064	4	5	6	7	92	#
149	915.519	2	5	7	11	12	13	14	15	20	21	28	93	#
150	1171.85	11	14	19	20	21	22	27	28	29	37	38	93	#
151	1047.64	5	11	12	13	14	19	20	21	27	28	36	93	#
152	1005.74	2	5	10	11	12	13	19	20	26	27	29	93	#
153	921.118	20	27	28	29	36	37	42	43	44	50	52	93	#
154	903.731	3	11	12	19	20	27	28	29	36	40	48	93	#
155	1303.66	2	9	10	11	16	17	18	19	21	25	26	27	29	32	33	34	35	40	41	49	94	#
156	1623.34	0	1	8	9	16	17	21	22	24	25	26	27	30	32	33	35	38	41	49	59	94	#
157	1607.82	4	5	13	14	18	19	20	21	22	25	26	27	29	30	35	37	38	44	46	54	94	#
158	1590.37	2	4	5	10	11	12	13	14	19	21	22	29	30	31	37	38	44	45	46	54	94	#
159	1571.02	0	1	2	4	5	6	8	9	10	11	12	17	18	19	24	25	26	27	28	36	94	#
160	1514.66	0	1	2	4	5	6	8	9	10	11	12	13	16	17	18	19	25	26	27	33	94	#
161	529.435	34	40	41	42	50	51	52	59	60	95	#
162	793.734	28	36	37	38	39	43	51	52	59	95	#
163	762.477	43	44	45	50	51	52	58	59	60	95	#
164	751.485	41	44	45	50	51	52	58	59	60	95	#
165	730.234	41	45	50	51	52	53	58	59	60	95	#
166	721.102	35	36	41	43	45	50	51	52	60	95	#
167	194.374	4	5	13	96	#
168	218.095	5	6	7	96	#
169	210.767	4	5	43	96	#
170	130.069	5	12	13	96	#
171	562.848	45	51	52	53	54	60	61	97	#
172	643.797	37	44	45	52	53	60	61	97	#
173	588.762	16	17	24	25	34	60	61	97	#
174	574.734	37	38	39	45	46	54	55	97	#
175	566.709	38	45	46	52	53	60	61	97	#
176	543.026	44	45	46	52	53	60	61	97	#
177	533.974	17	25	26	32	33	34	35	40	41	42	43	48	50	51	58	98	#
178	755.145	9	11	17	18	19	25	26	32	33	40	41	42	48	50	51	98	#
179	743.429	3	4	11	25	26	33	34	36	41	42	43	50	51	59	60	98	#
180	706.132	0	1	2	18	26	32	33	34	35	40	41	42	48	53	56	98	#
181	690.54	2	3	4	11	19	20	32	33	40	41	42	50	51	52	59	98	#
182	690.143	9	16	17	18	19	24	25	26	33	34	35	40	41	42	50	98	#
183	440.55	4	5	6	12	13	14	99	#
184	542.152	5	6	7	14	15	23	99	#
185	472.765	3	4	5	6	7	15	99	#
186	468.553	5	12	13	20	21	35	99	#
187	383.672	4	5	6	12	13	23	99	#
188	275.569	6	40	41	42	50	58	99	#
189	1025.58	13	14	15	19	20	21	22	23	27	29	30	31	35	36	37	44	100	#
190	1463.51	10	11	18	19	20	21	27	28	29	36	37	38	39	46	47	55	100	#
191	1405.33	14	15	18	19	20	21	22	23	27	29	30	31	37	38	39	47	100	#
192	1403.05	6	18	19	20	21	27	29	30	36	37	38	42	43	48	49	50	100	#
193	1338.02	2	11	13	16	17	18	19	20	21	24	25	26	27	28	29	34	100	#
194	1301.93	2	3	11	12	13	14	17	18	19	20	21	25	27	28	29	36	100	#
195	2542.74	11	14	16	17	19	20	21	22	24	25	26	27	29	30	31	32	33	34	35	36	38	40	41	42	43	44	45	46	49	50	51	52	53	54	55	56	57	60	61	62	101	#
196	2779.62	2	3	4	5	6	7	10	11	12	13	14	15	16	17	18	19	20	21	22	24	25	26	27	29	30	33	34	35	36	38	41	42	43	44	45	46	51	52	54	60	101	#
197	2760.46	0	4	5	6	7	10	11	12	13	14	15	16	17	20	21	22	24	25	26	27	29	30	32	33	34	35	38	40	41	42	43	44	45	46	49	51	52	56	57	58	101	#
198	2751.23	3	4	5	6	10	11	12	13	14	15	16	17	19	20	21	22	23	25	26	27	29	30	31	33	34	35	36	38	43	44	45	46	49	51	52	56	57	58	59	60	101	#
199	2724.82	2	3	4	5	10	11	12	13	14	16	17	19	20	21	22	24	25	26	27	29	30	33	34	35	36	38	41	42	43	44	45	51	52	53	56	57	60	61	62	63	101	#
200	2686.63	4	5	6	7	11	12	13	14	15	16	17	19	20	21	22	24	25	26	27	30	33	34	35	36	38	41	42	43	44	45	46	49	51	52	54	55	59	60	61	62	101	#
201	77.7204	58	#
202	772.761	0	25	26	32	33	34	40	41	42	48	49	50	52	102	#
203	1033.89	10	18	19	20	24	25	26	27	28	33	34	35	41	102	#
204	983.472	29	36	37	38	44	45	46	51	52	53	59	60	61	102	#
205	980.589	9	10	11	17	18	19	24	25	26	27	33	34	41	102	#
206	971.843	18	20	24	25	26	27	28	29	33	34	35	43	52	102	#
207	956.408	0	1	2	3	4	8	9	10	11	17	18	19	21	102	#
208	1369.53	5	17	18	24	25	32	33	35	36	37	40	41	42	43	44	47	48	50	51	56	58	59	103	#
209	1679.32	10	16	17	18	24	25	26	29	32	33	37	40	41	42	48	49	50	51	56	57	58	59	103	#
210	1589.57	0	1	2	10	11	17	18	19	20	25	26	27	28	29	32	33	37	40	41	44	49	50	103	#
211	1576.69	10	11	14	15	17	18	19	20	21	22	24	25	26	27	29	30	35	36	37	38	44	46	103	#
212	1554.47	2	10	11	16	17	18	19	20	21	22	24	25	26	27	29	30	31	36	37	38	44	46	103	#
213	1528.55	10	16	17	18	24	25	26	32	33	40	41	42	43	44	49	50	51	56	57	58	59	60	103	#
214	686.236	5	12	13	38	42	43	46	53	54	60	104	#
215	685.183	5	6	7	12	13	20	22	29	30	37	104	#
216	675.113	5	6	9	10	11	12	13	14	20	22	104	#
217	658.137	52	53	54	56	57	58	59	60	61	62	104	#
218	609.428	4	5	6	7	12	13	17	20	26	48	104	#
219	576.827	32	33	39	41	42	43	47	50	57	58	104	#
220	525.424	12	13	21	23	29	30	31	39	105	#
221	613.848	3	4	5	13	21	29	30	31	105	#
222	595.024	4	5	6	12	13	14	21	29	105	#
223	590.688	4	5	12	13	20	21	27	29	105	#
224	551.064	4	5	6	11	12	13	20	21	105	#
225	520.896	12	14	20	21	22	23	29	30	105	#
226	764.377	1	9	16	17	18	19	24	25	26	33	106	#
227	742.799	1	8	9	10	11	17	18	35	42	43	106	#
228	702.871	2	9	10	16	17	18	25	26	33	34	106	#
229	661.308	1	2	3	9	11	18	19	20	21	27	106	#
230	660.598	16	17	24	25	30	33	34	37	38	41	106	#
231	642.031	9	11	12	13	16	17	18	19	25	41	106	#
232	743.012	12	13	20	21	22	27	29	38	46	107	#
233	758.591	5	12	13	20	21	26	29	34	38	107	#
234	741.519	7	12	13	15	19	20	21	22	23	107	#
235	739.388	19	20	21	26	27	29	30	35	38	107	#
236	733.722	5	12	13	19	20	21	22	23	27	107	#
237	725.904	5	11	12	13	20	21	22	23	29	107	#
238	855.252	16	18	19	24	25	26	27	33	34	35	36	41	42	43	108	#
239	1107.49	18	19	24	25	26	31	33	40	41	49	56	57	58	59	108	#
240	1020.81	1	2	10	11	16	17	18	19	24	25	26	33	34	41	108	#
241	1003.56	0	2	3	8	9	10	11	17	18	19	25	26	27	34	108	#
242	996.045	10	11	16	17	18	19	24	25	26	33	34	42	45	53	108	#
243	989.522	6	19	25	26	27	28	35	36	37	42	43	44	45	61	108	#
244	146.593	11	12	19	109	#
245	207.809	2	11	19	109	#
246	157.207	12	13	20	109	#
247	138.503	2	11	12	109	#
248	1837.4	5	12	13	14	15	17	18	19	20	21	23	25	26	27	31	33	34	40	41	42	48	49	50	56	57	58	110	#
249	2069.79	1	2	4	5	6	7	10	11	12	13	14	15	19	20	21	22	23	25	26	27	28	29	30	31	36	43	110	#
250	2053.98	4	5	6	7	12	13	15	17	18	19	20	21	22	23	25	26	27	28	29	30	31	34	36	41	42	43	110	#
251	2049.18	1	2	4	5	6	7	11	12	13	15	18	19	20	21	22	23	27	28	30	31	36	45	53	54	55	62	110	#
252	2048.45	2	3	4	5	6	7	10	11	12	13	15	17	18	19	20	21	22	23	26	27	28	30	31	36	43	51	110	#
253	2016.03	4	5	6	7	10	11	12	13	14	15	17	18	19	20	21	22	23	25	26	27	28	30	31	33	34	39	110	#
254	1197.89	5	13	14	20	21	29	34	35	37	38	39	42	43	44	47	52	111	#
255	1399.16	5	13	14	17	18	19	20	21	22	28	29	37	38	44	46	52	111	#
256	1383.27	14	15	17	18	19	20	21	22	23	24	26	29	30	31	37	38	111	#
257	1380.63	5	13	19	20	21	28	29	31	37	38	39	44	45	46	53	54	111	#
258	1315.14	5	12	14	15	17	18	21	22	23	26	29	37	38	43	44	52	111	#
259	1311.86	20	21	28	29	30	32	35	36	37	38	42	43	44	45	46	54	111	#
260	1144.28	1	2	3	10	11	12	18	19	20	21	29	35	37	112	#
261	1155.59	1	2	3	10	11	20	21	27	29	30	31	56	57	112	#
262	1115.6	1	3	11	19	20	21	22	23	27	28	29	30	37	112	#
263	1096.68	2	3	4	10	11	18	19	20	21	26	27	29	30	112	#
264	1056.03	1	2	3	4	9	10	11	12	13	18	19	20	29	112	#
265	1025.11	5	13	19	20	21	22	23	27	29	30	37	44	50	112	#
266	335.068	13	45	46	52	113	#
267	371.378	45	46	53	54	113	#
268	358.352	45	53	54	61	113	#
269	287.413	5	12	13	21	113	#
270	214.663	10	18	114	#
271	225.103	18	53	114	#
272	220.023	9	10	114	#
273	520.388	25	28	29	34	35	36	37	115	#
274	550.156	19	20	26	27	28	29	36	115	#
275	541.073	9	10	17	25	26	33	34	115	#
276	512.154	19	20	29	37	38	44	52	115	#
277	463.248	18	19	25	26	33	34	42	115	#
278	456.345	1	18	25	26	34	35	42	115	#
279	1860.1	4	10	11	12	14	15	16	17	18	19	22	23	25	26	27	28	30	31	33	34	35	36	37	38	39	41	46	116	#
280	2019.92	5	11	12	14	15	18	19	20	21	22	23	25	26	27	28	29	30	31	35	36	37	38	39	45	46	51	52	116	#
281	2014.38	12	14	17	18	20	21	22	23	25	26	27	28	30	33	34	36	37	41	42	44	45	46	48	50	51	52	56	116	#
282	2011.65	3	5	11	12	13	14	15	17	18	20	21	22	23	26	27	28	30	31	36	37	38	39	45	46	47	54	55	116	#
283	1995.09	10	14	17	18	21	22	23	25	26	27	30	36	37	38	39	45	46	51	52	53	54	55	59	60	61	62	63	116	#
284	1959.87	3	4	5	9	11	12	13	14	15	17	18	19	20	21	22	23	25	26	27	28	29	30	33	34	35	36	38	116	#
285	218.302	21	22	30	117	#
286	151.806	15	22	23	117	#
287	151.642	43	44	118	#
288	132.889	42	43	118	#
289	1213.44	0	1	2	3	4	8	9	10	11	12	17	19	26	27	35	59	60	119	#
290	1293.39	0	1	2	3	4	8	9	10	11	12	16	17	20	31	37	38	39	119	#
291	1227.99	0	1	2	3	4	8	9	10	11	12	19	27	45	53	59	60	61	119	#
292	1210.15	0	2	3	8	9	10	11	12	16	17	24	25	33	40	41	49	57	119	#
293	1203.65	0	1	2	3	4	8	9	10	11	12	16	17	21	25	26	29	34	119	#
294	1198.95	0	1	2	3	4	9	10	16	17	24	25	26	33	34	35	41	43	119	#
295	137.989	0	8	120	#
296	140.637	0	1	120	#
297	335.315	29	37	38	121	#
298	303.667	13	21	29	121	#
299	301.89	36	37	44	121	#
300	177.501	30	38	46	121	#
301	230.1	40	41	49	57	122	#
302	283.983	9	10	40	41	122	#
303	265.866	48	49	56	57	122	#
304	105.363	41	42	49	50	122	#
305	580.664	45	52	53	54	59	60	61	62	123	#
306	644.466	43	44	45	51	52	53	54	60	123	#
307	641.954	43	44	45	51	52	58	59	60	123	#
308	619.478	44	45	46	51	52	58	59	60	123	#
309	571.496	45	46	51	52	53	54	55	60	123	#
310	541.242	34	44	45	52	53	59	60	61	123	#
311	456.412	7	13	14	15	21	22	23	124	#
312	559.83	7	13	14	15	21	22	30	124	#
313	523.691	5	7	12	13	14	15	21	124	#
314	520.227	5	6	7	13	14	15	19	124	#
315	511.333	7	11	12	13	14	15	22	124	#
316	493.694	2	3	4	5	11	12	13	124	#
317	774.912	14	15	19	20	21	22	27	29	30	35	37	44	125	#
318	850.167	13	14	15	21	22	23	29	30	38	39	45	46	125	#
319	830.966	13	14	20	21	22	27	29	30	37	38	43	44	125	#
320	824.801	13	14	21	22	29	30	36	37	42	43	44	51	125	#
321	817.388	5	6	7	12	13	14	15	22	29	30	37	38	125	#
322	802.58	2	3	4	9	10	12	16	17	18	19	20	29	125	#
323	122.462	20	#
324	485.317	0	1	2	9	10	11	126	#
325	669.384	0	1	8	9	17	18	126	#
326	633.913	0	1	8	9	17	25	126	#
327	584.829	0	1	9	10	17	25	126	#
328	447.488	5	11	12	13	18	19	126	#
329	434.586	10	18	19	49	56	57	126	#
330	1464.3	11	19	20	21	27	28	29	36	37	38	44	45	46	47	51	52	53	54	55	60	61	62	63	127	#
331	1749.71	2	3	4	11	12	13	14	15	20	21	22	23	27	28	29	30	31	36	37	38	39	47	56	127	#
332	1739.31	20	25	28	29	33	37	38	44	45	46	47	48	51	52	53	54	55	56	57	59	60	61	63	127	#
333	1706.82	2	3	4	9	10	11	12	13	17	18	20	21	22	25	27	28	29	30	36	37	38	44	52	127	#
334	1672	2	3	4	11	12	13	14	18	19	20	21	25	27	28	29	30	33	34	35	36	37	43	52	127	#
335	1670.12	11	12	13	19	20	21	24	25	27	28	29	30	31	33	34	35	36	37	38	40	41	44	48	127	#
336	451.777	11	19	27	33	34	35	36	128	#
337	540.077	19	27	28	35	36	53	54	128	#
338	514.778	2	3	9	10	11	18	19	128	#
339	492.926	12	20	27	28	35	36	37	128	#
340	440.309	17	18	19	25	27	34	35	128	#
341	384.688	19	27	28	34	35	36	42	128	#
342	1633.04	20	33	35	36	37	40	41	42	43	44	45	50	51	52	53	54	55	56	57	58	59	60	61	62	63	129	#
343	1912.82	0	1	8	19	27	28	29	35	36	37	41	42	43	44	45	50	51	52	53	54	57	59	60	61	62	129	#
344	1870.57	20	25	29	33	34	35	36	37	38	40	41	42	43	45	48	50	51	52	53	54	56	57	58	59	60	129	#
345	1869.25	0	1	2	8	11	18	25	26	33	34	40	41	42	44	45	48	50	51	52	53	56	57	58	59	60	129	#
346	1827.7	0	1	2	8	9	10	17	29	35	36	37	43	44	45	46	50	51	52	53	54	59	60	61	62	63	129	#
347	1795.06	6	17	18	25	26	27	29	33	34	35	36	37	43	44	45	48	49	50	51	52	56	57	58	59	60	129	#
348	694.006	32	33	40	41	49	50	57	58	59	130	#
349	709.676	31	39	41	47	50	51	57	58	59	130	#
350	693.383	32	40	41	49	50	56	57	58	59	130	#
351	681.012	40	41	48	49	50	56	57	58	59	130	#
352	668.559	32	40	41	48	49	50	57	58	59	130	#
353	662.762	35	36	43	44	50	51	57	58	59	130	#
354	288.404	24	25	32	33	34	40	42	131	#
355	386.159	17	25	26	32	33	34	35	131	#
356	237.902	32	33	40	41	48	49	56	131	#
357	138.317	48	49	56	132	#
358	204.211	12	20	49	132	#
359	171.527	9	10	48	132	#
360	106.081	56	57	58	132	#
361	1150.29	11	18	19	20	24	25	26	27	28	29	30	35	36	43	44	49	52	133	#
362	1390.45	2	5	8	9	10	11	12	13	18	19	20	21	27	28	29	35	36	133	#
363	1352.56	2	8	9	10	11	16	17	18	19	20	21	25	26	27	28	33	35	133	#
364	1333.11	2	5	10	11	12	13	18	19	20	21	27	28	29	30	35	36	43	133	#
365	1332.18	2	5	6	10	11	12	13	18	19	20	21	26	27	28	29	30	35	133	#
366	1252.24	10	11	12	13	19	20	21	27	28	29	35	36	38	43	44	52	60	133	#
367	457.527	29	35	37	42	43	44	51	134	#
368	625.409	29	36	37	38	43	44	46	134	#
369	560.977	9	12	17	18	19	20	29	134	#
370	560.184	7	13	20	21	29	36	37	134	#
371	443.461	34	35	37	38	43	44	46	134	#
372	374.522	42	43	44	47	50	51	59	134	#
373	1270	27	28	37	38	40	44	47	48	49	50	52	53	54	55	56	57	58	59	60	61	62	63	135	#
374	1703.2	0	1	3	8	9	10	11	17	18	19	20	25	26	27	28	29	30	31	35	36	37	38	135	#
375	1622.95	4	5	6	11	12	13	14	19	20	21	26	27	28	29	30	31	36	37	38	44	52	60	135	#
376	1586	3	4	5	9	10	11	12	17	18	19	20	25	26	27	28	29	30	36	37	38	44	52	135	#
377	1585.25	0	1	7	8	9	18	19	21	22	26	27	28	29	30	31	36	37	38	39	44	47	55	135	#
378	1559.8	4	8	9	10	11	12	13	16	17	18	19	20	21	22	25	26	27	28	29	35	36	37	135	#
379	1332.33	4	5	6	11	12	13	14	21	23	29	30	31	37	38	39	41	44	47	52	55	136	#
380	1604.08	2	5	6	11	12	13	14	21	29	30	33	37	41	48	49	50	56	57	58	59	136	#
381	1545.09	23	29	30	31	32	33	37	38	39	40	44	46	47	53	54	55	58	59	60	62	136	#
382	1495.52	5	12	13	21	28	29	30	36	37	38	44	45	46	52	53	54	59	60	62	63	136	#
383	1490.31	23	29	30	31	37	38	39	44	45	46	47	50	51	52	53	54	55	58	59	60	136	#
384	1481.4	4	5	6	12	13	14	20	21	29	30	37	38	39	44	45	46	53	54	55	62	136	#
385	288.523	1	41	48	49	56	137	#
386	358.187	18	26	33	34	41	137	#
387	315.179	33	41	48	49	56	137	#
388	271.466	0	1	2	3	61	137	#
389	220.751	40	41	48	49	56	137	#
390	140.28	32	33	40	138	#
391	105.04	32	40	48	138	#
392	84.2485	32	33	34	138	#
393	80.5784	33	34	41	138	#
394	962.559	3	4	5	12	13	34	42	43	48	49	50	56	57	58	139	#
395	1218.74	2	3	4	5	11	12	13	15	18	19	20	26	28	29	139	#
396	1109.29	2	3	4	5	11	12	13	18	19	20	21	28	29	51	139	#
397	1106.83	2	3	4	5	9	10	11	12	17	18	19	20	28	36	139	#
398	1004.56	18	24	25	26	33	34	41	42	43	50	51	52	57	58	139	#
399	993.793	2	3	4	5	9	10	11	12	16	17	19	50	51	58	139	#
400	768.829	30	31	37	38	39	43	44	45	46	51	52	54	140	#
401	1045.83	20	28	29	30	31	37	38	39	44	45	46	47	140	#
402	972.798	13	17	18	19	21	26	27	29	30	36	37	38	140	#
403	927.6	11	19	20	28	29	30	37	38	44	45	46	52	140	#
404	911.546	21	29	37	38	44	45	46	52	53	59	60	61	140	#
405	903.3	20	21	22	23	26	27	28	29	30	34	35	42	140	#
406	754.95	9	10	17	18	25	26	27	32	33	34	35	141	#
407	888.565	9	10	16	17	18	25	26	27	28	34	35	141	#
408	850.325	0	2	3	8	9	10	11	16	17	18	26	141	#
409	810.417	9	10	16	17	18	19	25	26	27	33	34	141	#
410	780.405	9	16	17	25	26	32	33	34	40	41	48	141	#
411	780.229	9	10	17	18	25	26	33	34	35	40	41	141	#
412	692.259	16	17	18	19	24	25	27	33	34	35	42	50	142	#
413	917.82	17	18	19	20	25	28	29	30	34	37	42	49	142	#
414	861.466	2	10	11	12	13	18	19	20	28	29	30	33	142	#
415	854.826	0	1	9	10	12	13	16	17	18	24	25	34	142	#
416	835.327	1	3	9	10	11	17	18	19	46	53	54	62	142	#
417	805.482	19	20	27	28	29	30	31	36	37	43	60	61	142	#
418	1301.73	0	1	8	9	11	17	19	20	23	24	25	26	27	28	33	34	35	143	#
419	1441.88	0	1	2	3	8	9	10	11	16	17	18	24	25	44	45	53	60	143	#
420	1429.97	0	1	2	3	8	9	11	12	13	14	17	18	19	25	34	35	42	143	#
421	1378.77	0	1	2	3	8	9	11	19	20	21	26	27	28	29	34	35	37	143	#
422	1354.04	0	1	2	8	9	11	16	17	18	19	20	25	26	27	34	35	42	143	#
423	1321.92	1	2	3	9	17	18	24	25	26	27	28	34	53	54	59	60	61	143	#
424	1673.98	18	19	20	21	22	23	26	27	28	29	30	31	34	35	36	37	43	51	52	58	60	144	#
425	1767.76	1	2	10	13	21	22	29	30	35	37	38	43	45	46	51	53	54	57	58	59	60	144	#
426	1721.92	13	19	20	21	22	23	27	28	29	30	31	35	36	37	38	39	43	44	46	51	54	144	#
427	1710.7	7	19	20	21	22	26	27	28	29	30	34	35	36	37	38	39	43	44	46	51	59	144	#
428	1657.18	5	10	11	12	13	18	19	20	21	26	27	28	29	35	36	37	43	44	51	52	60	144	#
429	1645.21	1	9	10	11	12	13	14	19	20	21	25	26	27	28	29	33	34	35	36	37	43	144	#
430	287.955	32	33	34	35	42	43	145	#
431	374.518	16	17	25	32	33	34	145	#
432	363.635	24	25	33	34	35	43	145	#
433	324.504	17	25	26	30	34	42	145	#
434	313.784	24	25	32	33	40	48	145	#
435	297.151	33	34	35	42	43	52	145	#
436	669.87	25	26	27	34	36	42	43	51	60	61	62	146	#
437	1000.32	16	20	24	25	26	27	28	32	33	36	43	146	#
438	911.195	37	38	39	41	43	50	51	58	59	60	61	146	#
439	847.072	2	11	12	18	19	20	26	27	28	35	36	146	#
440	840.581	19	24	25	26	27	32	33	34	36	37	40	146	#
441	825.719	18	19	25	26	27	34	36	37	43	44	63	146	#
442	1724.81	0	2	4	8	10	11	12	13	14	19	20	21	27	28	29	34	35	36	37	42	43	50	51	52	57	147	#
443	1946.95	0	1	2	3	10	11	12	13	20	21	27	29	31	35	36	37	38	39	43	45	47	51	52	53	60	147	#
444	1891.49	20	25	26	27	28	29	34	35	36	40	41	42	43	45	48	49	50	51	52	53	56	57	58	59	60	147	#
445	1868.22	24	25	29	32	33	34	35	36	37	38	40	41	42	43	45	48	49	50	51	52	56	57	58	59	60	147	#
446	1851.7	1	2	3	11	19	20	21	25	26	27	29	32	34	35	36	37	38	39	40	41	43	47	48	51	52	147	#
447	1800.22	1	2	8	11	15	19	20	21	24	25	27	29	31	34	35	36	37	38	39	42	43	44	47	52	63	147	#
448	923.468	40	41	45	46	48	49	53	54	55	56	57	58	59	60	61	63	148	#
449	1200.11	1	2	8	9	36	37	38	39	43	44	46	47	53	54	55	63	148	#
450	1111.97	36	37	38	39	45	46	47	53	54	55	58	59	60	61	62	63	148	#
451	1097.09	38	39	43	46	47	49	53	54	55	56	57	58	59	60	61	63	148	#
452	1093.06	5	6	30	37	38	44	45	46	47	53	54	55	60	61	62	63	148	#
453	1064.27	8	9	11	12	16	17	18	19	24	25	26	27	32	33	34	41	148	#
454	977.068	20	27	28	29	30	35	36	37	38	43	44	51	52	63	149	#
455	1088.83	18	19	20	22	27	28	29	30	35	36	37	38	43	44	149	#
456	1010.09	20	28	30	36	37	38	42	43	44	45	46	51	52	54	149	#
457	966.563	19	22	26	27	28	29	34	35	36	37	42	43	44	50	149	#
458	925.816	15	19	20	21	23	28	29	30	31	37	38	39	46	54	149	#
459	909.055	19	26	27	28	29	34	35	36	37	38	42	43	44	52	149	#
460	1107.17	0	1	8	32	40	41	42	48	49	50	51	56	57	59	60	61	150	#
461	1123.55	0	8	30	31	36	37	38	39	46	47	54	55	60	61	62	63	150	#
462	1105.97	0	1	2	8	9	10	11	12	17	18	19	24	25	34	42	43	150	#
463	1084.29	0	1	2	3	4	5	8	9	10	11	12	17	18	19	27	63	150	#
464	1083.35	19	24	25	26	27	28	29	34	36	37	38	42	43	44	50	51	150	#
465	1070.97	36	37	38	43	44	45	51	52	53	54	58	59	60	61	62	63	150	#
466	386.092	4	5	12	13	14	151	#
467	448.125	5	12	13	20	21	151	#
468	440.842	14	21	22	29	37	151	#
469	427.571	12	13	20	21	29	151	#
470	191.302	3	4	11	12	19	151	#
471	162.287	36	43	152	#
472	177.981	35	43	152	#
473	91.0974	27	36	152	#
474	971.274	4	5	12	13	38	45	46	47	53	54	55	59	60	61	153	#
475	1158.02	0	1	2	8	9	10	15	23	29	30	31	38	39	47	153	#
476	1133.94	15	23	29	30	31	38	45	46	51	53	54	59	60	61	153	#
477	1064.72	30	31	38	39	45	46	47	53	54	59	60	61	62	63	153	#
478	1044.21	2	4	5	11	12	13	14	15	18	19	20	23	28	36	153	#
479	991.893	38	43	44	45	46	51	52	53	54	59	60	61	62	63	153	#
480	330.862	12	31	38	39	47	154	#
481	374.928	23	31	38	39	47	154	#
482	359.312	30	38	39	46	47	154	#
483	305.33	5	6	30	31	38	154	#
484	305.056	7	15	23	31	39	154	#
485	274.31	2	11	12	20	28	154	#
486	458.727	19	27	28	34	35	36	155	#
487	639.544	1	27	28	29	36	37	155	#
488	562.217	18	19	27	28	35	36	155	#
489	522.079	18	19	26	27	34	36	155	#
490	436.524	27	28	34	35	36	37	155	#
491	405.792	18	19	26	27	34	35	155	#
492	798.817	1	9	16	17	24	25	26	27	33	34	35	36	41	156	#
493	1052.12	0	1	2	3	9	10	11	12	13	18	19	59	60	156	#
494	1031.81	19	25	26	27	28	34	35	36	43	51	58	59	60	156	#
495	971.833	2	9	10	11	18	19	26	27	28	34	35	36	43	156	#
496	948.741	10	18	19	26	27	28	33	34	35	36	43	51	59	156	#
497	875.397	11	12	18	19	20	24	25	26	27	28	34	35	36	156	#
498	421.525	13	14	21	22	23	31	157	#
499	429.091	4	5	13	14	21	22	157	#
500	421.34	4	5	13	14	22	23	157	#
501	416.129	13	14	20	21	22	29	157	#
502	392.083	14	21	22	23	30	31	157	#
503	375.642	22	23	30	31	39	47	157	#
