%% File generated by CATS v.2.1Thu May  9 12:51:17 2024

%% The CATS webpage is http://robotics.stanford.edu/CATS

%% PARAMETER SETTINGS:
% Goods: 64; Bids: 500; Distribution: regions; Runs: 1; Seed: 90
% Regions Distribution Parameters:
% Max Substitutable Bids = 5
% Removing HV Neighbor   = 0.1
% Adding DIAG Neighbor   = 0.2
% Additional Location    = 0.9
% Jump Probability       = 0.05
% Additivity             = 0.2
% Budget Factor          = 1.5
% Resale Factor          = 0.5
% Normal Private Value:
%   Mean                 = 0
%   Standard Deviation   = 30



goods 64
bids 501
dummy 94

0	119.6	16	24	32	64	#
1	97.331	24	25	26	64	#
2	23.1587	24	32	33	64	#
3	143.427	36	37	50	65	#
4	153.037	0	37	45	65	#
5	118.007	29	36	37	65	#
6	122.329	19	#
7	486.853	0	1	9	10	17	18	26	66	#
8	495.311	0	1	8	9	10	17	25	66	#
9	480.324	0	1	2	10	11	46	51	66	#
10	413.273	10	11	17	18	19	25	26	66	#
11	398.308	0	2	8	9	10	17	18	66	#
12	378.903	18	19	20	26	27	45	52	66	#
13	1132.86	35	41	42	49	50	51	52	53	57	58	59	60	61	67	#
14	1132.45	10	34	35	41	42	43	49	50	51	57	58	59	60	67	#
15	1076.46	9	10	18	43	49	50	51	57	58	59	60	61	62	67	#
16	1057.6	44	45	48	49	50	51	52	53	54	57	58	59	60	67	#
17	1048.01	3	4	11	35	40	41	42	43	44	45	48	49	51	67	#
18	1039.12	14	21	22	30	37	40	45	46	48	49	50	54	57	67	#
19	13.1884	21	#
20	401.202	5	6	13	14	22	23	68	#
21	466.922	5	6	7	13	14	15	68	#
22	418.28	5	6	7	12	13	15	68	#
23	332.225	3	11	12	13	19	26	68	#
24	285.899	7	14	15	22	23	30	68	#
25	246.573	0	8	22	23	30	31	68	#
26	209.488	20	21	22	29	69	#
27	276.439	14	20	21	22	69	#
28	243.177	20	28	29	36	69	#
29	201.561	21	22	28	29	69	#
30	165.238	11	18	19	20	69	#
31	922.059	0	1	2	3	8	9	10	16	17	70	#
32	881.663	0	1	2	8	9	10	11	16	18	70	#
33	837.985	0	1	8	9	10	11	16	17	18	70	#
34	804.824	1	2	8	9	10	16	18	19	26	70	#
35	759.656	1	2	3	4	5	9	10	11	17	70	#
36	701.765	1	2	3	9	10	11	17	18	26	70	#
37	960.551	1	2	3	4	9	11	12	19	20	53	54	55	61	62	71	#
38	991.039	1	2	5	8	9	10	11	12	13	14	17	18	19	25	71	#
39	953.364	3	4	5	6	7	10	11	12	13	14	15	19	20	28	71	#
40	951.642	1	2	3	4	5	6	7	9	10	11	14	15	19	27	71	#
41	946.835	1	2	3	4	5	8	9	10	11	12	17	18	19	20	71	#
42	919.435	0	1	2	3	9	10	11	12	13	17	18	19	45	52	71	#
43	580.502	1	2	8	9	10	17	18	21	25	26	29	34	37	72	#
44	836.287	11	12	17	18	19	20	24	25	26	34	42	57	58	72	#
45	811.626	2	3	4	5	10	11	12	13	18	19	20	21	22	72	#
46	807.938	3	28	36	37	38	39	44	45	46	47	51	52	54	72	#
47	799.504	0	1	2	3	8	9	10	16	18	38	46	47	54	72	#
48	794.922	2	3	9	10	11	15	17	18	19	26	34	54	55	72	#
49	434.913	44	45	52	53	59	60	61	73	#
50	603.279	45	46	47	52	53	54	58	73	#
51	469.561	28	36	44	45	46	47	52	73	#
52	466.665	45	52	53	54	60	61	62	73	#
53	404.478	37	38	45	46	51	52	53	73	#
54	391.362	44	51	52	53	58	59	60	73	#
55	715.869	40	41	42	43	48	49	50	51	52	56	57	58	74	#
56	806.582	0	1	2	8	9	10	11	16	17	33	34	50	74	#
57	772.198	36	42	43	44	46	51	52	53	54	60	61	62	74	#
58	712.907	44	45	49	50	51	52	56	57	58	59	60	61	74	#
59	698.997	28	29	35	36	37	42	43	44	45	51	52	60	74	#
60	684.133	19	26	27	33	34	35	36	41	42	43	44	52	74	#
61	315.967	7	15	21	22	23	30	43	51	75	#
62	472.611	5	6	7	13	14	15	22	30	75	#
63	467.705	4	12	19	20	21	22	23	29	75	#
64	436.582	3	4	5	6	7	11	14	15	75	#
65	428.731	7	14	15	21	22	23	30	31	75	#
66	424.442	43	51	52	53	54	58	59	62	75	#
67	310.219	2	3	4	5	6	11	15	76	#
68	448.907	2	3	4	12	13	14	20	76	#
69	399.158	4	5	6	11	12	19	20	76	#
70	382.122	4	5	6	7	15	22	56	76	#
71	323.275	2	3	4	5	12	13	23	76	#
72	286.204	3	4	11	12	19	20	59	76	#
73	428.042	42	43	44	51	58	59	60	77	#
74	599.34	32	33	40	50	56	57	58	77	#
75	514.874	51	53	57	58	59	60	61	77	#
76	451.894	27	34	35	36	42	43	44	77	#
77	423.94	32	36	42	43	44	45	53	77	#
78	413.155	33	34	41	42	43	44	51	77	#
79	1249.41	2	3	4	9	10	11	12	13	17	19	20	21	24	25	26	27	28	32	33	41	48	49	78	#
80	1534.05	16	24	32	33	35	37	39	41	42	43	44	45	47	48	49	50	51	56	57	58	59	60	78	#
81	1472.53	16	24	32	33	35	36	37	40	41	42	43	44	48	49	50	51	56	57	58	59	60	61	78	#
82	1450.26	0	1	2	3	4	5	6	7	9	10	11	13	14	15	17	19	21	22	48	49	50	56	78	#
83	1445.9	2	3	9	10	11	12	19	20	21	22	28	29	36	37	43	44	50	51	58	59	60	61	78	#
84	1442.57	21	26	27	28	29	35	36	37	38	39	41	42	43	44	45	46	47	51	53	54	61	62	78	#
85	69.7983	36	#
86	2617.01	6	10	11	12	13	14	15	19	20	21	22	23	25	26	28	29	31	32	33	35	36	37	38	39	40	41	42	43	44	45	46	47	48	49	51	52	53	54	55	56	57	58	59	60	61	62	63	79	#
87	2873.12	4	5	12	13	14	16	18	19	20	21	24	25	26	27	28	29	32	33	34	35	36	37	38	39	40	41	42	43	44	45	46	47	48	49	50	51	52	53	54	55	56	57	58	59	60	62	63	79	#
88	2869.09	4	5	6	11	12	13	17	19	20	21	24	25	27	28	29	32	33	34	35	36	37	38	39	40	41	42	43	44	45	46	47	48	49	50	51	52	53	54	55	56	57	58	59	60	61	62	63	79	#
89	2864.32	0	1	2	8	9	10	16	17	18	19	20	21	24	25	26	27	29	32	33	34	35	36	37	38	39	40	41	42	43	44	45	46	47	48	49	50	51	52	54	55	56	57	58	59	60	62	63	79	#
90	2861.32	1	9	10	12	16	17	18	19	20	21	24	25	26	27	28	29	32	33	34	35	36	37	38	39	40	41	42	43	44	45	46	47	48	49	50	51	52	53	54	55	57	58	59	60	61	62	63	79	#
91	2860.75	4	5	6	7	9	10	11	12	13	14	15	16	17	18	19	20	21	22	24	25	26	27	29	30	32	35	36	37	38	39	40	44	45	46	47	49	50	53	54	55	57	58	59	60	61	62	63	79	#
92	393.678	21	29	36	37	38	44	80	#
93	431.661	37	38	46	54	61	62	80	#
94	369.823	37	38	39	42	44	45	80	#
95	356.052	28	29	35	36	37	42	80	#
96	354.925	21	28	29	36	37	38	80	#
97	337.038	28	36	37	44	45	52	80	#
98	423.382	5	6	7	13	14	15	21	22	29	37	81	#
99	626.351	36	37	45	46	51	52	53	54	59	61	81	#
100	503.883	20	21	28	29	35	36	37	38	42	45	81	#
101	474.459	5	6	11	12	13	14	18	19	22	40	81	#
102	471.048	4	5	6	7	12	13	14	15	22	30	81	#
103	413.934	5	6	13	14	15	22	30	31	49	57	81	#
104	835.032	4	10	11	12	18	19	20	25	26	27	34	35	82	#
105	979.121	1	2	3	4	10	11	12	13	14	17	18	19	82	#
106	848.228	3	4	11	12	13	17	18	19	25	26	27	34	82	#
107	814.307	0	1	2	10	11	12	18	19	20	26	27	28	82	#
108	790.424	1	2	3	4	9	10	11	12	17	18	20	21	82	#
109	789.563	1	2	3	4	26	27	33	34	35	41	42	49	82	#
110	80.4296	8	16	24	#
111	869.889	0	1	8	9	10	16	17	18	19	24	25	26	34	35	83	#
112	1019.45	12	13	17	18	19	20	26	28	33	34	35	40	41	48	83	#
113	1017.01	5	6	9	10	12	13	14	17	18	20	24	25	26	28	83	#
114	941.769	4	5	12	13	14	16	24	26	32	33	34	35	41	42	83	#
115	865.587	0	1	2	8	9	10	17	18	19	25	26	27	34	35	83	#
116	849.333	0	1	2	3	4	8	9	10	11	12	13	18	19	26	83	#
117	304.279	54	55	63	84	#
118	263.326	46	53	54	84	#
119	212.524	55	62	63	84	#
120	726.497	10	11	12	13	19	20	28	29	85	#
121	701.128	20	28	29	37	38	46	54	62	85	#
122	647.904	6	12	14	15	20	22	28	29	85	#
123	617.92	12	18	19	20	25	26	34	42	85	#
124	609.517	1	2	3	4	11	12	54	62	85	#
125	585.794	0	1	3	8	9	10	11	12	85	#
126	556.01	38	39	47	55	60	61	62	63	86	#
127	572.895	8	16	53	54	55	61	62	63	86	#
128	551.594	37	38	39	46	47	54	55	62	86	#
129	539.039	38	39	46	47	54	55	62	63	86	#
130	524.785	51	53	55	59	60	61	62	63	86	#
131	504.799	42	43	51	53	58	59	60	61	86	#
132	29.6884	45	#
133	418.456	27	40	41	48	56	57	87	#
134	540.791	40	41	49	56	57	58	87	#
135	415.367	40	41	48	49	56	57	87	#
136	411.94	48	50	56	57	58	59	87	#
137	383.764	14	15	33	41	49	57	87	#
138	379.976	32	33	40	41	48	56	87	#
139	185.479	59	60	61	88	#
140	167.998	45	52	60	88	#
141	133.499	51	59	60	88	#
142	547.386	38	39	46	47	55	63	89	#
143	586.218	37	38	39	46	54	55	89	#
144	538.637	38	39	46	47	53	54	89	#
145	508.992	38	39	46	47	54	62	89	#
146	478.996	47	52	53	54	55	63	89	#
147	400.483	37	38	45	46	47	52	89	#
148	215.003	6	14	21	22	90	#
149	237.456	11	12	13	14	90	#
150	229.664	6	14	15	22	90	#
151	207.105	14	15	22	23	90	#
152	196.415	21	22	38	58	90	#
153	775.52	2	10	11	17	18	23	25	26	32	33	34	41	91	#
154	1131.91	5	11	12	13	14	17	19	20	25	26	40	41	91	#
155	927.581	3	4	6	12	13	14	15	20	21	22	23	30	91	#
156	916.604	2	3	4	5	6	7	9	10	11	12	13	19	91	#
157	873.851	3	4	8	10	11	12	18	19	20	24	25	28	91	#
158	843.213	2	3	10	11	12	13	18	19	20	25	26	34	91	#
159	23.8011	52	#
160	2953.22	3	4	10	11	12	13	14	18	19	20	21	22	23	26	27	28	29	30	31	34	35	36	37	38	39	40	42	43	44	45	46	47	48	49	50	51	52	53	54	55	56	57	58	59	60	61	62	92	#
161	3286.69	1	2	3	4	5	6	9	10	11	12	13	14	15	17	18	19	20	25	26	27	28	29	32	33	34	35	36	37	38	39	41	42	44	45	46	47	48	49	51	52	53	54	55	59	60	61	62	92	#
162	3193.05	0	1	2	3	4	5	6	7	8	9	10	11	12	13	14	15	17	18	19	20	21	22	24	25	26	27	28	29	30	31	32	33	34	36	37	38	39	40	41	44	45	46	47	48	52	54	55	92	#
163	3177.21	1	2	3	4	5	6	7	9	10	11	12	13	14	15	17	18	19	20	22	24	25	26	27	28	29	30	31	32	33	34	35	36	37	38	40	41	42	43	44	45	46	48	49	50	51	52	57	92	#
164	3170.83	1	2	3	9	10	11	12	14	16	17	18	19	20	21	22	24	25	26	28	29	32	33	34	39	40	41	42	43	44	45	46	47	48	49	50	51	52	53	54	55	56	57	58	59	60	61	62	92	#
165	3140.94	1	2	3	4	5	6	7	10	11	12	13	14	15	17	19	20	21	22	23	24	25	26	27	29	30	31	32	33	34	35	37	38	40	41	42	43	44	48	49	50	51	52	56	57	58	60	61	92	#
166	132.424	20	21	22	93	#
167	186.612	19	20	21	93	#
168	115.044	3	21	22	93	#
169	559.207	4	12	13	20	21	28	94	#
170	487.715	20	21	22	28	36	44	94	#
171	433.766	3	4	5	12	13	14	94	#
172	431.785	4	5	13	14	15	22	94	#
173	425.633	4	11	12	19	20	21	94	#
174	418.065	4	11	12	13	20	21	94	#
175	407.176	14	22	23	31	33	34	42	95	#
176	454.202	26	27	32	33	34	40	57	95	#
177	435.93	27	35	41	42	43	49	51	95	#
178	376.606	20	21	22	30	31	58	59	95	#
179	369.652	6	7	13	14	15	22	23	95	#
180	329.382	7	14	15	20	21	22	23	95	#
181	364.079	38	39	46	54	96	#
182	335.263	39	46	47	55	96	#
183	331.809	54	55	62	63	96	#
184	309.506	38	46	54	62	96	#
185	185.169	37	38	45	46	96	#
186	275.921	10	18	19	97	#
187	235.115	19	49	50	97	#
188	174.914	2	3	10	97	#
189	155.832	10	11	18	97	#
190	99.9825	36	37	44	45	52	98	#
191	143.141	11	28	35	36	37	98	#
192	99.4766	43	44	45	52	60	98	#
193	264.619	6	14	37	99	#
194	224.492	37	45	46	99	#
195	212.251	14	15	22	99	#
196	197.151	5	6	15	99	#
197	394.673	5	6	7	14	15	21	22	30	100	#
198	544.545	5	6	7	11	12	13	14	15	100	#
199	537.875	12	20	21	22	28	29	36	37	100	#
200	529.204	6	7	12	13	14	15	21	22	100	#
201	493.687	5	6	7	14	15	22	23	31	100	#
202	490.45	6	7	14	15	20	21	22	23	100	#
203	434.719	20	21	22	23	28	29	31	36	44	52	101	#
204	582.559	6	14	21	22	23	28	29	36	37	38	101	#
205	579.834	28	29	34	35	36	37	42	43	44	45	101	#
206	571.41	29	35	36	37	43	44	45	46	52	54	101	#
207	529.315	6	7	21	22	28	29	36	37	38	46	101	#
208	512.311	12	18	19	20	21	26	29	34	35	42	101	#
209	558.762	0	1	2	8	9	10	17	18	102	#
210	621.956	0	1	2	8	9	10	17	25	102	#
211	562.649	0	1	2	3	9	10	17	18	102	#
212	517.743	0	1	2	3	8	9	11	17	102	#
213	517.624	1	9	10	17	18	25	26	27	102	#
214	507.136	0	1	2	8	9	36	61	62	102	#
215	175.486	61	62	63	103	#
216	262.255	54	55	63	103	#
217	241.185	53	60	61	103	#
218	119.133	53	54	62	103	#
219	1698.65	0	1	2	6	7	8	9	10	14	15	16	17	18	20	21	22	24	25	26	28	29	32	33	34	35	36	37	38	40	41	49	104	#
220	2087.31	9	13	14	15	17	18	19	20	21	22	23	30	31	32	40	41	42	43	47	48	49	50	53	54	55	56	57	58	60	61	62	104	#
221	2027.35	4	5	6	7	12	13	14	15	18	19	20	21	22	23	27	28	29	31	35	36	37	38	44	45	46	47	53	54	55	62	63	104	#
222	2013.84	8	16	20	24	28	29	32	33	34	35	36	37	38	39	40	41	42	44	45	46	47	49	50	53	54	55	57	58	61	62	63	104	#
223	2008.5	0	1	2	3	4	6	7	8	9	10	11	12	14	15	17	18	19	20	22	23	25	30	31	37	38	39	45	47	55	62	63	104	#
224	1960.5	0	1	2	4	5	6	7	9	10	11	12	14	15	17	18	19	20	21	22	23	25	26	27	28	29	30	31	32	33	34	61	104	#
225	2321.1	3	4	5	6	7	10	11	12	13	14	15	19	20	21	22	23	28	29	30	31	33	34	35	36	37	38	42	43	44	45	46	51	52	53	54	55	61	62	63	105	#
226	2755.91	9	10	12	17	18	19	20	24	25	26	27	28	29	33	34	35	36	37	41	42	43	44	45	46	47	50	51	52	53	54	55	56	57	58	59	60	61	62	63	105	#
227	2718.8	9	10	17	18	19	20	24	25	26	27	28	29	32	33	34	35	36	37	38	40	41	42	43	44	45	48	49	50	51	52	53	54	55	56	57	58	59	60	61	105	#
228	2683.99	10	18	25	26	27	28	29	32	33	34	35	36	37	38	39	40	41	42	43	44	45	46	47	48	49	50	51	52	53	54	55	56	57	58	59	60	61	62	63	105	#
229	2617.1	10	11	17	18	24	25	26	27	28	29	32	33	34	35	36	37	38	39	40	41	42	43	44	45	46	47	50	51	52	53	54	55	57	58	59	60	61	62	63	105	#
230	2616.21	0	4	5	8	9	11	12	13	18	19	20	21	22	26	27	28	29	33	34	35	36	37	38	39	40	41	42	43	44	45	46	51	52	53	54	55	59	60	61	105	#
231	395.428	8	9	17	18	19	25	26	34	106	#
232	560.467	0	8	9	10	16	24	25	32	106	#
233	538.048	1	4	9	12	19	20	26	34	106	#
234	523.178	0	1	8	9	10	16	17	18	106	#
235	453.872	10	16	17	18	22	26	27	35	106	#
236	390.426	1	2	3	4	8	9	10	11	106	#
237	1057.62	20	28	36	41	43	44	45	49	50	51	52	53	54	57	58	59	60	61	107	#
238	1219.3	16	17	24	25	32	33	34	35	40	41	42	43	48	49	50	56	57	58	107	#
239	1202.6	9	17	18	24	25	26	27	32	33	34	35	40	41	42	48	49	56	57	107	#
240	1184.51	37	38	39	42	43	44	45	46	51	52	53	55	57	58	59	60	61	63	107	#
241	1174.24	0	2	5	9	10	13	17	18	41	49	50	51	53	59	60	61	62	63	107	#
242	1163.68	18	19	20	24	25	26	27	28	29	32	33	34	35	36	37	41	42	49	107	#
243	52.4481	28	#
244	1661.09	0	1	2	3	4	5	6	8	9	10	11	12	13	14	17	18	19	20	21	22	25	26	34	42	108	#
245	1733.99	1	2	9	10	11	17	18	19	20	21	22	24	25	26	32	33	34	35	40	41	42	43	46	54	108	#
246	1706.34	0	1	2	3	8	9	10	11	12	14	17	18	19	20	21	22	26	27	28	29	34	35	41	42	108	#
247	1684.84	0	1	2	3	4	8	9	10	11	13	14	17	18	19	20	21	22	25	26	27	28	30	34	42	108	#
248	1676.3	0	1	2	3	4	8	9	10	11	12	13	16	17	18	19	20	24	25	26	27	34	35	42	43	108	#
249	1664.82	0	1	2	3	6	7	8	9	10	11	13	14	15	17	18	19	20	21	22	25	26	29	30	34	108	#
250	227.04	9	10	17	109	#
251	254.492	10	11	19	109	#
252	227.317	9	17	25	109	#
253	999.066	1	2	4	5	10	11	12	13	41	49	50	57	58	110	#
254	929.75	4	5	6	7	12	13	14	15	20	21	22	28	29	110	#
255	924.769	0	1	2	3	10	11	12	19	20	26	27	45	53	110	#
256	915.879	0	1	5	6	8	9	10	12	13	17	20	29	37	110	#
257	883.965	0	1	2	8	9	49	50	52	56	57	58	59	60	110	#
258	864.724	0	1	2	8	9	10	11	12	16	17	19	20	24	110	#
259	166.693	14	22	111	#
260	136.718	6	14	111	#
261	263.952	24	25	32	33	40	41	48	112	#
262	322.249	32	33	34	35	41	42	43	112	#
263	308.517	24	32	33	41	48	49	50	112	#
264	248.237	24	32	33	34	40	41	42	112	#
265	230.726	17	18	24	25	26	32	34	112	#
266	228.093	8	9	16	24	25	26	32	112	#
267	296.941	29	36	37	113	#
268	312.913	29	37	38	113	#
269	311.855	29	37	63	113	#
270	286.076	35	36	44	113	#
271	2324.5	6	8	15	16	19	21	22	23	24	25	26	27	28	29	30	31	32	33	34	35	36	37	38	39	40	41	42	43	44	45	47	48	49	50	51	52	53	55	56	57	58	59	60	61	62	114	#
272	2830.88	0	1	2	3	4	5	6	7	8	9	10	11	12	13	14	15	16	17	18	19	21	22	24	25	26	27	28	29	32	33	34	35	36	37	40	41	42	45	48	49	50	53	56	57	58	114	#
273	2790.31	0	1	2	4	5	6	7	8	9	10	11	12	13	14	15	16	17	18	19	22	24	25	26	27	32	33	34	35	36	37	40	41	42	43	44	45	48	49	50	51	52	56	57	58	60	114	#
274	2779.09	0	1	2	3	4	5	6	8	9	10	11	13	14	15	16	17	18	19	22	23	24	25	26	27	30	31	32	33	34	35	36	37	40	41	42	44	45	46	48	49	50	52	53	56	60	114	#
275	2771.42	0	1	2	3	4	5	6	7	8	9	10	11	12	13	14	15	16	17	18	19	21	22	23	24	25	26	27	28	30	31	32	33	34	35	36	37	38	40	41	42	43	48	49	56	57	114	#
276	2763.11	0	1	2	3	8	9	10	11	12	16	17	19	21	24	25	26	27	28	29	32	33	34	35	36	37	38	40	41	42	43	44	45	46	48	49	50	51	52	53	54	56	57	58	59	60	114	#
277	132.602	31	#
278	595.285	6	7	12	14	15	20	21	22	23	29	115	#
279	819.804	0	1	2	6	7	12	13	14	15	22	115	#
280	766.832	4	5	6	7	10	11	12	13	14	15	115	#
281	750.131	4	6	7	11	12	14	15	18	19	20	115	#
282	728.391	7	12	13	15	20	21	22	28	29	30	115	#
283	694.027	6	7	12	13	14	15	20	22	30	31	115	#
284	614.801	43	44	45	46	49	51	52	57	58	59	60	116	#
285	763.681	28	36	37	38	39	44	45	46	47	54	55	116	#
286	681.403	32	33	34	40	41	48	49	50	56	57	58	116	#
287	638.381	40	41	44	45	52	53	54	60	61	62	63	116	#
288	607.798	26	32	33	34	35	40	41	48	49	56	57	116	#
289	601.498	0	1	2	8	9	37	44	45	52	53	60	116	#
290	473.658	2	3	10	11	19	38	46	47	117	#
291	585.217	0	1	2	3	4	8	10	16	117	#
292	566.696	1	2	10	11	14	15	19	20	117	#
293	541.707	38	39	45	46	47	53	54	55	117	#
294	531.837	1	2	3	4	9	10	11	40	117	#
295	504.336	38	39	45	46	47	53	54	62	117	#
296	440.434	37	39	45	46	47	52	54	118	#
297	457.651	38	39	45	46	47	54	55	118	#
298	450.177	38	39	45	46	47	55	63	118	#
299	449.875	28	29	35	36	37	38	46	118	#
300	435.132	38	39	47	54	55	62	63	118	#
301	429.483	15	39	45	46	47	54	55	118	#
302	1245.31	28	29	34	35	36	37	38	39	42	44	45	46	47	52	53	54	60	119	#
303	1420.23	20	28	35	36	37	38	39	43	44	45	46	47	53	54	55	61	63	119	#
304	1315.83	12	20	23	28	29	36	37	38	43	44	45	46	51	54	56	57	60	119	#
305	1260.19	37	38	39	45	46	47	51	52	53	54	55	58	59	60	61	62	63	119	#
306	1225.71	34	38	39	42	44	45	46	47	52	53	54	55	59	60	61	62	63	119	#
307	1169.54	29	36	37	38	43	44	45	46	47	51	52	53	54	55	60	61	62	119	#
308	163.208	39	47	120	#
309	164.819	46	47	120	#
310	710.062	3	4	5	6	12	13	14	15	22	60	61	121	#
311	870.457	45	50	51	53	54	58	59	60	61	62	63	121	#
312	825.077	41	42	43	51	53	54	55	60	61	62	63	121	#
313	660.119	3	4	8	9	10	11	12	19	20	28	29	121	#
314	643.012	3	5	6	7	11	12	13	14	18	19	20	121	#
315	640.449	5	6	7	11	12	13	14	15	20	22	30	121	#
316	208.962	6	7	14	15	122	#
317	208.358	5	6	14	15	122	#
318	184.929	6	7	15	50	122	#
319	167.256	13	14	15	22	122	#
320	747.698	3	4	5	11	12	13	14	15	19	22	123	#
321	816.837	4	12	13	20	21	28	29	34	35	37	123	#
322	773.3	4	5	6	12	13	14	19	20	28	36	123	#
323	703.014	5	7	12	13	14	15	22	23	30	31	123	#
324	676.028	3	4	5	11	12	13	18	19	20	26	123	#
325	669.418	6	12	13	14	15	21	22	23	30	31	123	#
326	168.386	11	19	124	#
327	204.806	18	19	124	#
328	38.5992	10	11	124	#
329	810.553	0	1	2	8	9	17	18	19	24	25	32	33	34	40	125	#
330	977.413	0	1	2	3	4	5	8	9	11	12	17	19	20	25	125	#
331	921.32	0	1	2	8	9	10	11	12	16	17	18	19	24	25	125	#
332	819.823	0	1	2	8	9	10	17	18	26	37	43	51	52	60	125	#
333	790.984	1	2	9	10	11	18	19	20	26	45	52	53	54	61	125	#
334	788.45	0	1	2	3	8	9	10	11	16	17	18	19	25	26	125	#
335	914.059	4	12	20	21	28	29	36	37	38	39	46	47	126	#
336	938.466	0	1	2	3	9	11	20	21	28	29	35	36	126	#
337	924.598	10	11	12	13	14	19	20	21	25	26	28	55	126	#
338	917.478	12	20	28	34	35	36	37	42	44	45	52	53	126	#
339	867.496	2	3	4	5	6	10	11	12	13	14	19	20	126	#
340	827.172	3	4	10	11	12	13	19	20	45	46	47	55	126	#
341	175.24	3	4	5	127	#
342	174.671	4	5	6	127	#
343	85.5511	14	#
344	570.805	32	33	34	40	41	42	49	50	128	#
345	601.43	32	33	41	42	43	49	50	57	128	#
346	520.234	32	33	41	49	50	57	58	59	128	#
347	433.988	25	26	32	33	34	40	41	42	128	#
348	433.897	24	26	32	33	34	41	42	49	128	#
349	397.071	33	35	40	41	42	48	49	57	128	#
350	342.466	43	51	52	53	58	59	60	61	129	#
351	415.152	17	18	19	25	36	42	43	44	129	#
352	392.219	43	44	51	52	53	59	60	61	129	#
353	388.424	36	43	44	51	52	59	60	61	129	#
354	359.338	5	6	43	44	51	52	59	60	129	#
355	1103.17	0	1	2	3	4	7	9	10	11	12	13	14	15	18	19	130	#
356	1248.71	3	9	10	11	12	13	17	18	19	20	21	25	28	35	42	130	#
357	1070.93	5	6	7	11	12	13	14	15	19	20	21	22	28	29	36	130	#
358	1070.04	4	10	11	12	13	14	15	17	18	19	20	21	22	36	37	130	#
359	1050.9	3	4	5	6	7	11	12	13	46	47	54	55	61	62	63	130	#
360	1019.51	1	2	3	4	9	10	11	12	18	19	20	25	26	28	58	130	#
361	153.561	20	21	131	#
362	147.612	19	20	131	#
363	1262.17	17	21	24	25	26	27	28	29	32	33	34	35	36	37	40	41	42	45	51	52	53	59	60	132	#
364	1696.36	10	17	18	19	20	24	25	26	27	28	32	33	34	35	36	40	41	42	43	44	48	49	56	132	#
365	1683.05	16	19	20	24	25	28	34	36	37	42	43	44	45	51	52	53	54	55	58	59	60	61	62	132	#
366	1563.19	9	10	17	18	19	20	24	25	26	28	29	32	33	34	36	37	39	42	48	49	50	56	57	132	#
367	1527.92	0	1	8	9	10	16	17	18	24	25	26	32	33	34	35	36	40	41	42	44	45	49	50	132	#
368	1522.25	6	7	12	13	14	15	19	20	21	22	23	28	29	31	35	36	37	41	42	44	52	60	63	132	#
369	96.9031	38	46	133	#
370	41.1607	37	38	133	#
371	340.964	34	46	54	55	134	#
372	361.034	43	44	54	55	134	#
373	352.821	22	47	55	63	134	#
374	210.89	36	37	38	46	134	#
375	1095.06	0	8	9	10	11	12	16	17	18	19	20	24	25	26	27	34	40	41	42	135	#
376	1378.16	2	3	4	5	6	9	10	11	12	13	17	18	19	20	21	25	29	44	54	135	#
377	1278.74	0	1	2	3	4	9	10	11	12	13	17	18	19	20	26	48	56	57	58	135	#
378	1224.43	0	1	4	8	9	10	11	12	16	17	18	19	20	24	25	26	27	28	29	135	#
379	1175.37	0	1	2	8	9	10	11	12	16	17	18	19	24	25	26	34	35	41	42	135	#
380	1164.68	2	3	4	9	10	16	17	18	19	24	25	26	27	28	35	36	44	45	51	135	#
381	1815.44	2	10	11	17	18	19	20	25	26	27	28	29	33	34	35	36	37	38	39	41	42	44	45	46	52	60	136	#
382	1933.46	28	29	35	36	37	38	39	41	42	43	44	45	46	47	50	51	52	53	54	55	58	59	60	61	62	63	136	#
383	1927.55	26	27	28	32	33	34	35	36	37	40	41	42	43	44	45	46	51	52	53	54	56	57	58	59	60	61	136	#
384	1903.65	27	28	29	33	35	36	37	38	40	41	42	43	44	45	46	48	49	51	52	53	54	56	58	59	60	61	136	#
385	1873.32	4	5	11	12	13	14	19	20	21	27	28	29	35	36	37	38	40	41	42	43	44	51	52	60	61	62	136	#
386	1851.37	2	3	10	11	25	28	29	36	37	38	39	43	44	45	46	47	51	52	53	54	55	59	60	61	62	63	136	#
387	475.541	51	52	53	54	59	60	61	62	137	#
388	684.774	47	53	54	55	60	61	62	63	137	#
389	640.382	38	46	47	54	55	61	62	63	137	#
390	527.93	43	44	51	52	58	59	60	61	137	#
391	399.25	35	36	43	44	45	51	52	53	137	#
392	374.116	43	44	45	46	51	52	59	60	137	#
393	261.126	51	52	58	59	60	138	#
394	296.254	50	57	58	59	60	138	#
395	291.212	51	52	59	60	61	138	#
396	282.466	51	52	53	61	62	138	#
397	247.231	51	52	60	61	62	138	#
398	188.611	52	59	60	61	62	138	#
399	159.839	53	61	#
400	1695.57	0	1	2	3	4	8	9	10	11	16	28	36	37	38	44	45	46	53	54	55	61	62	63	139	#
401	1841.35	0	1	2	24	25	32	33	34	40	41	42	46	47	51	52	53	54	55	59	60	61	62	63	139	#
402	1751.1	29	34	35	36	37	41	42	43	44	45	46	47	51	52	53	54	55	57	58	59	60	61	62	139	#
403	1682.22	0	1	2	3	4	5	6	8	9	10	12	13	14	16	17	20	21	22	24	25	30	35	36	139	#
404	1667.35	24	27	32	33	34	35	36	37	38	39	40	41	42	45	46	48	49	52	53	56	57	58	60	139	#
405	1664.39	12	20	21	28	29	36	43	44	45	46	48	49	50	51	52	53	56	57	58	59	60	61	62	139	#
406	195.043	30	31	#
407	548.548	44	45	52	53	54	55	62	63	140	#
408	672.115	11	19	45	46	47	54	55	62	140	#
409	657.108	47	53	54	55	60	61	62	63	140	#
410	640.769	38	39	46	47	54	55	62	63	140	#
411	559.744	43	51	55	59	60	61	62	63	140	#
412	535.241	21	29	37	44	45	46	53	54	140	#
413	3853.21	0	1	2	3	4	5	6	7	8	9	10	11	12	13	14	15	16	17	18	19	20	21	22	23	24	25	26	27	28	29	30	31	32	33	34	35	36	37	38	39	40	41	42	43	44	45	46	48	49	50	51	52	53	54	56	60	61	62	141	#
414	4147.3	0	1	2	3	4	5	6	7	8	9	10	11	12	13	14	16	17	18	19	20	21	24	25	26	27	28	29	32	33	34	35	36	37	38	39	40	41	42	43	44	45	46	47	48	49	50	51	52	53	54	55	56	57	58	59	60	61	62	141	#
415	4113.4	0	1	2	3	4	5	6	7	9	10	11	12	13	14	15	17	18	19	20	21	22	23	24	25	26	27	28	29	30	31	32	34	35	36	37	38	39	42	43	44	45	46	47	49	50	51	52	53	54	55	56	57	58	59	60	61	62	63	141	#
416	4107.22	0	1	2	3	4	5	6	8	9	10	11	12	13	14	15	16	17	18	19	20	21	24	25	26	27	28	29	31	32	33	34	35	36	37	38	39	40	41	42	43	44	45	47	48	49	50	51	52	53	54	55	56	57	58	59	60	61	62	141	#
417	4043.48	0	1	2	3	4	5	6	8	9	10	11	12	13	14	16	17	18	19	20	21	22	24	25	26	27	28	29	32	33	34	35	36	37	38	39	40	41	42	43	44	45	46	47	48	49	50	51	52	53	54	55	56	57	58	59	60	61	62	141	#
418	4030.82	1	2	3	4	5	6	7	8	9	10	11	12	13	14	15	16	17	18	19	20	21	24	25	26	27	28	29	30	31	32	33	34	35	36	37	38	39	41	42	43	44	45	46	47	48	49	50	51	52	53	54	55	56	57	58	59	61	62	141	#
419	453.466	6	7	19	20	28	58	142	#
420	580.153	50	56	57	58	59	60	142	#
421	377.907	4	5	6	7	14	15	142	#
422	364.574	10	11	18	19	20	28	142	#
423	315.449	5	6	7	14	15	22	142	#
424	315.308	19	20	21	28	29	36	142	#
425	186.617	44	45	53	61	143	#
426	194.743	37	38	39	45	143	#
427	72.9285	36	44	45	52	143	#
428	881.542	32	40	41	42	48	49	50	56	57	58	144	#
429	871.039	24	32	40	41	48	49	50	56	57	58	144	#
430	818.181	34	40	41	42	48	49	50	56	57	58	144	#
431	732.527	33	34	40	41	42	48	49	50	56	58	144	#
432	726.921	40	41	42	48	49	50	56	57	58	59	144	#
433	688.418	24	32	33	34	40	41	42	49	50	57	144	#
434	1251.53	9	11	17	18	19	26	27	32	33	34	35	40	41	42	43	48	49	50	56	57	58	59	145	#
435	1613.83	0	1	2	10	11	17	18	19	26	27	28	29	32	33	34	35	36	41	42	49	50	57	145	#
436	1456.27	19	26	27	30	34	35	36	42	43	44	50	51	52	53	54	56	57	58	59	60	61	62	145	#
437	1427.46	2	5	9	10	11	17	18	19	20	25	26	27	28	34	35	36	42	45	46	47	49	53	145	#
438	1417.81	11	17	19	20	25	26	27	28	32	33	34	35	36	37	40	41	42	48	49	50	56	57	145	#
439	1397.14	7	21	26	27	29	35	37	40	41	42	44	45	46	47	51	52	53	54	59	60	61	62	145	#
440	207.878	39	47	55	146	#
441	216.562	46	47	55	146	#
442	135.328	38	39	46	146	#
443	130.769	34	35	47	146	#
444	341.627	36	37	44	45	53	147	#
445	384.994	43	44	45	46	53	147	#
446	323.419	37	45	53	61	62	147	#
447	297.267	43	44	45	52	53	147	#
448	274.843	28	29	35	36	42	147	#
449	273.451	37	43	44	45	52	147	#
450	1087.88	28	29	37	45	46	47	52	53	54	55	59	60	61	62	63	148	#
451	1174.48	35	36	38	39	43	44	45	46	47	52	53	54	59	60	62	148	#
452	1111.55	43	44	45	46	50	51	52	53	54	58	59	60	61	62	63	148	#
453	1072.47	3	10	11	38	39	45	46	47	52	53	54	55	61	62	63	148	#
454	1066.12	35	36	37	44	45	46	47	51	52	53	54	59	60	61	62	148	#
455	1048.16	14	15	22	37	45	46	47	52	53	54	55	59	60	62	63	148	#
456	1956.7	1	2	3	4	5	8	9	10	11	12	13	14	15	17	18	19	20	24	25	26	27	32	33	34	35	37	38	40	41	42	48	49	50	56	57	58	149	#
457	2128.09	0	1	2	3	4	8	9	10	11	16	17	18	19	24	25	26	27	28	32	33	34	35	36	37	40	41	42	43	44	45	46	47	49	53	54	61	149	#
458	2068.82	0	1	2	4	6	8	9	10	11	13	14	15	16	17	18	20	22	24	25	26	27	28	32	33	34	35	36	37	40	41	42	48	49	56	57	58	149	#
459	2039.67	0	1	2	3	4	5	6	8	9	10	12	13	14	15	16	17	18	19	20	21	22	23	25	26	27	30	31	33	34	35	41	42	49	57	62	63	149	#
460	2023.89	0	1	8	9	10	12	14	15	16	17	18	19	20	21	24	25	26	27	28	32	33	34	35	36	40	41	42	44	45	48	51	52	53	54	55	60	149	#
461	2010.28	0	1	2	3	4	8	9	10	11	12	16	17	18	19	20	24	25	26	27	28	32	33	34	35	36	37	38	40	41	42	43	45	46	47	49	51	149	#
462	620.732	32	46	52	53	54	55	62	63	150	#
463	774.494	39	44	45	46	47	54	55	63	150	#
464	628.306	45	53	54	55	60	61	62	63	150	#
465	576.293	45	52	53	54	55	60	61	62	150	#
466	563.954	37	38	39	45	46	47	54	62	150	#
467	552.642	37	38	45	46	48	54	55	62	150	#
468	685.903	44	45	47	52	53	54	55	61	62	63	151	#
469	868.646	37	38	39	47	53	54	55	61	62	63	151	#
470	829.403	6	7	45	47	52	53	54	55	61	63	151	#
471	779.207	29	37	38	45	46	53	54	60	61	62	151	#
472	765.462	45	46	52	53	54	55	60	61	62	63	151	#
473	694.62	32	37	38	39	45	46	47	52	53	54	151	#
474	488.44	21	22	29	36	37	38	39	55	152	#
475	683.069	20	21	28	29	35	36	37	44	152	#
476	624.969	21	29	37	38	39	43	44	55	152	#
477	585.322	37	38	39	45	46	47	54	55	152	#
478	576.389	36	37	38	39	43	44	45	51	152	#
479	525.258	46	47	53	54	55	61	62	63	152	#
480	532.617	49	50	51	58	59	60	61	153	#
481	534.799	40	48	49	50	56	57	58	153	#
482	528.467	32	40	48	49	50	57	58	153	#
483	453.148	52	53	54	55	60	61	62	153	#
484	440.524	32	40	41	48	49	50	57	153	#
485	434.371	43	51	52	53	58	59	60	153	#
486	166.92	34	42	63	154	#
487	209.198	55	62	63	154	#
488	176.357	34	41	42	154	#
489	82.1724	33	34	155	#
490	81.9409	26	34	155	#
491	76.0878	33	41	155	#
492	466.656	34	35	42	43	44	45	51	156	#
493	495.084	26	27	28	33	34	35	36	156	#
494	481.288	34	35	50	51	58	59	60	156	#
495	448.682	0	8	19	26	34	35	42	156	#
496	439.714	36	42	43	44	51	59	60	156	#
497	420.145	43	44	45	46	52	53	61	156	#
498	56.3755	34	#
499	96.3931	45	53	157	#
500	90.9222	52	53	157	#
