%% File generated by CATS v.2.1Thu May  9 13:09:09 2024

%% The CATS webpage is http://robotics.stanford.edu/CATS

%% PARAMETER SETTINGS:
% Goods: 64; Bids: 500; Distribution: scheduling; Runs: 1; Seed: 96
% Scheduling Distribution Parameters:
% max_length                = 10
% deviation                 = 0.500000
% prob_additional_deadline  = 0.700000
% additivity                = 0.200000



goods 64
bids 552
dummy 13

0	15.3628	0	1	2	3	4	5	6	64	#
1	15.3628	1	2	3	4	5	6	7	64	#
2	15.3628	2	3	4	5	6	7	8	64	#
3	15.3628	3	4	5	6	7	8	9	64	#
4	15.3628	4	5	6	7	8	9	10	64	#
5	15.3628	5	6	7	8	9	10	11	64	#
6	15.3628	6	7	8	9	10	11	12	64	#
7	15.3628	7	8	9	10	11	12	13	64	#
8	15.3628	8	9	10	11	12	13	14	64	#
9	15.3628	9	10	11	12	13	14	15	64	#
10	15.3628	10	11	12	13	14	15	16	64	#
11	15.3628	11	12	13	14	15	16	17	64	#
12	15.3628	12	13	14	15	16	17	18	64	#
13	15.3628	13	14	15	16	17	18	19	64	#
14	15.3628	14	15	16	17	18	19	20	64	#
15	15.3628	15	16	17	18	19	20	21	64	#
16	15.3628	16	17	18	19	20	21	22	64	#
17	15.3628	17	18	19	20	21	22	23	64	#
18	15.3628	18	19	20	21	22	23	24	64	#
19	15.3628	19	20	21	22	23	24	25	64	#
20	15.3628	20	21	22	23	24	25	26	64	#
21	15.3628	21	22	23	24	25	26	27	64	#
22	15.3628	22	23	24	25	26	27	28	64	#
23	15.3628	23	24	25	26	27	28	29	64	#
24	15.3628	24	25	26	27	28	29	30	64	#
25	15.3628	25	26	27	28	29	30	31	64	#
26	15.3628	26	27	28	29	30	31	32	64	#
27	15.3628	27	28	29	30	31	32	33	64	#
28	15.3628	28	29	30	31	32	33	34	64	#
29	15.3628	29	30	31	32	33	34	35	64	#
30	15.3628	30	31	32	33	34	35	36	64	#
31	11.7673	31	32	33	34	35	36	37	64	#
32	11.7673	32	33	34	35	36	37	38	64	#
33	11.7673	33	34	35	36	37	38	39	64	#
34	11.7673	34	35	36	37	38	39	40	64	#
35	11.7673	35	36	37	38	39	40	41	64	#
36	11.7673	36	37	38	39	40	41	42	64	#
37	11.7673	37	38	39	40	41	42	43	64	#
38	11.7673	38	39	40	41	42	43	44	64	#
39	11.7673	39	40	41	42	43	44	45	64	#
40	11.7673	40	41	42	43	44	45	46	64	#
41	11.7673	41	42	43	44	45	46	47	64	#
42	11.0612	42	43	44	45	46	47	48	64	#
43	11.0612	43	44	45	46	47	48	49	64	#
44	11.0612	44	45	46	47	48	49	50	64	#
45	8.77876	45	46	47	48	49	50	51	64	#
46	8.77876	46	47	48	49	50	51	52	64	#
47	8.77876	47	48	49	50	51	52	53	64	#
48	8.77876	48	49	50	51	52	53	54	64	#
49	8.77876	49	50	51	52	53	54	55	64	#
50	8.77876	50	51	52	53	54	55	56	64	#
51	8.77876	51	52	53	54	55	56	57	64	#
52	8.77876	52	53	54	55	56	57	58	64	#
53	8.77876	53	54	55	56	57	58	59	64	#
54	8.77876	54	55	56	57	58	59	60	64	#
55	8.77876	55	56	57	58	59	60	61	64	#
56	8.77876	56	57	58	59	60	61	62	64	#
57	8.77876	57	58	59	60	61	62	63	64	#
58	6.46369	0	1	2	3	4	65	#
59	6.46369	1	2	3	4	5	65	#
60	6.46369	2	3	4	5	6	65	#
61	6.46369	3	4	5	6	7	65	#
62	6.46369	4	5	6	7	8	65	#
63	6.46369	5	6	7	8	9	65	#
64	6.46369	6	7	8	9	10	65	#
65	6.46369	7	8	9	10	11	65	#
66	6.46369	8	9	10	11	12	65	#
67	6.46369	9	10	11	12	13	65	#
68	6.46369	10	11	12	13	14	65	#
69	6.46369	11	12	13	14	15	65	#
70	6.46369	12	13	14	15	16	65	#
71	6.46369	13	14	15	16	17	65	#
72	6.46369	14	15	16	17	18	65	#
73	6.46369	15	16	17	18	19	65	#
74	6.46369	16	17	18	19	20	65	#
75	6.46369	17	18	19	20	21	65	#
76	6.46369	18	19	20	21	22	65	#
77	6.46369	19	20	21	22	23	65	#
78	6.46369	20	21	22	23	24	65	#
79	6.46369	21	22	23	24	25	65	#
80	6.46369	22	23	24	25	26	65	#
81	6.46369	23	24	25	26	27	65	#
82	6.46369	24	25	26	27	28	65	#
83	6.46369	25	26	27	28	29	65	#
84	6.46369	26	27	28	29	30	65	#
85	6.46369	27	28	29	30	31	65	#
86	6.46369	28	29	30	31	32	65	#
87	6.46369	29	30	31	32	33	65	#
88	6.46369	30	31	32	33	34	65	#
89	6.46369	31	32	33	34	35	65	#
90	6.46369	32	33	34	35	36	65	#
91	6.46369	33	34	35	36	37	65	#
92	6.46369	34	35	36	37	38	65	#
93	6.46369	35	36	37	38	39	65	#
94	6.46369	36	37	38	39	40	65	#
95	6.46369	37	38	39	40	41	65	#
96	6.46369	38	39	40	41	42	65	#
97	6.46369	39	40	41	42	43	65	#
98	6.46369	40	41	42	43	44	65	#
99	6.46369	41	42	43	44	45	65	#
100	6.46369	42	43	44	45	46	65	#
101	6.46369	43	44	45	46	47	65	#
102	6.46369	44	45	46	47	48	65	#
103	6.33178	45	46	47	48	49	65	#
104	2.17793	0	1	66	#
105	2.17793	1	2	66	#
106	2.17793	2	3	66	#
107	2.17793	3	4	66	#
108	0.223377	4	5	66	#
109	0.223377	5	6	66	#
110	0.223377	6	7	66	#
111	0.223377	7	8	66	#
112	0.223377	8	9	66	#
113	0.223377	9	10	66	#
114	0.223377	10	11	66	#
115	0.223377	11	12	66	#
116	0.223377	12	13	66	#
117	0.223377	13	14	66	#
118	0.223377	14	15	66	#
119	0.223377	15	16	66	#
120	0.223377	16	17	66	#
121	0.223377	17	18	66	#
122	0.223377	18	19	66	#
123	0.223377	19	20	66	#
124	0.223377	20	21	66	#
125	0.223377	21	22	66	#
126	0.223377	22	23	66	#
127	0.223377	23	24	66	#
128	0.223377	24	25	66	#
129	0.223377	25	26	66	#
130	0.223377	26	27	66	#
131	0.223377	27	28	66	#
132	0.223377	28	29	66	#
133	0.223377	29	30	66	#
134	0.223377	30	31	66	#
135	0.223377	31	32	66	#
136	0.223377	32	33	66	#
137	0.223377	33	34	66	#
138	0.223377	34	35	66	#
139	0.223377	35	36	66	#
140	0.223377	36	37	66	#
141	0.223377	37	38	66	#
142	0.223377	38	39	66	#
143	16.8004	0	1	2	3	4	5	6	7	8	9	67	#
144	16.8004	1	2	3	4	5	6	7	8	9	10	67	#
145	16.8004	2	3	4	5	6	7	8	9	10	11	67	#
146	16.8004	3	4	5	6	7	8	9	10	11	12	67	#
147	4.0321	4	5	6	7	8	9	10	11	12	13	67	#
148	4.0321	5	6	7	8	9	10	11	12	13	14	67	#
149	4.0321	6	7	8	9	10	11	12	13	14	15	67	#
150	4.0321	7	8	9	10	11	12	13	14	15	16	67	#
151	4.0321	8	9	10	11	12	13	14	15	16	17	67	#
152	4.0321	9	10	11	12	13	14	15	16	17	18	67	#
153	4.0321	10	11	12	13	14	15	16	17	18	19	67	#
154	4.0321	11	12	13	14	15	16	17	18	19	20	67	#
155	4.0321	12	13	14	15	16	17	18	19	20	21	67	#
156	4.0321	13	14	15	16	17	18	19	20	21	22	67	#
157	4.0321	14	15	16	17	18	19	20	21	22	23	67	#
158	4.0321	15	16	17	18	19	20	21	22	23	24	67	#
159	4.0321	16	17	18	19	20	21	22	23	24	25	67	#
160	4.0321	17	18	19	20	21	22	23	24	25	26	67	#
161	4.0321	18	19	20	21	22	23	24	25	26	27	67	#
162	4.0321	19	20	21	22	23	24	25	26	27	28	67	#
163	4.0321	20	21	22	23	24	25	26	27	28	29	67	#
164	4.0321	21	22	23	24	25	26	27	28	29	30	67	#
165	4.0321	22	23	24	25	26	27	28	29	30	31	67	#
166	4.0321	23	24	25	26	27	28	29	30	31	32	67	#
167	4.0321	24	25	26	27	28	29	30	31	32	33	67	#
168	4.0321	25	26	27	28	29	30	31	32	33	34	67	#
169	4.0321	26	27	28	29	30	31	32	33	34	35	67	#
170	4.0321	27	28	29	30	31	32	33	34	35	36	67	#
171	4.0321	28	29	30	31	32	33	34	35	36	37	67	#
172	4.0321	29	30	31	32	33	34	35	36	37	38	67	#
173	4.0321	30	31	32	33	34	35	36	37	38	39	67	#
174	4.0321	31	32	33	34	35	36	37	38	39	40	67	#
175	4.0321	32	33	34	35	36	37	38	39	40	41	67	#
176	4.0321	33	34	35	36	37	38	39	40	41	42	67	#
177	4.0321	34	35	36	37	38	39	40	41	42	43	67	#
178	4.0321	35	36	37	38	39	40	41	42	43	44	67	#
179	4.0321	36	37	38	39	40	41	42	43	44	45	67	#
180	4.0321	37	38	39	40	41	42	43	44	45	46	67	#
181	4.0321	38	39	40	41	42	43	44	45	46	47	67	#
182	4.0321	39	40	41	42	43	44	45	46	47	48	67	#
183	4.0321	40	41	42	43	44	45	46	47	48	49	67	#
184	4.0321	41	42	43	44	45	46	47	48	49	50	67	#
185	3.25169	42	43	44	45	46	47	48	49	50	51	67	#
186	3.25169	43	44	45	46	47	48	49	50	51	52	67	#
187	3.25169	44	45	46	47	48	49	50	51	52	53	67	#
188	3.25169	45	46	47	48	49	50	51	52	53	54	67	#
189	3.25169	46	47	48	49	50	51	52	53	54	55	67	#
190	3.25169	47	48	49	50	51	52	53	54	55	56	67	#
191	3.25169	48	49	50	51	52	53	54	55	56	57	67	#
192	3.25169	49	50	51	52	53	54	55	56	57	58	67	#
193	3.25169	50	51	52	53	54	55	56	57	58	59	67	#
194	3.25169	51	52	53	54	55	56	57	58	59	60	67	#
195	3.25169	52	53	54	55	56	57	58	59	60	61	67	#
196	3.25169	53	54	55	56	57	58	59	60	61	62	67	#
197	3.20008	54	55	56	57	58	59	60	61	62	63	67	#
198	11.5252	0	1	2	3	4	5	68	#
199	11.5252	1	2	3	4	5	6	68	#
200	11.5252	2	3	4	5	6	7	68	#
201	11.5252	3	4	5	6	7	8	68	#
202	11.5252	4	5	6	7	8	9	68	#
203	11.5252	5	6	7	8	9	10	68	#
204	11.5252	6	7	8	9	10	11	68	#
205	11.5252	7	8	9	10	11	12	68	#
206	11.5252	8	9	10	11	12	13	68	#
207	7.57628	0	1	2	3	4	5	69	#
208	7.57628	1	2	3	4	5	6	69	#
209	7.57628	2	3	4	5	6	7	69	#
210	7.57628	3	4	5	6	7	8	69	#
211	7.57628	4	5	6	7	8	9	69	#
212	7.57628	5	6	7	8	9	10	69	#
213	7.57628	6	7	8	9	10	11	69	#
214	7.57628	7	8	9	10	11	12	69	#
215	7.57628	8	9	10	11	12	13	69	#
216	7.57628	9	10	11	12	13	14	69	#
217	7.57628	10	11	12	13	14	15	69	#
218	7.57628	11	12	13	14	15	16	69	#
219	7.57628	12	13	14	15	16	17	69	#
220	7.57628	13	14	15	16	17	18	69	#
221	7.57628	14	15	16	17	18	19	69	#
222	7.57628	15	16	17	18	19	20	69	#
223	7.57628	16	17	18	19	20	21	69	#
224	7.57628	17	18	19	20	21	22	69	#
225	7.57628	18	19	20	21	22	23	69	#
226	7.57628	19	20	21	22	23	24	69	#
227	7.57628	20	21	22	23	24	25	69	#
228	7.57628	21	22	23	24	25	26	69	#
229	7.57628	22	23	24	25	26	27	69	#
230	7.57628	23	24	25	26	27	28	69	#
231	7.57628	24	25	26	27	28	29	69	#
232	7.57628	25	26	27	28	29	30	69	#
233	7.57628	26	27	28	29	30	31	69	#
234	7.57628	27	28	29	30	31	32	69	#
235	7.57628	28	29	30	31	32	33	69	#
236	7.57628	29	30	31	32	33	34	69	#
237	7.57628	30	31	32	33	34	35	69	#
238	7.57628	31	32	33	34	35	36	69	#
239	7.57628	32	33	34	35	36	37	69	#
240	7.57628	33	34	35	36	37	38	69	#
241	7.57628	34	35	36	37	38	39	69	#
242	7.57628	35	36	37	38	39	40	69	#
243	7.57628	36	37	38	39	40	41	69	#
244	7.57628	37	38	39	40	41	42	69	#
245	7.57628	38	39	40	41	42	43	69	#
246	7.57628	39	40	41	42	43	44	69	#
247	7.57628	40	41	42	43	44	45	69	#
248	7.57628	41	42	43	44	45	46	69	#
249	7.57628	42	43	44	45	46	47	69	#
250	7.57628	43	44	45	46	47	48	69	#
251	7.57628	44	45	46	47	48	49	69	#
252	7.57628	45	46	47	48	49	50	69	#
253	7.57628	46	47	48	49	50	51	69	#
254	7.57628	47	48	49	50	51	52	69	#
255	7.57628	48	49	50	51	52	53	69	#
256	14.9714	0	1	2	3	4	5	6	7	8	70	#
257	14.9714	1	2	3	4	5	6	7	8	9	70	#
258	14.9714	2	3	4	5	6	7	8	9	10	70	#
259	14.9714	3	4	5	6	7	8	9	10	11	70	#
260	14.9714	4	5	6	7	8	9	10	11	12	70	#
261	14.9714	5	6	7	8	9	10	11	12	13	70	#
262	14.9714	6	7	8	9	10	11	12	13	14	70	#
263	14.9714	7	8	9	10	11	12	13	14	15	70	#
264	14.9714	8	9	10	11	12	13	14	15	16	70	#
265	14.9714	9	10	11	12	13	14	15	16	17	70	#
266	14.9714	10	11	12	13	14	15	16	17	18	70	#
267	14.9714	11	12	13	14	15	16	17	18	19	70	#
268	14.9714	12	13	14	15	16	17	18	19	20	70	#
269	14.9714	13	14	15	16	17	18	19	20	21	70	#
270	14.9714	14	15	16	17	18	19	20	21	22	70	#
271	14.9714	15	16	17	18	19	20	21	22	23	70	#
272	14.9714	16	17	18	19	20	21	22	23	24	70	#
273	14.9714	17	18	19	20	21	22	23	24	25	70	#
274	12.4762	18	19	20	21	22	23	24	25	26	70	#
275	12.4762	19	20	21	22	23	24	25	26	27	70	#
276	12.4762	20	21	22	23	24	25	26	27	28	70	#
277	12.4762	21	22	23	24	25	26	27	28	29	70	#
278	12.4762	22	23	24	25	26	27	28	29	30	70	#
279	13.9604	0	1	2	3	4	5	6	7	8	9	71	#
280	13.9604	1	2	3	4	5	6	7	8	9	10	71	#
281	13.9604	2	3	4	5	6	7	8	9	10	11	71	#
282	13.9604	3	4	5	6	7	8	9	10	11	12	71	#
283	13.9604	4	5	6	7	8	9	10	11	12	13	71	#
284	13.9604	5	6	7	8	9	10	11	12	13	14	71	#
285	13.9604	6	7	8	9	10	11	12	13	14	15	71	#
286	13.9604	7	8	9	10	11	12	13	14	15	16	71	#
287	13.9604	8	9	10	11	12	13	14	15	16	17	71	#
288	13.9604	9	10	11	12	13	14	15	16	17	18	71	#
289	13.9604	10	11	12	13	14	15	16	17	18	19	71	#
290	13.9604	11	12	13	14	15	16	17	18	19	20	71	#
291	13.9604	12	13	14	15	16	17	18	19	20	21	71	#
292	13.9604	13	14	15	16	17	18	19	20	21	22	71	#
293	13.9604	14	15	16	17	18	19	20	21	22	23	71	#
294	13.9604	15	16	17	18	19	20	21	22	23	24	71	#
295	13.9604	16	17	18	19	20	21	22	23	24	25	71	#
296	13.9604	17	18	19	20	21	22	23	24	25	26	71	#
297	13.9604	18	19	20	21	22	23	24	25	26	27	71	#
298	13.9604	19	20	21	22	23	24	25	26	27	28	71	#
299	13.9604	20	21	22	23	24	25	26	27	28	29	71	#
300	13.9604	21	22	23	24	25	26	27	28	29	30	71	#
301	13.9604	22	23	24	25	26	27	28	29	30	31	71	#
302	13.9604	23	24	25	26	27	28	29	30	31	32	71	#
303	13.9604	24	25	26	27	28	29	30	31	32	33	71	#
304	13.9604	25	26	27	28	29	30	31	32	33	34	71	#
305	13.9604	26	27	28	29	30	31	32	33	34	35	71	#
306	13.9604	27	28	29	30	31	32	33	34	35	36	71	#
307	13.9604	28	29	30	31	32	33	34	35	36	37	71	#
308	8.60889	29	30	31	32	33	34	35	36	37	38	71	#
309	8.60889	30	31	32	33	34	35	36	37	38	39	71	#
310	8.60889	31	32	33	34	35	36	37	38	39	40	71	#
311	8.60889	32	33	34	35	36	37	38	39	40	41	71	#
312	8.60889	33	34	35	36	37	38	39	40	41	42	71	#
313	8.60889	34	35	36	37	38	39	40	41	42	43	71	#
314	8.60889	35	36	37	38	39	40	41	42	43	44	71	#
315	8.60889	36	37	38	39	40	41	42	43	44	45	71	#
316	8.60889	37	38	39	40	41	42	43	44	45	46	71	#
317	8.60889	38	39	40	41	42	43	44	45	46	47	71	#
318	8.60889	39	40	41	42	43	44	45	46	47	48	71	#
319	8.60889	40	41	42	43	44	45	46	47	48	49	71	#
320	8.60889	41	42	43	44	45	46	47	48	49	50	71	#
321	8.60889	42	43	44	45	46	47	48	49	50	51	71	#
322	8.60889	43	44	45	46	47	48	49	50	51	52	71	#
323	8.60889	44	45	46	47	48	49	50	51	52	53	71	#
324	8.60889	45	46	47	48	49	50	51	52	53	54	71	#
325	8.60889	46	47	48	49	50	51	52	53	54	55	71	#
326	8.60889	47	48	49	50	51	52	53	54	55	56	71	#
327	8.60889	48	49	50	51	52	53	54	55	56	57	71	#
328	8.60889	49	50	51	52	53	54	55	56	57	58	71	#
329	8.60889	50	51	52	53	54	55	56	57	58	59	71	#
330	8.60889	51	52	53	54	55	56	57	58	59	60	71	#
331	0.902418	0	72	#
332	0.902418	1	72	#
333	0.902418	2	72	#
334	0.902418	3	72	#
335	0.902418	4	72	#
336	0.902418	5	72	#
337	0.902418	6	72	#
338	0.902418	7	72	#
339	0.902418	8	72	#
340	0.902418	9	72	#
341	0.902418	10	72	#
342	0.902418	11	72	#
343	0.902418	12	72	#
344	13.8953	0	1	2	3	4	5	6	7	73	#
345	13.8953	1	2	3	4	5	6	7	8	73	#
346	13.8953	2	3	4	5	6	7	8	9	73	#
347	13.8953	3	4	5	6	7	8	9	10	73	#
348	13.8953	4	5	6	7	8	9	10	11	73	#
349	13.8953	5	6	7	8	9	10	11	12	73	#
350	13.8953	6	7	8	9	10	11	12	13	73	#
351	13.8953	7	8	9	10	11	12	13	14	73	#
352	13.8953	8	9	10	11	12	13	14	15	73	#
353	13.8953	9	10	11	12	13	14	15	16	73	#
354	13.8953	10	11	12	13	14	15	16	17	73	#
355	13.8953	11	12	13	14	15	16	17	18	73	#
356	13.8953	12	13	14	15	16	17	18	19	73	#
357	13.8953	13	14	15	16	17	18	19	20	73	#
358	13.8953	14	15	16	17	18	19	20	21	73	#
359	13.8953	15	16	17	18	19	20	21	22	73	#
360	13.8953	16	17	18	19	20	21	22	23	73	#
361	5.51019	17	18	19	20	21	22	23	24	73	#
362	5.51019	18	19	20	21	22	23	24	25	73	#
363	5.51019	19	20	21	22	23	24	25	26	73	#
364	5.51019	20	21	22	23	24	25	26	27	73	#
365	5.51019	21	22	23	24	25	26	27	28	73	#
366	5.51019	22	23	24	25	26	27	28	29	73	#
367	5.51019	23	24	25	26	27	28	29	30	73	#
368	5.51019	24	25	26	27	28	29	30	31	73	#
369	5.51019	25	26	27	28	29	30	31	32	73	#
370	5.51019	26	27	28	29	30	31	32	33	73	#
371	5.51019	27	28	29	30	31	32	33	34	73	#
372	5.51019	28	29	30	31	32	33	34	35	73	#
373	5.51019	29	30	31	32	33	34	35	36	73	#
374	5.51019	30	31	32	33	34	35	36	37	73	#
375	5.51019	31	32	33	34	35	36	37	38	73	#
376	5.51019	32	33	34	35	36	37	38	39	73	#
377	5.51019	33	34	35	36	37	38	39	40	73	#
378	5.51019	34	35	36	37	38	39	40	41	73	#
379	5.51019	35	36	37	38	39	40	41	42	73	#
380	5.51019	36	37	38	39	40	41	42	43	73	#
381	5.51019	37	38	39	40	41	42	43	44	73	#
382	5.51019	38	39	40	41	42	43	44	45	73	#
383	5.51019	39	40	41	42	43	44	45	46	73	#
384	5.51019	40	41	42	43	44	45	46	47	73	#
385	5.51019	41	42	43	44	45	46	47	48	73	#
386	5.51019	42	43	44	45	46	47	48	49	73	#
387	5.51019	43	44	45	46	47	48	49	50	73	#
388	5.51019	44	45	46	47	48	49	50	51	73	#
389	5.51019	45	46	47	48	49	50	51	52	73	#
390	5.51019	46	47	48	49	50	51	52	53	73	#
391	5.51019	47	48	49	50	51	52	53	54	73	#
392	5.51019	48	49	50	51	52	53	54	55	73	#
393	5.51019	49	50	51	52	53	54	55	56	73	#
394	5.51019	50	51	52	53	54	55	56	57	73	#
395	5.51019	51	52	53	54	55	56	57	58	73	#
396	5.2392	52	53	54	55	56	57	58	59	73	#
397	5.2392	53	54	55	56	57	58	59	60	73	#
398	5.2392	54	55	56	57	58	59	60	61	73	#
399	5.1547	55	56	57	58	59	60	61	62	73	#
400	5.07288	56	57	58	59	60	61	62	63	73	#
401	20.3246	0	1	2	3	4	5	6	7	8	74	#
402	20.3246	1	2	3	4	5	6	7	8	9	74	#
403	20.3246	2	3	4	5	6	7	8	9	10	74	#
404	20.3246	3	4	5	6	7	8	9	10	11	74	#
405	20.3246	4	5	6	7	8	9	10	11	12	74	#
406	20.3246	5	6	7	8	9	10	11	12	13	74	#
407	20.3246	6	7	8	9	10	11	12	13	14	74	#
408	20.3246	7	8	9	10	11	12	13	14	15	74	#
409	20.3246	8	9	10	11	12	13	14	15	16	74	#
410	20.3246	9	10	11	12	13	14	15	16	17	74	#
411	20.3246	10	11	12	13	14	15	16	17	18	74	#
412	20.3246	11	12	13	14	15	16	17	18	19	74	#
413	11.702	12	13	14	15	16	17	18	19	20	74	#
414	11.702	13	14	15	16	17	18	19	20	21	74	#
415	11.702	14	15	16	17	18	19	20	21	22	74	#
416	11.702	15	16	17	18	19	20	21	22	23	74	#
417	11.702	16	17	18	19	20	21	22	23	24	74	#
418	11.702	17	18	19	20	21	22	23	24	25	74	#
419	11.702	18	19	20	21	22	23	24	25	26	74	#
420	11.702	19	20	21	22	23	24	25	26	27	74	#
421	11.702	20	21	22	23	24	25	26	27	28	74	#
422	11.702	21	22	23	24	25	26	27	28	29	74	#
423	11.702	22	23	24	25	26	27	28	29	30	74	#
424	11.702	23	24	25	26	27	28	29	30	31	74	#
425	11.702	24	25	26	27	28	29	30	31	32	74	#
426	11.702	25	26	27	28	29	30	31	32	33	74	#
427	1.37067	0	75	#
428	1.37067	1	75	#
429	1.37067	2	75	#
430	1.37067	3	75	#
431	1.37067	4	75	#
432	1.37067	5	75	#
433	1.37067	6	75	#
434	1.37067	7	75	#
435	1.37067	8	75	#
436	1.37067	9	75	#
437	1.37067	10	75	#
438	1.37067	11	75	#
439	1.37067	12	75	#
440	1.37067	13	75	#
441	1.37067	14	75	#
442	1.37067	15	75	#
443	1.37067	16	75	#
444	1.37067	17	75	#
445	1.37067	18	75	#
446	1.37067	19	75	#
447	1.37067	20	75	#
448	1.37067	21	75	#
449	1.37067	22	75	#
450	1.37067	23	75	#
451	1.37067	24	75	#
452	1.37067	25	75	#
453	1.37067	26	75	#
454	1.37067	27	75	#
455	1.37067	28	75	#
456	1.37067	29	75	#
457	1.37067	30	75	#
458	1.37067	31	75	#
459	1.37067	32	75	#
460	1.37067	33	75	#
461	1.37067	34	75	#
462	1.37067	35	75	#
463	1.37067	36	75	#
464	1.37067	37	75	#
465	1.37067	38	75	#
466	1.37067	39	75	#
467	1.37067	40	75	#
468	1.37067	41	75	#
469	1.37067	42	75	#
470	1.37067	43	75	#
471	1.37067	44	75	#
472	1.37067	45	75	#
473	1.37067	46	75	#
474	1.37067	47	75	#
475	1.37067	48	75	#
476	1.37067	49	75	#
477	1.37067	50	75	#
478	1.37067	51	75	#
479	1.37067	52	75	#
480	1.37067	53	75	#
481	1.37067	54	75	#
482	1.37067	55	75	#
483	1.37067	56	75	#
484	1.37067	57	75	#
485	1.37067	58	75	#
486	1.37067	59	75	#
487	1.37067	60	75	#
488	1.37067	61	75	#
489	1.34856	62	75	#
490	2.03363	0	1	2	76	#
491	2.03363	1	2	3	76	#
492	2.03363	2	3	4	76	#
493	2.03363	3	4	5	76	#
494	2.03363	4	5	6	76	#
495	2.03363	5	6	7	76	#
496	2.03363	6	7	8	76	#
497	2.03363	7	8	9	76	#
498	2.03363	8	9	10	76	#
499	2.03363	9	10	11	76	#
500	2.03363	10	11	12	76	#
501	2.03363	11	12	13	76	#
502	2.03363	12	13	14	76	#
503	2.03363	13	14	15	76	#
504	2.03363	14	15	16	76	#
505	2.03363	15	16	17	76	#
506	2.03363	16	17	18	76	#
507	2.03363	17	18	19	76	#
508	2.03363	18	19	20	76	#
509	2.03363	19	20	21	76	#
510	2.03363	20	21	22	76	#
511	2.03363	21	22	23	76	#
512	2.03363	22	23	24	76	#
513	2.03363	23	24	25	76	#
514	2.03363	24	25	26	76	#
515	2.03363	25	26	27	76	#
516	2.03363	26	27	28	76	#
517	2.03363	27	28	29	76	#
518	2.03363	28	29	30	76	#
519	2.03363	29	30	31	76	#
520	2.03363	30	31	32	76	#
521	2.03363	31	32	33	76	#
522	2.03363	32	33	34	76	#
523	2.03363	33	34	35	76	#
524	2.03363	34	35	36	76	#
525	2.03363	35	36	37	76	#
526	2.03363	36	37	38	76	#
527	2.03363	37	38	39	76	#
528	2.03363	38	39	40	76	#
529	2.03363	39	40	41	76	#
530	2.03363	40	41	42	76	#
531	2.03363	41	42	43	76	#
532	2.03363	42	43	44	76	#
533	2.03363	43	44	45	76	#
534	2.03363	44	45	46	76	#
535	2.03363	45	46	47	76	#
536	2.03363	46	47	48	76	#
537	2.03363	47	48	49	76	#
538	2.03363	48	49	50	76	#
539	2.03363	49	50	51	76	#
540	2.03363	50	51	52	76	#
541	2.03363	51	52	53	76	#
542	2.03363	52	53	54	76	#
543	2.03363	53	54	55	76	#
544	1.8336	54	55	56	76	#
545	1.8336	55	56	57	76	#
546	1.8336	56	57	58	76	#
547	1.8336	57	58	59	76	#
548	1.8336	58	59	60	76	#
549	1.8336	59	60	61	76	#
550	1.77539	60	61	62	76	#
551	1.77539	61	62	63	76	#
