%% File generated by CATS v.2.1Thu May  9 13:09:09 2024

%% The CATS webpage is http://robotics.stanford.edu/CATS

%% PARAMETER SETTINGS:
% Goods: 64; Bids: 500; Distribution: scheduling; Runs: 1; Seed: 90
% Scheduling Distribution Parameters:
% max_length                = 10
% deviation                 = 0.500000
% prob_additional_deadline  = 0.700000
% additivity                = 0.200000



goods 64
bids 505
dummy 10

0	9.07068	0	1	2	3	4	5	64	#
1	9.07068	1	2	3	4	5	6	64	#
2	9.07068	2	3	4	5	6	7	64	#
3	9.07068	3	4	5	6	7	8	64	#
4	9.07068	4	5	6	7	8	9	64	#
5	9.07068	5	6	7	8	9	10	64	#
6	9.07068	6	7	8	9	10	11	64	#
7	9.07068	7	8	9	10	11	12	64	#
8	9.07068	8	9	10	11	12	13	64	#
9	9.07068	9	10	11	12	13	14	64	#
10	9.07068	10	11	12	13	14	15	64	#
11	9.07068	11	12	13	14	15	16	64	#
12	9.07068	12	13	14	15	16	17	64	#
13	9.07068	13	14	15	16	17	18	64	#
14	9.07068	14	15	16	17	18	19	64	#
15	9.07068	15	16	17	18	19	20	64	#
16	9.07068	16	17	18	19	20	21	64	#
17	9.07068	17	18	19	20	21	22	64	#
18	9.07068	18	19	20	21	22	23	64	#
19	9.07068	19	20	21	22	23	24	64	#
20	9.07068	20	21	22	23	24	25	64	#
21	9.07068	21	22	23	24	25	26	64	#
22	9.07068	22	23	24	25	26	27	64	#
23	9.07068	23	24	25	26	27	28	64	#
24	9.07068	24	25	26	27	28	29	64	#
25	8.2203	25	26	27	28	29	30	64	#
26	8.2203	26	27	28	29	30	31	64	#
27	8.2203	27	28	29	30	31	32	64	#
28	6.26309	28	29	30	31	32	33	64	#
29	6.26309	29	30	31	32	33	34	64	#
30	6.26309	30	31	32	33	34	35	64	#
31	6.26309	31	32	33	34	35	36	64	#
32	6.26309	32	33	34	35	36	37	64	#
33	6.26309	33	34	35	36	37	38	64	#
34	6.26309	34	35	36	37	38	39	64	#
35	6.26309	35	36	37	38	39	40	64	#
36	6.26309	36	37	38	39	40	41	64	#
37	6.26309	37	38	39	40	41	42	64	#
38	7.50885	0	1	2	3	4	5	6	7	65	#
39	7.50885	1	2	3	4	5	6	7	8	65	#
40	7.50885	2	3	4	5	6	7	8	9	65	#
41	7.50885	3	4	5	6	7	8	9	10	65	#
42	7.50885	4	5	6	7	8	9	10	11	65	#
43	7.50885	5	6	7	8	9	10	11	12	65	#
44	7.50885	6	7	8	9	10	11	12	13	65	#
45	7.50885	7	8	9	10	11	12	13	14	65	#
46	7.50885	8	9	10	11	12	13	14	15	65	#
47	7.50885	9	10	11	12	13	14	15	16	65	#
48	7.50885	10	11	12	13	14	15	16	17	65	#
49	7.50885	11	12	13	14	15	16	17	18	65	#
50	7.50885	12	13	14	15	16	17	18	19	65	#
51	7.50885	13	14	15	16	17	18	19	20	65	#
52	7.50885	14	15	16	17	18	19	20	21	65	#
53	7.50885	15	16	17	18	19	20	21	22	65	#
54	7.50885	16	17	18	19	20	21	22	23	65	#
55	7.50885	17	18	19	20	21	22	23	24	65	#
56	7.50885	18	19	20	21	22	23	24	25	65	#
57	7.50885	19	20	21	22	23	24	25	26	65	#
58	7.50885	20	21	22	23	24	25	26	27	65	#
59	7.50885	21	22	23	24	25	26	27	28	65	#
60	7.50885	22	23	24	25	26	27	28	29	65	#
61	7.50885	23	24	25	26	27	28	29	30	65	#
62	7.50885	24	25	26	27	28	29	30	31	65	#
63	7.50885	25	26	27	28	29	30	31	32	65	#
64	7.50885	26	27	28	29	30	31	32	33	65	#
65	7.50885	27	28	29	30	31	32	33	34	65	#
66	7.50885	28	29	30	31	32	33	34	35	65	#
67	7.50885	29	30	31	32	33	34	35	36	65	#
68	7.50885	30	31	32	33	34	35	36	37	65	#
69	7.50885	31	32	33	34	35	36	37	38	65	#
70	7.50885	32	33	34	35	36	37	38	39	65	#
71	7.50885	33	34	35	36	37	38	39	40	65	#
72	7.50885	34	35	36	37	38	39	40	41	65	#
73	7.50885	35	36	37	38	39	40	41	42	65	#
74	7.50885	36	37	38	39	40	41	42	43	65	#
75	7.50885	37	38	39	40	41	42	43	44	65	#
76	7.50885	38	39	40	41	42	43	44	45	65	#
77	7.50885	39	40	41	42	43	44	45	46	65	#
78	7.50885	40	41	42	43	44	45	46	47	65	#
79	7.50885	41	42	43	44	45	46	47	48	65	#
80	7.50885	42	43	44	45	46	47	48	49	65	#
81	7.50885	43	44	45	46	47	48	49	50	65	#
82	7.50885	44	45	46	47	48	49	50	51	65	#
83	7.50885	45	46	47	48	49	50	51	52	65	#
84	7.50885	46	47	48	49	50	51	52	53	65	#
85	7.50885	47	48	49	50	51	52	53	54	65	#
86	7.50885	48	49	50	51	52	53	54	55	65	#
87	7.50885	49	50	51	52	53	54	55	56	65	#
88	7.50885	50	51	52	53	54	55	56	57	65	#
89	7.37939	51	52	53	54	55	56	57	58	65	#
90	6.79372	52	53	54	55	56	57	58	59	65	#
91	6.79372	53	54	55	56	57	58	59	60	65	#
92	6.79372	54	55	56	57	58	59	60	61	65	#
93	6.79372	55	56	57	58	59	60	61	62	65	#
94	6.79372	56	57	58	59	60	61	62	63	65	#
95	19.5843	0	1	2	3	4	5	6	7	8	66	#
96	19.5843	1	2	3	4	5	6	7	8	9	66	#
97	19.5843	2	3	4	5	6	7	8	9	10	66	#
98	19.5843	3	4	5	6	7	8	9	10	11	66	#
99	19.5843	4	5	6	7	8	9	10	11	12	66	#
100	19.5843	5	6	7	8	9	10	11	12	13	66	#
101	19.5843	6	7	8	9	10	11	12	13	14	66	#
102	19.5843	7	8	9	10	11	12	13	14	15	66	#
103	19.5843	8	9	10	11	12	13	14	15	16	66	#
104	19.5843	9	10	11	12	13	14	15	16	17	66	#
105	19.5843	10	11	12	13	14	15	16	17	18	66	#
106	19.5843	11	12	13	14	15	16	17	18	19	66	#
107	19.5843	12	13	14	15	16	17	18	19	20	66	#
108	19.5843	13	14	15	16	17	18	19	20	21	66	#
109	19.5843	14	15	16	17	18	19	20	21	22	66	#
110	19.5843	15	16	17	18	19	20	21	22	23	66	#
111	19.5843	16	17	18	19	20	21	22	23	24	66	#
112	19.5843	17	18	19	20	21	22	23	24	25	66	#
113	19.5843	18	19	20	21	22	23	24	25	26	66	#
114	19.5843	19	20	21	22	23	24	25	26	27	66	#
115	19.5843	20	21	22	23	24	25	26	27	28	66	#
116	19.5843	21	22	23	24	25	26	27	28	29	66	#
117	19.5843	22	23	24	25	26	27	28	29	30	66	#
118	11.7506	23	24	25	26	27	28	29	30	31	66	#
119	11.7506	24	25	26	27	28	29	30	31	32	66	#
120	11.7506	25	26	27	28	29	30	31	32	33	66	#
121	11.7506	26	27	28	29	30	31	32	33	34	66	#
122	11.7506	27	28	29	30	31	32	33	34	35	66	#
123	11.7506	28	29	30	31	32	33	34	35	36	66	#
124	11.7506	29	30	31	32	33	34	35	36	37	66	#
125	11.7506	30	31	32	33	34	35	36	37	38	66	#
126	11.7506	31	32	33	34	35	36	37	38	39	66	#
127	11.7506	32	33	34	35	36	37	38	39	40	66	#
128	11.7506	33	34	35	36	37	38	39	40	41	66	#
129	11.7506	34	35	36	37	38	39	40	41	42	66	#
130	11.7506	35	36	37	38	39	40	41	42	43	66	#
131	11.7506	36	37	38	39	40	41	42	43	44	66	#
132	11.7506	37	38	39	40	41	42	43	44	45	66	#
133	11.7506	38	39	40	41	42	43	44	45	46	66	#
134	11.7506	39	40	41	42	43	44	45	46	47	66	#
135	11.7506	40	41	42	43	44	45	46	47	48	66	#
136	11.7506	41	42	43	44	45	46	47	48	49	66	#
137	11.7506	42	43	44	45	46	47	48	49	50	66	#
138	9.32584	43	44	45	46	47	48	49	50	51	66	#
139	9.32584	44	45	46	47	48	49	50	51	52	66	#
140	9.32584	45	46	47	48	49	50	51	52	53	66	#
141	9.32584	46	47	48	49	50	51	52	53	54	66	#
142	9.32584	47	48	49	50	51	52	53	54	55	66	#
143	9.32584	48	49	50	51	52	53	54	55	56	66	#
144	9.32584	49	50	51	52	53	54	55	56	57	66	#
145	9.32584	50	51	52	53	54	55	56	57	58	66	#
146	9.32584	51	52	53	54	55	56	57	58	59	66	#
147	9.32584	52	53	54	55	56	57	58	59	60	66	#
148	9.32584	53	54	55	56	57	58	59	60	61	66	#
149	9.32584	54	55	56	57	58	59	60	61	62	66	#
150	9.32584	55	56	57	58	59	60	61	62	63	66	#
151	10.7888	0	1	2	3	4	5	6	7	8	67	#
152	10.7888	1	2	3	4	5	6	7	8	9	67	#
153	10.7888	2	3	4	5	6	7	8	9	10	67	#
154	10.7888	3	4	5	6	7	8	9	10	11	67	#
155	0.805042	0	68	#
156	0.805042	1	68	#
157	0.805042	2	68	#
158	0.805042	3	68	#
159	0.805042	4	68	#
160	0.805042	5	68	#
161	0.805042	6	68	#
162	0.805042	7	68	#
163	0.805042	8	68	#
164	0.805042	9	68	#
165	0.805042	10	68	#
166	0.805042	11	68	#
167	0.805042	12	68	#
168	0.805042	13	68	#
169	0.805042	14	68	#
170	0.490025	15	68	#
171	0.490025	16	68	#
172	0.490025	17	68	#
173	0.490025	18	68	#
174	0.490025	19	68	#
175	0.490025	20	68	#
176	0.490025	21	68	#
177	0.490025	22	68	#
178	0.490025	23	68	#
179	0.212652	24	68	#
180	0.212652	25	68	#
181	0.212652	26	68	#
182	0.212652	27	68	#
183	0.212652	28	68	#
184	0.212652	29	68	#
185	0.212652	30	68	#
186	0.212652	31	68	#
187	0.212652	32	68	#
188	0.212652	33	68	#
189	0.212652	34	68	#
190	0.212652	35	68	#
191	0.212652	36	68	#
192	0.212652	37	68	#
193	0.212652	38	68	#
194	0.212652	39	68	#
195	0.212652	40	68	#
196	0.212652	41	68	#
197	0.212652	42	68	#
198	0.212652	43	68	#
199	0.212652	44	68	#
200	0.212652	45	68	#
201	0.212652	46	68	#
202	0.212652	47	68	#
203	0.212652	48	68	#
204	0.212652	49	68	#
205	0.212652	50	68	#
206	0.212652	51	68	#
207	0.212652	52	68	#
208	0.212652	53	68	#
209	0.197729	54	68	#
210	0.197729	55	68	#
211	0.197729	56	68	#
212	0.197729	57	68	#
213	4.68077	0	1	2	3	4	5	69	#
214	4.68077	1	2	3	4	5	6	69	#
215	4.68077	2	3	4	5	6	7	69	#
216	4.68077	3	4	5	6	7	8	69	#
217	4.68077	4	5	6	7	8	9	69	#
218	4.68077	5	6	7	8	9	10	69	#
219	4.68077	6	7	8	9	10	11	69	#
220	4.68077	7	8	9	10	11	12	69	#
221	4.68077	8	9	10	11	12	13	69	#
222	4.68077	9	10	11	12	13	14	69	#
223	4.68077	10	11	12	13	14	15	69	#
224	4.68077	11	12	13	14	15	16	69	#
225	4.68077	12	13	14	15	16	17	69	#
226	4.68077	13	14	15	16	17	18	69	#
227	4.68077	14	15	16	17	18	19	69	#
228	4.68077	15	16	17	18	19	20	69	#
229	4.68077	16	17	18	19	20	21	69	#
230	4.68077	17	18	19	20	21	22	69	#
231	4.68077	18	19	20	21	22	23	69	#
232	4.68077	19	20	21	22	23	24	69	#
233	4.68077	20	21	22	23	24	25	69	#
234	4.68077	21	22	23	24	25	26	69	#
235	4.68077	22	23	24	25	26	27	69	#
236	4.68077	23	24	25	26	27	28	69	#
237	4.68077	24	25	26	27	28	29	69	#
238	4.68077	25	26	27	28	29	30	69	#
239	4.68077	26	27	28	29	30	31	69	#
240	4.68077	27	28	29	30	31	32	69	#
241	4.68077	28	29	30	31	32	33	69	#
242	4.68077	29	30	31	32	33	34	69	#
243	4.68077	30	31	32	33	34	35	69	#
244	4.68077	31	32	33	34	35	36	69	#
245	4.68077	32	33	34	35	36	37	69	#
246	4.68077	33	34	35	36	37	38	69	#
247	4.68077	34	35	36	37	38	39	69	#
248	4.68077	35	36	37	38	39	40	69	#
249	4.68077	36	37	38	39	40	41	69	#
250	4.68077	37	38	39	40	41	42	69	#
251	4.68077	38	39	40	41	42	43	69	#
252	4.68077	39	40	41	42	43	44	69	#
253	4.68077	40	41	42	43	44	45	69	#
254	4.68077	41	42	43	44	45	46	69	#
255	4.68077	42	43	44	45	46	47	69	#
256	4.68077	43	44	45	46	47	48	69	#
257	4.68077	44	45	46	47	48	49	69	#
258	4.68077	45	46	47	48	49	50	69	#
259	4.68077	46	47	48	49	50	51	69	#
260	4.68077	47	48	49	50	51	52	69	#
261	4.68077	48	49	50	51	52	53	69	#
262	4.68077	49	50	51	52	53	54	69	#
263	4.68077	50	51	52	53	54	55	69	#
264	4.68077	51	52	53	54	55	56	69	#
265	4.68077	52	53	54	55	56	57	69	#
266	4.68077	53	54	55	56	57	58	69	#
267	4.68077	54	55	56	57	58	59	69	#
268	4.68077	55	56	57	58	59	60	69	#
269	4.68077	56	57	58	59	60	61	69	#
270	4.68077	57	58	59	60	61	62	69	#
271	5.79576	0	1	2	3	4	5	70	#
272	5.79576	1	2	3	4	5	6	70	#
273	5.79576	2	3	4	5	6	7	70	#
274	5.79576	3	4	5	6	7	8	70	#
275	5.79576	4	5	6	7	8	9	70	#
276	5.79576	5	6	7	8	9	10	70	#
277	5.79576	6	7	8	9	10	11	70	#
278	5.79576	7	8	9	10	11	12	70	#
279	5.79576	8	9	10	11	12	13	70	#
280	5.79576	9	10	11	12	13	14	70	#
281	5.79576	10	11	12	13	14	15	70	#
282	5.79576	11	12	13	14	15	16	70	#
283	5.79576	12	13	14	15	16	17	70	#
284	5.79576	13	14	15	16	17	18	70	#
285	5.79576	14	15	16	17	18	19	70	#
286	5.79576	15	16	17	18	19	20	70	#
287	5.79576	16	17	18	19	20	21	70	#
288	5.79576	17	18	19	20	21	22	70	#
289	5.79576	18	19	20	21	22	23	70	#
290	5.79576	19	20	21	22	23	24	70	#
291	5.79576	20	21	22	23	24	25	70	#
292	5.79576	21	22	23	24	25	26	70	#
293	5.79576	22	23	24	25	26	27	70	#
294	5.79576	23	24	25	26	27	28	70	#
295	5.79576	24	25	26	27	28	29	70	#
296	5.79576	25	26	27	28	29	30	70	#
297	5.79576	26	27	28	29	30	31	70	#
298	5.79576	27	28	29	30	31	32	70	#
299	5.79576	28	29	30	31	32	33	70	#
300	5.79576	29	30	31	32	33	34	70	#
301	5.79576	30	31	32	33	34	35	70	#
302	5.79576	31	32	33	34	35	36	70	#
303	5.79576	32	33	34	35	36	37	70	#
304	5.79576	33	34	35	36	37	38	70	#
305	5.79576	34	35	36	37	38	39	70	#
306	5.79576	35	36	37	38	39	40	70	#
307	5.79576	36	37	38	39	40	41	70	#
308	5.79576	37	38	39	40	41	42	70	#
309	3.99052	38	39	40	41	42	43	70	#
310	3.99052	39	40	41	42	43	44	70	#
311	3.99052	40	41	42	43	44	45	70	#
312	3.99052	41	42	43	44	45	46	70	#
313	3.99052	42	43	44	45	46	47	70	#
314	3.99052	43	44	45	46	47	48	70	#
315	3.99052	44	45	46	47	48	49	70	#
316	3.99052	45	46	47	48	49	50	70	#
317	3.99052	46	47	48	49	50	51	70	#
318	3.99052	47	48	49	50	51	52	70	#
319	3.99052	48	49	50	51	52	53	70	#
320	3.99052	49	50	51	52	53	54	70	#
321	3.99052	50	51	52	53	54	55	70	#
322	3.99052	51	52	53	54	55	56	70	#
323	3.99052	52	53	54	55	56	57	70	#
324	3.99052	53	54	55	56	57	58	70	#
325	3.99052	54	55	56	57	58	59	70	#
326	3.99052	55	56	57	58	59	60	70	#
327	3.99052	56	57	58	59	60	61	70	#
328	3.92616	57	58	59	60	61	62	70	#
329	3.86384	58	59	60	61	62	63	70	#
330	6.08531	0	1	2	3	71	#
331	0.730237	1	2	3	4	71	#
332	0.730237	2	3	4	5	71	#
333	0.730237	3	4	5	6	71	#
334	0.730237	4	5	6	7	71	#
335	0.730237	5	6	7	8	71	#
336	0.730237	6	7	8	9	71	#
337	0.730237	7	8	9	10	71	#
338	0.730237	8	9	10	11	71	#
339	0.730237	9	10	11	12	71	#
340	0.730237	10	11	12	13	71	#
341	0.730237	11	12	13	14	71	#
342	0.730237	12	13	14	15	71	#
343	0.730237	13	14	15	16	71	#
344	0.730237	14	15	16	17	71	#
345	0.730237	15	16	17	18	71	#
346	0.730237	16	17	18	19	71	#
347	0.730237	17	18	19	20	71	#
348	0.730237	18	19	20	21	71	#
349	0.730237	19	20	21	22	71	#
350	0.730237	20	21	22	23	71	#
351	0.730237	21	22	23	24	71	#
352	0.730237	22	23	24	25	71	#
353	0.570498	23	24	25	26	71	#
354	0.570498	24	25	26	27	71	#
355	0.570498	25	26	27	28	71	#
356	0.570498	26	27	28	29	71	#
357	0.570498	27	28	29	30	71	#
358	0.570498	28	29	30	31	71	#
359	0.570498	29	30	31	32	71	#
360	0.344451	30	31	32	33	71	#
361	0.344451	31	32	33	34	71	#
362	0.344451	32	33	34	35	71	#
363	0.344451	33	34	35	36	71	#
364	0.344451	34	35	36	37	71	#
365	0.344451	35	36	37	38	71	#
366	0.344451	36	37	38	39	71	#
367	0.344451	37	38	39	40	71	#
368	0.344451	38	39	40	41	71	#
369	0.344451	39	40	41	42	71	#
370	0.344451	40	41	42	43	71	#
371	0.344451	41	42	43	44	71	#
372	0.344451	42	43	44	45	71	#
373	0.344451	43	44	45	46	71	#
374	0.344451	44	45	46	47	71	#
375	0.344451	45	46	47	48	71	#
376	0.344451	46	47	48	49	71	#
377	0.344451	47	48	49	50	71	#
378	0.344451	48	49	50	51	71	#
379	0.344451	49	50	51	52	71	#
380	0.344451	50	51	52	53	71	#
381	0.299277	51	52	53	54	71	#
382	0.299277	52	53	54	55	71	#
383	0.299277	53	54	55	56	71	#
384	0.299277	54	55	56	57	71	#
385	0.299277	55	56	57	58	71	#
386	0.299277	56	57	58	59	71	#
387	0.299277	57	58	59	60	71	#
388	0.299277	58	59	60	61	71	#
389	0.289777	59	60	61	62	71	#
390	0.289777	60	61	62	63	71	#
391	10.4879	0	1	2	3	4	5	6	72	#
392	10.4879	1	2	3	4	5	6	7	72	#
393	10.4879	2	3	4	5	6	7	8	72	#
394	10.4879	3	4	5	6	7	8	9	72	#
395	10.4879	4	5	6	7	8	9	10	72	#
396	10.4879	5	6	7	8	9	10	11	72	#
397	10.4879	6	7	8	9	10	11	12	72	#
398	10.4879	7	8	9	10	11	12	13	72	#
399	10.4879	8	9	10	11	12	13	14	72	#
400	10.4879	9	10	11	12	13	14	15	72	#
401	10.4879	10	11	12	13	14	15	16	72	#
402	10.4879	11	12	13	14	15	16	17	72	#
403	10.4879	12	13	14	15	16	17	18	72	#
404	10.4879	13	14	15	16	17	18	19	72	#
405	10.4879	14	15	16	17	18	19	20	72	#
406	10.4879	15	16	17	18	19	20	21	72	#
407	10.4879	16	17	18	19	20	21	22	72	#
408	10.4879	17	18	19	20	21	22	23	72	#
409	10.4879	18	19	20	21	22	23	24	72	#
410	10.4879	19	20	21	22	23	24	25	72	#
411	10.4879	20	21	22	23	24	25	26	72	#
412	10.4879	21	22	23	24	25	26	27	72	#
413	10.4879	22	23	24	25	26	27	28	72	#
414	10.4879	23	24	25	26	27	28	29	72	#
415	10.4879	24	25	26	27	28	29	30	72	#
416	10.4879	25	26	27	28	29	30	31	72	#
417	10.4879	26	27	28	29	30	31	32	72	#
418	10.4879	27	28	29	30	31	32	33	72	#
419	10.4879	28	29	30	31	32	33	34	72	#
420	10.4879	29	30	31	32	33	34	35	72	#
421	10.4879	30	31	32	33	34	35	36	72	#
422	10.4879	31	32	33	34	35	36	37	72	#
423	10.4879	32	33	34	35	36	37	38	72	#
424	10.4879	33	34	35	36	37	38	39	72	#
425	10.4879	34	35	36	37	38	39	40	72	#
426	10.4879	35	36	37	38	39	40	41	72	#
427	10.4879	36	37	38	39	40	41	42	72	#
428	10.4879	37	38	39	40	41	42	43	72	#
429	10.4879	38	39	40	41	42	43	44	72	#
430	10.4879	39	40	41	42	43	44	45	72	#
431	10.4879	40	41	42	43	44	45	46	72	#
432	10.4879	41	42	43	44	45	46	47	72	#
433	10.4879	42	43	44	45	46	47	48	72	#
434	10.4879	43	44	45	46	47	48	49	72	#
435	10.4879	44	45	46	47	48	49	50	72	#
436	8.45801	45	46	47	48	49	50	51	72	#
437	8.45801	46	47	48	49	50	51	52	72	#
438	8.45801	47	48	49	50	51	52	53	72	#
439	8.45801	48	49	50	51	52	53	54	72	#
440	8.45801	49	50	51	52	53	54	55	72	#
441	8.45801	50	51	52	53	54	55	56	72	#
442	8.45801	51	52	53	54	55	56	57	72	#
443	8.45801	52	53	54	55	56	57	58	72	#
444	8.45801	53	54	55	56	57	58	59	72	#
445	8.45801	54	55	56	57	58	59	60	72	#
446	8.45801	55	56	57	58	59	60	61	72	#
447	8.45801	56	57	58	59	60	61	62	72	#
448	8.32375	57	58	59	60	61	62	63	72	#
449	2.13252	0	1	2	73	#
450	2.13252	1	2	3	73	#
451	2.13252	2	3	4	73	#
452	2.13252	3	4	5	73	#
453	2.13252	4	5	6	73	#
454	2.13252	5	6	7	73	#
455	2.13252	6	7	8	73	#
456	2.13252	7	8	9	73	#
457	2.13252	8	9	10	73	#
458	2.13252	9	10	11	73	#
459	2.13252	10	11	12	73	#
460	2.13252	11	12	13	73	#
461	2.13252	12	13	14	73	#
462	2.13252	13	14	15	73	#
463	2.13252	14	15	16	73	#
464	2.13252	15	16	17	73	#
465	2.13252	16	17	18	73	#
466	2.13252	17	18	19	73	#
467	2.13252	18	19	20	73	#
468	2.13252	19	20	21	73	#
469	2.13252	20	21	22	73	#
470	2.13252	21	22	23	73	#
471	2.13252	22	23	24	73	#
472	2.13252	23	24	25	73	#
473	2.13252	24	25	26	73	#
474	2.13252	25	26	27	73	#
475	2.13252	26	27	28	73	#
476	1.24397	27	28	29	73	#
477	1.24397	28	29	30	73	#
478	1.24397	29	30	31	73	#
479	1.24397	30	31	32	73	#
480	1.24397	31	32	33	73	#
481	1.24397	32	33	34	73	#
482	1.24397	33	34	35	73	#
483	1.24397	34	35	36	73	#
484	1.24397	35	36	37	73	#
485	1.24397	36	37	38	73	#
486	1.24397	37	38	39	73	#
487	1.24397	38	39	40	73	#
488	1.24397	39	40	41	73	#
489	1.24397	40	41	42	73	#
490	1.24397	41	42	43	73	#
491	1.24397	42	43	44	73	#
492	1.24397	43	44	45	73	#
493	1.24397	44	45	46	73	#
494	1.24397	45	46	47	73	#
495	1.24397	46	47	48	73	#
496	1.04755	47	48	49	73	#
497	1.04755	48	49	50	73	#
498	1.04755	49	50	51	73	#
499	1.04755	50	51	52	73	#
500	1.04755	51	52	53	73	#
501	1.04755	52	53	54	73	#
502	1.04755	53	54	55	73	#
503	1.04755	54	55	56	73	#
504	1.04755	55	56	57	73	#
