%% File generated by CATS v.2.1Thu May  9 13:09:09 2024

%% The CATS webpage is http://robotics.stanford.edu/CATS

%% PARAMETER SETTINGS:
% Goods: 64; Bids: 500; Distribution: scheduling; Runs: 1; Seed: 97
% Scheduling Distribution Parameters:
% max_length                = 10
% deviation                 = 0.500000
% prob_additional_deadline  = 0.700000
% additivity                = 0.200000



goods 64
bids 528
dummy 12

0	12.6609	0	1	2	3	4	5	6	64	#
1	12.6609	1	2	3	4	5	6	7	64	#
2	12.6609	2	3	4	5	6	7	8	64	#
3	12.6609	3	4	5	6	7	8	9	64	#
4	12.6609	4	5	6	7	8	9	10	64	#
5	12.6609	5	6	7	8	9	10	11	64	#
6	8.19232	6	7	8	9	10	11	12	64	#
7	8.19232	7	8	9	10	11	12	13	64	#
8	8.19232	8	9	10	11	12	13	14	64	#
9	8.19232	9	10	11	12	13	14	15	64	#
10	8.19232	10	11	12	13	14	15	16	64	#
11	8.19232	11	12	13	14	15	16	17	64	#
12	12.8737	0	1	2	3	4	5	65	#
13	12.8737	1	2	3	4	5	6	65	#
14	12.8737	2	3	4	5	6	7	65	#
15	12.8737	3	4	5	6	7	8	65	#
16	12.8737	4	5	6	7	8	9	65	#
17	12.8737	5	6	7	8	9	10	65	#
18	12.8737	6	7	8	9	10	11	65	#
19	12.8737	7	8	9	10	11	12	65	#
20	12.8737	8	9	10	11	12	13	65	#
21	12.8737	9	10	11	12	13	14	65	#
22	12.8737	10	11	12	13	14	15	65	#
23	12.8737	11	12	13	14	15	16	65	#
24	7.10272	12	13	14	15	16	17	65	#
25	7.10272	13	14	15	16	17	18	65	#
26	7.10272	14	15	16	17	18	19	65	#
27	7.10272	15	16	17	18	19	20	65	#
28	7.10272	16	17	18	19	20	21	65	#
29	7.10272	17	18	19	20	21	22	65	#
30	7.10272	18	19	20	21	22	23	65	#
31	7.10272	19	20	21	22	23	24	65	#
32	7.10272	20	21	22	23	24	25	65	#
33	7.10272	21	22	23	24	25	26	65	#
34	7.10272	22	23	24	25	26	27	65	#
35	7.10272	23	24	25	26	27	28	65	#
36	7.10272	24	25	26	27	28	29	65	#
37	6.05821	25	26	27	28	29	30	65	#
38	6.05821	26	27	28	29	30	31	65	#
39	6.05821	27	28	29	30	31	32	65	#
40	6.05821	28	29	30	31	32	33	65	#
41	6.05821	29	30	31	32	33	34	65	#
42	5.14947	30	31	32	33	34	35	65	#
43	5.14947	31	32	33	34	35	36	65	#
44	5.14947	32	33	34	35	36	37	65	#
45	5.14947	33	34	35	36	37	38	65	#
46	5.14947	34	35	36	37	38	39	65	#
47	5.14947	35	36	37	38	39	40	65	#
48	9.27686	0	1	2	3	4	5	66	#
49	9.27686	1	2	3	4	5	6	66	#
50	9.27686	2	3	4	5	6	7	66	#
51	9.27686	3	4	5	6	7	8	66	#
52	1.6867	4	5	6	7	8	9	66	#
53	1.6867	5	6	7	8	9	10	66	#
54	1.6867	6	7	8	9	10	11	66	#
55	1.6867	7	8	9	10	11	12	66	#
56	1.6867	8	9	10	11	12	13	66	#
57	1.6867	9	10	11	12	13	14	66	#
58	1.6867	10	11	12	13	14	15	66	#
59	1.6867	11	12	13	14	15	16	66	#
60	1.6867	12	13	14	15	16	17	66	#
61	1.6867	13	14	15	16	17	18	66	#
62	1.6867	14	15	16	17	18	19	66	#
63	1.6867	15	16	17	18	19	20	66	#
64	1.6867	16	17	18	19	20	21	66	#
65	1.6867	17	18	19	20	21	22	66	#
66	1.6867	18	19	20	21	22	23	66	#
67	1.6867	19	20	21	22	23	24	66	#
68	1.6867	20	21	22	23	24	25	66	#
69	1.6867	21	22	23	24	25	26	66	#
70	1.6867	22	23	24	25	26	27	66	#
71	1.6867	23	24	25	26	27	28	66	#
72	1.6867	24	25	26	27	28	29	66	#
73	1.6867	25	26	27	28	29	30	66	#
74	1.6867	26	27	28	29	30	31	66	#
75	1.6867	27	28	29	30	31	32	66	#
76	1.6867	28	29	30	31	32	33	66	#
77	1.6867	29	30	31	32	33	34	66	#
78	1.6867	30	31	32	33	34	35	66	#
79	1.6867	31	32	33	34	35	36	66	#
80	1.6867	32	33	34	35	36	37	66	#
81	1.6867	33	34	35	36	37	38	66	#
82	1.6867	34	35	36	37	38	39	66	#
83	1.6867	35	36	37	38	39	40	66	#
84	1.6867	36	37	38	39	40	41	66	#
85	1.6867	37	38	39	40	41	42	66	#
86	1.6867	38	39	40	41	42	43	66	#
87	1.6867	39	40	41	42	43	44	66	#
88	5.37948	0	1	2	67	#
89	5.37948	1	2	3	67	#
90	5.37948	2	3	4	67	#
91	5.37948	3	4	5	67	#
92	5.37948	4	5	6	67	#
93	5.37948	5	6	7	67	#
94	5.37948	6	7	8	67	#
95	5.37948	7	8	9	67	#
96	5.37948	8	9	10	67	#
97	5.37948	9	10	11	67	#
98	5.37948	10	11	12	67	#
99	5.37948	11	12	13	67	#
100	5.37948	12	13	14	67	#
101	5.37948	13	14	15	67	#
102	5.37948	14	15	16	67	#
103	5.37948	15	16	17	67	#
104	5.37948	16	17	18	67	#
105	5.37948	17	18	19	67	#
106	5.37948	18	19	20	67	#
107	5.37948	19	20	21	67	#
108	5.37948	20	21	22	67	#
109	5.37948	21	22	23	67	#
110	5.37948	22	23	24	67	#
111	5.37948	23	24	25	67	#
112	5.37948	24	25	26	67	#
113	5.37948	25	26	27	67	#
114	5.37948	26	27	28	67	#
115	5.37948	27	28	29	67	#
116	5.37948	28	29	30	67	#
117	5.37948	29	30	31	67	#
118	5.37948	30	31	32	67	#
119	5.37948	31	32	33	67	#
120	5.37948	32	33	34	67	#
121	5.37948	33	34	35	67	#
122	5.37948	34	35	36	67	#
123	5.37948	35	36	37	67	#
124	5.37948	36	37	38	67	#
125	5.37948	37	38	39	67	#
126	5.37948	38	39	40	67	#
127	5.37948	39	40	41	67	#
128	5.37948	40	41	42	67	#
129	5.37948	41	42	43	67	#
130	5.37948	42	43	44	67	#
131	5.37948	43	44	45	67	#
132	5.37948	44	45	46	67	#
133	5.37948	45	46	47	67	#
134	5.37948	46	47	48	67	#
135	5.37948	47	48	49	67	#
136	5.37948	48	49	50	67	#
137	5.37948	49	50	51	67	#
138	5.37948	50	51	52	67	#
139	5.37948	51	52	53	67	#
140	5.37948	52	53	54	67	#
141	5.37948	53	54	55	67	#
142	5.37948	54	55	56	67	#
143	5.37948	55	56	57	67	#
144	5.37948	56	57	58	67	#
145	5.37948	57	58	59	67	#
146	5.37948	58	59	60	67	#
147	5.37948	59	60	61	67	#
148	5.37948	60	61	62	67	#
149	5.37948	61	62	63	67	#
150	19.0399	0	1	2	3	4	5	6	7	8	9	68	#
151	19.0399	1	2	3	4	5	6	7	8	9	10	68	#
152	19.0399	2	3	4	5	6	7	8	9	10	11	68	#
153	19.0399	3	4	5	6	7	8	9	10	11	12	68	#
154	19.0399	4	5	6	7	8	9	10	11	12	13	68	#
155	19.0399	5	6	7	8	9	10	11	12	13	14	68	#
156	19.0399	6	7	8	9	10	11	12	13	14	15	68	#
157	19.0399	7	8	9	10	11	12	13	14	15	16	68	#
158	19.0399	8	9	10	11	12	13	14	15	16	17	68	#
159	19.0399	9	10	11	12	13	14	15	16	17	18	68	#
160	19.0399	10	11	12	13	14	15	16	17	18	19	68	#
161	19.0399	11	12	13	14	15	16	17	18	19	20	68	#
162	19.0399	12	13	14	15	16	17	18	19	20	21	68	#
163	19.0399	13	14	15	16	17	18	19	20	21	22	68	#
164	19.0399	14	15	16	17	18	19	20	21	22	23	68	#
165	19.0399	15	16	17	18	19	20	21	22	23	24	68	#
166	19.0399	16	17	18	19	20	21	22	23	24	25	68	#
167	19.0399	17	18	19	20	21	22	23	24	25	26	68	#
168	19.0399	18	19	20	21	22	23	24	25	26	27	68	#
169	19.0399	19	20	21	22	23	24	25	26	27	28	68	#
170	19.0399	20	21	22	23	24	25	26	27	28	29	68	#
171	19.0399	21	22	23	24	25	26	27	28	29	30	68	#
172	19.0399	22	23	24	25	26	27	28	29	30	31	68	#
173	19.0399	23	24	25	26	27	28	29	30	31	32	68	#
174	19.0399	24	25	26	27	28	29	30	31	32	33	68	#
175	19.0399	25	26	27	28	29	30	31	32	33	34	68	#
176	19.0399	26	27	28	29	30	31	32	33	34	35	68	#
177	19.0399	27	28	29	30	31	32	33	34	35	36	68	#
178	19.0399	28	29	30	31	32	33	34	35	36	37	68	#
179	19.0399	29	30	31	32	33	34	35	36	37	38	68	#
180	19.0399	30	31	32	33	34	35	36	37	38	39	68	#
181	19.0399	31	32	33	34	35	36	37	38	39	40	68	#
182	19.0399	32	33	34	35	36	37	38	39	40	41	68	#
183	19.0399	33	34	35	36	37	38	39	40	41	42	68	#
184	19.0399	34	35	36	37	38	39	40	41	42	43	68	#
185	19.0399	35	36	37	38	39	40	41	42	43	44	68	#
186	19.0399	36	37	38	39	40	41	42	43	44	45	68	#
187	19.0399	37	38	39	40	41	42	43	44	45	46	68	#
188	19.0399	38	39	40	41	42	43	44	45	46	47	68	#
189	19.0399	39	40	41	42	43	44	45	46	47	48	68	#
190	19.0399	40	41	42	43	44	45	46	47	48	49	68	#
191	19.0399	41	42	43	44	45	46	47	48	49	50	68	#
192	19.0399	42	43	44	45	46	47	48	49	50	51	68	#
193	19.0399	43	44	45	46	47	48	49	50	51	52	68	#
194	19.0399	44	45	46	47	48	49	50	51	52	53	68	#
195	19.0399	45	46	47	48	49	50	51	52	53	54	68	#
196	19.0399	46	47	48	49	50	51	52	53	54	55	68	#
197	19.0399	47	48	49	50	51	52	53	54	55	56	68	#
198	19.0399	48	49	50	51	52	53	54	55	56	57	68	#
199	19.0399	49	50	51	52	53	54	55	56	57	58	68	#
200	19.0399	50	51	52	53	54	55	56	57	58	59	68	#
201	17.831	51	52	53	54	55	56	57	58	59	60	68	#
202	17.831	52	53	54	55	56	57	58	59	60	61	68	#
203	17.831	53	54	55	56	57	58	59	60	61	62	68	#
204	17.831	54	55	56	57	58	59	60	61	62	63	68	#
205	5.04435	0	1	2	3	69	#
206	5.04435	1	2	3	4	69	#
207	5.04435	2	3	4	5	69	#
208	5.04435	3	4	5	6	69	#
209	5.04435	4	5	6	7	69	#
210	5.04435	5	6	7	8	69	#
211	5.04435	6	7	8	9	69	#
212	5.04435	7	8	9	10	69	#
213	5.04435	8	9	10	11	69	#
214	5.04435	9	10	11	12	69	#
215	5.04435	10	11	12	13	69	#
216	5.04435	11	12	13	14	69	#
217	5.04435	12	13	14	15	69	#
218	5.04435	13	14	15	16	69	#
219	5.04435	14	15	16	17	69	#
220	5.04435	15	16	17	18	69	#
221	5.04435	16	17	18	19	69	#
222	5.04435	17	18	19	20	69	#
223	5.04435	18	19	20	21	69	#
224	5.04435	19	20	21	22	69	#
225	5.04435	20	21	22	23	69	#
226	5.04435	21	22	23	24	69	#
227	5.04435	22	23	24	25	69	#
228	5.04435	23	24	25	26	69	#
229	5.04435	24	25	26	27	69	#
230	5.04435	25	26	27	28	69	#
231	2.61559	26	27	28	29	69	#
232	2.61559	27	28	29	30	69	#
233	2.61559	28	29	30	31	69	#
234	2.61559	29	30	31	32	69	#
235	2.61559	30	31	32	33	69	#
236	2.61559	31	32	33	34	69	#
237	2.61559	32	33	34	35	69	#
238	2.61559	33	34	35	36	69	#
239	2.61559	34	35	36	37	69	#
240	2.61559	35	36	37	38	69	#
241	2.61559	36	37	38	39	69	#
242	2.61559	37	38	39	40	69	#
243	2.61559	38	39	40	41	69	#
244	2.61559	39	40	41	42	69	#
245	2.61559	40	41	42	43	69	#
246	2.61559	41	42	43	44	69	#
247	2.61559	42	43	44	45	69	#
248	2.61559	43	44	45	46	69	#
249	2.61559	44	45	46	47	69	#
250	2.61559	45	46	47	48	69	#
251	2.61559	46	47	48	49	69	#
252	2.61559	47	48	49	50	69	#
253	2.61559	48	49	50	51	69	#
254	2.61559	49	50	51	52	69	#
255	2.61559	50	51	52	53	69	#
256	2.61559	51	52	53	54	69	#
257	4.6586	0	1	2	3	4	70	#
258	4.6586	1	2	3	4	5	70	#
259	4.6586	2	3	4	5	6	70	#
260	4.6586	3	4	5	6	7	70	#
261	4.6586	4	5	6	7	8	70	#
262	4.6586	5	6	7	8	9	70	#
263	4.6586	6	7	8	9	10	70	#
264	4.6586	7	8	9	10	11	70	#
265	4.6586	8	9	10	11	12	70	#
266	4.6586	9	10	11	12	13	70	#
267	4.6586	10	11	12	13	14	70	#
268	4.6586	11	12	13	14	15	70	#
269	4.6586	12	13	14	15	16	70	#
270	4.6586	13	14	15	16	17	70	#
271	4.6586	14	15	16	17	18	70	#
272	4.6586	15	16	17	18	19	70	#
273	4.6586	16	17	18	19	20	70	#
274	4.6586	17	18	19	20	21	70	#
275	4.6586	18	19	20	21	22	70	#
276	4.6586	19	20	21	22	23	70	#
277	4.6586	20	21	22	23	24	70	#
278	4.6586	21	22	23	24	25	70	#
279	4.6586	22	23	24	25	26	70	#
280	4.6586	23	24	25	26	27	70	#
281	4.6586	24	25	26	27	28	70	#
282	16.5735	0	1	2	3	4	5	6	7	71	#
283	16.5735	1	2	3	4	5	6	7	8	71	#
284	16.5735	2	3	4	5	6	7	8	9	71	#
285	16.5735	3	4	5	6	7	8	9	10	71	#
286	16.5735	4	5	6	7	8	9	10	11	71	#
287	16.5735	5	6	7	8	9	10	11	12	71	#
288	16.5735	6	7	8	9	10	11	12	13	71	#
289	16.5735	7	8	9	10	11	12	13	14	71	#
290	16.5735	8	9	10	11	12	13	14	15	71	#
291	16.5735	9	10	11	12	13	14	15	16	71	#
292	16.5735	10	11	12	13	14	15	16	17	71	#
293	16.5735	11	12	13	14	15	16	17	18	71	#
294	16.5735	12	13	14	15	16	17	18	19	71	#
295	16.5735	13	14	15	16	17	18	19	20	71	#
296	16.5735	14	15	16	17	18	19	20	21	71	#
297	16.5735	15	16	17	18	19	20	21	22	71	#
298	16.5735	16	17	18	19	20	21	22	23	71	#
299	16.5735	17	18	19	20	21	22	23	24	71	#
300	16.5735	18	19	20	21	22	23	24	25	71	#
301	16.5735	19	20	21	22	23	24	25	26	71	#
302	16.5735	20	21	22	23	24	25	26	27	71	#
303	16.5735	21	22	23	24	25	26	27	28	71	#
304	16.5735	22	23	24	25	26	27	28	29	71	#
305	16.5735	23	24	25	26	27	28	29	30	71	#
306	16.5735	24	25	26	27	28	29	30	31	71	#
307	15.569	25	26	27	28	29	30	31	32	71	#
308	15.569	26	27	28	29	30	31	32	33	71	#
309	13.8859	27	28	29	30	31	32	33	34	71	#
310	13.8859	28	29	30	31	32	33	34	35	71	#
311	13.8859	29	30	31	32	33	34	35	36	71	#
312	13.8859	30	31	32	33	34	35	36	37	71	#
313	10.9314	31	32	33	34	35	36	37	38	71	#
314	10.9314	32	33	34	35	36	37	38	39	71	#
315	10.9314	33	34	35	36	37	38	39	40	71	#
316	10.9314	34	35	36	37	38	39	40	41	71	#
317	10.9314	35	36	37	38	39	40	41	42	71	#
318	10.9314	36	37	38	39	40	41	42	43	71	#
319	10.9314	37	38	39	40	41	42	43	44	71	#
320	10.9314	38	39	40	41	42	43	44	45	71	#
321	10.9314	39	40	41	42	43	44	45	46	71	#
322	10.9314	40	41	42	43	44	45	46	47	71	#
323	8.72808	0	1	2	3	4	72	#
324	8.72808	1	2	3	4	5	72	#
325	8.72808	2	3	4	5	6	72	#
326	8.72808	3	4	5	6	7	72	#
327	8.72808	4	5	6	7	8	72	#
328	8.72808	5	6	7	8	9	72	#
329	8.72808	6	7	8	9	10	72	#
330	8.72808	7	8	9	10	11	72	#
331	8.72808	8	9	10	11	12	72	#
332	8.72808	9	10	11	12	13	72	#
333	8.72808	10	11	12	13	14	72	#
334	8.72808	11	12	13	14	15	72	#
335	8.72808	12	13	14	15	16	72	#
336	8.72808	13	14	15	16	17	72	#
337	8.72808	14	15	16	17	18	72	#
338	8.72808	15	16	17	18	19	72	#
339	8.72808	16	17	18	19	20	72	#
340	8.72808	17	18	19	20	21	72	#
341	8.72808	18	19	20	21	22	72	#
342	8.72808	19	20	21	22	23	72	#
343	8.72808	20	21	22	23	24	72	#
344	8.72808	21	22	23	24	25	72	#
345	8.72808	22	23	24	25	26	72	#
346	8.72808	23	24	25	26	27	72	#
347	8.72808	24	25	26	27	28	72	#
348	8.72808	25	26	27	28	29	72	#
349	8.72808	26	27	28	29	30	72	#
350	8.72808	27	28	29	30	31	72	#
351	8.72808	28	29	30	31	32	72	#
352	8.72808	29	30	31	32	33	72	#
353	8.72808	30	31	32	33	34	72	#
354	8.72808	31	32	33	34	35	72	#
355	8.72808	32	33	34	35	36	72	#
356	8.72808	33	34	35	36	37	72	#
357	8.72808	34	35	36	37	38	72	#
358	8.72808	35	36	37	38	39	72	#
359	8.72808	36	37	38	39	40	72	#
360	8.72808	37	38	39	40	41	72	#
361	8.72808	38	39	40	41	42	72	#
362	8.72808	39	40	41	42	43	72	#
363	8.72808	40	41	42	43	44	72	#
364	8.72808	41	42	43	44	45	72	#
365	8.72808	42	43	44	45	46	72	#
366	8.72808	43	44	45	46	47	72	#
367	8.72808	44	45	46	47	48	72	#
368	8.72808	45	46	47	48	49	72	#
369	8.72808	46	47	48	49	50	72	#
370	8.72808	47	48	49	50	51	72	#
371	8.72808	48	49	50	51	52	72	#
372	8.72808	49	50	51	52	53	72	#
373	8.72808	50	51	52	53	54	72	#
374	8.72808	51	52	53	54	55	72	#
375	8.72808	52	53	54	55	56	72	#
376	8.72808	53	54	55	56	57	72	#
377	8.72808	54	55	56	57	58	72	#
378	8.72808	55	56	57	58	59	72	#
379	8.72808	56	57	58	59	60	72	#
380	8.72808	57	58	59	60	61	72	#
381	4.79274	0	1	2	3	4	73	#
382	4.79274	1	2	3	4	5	73	#
383	4.79274	2	3	4	5	6	73	#
384	4.79274	3	4	5	6	7	73	#
385	4.79274	4	5	6	7	8	73	#
386	4.79274	5	6	7	8	9	73	#
387	4.79274	6	7	8	9	10	73	#
388	4.79274	7	8	9	10	11	73	#
389	4.79274	8	9	10	11	12	73	#
390	4.79274	9	10	11	12	13	73	#
391	4.79274	10	11	12	13	14	73	#
392	4.79274	11	12	13	14	15	73	#
393	4.79274	12	13	14	15	16	73	#
394	4.79274	13	14	15	16	17	73	#
395	4.79274	14	15	16	17	18	73	#
396	4.79274	15	16	17	18	19	73	#
397	4.79274	16	17	18	19	20	73	#
398	4.79274	17	18	19	20	21	73	#
399	4.79274	18	19	20	21	22	73	#
400	4.79274	19	20	21	22	23	73	#
401	4.79274	20	21	22	23	24	73	#
402	4.79274	21	22	23	24	25	73	#
403	4.79274	22	23	24	25	26	73	#
404	4.79274	23	24	25	26	27	73	#
405	4.79274	24	25	26	27	28	73	#
406	4.79274	25	26	27	28	29	73	#
407	4.79274	26	27	28	29	30	73	#
408	4.79274	27	28	29	30	31	73	#
409	4.79274	28	29	30	31	32	73	#
410	4.79274	29	30	31	32	33	73	#
411	4.79274	30	31	32	33	34	73	#
412	4.79274	31	32	33	34	35	73	#
413	4.79274	32	33	34	35	36	73	#
414	4.79274	33	34	35	36	37	73	#
415	4.79274	34	35	36	37	38	73	#
416	4.79274	35	36	37	38	39	73	#
417	4.79274	36	37	38	39	40	73	#
418	4.79274	37	38	39	40	41	73	#
419	4.79274	38	39	40	41	42	73	#
420	4.79274	39	40	41	42	43	73	#
421	4.79274	40	41	42	43	44	73	#
422	4.79274	41	42	43	44	45	73	#
423	4.79274	42	43	44	45	46	73	#
424	4.79274	43	44	45	46	47	73	#
425	4.79274	44	45	46	47	48	73	#
426	4.79274	45	46	47	48	49	73	#
427	4.79274	46	47	48	49	50	73	#
428	4.79274	47	48	49	50	51	73	#
429	4.79274	48	49	50	51	52	73	#
430	4.79274	49	50	51	52	53	73	#
431	4.79274	50	51	52	53	54	73	#
432	4.79274	51	52	53	54	55	73	#
433	4.79274	52	53	54	55	56	73	#
434	4.79274	53	54	55	56	57	73	#
435	4.79274	54	55	56	57	58	73	#
436	4.79274	55	56	57	58	59	73	#
437	4.79274	56	57	58	59	60	73	#
438	8.54804	0	1	2	3	4	5	6	74	#
439	8.54804	1	2	3	4	5	6	7	74	#
440	8.54804	2	3	4	5	6	7	8	74	#
441	8.54804	3	4	5	6	7	8	9	74	#
442	8.54804	4	5	6	7	8	9	10	74	#
443	8.54804	5	6	7	8	9	10	11	74	#
444	8.54804	6	7	8	9	10	11	12	74	#
445	8.54804	7	8	9	10	11	12	13	74	#
446	8.54804	8	9	10	11	12	13	14	74	#
447	8.54804	9	10	11	12	13	14	15	74	#
448	8.54804	10	11	12	13	14	15	16	74	#
449	8.54804	11	12	13	14	15	16	17	74	#
450	8.54804	12	13	14	15	16	17	18	74	#
451	8.54804	13	14	15	16	17	18	19	74	#
452	8.54804	14	15	16	17	18	19	20	74	#
453	8.54804	15	16	17	18	19	20	21	74	#
454	8.54804	16	17	18	19	20	21	22	74	#
455	8.54804	17	18	19	20	21	22	23	74	#
456	8.54804	18	19	20	21	22	23	24	74	#
457	8.54804	19	20	21	22	23	24	25	74	#
458	8.54804	20	21	22	23	24	25	26	74	#
459	8.54804	21	22	23	24	25	26	27	74	#
460	8.54804	22	23	24	25	26	27	28	74	#
461	8.54804	23	24	25	26	27	28	29	74	#
462	8.54804	24	25	26	27	28	29	30	74	#
463	8.54804	25	26	27	28	29	30	31	74	#
464	8.54804	26	27	28	29	30	31	32	74	#
465	8.28901	27	28	29	30	31	32	33	74	#
466	5.94646	28	29	30	31	32	33	34	74	#
467	5.94646	29	30	31	32	33	34	35	74	#
468	5.94646	30	31	32	33	34	35	36	74	#
469	5.94646	31	32	33	34	35	36	37	74	#
470	5.94646	32	33	34	35	36	37	38	74	#
471	5.94646	33	34	35	36	37	38	39	74	#
472	5.94646	34	35	36	37	38	39	40	74	#
473	5.94646	35	36	37	38	39	40	41	74	#
474	5.94646	36	37	38	39	40	41	42	74	#
475	5.94646	37	38	39	40	41	42	43	74	#
476	5.94646	38	39	40	41	42	43	44	74	#
477	5.94646	39	40	41	42	43	44	45	74	#
478	5.94646	40	41	42	43	44	45	46	74	#
479	3.60972	0	1	2	3	4	75	#
480	3.60972	1	2	3	4	5	75	#
481	3.60972	2	3	4	5	6	75	#
482	3.60972	3	4	5	6	7	75	#
483	3.60972	4	5	6	7	8	75	#
484	3.60972	5	6	7	8	9	75	#
485	3.60972	6	7	8	9	10	75	#
486	3.60972	7	8	9	10	11	75	#
487	3.60972	8	9	10	11	12	75	#
488	3.60972	9	10	11	12	13	75	#
489	3.60972	10	11	12	13	14	75	#
490	3.60972	11	12	13	14	15	75	#
491	3.60972	12	13	14	15	16	75	#
492	3.60972	13	14	15	16	17	75	#
493	3.60972	14	15	16	17	18	75	#
494	3.60972	15	16	17	18	19	75	#
495	3.60972	16	17	18	19	20	75	#
496	3.60972	17	18	19	20	21	75	#
497	3.60972	18	19	20	21	22	75	#
498	3.60972	19	20	21	22	23	75	#
499	3.60972	20	21	22	23	24	75	#
500	3.60972	21	22	23	24	25	75	#
501	3.60972	22	23	24	25	26	75	#
502	3.60972	23	24	25	26	27	75	#
503	3.60972	24	25	26	27	28	75	#
504	3.60972	25	26	27	28	29	75	#
505	3.60972	26	27	28	29	30	75	#
506	3.60972	27	28	29	30	31	75	#
507	3.60972	28	29	30	31	32	75	#
508	3.60972	29	30	31	32	33	75	#
509	3.60972	30	31	32	33	34	75	#
510	3.60972	31	32	33	34	35	75	#
511	3.60972	32	33	34	35	36	75	#
512	3.60972	33	34	35	36	37	75	#
513	3.60972	34	35	36	37	38	75	#
514	3.60972	35	36	37	38	39	75	#
515	3.60972	36	37	38	39	40	75	#
516	3.60972	37	38	39	40	41	75	#
517	3.60972	38	39	40	41	42	75	#
518	3.60972	39	40	41	42	43	75	#
519	3.60972	40	41	42	43	44	75	#
520	3.60972	41	42	43	44	45	75	#
521	3.45611	42	43	44	45	46	75	#
522	3.45611	43	44	45	46	47	75	#
523	3.12379	44	45	46	47	48	75	#
524	3.12379	45	46	47	48	49	75	#
525	3.12379	46	47	48	49	50	75	#
526	3.12379	47	48	49	50	51	75	#
527	3.12379	48	49	50	51	52	75	#
