%% File generated by CATS v.2.1Thu May  9 12:39:55 2024

%% The CATS webpage is http://robotics.stanford.edu/CATS

%% PARAMETER SETTINGS:
% Goods: 128; Bids: 500; Distribution: arbitrary; Runs: 1; Seed: 93
% Arbitrary Distribution Parameters:
% Max Substitutable Bids = 5
% Removing HV Neighbor   = 0.1
% Adding DIAG Neighbor   = 0.2
% Additional Location    = 0.9
% Additivity             = 0.2
% Budget Factor          = 1.5
% Resale Factor          = 0.5
% Uniform Private Value:
%   Deviation            = 0.5
%   Max Good Value       = 100



goods 128
bids 501
dummy 93

0	110.973	72	#
1	137.271	8	44	128	#
2	161.143	8	64	128	#
3	106.909	44	54	128	#
4	5724.52	2	3	5	6	7	9	11	12	13	14	16	19	20	21	22	24	25	26	27	29	32	33	34	35	37	38	40	41	42	43	44	45	48	50	52	53	54	55	56	59	61	62	63	64	66	68	69	74	75	76	77	78	79	80	82	83	84	85	86	88	89	91	92	93	97	98	99	100	101	102	103	104	106	107	110	111	112	114	115	117	118	119	120	121	122	124	126	127	129	#
5	5999.37	2	5	6	7	9	11	12	14	16	17	19	20	21	22	23	24	25	26	27	29	32	34	37	38	39	40	41	42	43	45	47	48	51	53	54	55	56	59	61	62	63	64	66	68	69	71	73	74	75	77	78	79	80	84	85	86	87	88	89	91	92	93	94	97	98	99	100	101	102	103	104	106	107	109	110	111	114	115	117	118	119	120	121	122	123	124	126	127	129	#
6	5993.44	2	6	7	8	9	11	12	13	14	15	16	17	19	20	21	24	25	26	27	29	32	33	34	37	38	39	40	41	42	44	45	47	48	50	53	54	56	57	59	61	62	63	64	66	68	71	72	73	74	75	76	77	79	80	82	83	84	85	86	87	88	89	91	92	93	94	97	98	99	101	102	103	106	107	109	110	111	113	114	115	117	119	120	121	123	124	126	127	129	#
7	5872.69	2	5	6	7	9	10	13	14	16	17	19	21	24	25	26	27	29	32	33	34	35	37	38	39	40	41	42	43	45	47	48	50	53	54	55	56	57	59	61	62	63	64	66	68	69	72	73	74	77	78	80	82	83	84	85	86	87	88	89	91	92	94	97	99	100	101	102	103	106	107	109	110	111	112	113	114	115	116	117	118	119	120	121	122	123	124	126	127	129	#
8	5856.44	0	2	3	6	7	8	9	12	13	14	15	16	17	20	21	22	24	25	26	27	31	32	33	34	37	38	39	40	41	42	43	45	48	51	53	54	56	57	59	61	62	63	64	66	68	69	71	72	74	75	77	78	79	80	81	83	84	86	87	89	91	92	93	94	97	98	99	100	102	103	104	106	107	109	110	111	112	114	115	117	118	119	120	121	122	123	124	127	129	#
9	5855.77	2	6	7	8	9	12	13	14	16	17	20	21	22	24	25	26	27	29	32	33	34	35	37	38	39	40	41	42	43	45	46	47	48	51	53	54	55	57	59	63	64	66	68	69	71	72	73	74	75	77	79	80	82	83	84	85	86	87	89	91	92	93	94	97	98	99	100	101	102	103	107	108	109	110	111	113	114	115	117	118	119	120	121	122	123	124	126	127	129	#
10	12.3051	41	#
11	646.858	11	17	32	36	66	78	90	103	105	124	130	#
12	822.477	2	15	35	46	66	67	69	74	87	111	130	#
13	799.911	9	32	39	46	56	69	78	87	107	117	130	#
14	790.845	50	59	60	75	78	88	94	103	116	124	130	#
15	761.938	5	13	20	24	56	67	74	83	105	122	130	#
16	753.812	1	9	17	28	42	84	87	88	94	115	130	#
17	2021.59	15	17	19	20	26	27	29	31	33	34	36	52	56	58	61	64	65	69	74	80	86	89	95	99	102	103	106	108	131	#
18	2208.11	5	13	19	26	31	37	38	56	57	65	67	68	69	73	83	86	95	101	102	103	110	111	112	113	116	118	120	124	131	#
19	2174.7	3	4	5	13	16	23	27	30	31	38	51	57	60	63	65	69	73	74	79	80	82	83	86	92	103	105	116	120	131	#
20	2117.4	5	13	16	19	22	27	29	31	32	35	52	56	57	58	59	61	63	64	66	69	73	74	82	94	96	108	109	119	131	#
21	2097.12	5	10	13	15	16	19	22	27	37	54	55	56	58	71	73	82	83	85	95	103	106	110	111	116	117	118	119	120	131	#
22	2069.52	5	12	13	22	29	30	33	34	37	45	53	56	57	61	64	65	68	73	75	80	85	101	102	103	105	109	117	118	131	#
23	964.943	7	15	16	21	34	35	40	44	54	62	64	72	75	86	92	117	126	132	#
24	1325.12	1	2	3	4	7	13	16	23	44	59	67	77	80	85	103	111	127	132	#
25	1306.52	6	8	13	21	23	31	34	40	49	54	73	85	97	104	111	114	117	132	#
26	1296.47	4	13	24	26	35	39	41	46	49	64	70	74	80	87	98	118	126	132	#
27	1296.12	4	7	33	34	36	37	39	46	54	56	62	63	73	95	110	114	126	132	#
28	1257.81	0	2	3	7	14	31	33	34	35	38	40	54	55	59	90	110	117	132	#
29	674.997	8	26	30	38	49	58	73	85	92	102	109	133	#
30	855.435	16	38	40	58	63	89	90	97	108	109	116	133	#
31	823.976	7	13	17	23	40	62	65	66	86	109	123	133	#
32	785.5	14	17	38	58	60	69	80	104	106	115	120	133	#
33	759.582	14	17	19	26	29	32	52	65	75	85	106	133	#
34	756.988	2	21	41	46	54	65	66	85	106	108	123	133	#
35	135.503	63	69	134	#
36	170.11	69	121	134	#
37	230.776	23	27	40	102	135	#
38	279.898	15	52	102	123	135	#
39	259.095	23	31	40	86	135	#
40	237.766	27	44	91	99	135	#
41	208.654	23	106	121	123	135	#
42	141.385	61	#
43	195.087	10	29	37	136	#
44	201.263	10	77	110	136	#
45	155.295	29	35	42	136	#
46	573.556	0	6	29	41	42	73	75	100	109	137	#
47	728.05	8	21	49	61	69	73	79	84	98	137	#
48	699.26	0	5	6	30	31	36	55	97	109	137	#
49	664.35	0	29	40	42	54	83	87	90	124	137	#
50	648.071	21	54	73	83	97	100	114	119	122	137	#
51	630.941	22	58	62	79	83	93	102	109	114	137	#
52	245.789	38	49	95	138	#
53	237.961	12	38	62	138	#
54	211.173	23	73	95	138	#
55	163.096	22	49	117	138	#
56	3075.41	0	2	4	5	6	9	10	14	16	19	23	24	28	29	30	34	35	37	49	52	53	57	63	64	65	71	73	79	83	84	85	89	91	94	97	100	102	104	109	110	112	113	122	123	139	#
57	3641.47	0	1	2	5	10	14	23	24	26	27	33	36	39	43	49	55	57	61	62	64	68	71	73	82	85	87	89	92	94	95	96	97	99	101	102	104	105	110	111	112	114	118	123	124	139	#
58	3538.82	1	2	3	4	5	6	9	10	15	16	17	21	22	23	27	32	34	36	37	39	43	52	53	68	69	71	81	82	84	85	89	91	99	101	105	106	107	109	112	113	114	122	124	127	139	#
59	3453	1	3	5	10	15	17	20	23	24	26	27	29	32	33	37	38	40	43	49	50	54	55	63	65	68	69	70	73	82	85	88	89	91	94	97	99	100	101	102	104	109	111	119	123	139	#
60	3424.87	2	4	6	9	10	14	16	24	26	27	28	30	32	33	34	37	43	46	49	53	55	59	61	65	68	70	71	73	79	81	85	94	97	99	101	103	110	111	112	118	119	123	124	127	139	#
61	3370.52	0	1	2	3	5	9	15	17	23	24	26	27	28	29	30	32	33	35	39	42	47	52	54	56	57	62	63	64	65	68	71	81	88	89	91	95	97	99	102	105	112	114	118	123	139	#
62	1733.7	0	2	7	16	18	21	26	36	38	43	47	48	51	56	57	60	68	80	81	82	87	90	91	92	106	108	121	124	140	#
63	2129.33	8	10	14	15	20	25	34	42	51	54	56	57	60	63	66	72	75	79	81	84	85	88	89	90	103	106	117	118	140	#
64	2007.38	2	3	5	14	18	23	25	26	30	36	38	40	52	54	55	57	59	60	62	74	79	82	88	90	103	106	115	126	140	#
65	1987.67	2	6	10	14	15	26	40	44	46	47	51	52	53	58	62	64	71	76	77	82	90	100	103	106	115	117	123	124	140	#
66	1939.12	2	7	10	13	26	30	43	44	49	53	54	57	58	60	64	66	71	77	79	83	84	87	90	103	106	108	117	118	140	#
67	1933.02	2	5	9	12	21	26	27	29	32	42	46	47	49	50	52	57	59	60	64	66	67	77	81	82	84	88	108	124	140	#
68	688.687	8	24	33	36	49	52	64	76	79	126	141	#
69	771.441	20	29	33	49	70	74	107	112	123	126	141	#
70	769.114	13	20	26	39	41	49	63	70	117	126	141	#
71	761.983	27	41	45	48	49	50	54	57	87	99	141	#
72	724.08	7	20	23	46	48	65	76	109	112	127	141	#
73	722.483	24	26	32	43	44	46	50	98	109	127	141	#
74	900.808	2	14	15	25	28	35	51	52	58	68	75	76	97	118	127	142	#
75	1203.7	4	5	7	9	14	19	27	32	33	55	56	68	83	89	126	142	#
76	1103.84	12	13	15	33	37	40	55	56	59	69	76	90	106	108	109	142	#
77	1101.15	0	2	4	9	14	25	30	37	39	48	67	81	92	95	101	142	#
78	1069.21	20	25	28	31	59	83	95	97	98	101	102	110	119	123	124	142	#
79	1063.94	5	25	31	37	50	52	54	58	71	85	89	98	106	109	125	142	#
80	38.5412	22	#
81	111.871	73	120	143	#
82	152.364	73	111	143	#
83	988.468	4	5	7	12	21	25	40	55	61	63	69	81	84	109	144	#
84	1100.81	0	10	19	32	38	59	84	86	90	93	100	101	111	123	144	#
85	1096.93	2	4	8	31	35	49	63	66	69	91	94	110	117	118	144	#
86	1079.56	0	14	16	21	37	46	60	69	79	89	102	109	118	124	144	#
87	1067.94	1	4	38	57	61	64	66	68	80	109	110	117	121	125	144	#
88	1044.83	10	14	32	52	55	67	73	79	81	87	110	111	114	120	144	#
89	2737.06	2	15	26	27	28	29	32	41	44	49	52	54	55	56	65	66	68	73	74	75	76	77	78	80	81	82	85	101	108	109	111	115	118	124	127	145	#
90	2849.63	2	3	8	10	12	13	15	22	24	25	30	32	35	41	57	60	61	62	72	76	80	82	83	90	99	101	104	105	109	111	113	118	120	122	126	145	#
91	2837.05	0	3	8	12	15	17	19	20	22	27	47	48	49	55	56	62	72	73	74	77	80	81	82	85	86	95	102	103	106	111	122	123	124	126	127	145	#
92	2751.62	2	12	13	15	17	20	21	32	36	40	46	47	56	60	61	64	67	73	74	75	78	85	90	94	99	101	102	105	111	115	118	120	122	123	126	145	#
93	2737.8	2	3	10	12	13	26	27	28	32	34	35	49	50	52	56	64	65	67	68	70	73	74	76	77	85	86	88	90	101	103	109	122	124	125	127	145	#
94	2736.6	0	12	15	17	18	20	21	22	23	25	28	32	35	46	50	51	52	56	60	61	63	64	74	85	86	89	95	101	103	111	115	118	120	123	127	145	#
95	1844.44	3	8	13	14	15	18	20	23	26	28	36	39	40	51	58	61	67	72	73	90	91	95	106	109	121	123	146	#
96	2114.82	0	2	11	13	15	20	23	26	28	29	32	37	50	51	54	74	76	77	80	84	89	98	101	106	110	126	146	#
97	1943.02	0	2	6	17	18	30	31	37	39	44	54	58	61	62	64	73	77	83	85	86	91	93	102	107	116	126	146	#
98	1927.87	2	3	12	13	15	20	30	31	32	36	40	51	54	59	72	75	77	78	80	86	94	97	102	119	126	127	146	#
99	1898.97	0	1	2	4	10	12	13	15	17	23	24	37	41	44	46	61	76	77	83	87	93	94	108	115	116	123	146	#
100	1889.87	0	2	6	13	22	31	34	40	46	47	50	58	66	67	78	83	85	89	91	93	94	104	109	123	125	127	146	#
101	112.004	1	96	147	#
102	167.52	61	96	147	#
103	130.883	1	38	147	#
104	325.966	27	70	95	96	112	116	148	#
105	479.762	23	46	61	96	108	112	148	#
106	458.104	44	52	74	76	95	110	148	#
107	438.171	27	34	44	73	96	112	148	#
108	433.726	27	70	77	90	96	98	148	#
109	382.909	1	33	65	70	80	104	148	#
110	276.535	30	40	44	68	78	90	108	149	#
111	393.117	10	18	21	23	44	69	88	149	#
112	328.453	46	62	65	69	73	78	117	149	#
113	254.361	30	32	45	58	67	70	121	149	#
114	262.505	2	11	18	43	150	#
115	373.684	11	33	53	104	150	#
116	312.322	43	69	88	119	150	#
117	310.943	2	31	62	81	150	#
118	220.138	18	24	33	117	150	#
119	143.62	0	64	86	119	151	#
120	146.12	0	34	49	109	151	#
121	254.125	1	92	114	152	#
122	258.072	13	102	114	152	#
123	222.393	92	96	114	152	#
124	143.736	1	81	96	152	#
125	27.0152	66	#
126	297.884	11	13	36	83	153	#
127	292.643	76	83	89	120	153	#
128	265.499	13	45	78	111	153	#
129	264.318	4	11	102	109	153	#
130	251.815	4	36	37	45	153	#
131	653.372	0	5	10	40	42	71	83	94	95	111	154	#
132	959.593	12	39	55	56	80	89	95	106	111	118	154	#
133	874.98	10	39	40	54	62	81	85	89	102	111	154	#
134	780.496	10	22	33	44	61	71	83	84	124	126	154	#
135	752.66	5	55	61	92	95	97	103	106	107	110	154	#
136	733.167	34	35	56	57	70	83	94	110	112	118	154	#
137	1345.12	9	10	19	20	33	34	45	47	55	62	72	103	117	120	122	123	155	#
138	1528.88	9	16	19	22	34	38	56	69	79	81	88	95	97	114	116	123	155	#
139	1400.05	2	3	14	31	33	34	42	62	64	66	78	85	91	97	116	118	155	#
140	1329.39	1	12	18	34	44	45	55	56	64	82	91	98	113	114	120	123	155	#
141	1289.21	9	14	23	26	45	47	54	60	62	68	75	89	103	106	114	123	155	#
142	1260.56	1	2	10	24	48	49	54	56	68	77	90	94	107	114	125	126	155	#
143	813.152	17	18	20	35	50	52	57	72	88	99	106	119	120	156	#
144	1121.62	3	6	16	18	20	44	50	68	72	73	83	86	88	156	#
145	989.477	18	20	47	55	62	68	88	94	96	106	107	123	126	156	#
146	970.024	0	12	28	35	45	63	82	83	94	102	107	109	123	156	#
147	959.878	9	12	13	20	26	63	72	81	86	95	106	109	116	156	#
148	914.378	3	18	27	35	39	44	71	88	90	99	109	119	123	156	#
149	564.224	0	26	35	40	45	46	54	84	92	110	157	#
150	783.013	4	45	51	63	89	92	95	99	103	122	157	#
151	743.662	12	22	42	84	87	97	98	99	110	120	157	#
152	727.772	7	51	54	61	63	88	93	110	120	125	157	#
153	724.226	9	26	36	61	75	77	110	121	126	127	157	#
154	723.727	19	34	40	41	68	89	90	94	121	122	157	#
155	73.5383	116	#
156	423.073	16	24	61	88	158	#
157	272.042	42	53	88	105	158	#
158	268.615	19	61	94	96	158	#
159	224.791	12	14	16	120	158	#
160	221.631	24	36	96	104	158	#
161	1249.69	1	12	15	24	25	30	36	43	45	47	49	51	58	62	82	90	96	107	109	111	159	#
162	1531.87	0	5	7	14	26	28	32	35	49	50	58	72	78	82	83	94	95	97	103	104	159	#
163	1525.14	11	19	21	26	32	35	36	58	60	72	76	81	82	95	96	103	107	109	118	126	159	#
164	1517.11	4	7	9	12	14	30	49	56	61	71	72	76	89	93	95	98	103	104	106	120	159	#
165	1458.94	1	4	5	7	9	19	26	37	47	51	57	68	69	74	79	86	89	93	95	100	159	#
166	1456.7	4	12	23	29	30	32	36	40	46	47	50	56	60	65	67	71	106	111	116	124	159	#
167	30.8795	11	#
168	1878.35	0	1	9	14	18	20	23	26	31	35	37	41	51	59	70	72	74	75	82	86	98	115	118	120	121	125	127	160	#
169	2181.5	8	17	19	20	25	32	40	47	50	60	69	70	71	76	79	89	98	99	100	101	103	112	114	116	121	123	124	160	#
170	2109.01	1	5	8	9	17	22	26	36	43	48	49	50	57	58	67	69	70	71	76	80	82	86	89	97	98	102	103	160	#
171	2099.37	2	3	6	10	11	17	19	27	35	38	45	50	51	55	65	67	69	74	77	82	84	94	97	98	99	100	118	160	#
172	2070.45	2	12	17	19	22	37	41	49	50	51	63	67	69	71	72	74	76	90	96	98	104	107	116	118	121	125	127	160	#
173	2012.73	12	16	17	18	20	23	25	26	34	36	37	49	57	63	64	71	73	74	82	83	86	94	97	98	100	101	115	160	#
174	398.283	6	50	51	68	82	90	161	#
175	480.112	6	21	68	83	90	120	161	#
176	429.085	15	51	68	74	75	81	161	#
177	424.584	7	28	83	90	113	124	161	#
178	374.9	6	28	41	68	91	124	161	#
179	331.537	20	21	29	50	51	52	161	#
180	1678.22	1	7	8	11	12	16	18	26	37	40	44	51	52	58	68	70	71	73	75	87	92	93	99	108	113	117	121	125	127	162	#
181	2373.31	1	8	9	16	19	20	29	32	36	37	44	52	53	54	55	58	68	81	82	85	87	88	91	95	108	114	115	124	127	162	#
182	2205.97	1	5	7	8	12	17	25	27	29	36	38	44	45	52	54	61	64	71	80	81	82	84	88	96	99	104	110	114	127	162	#
183	2197.52	3	4	9	11	16	19	22	24	29	31	35	44	45	47	52	54	75	76	80	83	87	96	99	103	114	115	120	125	127	162	#
184	2189.38	2	11	12	18	19	21	22	23	33	35	36	41	48	49	51	55	69	75	82	85	93	95	98	99	102	108	109	114	120	162	#
185	2187.48	2	9	10	11	22	23	24	25	26	32	36	44	45	46	54	70	75	80	81	87	88	89	91	92	94	99	103	104	125	162	#
186	576.006	37	71	74	75	85	90	95	163	#
187	620.016	17	26	37	69	70	95	107	163	#
188	599.492	59	74	84	90	91	97	103	163	#
189	563.474	21	26	28	37	70	95	103	163	#
190	544.545	26	57	61	75	84	99	108	163	#
191	504.307	8	33	54	57	62	71	82	163	#
192	245.897	39	104	124	164	#
193	302.562	39	123	124	164	#
194	243.205	39	97	120	164	#
195	223.564	72	82	104	164	#
196	46.8755	120	#
197	182.559	88	94	165	#
198	109.793	0	88	165	#
199	2059.31	3	6	8	12	18	19	37	42	48	49	52	54	61	74	75	76	83	88	89	93	101	109	122	166	#
200	1970.86	6	12	19	29	31	36	46	49	55	60	61	64	66	69	75	85	88	90	93	96	97	103	123	166	#
201	1796	5	6	8	18	28	29	33	36	37	39	43	44	53	64	74	87	96	98	101	104	107	108	120	166	#
202	1795.68	5	12	17	29	37	40	44	48	54	61	62	63	82	83	87	93	101	103	104	105	109	116	117	166	#
203	1736.57	2	6	9	24	33	37	42	48	54	61	72	73	76	78	79	82	83	88	93	107	113	114	122	166	#
204	1683.25	4	6	10	19	29	32	34	40	43	49	63	64	69	76	79	82	89	93	97	105	106	121	122	166	#
205	314.56	23	28	79	90	167	#
206	330.853	7	34	80	90	167	#
207	239.986	2	23	54	117	167	#
208	231.002	24	50	79	124	167	#
209	150.166	27	28	90	112	167	#
210	530.256	19	32	75	77	80	110	117	168	#
211	563.214	5	23	58	75	94	124	125	168	#
212	546.477	23	45	48	80	83	122	126	168	#
213	514.728	21	56	74	76	80	110	118	168	#
214	496.039	19	58	66	97	100	104	110	168	#
215	486.947	12	43	48	67	83	99	117	168	#
216	168.636	14	24	58	65	70	98	108	#
217	1145.82	2	9	15	31	38	56	58	74	75	78	79	92	101	107	126	169	#
218	1196.55	0	9	10	15	33	42	69	72	74	84	88	94	121	122	126	169	#
219	1162.18	2	31	39	49	62	64	66	79	85	90	91	94	111	114	122	169	#
220	1138.81	6	17	38	39	56	74	78	82	89	94	95	118	119	121	123	169	#
221	1135.23	1	3	5	16	19	31	39	43	46	58	62	92	93	111	121	169	#
222	1126.57	2	9	14	15	17	30	36	62	74	75	82	84	92	120	122	169	#
223	1671.09	0	3	6	8	13	17	20	21	26	36	38	49	56	61	78	79	88	91	97	107	112	118	122	170	#
224	1852.84	6	11	12	13	17	35	36	38	52	56	59	61	74	80	82	88	89	94	95	104	117	119	126	170	#
225	1812.15	0	12	13	14	21	31	37	39	45	56	69	75	80	81	91	94	99	104	115	116	120	121	127	170	#
226	1694.51	3	5	6	8	11	20	25	26	31	35	39	69	77	81	86	89	101	104	105	107	109	118	126	170	#
227	1684.74	0	5	10	13	15	20	22	31	35	38	44	45	59	61	64	78	80	88	91	103	107	117	122	170	#
228	1678.54	9	10	13	21	29	31	51	53	59	61	64	72	78	86	87	89	91	94	103	104	122	123	126	170	#
229	594.357	19	29	34	59	67	94	111	112	171	#
230	704.686	14	19	24	33	69	73	82	102	171	#
231	599.962	3	7	27	38	71	97	99	111	171	#
232	581.406	51	73	81	86	88	94	95	114	171	#
233	578.271	15	27	34	52	70	97	112	121	171	#
234	526.138	19	27	44	52	67	69	106	115	171	#
235	508.663	17	19	29	30	35	37	40	57	82	117	172	#
236	694.391	4	9	24	46	85	93	110	117	118	120	172	#
237	692.981	10	22	33	39	40	57	58	64	69	126	172	#
238	635.057	10	17	24	26	29	40	52	58	98	126	172	#
239	632.65	22	29	30	37	53	81	100	110	119	124	172	#
240	625.832	13	19	21	29	33	95	100	111	116	121	172	#
241	934.412	5	27	34	36	40	45	51	55	79	82	95	101	106	108	116	173	#
242	1064.57	22	27	45	46	47	49	55	62	64	67	69	86	87	88	90	173	#
243	1059.3	1	9	34	38	39	40	42	53	54	56	57	60	62	63	66	173	#
244	1023.36	8	20	28	31	39	62	82	87	92	95	101	108	119	125	126	173	#
245	1014.19	2	13	28	32	40	42	44	47	54	71	82	84	101	124	125	173	#
246	1002.63	4	13	15	22	35	36	40	42	58	59	84	92	118	122	125	173	#
247	109.457	1	#
248	533.919	3	20	52	53	75	122	174	#
249	537.943	12	14	20	31	88	126	174	#
250	514.534	3	25	28	58	74	84	174	#
251	453.594	10	68	75	77	118	124	174	#
252	412.71	1	9	44	53	58	94	174	#
253	402.378	25	26	47	52	76	119	174	#
254	222.604	73	87	120	175	#
255	200.371	37	73	81	175	#
256	145.305	45	51	120	175	#
257	125.385	2	11	87	175	#
258	1190.82	7	9	33	36	38	50	56	69	70	73	82	90	97	105	114	176	#
259	1215.7	3	10	22	32	33	34	44	50	51	58	69	78	80	90	109	176	#
260	1193	2	3	7	38	48	67	74	75	76	86	93	96	99	118	120	176	#
261	1188.86	3	14	18	19	25	38	39	44	45	60	69	74	79	87	121	176	#
262	1179.9	2	7	9	21	33	36	37	38	48	73	75	91	118	121	127	176	#
263	1160.35	10	14	21	47	54	61	70	72	82	84	87	94	109	116	118	176	#
264	1739.34	0	5	8	9	10	21	23	24	37	45	52	56	63	66	67	70	72	77	79	83	95	96	97	102	106	112	118	126	177	#
265	2170.04	10	13	22	33	38	39	42	44	46	50	56	61	63	64	66	67	69	70	72	75	81	82	97	98	99	107	117	127	177	#
266	2154.1	2	6	13	16	37	45	50	53	54	55	56	61	81	83	85	87	88	89	91	92	94	100	102	105	113	117	123	124	177	#
267	2081.42	4	8	21	23	26	37	41	42	45	46	49	50	53	56	62	64	66	69	71	73	82	85	86	88	97	102	108	123	177	#
268	2068.69	4	16	22	25	26	35	36	37	44	45	48	50	53	56	69	81	89	92	97	100	107	108	115	118	120	123	126	127	177	#
269	2001.26	1	6	9	13	26	29	33	35	37	42	52	60	61	64	79	81	83	84	85	88	93	94	95	98	106	113	118	121	177	#
270	484.067	14	35	55	67	72	76	118	178	#
271	526.957	0	27	31	39	46	76	88	178	#
272	505.83	9	14	39	45	55	94	125	178	#
273	481.809	26	37	46	64	72	84	106	178	#
274	468.26	19	35	46	112	114	118	127	178	#
275	444.133	33	35	39	91	102	104	115	178	#
276	233.044	51	110	114	179	#
277	257.367	16	92	114	179	#
278	228.643	23	51	103	179	#
279	180.786	6	44	110	179	#
280	1537.4	0	11	17	20	26	27	29	31	33	46	49	58	60	68	71	74	82	83	104	110	113	119	180	#
281	1857.98	10	12	14	20	30	32	33	50	56	62	67	76	79	80	87	88	89	93	103	108	110	116	180	#
282	1842.22	2	14	17	19	26	31	32	36	41	42	47	61	71	72	73	76	83	85	88	91	104	110	180	#
283	1795.38	1	18	27	30	39	52	54	56	73	77	81	82	89	92	99	102	103	104	108	110	113	115	180	#
284	1787.59	4	6	9	15	17	34	39	41	44	47	49	53	56	59	72	82	84	88	91	110	113	115	180	#
285	1743.42	10	12	14	33	34	35	38	39	48	53	65	66	69	80	83	86	99	104	110	113	119	125	180	#
286	120.854	3	27	#
287	1556.27	2	4	11	12	25	27	29	32	37	46	47	61	62	63	67	72	83	89	90	108	121	125	126	181	#
288	1802.54	2	3	4	11	12	20	21	25	28	29	47	52	57	58	65	66	84	87	89	101	102	111	123	181	#
289	1763.09	1	2	11	18	22	26	34	40	43	55	58	61	66	87	88	89	94	96	102	104	115	121	125	181	#
290	1750.77	5	11	18	19	26	29	32	34	37	45	61	71	75	76	90	92	93	97	101	104	110	116	118	181	#
291	1738.5	4	5	11	13	20	21	34	41	43	58	66	69	76	77	83	87	88	89	90	92	102	108	116	181	#
292	1728.18	1	4	5	10	25	26	34	40	50	55	72	75	82	88	89	91	92	93	101	115	117	121	125	181	#
293	475.615	12	25	40	74	95	108	182	#
294	566.415	19	44	57	74	85	117	182	#
295	489.742	40	89	95	109	111	122	182	#
296	434.97	2	12	13	30	101	126	182	#
297	415.846	33	48	77	108	113	119	182	#
298	398.781	32	40	44	115	123	126	182	#
299	1241.99	3	4	6	7	27	40	44	50	57	72	73	76	77	81	87	98	106	107	183	#
300	1459.13	2	5	10	17	20	28	47	49	52	55	60	70	72	75	83	111	112	127	183	#
301	1433.59	0	2	4	10	14	39	46	47	54	55	57	60	63	69	75	77	88	105	183	#
302	1344.61	4	5	13	14	17	20	34	36	45	47	53	56	57	72	78	80	87	123	183	#
303	1324.13	3	4	7	10	31	36	45	50	51	56	57	68	71	75	98	100	120	127	183	#
304	1308.96	0	2	17	25	28	36	38	48	53	60	63	83	84	87	94	98	102	117	183	#
305	437.005	8	28	55	65	76	92	112	184	#
306	584.442	5	8	15	31	61	69	123	184	#
307	553.811	38	46	47	62	92	93	98	184	#
308	547.039	5	8	28	55	65	69	93	184	#
309	457.666	29	31	77	82	112	115	123	184	#
310	272.819	30	39	65	80	93	112	121	184	#
311	1023.77	1	5	7	34	50	53	62	63	71	81	83	86	103	105	106	110	121	185	#
312	1457.44	3	6	8	19	52	56	58	64	69	83	85	87	104	111	121	123	127	185	#
313	1393.06	6	12	20	24	25	39	40	52	66	85	88	98	101	104	110	120	121	185	#
314	1353.1	3	6	18	19	24	27	31	50	63	81	83	88	97	101	103	111	120	185	#
315	1300.5	7	12	23	25	29	52	53	59	66	67	68	79	89	98	101	106	111	185	#
316	1296.19	3	6	7	14	22	34	39	50	52	54	55	59	67	69	104	107	122	185	#
317	784.804	3	14	16	20	47	55	57	91	108	115	119	186	#
318	868.819	3	14	26	28	43	58	71	75	85	99	101	186	#
319	862.459	6	9	36	71	77	87	88	90	91	96	119	186	#
320	829.693	15	17	20	25	39	43	58	64	69	77	105	186	#
321	766.231	22	31	35	41	50	55	71	91	92	99	115	186	#
322	720.114	5	15	16	19	33	97	101	105	108	115	119	186	#
323	641.504	5	23	29	39	82	83	95	124	187	#
324	699.635	3	14	19	23	26	77	111	113	187	#
325	693.689	19	40	43	58	69	82	123	124	187	#
326	616.941	14	27	39	46	72	91	94	95	187	#
327	572.261	5	15	19	44	60	80	82	117	187	#
328	544.094	8	27	41	53	75	83	84	113	187	#
329	348.32	66	90	94	188	#
330	320.251	66	77	99	188	#
331	279.369	34	76	90	188	#
332	245.03	88	94	118	188	#
333	663.442	0	3	12	36	54	58	67	84	189	#
334	669.129	1	8	23	54	56	76	84	85	189	#
335	663.42	1	36	88	101	102	103	109	116	189	#
336	635.187	3	12	25	26	38	87	108	127	189	#
337	625.173	13	25	36	50	58	61	84	107	189	#
338	547.143	11	18	28	47	54	76	88	125	189	#
339	713.606	1	30	35	40	50	55	56	64	91	104	112	122	190	#
340	934.46	11	13	14	32	38	40	60	75	87	89	98	104	190	#
341	915.736	1	9	19	33	35	60	81	83	113	114	117	119	190	#
342	914.491	2	12	20	55	56	60	76	80	97	106	107	119	190	#
343	906.855	8	20	26	35	50	66	75	86	90	104	119	120	190	#
344	906.012	1	2	21	26	43	56	87	90	91	109	110	117	190	#
345	46.7972	77	#
346	689.914	15	24	26	30	54	58	62	70	91	95	97	99	102	111	191	#
347	990.187	7	8	20	35	52	54	66	75	76	82	86	89	103	120	191	#
348	980.957	7	9	24	26	27	55	70	89	90	99	101	104	105	123	191	#
349	966.68	0	1	5	8	28	39	44	63	72	96	97	108	115	123	191	#
350	957.81	7	8	30	39	56	57	76	93	95	96	97	108	110	121	191	#
351	903.779	7	13	24	26	28	41	44	75	77	80	84	86	88	120	191	#
352	600.616	40	42	51	64	74	75	100	112	118	122	192	#
353	862.211	14	27	31	44	48	64	68	101	110	118	192	#
354	819.823	24	59	62	66	69	70	82	94	112	118	192	#
355	816.534	2	23	26	38	65	69	70	74	101	102	192	#
356	801.98	1	21	36	59	66	72	94	111	112	114	192	#
357	787.339	2	11	14	31	48	72	75	93	118	126	192	#
358	114.677	21	42	193	#
359	146.065	42	66	193	#
360	65.9794	21	59	193	#
361	212.929	36	81	108	114	194	#
362	254.222	12	76	114	115	194	#
363	218.589	6	79	81	107	194	#
364	211.75	36	46	54	121	194	#
365	205.318	46	83	91	108	194	#
366	702.204	6	16	21	38	57	61	96	99	107	109	115	195	#
367	995.283	17	21	25	39	56	63	69	83	91	94	95	195	#
368	932.148	18	31	43	46	50	61	87	91	98	103	104	195	#
369	876.717	34	52	61	68	83	86	96	99	101	109	122	195	#
370	850.726	11	29	61	63	69	85	95	103	105	107	124	195	#
371	782.114	6	34	46	64	74	77	91	98	99	113	121	195	#
372	228.685	33	60	113	196	#
373	298.126	42	60	83	196	#
374	270.937	4	33	52	196	#
375	141.452	68	107	113	196	#
376	63.3522	56	#
377	320.983	19	26	64	109	197	#
378	312.478	35	52	64	127	197	#
379	284.524	19	36	86	123	197	#
380	201.644	7	11	26	97	197	#
381	83.1219	7	41	50	100	198	#
382	42.9804	7	67	73	105	198	#
383	295.606	46	70	79	97	101	199	#
384	441.756	0	6	27	97	127	199	#
385	424.699	6	26	39	46	65	199	#
386	349.643	19	55	63	70	72	199	#
387	327.383	2	34	79	100	112	199	#
388	298.784	28	48	72	101	126	199	#
389	1009.4	2	11	12	15	38	49	54	57	64	71	87	98	121	127	200	#
390	1064.1	0	4	26	54	59	87	95	104	107	109	110	111	118	127	200	#
391	1035.08	12	39	49	54	70	79	88	90	96	98	102	108	111	119	200	#
392	1032.67	4	13	17	20	21	25	30	73	94	98	99	110	112	121	200	#
393	1028.16	4	8	13	20	25	30	52	56	57	65	100	107	115	124	200	#
394	1027.31	1	15	52	54	60	71	73	86	87	94	101	113	115	116	200	#
395	2192.71	1	6	8	11	16	18	22	43	51	52	53	55	65	71	72	73	78	81	84	85	98	105	106	110	114	118	122	123	124	201	#
396	2317.48	2	7	9	16	17	18	26	34	44	52	56	59	61	65	66	70	71	72	73	77	78	80	85	87	99	110	111	118	121	201	#
397	2304.07	2	7	14	22	23	25	26	27	29	33	37	41	43	55	56	60	73	74	82	91	92	97	98	99	106	108	111	112	114	201	#
398	2266.69	0	6	8	15	26	30	38	43	48	53	55	60	61	64	68	71	81	82	85	91	92	97	98	105	107	118	122	124	127	201	#
399	2202.56	2	4	6	8	10	16	17	18	20	22	24	25	32	44	50	52	63	73	75	77	81	85	91	97	98	111	112	114	118	201	#
400	2195.63	4	6	18	20	23	24	39	41	47	50	56	63	71	74	81	82	88	92	99	104	105	108	111	114	115	117	118	121	123	201	#
401	434.384	1	31	45	85	109	202	#
402	481.376	1	3	77	85	101	202	#
403	442.9	1	15	38	55	88	202	#
404	440.275	3	12	101	109	124	202	#
405	407.985	2	31	53	90	94	202	#
406	291.057	7	25	45	53	76	202	#
407	858.504	26	35	37	38	40	54	57	58	60	64	67	68	84	118	203	#
408	1192.25	1	8	16	19	23	28	52	57	74	89	92	97	119	127	203	#
409	1143.53	3	20	21	24	25	37	47	52	56	86	88	99	101	110	203	#
410	1065.63	14	18	23	32	47	55	60	68	83	96	101	113	114	122	203	#
411	1058.62	1	19	21	54	56	64	72	78	88	100	105	106	110	127	203	#
412	1045.94	2	4	18	20	26	32	51	58	67	72	73	74	97	99	203	#
413	295.326	18	39	111	204	#
414	278.346	60	65	111	204	#
415	222.455	18	85	104	204	#
416	200.96	39	104	115	204	#
417	179.602	89	102	205	#
418	160.365	89	106	205	#
419	1895.88	1	4	7	12	18	21	22	29	30	46	51	56	58	62	64	72	73	82	89	90	91	102	106	113	116	119	120	122	124	125	206	#
420	2435.49	2	3	4	6	10	13	15	20	25	29	30	33	40	41	44	48	51	52	56	58	61	64	71	72	79	82	95	102	110	112	206	#
421	2370.98	4	12	13	22	24	29	40	45	46	48	51	52	55	56	61	63	76	82	94	95	99	100	102	103	108	109	111	112	118	126	206	#
422	2368.34	3	4	20	21	22	36	44	45	46	55	61	62	65	73	82	84	87	89	90	91	92	100	101	102	103	110	111	119	120	126	206	#
423	2286.26	1	3	10	11	21	22	24	25	29	36	48	51	58	61	67	72	76	79	81	88	90	91	92	94	98	101	108	110	111	123	206	#
424	2268.63	6	9	10	13	15	20	22	29	30	36	39	42	51	52	56	58	61	63	67	72	73	82	92	94	100	103	110	112	119	126	206	#
425	761.124	9	10	24	38	41	45	57	67	69	71	76	81	95	207	#
426	1016.44	25	28	38	45	49	56	60	64	95	96	111	122	127	207	#
427	988.751	2	9	39	45	60	69	95	103	104	113	118	120	122	207	#
428	975.569	10	29	31	33	34	71	75	76	81	84	104	111	126	207	#
429	947.796	2	8	9	11	18	22	24	31	33	45	50	76	126	207	#
430	919.464	0	13	33	45	50	55	57	62	96	108	109	114	116	207	#
431	148.55	27	41	102	208	#
432	148.637	41	91	98	208	#
433	112.721	27	36	59	208	#
434	1371.27	2	3	19	30	41	50	56	66	68	69	75	79	86	96	103	120	209	#
435	1320.14	11	19	22	32	49	59	69	75	84	87	89	90	96	100	118	124	209	#
436	1317.45	23	30	47	49	60	65	66	68	75	78	87	95	99	103	111	116	209	#
437	1292.72	1	3	4	22	23	41	50	68	75	79	86	87	103	104	124	125	209	#
438	1286.33	12	16	23	25	31	32	46	50	56	69	86	87	103	110	115	117	209	#
439	1269.22	22	30	32	47	49	68	69	84	89	95	102	116	117	118	125	127	209	#
440	210.9	61	124	210	#
441	136.216	61	117	210	#
442	682.761	31	32	43	49	52	59	85	99	113	123	211	#
443	828.889	6	19	36	40	49	52	83	93	97	113	211	#
444	772.855	3	16	20	24	32	33	63	101	102	121	211	#
445	772.746	4	10	15	25	43	49	57	58	90	95	211	#
446	741.431	5	6	28	48	70	81	90	102	113	123	211	#
447	722.227	2	61	68	74	85	93	102	109	114	121	211	#
448	1009.43	17	23	24	31	42	49	69	72	83	86	94	124	212	#
449	922.483	11	16	31	49	60	64	88	93	95	102	105	125	212	#
450	876.366	3	8	11	24	34	68	82	85	94	102	119	120	212	#
451	846.498	8	9	14	35	43	56	59	65	69	103	106	120	212	#
452	818.127	3	8	12	23	25	32	33	91	95	108	110	122	212	#
453	795.072	0	9	25	42	46	56	72	85	97	103	120	124	212	#
454	462.053	16	19	24	42	70	96	100	123	213	#
455	683.89	4	5	17	19	57	61	82	92	213	#
456	636.273	19	21	25	39	47	85	117	123	213	#
457	635.685	9	10	24	46	61	68	107	118	213	#
458	581.56	3	16	31	42	75	77	99	114	213	#
459	574.942	3	10	53	74	95	100	110	117	213	#
460	855.223	9	12	18	25	28	35	47	60	69	70	76	93	94	110	118	214	#
461	1252.68	1	10	31	34	36	57	60	69	74	86	94	99	107	111	120	214	#
462	1097.35	9	16	19	34	36	38	41	43	62	63	68	77	83	86	103	214	#
463	1095.72	7	11	13	15	16	33	35	60	90	95	99	108	120	122	126	214	#
464	1075.76	11	21	25	46	48	77	83	86	94	96	97	99	113	118	120	214	#
465	1012.85	4	5	28	31	57	60	63	69	75	77	78	90	102	123	126	214	#
466	2472.31	1	2	4	6	8	16	20	21	23	25	27	29	31	37	49	51	55	61	66	69	80	83	89	92	95	102	103	107	121	125	215	#
467	2529.61	6	7	8	12	15	20	21	25	28	29	31	46	52	53	55	61	69	77	78	80	82	83	89	101	103	104	106	111	112	121	215	#
468	2452.22	0	2	6	8	20	22	40	41	52	53	56	63	65	69	72	75	79	80	81	82	84	85	88	94	98	99	103	104	109	111	215	#
469	2365.53	3	10	12	15	17	18	25	29	37	53	56	58	65	69	73	74	80	82	83	84	89	98	101	102	108	111	117	119	121	123	215	#
470	2331.38	0	1	3	5	7	9	12	14	16	20	27	29	45	49	54	61	63	64	75	79	83	89	92	94	98	102	103	116	119	120	215	#
471	2285.79	3	8	10	12	14	16	22	37	40	45	50	51	53	55	58	61	65	66	72	81	83	89	93	103	106	107	108	118	121	127	215	#
472	1137.73	0	2	5	13	25	36	47	50	57	58	62	81	87	98	109	110	112	116	125	216	#
473	1568.55	18	25	26	37	48	53	58	62	68	72	82	84	86	87	94	99	102	120	125	216	#
474	1521.58	2	5	8	13	16	20	26	28	34	38	43	49	61	66	92	96	98	106	126	216	#
475	1504.14	1	8	20	25	32	36	42	48	52	53	54	73	75	78	86	87	92	106	116	216	#
476	1486.61	1	5	6	8	9	19	25	29	35	36	52	55	66	68	73	85	99	109	122	216	#
477	1468.22	16	23	25	52	54	55	62	65	66	73	75	84	85	99	102	106	111	120	122	216	#
478	348.853	15	29	52	90	217	#
479	400.171	10	48	90	99	217	#
480	364.872	13	15	29	52	217	#
481	294.937	6	29	66	103	217	#
482	271.355	44	52	53	57	217	#
483	1531.12	4	17	22	28	32	49	56	57	63	68	70	74	82	84	87	103	105	107	109	113	114	118	119	123	218	#
484	1886.77	11	13	23	29	33	36	39	41	45	53	57	72	82	88	101	103	104	106	109	110	114	115	124	125	218	#
485	1785.31	6	7	8	10	16	17	22	28	36	47	49	67	82	94	101	102	103	106	108	109	116	118	123	124	218	#
486	1779.43	6	19	29	31	32	36	37	45	50	53	54	63	72	77	82	85	91	97	107	109	111	123	125	127	218	#
487	1779.4	7	8	11	16	17	23	32	36	39	44	49	56	64	67	84	94	103	106	107	108	110	111	115	121	218	#
488	1731.44	2	3	4	31	34	36	37	45	49	52	62	64	80	84	85	101	102	105	107	111	114	115	123	126	218	#
489	611.148	12	13	18	22	24	31	80	93	105	114	219	#
490	858.684	3	12	13	45	67	68	94	99	121	127	219	#
491	816.02	13	22	24	64	68	76	95	106	118	125	219	#
492	800.425	6	31	48	67	68	72	79	94	96	121	219	#
493	758.326	16	22	37	42	51	58	70	74	77	80	219	#
494	743.752	6	13	25	32	98	102	104	105	114	123	219	#
495	530.772	34	53	61	72	103	220	#
496	408.213	32	33	61	115	125	220	#
497	345.006	8	21	53	68	96	220	#
498	278.174	32	34	36	67	105	220	#
499	265.63	10	26	41	71	103	220	#
500	231.65	30	37	72	101	107	220	#
