%% File generated by CATS v.2.1Thu May  9 12:39:45 2024

%% The CATS webpage is http://robotics.stanford.edu/CATS

%% PARAMETER SETTINGS:
% Goods: 128; Bids: 500; Distribution: arbitrary; Runs: 1; Seed: 51
% Arbitrary Distribution Parameters:
% Max Substitutable Bids = 5
% Removing HV Neighbor   = 0.1
% Adding DIAG Neighbor   = 0.2
% Additional Location    = 0.9
% Additivity             = 0.2
% Budget Factor          = 1.5
% Resale Factor          = 0.5
% Normal Private Value:
%   Mean                 = 0
%   Standard Deviation   = 30



goods 128
bids 504
dummy 94

0	129.243	30	104	128	#
1	154.169	30	63	128	#
2	362.007	8	47	69	114	122	129	#
3	409.494	6	8	18	34	91	129	#
4	340.303	26	35	45	46	69	129	#
5	269.813	19	23	78	82	122	129	#
6	261.312	47	50	73	102	120	129	#
7	238.327	6	60	71	95	114	129	#
8	737.741	0	6	23	27	28	31	61	62	77	80	84	107	111	114	130	#
9	1073.47	28	47	56	61	62	65	77	78	81	91	96	109	110	116	130	#
10	923.528	6	9	31	42	47	49	51	61	71	77	89	99	123	124	130	#
11	915.108	1	6	42	46	55	66	73	76	89	94	99	100	102	121	130	#
12	880.16	10	17	20	27	56	61	68	75	92	112	114	115	121	126	130	#
13	843.649	3	8	11	19	32	34	35	40	58	79	84	99	118	122	130	#
14	479.11	0	6	11	15	24	25	45	77	131	#
15	546.495	8	11	32	35	37	58	91	123	131	#
16	488.382	12	45	52	55	59	103	118	124	131	#
17	439.575	15	16	42	103	111	112	114	119	131	#
18	433.203	1	6	35	36	51	85	92	104	131	#
19	416.263	0	2	18	39	52	63	91	111	131	#
20	1259.45	1	16	25	28	30	35	39	43	47	50	52	60	69	74	79	82	84	91	117	118	125	127	132	#
21	1691.01	1	4	15	20	22	23	24	28	31	40	72	74	76	77	79	80	83	90	97	106	108	125	132	#
22	1527.57	1	7	20	31	34	36	39	40	41	46	55	59	60	63	68	77	88	91	95	104	108	126	132	#
23	1520.62	4	6	12	15	16	22	29	30	31	37	43	62	66	70	72	73	93	101	103	114	125	126	132	#
24	1429.73	1	12	17	19	21	29	39	41	53	56	65	68	76	92	96	97	103	104	106	121	122	126	132	#
25	1403.63	0	9	11	15	22	23	43	46	47	60	70	78	93	94	96	99	104	110	112	119	124	126	132	#
26	519.766	3	54	67	69	73	79	86	126	133	#
27	712.272	8	32	52	79	99	102	107	125	133	#
28	687.854	28	52	62	67	83	92	113	114	133	#
29	665.083	34	35	42	47	54	64	68	71	133	#
30	656.275	7	12	17	29	38	79	101	126	133	#
31	650.694	2	12	14	35	69	73	106	124	133	#
32	834.095	12	25	43	49	54	67	75	82	91	98	100	101	107	116	119	134	#
33	1066.3	9	15	16	35	42	45	59	68	81	88	98	99	101	106	126	134	#
34	1002.77	19	25	38	51	55	57	62	68	98	101	108	109	111	116	124	134	#
35	979.869	8	9	10	14	17	19	20	24	43	50	75	79	81	87	119	134	#
36	973.458	8	14	17	34	37	40	41	50	54	67	85	91	103	106	120	134	#
37	971.264	12	19	23	27	45	47	51	55	65	66	73	101	114	115	120	134	#
38	918.733	13	18	22	27	29	36	37	39	40	42	50	60	62	66	71	73	75	97	98	105	119	120	135	#
39	1366.82	11	24	27	30	33	40	47	49	55	59	61	68	71	72	73	81	85	90	103	104	110	127	135	#
40	1346.73	0	2	4	5	25	29	30	33	35	37	42	45	57	73	77	80	87	92	94	96	99	126	135	#
41	1332.5	4	12	13	20	23	27	46	55	58	60	61	62	64	71	76	77	86	87	91	104	105	110	135	#
42	1318.62	1	3	23	24	31	36	39	57	64	67	69	74	75	77	78	81	82	100	107	109	118	122	135	#
43	1317.05	0	2	11	12	34	40	42	47	50	57	77	84	88	89	91	98	105	106	107	123	125	126	135	#
44	776.57	27	34	37	44	57	60	64	74	75	87	90	94	111	118	126	136	#
45	1122.11	4	12	13	15	18	34	37	59	65	66	71	72	90	109	125	136	#
46	1112.9	12	18	23	27	34	38	71	72	73	75	79	89	101	108	123	136	#
47	1111.51	31	32	35	39	47	48	52	57	67	77	85	90	107	122	125	136	#
48	1060.01	15	24	34	48	62	69	80	86	88	89	91	96	104	109	116	136	#
49	1056.73	11	16	20	21	23	31	37	42	67	94	106	109	125	126	127	136	#
50	165.158	17	29	126	137	#
51	231.745	84	101	126	137	#
52	223.78	17	34	41	137	#
53	26.0601	24	#
54	228.086	80	125	138	#
55	224.183	47	125	138	#
56	140.574	80	116	138	#
57	240.077	67	77	117	123	139	#
58	323.428	53	77	78	92	139	#
59	299.688	60	82	83	123	139	#
60	289.021	28	54	67	111	139	#
61	255.672	85	105	117	122	139	#
62	971.659	5	23	27	28	35	36	39	51	62	70	78	102	112	140	#
63	908.714	16	35	48	53	67	78	85	102	106	107	113	118	119	140	#
64	870.027	43	45	53	62	64	66	91	94	99	105	109	113	116	140	#
65	865.248	17	25	35	37	38	50	71	88	89	91	92	96	100	140	#
66	808.102	1	24	28	29	31	33	46	48	64	71	75	78	106	140	#
67	762.8	23	28	30	31	43	45	63	78	87	89	90	108	124	140	#
68	169.745	67	88	126	141	#
69	213.938	18	67	106	141	#
70	202.36	88	96	122	141	#
71	146.82	60	103	126	141	#
72	964.392	0	6	13	21	33	37	38	59	61	64	66	76	79	91	93	97	109	118	123	142	#
73	1388.68	12	18	19	33	38	53	59	67	70	76	77	78	81	88	98	99	101	102	109	142	#
74	1330.54	4	14	19	25	26	32	33	38	45	47	54	66	69	76	98	102	113	122	126	142	#
75	1317.54	9	13	16	17	26	29	36	37	38	40	52	54	63	68	90	91	92	111	120	142	#
76	1297.32	0	3	14	26	35	37	42	43	44	53	54	65	68	82	94	99	109	112	117	142	#
77	1257.93	8	14	17	29	37	40	41	43	59	73	74	83	85	87	98	99	101	117	119	142	#
78	1011.66	15	20	26	28	30	33	45	46	51	68	70	81	92	98	103	106	117	118	124	143	#
79	1479.36	5	8	17	19	20	47	52	68	70	77	78	86	98	112	114	120	123	126	127	143	#
80	1366.85	9	13	19	20	22	28	42	45	53	69	74	76	77	86	106	107	115	120	125	143	#
81	1362.39	20	22	34	51	54	58	61	65	68	81	83	87	89	96	99	107	108	114	124	143	#
82	1291.05	3	6	8	21	25	28	33	39	48	52	55	75	77	84	94	99	102	109	124	143	#
83	1261.49	0	7	9	17	20	32	34	38	43	45	52	54	61	67	73	83	101	121	123	143	#
84	324.181	3	14	54	106	117	118	144	#
85	378.923	50	54	72	79	98	108	144	#
86	363.929	10	14	31	43	120	125	144	#
87	330.062	15	22	33	53	60	106	144	#
88	319.692	3	19	21	71	86	111	144	#
89	318.656	15	48	70	84	86	117	144	#
90	553.151	23	26	34	56	85	101	103	104	145	#
91	596.581	6	12	27	54	85	91	103	107	145	#
92	580.419	11	15	27	51	55	65	72	104	145	#
93	507.779	27	28	34	38	76	87	105	121	145	#
94	456.622	3	5	14	24	26	29	67	112	145	#
95	426.41	20	23	24	28	61	73	93	100	145	#
96	326.054	34	39	41	60	79	146	#
97	354.997	13	41	117	123	127	146	#
98	337.591	34	62	83	126	127	146	#
99	284.672	32	37	43	79	107	146	#
100	570.871	7	17	21	31	67	88	96	121	122	127	147	#
101	739.755	21	29	31	44	52	69	83	92	101	116	147	#
102	647.385	1	12	41	46	53	76	96	100	107	109	147	#
103	585.963	9	22	37	48	52	59	82	90	105	127	147	#
104	572.422	9	11	16	22	31	37	59	104	119	122	147	#
105	570.214	11	21	34	36	42	63	81	91	99	102	147	#
106	1231.9	4	7	18	34	42	44	45	52	53	56	60	65	69	74	77	82	86	99	102	118	148	#
107	1413.04	2	4	7	23	27	61	63	65	69	70	71	82	91	93	94	100	102	105	107	109	148	#
108	1400.79	0	13	17	42	47	48	52	55	64	72	74	91	96	97	105	109	110	112	115	125	148	#
109	1381.11	1	9	10	18	20	36	43	45	56	63	67	69	71	81	82	95	102	105	107	108	148	#
110	1359.71	2	3	9	14	15	26	35	39	44	52	59	70	78	81	91	98	99	100	111	116	148	#
111	1346.34	10	13	25	30	31	37	40	45	52	59	60	74	79	83	102	111	112	115	116	126	148	#
112	667.844	15	43	46	50	62	75	78	83	84	90	91	97	103	117	149	#
113	995.216	18	26	27	29	46	53	54	56	62	101	103	105	106	127	149	#
114	983.701	3	35	43	53	68	69	71	72	80	82	85	95	111	112	149	#
115	894.687	0	2	15	31	35	74	79	92	93	96	97	108	114	127	149	#
116	888.821	0	11	12	30	40	41	60	68	81	83	94	107	110	114	149	#
117	873.096	3	13	26	42	45	46	50	61	62	74	78	86	101	116	149	#
118	226.589	33	56	67	121	123	150	#
119	323.155	7	35	67	79	103	150	#
120	297.38	16	19	28	40	123	150	#
121	237.312	33	84	92	101	122	150	#
122	221.044	2	9	38	53	121	150	#
123	213.288	6	47	56	96	119	150	#
124	262.013	4	33	79	84	87	151	#
125	309.047	4	48	61	95	96	151	#
126	290.873	13	31	79	90	120	151	#
127	287.633	33	51	87	97	124	151	#
128	205.287	15	20	40	84	113	151	#
129	86.4759	92	115	152	#
130	122.677	48	115	152	#
131	76.1	90	92	152	#
132	51.6958	9	#
133	75.8269	4	#
134	31.7629	57	#
135	857.84	9	43	48	57	71	76	78	84	85	87	88	89	96	119	153	#
136	1194.48	0	9	13	33	34	36	37	43	68	74	89	96	98	111	153	#
137	1114.26	26	30	34	54	75	76	81	89	91	99	111	114	115	123	153	#
138	1014.46	0	1	6	9	13	21	27	33	34	72	82	118	121	125	153	#
139	872.845	17	24	43	46	53	60	61	71	86	91	93	96	100	108	153	#
140	867.131	10	22	26	35	37	42	54	65	67	80	85	96	103	124	153	#
141	272.613	63	73	86	107	123	154	#
142	406.85	16	62	92	97	123	154	#
143	364.267	12	59	73	88	107	154	#
144	321.287	7	81	82	86	100	154	#
145	293.817	4	13	58	63	112	154	#
146	334.251	1	2	4	9	41	90	93	127	155	#
147	459.825	2	5	16	23	69	92	97	107	155	#
148	446.441	1	29	33	45	64	69	83	97	155	#
149	443.091	4	29	55	59	62	75	96	105	155	#
150	332.685	9	39	45	60	76	78	114	118	155	#
151	329.495	4	10	49	62	90	93	113	127	155	#
152	1088.51	12	20	34	47	49	50	57	83	86	95	108	109	115	120	125	156	#
153	1051.71	7	13	37	47	56	59	62	65	66	84	93	100	119	122	125	156	#
154	981.786	6	7	8	10	20	21	24	57	65	73	75	92	112	121	122	156	#
155	976.312	18	30	34	37	38	41	48	56	57	62	69	70	79	98	125	156	#
156	945.05	11	12	19	22	27	40	43	46	47	56	95	108	112	113	121	156	#
157	937.415	6	7	25	53	75	88	93	101	105	111	112	113	115	117	126	156	#
158	253.488	7	24	27	114	157	#
159	305.806	46	51	58	114	157	#
160	259.754	7	97	106	110	157	#
161	233.234	20	27	57	117	157	#
162	172.713	24	35	101	106	157	#
163	366.865	5	48	57	85	94	112	158	#
164	462.493	5	14	19	21	50	89	158	#
165	448.347	31	42	48	56	87	96	158	#
166	447.411	17	24	31	76	94	97	158	#
167	282.696	14	49	82	85	123	126	158	#
168	268.792	15	20	36	67	86	112	158	#
169	154.13	22	38	159	#
170	109.839	38	73	159	#
171	77.0639	44	89	120	#
172	443.816	20	36	37	71	73	79	120	160	#
173	553.597	3	4	13	20	93	99	115	160	#
174	518.376	7	13	22	72	112	113	120	160	#
175	499.321	20	36	52	54	77	117	121	160	#
176	423.838	14	32	66	73	79	82	121	160	#
177	391.698	6	12	20	59	65	71	77	160	#
178	1204.59	8	15	19	23	24	35	54	63	72	77	102	107	108	119	161	#
179	1066.19	1	15	37	38	44	71	77	94	102	103	106	107	120	122	161	#
180	1058.74	1	8	28	32	37	48	70	72	91	93	98	107	109	112	161	#
181	1051.18	6	13	15	17	19	24	26	60	68	94	102	112	119	126	161	#
182	1040.18	1	23	48	65	68	69	70	85	92	96	111	113	116	119	161	#
183	1002.96	1	2	5	30	47	57	61	72	82	85	102	107	115	125	161	#
184	1142.66	8	15	17	27	29	32	39	43	45	49	63	70	71	74	75	86	88	89	102	104	115	121	162	#
185	1621.65	4	23	27	28	33	41	46	51	52	59	61	68	70	73	74	77	83	84	88	89	112	118	162	#
186	1499.55	6	9	10	15	22	24	29	41	49	52	63	76	78	80	83	88	89	90	99	114	122	123	162	#
187	1497.84	0	2	4	6	12	13	26	56	63	68	77	80	86	89	90	94	107	111	115	117	122	125	162	#
188	1453.66	4	28	33	37	46	56	62	66	68	71	73	78	79	83	88	92	96	102	103	105	116	122	162	#
189	1441.59	10	13	16	19	23	30	49	61	64	66	73	74	77	82	86	88	107	111	114	120	125	126	162	#
190	985.461	13	16	23	24	25	28	33	44	56	61	64	70	84	88	89	97	103	108	117	122	163	#
191	1443.45	7	9	10	13	27	28	36	45	47	55	58	64	72	94	96	100	105	109	114	121	163	#
192	1339.85	1	8	12	13	16	21	23	28	41	44	62	64	71	83	94	98	106	113	114	117	163	#
193	1273.17	19	20	33	38	44	47	66	69	72	78	83	86	89	97	98	99	102	109	111	124	163	#
194	1254.3	6	14	23	30	38	46	51	53	54	55	60	62	69	80	84	103	107	112	115	116	163	#
195	1233.78	2	12	20	21	25	39	43	70	72	76	81	83	84	92	96	112	113	114	126	127	163	#
196	256.165	35	114	120	164	#
197	290.5	38	100	114	164	#
198	289.983	79	115	120	164	#
199	94.0473	35	89	105	164	#
200	157.202	10	111	165	#
201	154.425	25	111	165	#
202	85.236	10	56	165	#
203	323.294	15	36	101	108	125	166	#
204	477.685	7	27	62	72	101	166	#
205	438.794	36	48	62	81	126	166	#
206	272.941	15	20	26	57	103	166	#
207	263.379	87	91	109	119	125	166	#
208	177.241	26	67	90	107	108	166	#
209	113.238	98	#
210	134.721	34	55	167	#
211	166.053	27	34	167	#
212	107.433	55	63	167	#
213	544.987	26	31	33	60	62	65	74	126	168	#
214	682.729	3	8	54	64	65	94	107	126	168	#
215	622.086	5	26	44	86	87	94	107	126	168	#
216	569.477	14	20	30	32	36	60	64	83	168	#
217	518.24	12	31	33	36	47	59	65	74	168	#
218	507.726	8	17	21	40	47	62	76	103	168	#
219	1448.72	5	6	35	37	39	45	48	78	81	88	89	92	94	100	105	109	111	114	116	119	127	169	#
220	1592.37	6	14	29	30	35	40	42	44	47	62	66	67	79	80	81	88	91	97	104	119	125	169	#
221	1476.68	3	9	17	25	31	44	45	48	64	85	88	89	94	101	110	112	114	117	122	124	125	169	#
222	1388.42	2	6	11	16	25	38	39	44	56	58	60	63	68	72	78	88	92	94	109	122	123	169	#
223	1385.38	2	4	13	14	18	27	29	30	40	43	45	70	87	92	95	103	115	117	119	122	125	169	#
224	1377.23	4	6	13	15	23	25	29	30	48	56	60	69	72	79	87	104	112	114	115	119	121	169	#
225	813.279	1	30	38	40	51	58	72	85	104	107	124	170	#
226	794.606	29	48	59	65	72	84	86	92	99	104	107	170	#
227	725.695	5	13	30	41	45	63	73	78	90	93	106	170	#
228	724.27	12	19	38	40	48	63	67	77	96	99	121	170	#
229	696.4	13	39	46	50	52	64	87	89	107	120	125	170	#
230	690.206	1	3	15	19	23	35	39	51	69	102	106	170	#
231	493.663	61	77	94	107	112	171	#
232	465.821	7	12	56	77	86	171	#
233	431.735	32	46	86	101	107	171	#
234	380.474	41	49	61	65	123	171	#
235	305.848	24	93	106	112	117	171	#
236	285.135	23	42	71	94	116	171	#
237	688.97	1	2	16	19	23	38	63	70	90	122	172	#
238	778.222	2	5	18	20	63	75	90	98	114	125	172	#
239	741.332	11	19	21	24	46	52	56	74	112	126	172	#
240	729.963	9	23	24	38	46	54	65	88	107	124	172	#
241	685.241	8	20	57	61	78	89	91	112	113	122	172	#
242	614.45	16	38	48	54	61	79	83	97	113	116	172	#
243	634.391	12	26	41	58	60	71	74	79	80	173	#
244	660.672	13	45	51	58	62	75	80	98	114	173	#
245	644.874	8	12	26	27	41	54	58	75	101	173	#
246	606.703	1	10	25	33	41	47	48	60	118	173	#
247	576.478	11	15	38	56	71	85	103	112	119	173	#
248	572.995	9	25	42	54	60	75	89	108	126	173	#
249	1588.82	2	6	17	21	29	41	47	48	51	52	53	69	82	85	91	99	108	114	119	125	174	#
250	1621.16	1	5	8	12	16	17	29	30	33	40	52	79	81	89	91	100	101	104	106	111	174	#
251	1548.69	2	5	6	7	14	27	29	30	36	67	77	81	84	88	90	107	109	112	113	118	174	#
252	1492.19	6	13	15	16	20	24	27	28	30	39	52	58	79	108	110	112	122	125	126	127	174	#
253	1485.27	6	8	9	19	20	21	29	31	40	45	63	70	84	88	90	91	94	113	117	127	174	#
254	1483.81	1	8	11	13	15	17	19	24	26	30	33	52	56	67	69	76	94	100	104	119	174	#
255	161.352	9	16	19	63	175	#
256	202.717	16	51	81	94	175	#
257	195.182	9	21	60	77	175	#
258	948.052	1	3	5	6	17	23	40	41	42	57	73	90	92	93	95	104	108	176	#
259	1398.27	1	8	19	23	29	35	46	48	75	77	89	90	92	97	104	122	123	176	#
260	1339.86	26	32	36	40	41	47	58	63	70	74	79	82	92	94	97	124	125	176	#
261	1280.37	19	28	33	42	54	68	72	78	81	83	85	90	91	104	106	114	115	176	#
262	1209.18	4	21	23	42	43	48	58	63	66	93	94	96	99	112	113	114	125	176	#
263	1182.21	1	8	19	32	33	36	42	43	60	71	79	82	88	107	112	120	125	176	#
264	952.527	2	4	11	18	24	25	27	34	37	60	66	76	79	86	104	116	127	177	#
265	1142.33	19	29	33	34	37	47	52	58	74	79	83	86	110	116	117	120	126	177	#
266	1107.41	0	3	4	7	19	20	31	44	57	65	66	76	89	96	108	124	126	177	#
267	1069.51	12	24	29	34	37	48	52	66	78	80	81	83	93	101	108	114	123	177	#
268	1054.58	14	16	22	25	29	33	41	43	44	47	56	72	76	78	89	104	111	177	#
269	1030.02	0	2	7	8	16	33	35	42	43	46	54	60	64	74	96	111	121	177	#
270	550.401	19	26	31	41	44	62	66	81	95	110	178	#
271	748.162	4	17	18	22	59	69	78	95	112	116	178	#
272	716.04	22	35	38	41	43	53	67	80	88	103	178	#
273	700.34	14	15	17	21	22	34	66	87	103	109	178	#
274	636.27	4	17	19	33	43	48	75	80	117	125	178	#
275	605.997	16	23	26	35	49	62	92	96	105	127	178	#
276	167.383	58	67	88	179	#
277	185.585	74	88	124	179	#
278	178.933	46	67	81	179	#
279	152.614	37	58	72	179	#
280	763.553	6	10	20	22	35	54	59	60	67	70	75	78	86	89	97	105	111	117	121	180	#
281	1119.79	1	17	18	22	33	38	47	51	56	62	71	72	73	89	111	113	118	126	127	180	#
282	1085.02	3	5	8	13	18	54	66	69	73	74	78	83	87	94	104	106	108	113	126	180	#
283	1074.77	5	8	25	29	34	41	42	48	49	59	77	91	96	105	106	111	116	118	119	180	#
284	1059.11	6	8	10	11	18	27	42	51	58	72	91	107	111	113	114	120	122	123	125	180	#
285	1027.81	23	40	49	50	51	54	55	75	85	88	101	107	109	112	113	115	117	118	123	180	#
286	126.849	0	22	94	97	120	181	#
287	189.501	54	68	86	97	100	181	#
288	189.276	39	45	48	49	90	108	182	#
289	220.692	1	17	25	39	95	105	182	#
290	809.978	2	4	7	11	19	42	55	60	62	76	79	80	84	93	97	102	105	108	123	124	183	#
291	1214	4	5	7	11	17	27	43	47	52	53	59	62	85	89	93	98	102	109	111	121	183	#
292	1201.74	4	9	10	15	28	46	50	53	65	68	69	78	80	97	102	115	116	119	120	125	183	#
293	1200.93	1	7	22	25	29	33	35	39	40	43	67	68	71	80	88	98	101	104	122	127	183	#
294	1139.85	2	8	17	18	19	23	26	35	45	49	60	69	78	81	84	103	104	107	108	117	183	#
295	1133.22	7	18	20	28	38	42	59	60	64	65	73	74	82	85	86	94	96	113	117	123	183	#
296	828.167	0	26	28	34	38	43	52	61	72	78	115	124	184	#
297	996.054	8	12	19	33	38	77	79	88	95	96	115	119	184	#
298	919.969	20	29	31	55	60	61	66	78	85	88	109	126	184	#
299	889.642	4	7	31	35	38	52	68	91	92	99	110	114	184	#
300	841.892	25	27	34	39	42	48	65	80	83	85	115	126	184	#
301	755.388	26	28	35	49	54	76	85	88	106	108	117	124	184	#
302	2080.79	1	18	23	26	27	34	35	41	44	49	50	52	56	59	60	61	63	65	67	78	80	97	101	109	111	112	113	116	118	119	121	122	125	185	#
303	2481.15	3	5	7	15	22	24	25	26	28	34	35	37	39	41	46	47	52	64	69	74	78	81	82	83	90	92	93	96	98	106	119	123	125	185	#
304	2477.01	3	5	8	10	24	25	27	29	31	33	34	38	41	52	53	59	61	68	70	72	77	78	79	84	87	92	94	95	97	99	106	114	125	185	#
305	2254.67	0	1	5	16	17	20	26	27	30	31	39	41	47	52	53	56	59	60	63	65	70	80	81	83	84	95	100	102	104	119	120	124	126	185	#
306	2198.73	1	4	8	10	11	21	22	24	26	28	29	32	38	39	59	65	69	71	73	79	82	94	96	97	106	107	108	109	112	114	117	119	127	185	#
307	2166.92	1	2	3	5	9	21	27	29	34	35	41	50	51	52	55	58	63	68	69	74	75	77	81	83	85	87	93	97	102	108	116	119	121	185	#
308	513.432	30	32	52	66	95	97	100	108	109	186	#
309	741.312	9	13	48	49	66	77	91	112	115	186	#
310	646.56	28	30	31	34	41	63	73	91	95	186	#
311	611.958	5	16	28	30	53	56	66	82	92	186	#
312	576.673	18	26	52	65	87	102	113	114	116	186	#
313	510.944	1	20	21	27	33	57	97	108	125	186	#
314	688.013	15	20	36	48	53	57	67	69	85	89	108	114	187	#
315	785.911	5	15	17	32	35	41	56	82	100	102	112	125	187	#
316	777.542	5	8	15	26	31	36	48	49	78	90	116	126	187	#
317	744.44	4	7	35	39	57	65	72	76	77	89	106	120	187	#
318	739.021	0	7	8	13	15	28	55	62	64	88	89	96	187	#
319	691.706	1	2	20	41	57	69	82	83	86	98	109	125	187	#
320	743.413	0	3	7	9	10	13	24	43	55	60	61	76	79	82	100	126	188	#
321	1101.79	2	8	9	11	14	20	27	47	48	52	55	59	61	78	93	126	188	#
322	1086.96	10	17	27	30	40	43	54	59	66	67	68	86	105	106	111	125	188	#
323	1080.47	4	11	14	24	38	39	48	54	61	72	93	94	111	113	116	127	188	#
324	1027.26	2	12	13	14	20	28	30	52	57	60	69	89	91	94	112	113	188	#
325	1003.31	24	26	27	28	31	33	50	55	58	76	102	105	106	112	116	117	188	#
326	751.226	5	12	22	27	32	46	47	54	87	107	109	124	189	#
327	949.834	14	16	17	25	27	29	37	52	83	106	115	121	189	#
328	776.748	13	22	23	42	59	63	73	75	77	84	108	114	189	#
329	767.387	22	25	32	42	53	65	66	81	88	106	122	125	189	#
330	731.155	1	16	27	59	66	74	75	76	83	87	96	106	189	#
331	713.222	5	28	29	30	40	62	73	81	103	108	114	120	189	#
332	3222.6	1	3	8	10	13	14	15	17	18	20	21	22	23	29	36	39	42	44	46	48	49	53	54	55	57	58	61	63	66	68	70	74	80	81	85	87	89	91	93	94	96	98	101	102	103	108	110	113	116	121	122	123	125	127	190	#
333	3833.91	0	2	4	5	6	7	9	13	19	21	22	29	30	31	32	36	38	41	42	46	48	51	52	54	55	60	65	68	69	71	73	79	80	81	83	91	93	96	98	99	101	102	103	106	108	111	115	117	118	122	124	125	126	127	190	#
334	3800.78	1	3	4	6	13	14	18	20	22	24	26	27	29	30	34	35	37	38	41	44	46	48	52	57	60	63	65	66	69	70	72	75	76	77	81	82	84	91	94	98	101	104	106	108	109	110	112	113	115	116	119	124	126	127	190	#
335	3791.58	1	2	3	4	5	7	9	13	14	17	18	22	23	24	26	27	35	38	41	42	44	50	51	55	56	60	61	65	68	72	73	78	80	84	86	90	91	94	95	98	100	101	102	103	106	108	110	111	113	117	122	123	125	126	190	#
336	3716.99	2	4	5	6	7	8	9	10	12	13	14	16	17	19	20	23	25	27	30	31	32	37	41	46	48	52	54	56	57	58	60	62	63	64	65	66	68	69	80	83	91	94	96	97	102	103	107	108	111	113	115	116	121	127	190	#
337	3626.59	0	1	4	5	13	17	19	23	25	27	30	31	35	36	39	41	42	49	52	54	56	58	60	61	62	63	68	72	74	76	83	84	86	87	88	89	90	91	93	94	95	98	99	101	108	112	114	115	117	118	122	124	125	126	190	#
338	124.939	1	4	191	#
339	152.985	1	46	191	#
340	113.054	4	11	191	#
341	1819.42	1	2	3	5	6	7	10	11	16	19	26	29	32	36	44	49	50	52	56	58	61	77	78	81	83	95	101	110	116	118	192	#
342	2400.8	0	7	11	17	19	24	25	27	28	33	34	48	59	60	62	65	75	76	79	81	83	86	88	96	107	109	110	119	123	125	192	#
343	2255.23	2	6	10	11	12	13	19	23	24	27	35	43	44	58	76	77	79	80	81	88	90	93	94	96	101	104	109	119	120	121	192	#
344	2234.65	5	9	29	30	34	36	41	43	44	47	54	61	62	73	75	79	80	91	96	97	101	107	108	109	115	117	118	120	125	127	192	#
345	2178.53	0	5	8	13	14	22	29	34	36	39	45	47	58	65	67	73	74	77	78	81	83	85	90	95	96	101	102	123	124	126	192	#
346	2151.24	5	7	11	12	21	27	28	34	36	42	44	51	54	57	62	66	71	72	75	77	78	85	86	100	101	102	104	107	123	125	192	#
347	613.719	2	5	41	48	60	65	66	82	83	100	105	122	193	#
348	920.564	7	9	14	27	29	65	69	95	99	104	107	109	193	#
349	904.044	5	8	15	45	47	48	53	91	93	94	95	126	193	#
350	832.157	2	12	13	36	40	50	53	66	106	114	116	126	193	#
351	796.383	12	13	17	27	42	54	58	96	100	101	105	109	193	#
352	765.842	8	10	12	34	35	49	64	73	98	116	122	125	193	#
353	704.102	9	17	48	62	74	77	83	115	194	#
354	989.026	17	29	47	52	62	81	117	122	194	#
355	731.55	1	17	33	38	52	76	116	127	194	#
356	629.324	8	15	18	38	45	47	57	115	194	#
357	568.607	7	9	10	13	23	36	57	58	194	#
358	550.748	1	2	8	25	62	74	108	111	194	#
359	1012.02	1	4	24	26	29	40	47	59	76	94	100	110	112	119	120	195	#
360	1192.61	12	13	16	19	25	36	39	48	60	62	65	89	94	124	125	195	#
361	1169.39	0	11	13	16	18	29	35	58	65	89	92	94	108	112	125	195	#
362	1115.68	4	12	13	38	46	48	58	64	71	76	80	108	110	116	122	195	#
363	1052.09	5	15	21	24	26	35	40	52	54	56	62	65	80	81	111	195	#
364	1049.88	4	7	12	20	45	48	68	75	80	87	100	112	114	118	127	195	#
365	344.809	3	12	57	63	85	106	113	196	#
366	502.132	3	12	40	76	88	106	116	196	#
367	354.187	7	14	30	57	67	82	85	196	#
368	340.966	7	11	15	50	79	100	113	196	#
369	304.536	2	12	24	71	75	77	79	196	#
370	253.156	22	54	57	62	86	100	123	196	#
371	1099.13	8	13	14	15	17	22	24	25	32	53	56	60	77	79	85	88	95	100	101	117	119	197	#
372	1641.93	2	4	22	27	28	30	38	40	45	48	54	55	56	77	91	102	103	105	116	123	125	197	#
373	1612.39	1	2	8	20	25	27	30	41	43	44	49	50	56	70	72	77	88	91	106	109	118	197	#
374	1512.18	4	14	19	25	27	33	34	37	38	46	48	56	58	64	71	79	82	88	102	109	125	197	#
375	1398.56	5	10	13	20	27	28	29	35	37	46	47	48	59	77	83	86	91	101	105	108	109	197	#
376	1384.88	6	17	23	27	30	34	38	40	45	46	51	58	61	64	68	79	87	93	100	103	118	197	#
377	776.33	1	6	12	23	34	57	69	70	77	115	198	#
378	900.496	1	14	18	30	72	78	79	115	124	125	198	#
379	797.306	12	23	26	34	38	60	83	85	106	115	198	#
380	738.959	3	11	19	24	34	62	75	103	118	125	198	#
381	719.03	0	21	28	29	46	68	70	85	102	109	198	#
382	708.479	11	15	46	60	66	69	79	96	99	104	198	#
383	277.146	56	57	63	95	119	123	199	#
384	379.288	19	25	57	104	111	121	199	#
385	373.485	36	38	57	70	95	99	199	#
386	274.642	25	32	39	56	78	119	199	#
387	231.982	53	63	67	85	93	111	199	#
388	224.85	31	44	100	118	121	123	199	#
389	396.145	13	24	43	49	73	84	95	127	200	#
390	584.676	7	26	49	58	66	106	113	114	200	#
391	569.299	3	7	13	31	42	61	74	114	200	#
392	528.22	1	24	29	43	62	85	105	127	200	#
393	457.011	16	19	28	66	70	79	125	127	200	#
394	366.602	16	32	43	44	53	97	113	125	200	#
395	1592.34	2	3	6	12	18	22	26	29	40	45	50	55	59	66	67	68	69	75	77	80	82	92	94	100	102	103	113	201	#
396	1908.12	0	4	6	7	8	9	12	16	21	27	29	34	41	48	52	53	59	60	73	74	77	80	83	85	103	107	112	201	#
397	1877.35	0	3	11	13	20	26	27	29	31	33	34	43	54	56	69	73	79	80	81	91	93	94	96	101	105	109	110	201	#
398	1821.44	1	3	6	11	13	16	20	26	27	32	35	47	52	54	55	56	66	71	75	86	102	103	106	107	109	123	126	201	#
399	1748.57	5	21	24	25	30	34	35	39	45	48	50	57	59	63	80	82	84	91	92	93	94	100	101	107	118	123	126	201	#
400	1735.22	2	7	8	10	11	34	41	49	50	56	58	62	66	68	73	80	91	94	95	96	102	103	109	116	122	125	127	201	#
401	419.113	18	22	24	45	60	80	96	108	114	124	202	#
402	575.964	7	12	19	22	59	68	70	95	114	117	202	#
403	573.552	8	23	28	36	54	57	61	85	96	97	202	#
404	555.716	23	24	29	32	49	60	65	79	85	117	202	#
405	542.831	8	18	55	76	78	80	88	91	110	115	202	#
406	538.198	2	49	57	98	101	108	109	112	117	126	202	#
407	69.9766	65	#
408	822.673	11	19	34	41	49	52	55	57	58	61	72	77	89	105	203	#
409	1038.9	6	7	9	19	27	31	34	52	59	65	70	78	114	119	203	#
410	1012.42	7	17	23	53	59	65	68	81	84	85	89	96	103	118	203	#
411	985.262	7	11	26	27	33	62	79	84	85	86	98	111	113	114	203	#
412	938.418	2	4	22	45	47	55	72	77	81	84	102	109	120	123	203	#
413	899.23	19	26	48	52	53	61	71	80	93	94	103	119	125	126	203	#
414	51.6873	108	#
415	377.73	21	33	34	43	86	98	204	#
416	476.271	20	30	59	98	109	113	204	#
417	408.365	52	77	78	86	89	118	204	#
418	355.589	19	21	44	60	63	120	204	#
419	348.196	34	44	52	63	69	111	204	#
420	336.879	16	20	23	27	43	71	204	#
421	118.662	68	85	205	#
422	68.0121	68	103	205	#
423	64.7773	60	85	205	#
424	160.963	83	92	206	#
425	202.04	83	88	206	#
426	237.595	15	23	44	101	207	#
427	331.806	44	72	81	104	207	#
428	315.628	13	15	19	44	207	#
429	585.185	14	23	41	42	45	88	98	110	116	208	#
430	619.278	14	43	62	80	88	92	96	122	123	208	#
431	562.463	31	41	45	63	86	100	103	110	113	208	#
432	521.305	17	19	23	42	51	84	90	99	103	208	#
433	519.846	8	10	59	68	72	78	110	112	120	208	#
434	503.769	11	18	62	70	72	99	116	119	122	208	#
435	492.192	2	7	37	42	111	122	123	126	209	#
436	587.463	1	62	67	75	91	106	111	126	209	#
437	578.159	16	28	32	37	48	66	93	107	209	#
438	442.966	10	11	17	35	49	108	123	124	209	#
439	437.25	2	28	32	42	49	76	112	119	209	#
440	389.404	2	17	32	43	54	112	126	127	209	#
441	674.486	1	7	8	30	36	43	79	93	102	122	210	#
442	797.117	10	11	13	27	32	36	62	69	81	106	210	#
443	709	4	20	23	25	30	56	59	63	112	124	210	#
444	697.259	17	30	47	72	74	92	97	102	116	123	210	#
445	612.475	7	14	22	29	30	50	56	81	87	91	210	#
446	569.2	8	11	17	32	60	65	73	99	100	124	210	#
447	881.447	23	35	37	38	56	67	71	91	92	98	106	211	#
448	1057.45	30	37	41	65	77	79	98	109	111	124	125	211	#
449	955.989	12	13	44	47	67	81	97	98	109	123	125	211	#
450	894.276	7	23	30	35	37	46	60	92	100	109	123	211	#
451	839.18	19	35	45	47	60	62	65	66	67	71	90	211	#
452	795.638	1	9	17	23	25	51	95	104	123	125	126	211	#
453	1387.63	1	6	7	8	9	18	22	27	34	35	53	59	66	69	74	85	99	100	114	122	212	#
454	1502.5	2	7	17	25	26	27	35	41	42	47	54	73	74	75	82	85	95	100	106	119	212	#
455	1432	1	3	7	11	15	19	22	26	27	35	43	53	54	69	75	79	87	91	101	114	212	#
456	1399.87	7	8	10	15	18	25	26	29	37	44	47	53	55	58	66	72	77	90	102	105	212	#
457	1369.34	5	6	14	15	27	40	48	59	62	67	83	92	99	100	105	106	112	122	124	125	212	#
458	1349.32	1	5	7	8	14	18	24	29	35	48	55	66	73	75	82	85	89	100	106	121	212	#
459	1667.45	5	6	7	9	16	18	19	23	24	37	38	65	69	71	72	73	84	85	95	100	105	111	114	115	120	125	213	#
460	1900.68	1	15	16	17	21	28	33	35	37	40	41	52	53	58	59	65	72	77	78	79	83	98	103	109	115	117	213	#
461	1881.26	0	1	6	7	9	13	20	29	32	34	35	54	56	64	65	66	69	80	85	86	88	90	111	112	113	114	213	#
462	1858.05	1	7	18	23	28	33	35	38	41	43	48	52	53	61	66	75	77	80	83	85	87	94	97	100	101	125	213	#
463	1832.33	6	9	11	12	13	21	23	25	39	46	48	55	56	58	66	67	72	73	79	83	98	102	109	111	113	115	213	#
464	1823.11	5	11	14	23	26	29	31	33	34	35	41	43	51	64	65	66	76	81	84	94	96	97	104	110	111	122	213	#
465	978.708	1	8	18	47	62	64	86	87	96	102	106	115	122	214	#
466	1006.54	13	18	19	50	79	83	87	90	101	102	107	111	123	214	#
467	982.665	13	15	31	36	49	67	78	81	89	96	102	104	127	214	#
468	962.03	15	27	31	47	65	74	79	85	89	91	99	120	125	214	#
469	956.357	18	22	25	37	41	66	75	81	91	104	111	115	120	214	#
470	935.268	8	10	19	33	36	46	47	52	54	57	85	109	123	214	#
471	456.331	6	7	34	59	91	103	116	117	215	#
472	536.299	12	15	20	35	43	98	103	122	215	#
473	496.492	6	10	15	48	51	68	93	109	215	#
474	484.67	20	34	35	39	84	93	104	114	215	#
475	482.51	12	36	49	52	62	105	117	122	215	#
476	477.639	3	7	20	30	45	92	110	124	215	#
477	36.2808	6	43	216	#
478	48.4927	6	12	216	#
479	20.1068	39	43	216	#
480	268.541	12	36	55	56	95	217	#
481	346.526	20	32	50	85	95	217	#
482	294.495	12	24	36	52	117	217	#
483	162.006	32	55	76	87	103	217	#
484	112.869	63	68	104	218	#
485	151.178	63	88	125	218	#
486	145.363	60	88	104	218	#
487	298.904	28	103	111	116	219	#
488	447.941	30	56	98	116	219	#
489	434.137	8	28	31	38	219	#
490	263.137	51	82	105	111	219	#
491	55.874	16	18	26	103	219	#
492	375.142	36	43	63	73	94	105	220	#
493	536.676	41	48	52	56	79	94	220	#
494	491.5	15	78	101	102	105	125	220	#
495	476.065	17	43	46	78	96	114	220	#
496	411.081	8	21	57	73	99	116	220	#
497	365.515	29	63	83	87	110	114	220	#
498	580.392	8	35	41	67	74	81	93	99	101	124	221	#
499	829.07	1	19	20	35	53	59	83	114	119	123	221	#
500	685.796	15	16	18	31	35	56	67	78	96	108	221	#
501	643.021	25	34	35	43	50	52	81	92	100	112	221	#
502	618.293	2	41	48	50	59	64	75	97	115	124	221	#
503	592.22	8	37	43	47	56	65	89	93	97	118	221	#
