%% File generated by CATS v.2.1Thu May  9 12:48:28 2024

%% The CATS webpage is http://robotics.stanford.edu/CATS

%% PARAMETER SETTINGS:
% Goods: 128; Bids: 500; Distribution: matching; Runs: 1; Seed: 76
% Matching Distribution Parameters:
% Max airport price       = 5
% Early takeoff deviation = 1
% Late takeoff deviation  = 2
% Early landing deviation = 1
% Late landing deviation  = 2
% Deviation               = 0.500000
% Delay coefficient       = 0.900000
% Amount late coefficient = 0.750000



goods 128
bids 500
dummy 54

0	4.23926	42	80	128	#
1	2.8615	42	84	128	#
2	2.57535	42	88	128	#
3	2.31781	42	92	128	#
4	3.17944	46	84	128	#
5	2.8615	46	88	128	#
6	2.57535	46	92	128	#
7	3.17944	50	88	128	#
8	2.8615	50	92	128	#
9	3.17944	54	92	128	#
10	2.06967	44	86	129	#
11	1.39702	44	90	129	#
12	1.25732	44	94	129	#
13	1.13159	44	98	129	#
14	1.55225	48	90	129	#
15	1.39702	48	94	129	#
16	1.25732	48	98	129	#
17	1.55225	52	94	129	#
18	1.39702	52	98	129	#
19	1.55225	56	98	129	#
20	3.14109	73	86	130	#
21	2.12024	73	90	130	#
22	1.90821	73	94	130	#
23	1.71739	73	98	130	#
24	2.35582	77	90	130	#
25	2.12024	77	94	130	#
26	1.90821	77	98	130	#
27	2.35582	81	94	130	#
28	2.12024	81	98	130	#
29	2.35582	85	98	130	#
30	3.47818	21	35	131	#
31	2.34777	21	39	131	#
32	2.11299	21	43	131	#
33	1.90169	21	47	131	#
34	2.60863	25	39	131	#
35	2.34777	25	43	131	#
36	2.11299	25	47	131	#
37	2.60863	29	43	131	#
38	2.34777	29	47	131	#
39	2.60863	33	47	131	#
40	3.08629	56	99	132	#
41	2.08324	56	103	132	#
42	1.87492	56	107	132	#
43	1.68743	56	111	132	#
44	2.31472	60	103	132	#
45	2.08324	60	107	132	#
46	1.87492	60	111	132	#
47	2.31472	64	107	132	#
48	2.08324	64	111	132	#
49	2.31472	68	111	132	#
50	5.59761	44	87	133	#
51	3.77838	44	91	133	#
52	3.40055	44	95	133	#
53	3.06049	44	99	133	#
54	4.19821	48	91	133	#
55	3.77838	48	95	133	#
56	3.40055	48	99	133	#
57	4.19821	52	95	133	#
58	3.77838	52	99	133	#
59	4.19821	56	99	133	#
60	4.31597	73	87	134	#
61	2.91328	73	91	134	#
62	2.62195	73	95	134	#
63	2.35976	73	99	134	#
64	3.23698	77	91	134	#
65	2.91328	77	95	134	#
66	2.62195	77	99	134	#
67	3.23698	81	95	134	#
68	2.91328	81	99	134	#
69	3.23698	85	99	134	#
70	3.94026	65	78	135	#
71	2.65967	65	82	135	#
72	2.39371	65	86	135	#
73	2.15434	65	90	135	#
74	2.95519	69	82	135	#
75	2.65967	69	86	135	#
76	2.39371	69	90	135	#
77	2.95519	73	86	135	#
78	2.65967	73	90	135	#
79	2.95519	77	90	135	#
80	3.81732	65	79	136	#
81	2.57669	65	83	136	#
82	2.31902	65	87	136	#
83	2.08712	65	91	136	#
84	2.86299	69	83	136	#
85	2.57669	69	87	136	#
86	2.31902	69	91	136	#
87	2.86299	73	87	136	#
88	2.57669	73	91	136	#
89	2.86299	77	91	136	#
90	3.11117	25	38	137	#
91	2.10004	25	42	137	#
92	1.89003	25	46	137	#
93	1.70103	25	50	137	#
94	2.33338	29	42	137	#
95	2.10004	29	46	137	#
96	1.89003	29	50	137	#
97	2.33338	33	46	137	#
98	2.10004	33	50	137	#
99	2.33338	37	50	137	#
100	3.67645	28	71	138	#
101	2.4816	28	75	138	#
102	2.23344	28	79	138	#
103	2.0101	28	83	138	#
104	2.75734	32	75	138	#
105	2.4816	32	79	138	#
106	2.23344	32	83	138	#
107	2.75734	36	79	138	#
108	2.4816	36	83	138	#
109	2.75734	40	83	138	#
110	6.14169	89	120	139	#
111	4.14564	89	124	139	#
112	4.60627	93	124	139	#
113	1.84416	0	42	140	#
114	1.65974	0	46	140	#
115	1.49377	0	50	140	#
116	1.84416	4	46	140	#
117	1.65974	4	50	140	#
118	1.84416	8	50	140	#
119	4.93163	61	74	141	#
120	3.32885	61	78	141	#
121	2.99596	61	82	141	#
122	2.69637	61	86	141	#
123	3.69872	65	78	141	#
124	3.32885	65	82	141	#
125	2.99596	65	86	141	#
126	3.69872	69	82	141	#
127	3.32885	69	86	141	#
128	3.69872	73	86	141	#
129	6.03225	56	89	142	#
130	4.07177	56	93	142	#
131	3.66459	56	97	142	#
132	3.29813	56	101	142	#
133	4.52419	60	93	142	#
134	4.07177	60	97	142	#
135	3.66459	60	101	142	#
136	4.52419	64	97	142	#
137	4.07177	64	101	142	#
138	4.52419	68	101	142	#
139	2.53496	48	81	143	#
140	1.7111	48	85	143	#
141	1.53999	48	89	143	#
142	1.38599	48	93	143	#
143	1.90122	52	85	143	#
144	1.7111	52	89	143	#
145	1.53999	52	93	143	#
146	1.90122	56	89	143	#
147	1.7111	56	93	143	#
148	1.90122	60	93	143	#
149	2.71369	5	19	144	#
150	1.83174	5	23	144	#
151	1.64857	5	27	144	#
152	1.48371	5	31	144	#
153	2.03527	9	23	144	#
154	1.83174	9	27	144	#
155	1.64857	9	31	144	#
156	2.03527	13	27	144	#
157	1.83174	13	31	144	#
158	2.03527	17	31	144	#
159	4.09098	59	96	145	#
160	2.76141	59	100	145	#
161	2.48527	59	104	145	#
162	2.23674	59	108	145	#
163	3.06824	63	100	145	#
164	2.76141	63	104	145	#
165	2.48527	63	108	145	#
166	3.06824	67	104	145	#
167	2.76141	67	108	145	#
168	3.06824	71	108	145	#
169	3.97619	78	89	146	#
170	2.68393	78	93	146	#
171	2.41553	78	97	146	#
172	2.17398	78	101	146	#
173	2.98214	82	93	146	#
174	2.68393	82	97	146	#
175	2.41553	82	101	146	#
176	2.98214	86	97	146	#
177	2.68393	86	101	146	#
178	2.98214	90	101	146	#
179	3.58418	39	49	147	#
180	2.41932	39	53	147	#
181	2.17739	39	57	147	#
182	1.95965	39	61	147	#
183	2.68814	43	53	147	#
184	2.41932	43	57	147	#
185	2.17739	43	61	147	#
186	2.68814	47	57	147	#
187	2.41932	47	61	147	#
188	2.68814	51	61	147	#
189	4.15012	27	64	148	#
190	2.80133	27	68	148	#
191	2.5212	27	72	148	#
192	2.26908	27	76	148	#
193	3.11259	31	68	148	#
194	2.80133	31	72	148	#
195	2.5212	31	76	148	#
196	3.11259	35	72	148	#
197	2.80133	35	76	148	#
198	3.11259	39	76	148	#
199	5.15684	67	104	149	#
200	3.48087	67	108	149	#
201	3.13278	67	112	149	#
202	2.8195	67	116	149	#
203	3.86763	71	108	149	#
204	3.48087	71	112	149	#
205	3.13278	71	116	149	#
206	3.86763	75	112	149	#
207	3.48087	75	116	149	#
208	3.86763	79	116	149	#
209	2.98191	32	74	150	#
210	2.01279	32	78	150	#
211	1.81151	32	82	150	#
212	1.63036	32	86	150	#
213	2.23643	36	78	150	#
214	2.01279	36	82	150	#
215	1.81151	36	86	150	#
216	2.23643	40	82	150	#
217	2.01279	40	86	150	#
218	2.23643	44	86	150	#
219	5.27896	79	116	151	#
220	3.5633	79	120	151	#
221	3.20697	79	124	151	#
222	3.95922	83	120	151	#
223	3.5633	83	124	151	#
224	3.95922	87	124	151	#
225	5.15351	82	93	152	#
226	3.47862	82	97	152	#
227	3.13076	82	101	152	#
228	2.81768	82	105	152	#
229	3.86513	86	97	152	#
230	3.47862	86	101	152	#
231	3.13076	86	105	152	#
232	3.86513	90	101	152	#
233	3.47862	90	105	152	#
234	3.86513	94	105	152	#
235	5.54247	62	100	153	#
236	3.74117	62	104	153	#
237	3.36705	62	108	153	#
238	3.03035	62	112	153	#
239	4.15685	66	104	153	#
240	3.74117	66	108	153	#
241	3.36705	66	112	153	#
242	4.15685	70	108	153	#
243	3.74117	70	112	153	#
244	4.15685	74	112	153	#
245	4.59129	10	48	154	#
246	3.09912	10	52	154	#
247	2.78921	10	56	154	#
248	2.51029	10	60	154	#
249	3.44347	14	52	154	#
250	3.09912	14	56	154	#
251	2.78921	14	60	154	#
252	3.44347	18	56	154	#
253	3.09912	18	60	154	#
254	3.44347	22	60	154	#
255	3.89018	41	55	155	#
256	2.62587	41	59	155	#
257	2.36328	41	63	155	#
258	2.12695	41	67	155	#
259	2.91763	45	59	155	#
260	2.62587	45	63	155	#
261	2.36328	45	67	155	#
262	2.91763	49	63	155	#
263	2.62587	49	67	155	#
264	2.91763	53	67	155	#
265	2.08888	93	106	156	#
266	1.40999	93	110	156	#
267	1.26899	93	114	156	#
268	1.14209	93	118	156	#
269	1.56666	97	110	156	#
270	1.40999	97	114	156	#
271	1.26899	97	118	156	#
272	1.56666	101	114	156	#
273	1.40999	101	118	156	#
274	1.56666	105	118	156	#
275	5.08908	85	98	157	#
276	3.43513	85	102	157	#
277	3.09162	85	106	157	#
278	2.78246	85	110	157	#
279	3.81681	89	102	157	#
280	3.43513	89	106	157	#
281	3.09162	89	110	157	#
282	3.81681	93	106	157	#
283	3.43513	93	110	157	#
284	3.81681	97	110	157	#
285	2.42668	9	23	158	#
286	1.63801	9	27	158	#
287	1.47421	9	31	158	#
288	1.32679	9	35	158	#
289	1.82001	13	27	158	#
290	1.63801	13	31	158	#
291	1.47421	13	35	158	#
292	1.82001	17	31	158	#
293	1.63801	17	35	158	#
294	1.82001	21	35	158	#
295	2.2715	103	113	159	#
296	1.53326	103	117	159	#
297	1.37993	103	121	159	#
298	1.24194	103	125	159	#
299	1.70362	107	117	159	#
300	1.53326	107	121	159	#
301	1.37993	107	125	159	#
302	1.70362	111	121	159	#
303	1.53326	111	125	159	#
304	1.70362	115	125	159	#
305	4.4655	66	77	160	#
306	3.01422	66	81	160	#
307	2.71279	66	85	160	#
308	2.44151	66	89	160	#
309	3.34913	70	81	160	#
310	3.01422	70	85	160	#
311	2.71279	70	89	160	#
312	3.34913	74	85	160	#
313	3.01422	74	89	160	#
314	3.34913	78	89	160	#
315	4.41974	15	52	161	#
316	2.98332	15	56	161	#
317	2.68499	15	60	161	#
318	2.41649	15	64	161	#
319	3.3148	19	56	161	#
320	2.98332	19	60	161	#
321	2.68499	19	64	161	#
322	3.3148	23	60	161	#
323	2.98332	23	64	161	#
324	3.3148	27	64	161	#
325	4.00871	70	81	162	#
326	2.70588	70	85	162	#
327	2.43529	70	89	162	#
328	2.19176	70	93	162	#
329	3.00653	74	85	162	#
330	2.70588	74	89	162	#
331	2.43529	74	93	162	#
332	3.00653	78	89	162	#
333	2.70588	78	93	162	#
334	3.00653	82	93	162	#
335	5.11985	20	62	163	#
336	3.4559	20	66	163	#
337	3.11031	20	70	163	#
338	2.79928	20	74	163	#
339	3.83988	24	66	163	#
340	3.4559	24	70	163	#
341	3.11031	24	74	163	#
342	3.83988	28	70	163	#
343	3.4559	28	74	163	#
344	3.83988	32	74	163	#
345	3.40982	66	104	164	#
346	2.30163	66	108	164	#
347	2.07146	66	112	164	#
348	1.86432	66	116	164	#
349	2.55736	70	108	164	#
350	2.30163	70	112	164	#
351	2.07146	70	116	164	#
352	2.55736	74	112	164	#
353	2.30163	74	116	164	#
354	2.55736	78	116	164	#
355	4.34275	85	98	165	#
356	2.93136	85	102	165	#
357	2.63822	85	106	165	#
358	2.3744	85	110	165	#
359	3.25707	89	102	165	#
360	2.93136	89	106	165	#
361	2.63822	89	110	165	#
362	3.25707	93	106	165	#
363	2.93136	93	110	165	#
364	3.25707	97	110	165	#
365	2.69589	49	62	166	#
366	1.81972	49	66	166	#
367	1.63775	49	70	166	#
368	1.47398	49	74	166	#
369	2.02191	53	66	166	#
370	1.81972	53	70	166	#
371	1.63775	53	74	166	#
372	2.02191	57	70	166	#
373	1.81972	57	74	166	#
374	2.02191	61	74	166	#
375	4.99972	88	121	167	#
376	3.37481	88	125	167	#
377	3.74979	92	125	167	#
378	4.20612	1	32	168	#
379	3.78551	1	36	168	#
380	3.40696	1	40	168	#
381	4.20612	5	36	168	#
382	3.78551	5	40	168	#
383	4.20612	9	40	168	#
384	3.24592	32	65	169	#
385	2.19099	32	69	169	#
386	1.9719	32	73	169	#
387	1.77471	32	77	169	#
388	2.43444	36	69	169	#
389	2.19099	36	73	169	#
390	1.9719	36	77	169	#
391	2.43444	40	73	169	#
392	2.19099	40	77	169	#
393	2.43444	44	77	169	#
394	4.66781	60	102	170	#
395	3.15077	60	106	170	#
396	2.83569	60	110	170	#
397	2.55213	60	114	170	#
398	3.50086	64	106	170	#
399	3.15077	64	110	170	#
400	2.83569	64	114	170	#
401	3.50086	68	110	170	#
402	3.15077	68	114	170	#
403	3.50086	72	114	170	#
404	5.46294	80	122	171	#
405	3.68749	80	126	171	#
406	4.09721	84	126	171	#
407	3.94505	42	53	172	#
408	2.66291	42	57	172	#
409	2.39662	42	61	172	#
410	2.15695	42	65	172	#
411	2.95879	46	57	172	#
412	2.66291	46	61	172	#
413	2.39662	46	65	172	#
414	2.95879	50	61	172	#
415	2.66291	50	65	172	#
416	2.95879	54	65	172	#
417	4.9105	25	39	173	#
418	3.31459	25	43	173	#
419	2.98313	25	47	173	#
420	2.68482	25	51	173	#
421	3.68288	29	43	173	#
422	3.31459	29	47	173	#
423	2.98313	29	51	173	#
424	3.68288	33	47	173	#
425	3.31459	33	51	173	#
426	3.68288	37	51	173	#
427	4.57072	110	121	174	#
428	3.08524	110	125	174	#
429	3.42804	114	125	174	#
430	5.22869	52	85	175	#
431	3.52937	52	89	175	#
432	3.17643	52	93	175	#
433	2.85879	52	97	175	#
434	3.92152	56	89	175	#
435	3.52937	56	93	175	#
436	3.17643	56	97	175	#
437	3.92152	60	93	175	#
438	3.52937	60	97	175	#
439	3.92152	64	97	175	#
440	4.17089	9	23	176	#
441	2.81535	9	27	176	#
442	2.53381	9	31	176	#
443	2.28043	9	35	176	#
444	3.12817	13	27	176	#
445	2.81535	13	31	176	#
446	2.53381	13	35	176	#
447	3.12817	17	31	176	#
448	2.81535	17	35	176	#
449	3.12817	21	35	176	#
450	3.19842	93	106	177	#
451	2.15894	93	110	177	#
452	1.94304	93	114	177	#
453	1.74874	93	118	177	#
454	2.39882	97	110	177	#
455	2.15894	97	114	177	#
456	1.94304	97	118	177	#
457	2.39882	101	114	177	#
458	2.15894	101	118	177	#
459	2.39882	105	118	177	#
460	5.68605	56	98	178	#
461	3.83808	56	102	178	#
462	3.45427	56	106	178	#
463	3.10885	56	110	178	#
464	4.26454	60	102	178	#
465	3.83808	60	106	178	#
466	3.45427	60	110	178	#
467	4.26454	64	106	178	#
468	3.83808	64	110	178	#
469	4.26454	68	110	178	#
470	4.12966	24	66	179	#
471	2.78752	24	70	179	#
472	2.50877	24	74	179	#
473	2.25789	24	78	179	#
474	3.09724	28	70	179	#
475	2.78752	28	74	179	#
476	2.50877	28	78	179	#
477	3.09724	32	74	179	#
478	2.78752	32	78	179	#
479	3.09724	36	78	179	#
480	3.74074	9	40	180	#
481	2.525	9	44	180	#
482	2.2725	9	48	180	#
483	2.04525	9	52	180	#
484	2.80555	13	44	180	#
485	2.525	13	48	180	#
486	2.2725	13	52	180	#
487	2.80555	17	48	180	#
488	2.525	17	52	180	#
489	2.80555	21	52	180	#
490	2.36579	60	93	181	#
491	1.59691	60	97	181	#
492	1.43722	60	101	181	#
493	1.29349	60	105	181	#
494	1.77434	64	97	181	#
495	1.59691	64	101	181	#
496	1.43722	64	105	181	#
497	1.77434	68	101	181	#
498	1.59691	68	105	181	#
499	1.77434	72	105	181	#
