%% File generated by CATS v.2.1Thu May  9 12:48:28 2024

%% The CATS webpage is http://robotics.stanford.edu/CATS

%% PARAMETER SETTINGS:
% Goods: 128; Bids: 500; Distribution: matching; Runs: 1; Seed: 48
% Matching Distribution Parameters:
% Max airport price       = 5
% Early takeoff deviation = 1
% Late takeoff deviation  = 2
% Early landing deviation = 1
% Late landing deviation  = 2
% Deviation               = 0.500000
% Delay coefficient       = 0.900000
% Amount late coefficient = 0.750000



goods 128
bids 505
dummy 52

0	7.14065	24	66	128	#
1	4.81994	24	70	128	#
2	4.33795	24	74	128	#
3	3.90415	24	78	128	#
4	5.35549	28	70	128	#
5	4.81994	28	74	128	#
6	4.33795	28	78	128	#
7	5.35549	32	74	128	#
8	4.81994	32	78	128	#
9	5.35549	36	78	128	#
10	10.5425	2	40	129	#
11	9.48822	2	44	129	#
12	8.5394	2	48	129	#
13	10.5425	6	44	129	#
14	9.48822	6	48	129	#
15	10.5425	10	48	129	#
16	10.7561	55	92	130	#
17	7.26036	55	96	130	#
18	6.53433	55	100	130	#
19	5.88089	55	104	130	#
20	8.06707	59	96	130	#
21	7.26036	59	100	130	#
22	6.53433	59	104	130	#
23	8.06707	63	100	130	#
24	7.26036	63	104	130	#
25	8.06707	67	104	130	#
26	7.02687	3	13	131	#
27	4.74313	3	17	131	#
28	4.26882	3	21	131	#
29	3.84194	3	25	131	#
30	5.27015	7	17	131	#
31	4.74313	7	21	131	#
32	4.26882	7	25	131	#
33	5.27015	11	21	131	#
34	4.74313	11	25	131	#
35	5.27015	15	25	131	#
36	4.86363	78	89	132	#
37	3.28295	78	93	132	#
38	2.95466	78	97	132	#
39	2.65919	78	101	132	#
40	3.64772	82	93	132	#
41	3.28295	82	97	132	#
42	2.95466	82	101	132	#
43	3.64772	86	97	132	#
44	3.28295	86	101	132	#
45	3.64772	90	101	132	#
46	9.90406	6	17	133	#
47	6.68524	6	21	133	#
48	6.01672	6	25	133	#
49	5.41504	6	29	133	#
50	7.42804	10	21	133	#
51	6.68524	10	25	133	#
52	6.01672	10	29	133	#
53	7.42804	14	25	133	#
54	6.68524	14	29	133	#
55	7.42804	18	29	133	#
56	5.15721	103	113	134	#
57	3.48111	103	117	134	#
58	3.133	103	121	134	#
59	2.8197	103	125	134	#
60	3.8679	107	117	134	#
61	3.48111	107	121	134	#
62	3.133	107	125	134	#
63	3.8679	111	121	134	#
64	3.48111	111	125	134	#
65	3.8679	115	125	134	#
66	5.73805	23	60	135	#
67	3.87319	23	64	135	#
68	3.48587	23	68	135	#
69	3.13728	23	72	135	#
70	4.30354	27	64	135	#
71	3.87319	27	68	135	#
72	3.48587	27	72	135	#
73	4.30354	31	68	135	#
74	3.87319	31	72	135	#
75	4.30354	35	72	135	#
76	6.64488	59	69	136	#
77	4.48529	59	73	136	#
78	4.03676	59	77	136	#
79	3.63309	59	81	136	#
80	4.98366	63	73	136	#
81	4.48529	63	77	136	#
82	4.03676	63	81	136	#
83	4.98366	67	77	136	#
84	4.48529	67	81	136	#
85	4.98366	71	81	136	#
86	8.38883	23	60	137	#
87	5.66246	23	64	137	#
88	5.09621	23	68	137	#
89	4.58659	23	72	137	#
90	6.29162	27	64	137	#
91	5.66246	27	68	137	#
92	5.09621	27	72	137	#
93	6.29162	31	68	137	#
94	5.66246	31	72	137	#
95	6.29162	35	72	137	#
96	5.24078	66	77	138	#
97	3.53752	66	81	138	#
98	3.18377	66	85	138	#
99	2.86539	66	89	138	#
100	3.93058	70	81	138	#
101	3.53752	70	85	138	#
102	3.18377	70	89	138	#
103	3.93058	74	85	138	#
104	3.53752	74	89	138	#
105	3.93058	78	89	138	#
106	6.47669	75	85	139	#
107	4.37177	75	89	139	#
108	3.93459	75	93	139	#
109	3.54113	75	97	139	#
110	4.85752	79	89	139	#
111	4.37177	79	93	139	#
112	3.93459	79	97	139	#
113	4.85752	83	93	139	#
114	4.37177	83	97	139	#
115	4.85752	87	97	139	#
116	15.0051	70	108	140	#
117	10.1284	70	112	140	#
118	9.11559	70	116	140	#
119	8.20403	70	120	140	#
120	11.2538	74	112	140	#
121	10.1284	74	116	140	#
122	9.11559	74	120	140	#
123	11.2538	78	116	140	#
124	10.1284	78	120	140	#
125	11.2538	82	120	140	#
126	10.6581	27	64	141	#
127	7.19424	27	68	141	#
128	6.47482	27	72	141	#
129	5.82733	27	76	141	#
130	7.9936	31	68	141	#
131	7.19424	31	72	141	#
132	6.47482	31	76	141	#
133	7.9936	35	72	141	#
134	7.19424	35	76	141	#
135	7.9936	39	76	141	#
136	7.22045	50	61	142	#
137	4.8738	50	65	142	#
138	4.38642	50	69	142	#
139	3.94778	50	73	142	#
140	5.41533	54	65	142	#
141	4.8738	54	69	142	#
142	4.38642	54	73	142	#
143	5.41533	58	69	142	#
144	4.8738	58	73	142	#
145	5.41533	62	73	142	#
146	7.15655	95	105	143	#
147	4.83067	95	109	143	#
148	4.3476	95	113	143	#
149	3.91284	95	117	143	#
150	5.36741	99	109	143	#
151	4.83067	99	113	143	#
152	4.3476	99	117	143	#
153	5.36741	103	113	143	#
154	4.83067	103	117	143	#
155	5.36741	107	117	143	#
156	9.84572	13	26	144	#
157	6.64586	13	30	144	#
158	5.98128	13	34	144	#
159	5.38315	13	38	144	#
160	7.38429	17	30	144	#
161	6.64586	17	34	144	#
162	5.98128	17	38	144	#
163	7.38429	21	34	144	#
164	6.64586	21	38	144	#
165	7.38429	25	38	144	#
166	8.0497	80	113	145	#
167	5.43354	80	117	145	#
168	4.89019	80	121	145	#
169	4.40117	80	125	145	#
170	6.03727	84	117	145	#
171	5.43354	84	121	145	#
172	4.89019	84	125	145	#
173	6.03727	88	121	145	#
174	5.43354	88	125	145	#
175	6.03727	92	125	145	#
176	12.219	25	56	146	#
177	8.2478	25	60	146	#
178	7.42302	25	64	146	#
179	6.68071	25	68	146	#
180	9.16422	29	60	146	#
181	8.2478	29	64	146	#
182	7.42302	29	68	146	#
183	9.16422	33	64	146	#
184	8.2478	33	68	146	#
185	9.16422	37	68	146	#
186	7.16562	15	25	147	#
187	4.83679	15	29	147	#
188	4.35311	15	33	147	#
189	3.9178	15	37	147	#
190	5.37421	19	29	147	#
191	4.83679	19	33	147	#
192	4.35311	19	37	147	#
193	5.37421	23	33	147	#
194	4.83679	23	37	147	#
195	5.37421	27	37	147	#
196	14.1202	64	97	148	#
197	9.53111	64	101	148	#
198	8.578	64	105	148	#
199	7.7202	64	109	148	#
200	10.5901	68	101	148	#
201	9.53111	68	105	148	#
202	8.578	68	109	148	#
203	10.5901	72	105	148	#
204	9.53111	72	109	148	#
205	10.5901	76	109	148	#
206	5.63019	49	63	149	#
207	3.80038	49	67	149	#
208	3.42034	49	71	149	#
209	3.07831	49	75	149	#
210	4.22264	53	67	149	#
211	3.80038	53	71	149	#
212	3.42034	53	75	149	#
213	4.22264	57	71	149	#
214	3.80038	57	75	149	#
215	4.22264	61	75	149	#
216	5.65799	35	72	150	#
217	3.81914	35	76	150	#
218	3.43723	35	80	150	#
219	3.0935	35	84	150	#
220	4.24349	39	76	150	#
221	3.81914	39	80	150	#
222	3.43723	39	84	150	#
223	4.24349	43	80	150	#
224	3.81914	43	84	150	#
225	4.24349	47	84	150	#
226	5.18848	69	82	151	#
227	3.50223	69	86	151	#
228	3.152	69	90	151	#
229	2.8368	69	94	151	#
230	3.89136	73	86	151	#
231	3.50223	73	90	151	#
232	3.152	73	94	151	#
233	3.89136	77	90	151	#
234	3.50223	77	94	151	#
235	3.89136	81	94	151	#
236	5.39179	72	105	152	#
237	3.63946	72	109	152	#
238	3.27551	72	113	152	#
239	2.94796	72	117	152	#
240	4.04384	76	109	152	#
241	3.63946	76	113	152	#
242	3.27551	76	117	152	#
243	4.04384	80	113	152	#
244	3.63946	80	117	152	#
245	4.04384	84	117	152	#
246	10.0475	21	52	153	#
247	6.78207	21	56	153	#
248	6.10386	21	60	153	#
249	5.49348	21	64	153	#
250	7.53563	25	56	153	#
251	6.78207	25	60	153	#
252	6.10386	25	64	153	#
253	7.53563	29	60	153	#
254	6.78207	29	64	153	#
255	7.53563	33	64	153	#
256	11.1384	69	100	154	#
257	7.51843	69	104	154	#
258	6.76658	69	108	154	#
259	6.08993	69	112	154	#
260	8.35381	73	104	154	#
261	7.51843	73	108	154	#
262	6.76658	73	112	154	#
263	8.35381	77	108	154	#
264	7.51843	77	112	154	#
265	8.35381	81	112	154	#
266	11.1008	38	49	155	#
267	7.49305	38	53	155	#
268	6.74374	38	57	155	#
269	6.06937	38	61	155	#
270	8.32561	42	53	155	#
271	7.49305	42	57	155	#
272	6.74374	42	61	155	#
273	8.32561	46	57	155	#
274	7.49305	46	61	155	#
275	8.32561	50	61	155	#
276	6.94063	47	84	156	#
277	4.68492	47	88	156	#
278	4.21643	47	92	156	#
279	3.79479	47	96	156	#
280	5.20547	51	88	156	#
281	4.68492	51	92	156	#
282	4.21643	51	96	156	#
283	5.20547	55	92	156	#
284	4.68492	55	96	156	#
285	5.20547	59	96	156	#
286	11.1311	43	80	157	#
287	7.51349	43	84	157	#
288	6.76214	43	88	157	#
289	6.08593	43	92	157	#
290	8.34833	47	84	157	#
291	7.51349	47	88	157	#
292	6.76214	47	92	157	#
293	8.34833	51	88	157	#
294	7.51349	51	92	157	#
295	8.34833	55	92	157	#
296	4.51289	71	81	158	#
297	3.0462	71	85	158	#
298	2.74158	71	89	158	#
299	2.46742	71	93	158	#
300	3.38467	75	85	158	#
301	3.0462	75	89	158	#
302	2.74158	75	93	158	#
303	3.38467	79	89	158	#
304	3.0462	79	93	158	#
305	3.38467	83	93	158	#
306	6.8534	5	19	159	#
307	4.62605	5	23	159	#
308	4.16344	5	27	159	#
309	3.7471	5	31	159	#
310	5.14005	9	23	159	#
311	4.62605	9	27	159	#
312	4.16344	9	31	159	#
313	5.14005	13	27	159	#
314	4.62605	13	31	159	#
315	5.14005	17	31	159	#
316	6.77285	24	57	160	#
317	4.57167	24	61	160	#
318	4.1145	24	65	160	#
319	3.70305	24	69	160	#
320	5.07963	28	61	160	#
321	4.57167	28	65	160	#
322	4.1145	28	69	160	#
323	5.07963	32	65	160	#
324	4.57167	32	69	160	#
325	5.07963	36	69	160	#
326	4.50173	30	41	161	#
327	3.03867	30	45	161	#
328	2.7348	30	49	161	#
329	2.46132	30	53	161	#
330	3.3763	34	45	161	#
331	3.03867	34	49	161	#
332	2.7348	34	53	161	#
333	3.3763	38	49	161	#
334	3.03867	38	53	161	#
335	3.3763	42	53	161	#
336	14.92	29	60	162	#
337	10.071	29	64	162	#
338	9.06388	29	68	162	#
339	8.15749	29	72	162	#
340	11.19	33	64	162	#
341	10.071	33	68	162	#
342	9.06388	33	72	162	#
343	11.19	37	68	162	#
344	10.071	37	72	162	#
345	11.19	41	72	162	#
346	4.96355	76	119	163	#
347	3.3504	76	123	163	#
348	3.01536	76	127	163	#
349	3.72266	80	123	163	#
350	3.3504	80	127	163	#
351	3.72266	84	127	163	#
352	13.78	30	68	164	#
353	9.30153	30	72	164	#
354	8.37138	30	76	164	#
355	7.53424	30	80	164	#
356	10.335	34	72	164	#
357	9.30153	34	76	164	#
358	8.37138	34	80	164	#
359	10.335	38	76	164	#
360	9.30153	38	80	164	#
361	10.335	42	80	164	#
362	12.1902	0	42	165	#
363	8.22841	0	46	165	#
364	7.40557	0	50	165	#
365	6.66501	0	54	165	#
366	9.14267	4	46	165	#
367	8.22841	4	50	165	#
368	7.40557	4	54	165	#
369	9.14267	8	50	165	#
370	8.22841	8	54	165	#
371	9.14267	12	54	165	#
372	11.7765	27	64	166	#
373	7.94915	27	68	166	#
374	7.15423	27	72	166	#
375	6.43881	27	76	166	#
376	8.83238	31	68	166	#
377	7.94915	31	72	166	#
378	7.15423	31	76	166	#
379	8.83238	35	72	166	#
380	7.94915	35	76	166	#
381	8.83238	39	76	166	#
382	11.0438	47	84	167	#
383	7.45459	47	88	167	#
384	6.70913	47	92	167	#
385	6.03822	47	96	167	#
386	8.28288	51	88	167	#
387	7.45459	51	92	167	#
388	6.70913	51	96	167	#
389	8.28288	55	92	167	#
390	7.45459	55	96	167	#
391	8.28288	59	96	167	#
392	8.10282	86	97	168	#
393	5.4694	86	101	168	#
394	4.92246	86	105	168	#
395	4.43022	86	109	168	#
396	6.07711	90	101	168	#
397	5.4694	90	105	168	#
398	4.92246	90	109	168	#
399	6.07711	94	105	168	#
400	5.4694	94	109	168	#
401	6.07711	98	109	168	#
402	9.5035	55	92	169	#
403	6.41486	55	96	169	#
404	5.77338	55	100	169	#
405	5.19604	55	104	169	#
406	7.12763	59	96	169	#
407	6.41486	59	100	169	#
408	5.77338	59	104	169	#
409	7.12763	63	100	169	#
410	6.41486	63	104	169	#
411	7.12763	67	104	169	#
412	5.69579	34	72	170	#
413	3.84466	34	76	170	#
414	3.4602	34	80	170	#
415	3.11418	34	84	170	#
416	4.27185	38	76	170	#
417	3.84466	38	80	170	#
418	3.4602	38	84	170	#
419	4.27185	42	80	170	#
420	3.84466	42	84	170	#
421	4.27185	46	84	170	#
422	5.73779	16	49	171	#
423	3.87301	16	53	171	#
424	3.48571	16	57	171	#
425	3.13714	16	61	171	#
426	4.30334	20	53	171	#
427	3.87301	20	57	171	#
428	3.48571	20	61	171	#
429	4.30334	24	57	171	#
430	3.87301	24	61	171	#
431	4.30334	28	61	171	#
432	4.1717	1	15	172	#
433	2.8159	1	19	172	#
434	2.53431	1	23	172	#
435	2.28088	1	27	172	#
436	3.12878	5	19	172	#
437	2.8159	5	23	172	#
438	2.53431	5	27	172	#
439	3.12878	9	23	172	#
440	2.8159	9	27	172	#
441	3.12878	13	27	172	#
442	7.59647	91	101	173	#
443	5.12762	91	105	173	#
444	4.61486	91	109	173	#
445	4.15337	91	113	173	#
446	5.69736	95	105	173	#
447	5.12762	95	109	173	#
448	4.61486	95	113	173	#
449	5.69736	99	109	173	#
450	5.12762	99	113	173	#
451	5.69736	103	113	173	#
452	11.5715	60	103	174	#
453	7.81078	60	107	174	#
454	7.0297	60	111	174	#
455	6.32673	60	115	174	#
456	8.67864	64	107	174	#
457	7.81078	64	111	174	#
458	7.0297	64	115	174	#
459	8.67864	68	111	174	#
460	7.81078	68	115	174	#
461	8.67864	72	115	174	#
462	13.8283	10	48	175	#
463	9.33407	10	52	175	#
464	8.40066	10	56	175	#
465	7.5606	10	60	175	#
466	10.3712	14	52	175	#
467	9.33407	14	56	175	#
468	8.40066	14	60	175	#
469	10.3712	18	56	175	#
470	9.33407	18	60	175	#
471	10.3712	22	60	175	#
472	5.56742	61	75	176	#
473	3.75801	61	79	176	#
474	3.38221	61	83	176	#
475	3.04399	61	87	176	#
476	4.17557	65	79	176	#
477	3.75801	65	83	176	#
478	3.38221	65	87	176	#
479	4.17557	69	83	176	#
480	3.75801	69	87	176	#
481	4.17557	73	87	176	#
482	6.9084	8	51	177	#
483	4.66317	8	55	177	#
484	4.19685	8	59	177	#
485	3.77717	8	63	177	#
486	5.1813	12	55	177	#
487	4.66317	12	59	177	#
488	4.19685	12	63	177	#
489	5.1813	16	59	177	#
490	4.66317	16	63	177	#
491	5.1813	20	63	177	#
492	8.78182	80	123	178	#
493	5.92773	80	127	178	#
494	6.58636	84	127	178	#
495	7.41761	64	97	179	#
496	5.00688	64	101	179	#
497	4.5062	64	105	179	#
498	4.05558	64	109	179	#
499	5.5632	68	101	179	#
500	5.00688	68	105	179	#
501	4.5062	68	109	179	#
502	5.5632	72	105	179	#
503	5.00688	72	109	179	#
504	5.5632	76	109	179	#
