%% File generated by CATS v.2.1Thu May  9 12:49:06 2024

%% The CATS webpage is http://robotics.stanford.edu/CATS

%% PARAMETER SETTINGS:
% Goods: 128; Bids: 500; Distribution: paths; Runs: 1; Seed: 23
% Paths Distribution Parameters:
% Initial connections:       = 2
% Edge density:              = 3.000000
% Shipping cost factor:      = 1.500000
% Max bid set size:          = 5
% Building penalty:          = 1.700000



goods 128
bids 502
dummy 177

0	0.618047	28	115	128	#
1	0.618047	28	48	92	128	#
2	0.906295	55	120	129	#
3	0.906295	45	55	75	129	#
4	0.906295	0	32	55	121	129	#
5	0.906295	49	54	120	129	#
6	0.906295	45	49	54	75	129	#
7	1.09378	15	35	52	80	82	130	#
8	1.09378	16	36	52	80	82	130	#
9	0.158021	4	#
10	0.865778	18	32	110	118	131	#
11	0.865778	2	19	32	71	118	131	#
12	0.865778	18	32	47	71	118	131	#
13	0.865778	2	3	18	32	71	118	131	#
14	0.865778	3	19	32	110	118	131	#
15	0.912976	19	35	70	132	#
16	0.912976	19	35	109	118	132	#
17	0.912976	3	18	35	70	132	#
18	0.912976	3	18	35	109	118	132	#
19	0.912976	19	35	69	122	132	#
20	0.804361	13	31	35	109	133	#
21	0.804361	9	10	31	35	109	133	#
22	0.804361	13	15	16	31	98	133	#
23	0.804361	15	27	105	133	#
24	0.804361	13	31	32	35	54	69	133	#
25	1.00757	20	37	76	112	134	#
26	1.00757	20	28	37	76	90	134	#
27	1.00757	20	36	68	82	134	#
28	1.00757	15	20	35	41	82	111	134	#
29	1.00757	16	20	36	41	82	111	134	#
30	0.943181	14	33	84	135	#
31	0.943181	14	35	82	87	135	#
32	0.943181	14	33	35	50	82	135	#
33	0.943181	14	33	34	35	37	82	135	#
34	0.943181	9	16	31	40	66	98	135	#
35	0.734208	95	108	136	#
36	0.734208	25	29	38	95	136	#
37	0.734208	28	95	97	136	#
38	0.734208	28	38	51	95	136	#
39	0.734208	25	26	28	38	95	136	#
40	0.474103	20	127	137	#
41	0.474103	11	20	23	137	#
42	0.474103	20	24	39	137	#
43	0.474103	11	12	20	24	137	#
44	0.875119	9	53	66	72	#
45	0.610518	25	29	63	90	138	#
46	0.610518	4	90	108	138	#
47	0.610518	51	63	112	138	#
48	0.610518	25	26	63	112	138	#
49	0.610518	4	97	112	138	#
50	1.00598	11	77	139	#
51	1.00598	11	83	118	139	#
52	1.00598	78	81	139	#
53	1.00598	11	13	31	81	83	139	#
54	1.00598	12	39	77	139	#
55	0.908615	3	90	95	108	140	#
56	0.908615	3	95	97	112	140	#
57	0.908615	3	25	29	38	90	95	140	#
58	0.908615	3	38	51	95	112	140	#
59	0.908615	3	28	90	95	97	140	#
60	0.971368	11	19	77	141	#
61	0.971368	3	11	18	77	141	#
62	0.971368	2	11	18	47	77	141	#
63	0.971368	20	90	95	108	141	#
64	0.971368	20	95	97	112	141	#
65	1.13134	8	15	35	80	82	142	#
66	1.13134	8	16	36	80	82	142	#
67	1.13134	8	9	16	31	53	66	98	142	#
68	1.13134	8	15	33	53	84	142	#
69	1.13134	8	14	35	40	80	82	142	#
70	0.452144	35	54	69	#
71	0.793025	19	70	143	#
72	0.793025	19	109	118	143	#
73	0.793025	3	18	70	143	#
74	0.793025	3	18	109	118	143	#
75	0.793025	19	69	122	143	#
76	0.799264	9	16	31	98	111	144	#
77	0.799264	9	17	31	42	98	144	#
78	0.799264	10	42	105	144	#
79	0.799264	9	25	29	41	90	107	144	#
80	0.799264	9	41	51	107	112	144	#
81	0.63362	125	#
82	0.288421	87	145	#
83	0.288421	33	50	145	#
84	0.288421	33	34	37	145	#
85	0.961934	9	38	53	66	107	#
86	0.814356	15	84	#
87	0.501595	95	146	#
88	0.501595	2	104	146	#
89	0.965505	9	45	66	72	147	#
90	0.965505	3	66	102	103	147	#
91	0.965505	2	47	66	102	103	147	#
92	0.965505	10	19	66	81	102	147	#
93	0.965505	3	10	18	66	81	102	147	#
94	0.947391	1	25	29	62	63	90	148	#
95	0.947391	20	39	123	148	#
96	0.947391	1	4	62	90	108	148	#
97	0.947391	1	51	62	63	112	148	#
98	0.947391	1	25	26	62	63	112	148	#
99	0.205555	90	149	#
100	0.205555	28	112	149	#
101	0.895625	32	44	48	55	85	150	#
102	0.895625	32	43	48	55	57	85	150	#
103	0.955631	30	39	123	151	#
104	0.955631	11	12	30	123	151	#
105	0.773742	16	31	98	111	152	#
106	0.773742	17	31	42	98	152	#
107	0.773742	25	29	41	90	107	152	#
108	0.773742	41	51	107	112	152	#
109	0.773742	25	26	41	107	112	152	#
110	0.748288	9	31	109	153	#
111	0.748288	9	31	32	54	69	153	#
112	0.748288	10	13	31	109	153	#
113	0.748288	9	31	36	98	153	#
114	0.748288	9	31	32	49	55	69	153	#
115	0.773742	16	31	98	111	154	#
116	0.773742	17	31	42	98	154	#
117	0.773742	25	29	41	90	107	154	#
118	0.773742	41	51	107	112	154	#
119	0.773742	25	26	41	107	112	154	#
120	1.08773	36	46	63	65	155	#
121	1.08773	4	36	38	46	65	155	#
122	1.08773	25	29	63	124	155	#
123	1.08773	4	108	124	155	#
124	1.08773	28	51	63	124	155	#
125	0.662117	36	49	69	96	156	#
126	0.662117	36	48	49	56	69	156	#
127	0.662117	17	59	113	156	#
128	0.0625668	57	#
129	0.565971	20	90	108	157	#
130	0.565971	20	97	112	157	#
131	0.565971	20	25	29	38	90	157	#
132	0.565971	20	38	51	112	157	#
133	0.565971	20	28	90	97	157	#
134	0.940767	0	117	158	#
135	0.940767	20	25	29	62	63	90	158	#
136	0.940767	4	20	62	90	108	158	#
137	0.940767	20	51	62	63	112	158	#
138	0.940767	20	25	26	62	63	112	158	#
139	0.83771	0	99	#
140	0.361058	21	55	96	159	#
141	0.361058	22	48	55	159	#
142	0.361058	21	48	55	56	159	#
143	0.411204	53	66	#
144	0.102457	41	#
145	0.53175	11	20	40	41	111	#
146	0.282838	93	#
147	1.16242	52	60	116	160	#
148	1.16242	1	30	52	116	160	#
149	1.16242	7	8	60	116	160	#
150	1.16242	1	7	8	30	116	160	#
151	1.16242	0	9	45	52	53	66	72	160	#
152	0.919645	54	120	161	#
153	0.919645	45	54	75	161	#
154	0.919645	0	32	54	121	161	#
155	0.919645	0	1	94	161	#
156	0.919645	49	55	120	161	#
157	0.821828	9	66	107	162	#
158	0.821828	10	13	66	107	162	#
159	0.754335	32	54	57	85	#
160	0.491906	65	#
161	0.639347	2	19	122	163	#
162	0.639347	18	47	122	163	#
163	0.639347	2	3	18	122	163	#
164	0.639347	2	19	32	54	118	163	#
165	0.639347	18	32	47	54	118	163	#
166	0.317697	40	111	#
167	0.979376	123	#
168	0.448542	32	55	96	164	#
169	0.448542	32	48	55	56	164	#
170	0.983023	0	37	45	73	#
171	0.781141	17	36	37	82	#
172	0.83294	9	31	85	165	#
173	0.83294	9	89	107	165	#
174	0.83294	10	13	31	85	165	#
175	0.83294	10	13	89	107	165	#
176	0.884396	28	74	166	#
177	0.884396	25	29	60	62	63	166	#
178	0.884396	4	60	62	108	166	#
179	0.884396	1	25	29	30	62	63	166	#
180	0.884396	28	51	60	62	63	166	#
181	1.12186	30	88	167	#
182	1.12186	16	18	98	110	118	167	#
183	1.12186	27	61	71	167	#
184	1.12186	2	16	19	71	98	118	167	#
185	1.12186	41	74	111	112	167	#
186	0.79299	13	51	81	107	168	#
187	0.79299	13	25	26	81	107	168	#
188	0.79299	19	95	97	168	#
189	0.79299	19	38	51	95	168	#
190	0.79299	3	18	95	97	168	#
191	0.656769	20	40	41	58	111	169	#
192	0.656769	20	68	93	169	#
193	1.08297	15	16	62	63	65	170	#
194	1.08297	4	15	16	38	62	65	170	#
195	1.08297	35	109	121	170	#
196	1.08297	0	15	99	111	170	#
197	1.08297	14	62	63	91	170	#
198	0.325236	103	171	#
199	0.325236	10	18	81	171	#
200	0.325236	9	13	18	81	171	#
201	0.701403	3	106	172	#
202	0.701403	2	47	106	172	#
203	0.701403	19	32	48	55	118	172	#
204	0.701403	18	19	106	172	#
205	0.701403	3	18	32	48	55	118	172	#
206	0.589021	104	173	#
207	0.589021	2	95	173	#
208	0.589021	3	47	95	173	#
209	0.589021	5	6	95	173	#
210	0.589021	18	19	47	95	173	#
211	0.68141	9	31	98	#
212	0.966329	18	110	114	174	#
213	0.966329	56	106	110	174	#
214	0.966329	2	19	71	114	174	#
215	0.966329	18	47	71	114	174	#
216	0.966329	2	3	18	71	114	174	#
217	1.01009	36	80	82	175	#
218	1.01009	9	31	53	66	98	175	#
219	1.01009	36	53	82	87	175	#
220	1.01009	33	36	50	53	82	175	#
221	1.01009	36	49	64	69	96	175	#
222	0.8321	16	63	65	176	#
223	0.8321	4	16	38	65	176	#
224	0.8321	25	29	41	63	90	111	176	#
225	0.8321	4	41	90	108	111	176	#
226	0.8321	41	51	63	111	112	176	#
227	0.655065	50	125	177	#
228	0.655065	3	6	33	66	103	177	#
229	0.655065	34	37	125	177	#
230	0.919158	16	40	98	118	178	#
231	0.919158	101	122	178	#
232	0.919158	14	35	70	178	#
233	0.919158	14	35	109	118	178	#
234	0.919158	32	54	101	118	178	#
235	0.234959	41	42	#
236	0.330599	13	31	179	#
237	0.330599	9	10	31	179	#
238	0.574845	121	#
239	0.773684	20	36	68	69	180	#
240	0.773684	15	20	35	41	69	111	180	#
241	0.773684	16	20	36	41	69	111	180	#
242	0.773684	17	20	36	41	42	69	180	#
243	0.956815	19	77	181	#
244	0.956815	3	18	77	181	#
245	0.956815	2	18	47	77	181	#
246	0.956815	19	83	118	181	#
247	0.956815	3	18	83	118	181	#
248	1.05191	19	67	122	182	#
249	1.05191	3	18	67	122	182	#
250	1.05191	19	93	98	118	182	#
251	1.05191	3	18	93	98	118	182	#
252	1.05191	19	32	100	118	182	#
253	0.660406	16	98	111	183	#
254	0.660406	17	42	98	183	#
255	0.310556	25	29	90	184	#
256	0.310556	51	112	184	#
257	0.310556	25	26	112	184	#
258	0.310556	28	51	90	184	#
259	0.310556	25	26	28	90	184	#
260	0.507052	20	39	68	185	#
261	0.507052	11	12	20	68	185	#
262	0.752436	22	26	115	#
263	1.1337	58	126	186	#
264	1.1337	14	35	52	80	82	186	#
265	1.1337	7	8	14	35	80	82	186	#
266	1.1337	14	33	52	53	84	186	#
267	1.1337	49	52	64	96	101	186	#
268	0.706636	21	35	49	69	96	187	#
269	0.706636	22	35	48	49	69	187	#
270	0.706636	21	35	48	49	56	69	187	#
271	0.706636	21	35	54	55	69	96	187	#
272	0.706636	22	35	48	54	55	69	187	#
273	0.864691	123	#
274	0.493337	67	#
275	0.8624	3	6	8	53	66	103	188	#
276	0.8624	5	8	47	53	66	103	188	#
277	0.8624	2	3	5	8	53	66	103	188	#
278	0.8624	2	6	8	47	53	66	103	188	#
279	0.8624	6	8	10	19	53	66	81	188	#
280	1.15918	8	86	90	189	#
281	1.15918	8	28	86	112	189	#
282	1.15918	8	53	79	112	189	#
283	1.15918	8	28	53	79	90	189	#
284	1.15918	7	29	90	119	189	#
285	1.31725	30	88	40	58	190	#
286	1.31725	30	94	67	190	#
287	1.31725	110	18	122	67	190	#
288	1.31725	110	18	118	98	93	190	#
289	1.31725	30	88	16	93	190	#
290	0.951009	40	27	61	191	#
291	0.951009	40	16	98	118	19	2	191	#
292	0.951009	40	16	98	118	18	47	191	#
293	0.951009	40	16	98	118	18	3	2	191	#
294	0.951009	40	16	17	61	191	#
295	0.889831	91	63	192	#
296	0.889831	91	38	4	192	#
297	0.889831	40	16	65	63	192	#
298	0.889831	40	16	65	38	4	192	#
299	0.889831	14	15	16	65	63	192	#
300	0.691143	106	193	#
301	0.691143	18	118	32	55	48	193	#
302	0.255712	14	58	#
303	1.01443	19	77	12	194	#
304	1.01443	3	18	77	12	194	#
305	1.01443	19	77	11	39	194	#
306	1.01443	2	47	18	77	12	194	#
307	1.01443	3	18	77	11	39	194	#
308	0.803475	31	98	16	40	195	#
309	0.803475	31	109	35	14	195	#
310	0.803475	31	32	54	101	195	#
311	0.803475	31	98	16	15	14	195	#
312	0.803475	31	32	54	69	35	14	195	#
313	0.0260054	2	#
314	0.392375	111	41	20	11	#
315	1.15549	0	60	116	52	196	#
316	1.15549	0	1	30	116	52	196	#
317	1.15549	45	72	9	66	53	52	196	#
318	1.15549	0	60	116	8	7	196	#
319	1.15549	0	1	30	116	8	7	196	#
320	0.768026	46	69	49	96	21	197	#
321	0.768026	46	69	49	48	22	197	#
322	0.768026	46	69	49	48	56	21	197	#
323	1.06989	20	112	76	34	198	#
324	1.06989	20	90	28	76	34	198	#
325	0.933225	46	109	199	#
326	0.933225	46	69	54	32	199	#
327	0.933225	46	36	98	199	#
328	0.933225	46	69	49	55	32	199	#
329	0.933225	46	35	15	16	98	199	#
330	1.01386	8	116	200	#
331	1.01386	7	52	116	200	#
332	1.01386	8	53	66	103	110	200	#
333	1.01386	8	53	66	103	47	71	200	#
334	1.01386	8	53	66	103	3	2	71	200	#
335	0.919158	40	16	98	118	201	#
336	0.919158	101	122	201	#
337	0.919158	14	35	70	201	#
338	0.919158	14	35	109	118	201	#
339	0.919158	101	54	32	118	201	#
340	0.019257	2	#
341	1.02841	25	119	202	#
342	1.02841	107	9	66	53	52	202	#
343	1.02841	107	9	66	53	8	7	202	#
344	0.26546	90	29	203	#
345	0.26546	112	26	203	#
346	0.26546	90	28	26	203	#
347	0.858516	12	83	31	#
348	0.735519	92	112	204	#
349	0.735519	92	28	90	204	#
350	0.735519	49	69	36	68	204	#
351	0.735519	48	115	112	204	#
352	0.735519	48	115	28	90	204	#
353	0.802077	31	83	11	205	#
354	0.802077	107	25	29	90	20	205	#
355	0.802077	107	51	112	20	205	#
356	0.802077	107	25	26	112	20	205	#
357	0.802077	107	51	28	90	20	205	#
358	1.00568	6	19	77	11	206	#
359	1.00568	6	3	18	77	11	206	#
360	1.00568	5	2	19	77	11	206	#
361	1.00568	5	47	18	77	11	206	#
362	1.00568	5	2	3	18	77	11	206	#
363	1.05948	71	61	#
364	1.0344	5	61	42	207	#
365	1.0344	6	2	61	42	207	#
366	1.0344	6	95	108	90	41	207	#
367	1.0344	6	3	47	61	42	207	#
368	1.0344	6	95	97	112	41	207	#
369	0.871416	63	91	208	#
370	0.871416	4	38	91	208	#
371	0.871416	63	65	16	40	208	#
372	0.871416	4	38	65	16	40	208	#
373	0.839556	8	64	59	209	#
374	0.839556	7	52	64	59	209	#
375	0.867697	34	76	210	#
376	0.867697	33	79	210	#
377	0.867697	50	37	76	210	#
378	0.867697	33	66	9	107	51	210	#
379	0.867697	33	66	9	107	25	26	210	#
380	0.779707	66	9	72	#
381	1.05915	33	84	14	58	211	#
382	1.05915	87	82	35	14	58	211	#
383	1.05915	33	50	82	35	14	58	211	#
384	1.05915	33	34	37	82	35	14	58	211	#
385	0.866288	109	46	212	#
386	0.866288	32	54	69	46	212	#
387	0.866288	98	36	46	212	#
388	0.866288	32	55	49	69	46	212	#
389	0.695231	26	115	56	213	#
390	0.695231	26	92	96	213	#
391	0.56098	40	111	41	20	11	214	#
392	0.56098	40	16	68	20	11	214	#
393	0.56098	14	15	111	41	20	11	214	#
394	0.56098	40	27	42	41	20	11	214	#
395	0.722267	0	62	63	215	#
396	0.722267	0	62	4	38	215	#
397	0.438769	11	20	41	42	#
398	0.343914	71	2	216	#
399	0.343914	110	3	216	#
400	1.07046	35	82	80	52	217	#
401	1.07046	35	82	80	8	7	217	#
402	1.07046	84	33	53	52	217	#
403	1.07046	35	82	87	53	52	217	#
404	1.07046	35	82	50	33	53	52	217	#
405	0.503	0	62	4	#
406	0.953855	40	16	98	118	18	218	#
407	0.953855	101	122	18	218	#
408	0.953855	14	35	70	18	218	#
409	0.953855	40	16	98	118	19	3	218	#
410	0.953855	40	16	98	31	9	103	218	#
411	0.308949	103	9	219	#
412	0.308949	18	81	13	219	#
413	0.741567	104	108	220	#
414	0.741567	2	95	108	220	#
415	0.741567	104	38	25	29	220	#
416	0.741567	2	95	38	25	29	220	#
417	0.741567	104	97	28	220	#
418	0.936689	77	11	20	221	#
419	0.936689	81	13	107	25	29	90	221	#
420	0.936689	81	13	107	51	112	221	#
421	0.936689	118	98	68	221	#
422	0.936689	81	13	107	25	26	112	221	#
423	0.539614	36	69	49	#
424	0.0217093	28	#
425	0.754167	6	19	118	32	55	222	#
426	0.754167	6	3	18	118	32	55	222	#
427	0.754167	5	2	19	118	32	55	222	#
428	0.754167	6	3	106	48	222	#
429	0.754167	5	47	18	118	32	55	222	#
430	1.07251	0	60	116	223	#
431	1.07251	0	1	30	116	223	#
432	1.07251	45	72	9	66	53	223	#
433	1.07251	102	3	103	66	53	223	#
434	1.07251	45	73	80	223	#
435	0.739251	121	0	#
436	0.349915	18	110	#
437	0.908615	3	95	108	90	224	#
438	0.908615	3	95	97	112	224	#
439	0.908615	3	95	38	25	29	90	224	#
440	0.908615	3	95	38	51	112	224	#
441	0.908615	3	95	97	28	90	224	#
442	0.579645	108	90	20	11	#
443	1.03949	37	73	45	0	#
444	0.826414	121	0	225	#
445	0.826414	31	72	45	225	#
446	0.826414	118	19	102	225	#
447	0.826414	118	18	3	102	225	#
448	1.11533	66	9	31	83	12	226	#
449	1.11533	79	112	20	39	226	#
450	1.11533	79	28	90	20	39	226	#
451	1.11533	79	112	20	11	12	226	#
452	1.11533	66	9	31	83	11	39	226	#
453	0.107729	5	#
454	0.937183	121	32	55	227	#
455	0.937183	121	32	54	49	227	#
456	0.937183	0	120	55	227	#
457	0.937183	0	45	75	55	227	#
458	0.937183	0	120	54	49	227	#
459	0.670376	55	32	118	19	2	228	#
460	0.670376	55	32	118	18	47	228	#
461	0.670376	55	32	118	18	3	2	228	#
462	0.47168	32	31	13	229	#
463	0.47168	32	31	9	10	229	#
464	0.0901979	13	#
465	0.322419	108	230	#
466	0.322419	29	25	38	230	#
467	0.322419	28	97	230	#
468	0.322419	28	51	38	230	#
469	0.322419	28	26	25	38	230	#
470	0.30766	15	35	231	#
471	0.30766	16	36	231	#
472	0.30766	40	14	35	231	#
473	0.979161	110	106	232	#
474	0.979161	71	47	106	232	#
475	0.979161	71	2	3	106	232	#
476	0.979161	110	18	118	32	55	48	232	#
477	0.979161	30	94	49	48	232	#
478	0.638412	38	95	3	#
479	1.08773	63	65	36	46	233	#
480	1.08773	4	38	65	36	46	233	#
481	1.08773	63	25	29	124	233	#
482	1.08773	4	108	124	233	#
483	1.08773	63	51	28	124	233	#
484	0.159248	45	#
485	0.71693	15	35	82	234	#
486	0.71693	16	36	82	234	#
487	0.556296	40	111	41	20	235	#
488	0.556296	40	16	68	20	235	#
489	0.556296	14	15	111	41	20	235	#
490	0.556296	40	27	42	41	20	235	#
491	0.556296	40	16	17	42	41	20	235	#
492	0.812206	13	31	98	236	#
493	0.812206	10	9	31	98	236	#
494	0.812206	105	17	236	#
495	0.812206	105	27	16	236	#
496	0.812206	13	107	65	236	#
497	0.896001	115	112	20	11	237	#
498	0.896001	115	28	90	20	11	237	#
499	0.896001	48	92	112	20	11	237	#
500	0.896001	48	92	28	90	20	11	237	#
501	0.896001	48	49	69	36	68	20	11	237	#
