%% File generated by CATS v.2.1Thu May  9 12:49:06 2024

%% The CATS webpage is http://robotics.stanford.edu/CATS

%% PARAMETER SETTINGS:
% Goods: 128; Bids: 500; Distribution: paths; Runs: 1; Seed: 87
% Paths Distribution Parameters:
% Initial connections:       = 2
% Edge density:              = 3.000000
% Shipping cost factor:      = 1.500000
% Max bid set size:          = 5
% Building penalty:          = 1.700000



goods 128
bids 503
dummy 272

0	0.524732	19	54	118	128	#
1	0.524732	19	47	76	128	#
2	0.524732	18	32	54	118	128	#
3	0.524732	32	47	82	128	#
4	0.524732	18	32	47	76	128	#
5	0.307867	39	123	#
6	1.07579	27	72	#
7	0.833752	15	58	75	91	129	#
8	0.833752	14	15	55	58	75	129	#
9	0.948396	34	98	130	#
10	0.948396	4	5	54	108	118	130	#
11	0.948396	27	57	76	81	130	#
12	0.948396	4	5	47	76	108	130	#
13	0.948396	12	13	98	130	#
14	0.767552	50	99	131	#
15	0.767552	101	109	131	#
16	0.767552	10	51	99	131	#
17	0.767552	16	17	37	46	50	101	131	#
18	0.767552	17	46	51	85	101	131	#
19	0.625206	4	54	83	132	#
20	0.625206	4	5	54	115	132	#
21	0.863883	16	25	77	120	133	#
22	0.863883	16	17	25	127	133	#
23	0.863883	14	16	25	73	133	#
24	0.863883	16	17	25	35	48	77	79	133	#
25	0.863883	14	16	25	70	120	133	#
26	0.072454	2	#
27	0.739757	15	29	48	57	70	#
28	0.623598	52	117	#
29	1.26017	1	121	134	#
30	1.26017	0	31	121	134	#
31	0.540127	18	90	135	#
32	0.540127	19	32	90	135	#
33	0.15129	48	#
34	0.174562	8	#
35	0.0746418	18	#
36	0.970207	32	105	#
37	0.852547	89	136	#
38	0.852547	0	71	87	136	#
39	0.852547	0	40	55	71	136	#
40	0.852547	0	15	40	91	117	136	#
41	0.852547	0	15	39	78	117	136	#
42	0.290311	77	137	#
43	0.290311	14	70	137	#
44	1.0469	106	119	#
45	1.28774	59	67	138	#
46	1.28774	23	49	67	138	#
47	1.28774	33	53	103	127	138	#
48	1.28774	20	21	53	103	127	138	#
49	1.28774	33	35	48	53	77	79	103	138	#
50	0.25933	6	30	#
51	0.767552	50	99	139	#
52	0.767552	101	109	139	#
53	0.767552	10	51	99	139	#
54	0.767552	16	17	37	46	50	101	139	#
55	0.767552	17	46	51	85	101	139	#
56	0.852216	126	#
57	0.256069	17	85	140	#
58	0.256069	11	16	17	140	#
59	0.256069	10	16	17	37	140	#
60	0.895387	86	141	#
61	0.895387	10	15	70	124	141	#
62	0.895387	10	14	15	77	124	141	#
63	0.895387	15	73	85	141	#
64	0.895387	15	70	85	120	141	#
65	0.424179	36	108	#
66	0.701195	46	122	#
67	0.140841	55	#
68	1.01678	6	30	88	142	#
69	1.01678	29	52	88	142	#
70	1.01678	7	15	29	88	142	#
71	1.01678	6	29	42	88	142	#
72	1.01678	4	5	15	29	38	41	54	70	142	#
73	0.948396	34	98	143	#
74	0.948396	4	5	54	108	118	143	#
75	0.948396	27	57	76	81	143	#
76	0.948396	4	5	47	76	108	143	#
77	0.948396	12	13	98	143	#
78	0.451651	15	29	91	144	#
79	0.451651	14	15	29	55	144	#
80	0.703125	15	48	70	79	145	#
81	0.703125	15	54	70	84	145	#
82	0.703125	15	47	54	70	79	145	#
83	0.703125	14	15	48	77	79	145	#
84	0.806392	52	88	#
85	0.640051	4	83	146	#
86	0.640051	4	5	115	146	#
87	0.876323	48	70	74	79	147	#
88	0.876323	54	70	74	84	147	#
89	0.876323	47	54	70	74	79	147	#
90	0.876323	3	48	57	63	70	147	#
91	0.876323	14	48	74	77	79	147	#
92	0.148306	53	#
93	0.287054	103	#
94	0.994906	1	2	61	122	148	#
95	0.994906	1	2	35	46	122	148	#
96	0.994906	0	2	31	61	122	148	#
97	0.994906	0	2	31	35	46	122	148	#
98	0.741111	3	25	48	57	77	149	#
99	0.741111	3	14	25	48	57	70	149	#
100	0.741111	3	25	47	54	57	77	149	#
101	0.741111	2	25	48	77	79	149	#
102	0.741111	3	14	25	47	54	57	70	149	#
103	0.868852	31	100	150	#
104	0.868852	0	1	100	150	#
105	0.868852	17	31	46	122	150	#
106	0.868852	0	1	17	46	122	150	#
107	0.417388	3	63	#
108	0.499445	2	3	35	103	#
109	0.992008	1	2	61	122	151	#
110	0.992008	1	2	35	46	122	151	#
111	0.992008	0	2	31	61	122	151	#
112	0.992008	0	2	31	35	46	122	151	#
113	0.830035	7	73	152	#
114	0.830035	7	70	120	152	#
115	0.830035	7	17	35	48	70	79	152	#
116	0.830035	7	17	35	54	70	84	152	#
117	0.384644	84	153	#
118	0.384644	47	79	153	#
119	0.384644	48	54	79	153	#
120	0.157471	22	#
121	1.04367	15	29	91	102	154	#
122	1.04367	15	29	44	75	91	154	#
123	0.345535	21	26	#
124	0.636144	74	84	155	#
125	0.636144	47	74	79	155	#
126	0.636144	35	43	84	119	155	#
127	0.636144	48	54	74	79	155	#
128	0.636144	3	47	57	63	155	#
129	0.956381	91	102	156	#
130	0.956381	44	75	91	156	#
131	0.956381	14	55	102	156	#
132	0.956381	14	44	55	75	156	#
133	0.956381	54	70	116	156	#
134	0.890374	18	34	125	157	#
135	0.890374	19	32	34	125	157	#
136	0.890374	12	13	18	125	157	#
137	0.890374	12	13	19	32	125	157	#
138	0.890374	18	77	87	118	157	#
139	0.708065	102	158	#
140	0.708065	44	75	158	#
141	0.590765	6	7	14	21	53	159	#
142	0.590765	14	15	21	42	53	159	#
143	0.154452	7	#
144	0.731193	75	91	160	#
145	0.731193	14	55	75	160	#
146	0.731193	4	54	70	83	160	#
147	0.731193	45	75	78	160	#
148	0.329569	54	70	#
149	0.900024	100	161	#
150	0.900024	17	46	122	161	#
151	0.900024	17	35	61	122	161	#
152	0.900024	85	113	161	#
153	0.900024	11	16	113	161	#
154	1.08907	34	90	112	162	#
155	1.08907	19	80	90	162	#
156	1.08907	18	32	80	90	162	#
157	1.08907	12	13	90	112	162	#
158	1.08907	22	23	66	112	162	#
159	0.338768	83	#
160	0.441475	27	62	184	#
161	0.947344	60	88	163	#
162	0.947344	7	65	91	163	#
163	0.947344	8	9	88	163	#
164	0.947344	7	14	55	65	163	#
165	0.947344	7	78	114	163	#
166	1.14233	10	21	53	77	124	164	#
167	1.14233	10	14	21	53	70	124	164	#
168	1.14233	11	21	39	68	123	164	#
169	1.14233	10	21	37	39	68	123	164	#
170	1.14233	10	21	25	26	77	124	164	#
171	0.511717	4	15	54	70	#
172	0.805076	15	75	91	165	#
173	0.805076	14	15	55	75	165	#
174	0.805076	7	52	75	91	165	#
175	0.805076	7	14	52	55	75	165	#
176	0.805076	4	15	54	70	83	165	#
177	0.741111	3	25	48	57	77	166	#
178	0.741111	3	14	25	48	57	70	166	#
179	0.741111	3	25	47	54	57	77	166	#
180	0.741111	2	25	48	77	79	166	#
181	0.741111	3	14	25	47	54	57	70	166	#
182	0.503404	33	53	55	167	#
183	0.503404	20	21	53	55	167	#
184	0.707094	58	75	91	#
185	1.06918	107	168	#
186	1.06918	59	95	168	#
187	1.06918	23	49	95	168	#
188	1.06918	49	56	93	95	168	#
189	1.06918	24	43	49	93	95	168	#
190	0.142402	42	#
191	0.624429	7	14	33	53	169	#
192	0.624429	7	14	20	21	53	169	#
193	0.321193	7	78	170	#
194	0.321193	7	45	91	170	#
195	0.986217	2	3	35	81	103	171	#
196	0.986217	49	64	96	171	#
197	0.986217	17	85	96	103	171	#
198	0.986217	2	3	46	61	81	103	171	#
199	0.986217	11	16	17	96	103	171	#
200	0.696735	16	17	94	172	#
201	0.696735	16	17	32	46	101	172	#
202	0.696735	16	17	32	35	92	172	#
203	0.696735	16	17	32	46	61	92	172	#
204	0.696735	16	17	32	35	61	101	172	#
205	0.303368	24	59	173	#
206	0.303368	23	24	49	173	#
207	0.303368	43	49	93	173	#
208	0.303368	43	56	59	173	#
209	0.303368	23	43	49	56	173	#
210	0.560657	38	41	60	174	#
211	0.560657	8	9	38	41	174	#
212	1.12947	0	121	#
213	0.7823	25	48	61	77	79	175	#
214	0.7823	25	46	127	175	#
215	0.7823	14	25	48	61	70	79	175	#
216	0.7823	25	54	61	77	84	175	#
217	0.7823	25	35	46	48	77	79	175	#
218	0.500139	2	3	69	#
219	0.0715807	54	#
220	0.427035	75	#
221	0.982365	23	126	176	#
222	0.982365	49	59	126	176	#
223	0.874959	1	100	177	#
224	0.874959	1	17	46	122	177	#
225	0.874959	0	31	100	177	#
226	0.874959	0	17	31	46	122	177	#
227	0.84425	4	5	74	84	178	#
228	0.84425	4	5	47	74	79	178	#
229	0.34	103	#
230	0.280563	7	91	179	#
231	0.280563	7	14	55	179	#
232	1.19819	72	#
233	0.177071	22	#
234	1.07092	27	72	#
235	0.829145	43	63	110	180	#
236	0.829145	2	43	74	110	180	#
237	0.829145	2	35	110	119	180	#
238	0.829145	56	111	180	#
239	0.829145	24	43	111	180	#
240	0.172755	91	181	#
241	0.172755	14	55	181	#
242	0.999256	32	105	182	#
243	0.999256	18	38	60	104	182	#
244	0.999256	18	19	105	182	#
245	0.615987	28	81	183	#
246	0.615987	27	36	81	183	#
247	0.441475	44	58	184	#
248	0.987804	97	108	#
249	1.18252	74	79	48	77	53	21	185	#
250	1.18252	74	79	48	70	14	53	21	185	#
251	1.18252	74	84	54	77	53	21	185	#
252	1.18252	74	79	47	54	77	53	21	185	#
253	1.18252	24	126	123	21	185	#
254	0.819048	0	89	186	#
255	0.819048	71	87	186	#
256	0.819048	71	55	40	186	#
257	0.819048	117	15	91	40	186	#
258	0.819048	117	15	78	39	186	#
259	0.57815	70	48	57	187	#
260	0.57815	70	54	47	57	187	#
261	0.57815	14	77	48	57	187	#
262	0.57815	14	77	54	47	57	187	#
263	0.145488	11	188	#
264	0.145488	10	37	188	#
265	0.248956	22	34	#
266	1.0229	28	81	3	63	189	#
267	1.0229	28	81	3	2	74	189	#
268	1.0229	36	27	81	3	63	189	#
269	1.0229	36	27	81	3	2	74	189	#
270	1.04298	98	190	#
271	1.04298	27	81	69	22	190	#
272	1.04298	108	5	4	54	118	34	190	#
273	1.04298	27	81	57	76	34	190	#
274	1.04298	108	5	4	47	76	34	190	#
275	0.598257	24	23	66	#
276	0.574726	2	92	19	191	#
277	0.574726	3	57	76	191	#
278	0.574726	2	92	32	18	191	#
279	1.02226	21	53	77	118	192	#
280	1.02226	21	53	14	70	118	192	#
281	1.02226	21	53	77	48	76	192	#
282	1.02226	21	26	25	77	118	192	#
283	1.02226	21	53	14	70	48	76	192	#
284	0.116368	55	#
285	0.845826	102	55	193	#
286	0.845826	44	75	55	193	#
287	0.875995	12	98	#
288	0.731371	37	68	194	#
289	0.731371	10	11	68	194	#
290	0.595589	4	83	195	#
291	0.595589	4	5	115	195	#
292	0.82883	86	11	196	#
293	0.82883	15	73	16	196	#
294	0.82883	86	10	37	196	#
295	0.82883	15	70	120	16	196	#
296	0.82883	15	70	48	79	35	17	16	196	#
297	0.427276	82	197	#
298	0.427276	76	18	197	#
299	0.6026	118	54	4	198	#
300	0.6026	76	47	4	198	#
301	0.214461	123	#
302	1.35329	72	199	#
303	1.35329	58	75	55	71	0	199	#
304	1.35329	58	75	91	15	117	0	199	#
305	1.35329	58	75	55	14	15	117	0	199	#
306	1.35329	58	75	91	14	71	0	199	#
307	1.00706	21	53	77	54	4	5	41	#
308	0.899686	106	46	200	#
309	0.899686	29	15	70	48	79	61	200	#
310	0.899686	106	35	61	200	#
311	0.899686	29	15	70	54	84	61	200	#
312	0.899686	29	15	70	48	79	35	46	200	#
313	0.810254	28	96	85	201	#
314	0.810254	28	96	11	16	201	#
315	0.810254	28	96	10	37	16	201	#
316	0.810254	36	27	96	85	201	#
317	0.810254	36	27	96	11	16	201	#
318	0.489079	66	#
319	0.87404	113	1	#
320	0.818242	25	77	120	202	#
321	0.818242	25	127	17	202	#
322	0.818242	25	14	73	202	#
323	0.818242	25	77	48	79	35	17	202	#
324	0.818242	25	14	70	120	202	#
325	0.359279	3	57	47	#
326	0.209338	58	#
327	0.871341	113	10	203	#
328	0.871341	100	16	37	203	#
329	0.871341	122	46	17	16	37	203	#
330	0.871341	100	85	10	203	#
331	0.871341	100	16	11	10	203	#
332	0.462392	103	17	#
333	1.06244	51	86	29	204	#
334	1.06244	50	10	86	29	204	#
335	1.06244	50	124	70	15	29	204	#
336	1.06244	50	37	16	17	106	204	#
337	1.06244	51	10	124	70	15	29	204	#
338	1.1839	97	115	44	205	#
339	1.1839	92	2	110	44	205	#
340	1.1839	19	118	54	116	205	#
341	1.1839	19	118	54	4	83	44	205	#
342	1.1839	19	76	47	116	205	#
343	0.493491	49	64	206	#
344	0.493491	103	17	85	206	#
345	0.913546	29	86	10	#
346	1.10529	33	53	77	118	18	207	#
347	1.10529	20	21	53	77	118	18	207	#
348	1.10529	33	53	14	70	118	18	207	#
349	1.10529	20	21	53	14	70	118	18	207	#
350	1.10529	33	53	77	118	19	32	207	#
351	0.902256	50	124	70	208	#
352	0.902256	51	10	124	70	208	#
353	0.902256	50	124	77	14	208	#
354	0.902256	51	10	124	77	14	208	#
355	0.902256	51	86	15	208	#
356	0.343695	39	123	26	209	#
357	0.343695	87	25	209	#
358	0.343695	40	55	25	209	#
359	0.968595	55	65	9	210	#
360	0.968595	14	7	88	8	210	#
361	0.968595	77	54	4	5	41	38	8	210	#
362	0.968595	14	70	54	4	5	41	38	8	210	#
363	0.968595	55	45	114	9	210	#
364	0.568994	27	81	3	#
365	0.788958	53	77	48	79	61	211	#
366	0.788958	53	127	46	211	#
367	0.788958	53	14	70	48	79	61	211	#
368	0.788958	53	77	54	84	61	211	#
369	0.788958	53	77	48	79	35	46	211	#
370	0.781598	43	74	84	4	212	#
371	0.781598	43	74	79	47	4	212	#
372	0.781598	119	35	84	4	212	#
373	0.781598	119	35	79	47	4	212	#
374	0.781598	43	74	79	48	54	4	212	#
375	0.49625	38	41	108	#
376	0.901199	122	46	213	#
377	0.901199	122	61	35	213	#
378	0.901199	100	17	213	#
379	0.724798	70	118	214	#
380	0.724798	14	77	118	214	#
381	0.724798	70	48	76	214	#
382	0.724798	70	54	47	76	214	#
383	1.04624	43	74	79	48	70	7	6	215	#
384	1.04624	119	35	79	48	70	7	6	215	#
385	1.04624	43	74	84	54	70	7	6	215	#
386	1.04624	43	74	79	47	54	70	7	6	215	#
387	1.04624	119	35	84	54	70	7	6	215	#
388	0.791379	55	77	118	18	216	#
389	0.791379	91	70	118	18	216	#
390	0.791379	55	14	70	118	18	216	#
391	0.947344	88	60	217	#
392	0.947344	7	91	65	217	#
393	0.947344	88	8	9	217	#
394	0.947344	7	14	55	65	217	#
395	0.947344	7	78	114	217	#
396	0.858372	113	218	#
397	0.858372	85	100	218	#
398	0.858372	11	16	100	218	#
399	0.858372	10	37	16	100	218	#
400	0.858372	85	17	46	122	218	#
401	0.968414	42	86	51	219	#
402	0.968414	6	7	70	124	50	219	#
403	0.830872	25	77	124	10	#
404	0.213633	61	2	220	#
405	0.213633	46	35	2	220	#
406	0.89013	33	53	77	48	57	221	#
407	0.89013	20	21	53	77	48	57	221	#
408	0.926211	64	96	#
409	0.471286	94	222	#
410	0.471286	46	101	32	222	#
411	0.725515	95	#
412	0.706208	71	0	223	#
413	0.706208	14	15	117	0	223	#
414	0.682456	18	90	56	224	#
415	0.682456	18	90	24	43	224	#
416	0.682456	32	19	90	56	224	#
417	0.682456	32	19	90	24	43	224	#
418	0.682456	94	119	224	#
419	0.554827	38	41	5	4	#
420	0.907996	31	89	225	#
421	0.907996	1	0	89	225	#
422	0.907996	1	71	87	225	#
423	0.907996	1	71	55	40	225	#
424	0.907996	1	117	15	91	40	225	#
425	0.148624	36	#
426	0.400277	15	70	226	#
427	0.400277	15	14	77	226	#
428	1.08078	60	88	6	30	227	#
429	1.08078	65	91	15	29	227	#
430	1.08078	60	88	52	29	227	#
431	1.08078	65	55	14	15	29	227	#
432	1.08078	114	78	15	29	227	#
433	0.471388	103	17	#
434	1.24736	126	123	21	228	#
435	1.24736	67	20	228	#
436	1.24736	126	45	55	53	21	228	#
437	1.24736	126	123	33	20	228	#
438	1.24736	24	74	79	48	77	53	21	228	#
439	0.766351	16	120	77	229	#
440	0.766351	16	17	127	229	#
441	0.766351	16	73	14	229	#
442	0.766351	16	17	35	79	48	77	229	#
443	0.766351	16	120	70	14	229	#
444	0.0943384	20	#
445	1.47636	121	0	230	#
446	1.47636	121	1	31	230	#
447	1.47636	8	88	52	117	0	230	#
448	1.47636	8	88	7	15	117	0	230	#
449	1.47636	8	88	6	42	117	0	230	#
450	0.206066	23	24	#
451	1.38562	44	58	72	231	#
452	1.38562	102	55	71	0	231	#
453	1.38562	44	75	55	71	0	231	#
454	1.38562	102	91	15	117	0	231	#
455	1.38562	44	75	91	15	117	0	231	#
456	1.1844	44	111	232	#
457	1.1844	44	110	63	24	232	#
458	1.1844	44	110	2	74	24	232	#
459	1.1844	44	110	63	43	56	232	#
460	1.1844	44	110	2	74	43	56	232	#
461	0.351212	29	15	14	#
462	0.469378	90	19	#
463	0.931456	6	7	73	16	233	#
464	0.931456	6	7	70	120	16	233	#
465	0.931456	6	7	70	48	79	35	17	16	233	#
466	0.931456	42	86	11	233	#
467	0.931456	42	15	73	16	233	#
468	0.730112	73	234	#
469	0.730112	70	120	234	#
470	0.730112	70	48	79	35	17	234	#
471	0.730112	70	54	84	35	17	234	#
472	0.730112	70	54	47	79	35	17	234	#
473	0.5321	32	92	235	#
474	0.5321	32	101	61	235	#
475	0.5321	94	35	235	#
476	0.5321	18	19	92	235	#
477	0.5321	32	101	46	35	235	#
478	0.8384	25	77	118	18	236	#
479	0.8384	25	14	70	118	18	236	#
480	0.8384	25	77	118	19	32	236	#
481	0.8384	25	14	70	118	19	32	236	#
482	0.8384	25	77	48	82	236	#
483	0.325488	18	34	22	#
484	1.02057	119	46	122	237	#
485	1.02057	43	74	61	122	237	#
486	1.02057	119	35	61	122	237	#
487	1.02057	43	74	35	46	122	237	#
488	1.02057	119	17	100	237	#
489	0.817955	0	117	15	78	238	#
490	0.817955	0	71	55	45	238	#
491	0.817955	0	117	15	91	45	238	#
492	0.817955	89	39	238	#
493	0.817955	0	117	15	14	55	45	238	#
494	0.780052	46	17	16	68	#
495	0.0723024	2	#
496	0.363045	54	77	239	#
497	0.363045	54	70	14	239	#
498	0.534411	32	101	240	#
499	0.534411	94	46	240	#
500	0.534411	32	92	61	240	#
501	0.534411	18	19	101	240	#
502	0.534411	32	92	35	46	240	#
