%% File generated by CATS v.2.1Thu May  9 12:49:06 2024

%% The CATS webpage is http://robotics.stanford.edu/CATS

%% PARAMETER SETTINGS:
% Goods: 128; Bids: 500; Distribution: paths; Runs: 1; Seed: 62
% Paths Distribution Parameters:
% Initial connections:       = 2
% Edge density:              = 3.000000
% Shipping cost factor:      = 1.500000
% Max bid set size:          = 5
% Building penalty:          = 1.700000



goods 128
bids 502
dummy 184

0	0.83511	29	30	126	128	#
1	0.83511	30	31	63	89	128	#
2	0.83511	58	76	128	#
3	0.83511	29	39	40	126	128	#
4	0.83511	29	53	54	126	128	#
5	0.929239	17	31	90	129	#
6	0.929239	17	21	43	90	129	#
7	0.929239	16	31	63	90	129	#
8	0.929239	16	21	43	63	90	129	#
9	0.929239	0	8	52	59	64	79	129	#
10	0.235812	14	15	37	#
11	0.569027	26	33	47	94	130	#
12	0.569027	36	48	94	130	#
13	0.569027	33	48	57	94	130	#
14	0.569027	25	36	47	94	130	#
15	0.569027	25	33	47	57	94	130	#
16	0.611403	20	21	32	56	131	#
17	0.611403	19	21	22	32	56	131	#
18	0.611403	17	31	103	131	#
19	0.611403	20	31	32	43	56	131	#
20	0.611403	17	21	43	103	131	#
21	0.558052	73	#
22	0.705062	48	119	124	132	#
23	0.705062	7	38	73	132	#
24	0.705062	25	47	119	124	132	#
25	0.705062	34	35	48	61	124	132	#
26	0.705062	18	38	61	106	132	#
27	1.04331	24	29	54	67	133	#
28	1.04331	24	29	30	53	67	133	#
29	1.04331	9	10	29	54	67	133	#
30	1.04331	9	10	29	30	53	67	133	#
31	0.653571	26	47	105	#
32	0.708485	45	118	134	#
33	0.708485	41	44	118	134	#
34	0.823405	21	22	60	96	135	#
35	0.823405	22	43	60	63	111	135	#
36	0.823405	21	22	31	60	63	111	135	#
37	0.823405	16	17	22	43	60	111	135	#
38	0.823405	15	22	110	135	#
39	0.160124	38	57	#
40	0.472294	94	#
41	0.650632	71	124	#
42	0.389099	15	18	25	38	136	#
43	0.389099	15	26	97	136	#
44	0.967686	9	88	114	137	#
45	0.967686	24	38	48	71	88	137	#
46	0.967686	24	25	38	47	71	88	137	#
47	0.967686	9	10	38	48	71	88	137	#
48	0.967686	24	71	122	124	137	#
49	0.879135	9	72	138	#
50	0.879135	10	59	64	116	138	#
51	0.879135	9	64	84	138	#
52	0.879135	9	24	59	64	116	138	#
53	0.879135	10	59	62	93	116	138	#
54	0.578038	8	82	139	#
55	0.578038	7	49	82	139	#
56	0.578038	29	37	115	139	#
57	0.0507945	7	#
58	0.875281	46	60	96	140	#
59	0.875281	31	46	60	63	111	140	#
60	0.875281	21	43	46	60	63	111	140	#
61	0.875281	16	17	31	46	60	111	140	#
62	0.875281	4	96	122	140	#
63	0.92472	15	18	46	114	141	#
64	0.92472	10	46	60	71	124	141	#
65	0.92472	10	15	18	38	46	48	71	141	#
66	0.92472	10	15	18	25	38	46	47	71	141	#
67	0.92472	4	88	114	141	#
68	0.65885	38	117	#
69	0.976172	22	108	142	#
70	0.976172	21	22	68	96	142	#
71	0.976172	3	21	22	96	122	142	#
72	0.976172	13	21	22	46	60	96	142	#
73	0.976172	3	4	21	22	46	60	96	142	#
74	0.647778	71	124	#
75	0.758494	121	143	#
76	0.758494	5	36	117	143	#
77	0.758494	5	33	57	117	143	#
78	0.758494	5	25	26	33	117	143	#
79	0.723863	24	116	144	#
80	0.723863	9	10	116	144	#
81	0.831832	78	82	145	#
82	0.831832	29	42	58	126	145	#
83	0.831832	12	29	42	80	145	#
84	0.831832	12	29	59	100	125	145	#
85	0.831832	30	42	76	145	#
86	0.504224	99	146	#
87	0.504224	18	113	146	#
88	0.851513	39	53	66	147	#
89	0.851513	39	50	51	53	86	147	#
90	0.851513	11	12	29	40	51	86	147	#
91	0.851513	40	54	66	147	#
92	0.851513	11	12	29	30	39	51	86	147	#
93	0.694671	102	148	#
94	0.694671	119	122	148	#
95	0.694671	4	46	60	119	148	#
96	0.694671	34	35	61	122	148	#
97	0.694671	4	14	46	49	115	148	#
98	0.344051	0	59	93	149	#
99	0.344051	0	59	62	64	149	#
100	0.344051	0	49	59	61	64	149	#
101	1.16017	23	32	74	150	#
102	1.16017	23	32	55	81	150	#
103	1.16017	23	61	91	107	150	#
104	1.16017	7	23	55	61	107	150	#
105	1.16017	23	62	101	107	150	#
106	1.03279	47	75	151	#
107	1.03279	25	48	75	151	#
108	1.03279	25	38	52	73	151	#
109	1.03279	7	47	52	119	124	151	#
110	1.03279	8	52	59	64	83	151	#
111	0.141076	1	#
112	1.13827	11	87	95	152	#
113	1.13827	11	12	24	67	152	#
114	1.13827	9	10	11	12	67	152	#
115	1.13827	16	87	98	152	#
116	0.462311	7	52	61	153	#
117	0.462311	8	52	62	153	#
118	0.462311	7	49	52	62	153	#
119	0.462311	51	61	91	153	#
120	0.462311	8	49	52	61	153	#
121	0.870448	21	29	54	126	154	#
122	0.870448	21	29	30	53	126	154	#
123	0.870448	43	54	63	89	154	#
124	0.870448	30	43	53	63	89	154	#
125	0.870448	21	31	54	63	89	154	#
126	0.882297	0	59	65	155	#
127	0.882297	0	12	29	40	59	100	155	#
128	0.882297	0	12	29	30	39	59	100	155	#
129	0.882297	0	8	40	59	64	82	155	#
130	0.882297	0	7	40	49	59	64	82	155	#
131	0.480878	12	14	15	27	37	#
132	1.06534	11	12	67	156	#
133	1.06534	29	50	54	67	156	#
134	1.06534	11	12	47	71	77	156	#
135	1.06534	11	12	14	37	60	71	124	156	#
136	1.06534	29	30	50	53	67	156	#
137	0.797188	14	60	96	157	#
138	0.797188	37	126	157	#
139	0.797188	14	31	60	63	111	157	#
140	0.797188	14	21	43	60	63	111	157	#
141	0.797188	14	16	17	31	60	111	157	#
142	0.654488	21	105	158	#
143	0.654488	31	43	105	158	#
144	0.266859	28	38	#
145	0.685639	29	40	47	77	159	#
146	0.685639	14	29	37	40	60	124	159	#
147	0.685639	29	30	39	47	77	159	#
148	0.685639	14	15	18	29	37	38	40	48	159	#
149	0.685639	14	29	30	37	39	60	124	159	#
150	0.484057	14	15	27	37	160	#
151	0.484057	14	15	18	28	37	160	#
152	0.488363	12	14	15	37	#
153	1.37854	51	120	161	#
154	1.37854	7	52	61	104	161	#
155	1.37854	8	52	62	104	161	#
156	1.37854	7	49	52	62	104	161	#
157	1.37854	51	61	91	104	161	#
158	0.500259	115	#
159	0.495295	105	#
160	1.11814	1	109	#
161	0.768645	22	26	47	105	162	#
162	0.768645	22	48	57	105	162	#
163	0.768645	21	22	69	162	#
164	0.768645	22	25	47	57	105	162	#
165	0.768645	22	25	26	48	105	162	#
166	1.00641	10	29	30	67	163	#
167	1.00641	9	24	29	30	67	163	#
168	1.00641	14	15	18	29	30	37	114	163	#
169	1.00641	10	29	39	40	67	163	#
170	0.89384	21	22	29	126	164	#
171	0.89384	22	43	63	89	164	#
172	0.89384	21	22	31	63	89	164	#
173	0.89384	22	29	31	43	126	164	#
174	0.89384	19	20	21	29	126	164	#
175	0.606362	18	106	#
176	0.565539	77	165	#
177	0.565539	14	15	18	25	37	38	165	#
178	0.565539	14	15	26	37	97	165	#
179	0.565539	14	15	25	37	57	97	165	#
180	0.462351	59	64	101	166	#
181	0.462351	49	59	64	91	166	#
182	0.462351	8	55	59	64	166	#
183	0.462351	7	49	55	59	64	166	#
184	0.462351	7	8	59	64	91	166	#
185	0.630381	24	26	33	47	71	167	#
186	0.630381	24	36	48	71	167	#
187	0.630381	24	33	48	57	71	167	#
188	0.630381	24	25	36	47	71	167	#
189	0.630381	24	25	33	47	57	71	167	#
190	0.67502	51	86	#
191	0.26767	124	#
192	0.993674	20	21	56	90	168	#
193	0.993674	19	21	22	56	90	168	#
194	0.993674	52	81	168	#
195	0.993674	51	74	168	#
196	0.993674	51	55	81	168	#
197	1.02226	127	169	#
198	1.02226	39	70	169	#
199	1.02226	14	15	18	29	30	37	38	117	169	#
200	1.02226	6	24	29	30	67	169	#
201	0.58278	14	64	115	170	#
202	0.58278	49	60	64	119	170	#
203	0.58278	34	35	60	93	170	#
204	0.58278	34	35	60	62	64	170	#
205	0.204893	51	#
206	0.205879	20	43	#
207	0.941783	0	49	59	64	102	171	#
208	0.941783	0	4	14	46	59	64	115	171	#
209	0.941783	0	7	8	59	64	102	171	#
210	0.941783	0	49	59	64	119	122	171	#
211	0.941783	0	34	35	59	93	122	171	#
212	0.584813	12	77	172	#
213	0.584813	12	14	15	18	25	37	38	172	#
214	0.924979	27	42	112	173	#
215	0.924979	31	42	58	92	173	#
216	0.924979	21	42	43	58	92	173	#
217	0.924979	25	28	38	83	125	173	#
218	0.924979	0	1	25	28	38	83	173	#
219	0.473335	60	111	#
220	0.776962	59	65	174	#
221	0.776962	12	29	40	59	100	174	#
222	0.776962	12	29	30	39	59	100	174	#
223	0.136603	46	#
224	0.686373	25	38	73	175	#
225	0.686373	7	47	119	124	175	#
226	0.642504	119	124	176	#
227	0.642504	34	35	61	124	176	#
228	0.642504	34	35	49	62	124	176	#
229	0.631572	31	85	177	#
230	0.631572	21	43	85	177	#
231	1.00618	2	20	118	123	#
232	0.622456	26	47	71	24	178	#
233	0.622456	57	48	71	24	178	#
234	0.622456	57	25	47	71	24	178	#
235	0.622456	26	25	48	71	24	178	#
236	0.622456	33	36	48	71	24	178	#
237	0.754694	97	15	14	37	12	11	179	#
238	0.754694	26	77	12	11	179	#
239	0.754694	57	38	18	15	14	37	12	11	179	#
240	0.754694	57	25	77	12	11	179	#
241	0.754694	26	25	38	18	15	14	37	12	11	179	#
242	0.103614	7	61	#
243	0.809934	49	64	59	116	180	#
244	0.809934	7	8	64	59	116	180	#
245	0.809934	61	93	59	116	180	#
246	0.809934	61	62	64	59	116	180	#
247	0.809934	49	62	93	59	116	180	#
248	0.545894	123	6	9	#
249	1.19527	42	1	109	181	#
250	1.19527	58	69	33	94	44	181	#
251	0.872585	45	2	99	15	14	182	#
252	0.872585	45	2	113	18	15	14	182	#
253	0.872585	44	41	2	99	15	14	182	#
254	0.872585	44	94	33	97	15	14	182	#
255	0.872585	44	41	2	113	18	15	14	182	#
256	0.618345	20	21	58	42	78	8	183	#
257	0.618345	20	21	58	42	78	7	49	183	#
258	1.1421	11	95	87	184	#
259	1.1421	11	12	67	24	184	#
260	1.1421	11	12	67	10	9	184	#
261	1.1421	98	16	87	184	#
262	1.1421	50	54	29	67	24	184	#
263	1.11862	86	74	185	#
264	1.11862	11	80	58	21	20	56	185	#
265	1.11862	86	55	81	185	#
266	1.11862	11	95	63	43	20	56	185	#
267	1.11862	11	95	63	31	21	20	56	185	#
268	0.42251	40	29	37	14	15	186	#
269	0.42251	39	30	29	37	14	15	186	#
270	0.723172	58	21	20	123	6	187	#
271	0.723172	58	31	85	24	187	#
272	0.723172	58	31	63	87	187	#
273	0.723172	58	21	22	19	123	6	187	#
274	0.723172	58	21	43	85	24	187	#
275	0.653791	124	71	#
276	0.619593	26	47	71	10	188	#
277	0.619593	57	48	71	10	188	#
278	0.619593	57	25	47	71	10	188	#
279	0.619593	26	25	48	71	10	188	#
280	0.797598	58	69	189	#
281	0.797598	58	21	105	47	26	189	#
282	0.797598	58	21	105	48	57	189	#
283	0.797598	58	21	105	47	25	57	189	#
284	0.797598	42	125	83	26	189	#
285	0.626123	30	29	37	14	15	97	190	#
286	0.626123	30	29	77	26	190	#
287	0.626123	30	29	37	14	15	18	38	57	190	#
288	0.626123	30	29	77	25	57	190	#
289	0.626123	30	29	37	14	15	18	38	25	26	190	#
290	0.850811	96	60	46	191	#
291	0.850811	31	63	111	60	46	191	#
292	0.850811	21	43	63	111	60	46	191	#
293	0.850811	31	17	16	111	60	46	191	#
294	0.753719	89	40	192	#
295	0.753719	89	30	39	192	#
296	0.753719	111	60	14	37	29	40	192	#
297	0.753719	111	60	14	37	29	30	39	192	#
298	0.753719	89	54	53	39	192	#
299	0.526707	106	#
300	0.109684	10	#
301	0.102601	58	#
302	0.714166	40	89	193	#
303	0.714166	39	30	89	193	#
304	1.07184	126	21	20	56	194	#
305	1.07184	126	21	22	19	56	194	#
306	1.07184	126	31	43	20	56	194	#
307	1.07184	37	14	60	96	21	20	56	194	#
308	1.07184	29	89	63	43	20	56	194	#
309	1.07433	45	2	99	15	14	37	12	195	#
310	1.07433	45	2	113	18	15	14	37	12	195	#
311	1.07433	44	41	2	99	15	14	37	12	195	#
312	1.07433	44	94	33	97	15	14	37	12	195	#
313	1.07433	44	41	2	113	18	15	14	37	12	195	#
314	0.97303	117	38	18	15	14	37	196	#
315	0.97303	6	24	67	196	#
316	0.97303	117	25	77	196	#
317	0.97303	127	30	29	196	#
318	0.97303	6	9	10	67	196	#
319	0.661591	46	60	119	7	197	#
320	0.661591	46	14	115	8	197	#
321	0.661591	46	14	115	49	7	197	#
322	0.661591	46	60	34	35	61	7	197	#
323	0.661591	46	60	119	49	8	197	#
324	0.206022	41	2	#
325	0.822856	72	49	198	#
326	0.822856	84	64	49	198	#
327	0.822856	24	116	59	64	49	198	#
328	0.822856	72	8	7	198	#
329	0.822856	84	64	8	7	198	#
330	1.19815	113	73	52	#
331	0.512495	56	20	43	63	199	#
332	0.512495	56	20	21	31	63	199	#
333	0.496314	11	12	37	14	46	#
334	0.697194	58	21	20	123	6	200	#
335	0.697194	58	31	85	24	200	#
336	0.33816	62	35	201	#
337	0.33816	49	61	35	201	#
338	0.664696	41	2	113	28	202	#
339	0.664696	94	36	38	28	202	#
340	0.664696	94	33	57	38	28	202	#
341	0.453685	124	60	14	#
342	0.832446	63	89	30	203	#
343	0.832446	31	126	29	30	203	#
344	0.832446	17	16	89	30	203	#
345	0.832446	63	89	40	39	203	#
346	0.832446	63	111	60	14	37	29	30	203	#
347	0.573071	83	#
348	0.572922	118	#
349	0.778978	38	18	15	14	37	12	11	204	#
350	0.778978	25	77	12	11	204	#
351	0.778978	57	97	15	14	37	12	11	204	#
352	0.778978	38	18	15	14	37	29	54	50	204	#
353	0.778978	38	18	15	14	37	29	30	53	50	204	#
354	0.420975	47	71	#
355	0.539639	106	205	#
356	0.539639	35	34	60	15	205	#
357	0.927088	23	5	118	2	#
358	0.510969	113	2	41	206	#
359	0.510969	38	36	94	206	#
360	0.510969	38	57	33	94	206	#
361	0.708341	14	37	12	11	86	207	#
362	0.708341	60	119	91	207	#
363	0.708341	60	119	7	55	207	#
364	0.708341	14	115	101	207	#
365	0.708341	14	115	49	91	207	#
366	0.879535	33	121	23	208	#
367	0.879535	57	117	5	23	208	#
368	0.879535	26	25	117	5	23	208	#
369	0.879535	33	36	117	5	23	208	#
370	0.879535	57	36	121	23	208	#
371	0.863916	46	60	96	21	209	#
372	0.863916	46	60	111	63	43	209	#
373	0.863916	46	60	111	63	31	21	209	#
374	0.863916	46	60	111	16	17	43	209	#
375	0.863916	46	15	110	209	#
376	0.923978	28	38	25	83	0	210	#
377	0.923978	27	106	93	59	0	210	#
378	0.923978	27	106	62	64	59	0	210	#
379	0.923978	27	18	38	25	83	0	210	#
380	0.923978	27	106	61	49	64	59	0	210	#
381	1.04098	10	67	12	211	#
382	1.04098	9	87	95	211	#
383	1.04098	9	24	67	12	211	#
384	1.04098	114	18	15	14	37	12	211	#
385	1.04098	10	71	47	77	12	211	#
386	0.483899	19	123	#
387	0.577925	12	77	212	#
388	0.577925	12	37	14	15	18	38	25	212	#
389	0.674393	35	34	122	213	#
390	0.674393	61	102	213	#
391	0.674393	35	34	60	46	4	213	#
392	0.674393	62	49	102	213	#
393	0.470379	19	56	32	#
394	0.923609	52	7	61	106	214	#
395	0.923609	52	8	62	106	214	#
396	0.923609	52	7	49	62	106	214	#
397	0.923609	51	91	61	106	214	#
398	0.923609	52	7	119	60	15	214	#
399	1.05571	93	106	99	2	215	#
400	1.05571	64	62	106	99	2	215	#
401	1.05571	59	83	25	38	113	2	215	#
402	1.05571	64	8	73	113	2	215	#
403	1.05571	64	49	7	73	113	2	215	#
404	0.470895	94	#
405	0.921752	78	82	54	216	#
406	0.921752	42	76	53	216	#
407	0.921752	78	82	30	53	216	#
408	0.921752	42	58	126	29	54	216	#
409	0.921752	42	58	126	29	30	53	216	#
410	0.533081	114	#
411	0.722477	11	100	59	0	#
412	0.440237	27	15	60	#
413	0.717873	73	38	25	217	#
414	0.717873	7	119	124	47	217	#
415	0.717873	8	64	59	83	217	#
416	0.717873	7	49	64	59	83	217	#
417	0.717873	7	61	35	34	124	47	217	#
418	0.872831	76	218	#
419	0.872831	58	126	29	30	218	#
420	0.872831	80	12	29	30	218	#
421	0.872831	42	78	82	30	218	#
422	0.872831	58	31	63	89	30	218	#
423	0.776576	14	60	124	71	219	#
424	0.776576	14	15	18	38	48	71	219	#
425	0.184887	42	58	#
426	0.469164	37	14	15	97	#
427	0.340443	37	14	15	#
428	0.699363	24	116	220	#
429	0.699363	9	10	116	220	#
430	0.570444	85	31	221	#
431	0.570444	85	43	21	221	#
432	0.058007	29	#
433	0.839142	62	72	9	222	#
434	0.839142	93	59	116	10	222	#
435	0.839142	93	84	9	222	#
436	0.839142	62	64	59	116	10	222	#
437	0.839142	62	64	84	9	222	#
438	0.674551	71	48	38	28	223	#
439	0.674551	71	47	25	38	28	223	#
440	1.02656	94	33	26	47	105	224	#
441	1.02656	94	36	48	105	224	#
442	1.02656	94	33	57	48	105	224	#
443	1.02656	94	33	69	21	224	#
444	1.02656	41	118	123	20	224	#
445	0.775756	110	225	#
446	0.775756	15	60	96	21	225	#
447	0.775756	15	60	111	63	43	225	#
448	0.775756	15	60	111	63	31	21	225	#
449	0.775756	18	38	48	105	225	#
450	0.164778	56	#
451	0.408085	47	71	#
452	1.13353	127	5	226	#
453	1.13353	39	70	5	226	#
454	1.13353	30	29	37	14	15	18	38	117	5	226	#
455	1.13353	30	29	67	24	6	5	226	#
456	1.13353	30	29	77	25	117	5	226	#
457	0.774116	81	7	227	#
458	0.774116	81	8	49	227	#
459	0.774116	56	20	21	58	42	78	7	227	#
460	0.774116	56	19	22	21	58	42	78	7	227	#
461	0.774116	81	8	62	61	227	#
462	0.515228	83	#
463	0.714014	112	#
464	1.02698	2	113	73	228	#
465	1.02698	2	99	106	61	7	228	#
466	1.02698	2	99	106	62	8	228	#
467	1.02698	2	113	18	106	61	7	228	#
468	1.02698	2	99	106	62	49	7	228	#
469	0.796801	14	60	96	58	229	#
470	0.796801	115	8	78	42	229	#
471	0.796801	115	49	7	78	42	229	#
472	0.796801	37	126	58	229	#
473	0.827672	64	49	102	3	230	#
474	0.827672	64	115	14	46	13	230	#
475	0.827672	64	115	14	46	4	3	230	#
476	0.827672	64	49	119	68	230	#
477	0.827672	64	8	7	102	3	230	#
478	0.822653	37	12	11	86	51	231	#
479	0.822653	115	8	52	231	#
480	0.822653	115	49	7	52	231	#
481	0.822653	115	101	51	231	#
482	0.822653	115	49	91	51	231	#
483	0.235936	91	232	#
484	0.235936	7	55	232	#
485	0.796998	16	89	30	233	#
486	0.796998	16	89	40	39	233	#
487	0.796998	16	111	60	14	37	29	30	233	#
488	0.796998	16	89	54	53	233	#
489	0.796998	16	95	12	29	30	233	#
490	0.62715	46	60	34	35	#
491	0.527742	71	47	26	234	#
492	0.527742	71	48	57	234	#
493	0.527742	71	47	25	57	234	#
494	0.527742	71	48	25	26	234	#
495	0.527742	71	48	36	33	234	#
496	0.211915	4	46	#
497	0.758956	113	88	3	235	#
498	0.758956	99	15	46	13	235	#
499	0.758956	99	15	46	4	3	235	#
500	0.758956	113	18	15	46	13	235	#
501	0.758956	113	18	15	46	4	3	235	#
