%% File generated by CATS v.2.1Thu May  9 12:51:58 2024

%% The CATS webpage is http://robotics.stanford.edu/CATS

%% PARAMETER SETTINGS:
% Goods: 128; Bids: 500; Distribution: regions; Runs: 1; Seed: 73
% Regions Distribution Parameters:
% Max Substitutable Bids = 5
% Removing HV Neighbor   = 0.1
% Adding DIAG Neighbor   = 0.2
% Additional Location    = 0.9
% Jump Probability       = 0.05
% Additivity             = 0.2
% Budget Factor          = 1.5
% Resale Factor          = 0.5
% Uniform Private Value:
%   Deviation            = 0.5
%   Max Good Value       = 100



goods 128
bids 500
dummy 91

0	561.934	34	36	38	45	46	47	48	49	57	65	68	79	80	128	#
1	818.717	55	66	67	68	69	78	79	80	90	91	92	100	101	128	#
2	799.021	34	35	46	55	56	57	67	68	78	79	80	88	89	128	#
3	797.11	19	37	48	49	50	59	61	62	70	71	72	116	117	128	#
4	786.963	55	56	57	58	66	67	68	78	79	80	88	89	90	128	#
5	741.69	13	24	25	34	35	36	37	46	47	48	49	58	59	128	#
6	38.6624	56	#
7	542.407	24	35	36	37	47	58	79	129	#
8	520.819	24	26	27	35	36	37	46	129	#
9	512.814	2	13	14	15	24	35	46	129	#
10	471.636	46	57	68	78	79	87	89	129	#
11	464.802	37	38	49	105	106	116	117	129	#
12	462.727	36	37	38	46	47	58	59	129	#
13	96.5494	88	#
14	86.2208	122	#
15	1479.34	16	17	27	73	74	75	76	84	85	86	87	95	96	97	98	106	107	108	109	117	118	119	120	130	#
16	1615.99	39	40	42	50	51	52	53	54	62	63	64	65	73	74	75	76	84	85	86	87	96	97	107	130	#
17	1580.76	29	39	40	72	74	75	76	81	82	83	84	85	86	87	95	96	97	98	106	108	109	119	120	130	#
18	1545.29	29	39	40	50	51	62	63	72	73	83	84	85	86	95	96	97	106	107	108	109	117	118	119	130	#
19	1538.89	29	39	40	50	51	62	63	83	84	85	93	94	95	96	97	98	106	107	108	109	117	118	119	130	#
20	1516.68	51	52	53	54	62	63	64	65	73	74	75	76	83	84	85	86	87	96	97	98	108	109	120	130	#
21	446.112	50	51	52	61	62	63	74	75	131	#
22	625.767	42	51	52	53	54	64	65	76	131	#
23	544.48	39	49	50	51	59	60	61	72	131	#
24	498.203	49	51	61	62	72	103	104	115	131	#
25	494.223	54	64	65	74	75	76	87	98	131	#
26	490.34	50	51	52	53	62	63	117	118	131	#
27	417.685	19	30	41	42	43	53	132	#
28	529.986	24	25	42	52	53	54	132	#
29	418.965	21	32	41	42	43	52	132	#
30	414.969	29	30	39	40	41	42	132	#
31	359.271	0	21	32	41	42	43	132	#
32	325.514	30	38	41	96	107	108	132	#
33	264.078	44	45	55	66	133	#
34	272.995	23	24	34	45	133	#
35	265.59	55	66	67	77	133	#
36	220.039	45	46	55	56	133	#
37	216.65	44	45	55	85	133	#
38	142.168	97	108	134	#
39	194.828	108	119	134	#
40	115.054	97	98	134	#
41	657.223	5	9	15	16	18	27	45	46	55	56	57	68	79	135	#
42	940.199	5	6	16	26	27	28	35	36	37	38	39	49	50	135	#
43	836.163	2	5	6	11	12	13	14	15	16	17	22	25	33	135	#
44	798.192	35	36	46	47	57	58	59	68	69	70	71	79	80	135	#
45	789.817	35	36	37	44	45	46	55	56	57	58	66	68	77	135	#
46	782.111	4	5	6	7	16	17	18	27	38	92	93	94	104	135	#
47	123.941	36	#
48	160.414	70	71	136	#
49	82.6571	70	81	136	#
50	117.412	61	62	137	#
51	111.299	61	72	137	#
52	1114.93	3	14	15	16	26	37	46	47	48	57	58	59	69	70	79	80	81	138	#
53	1229.45	37	48	49	59	61	69	70	71	72	79	80	81	82	83	90	91	93	138	#
54	1154.21	38	69	77	78	79	80	81	88	89	90	91	92	100	101	102	103	113	138	#
55	1152.4	26	36	37	47	48	58	59	69	70	71	72	78	79	80	81	82	83	138	#
56	1128.94	6	16	17	18	27	28	29	37	40	47	48	58	59	60	70	71	81	138	#
57	1099.8	69	78	79	80	81	88	91	92	93	94	99	101	102	103	104	114	115	138	#
58	902.253	57	67	68	78	79	80	88	89	90	91	99	100	101	110	111	139	#
59	1183.98	56	57	68	69	79	80	81	82	83	89	90	91	100	102	103	139	#
60	1133.14	33	44	45	46	55	56	57	66	67	68	79	80	91	102	103	139	#
61	1099.76	27	79	82	88	89	90	91	93	99	100	101	102	103	104	110	139	#
62	1097.44	79	80	88	89	90	91	97	99	100	101	102	103	107	108	111	139	#
63	1089.43	59	68	70	71	78	79	80	81	88	89	90	91	99	100	111	139	#
64	158.698	7	8	9	10	140	#
65	84.4322	9	10	54	65	140	#
66	69.9616	7	8	18	65	140	#
67	810.374	28	39	40	41	51	52	63	64	74	75	141	#
68	815.919	21	31	32	41	42	43	50	51	52	62	141	#
69	766.351	50	51	52	53	54	62	63	72	73	74	141	#
70	762.186	41	50	51	52	61	62	63	64	74	75	141	#
71	755.688	41	51	52	53	63	64	73	74	75	76	141	#
72	723.962	17	28	29	39	40	41	50	52	99	110	141	#
73	246.107	80	90	91	102	142	#
74	302.005	91	101	102	113	142	#
75	278.488	80	90	91	109	142	#
76	257.264	90	101	102	113	142	#
77	229.842	80	89	90	91	142	#
78	736.091	68	69	79	80	81	82	91	93	94	104	105	116	143	#
79	1018.18	3	82	84	93	94	95	101	102	103	104	113	115	143	#
80	928.367	80	81	82	85	91	93	94	95	96	104	106	107	143	#
81	915.106	80	81	82	93	94	95	103	104	105	106	107	118	143	#
82	855.896	69	70	79	80	81	82	91	92	93	94	103	104	143	#
83	852.911	27	28	38	69	79	80	81	90	91	101	102	113	143	#
84	2066.56	0	1	2	3	5	6	11	12	13	14	15	16	17	18	22	23	24	25	26	27	28	29	33	34	35	44	45	46	55	75	86	87	97	98	108	109	119	120	124	144	#
85	2618.51	1	2	3	11	12	13	14	15	16	17	24	25	26	27	28	35	38	39	60	68	71	72	79	80	81	82	83	93	94	95	103	104	105	106	114	115	116	117	124	144	#
86	2606.59	1	2	3	4	5	6	12	13	14	15	16	17	24	25	26	27	28	29	35	38	39	40	41	42	48	49	50	51	53	57	58	59	60	61	63	70	71	72	74	144	#
87	2589.9	28	39	48	49	50	51	57	58	59	60	61	63	68	70	71	72	73	76	79	80	81	83	84	85	87	88	95	96	97	98	104	105	106	107	108	109	116	117	124	144	#
88	2582.28	1	2	3	12	13	14	15	17	24	25	26	27	28	29	35	37	38	39	47	48	49	50	51	58	59	60	61	70	71	99	100	101	102	103	104	111	112	113	115	144	#
89	2558.24	6	15	17	18	19	20	26	27	28	29	30	31	32	38	39	40	41	42	43	48	49	50	51	52	53	54	59	60	61	63	70	71	72	83	84	85	95	96	127	144	#
90	224.749	22	23	33	44	89	145	#
91	288.195	33	44	45	56	62	145	#
92	266.973	22	23	24	34	45	145	#
93	237.041	79	89	90	101	112	145	#
94	172.364	0	11	12	22	33	145	#
95	1076.18	85	86	87	93	95	96	97	98	104	106	108	109	119	120	146	#
96	1124.16	64	74	75	76	84	85	86	95	96	97	98	106	108	109	146	#
97	1107.45	74	75	76	84	85	86	87	96	97	98	108	109	119	120	146	#
98	1102.86	73	81	82	83	84	85	95	96	106	116	117	118	119	125	146	#
99	1040.33	64	65	74	75	76	85	86	96	97	98	108	109	119	120	146	#
100	1004.28	51	96	98	104	105	106	107	108	109	116	117	118	119	120	146	#
101	24.8421	125	#
102	96.8156	77	#
103	160.611	70	81	147	#
104	151.036	80	81	147	#
105	82.6973	9	70	147	#
106	981.88	49	50	60	61	62	63	69	70	71	72	73	74	81	82	83	148	#
107	1188.38	52	53	60	62	63	70	71	72	73	81	82	83	84	85	86	148	#
108	1182.95	39	48	49	50	51	52	60	61	62	71	72	73	81	82	83	148	#
109	1182.46	27	38	39	49	51	52	53	60	61	62	63	71	72	73	83	148	#
110	1162.65	15	26	37	38	39	40	49	51	52	60	61	62	71	72	82	148	#
111	1156.86	51	52	62	63	64	65	69	70	71	72	73	75	81	82	83	148	#
112	1037.8	2	14	15	16	24	25	26	27	28	37	38	47	48	49	50	60	66	98	149	#
113	1439.89	23	24	59	60	61	63	71	72	73	82	91	92	101	102	103	104	112	115	149	#
114	1320.33	16	27	37	38	39	43	47	48	49	50	51	57	58	59	60	61	68	91	149	#
115	1293.84	41	49	50	52	60	61	63	71	72	73	74	82	83	86	92	93	104	105	149	#
116	1277.41	27	38	39	49	50	51	52	53	61	63	64	72	73	83	84	85	117	118	149	#
117	1270.63	6	15	16	17	18	27	29	36	37	38	39	40	48	49	50	60	61	72	149	#
118	814.008	19	20	21	30	31	32	40	41	42	43	52	63	150	#
119	944.688	1	2	40	41	51	52	53	63	64	65	74	86	150	#
120	917.296	19	29	30	40	41	42	43	51	52	53	62	63	150	#
121	777.929	8	19	20	29	30	31	32	40	41	42	51	52	150	#
122	742.782	18	28	29	30	40	41	42	51	52	75	76	80	150	#
123	741.195	8	19	20	21	30	31	32	40	41	42	43	53	150	#
124	189.593	19	30	31	151	#
125	202.248	31	32	42	151	#
126	172.086	30	41	42	151	#
127	156.126	8	19	30	151	#
128	1844.38	15	16	17	27	50	51	54	60	61	62	63	65	72	77	78	79	88	89	90	91	94	95	105	106	107	116	117	126	152	#
129	1956.91	51	62	63	69	74	80	82	83	85	86	91	92	93	94	96	97	102	103	104	105	106	107	108	113	114	116	117	118	152	#
130	1883.85	3	4	5	6	7	8	9	14	15	16	17	18	27	28	29	37	38	39	40	50	51	52	53	61	62	63	72	73	152	#
131	1882.84	59	69	70	72	74	75	79	80	81	82	83	85	86	91	92	93	94	95	96	97	102	104	105	106	107	116	117	118	152	#
132	1847.56	17	27	28	49	50	51	60	61	62	63	69	72	80	81	82	83	91	92	93	94	101	102	103	104	105	113	114	116	152	#
133	1840.19	21	37	42	48	49	50	51	52	53	57	58	59	60	61	62	63	70	72	73	74	82	83	86	92	93	94	95	106	152	#
134	141.857	3	#
135	917.18	39	41	49	50	51	52	53	54	60	61	62	63	64	75	153	#
136	1041.03	30	40	41	51	52	53	54	61	62	63	64	65	76	87	153	#
137	1039.54	20	28	29	30	31	32	39	40	41	42	51	52	53	81	153	#
138	1011.91	28	38	39	40	48	49	50	51	59	60	61	70	71	81	153	#
139	984.467	15	16	29	30	31	39	40	41	51	52	53	63	64	73	153	#
140	962.903	29	30	31	32	38	41	42	43	49	51	52	53	61	63	153	#
141	778.575	23	24	33	34	35	44	46	55	56	57	58	66	71	77	154	#
142	952.515	1	2	44	55	56	57	66	67	77	78	79	88	89	90	154	#
143	926.979	24	31	35	36	42	46	51	53	56	57	67	78	88	89	154	#
144	908.453	2	7	8	13	18	24	29	35	36	37	48	64	65	76	154	#
145	892.87	26	27	37	38	48	49	59	60	70	71	72	83	84	100	154	#
146	813.668	27	44	45	55	66	67	77	78	88	102	103	104	113	115	154	#
147	315.439	40	41	51	52	155	#
148	415.974	51	60	71	72	155	#
149	275.955	28	29	39	40	155	#
150	274.363	31	40	41	42	155	#
151	246.162	52	63	74	75	155	#
152	249.4	19	28	38	39	156	#
153	330.855	16	27	38	39	156	#
154	269.039	27	38	39	49	156	#
155	268.74	17	28	39	63	156	#
156	404.572	51	52	62	63	157	#
157	391.214	52	62	63	74	157	#
158	334.393	51	52	63	86	157	#
159	321.034	52	63	74	86	157	#
160	418.572	103	104	105	116	117	158	#
161	364.709	103	104	105	117	118	158	#
162	347.12	92	94	103	104	105	158	#
163	327.95	93	104	105	116	117	158	#
164	313.655	83	84	94	105	106	158	#
165	292.498	38	94	105	116	117	158	#
166	368.35	1	2	13	14	15	24	159	#
167	487.735	13	23	24	35	36	53	159	#
168	348.779	1	2	13	14	15	16	159	#
169	321.593	1	2	12	13	14	24	159	#
170	293.803	2	3	12	13	14	84	159	#
171	269.229	2	13	14	23	24	25	159	#
172	652.661	24	25	34	35	45	46	47	58	59	70	71	160	#
173	845.305	59	60	61	70	71	72	79	80	81	82	91	160	#
174	747.628	59	70	71	72	81	82	83	91	92	93	104	160	#
175	645.295	2	14	15	23	24	25	33	34	35	45	46	160	#
176	607.324	22	23	24	33	34	35	44	45	46	47	58	160	#
177	572.659	23	33	34	35	36	45	46	47	57	100	111	160	#
178	1457.26	6	7	8	9	10	16	17	18	19	21	28	29	30	39	41	49	50	61	63	71	72	73	75	76	84	94	95	161	#
179	1976.01	5	6	16	17	29	30	41	42	48	49	50	51	52	53	59	60	61	62	63	64	65	71	72	75	83	84	127	161	#
180	1925.52	41	51	52	53	59	60	61	63	64	65	71	72	73	74	75	81	82	83	84	85	88	94	95	96	97	106	107	161	#
181	1921.47	15	16	17	19	26	27	28	29	30	39	41	48	49	50	51	52	53	60	61	62	63	71	72	80	81	91	106	161	#
182	1879.86	49	51	53	60	61	64	65	71	72	75	82	83	84	85	86	95	96	97	98	105	106	107	108	109	117	119	120	161	#
183	1827.1	20	21	27	30	37	38	41	42	48	49	50	51	52	53	59	60	61	62	63	64	65	70	71	72	76	83	84	161	#
184	222.033	100	110	111	162	#
185	188.343	99	100	111	162	#
186	150.656	110	111	112	162	#
187	683.457	96	104	105	106	107	108	116	117	118	163	#
188	724.818	84	95	104	105	106	108	116	117	118	163	#
189	661.64	95	97	104	105	106	107	108	117	118	163	#
190	640.152	97	104	105	106	107	108	115	117	118	163	#
191	597.562	95	97	105	106	107	108	109	117	118	163	#
192	576.349	97	105	106	107	108	116	117	118	119	163	#
193	157.66	46	59	164	#
194	192.669	48	59	164	#
195	165.819	34	44	45	165	#
196	205.581	44	45	56	165	#
197	196.315	33	34	45	165	#
198	340.115	78	79	88	90	91	102	166	#
199	474.939	90	91	92	102	103	115	166	#
200	447.751	101	102	103	112	113	114	166	#
201	333.306	80	81	90	91	101	102	166	#
202	320.822	55	56	57	67	78	88	166	#
203	297.864	23	24	35	78	79	80	166	#
204	403.566	94	95	96	105	106	116	117	167	#
205	504.302	74	85	86	87	95	96	97	167	#
206	406.959	84	85	93	94	95	96	104	167	#
207	385.955	83	84	94	95	96	97	105	167	#
208	367.98	93	94	95	104	105	106	116	167	#
209	357.802	94	103	104	105	106	115	116	167	#
210	116.92	7	17	18	168	#
211	103.637	5	6	7	168	#
212	395.852	78	88	89	90	91	99	102	169	#
213	401.994	79	89	90	91	101	102	113	169	#
214	382.017	79	88	89	90	91	101	102	169	#
215	309.555	15	101	102	103	110	111	112	169	#
216	292.413	77	78	79	88	89	99	110	169	#
217	269.249	88	89	90	99	100	110	111	169	#
218	362.403	0	1	11	12	22	23	33	170	#
219	379.399	0	1	2	11	12	22	33	170	#
220	378.375	11	22	33	44	45	46	101	170	#
221	340.132	0	1	11	12	22	33	78	170	#
222	321.446	0	1	11	12	22	23	24	170	#
223	316.927	0	11	12	22	23	84	95	170	#
224	843.848	36	37	38	48	49	50	51	59	60	61	62	63	72	73	171	#
225	1124.53	48	49	50	51	60	70	71	72	82	83	84	95	96	106	171	#
226	1035.48	26	36	37	38	48	49	50	51	59	60	71	72	82	83	171	#
227	956.128	36	37	40	41	48	49	50	51	59	60	70	71	94	102	171	#
228	952.405	26	27	49	50	55	56	60	66	67	71	72	105	106	107	171	#
229	913.47	15	16	17	22	26	27	28	29	38	39	48	49	50	51	171	#
230	1103.52	16	17	27	29	30	40	41	51	52	53	61	62	63	72	74	83	172	#
231	1189.27	15	40	41	51	52	61	62	63	74	75	80	86	91	92	102	103	172	#
232	1110.81	59	70	71	72	80	81	82	83	84	85	86	90	91	92	93	97	172	#
233	1067.39	7	8	15	16	17	18	28	29	30	38	39	40	41	51	52	63	172	#
234	1035.69	43	59	60	61	69	70	71	72	80	81	82	83	87	91	92	93	172	#
235	1020.73	5	6	7	10	15	16	17	18	20	21	29	30	31	35	40	41	172	#
236	1502.33	5	6	14	15	16	17	24	25	26	27	28	35	39	46	53	64	88	89	90	99	100	101	102	111	112	173	#
237	1819.29	4	5	6	7	15	16	17	18	24	26	27	28	29	30	35	38	39	40	41	50	51	52	62	63	64	173	#
238	1727.43	39	40	41	50	51	52	61	62	63	77	82	88	89	90	93	101	102	103	104	110	111	112	113	114	115	173	#
239	1707.72	5	6	15	16	17	26	27	28	29	30	38	39	40	41	51	61	62	63	89	90	101	102	111	112	113	173	#
240	1650.9	0	1	4	5	6	7	11	12	15	16	17	18	23	24	25	26	27	28	34	35	37	38	39	40	46	173	#
241	1635.44	39	40	41	50	51	52	53	54	60	61	62	63	64	65	72	73	74	75	76	83	84	86	87	95	97	173	#
242	480.385	1	2	3	4	5	13	14	15	174	#
243	610.479	1	2	3	4	12	13	24	35	174	#
244	570.404	1	3	12	13	14	24	35	36	174	#
245	546.833	1	2	3	4	12	13	24	83	174	#
246	541.455	15	16	27	37	38	39	49	50	174	#
247	529.094	1	2	3	4	5	13	14	16	174	#
248	535.415	16	26	27	36	37	38	48	49	59	60	175	#
249	761.798	36	37	38	39	40	49	50	51	52	72	175	#
250	728.106	15	57	58	59	60	69	70	71	80	81	175	#
251	708.525	37	48	49	58	59	60	70	71	72	81	175	#
252	668.652	26	36	37	48	49	59	60	71	72	82	175	#
253	635.147	37	48	49	50	51	59	60	61	62	63	175	#
254	443.694	69	70	80	81	82	91	176	#
255	471.168	59	69	70	80	81	91	176	#
256	455.969	59	70	80	81	82	96	176	#
257	443.025	80	81	91	92	102	113	176	#
258	417.28	57	58	59	70	80	81	176	#
259	406.325	49	60	70	71	81	82	176	#
260	1306.92	37	40	47	48	50	51	59	60	61	62	71	72	73	82	83	84	177	#
261	1345.01	37	38	40	48	50	51	59	60	61	62	71	72	82	83	84	93	177	#
262	1273.15	19	29	30	40	41	47	48	50	51	59	60	61	62	71	72	83	177	#
263	1259.74	35	36	37	38	47	48	50	58	59	60	61	62	71	72	82	83	177	#
264	1258.87	6	7	19	28	29	30	38	39	40	41	50	51	61	62	72	73	177	#
265	1231.05	50	51	61	62	72	83	84	85	95	96	97	107	108	118	119	120	177	#
266	489.14	69	80	89	90	91	100	101	111	112	178	#
267	619.858	79	80	81	89	90	91	101	102	113	178	#
268	578.834	77	78	88	89	90	91	99	100	101	178	#
269	565.464	89	90	91	100	101	102	111	112	113	178	#
270	524.564	91	100	101	102	108	109	111	112	113	178	#
271	503.877	78	88	89	90	91	99	100	101	111	178	#
272	407.055	69	70	71	80	81	179	#
273	502.183	70	71	72	82	83	179	#
274	464.715	70	71	72	81	82	179	#
275	384.543	69	70	80	81	82	179	#
276	353.273	64	69	70	71	75	179	#
277	330.48	69	70	79	80	90	179	#
278	211.936	16	26	27	28	180	#
279	283.79	16	27	28	29	180	#
280	106.51	14	15	25	26	180	#
281	197.523	48	49	58	59	181	#
282	294.548	48	49	60	71	181	#
283	237.355	48	49	59	60	181	#
284	220.643	48	58	59	60	181	#
285	135.252	46	47	57	58	181	#
286	220.33	20	30	31	182	#
287	217.937	20	21	31	182	#
288	186.329	19	30	31	182	#
289	173.673	29	30	31	182	#
290	54.7674	121	#
291	290.792	85	86	96	103	183	#
292	317.575	96	106	107	118	183	#
293	258.652	19	30	86	87	183	#
294	246.116	92	103	104	115	183	#
295	204.986	75	85	86	96	183	#
296	918.645	6	7	17	18	29	30	39	40	50	51	60	127	184	#
297	975.493	10	37	48	58	59	60	70	71	79	80	81	82	184	#
298	927.103	29	30	38	39	40	49	50	51	62	102	103	114	184	#
299	896.521	24	25	26	35	36	37	38	39	48	49	50	59	184	#
300	819.776	39	40	48	49	50	51	52	59	62	63	107	118	184	#
301	817.854	6	7	8	15	17	19	29	102	110	111	112	113	184	#
302	221.515	5	15	16	26	27	37	185	#
303	312.886	24	25	26	27	37	38	185	#
304	306.566	15	16	17	19	29	30	185	#
305	283.938	9	26	27	36	37	47	185	#
306	247.703	16	17	18	27	29	85	185	#
307	242.337	14	25	26	36	37	47	185	#
308	193.927	36	47	58	186	#
309	169.95	26	36	37	186	#
310	147.243	57	58	68	186	#
311	143.953	47	48	78	186	#
312	1839	6	7	82	83	84	85	86	87	93	94	95	96	97	98	102	103	104	105	106	107	108	109	114	115	117	118	119	120	187	#
313	2052.74	41	42	51	52	53	54	62	64	65	72	73	74	75	76	83	84	85	86	87	95	96	97	98	106	107	117	118	119	187	#
314	2008.45	10	38	48	49	51	53	59	60	61	62	64	71	72	73	74	75	76	80	81	82	83	84	86	87	91	93	97	102	187	#
315	1918.44	52	59	60	63	64	70	71	72	73	74	75	81	82	83	84	85	86	87	93	94	96	97	98	104	105	106	107	117	187	#
316	1894.21	27	28	38	49	50	51	52	60	61	62	76	78	83	84	85	87	93	94	95	96	97	98	105	106	107	109	117	120	187	#
317	1870.13	14	15	24	25	26	30	31	38	39	42	49	50	51	78	84	93	94	95	97	104	105	106	107	108	117	118	119	120	187	#
318	1011.95	26	27	38	103	104	105	106	107	108	114	116	117	118	127	188	#
319	1032.32	83	84	85	86	95	96	99	100	106	107	108	111	118	119	188	#
320	1015.62	32	40	41	42	49	50	51	52	62	63	65	76	87	127	188	#
321	1011.06	85	91	92	95	96	102	103	104	105	106	114	115	116	117	188	#
322	1001.76	61	72	83	84	85	95	99	103	104	105	106	114	116	117	188	#
323	982.829	80	81	90	91	92	101	102	103	104	105	114	115	116	117	188	#
324	101.024	107	#
325	4383.01	2	3	6	7	11	12	13	14	22	24	25	33	34	35	40	41	42	44	45	46	50	51	52	53	55	56	57	58	59	60	62	63	64	67	68	69	70	71	72	73	74	75	76	77	78	79	80	81	82	85	86	87	88	89	91	92	93	95	96	97	98	100	102	103	104	105	109	110	111	114	115	189	#
326	4378.65	2	3	4	5	13	14	24	25	26	27	28	33	35	38	44	45	46	47	49	50	51	52	55	56	57	58	59	60	61	62	63	64	65	67	68	69	73	74	75	76	77	78	79	80	81	85	86	87	88	89	91	92	93	94	97	98	99	100	101	102	103	104	109	110	111	112	113	114	115	119	120	189	#
327	4362.32	2	3	4	11	12	13	14	22	24	25	26	27	28	29	33	35	37	38	40	41	44	45	46	48	49	50	51	52	53	54	55	56	57	58	59	60	61	62	63	64	65	67	68	69	70	71	72	73	74	75	76	77	78	79	80	81	82	83	86	88	89	91	99	100	102	103	104	111	114	115	125	189	#
328	4339.42	2	3	11	12	13	14	22	24	25	26	27	28	29	33	35	37	38	39	40	41	44	45	46	47	49	50	51	52	55	56	57	58	59	60	61	62	63	64	67	68	69	70	71	72	73	74	75	76	77	78	79	80	81	82	86	88	89	91	92	93	99	100	101	102	103	104	110	111	112	113	114	189	#
329	4272.27	1	2	3	4	5	6	7	8	9	10	12	13	14	16	19	20	27	28	29	31	36	37	38	39	40	41	42	43	45	46	47	48	49	50	51	52	57	58	59	60	61	63	64	65	68	69	70	71	72	73	74	75	76	78	79	80	81	83	85	86	87	91	93	102	103	104	105	113	114	115	116	189	#
330	4244.51	2	3	4	5	6	7	8	13	14	16	17	23	24	25	26	27	28	29	38	39	40	41	42	43	49	50	51	52	59	60	61	62	63	64	65	67	68	69	71	72	73	74	75	76	78	79	80	83	85	86	87	88	89	93	94	95	97	98	99	102	103	104	105	108	109	115	116	117	118	119	120	189	#
331	609.336	69	70	71	78	79	80	81	82	190	#
332	739.213	63	69	70	71	72	73	81	82	190	#
333	700.786	69	70	79	80	81	82	91	102	190	#
334	689.229	28	38	39	69	70	71	80	81	190	#
335	644.851	69	70	79	80	81	82	90	91	190	#
336	622.934	69	70	71	72	80	81	82	93	190	#
337	21.1513	93	#
338	590.688	49	51	60	61	71	72	83	191	#
339	590.066	71	79	80	82	83	93	94	191	#
340	589.221	49	59	60	61	71	72	83	191	#
341	562.059	49	50	51	61	81	82	83	191	#
342	521.563	49	50	51	52	53	61	62	191	#
343	518.071	37	48	49	51	60	61	63	191	#
344	484.994	16	25	26	27	28	37	38	39	48	49	50	192	#
345	716.389	5	16	17	28	35	36	37	38	39	49	50	192	#
346	713.558	5	6	14	15	16	17	18	28	29	39	50	192	#
347	654.658	19	36	37	38	48	49	50	59	61	62	72	192	#
348	644.662	16	17	18	28	29	37	38	39	48	49	50	192	#
349	639.502	37	38	48	49	50	51	58	59	60	61	72	192	#
350	495.422	90	99	100	101	102	103	112	113	193	#
351	598.725	92	93	102	103	104	112	113	115	193	#
352	560.121	99	100	101	102	103	104	110	115	193	#
353	527.39	92	101	102	103	104	112	114	115	193	#
354	483.39	92	101	102	103	112	113	114	115	193	#
355	437.305	88	89	99	100	101	102	103	110	193	#
356	1017.06	13	24	34	35	36	44	45	46	55	56	57	68	82	91	92	93	103	114	194	#
357	1473.76	2	3	4	17	28	29	30	35	41	52	55	56	57	68	79	95	102	106	194	#
358	1307.06	2	3	4	5	6	7	13	14	17	24	25	28	29	30	35	36	62	83	194	#
359	1280.98	40	68	69	78	79	80	81	82	83	90	91	92	93	100	101	102	103	104	194	#
360	1238.14	37	38	71	72	73	74	75	81	82	83	93	94	95	103	104	105	106	115	194	#
361	1224.2	2	13	14	24	71	82	92	93	94	95	101	102	103	104	105	114	115	116	194	#
362	62.3845	1	#
363	282.437	6	7	8	9	10	19	195	#
364	308.605	8	9	10	19	37	38	195	#
365	279.122	5	6	7	8	9	19	195	#
366	200.985	7	8	9	10	19	30	195	#
367	180.877	8	9	10	19	21	32	195	#
368	137.66	9	10	20	21	31	32	195	#
369	322.732	26	27	37	38	49	196	#
370	438.34	37	38	49	103	115	196	#
371	406.058	27	37	38	49	60	196	#
372	330.642	37	38	48	49	50	196	#
373	321.921	27	28	38	39	49	196	#
374	217.556	24	25	26	27	37	196	#
375	123.693	10	31	197	#
376	181.376	31	42	197	#
377	81.3527	9	10	197	#
378	885.506	59	70	90	91	97	101	102	103	104	108	109	113	114	115	198	#
379	1167.06	16	27	39	40	41	42	52	53	71	82	93	104	105	106	198	#
380	1097.67	90	91	98	101	102	106	107	108	109	116	117	118	119	120	198	#
381	1018.11	36	37	48	49	50	51	58	59	60	61	62	70	71	81	198	#
382	972.512	86	87	97	98	104	105	106	107	108	109	116	117	118	119	198	#
383	922.044	26	27	36	37	38	47	48	49	59	60	61	70	71	82	198	#
384	336.271	34	45	55	56	67	78	89	199	#
385	487.336	26	27	57	68	78	79	89	199	#
386	434.017	23	33	34	44	45	55	56	199	#
387	429.243	67	78	79	88	89	100	111	199	#
388	416.469	34	44	45	46	55	56	57	199	#
389	367.537	34	45	46	55	56	57	95	199	#
390	891.507	15	25	26	27	78	88	89	91	92	93	100	102	110	111	112	113	200	#
391	1210.61	31	38	39	40	41	50	51	52	61	62	91	92	93	102	103	114	200	#
392	1202.16	59	69	70	79	80	81	82	91	92	93	94	102	103	104	113	115	200	#
393	1179.91	79	80	81	89	90	91	92	93	94	95	102	103	104	113	114	115	200	#
394	1097.78	22	33	68	79	80	81	84	91	92	93	94	101	102	103	104	114	200	#
395	1091.85	56	67	70	71	77	78	79	88	89	90	91	92	93	100	102	103	200	#
396	45.3795	21	#
397	26.0416	120	#
398	10.3653	9	#
399	13.1136	32	#
400	340.928	71	72	83	84	201	#
401	378.668	71	72	73	83	201	#
402	357.343	71	72	82	83	201	#
403	298.391	61	71	72	73	201	#
404	289.529	23	24	84	95	201	#
405	71.499	123	#
406	399.268	67	78	88	89	90	100	101	111	112	202	#
407	583.784	89	90	91	94	101	105	106	107	117	202	#
408	579.614	78	83	88	89	99	100	101	110	111	202	#
409	579.549	78	79	88	89	90	91	100	101	102	202	#
410	578.334	77	78	88	89	99	100	101	110	111	202	#
411	554.916	54	77	88	89	99	100	110	111	112	202	#
412	246.766	89	90	91	92	203	#
413	254.129	88	89	90	99	203	#
414	252.914	79	90	91	92	203	#
415	248.173	92	93	94	103	203	#
416	242.27	78	88	89	99	203	#
417	310.601	60	70	71	204	#
418	285.001	59	60	70	204	#
419	228.836	60	61	71	204	#
420	236.758	63	73	74	86	87	92	205	#
421	339.551	2	42	53	63	64	73	205	#
422	316.222	37	48	74	75	86	87	205	#
423	308.355	62	63	72	73	74	84	205	#
424	263.534	63	74	75	76	86	87	205	#
425	998.294	33	34	36	44	45	46	47	55	56	57	67	77	78	79	80	88	89	99	206	#
426	1207.69	26	36	37	38	41	46	47	48	49	50	51	52	53	57	58	59	62	63	206	#
427	1161.87	45	51	52	55	56	57	58	59	63	67	70	71	73	77	78	88	99	110	206	#
428	1123.77	34	44	45	46	51	52	55	57	63	64	73	74	83	84	86	94	95	105	206	#
429	995.165	22	33	34	44	45	46	51	52	53	55	56	57	63	64	67	78	79	90	206	#
430	970.175	33	34	44	45	46	55	56	57	64	67	75	86	87	94	95	105	106	117	206	#
431	907.148	61	63	70	71	72	73	83	84	85	86	94	95	96	97	107	207	#
432	1081.8	69	70	71	79	80	81	89	90	91	93	94	101	102	111	112	207	#
433	1080.18	35	36	51	60	63	70	71	72	73	81	82	83	84	93	106	207	#
434	1027.93	20	30	40	41	51	60	61	71	72	73	83	84	85	95	96	207	#
435	997.477	63	73	84	85	86	93	94	95	96	97	105	106	107	108	119	207	#
436	996.121	90	91	92	93	94	95	96	97	102	104	105	107	108	116	119	207	#
437	570.656	69	70	71	79	80	81	208	#
438	503.668	69	70	71	72	82	83	208	#
439	485.813	70	71	72	82	83	93	208	#
440	485.354	59	69	70	71	80	81	208	#
441	469.409	69	78	79	80	81	82	208	#
442	416.093	69	70	80	81	82	91	208	#
443	284.112	88	89	99	100	101	102	103	209	#
444	408.373	13	23	24	25	89	90	91	209	#
445	330.875	67	72	73	74	78	88	89	209	#
446	304.659	66	77	78	88	89	99	100	209	#
447	289.758	26	101	102	103	104	113	115	209	#
448	269.534	2	13	89	90	100	101	102	209	#
449	167.751	1	12	13	34	46	47	210	#
450	233.188	36	46	47	57	58	68	210	#
451	155.333	0	11	12	13	14	22	210	#
452	74.6877	82	#
453	1365.78	7	8	9	10	20	21	31	34	41	42	44	45	46	47	48	53	55	56	57	58	59	67	68	78	79	80	90	98	101	109	211	#
454	2017.89	9	20	28	30	31	39	41	42	45	48	49	50	51	52	53	58	59	60	61	62	63	64	70	71	72	73	74	78	82	88	211	#
455	1999.77	7	8	9	10	20	21	28	31	32	39	40	41	42	43	47	48	49	50	51	52	53	61	62	63	73	74	82	84	85	86	211	#
456	1989.43	7	8	9	10	19	20	21	28	29	30	31	39	41	42	50	51	52	53	60	61	62	63	64	74	75	84	85	86	87	96	211	#
457	1957.76	30	41	42	50	51	52	53	55	56	63	64	66	67	69	73	74	75	76	77	78	79	80	84	85	86	87	88	89	96	97	211	#
458	1917.36	28	38	39	41	49	50	51	52	53	56	60	61	63	64	67	68	69	70	71	73	78	79	80	81	82	89	90	108	109	120	211	#
459	2608.56	0	1	2	3	4	11	12	13	14	22	23	24	26	33	34	35	36	37	45	46	57	68	69	79	85	86	94	95	96	97	98	104	105	106	108	109	116	119	120	212	#
460	2666.47	37	48	49	51	52	60	63	64	65	69	70	71	73	74	79	80	81	82	83	84	85	86	87	92	93	94	95	96	97	98	105	106	108	109	116	117	118	119	120	212	#
461	2655.57	52	53	57	62	63	64	65	67	68	69	73	74	75	78	79	80	83	84	85	86	87	89	92	93	94	95	96	97	98	100	104	105	106	108	109	111	119	120	122	212	#
462	2629.54	3	4	5	6	7	15	16	17	18	19	26	27	28	29	30	36	37	38	39	41	48	49	50	52	60	61	62	63	71	85	86	93	94	95	96	97	98	108	109	212	#
463	2569.07	22	33	34	35	36	37	41	42	43	44	45	46	47	48	52	53	55	57	62	63	64	74	76	85	86	87	95	96	97	98	104	105	106	108	109	116	117	119	120	212	#
464	2534.83	0	1	2	11	12	13	22	23	24	33	34	35	46	49	57	59	60	68	69	70	71	78	79	80	82	83	86	91	92	93	94	95	102	103	104	105	106	113	115	212	#
465	664.887	30	31	40	41	42	50	51	52	61	62	72	213	#
466	847.571	50	51	60	61	62	70	71	72	83	84	95	213	#
467	826.572	39	40	41	42	43	51	52	61	62	65	76	213	#
468	725.187	28	29	30	38	39	40	41	42	51	71	72	213	#
469	713.484	40	49	50	51	61	62	71	72	82	83	84	213	#
470	699.389	37	38	48	49	50	51	52	60	61	62	71	213	#
471	43.6897	22	#
472	268.378	40	51	52	214	#
473	289.808	48	51	52	214	#
474	266.165	51	62	63	214	#
475	248.423	40	51	62	214	#
476	327.825	67	77	78	88	99	100	215	#
477	474.445	88	99	100	101	110	112	215	#
478	381.783	69	77	88	89	99	100	215	#
479	358.507	55	56	66	67	77	87	215	#
480	317.325	66	77	88	89	90	101	215	#
481	249.279	5	16	69	77	78	88	215	#
482	640.956	2	3	13	14	15	16	17	18	26	28	29	216	#
483	774.277	2	3	14	15	16	17	26	72	73	83	84	216	#
484	738.112	5	16	17	18	28	29	39	44	55	56	57	216	#
485	733.954	16	17	19	26	27	28	29	30	39	40	50	216	#
486	722.376	2	5	14	15	16	17	26	28	29	39	57	216	#
487	714.409	1	2	3	4	5	11	13	14	23	24	35	216	#
488	778.209	23	33	34	35	44	45	46	47	55	56	57	58	59	68	217	#
489	1076.09	0	11	13	15	23	24	25	26	27	37	38	49	50	60	217	#
490	1025.3	24	33	35	36	38	44	46	47	48	49	57	58	59	60	217	#
491	976.987	2	3	4	13	24	25	34	35	36	44	45	46	47	48	217	#
492	963.458	0	11	22	23	33	44	45	55	62	108	116	117	118	119	217	#
493	962.545	2	3	4	14	15	25	26	27	38	46	49	50	57	68	217	#
494	365.403	55	56	57	58	66	67	68	77	78	88	218	#
495	488.101	37	38	48	55	56	57	58	59	66	67	218	#
496	482.151	36	47	56	57	58	59	68	78	79	123	218	#
497	481.275	56	57	58	68	78	79	90	101	102	112	218	#
498	456.043	33	44	55	56	66	67	77	78	88	89	218	#
499	424.562	44	56	67	78	79	80	83	88	89	90	218	#
