%% File generated by CATS v.2.1Thu May  9 12:51:29 2024

%% The CATS webpage is http://robotics.stanford.edu/CATS

%% PARAMETER SETTINGS:
% Goods: 128; Bids: 500; Distribution: regions; Runs: 1; Seed: 19
% Regions Distribution Parameters:
% Max Substitutable Bids = 5
% Removing HV Neighbor   = 0.1
% Adding DIAG Neighbor   = 0.2
% Additional Location    = 0.9
% Jump Probability       = 0.05
% Additivity             = 0.2
% Budget Factor          = 1.5
% Resale Factor          = 0.5
% Normal Private Value:
%   Mean                 = 0
%   Standard Deviation   = 30



goods 128
bids 504
dummy 92

0	324.436	12	22	23	24	34	41	42	128	#
1	480.514	7	8	9	19	20	31	42	128	#
2	426.261	0	11	12	23	24	35	36	128	#
3	391.4	0	1	11	12	23	24	34	128	#
4	387.256	0	1	11	22	33	44	55	128	#
5	355.077	20	30	31	40	41	42	52	128	#
6	22.4146	43	#
7	89.5166	72	#
8	243.449	105	107	116	117	118	129	#
9	331.387	96	97	107	118	119	129	#
10	328.31	106	115	116	117	118	129	#
11	214.195	86	97	98	106	107	129	#
12	287.887	48	49	50	102	130	#
13	294.578	102	103	113	114	130	#
14	287.832	50	51	52	62	130	#
15	286.65	38	49	50	51	130	#
16	199.154	36	47	48	59	130	#
17	133.847	20	21	131	#
18	132.847	9	21	131	#
19	954.583	4	7	15	16	17	18	26	27	37	38	48	49	50	125	132	#
20	1219.18	5	7	8	9	16	18	19	20	21	30	32	41	42	125	132	#
21	1098.94	4	5	6	7	14	15	16	17	18	22	25	26	33	44	132	#
22	1079.52	5	6	7	8	9	10	16	17	18	19	21	30	40	41	132	#
23	977.325	5	6	16	17	18	25	26	27	28	29	37	38	48	49	132	#
24	964.029	3	4	5	6	7	15	16	25	26	27	36	37	38	47	132	#
25	349.528	12	13	24	25	133	#
26	397.661	12	16	17	95	133	#
27	390.376	1	2	13	14	133	#
28	379.619	25	26	35	36	133	#
29	274.051	17	24	26	27	133	#
30	1040.01	3	4	27	29	37	38	39	40	41	48	49	50	51	52	53	61	64	65	84	85	95	127	134	#
31	1546.33	6	7	8	9	10	16	17	18	19	27	28	29	30	38	39	40	41	42	51	52	63	64	134	#
32	1522.45	18	19	20	26	27	28	29	30	31	40	41	42	43	53	54	62	63	64	65	75	76	87	134	#
33	1465	0	15	16	17	18	26	27	28	29	40	51	52	85	96	97	106	107	108	117	118	119	120	134	#
34	1417.03	8	17	18	19	28	29	30	31	38	39	40	41	43	49	51	52	53	54	64	105	106	117	134	#
35	1398.06	18	19	20	30	31	39	40	41	42	43	51	52	53	54	63	64	65	74	76	79	85	90	134	#
36	2655.28	27	38	57	58	61	68	72	77	78	79	80	81	82	83	84	88	89	90	91	92	93	99	100	101	102	103	104	105	111	112	113	114	117	118	119	124	127	135	#
37	2844.68	20	24	25	26	27	35	36	37	47	48	49	50	57	58	59	60	61	70	71	77	78	79	80	81	82	91	92	93	101	103	104	105	113	114	115	116	117	135	#
38	2830.23	0	1	12	33	48	49	50	57	59	60	61	68	70	71	72	78	79	80	81	82	83	89	90	91	92	93	101	102	103	104	105	112	113	114	115	116	117	135	#
39	2678.83	5	6	7	14	15	16	17	18	19	25	26	27	28	29	36	37	38	40	49	70	71	72	78	81	82	83	84	87	91	92	93	98	102	104	105	114	116	135	#
40	2673.25	12	13	14	16	17	18	22	23	24	25	26	27	34	47	54	57	58	59	60	68	69	70	77	78	79	80	81	82	83	90	91	92	93	101	102	104	105	135	#
41	2517.06	32	44	55	57	58	59	66	67	68	71	77	78	79	80	81	88	89	90	91	92	93	99	100	101	102	103	104	105	110	111	112	113	114	115	116	117	125	135	#
42	528.056	31	41	42	43	53	54	64	65	136	#
43	571.171	20	31	40	41	42	43	53	64	136	#
44	564.007	31	42	43	53	54	63	64	65	136	#
45	540.996	40	51	52	53	63	64	93	104	136	#
46	535.219	19	31	42	43	54	65	75	76	136	#
47	515.595	30	31	40	41	42	43	53	54	136	#
48	104.689	103	#
49	125.356	124	#
50	851.897	11	22	23	24	25	34	35	44	45	57	58	59	68	137	#
51	967.31	0	1	11	12	13	22	23	24	27	33	34	44	45	137	#
52	859.869	0	1	11	12	13	22	23	27	33	34	35	38	44	137	#
53	793.236	23	33	34	44	45	46	50	51	57	68	69	71	82	137	#
54	777.434	0	11	22	33	34	35	36	45	46	56	57	58	67	137	#
55	735.082	1	12	23	24	33	34	35	36	45	46	57	58	59	137	#
56	1495.45	18	19	29	30	38	40	41	43	49	50	51	52	53	54	61	62	63	64	65	74	83	84	94	95	105	123	138	#
57	1636.27	13	14	15	16	25	26	27	36	37	38	47	49	94	95	96	102	104	105	107	109	115	116	117	118	120	123	138	#
58	1622.46	72	73	74	76	79	80	85	87	90	91	94	95	96	97	98	99	100	101	102	103	105	106	107	108	116	118	138	#
59	1583.89	60	71	72	81	82	86	87	92	93	94	95	96	97	98	102	103	104	105	106	107	108	114	115	116	117	118	138	#
60	1542.27	62	74	84	85	86	87	91	92	93	94	95	96	97	98	103	104	105	106	107	108	110	114	115	116	117	118	138	#
61	1531.4	20	31	40	41	42	43	48	51	52	53	54	62	63	64	65	73	74	83	84	94	95	96	104	105	106	116	138	#
62	753.318	0	11	22	33	34	35	44	45	55	56	67	139	#
63	958.402	22	33	34	44	93	94	102	103	104	105	115	139	#
64	783.462	34	35	44	45	46	55	56	57	66	67	68	139	#
65	762.438	22	23	33	34	44	45	46	56	57	67	68	139	#
66	745.072	0	11	12	20	22	23	33	34	44	107	108	139	#
67	727.223	11	22	23	24	33	34	35	44	45	67	68	139	#
68	1652.82	3	4	5	6	7	8	9	10	14	15	16	17	18	19	20	21	26	27	28	29	32	37	39	40	47	48	51	140	#
69	1919.09	0	1	2	3	4	5	6	7	11	12	13	14	15	16	17	26	27	37	38	39	47	48	49	60	71	72	83	140	#
70	1901.16	4	5	6	7	15	16	17	18	19	22	26	27	29	37	70	71	72	81	88	89	90	91	92	101	102	112	122	140	#
71	1808.24	1	2	3	4	5	6	7	8	12	13	14	15	16	17	18	19	26	27	35	37	38	39	47	48	49	60	71	140	#
72	1745.9	1	2	3	4	5	6	7	8	9	10	12	13	14	15	16	17	18	19	20	21	25	26	32	35	36	37	47	140	#
73	1677.78	0	1	2	3	4	5	11	12	14	15	16	17	18	22	25	26	27	28	29	36	37	38	49	61	72	83	99	140	#
74	354.855	35	45	46	141	#
75	347.695	45	46	57	141	#
76	281.531	33	44	45	141	#
77	141.183	24	35	47	141	#
78	132.822	57	58	142	#
79	171.846	46	57	142	#
80	121.561	58	59	142	#
81	2791.07	12	13	14	15	23	24	25	26	33	34	35	36	37	40	45	46	47	48	49	51	55	56	57	58	59	67	68	69	78	79	80	89	90	91	92	93	94	100	101	103	105	106	107	113	114	117	118	119	143	#
82	3315.5	5	6	7	8	13	14	15	16	18	19	24	25	26	27	28	30	35	36	37	38	45	46	47	48	49	50	53	54	56	57	58	59	64	66	67	68	69	77	78	79	80	89	90	103	104	109	119	120	143	#
83	3204.53	13	56	57	59	60	67	68	69	70	71	72	77	78	79	80	81	82	86	87	88	89	90	91	92	93	95	96	97	98	99	100	101	102	103	104	105	106	107	108	110	111	112	113	114	116	117	118	119	143	#
84	3165.41	1	2	12	13	16	27	34	35	36	45	46	47	49	54	56	57	58	59	60	61	66	67	68	69	70	71	77	78	79	80	81	88	89	90	91	92	93	99	100	101	102	103	104	105	111	113	114	122	143	#
85	3147.89	5	6	14	16	25	26	27	28	32	36	37	38	47	48	49	57	58	59	60	66	67	68	69	70	71	77	78	79	80	81	82	88	89	90	91	92	93	99	100	101	102	103	104	110	111	112	113	114	143	#
86	3116.82	4	5	6	11	16	17	18	22	23	26	27	28	33	34	35	44	45	46	47	55	56	57	58	66	67	68	69	70	71	78	79	80	81	82	89	90	91	92	93	99	100	101	102	103	104	110	111	114	143	#
87	1513.01	5	6	7	8	9	15	16	17	18	26	27	28	29	31	37	38	40	41	42	43	49	50	51	53	144	#
88	1818.47	4	6	7	8	9	10	15	16	17	18	19	20	21	26	27	28	29	30	31	32	40	42	43	82	144	#
89	1782.34	3	4	5	6	7	8	9	10	15	16	17	18	19	20	21	26	27	28	29	31	32	38	40	49	144	#
90	1629.11	5	6	7	8	15	16	17	19	20	21	27	28	29	36	37	38	47	48	66	77	78	79	88	99	144	#
91	1578.41	2	3	4	5	13	14	15	16	17	25	26	27	28	29	30	31	36	37	38	40	41	42	51	52	144	#
92	1577.77	4	5	6	7	15	16	17	26	27	28	38	39	40	49	52	70	71	80	81	82	91	92	93	124	144	#
93	781.204	74	85	94	95	97	104	105	106	107	114	115	116	117	145	#
94	1077.34	93	102	103	104	105	106	107	113	114	115	117	118	119	145	#
95	1060.81	90	92	96	101	102	103	104	105	106	107	113	114	116	145	#
96	968.168	85	94	95	96	104	105	106	107	114	115	116	117	118	145	#
97	896.885	94	95	96	97	104	105	106	107	114	117	118	119	120	145	#
98	886.192	8	74	85	95	96	102	103	104	105	106	107	116	117	145	#
99	278.486	91	92	103	146	#
100	326.115	103	104	105	146	#
101	224.424	69	80	92	146	#
102	254.701	93	96	104	147	#
103	318.926	93	104	115	147	#
104	229.981	92	93	104	147	#
105	1490.05	1	12	13	23	24	25	34	35	36	47	56	57	58	59	66	67	68	69	78	79	80	89	90	92	101	102	103	148	#
106	2000	16	17	18	27	28	38	44	55	56	57	59	67	68	69	70	79	80	81	90	91	92	93	101	102	103	114	115	148	#
107	1945.18	68	69	70	71	78	79	80	81	90	91	92	93	95	99	100	101	102	103	104	105	106	110	111	112	113	114	115	148	#
108	1906.17	4	7	15	16	17	18	23	24	25	26	27	35	36	37	38	39	48	49	50	51	60	61	71	72	81	82	93	148	#
109	1854.82	66	67	68	69	70	77	78	79	80	81	82	88	89	90	91	92	93	94	95	99	102	103	104	105	114	115	116	148	#
110	1842.2	39	50	51	52	60	61	67	68	71	78	79	80	82	89	90	91	92	93	100	101	102	103	104	112	113	114	115	148	#
111	892.397	86	94	95	96	97	98	105	106	107	108	117	118	119	120	149	#
112	957.263	29	38	39	40	86	87	95	96	97	98	105	106	107	108	149	#
113	940.072	86	87	94	95	96	97	98	105	106	107	108	117	118	119	149	#
114	937.125	96	97	103	104	106	107	108	109	115	116	117	118	119	120	149	#
115	933.53	94	95	96	97	104	105	106	107	108	115	116	117	118	119	149	#
116	876.22	6	7	8	18	48	86	87	95	96	97	98	106	107	108	149	#
117	669.057	84	85	95	96	97	105	106	107	108	109	117	118	119	120	150	#
118	819.918	76	86	87	94	96	97	98	105	106	107	108	115	116	117	150	#
119	792.081	4	5	60	98	105	106	107	108	109	116	117	118	119	120	150	#
120	785.123	74	85	86	94	95	96	97	105	106	107	108	115	116	117	150	#
121	748.31	85	94	95	96	97	98	103	104	105	106	107	115	116	117	150	#
122	739.936	72	73	93	96	104	105	107	109	115	116	117	118	119	120	150	#
123	469.191	18	19	20	30	41	47	48	49	151	#
124	648.669	6	7	8	16	17	18	19	27	151	#
125	612.026	8	9	10	19	20	21	30	118	151	#
126	594.854	7	8	18	19	20	30	119	120	151	#
127	553.722	8	9	17	18	19	30	72	83	151	#
128	521.985	14	15	25	26	36	37	47	48	151	#
129	786.849	8	19	20	29	30	40	41	51	52	53	152	#
130	919.789	7	8	9	18	19	20	21	30	41	109	152	#
131	869.835	5	6	7	8	9	16	17	18	19	20	152	#
132	802.722	19	30	41	42	43	52	53	54	64	65	152	#
133	778.124	8	9	10	19	20	21	30	31	41	53	152	#
134	736.708	7	8	9	10	18	19	20	21	31	42	152	#
135	93.6604	12	23	#
136	189.495	101	111	112	153	#
137	231.845	112	113	114	153	#
138	148.294	100	111	112	153	#
139	125.371	79	90	101	153	#
140	945.083	57	58	59	60	68	69	70	71	79	80	81	82	83	91	93	154	#
141	1095.02	6	16	26	27	37	38	47	48	49	58	59	60	71	82	83	154	#
142	1086.97	58	68	69	70	71	80	81	82	83	84	91	92	93	104	115	154	#
143	1000.46	44	45	55	56	57	58	67	68	69	78	79	89	107	118	119	154	#
144	955.03	58	68	69	70	71	81	82	83	92	93	103	104	112	113	114	154	#
145	952.328	58	68	69	79	80	81	82	90	91	92	93	102	103	104	115	154	#
146	150.814	68	69	79	155	#
147	136.462	69	79	80	155	#
148	193.369	33	34	44	#
149	373.462	13	14	15	25	44	55	66	156	#
150	515.199	1	2	12	13	24	35	46	156	#
151	510.691	14	15	25	26	27	37	38	156	#
152	491.434	55	56	57	58	66	67	77	156	#
153	491.121	22	34	44	45	55	56	66	156	#
154	456.798	23	24	25	26	27	34	38	156	#
155	130.961	126	#
156	440.392	8	9	10	56	57	67	68	79	157	#
157	654.086	9	10	18	19	20	21	29	32	157	#
158	572.067	6	7	8	9	18	19	20	21	157	#
159	497.919	46	55	56	57	66	67	68	79	157	#
160	481.822	8	9	21	33	96	106	107	117	157	#
161	472.647	69	78	79	80	88	89	90	91	157	#
162	2451.44	0	1	2	3	5	6	10	11	12	13	14	16	22	23	24	25	26	27	33	34	36	37	40	41	45	47	50	51	52	61	62	63	64	89	100	101	102	111	158	#
163	2426.42	5	6	7	8	12	16	17	18	23	24	25	26	27	28	29	30	35	36	37	38	39	40	41	42	47	48	49	50	51	52	53	58	59	63	64	68	74	124	158	#
164	2397.53	0	1	2	12	13	23	24	25	35	36	37	47	48	57	58	59	60	68	69	70	79	80	81	82	83	92	94	101	102	103	105	106	107	111	112	113	114	115	158	#
165	2334.06	3	4	14	15	16	17	20	21	25	27	28	29	30	31	32	36	37	38	39	41	42	43	49	50	53	59	60	63	64	68	79	85	94	95	96	105	106	116	158	#
166	2326.4	57	58	68	69	70	71	72	78	79	80	81	82	83	85	88	89	90	91	92	93	95	96	99	100	101	102	103	104	105	110	111	112	113	114	115	116	117	118	158	#
167	2304.44	0	1	2	3	11	12	13	14	22	23	24	25	26	33	34	35	36	39	44	45	48	50	59	80	89	90	91	99	100	101	102	103	104	110	111	112	113	114	158	#
168	679.632	59	69	70	77	78	79	80	81	88	89	90	91	159	#
169	885.035	41	56	66	67	68	69	70	78	79	80	81	90	159	#
170	830.518	49	50	56	57	58	59	60	68	69	70	71	79	159	#
171	814.476	44	45	55	56	66	67	68	77	78	88	89	127	159	#
172	789.858	66	67	77	78	79	88	89	90	99	110	111	112	159	#
173	761.568	28	66	68	69	70	77	78	79	80	90	91	92	159	#
174	521.944	71	81	90	91	92	93	103	114	160	#
175	678.446	2	81	82	93	102	103	104	114	160	#
176	661.653	79	90	91	92	93	102	113	114	160	#
177	599.593	79	82	90	91	92	93	103	114	160	#
178	552.59	81	82	93	103	104	113	114	115	160	#
179	506.611	71	79	80	81	91	92	102	103	160	#
180	12.4792	41	#
181	1276.41	40	51	61	62	71	72	73	74	81	82	83	84	85	86	92	94	95	96	97	105	106	108	161	#
182	1494.69	58	65	69	75	76	79	80	85	86	87	90	91	92	95	96	97	98	102	103	104	108	114	161	#
183	1450.77	6	7	8	18	60	71	72	73	74	77	79	80	81	82	83	84	85	86	92	95	96	98	161	#
184	1428.17	16	18	29	39	40	41	48	49	50	51	52	53	60	61	62	71	72	74	82	83	91	102	161	#
185	1411.09	17	22	27	34	48	49	58	59	60	61	68	69	70	71	72	79	80	81	82	83	92	93	161	#
186	1382.45	36	47	48	49	56	57	58	59	68	69	70	79	80	81	90	91	92	94	102	103	104	105	161	#
187	504.324	93	104	105	115	116	117	162	#
188	609.429	82	83	93	103	104	115	162	#
189	584.205	8	82	93	104	105	106	162	#
190	518.279	82	93	94	104	105	114	162	#
191	486.579	94	103	104	105	115	116	162	#
192	426.901	105	106	115	116	117	118	162	#
193	221.176	13	24	25	163	#
194	230.476	14	24	25	163	#
195	227.009	14	25	36	163	#
196	225.123	12	13	24	163	#
197	336.773	3	14	15	16	25	164	#
198	321.446	1	2	3	13	14	164	#
199	300.616	13	14	23	24	25	164	#
200	280.605	6	16	17	27	38	164	#
201	274.291	3	4	14	15	16	164	#
202	235.144	3	4	13	14	15	164	#
203	954.475	7	8	14	15	18	74	76	85	87	94	95	96	97	98	105	107	108	165	#
204	1228.95	4	5	7	13	14	15	16	17	18	24	25	26	27	28	36	37	38	165	#
205	1152.23	74	75	76	85	86	87	94	95	96	97	98	103	104	105	108	114	115	165	#
206	1126.61	7	9	17	18	19	20	21	29	30	31	41	43	91	102	103	113	114	165	#
207	1095.85	31	43	85	86	87	95	96	97	101	102	103	104	112	113	114	115	119	165	#
208	1093.18	0	1	2	11	22	25	26	37	61	62	63	74	83	84	85	94	95	165	#
209	231.704	93	104	114	166	#
210	227.842	92	93	104	166	#
211	208.459	104	114	115	166	#
212	205.561	104	105	114	166	#
213	651.816	1	2	3	4	13	14	15	16	25	167	#
214	798.329	1	2	3	11	12	14	22	25	26	167	#
215	767.126	0	1	2	3	12	13	14	25	26	167	#
216	723.189	2	3	5	6	7	14	15	16	27	167	#
217	668.621	1	3	12	13	14	15	24	25	26	167	#
218	624.331	3	4	5	6	14	16	24	25	35	167	#
219	77.1766	80	92	168	#
220	91.5379	103	114	168	#
221	914.021	58	59	69	70	73	74	79	81	82	83	84	85	86	90	91	169	#
222	1193.38	59	69	70	71	79	80	81	82	90	91	92	93	103	104	115	169	#
223	1136.68	58	69	79	80	89	90	91	92	93	100	101	103	104	111	114	169	#
224	1080.89	61	70	72	81	82	83	92	93	102	103	104	105	114	115	116	169	#
225	1070.22	58	59	68	69	70	78	79	80	89	90	91	92	100	102	103	169	#
226	992.767	33	48	57	58	59	60	68	69	70	71	72	79	80	90	91	169	#
227	186.734	40	52	63	74	85	96	170	#
228	224.875	29	39	40	50	60	61	170	#
229	203.788	40	51	61	62	63	74	170	#
230	202.766	62	63	74	84	85	86	170	#
231	171.992	62	63	64	73	74	85	170	#
232	352.321	0	56	58	67	68	69	79	171	#
233	482.612	35	46	57	58	59	68	69	171	#
234	455.766	0	1	2	11	22	23	34	171	#
235	414.124	56	57	58	66	67	68	69	171	#
236	371.035	79	80	87	90	92	101	112	171	#
237	367.975	40	41	45	52	55	56	57	171	#
238	609.79	85	86	87	96	97	98	105	106	107	112	116	117	118	119	172	#
239	905.503	92	94	95	96	97	102	103	104	105	106	107	113	114	115	172	#
240	845.775	75	76	82	83	84	85	86	87	95	96	97	98	106	108	172	#
241	830.873	81	92	93	94	95	103	104	105	106	113	114	115	116	117	172	#
242	817.136	83	84	85	95	96	97	98	105	106	107	108	115	116	117	172	#
243	798.633	89	90	100	101	102	103	104	111	112	113	114	115	116	117	172	#
244	14.5978	100	#
245	1214.02	3	4	6	7	8	9	10	15	17	18	19	20	21	26	27	28	32	37	38	39	173	#
246	1433.25	5	6	7	8	9	15	16	17	18	19	20	21	26	27	28	29	32	40	41	93	173	#
247	1423.87	3	4	5	7	8	14	16	17	18	19	26	27	28	29	38	39	40	49	51	62	173	#
248	1355.69	4	5	6	7	8	9	10	16	17	18	19	21	27	30	32	38	39	41	49	60	173	#
249	1351.83	0	1	2	3	4	5	6	7	12	13	14	15	16	17	21	23	24	25	26	27	173	#
250	1321.8	2	3	4	5	6	14	15	16	17	18	19	24	25	26	27	28	29	30	41	52	173	#
251	807.709	22	33	44	45	46	55	56	66	77	78	88	89	99	174	#
252	1062.85	0	1	2	6	7	11	18	19	22	33	34	44	45	174	#
253	957.971	68	69	77	78	79	80	88	89	91	100	101	102	111	174	#
254	939.637	0	1	11	12	13	22	23	33	34	44	45	55	66	174	#
255	928.564	3	44	45	55	56	57	66	67	68	77	78	88	121	174	#
256	885.338	55	66	67	68	69	70	77	78	79	88	89	90	100	174	#
257	2801.07	2	4	5	7	8	9	10	13	15	16	17	18	19	20	24	25	26	27	29	30	34	35	36	37	38	39	40	41	46	47	48	49	50	51	52	57	58	59	60	63	68	74	175	#
258	2917.38	0	7	8	9	10	11	12	18	19	20	21	22	29	30	31	32	33	34	35	39	40	41	42	43	44	45	46	49	50	51	53	54	55	56	64	66	67	68	95	96	106	117	175	#
259	2892.79	0	1	2	11	12	13	17	18	19	22	23	24	25	26	27	28	29	33	34	35	36	37	38	44	45	46	47	48	49	50	51	55	56	57	58	60	66	67	68	71	72	77	175	#
260	2834.57	1	2	3	4	5	6	7	8	11	12	13	14	18	19	20	23	24	25	26	27	29	30	31	34	35	37	40	41	46	47	52	64	65	76	85	86	87	90	96	97	98	108	175	#
261	2812.25	0	1	2	3	4	5	6	7	8	9	10	11	12	13	14	15	16	17	18	19	20	21	24	25	26	27	28	29	32	36	37	38	39	40	47	48	49	51	62	63	74	100	175	#
262	2764.41	1	4	5	6	7	8	9	10	13	14	16	17	18	19	20	21	25	26	27	28	29	30	31	32	38	39	40	41	42	43	50	51	52	53	54	62	63	64	65	72	73	74	175	#
263	329.862	10	12	13	23	24	35	47	176	#
264	492.941	7	8	9	10	20	21	31	176	#
265	473.824	22	34	35	36	45	47	66	176	#
266	451.327	11	12	22	23	34	35	45	176	#
267	400.611	11	12	23	33	34	45	46	176	#
268	356.594	22	34	35	40	41	47	51	176	#
269	1170.31	12	65	75	85	94	95	96	102	103	104	105	106	113	114	115	116	117	177	#
270	1268.79	2	3	12	13	23	24	25	34	35	85	94	95	96	104	105	106	117	177	#
271	1226.74	69	70	79	80	89	90	100	101	102	103	104	110	111	112	113	114	115	177	#
272	1156.89	22	33	36	84	85	86	94	95	96	97	98	104	105	106	108	115	117	177	#
273	1153.97	59	60	65	69	70	71	72	75	81	82	93	102	103	104	113	114	115	177	#
274	1103.32	10	85	94	95	102	103	104	105	106	113	114	115	116	117	118	119	120	177	#
275	642.089	55	66	67	77	78	79	89	90	178	#
276	684.291	55	66	77	78	79	80	91	92	178	#
277	604.674	44	45	46	55	56	66	67	68	178	#
278	600.612	55	66	67	77	78	88	89	90	178	#
279	568.068	55	66	77	78	79	88	89	100	178	#
280	552.427	66	77	78	87	89	90	100	122	178	#
281	951.927	4	5	6	7	15	16	17	18	26	27	29	38	179	#
282	1058.83	4	5	6	15	16	17	93	102	103	104	105	115	179	#
283	949.532	7	8	9	18	19	20	29	30	31	40	42	108	179	#
284	942.296	5	6	7	16	17	18	19	20	27	35	46	57	179	#
285	940.641	6	7	8	9	16	17	18	19	20	28	29	30	179	#
286	918.212	25	26	27	36	37	38	39	48	49	60	61	62	179	#
287	586.651	7	8	9	10	17	18	19	21	29	30	180	#
288	741.629	9	10	20	21	22	32	33	34	44	45	180	#
289	731.487	9	59	69	70	71	77	78	79	81	89	180	#
290	727.068	1	6	7	8	9	16	19	20	30	67	180	#
291	684.594	6	7	18	19	20	21	29	30	31	42	180	#
292	608.788	7	8	9	10	17	18	19	20	21	30	180	#
293	1126.31	5	16	17	18	19	20	26	27	28	29	38	40	41	49	52	181	#
294	1302.16	5	7	8	9	16	17	18	19	21	27	28	29	30	43	54	181	#
295	1211.08	15	26	27	37	38	40	48	49	50	51	52	60	61	62	72	181	#
296	1204.48	7	9	17	18	19	20	21	27	28	29	30	32	38	40	51	181	#
297	1152.56	5	6	7	8	17	18	19	20	28	29	30	31	40	42	43	181	#
298	1122.24	27	29	38	40	49	50	51	52	60	61	62	63	64	100	111	181	#
299	131.36	16	17	27	#
300	485.752	4	5	6	16	17	27	28	56	67	182	#
301	699.209	5	6	7	8	9	15	16	17	18	182	#
302	656.806	45	46	55	56	57	66	67	68	77	182	#
303	609.731	3	4	5	16	17	18	26	27	28	182	#
304	589.856	45	46	47	55	56	57	58	66	68	182	#
305	567.592	3	4	15	16	17	26	27	28	29	182	#
306	664.621	8	9	18	19	20	21	29	61	62	183	#
307	752.522	6	7	9	10	18	19	20	21	31	183	#
308	689.314	7	8	9	17	18	19	20	21	28	183	#
309	635.951	8	9	10	19	20	21	31	32	38	183	#
310	601.721	8	9	10	19	20	21	31	32	42	183	#
311	598.273	8	9	19	20	21	30	31	32	41	183	#
312	185.993	9	20	21	184	#
313	216.446	19	20	21	184	#
314	179.505	9	21	32	184	#
315	156.685	20	21	31	184	#
316	120.707	31	43	185	#
317	179.631	20	31	185	#
318	122.724	42	43	185	#
319	90.795	40	51	186	#
320	33.6042	51	62	186	#
321	92.5973	16	#
322	470.155	94	95	97	105	106	107	116	117	187	#
323	590.051	82	93	94	95	103	104	105	116	187	#
324	558.407	10	21	96	97	107	116	117	118	187	#
325	549.636	77	94	95	105	106	115	116	117	187	#
326	487.552	85	94	95	96	104	105	116	117	187	#
327	486.486	95	96	97	106	107	116	117	118	187	#
328	322.416	40	41	51	52	53	62	188	#
329	425.542	29	40	41	51	52	53	188	#
330	404.14	31	42	43	53	54	64	188	#
331	387.241	29	40	41	51	52	63	188	#
332	357.471	40	41	42	43	52	53	188	#
333	271.123	62	74	85	86	87	98	188	#
334	347.943	1	2	13	24	189	#
335	366.992	1	2	3	13	189	#
336	314.484	8	9	13	20	189	#
337	240.564	2	3	13	14	189	#
338	208.85	12	13	23	24	189	#
339	1582.84	0	1	2	3	11	12	13	14	22	23	24	25	26	33	34	35	36	37	45	46	47	56	57	68	69	79	190	#
340	1900.46	25	36	37	38	40	47	48	49	50	51	57	58	59	60	62	66	67	68	69	70	71	72	77	78	79	88	190	#
341	1887.3	5	6	46	56	57	68	69	71	78	79	80	81	82	89	90	91	92	93	99	100	102	103	104	113	114	115	190	#
342	1860.58	0	1	2	3	4	5	11	12	13	14	15	16	22	23	24	27	33	34	44	45	46	55	66	77	88	127	190	#
343	1832.15	1	5	12	14	15	16	17	57	58	67	68	69	77	78	79	80	88	89	90	91	92	99	100	101	102	113	190	#
344	1794	24	25	26	36	37	47	48	57	58	59	68	69	70	71	79	80	81	84	92	93	104	105	113	114	115	116	190	#
345	818.53	46	57	58	59	66	68	69	77	78	79	80	88	89	90	101	191	#
346	977.126	25	26	35	36	37	38	46	47	48	49	57	58	68	69	70	191	#
347	967.112	13	22	24	33	34	35	44	45	46	56	57	58	67	68	69	191	#
348	962.268	11	12	22	33	34	44	45	46	55	56	57	66	67	68	69	191	#
349	921.971	72	73	78	80	84	89	90	100	101	103	110	111	112	113	114	191	#
350	849.521	35	45	47	55	56	57	58	66	67	68	69	70	80	91	102	191	#
351	1750.02	25	31	36	47	48	49	58	59	60	69	70	71	72	77	78	79	80	81	88	89	90	91	92	100	101	102	103	111	112	113	118	119	120	192	#
352	2247.71	10	22	34	35	38	44	45	46	48	49	55	56	57	59	60	66	67	71	77	78	82	88	89	90	99	100	101	102	103	110	111	112	113	192	#
353	2239.27	8	58	59	60	68	69	70	71	78	79	80	81	82	83	88	89	90	91	92	93	99	100	101	102	103	104	105	106	110	111	114	116	117	192	#
354	2214.1	38	44	45	46	48	55	56	57	58	59	66	67	68	69	77	78	79	80	88	89	90	91	99	100	101	102	103	104	110	111	112	113	123	192	#
355	2185.47	49	57	60	68	69	70	71	72	77	78	79	80	81	82	83	88	89	90	91	92	93	99	100	101	102	103	104	110	111	112	113	114	115	192	#
356	2170.93	53	54	59	60	64	65	68	69	70	71	72	73	74	75	78	79	80	81	82	83	88	89	90	91	92	93	94	101	103	104	105	111	127	192	#
357	281.428	38	48	49	59	60	193	#
358	263.69	47	48	49	60	121	193	#
359	252.701	36	37	47	48	49	193	#
360	245.787	38	49	58	59	60	193	#
361	224.964	3	14	59	60	71	193	#
362	175.371	38	39	41	52	53	193	#
363	858.95	76	86	87	95	96	97	98	105	106	107	108	109	116	117	118	119	120	194	#
364	1060.63	5	6	16	71	81	82	93	94	95	96	104	105	106	107	116	117	118	194	#
365	1050.69	85	86	93	94	95	96	98	102	103	104	105	106	107	108	117	118	119	194	#
366	973.946	43	54	65	75	76	85	86	87	94	95	96	97	98	104	105	107	108	194	#
367	965.715	31	42	43	48	53	54	57	58	59	60	63	64	65	68	69	76	80	194	#
368	949.204	7	8	9	10	85	95	96	97	104	105	106	107	108	116	117	118	119	194	#
369	220.354	3	6	14	15	16	195	#
370	207.474	5	6	16	58	69	195	#
371	192.842	6	15	16	17	18	195	#
372	313.212	18	19	20	30	196	#
373	343.059	19	30	41	52	196	#
374	301.306	19	30	41	42	196	#
375	255.087	9	10	20	21	196	#
376	188.091	6	7	17	18	196	#
377	1347.9	22	33	34	44	45	46	55	56	57	58	59	66	67	68	69	77	78	79	88	89	100	197	#
378	1652.81	7	8	9	68	69	77	78	79	80	88	89	90	91	99	100	101	102	103	110	111	112	197	#
379	1498.38	2	13	14	15	17	23	24	25	26	27	28	35	36	37	45	46	48	55	56	66	70	197	#
380	1490.61	59	66	69	70	77	78	79	80	88	89	90	91	99	100	101	102	103	110	111	112	113	197	#
381	1488.04	36	44	45	47	48	55	58	59	60	66	67	68	69	70	71	79	81	91	92	93	102	197	#
382	1462.34	15	33	44	45	46	55	56	57	58	66	67	68	69	77	78	79	88	89	90	91	101	197	#
383	536.396	63	73	74	80	81	83	84	85	91	92	93	96	97	107	114	198	#
384	787.706	22	33	44	45	55	56	65	75	76	86	87	97	98	109	120	198	#
385	664.187	51	53	54	61	62	64	65	71	72	73	74	76	81	82	84	198	#
386	659.683	44	55	74	85	86	95	96	97	104	105	106	107	108	115	116	198	#
387	654.918	36	39	47	48	49	50	51	62	63	71	72	73	74	84	111	198	#
388	652.466	61	62	63	64	65	71	72	73	74	75	76	83	84	85	95	198	#
389	949.502	48	59	62	74	84	85	86	87	95	96	97	98	104	105	106	107	115	117	199	#
390	1269.79	12	36	83	84	85	94	95	96	104	105	106	107	114	115	116	117	118	119	199	#
391	1163.21	22	31	33	34	43	54	65	70	75	76	85	86	87	94	95	96	97	98	199	#
392	1110.74	20	31	42	43	53	54	64	65	75	76	87	94	95	96	97	98	107	108	199	#
393	1071.91	5	16	51	62	63	73	74	84	85	94	95	96	104	105	106	107	117	118	199	#
394	1068.97	62	74	84	85	86	94	95	96	97	98	105	106	107	114	115	116	117	118	199	#
395	430.004	3	4	5	16	17	27	200	#
396	457.992	3	4	5	15	25	26	200	#
397	372.897	4	5	16	17	28	29	200	#
398	354.042	3	4	5	13	14	15	200	#
399	293.225	16	17	27	28	29	40	200	#
400	251.018	2	3	13	14	17	18	200	#
401	1523.1	4	5	6	7	8	9	10	14	15	16	18	19	20	21	24	25	26	31	32	36	42	43	107	116	117	118	119	201	#
402	1786.2	2	3	4	5	6	7	8	11	12	13	14	15	16	17	18	19	22	23	24	25	26	27	33	34	35	44	45	201	#
403	1764.04	1	5	6	7	8	9	14	15	16	17	18	19	21	23	24	25	26	27	28	29	30	35	38	46	57	58	68	201	#
404	1722.06	1	2	3	4	5	6	7	8	9	10	12	13	14	15	16	17	18	20	24	25	26	27	28	29	36	37	38	201	#
405	1701.21	2	3	4	5	6	12	13	14	15	16	23	24	25	33	34	35	36	45	46	47	48	59	70	71	94	104	105	201	#
406	1693.24	0	1	2	3	4	5	11	12	13	14	15	16	17	18	22	23	24	25	26	27	28	33	35	36	38	46	47	201	#
407	566.989	47	57	58	59	68	69	70	79	90	202	#
408	667.546	7	58	68	79	80	90	91	92	103	202	#
409	655.05	26	35	36	37	47	48	58	68	124	202	#
410	654.271	47	48	57	58	59	68	78	79	80	202	#
411	551.909	61	69	70	71	72	82	83	84	93	202	#
412	535.526	35	44	45	46	57	58	59	69	70	202	#
413	201.076	82	93	203	#
414	225.053	71	82	203	#
415	106.712	24	99	204	#
416	135.444	13	24	204	#
417	113.245	99	110	204	#
418	2206.13	3	5	6	7	8	9	14	15	16	17	18	25	27	28	29	30	35	36	37	38	39	40	41	47	48	49	50	51	52	53	59	63	64	74	205	#
419	2313.44	9	10	13	14	20	21	24	25	26	27	35	36	37	38	39	46	47	48	49	50	57	58	59	60	61	62	70	71	72	82	83	94	109	125	205	#
420	2264.28	5	6	14	15	16	17	25	27	35	36	37	38	39	40	41	46	47	48	49	50	51	52	59	60	61	62	63	70	71	73	74	94	105	112	205	#
421	2221.6	36	37	38	39	40	41	47	48	50	51	52	53	54	59	60	61	62	63	64	65	72	74	82	84	85	93	94	95	96	104	105	106	107	114	205	#
422	2217.73	5	6	8	9	16	20	21	25	27	29	31	36	37	38	39	40	41	42	43	48	49	50	52	58	59	60	63	69	98	105	106	107	108	118	205	#
423	2196.16	0	1	2	3	5	6	11	12	13	14	15	16	17	18	19	20	23	24	26	27	31	35	37	41	42	46	48	52	53	54	57	64	111	112	205	#
424	454.236	7	8	9	10	21	32	206	#
425	618.908	6	7	8	18	19	102	206	#
426	547.414	7	8	9	10	19	30	206	#
427	434.827	10	18	19	20	21	32	206	#
428	418.36	8	18	19	20	21	32	206	#
429	395.369	8	9	10	19	20	31	206	#
430	261.486	37	38	39	40	50	207	#
431	372.644	26	27	32	38	39	207	#
432	351.646	15	24	25	26	37	207	#
433	221.934	29	40	41	51	52	207	#
434	163.914	38	39	48	49	50	207	#
435	106.58	39	40	50	51	52	207	#
436	1254.77	80	85	91	94	95	96	97	101	102	103	104	105	106	107	112	113	114	115	116	117	118	208	#
437	1491.48	26	37	38	82	83	84	85	93	94	95	96	103	104	105	107	113	114	115	116	117	118	208	#
438	1432.44	93	94	95	96	99	100	101	103	104	105	106	107	110	111	112	113	114	115	116	117	118	208	#
439	1423.78	25	30	36	37	40	41	42	51	52	53	61	62	63	72	102	103	104	105	113	114	127	208	#
440	1415.17	70	71	81	82	93	94	95	96	97	103	104	105	106	107	108	113	114	115	116	117	118	208	#
441	1393.76	23	33	34	57	58	68	69	70	78	79	80	89	90	91	100	101	102	110	111	112	113	208	#
442	1287.59	66	68	69	77	78	79	80	81	82	89	90	91	92	100	101	103	110	111	112	209	#
443	1551.44	71	78	80	81	82	89	90	91	92	93	100	101	102	103	104	105	111	112	113	209	#
444	1483.83	70	71	78	79	80	81	82	88	89	90	91	92	93	99	101	103	104	114	115	209	#
445	1400.05	56	66	67	71	77	78	79	80	81	88	89	90	91	92	99	101	102	110	111	209	#
446	1377.65	58	66	69	77	78	80	81	88	89	90	92	100	101	102	103	110	111	113	114	209	#
447	1350.12	60	61	70	71	72	73	81	82	91	92	93	103	104	105	106	114	115	116	117	209	#
448	338.694	77	78	79	80	88	89	90	99	100	210	#
449	499.58	68	69	79	80	90	91	92	102	103	210	#
450	474.87	79	88	89	90	91	99	100	102	111	210	#
451	444.718	0	11	68	78	79	80	89	90	91	210	#
452	440.889	12	57	68	69	79	80	90	92	93	210	#
453	432.014	80	89	90	91	99	100	101	110	111	210	#
454	1691.99	18	28	29	31	38	39	40	41	42	48	49	50	52	53	60	61	62	63	64	72	73	74	85	86	94	95	96	98	105	106	107	108	116	117	118	211	#
455	2316.44	3	4	5	6	7	8	9	15	16	17	18	19	20	21	27	28	29	30	31	37	38	39	40	41	55	56	57	58	67	68	69	70	79	80	84	211	#
456	2313.8	16	17	27	28	29	30	31	39	40	41	42	51	52	60	61	62	63	64	70	71	72	73	74	81	82	83	84	92	93	94	103	104	105	114	115	211	#
457	2241.74	0	1	3	4	5	6	7	12	13	14	15	16	17	18	25	26	27	28	29	30	36	37	38	39	40	41	48	49	50	51	52	61	62	63	74	211	#
458	2219.54	4	5	8	9	10	15	17	18	19	20	21	26	30	31	36	37	38	39	40	41	42	43	48	51	52	53	54	63	64	65	76	94	95	105	106	211	#
459	2188.9	5	6	15	16	17	18	24	25	26	27	28	29	35	36	37	38	39	40	45	46	47	48	49	50	51	52	59	95	96	104	105	106	117	118	119	211	#
460	667.712	39	40	41	50	51	61	62	63	72	73	74	83	212	#
461	888.505	38	39	40	41	51	52	62	63	64	72	73	83	212	#
462	865.031	59	60	61	62	70	71	72	73	74	81	82	83	212	#
463	844.545	53	62	63	64	65	71	72	73	74	75	82	83	212	#
464	785.285	33	39	40	44	51	52	55	56	57	63	66	102	212	#
465	768.028	30	41	42	43	51	52	53	54	61	62	63	64	212	#
466	451.307	38	39	48	49	50	51	59	60	61	62	71	213	#
467	600.214	15	25	26	33	36	37	38	44	49	50	63	213	#
468	598.521	37	48	49	59	60	85	96	107	118	119	120	213	#
469	586.23	39	40	48	49	50	51	52	61	92	102	103	213	#
470	570.91	36	37	46	47	48	57	58	59	67	68	69	213	#
471	568.34	18	19	29	39	40	48	49	50	60	61	71	213	#
472	14.4418	73	#
473	1204.02	9	19	20	21	31	40	41	42	43	50	51	52	53	54	61	62	63	64	65	72	73	74	76	84	85	214	#
474	1698.03	4	5	6	7	8	9	10	16	17	18	19	20	21	27	30	31	32	41	43	73	102	109	113	119	120	214	#
475	1659.37	51	62	63	73	74	82	83	84	85	86	92	93	94	95	96	97	98	102	103	105	106	107	108	117	124	214	#
476	1612.88	48	51	52	59	60	61	62	63	70	71	72	73	74	81	82	83	84	85	89	93	94	95	96	97	121	214	#
477	1503.51	29	39	40	41	42	43	51	53	54	62	63	64	65	75	76	83	84	87	92	96	97	98	102	103	107	214	#
478	1483.41	4	5	6	7	8	9	10	15	18	19	20	21	27	28	29	31	32	38	39	40	49	50	51	52	61	214	#
479	290.097	19	20	31	42	43	215	#
480	352.027	9	20	21	31	43	215	#
481	236.108	20	31	42	43	54	215	#
482	165.67	42	43	53	54	65	215	#
483	173.328	10	21	216	#
484	154.01	9	10	216	#
485	109.975	9	21	216	#
486	368.514	5	6	7	15	16	217	#
487	401.222	5	6	16	17	27	217	#
488	354.764	5	16	17	18	28	217	#
489	311.357	6	7	17	18	21	217	#
490	268.695	15	58	69	70	79	217	#
491	225.03	6	7	15	16	106	217	#
492	415.148	4	14	15	23	24	25	26	35	118	218	#
493	574.554	3	14	15	24	25	26	36	37	38	218	#
494	570.451	3	4	5	6	14	15	25	35	36	218	#
495	567.494	86	97	105	107	108	117	118	119	120	218	#
496	530.276	5	33	34	35	36	44	46	47	48	218	#
497	522.017	12	23	24	25	26	34	35	36	37	218	#
498	529.022	13	103	104	113	114	115	219	#
499	561.203	103	104	105	113	114	115	219	#
500	501.363	56	57	58	103	104	115	219	#
501	436.534	91	92	102	103	113	114	219	#
502	410.089	105	114	115	116	117	118	219	#
503	347.413	80	91	92	101	102	103	219	#
