%% File generated by CATS v.2.1Thu May  9 12:51:31 2024

%% The CATS webpage is http://robotics.stanford.edu/CATS

%% PARAMETER SETTINGS:
% Goods: 128; Bids: 500; Distribution: regions; Runs: 1; Seed: 22
% Regions Distribution Parameters:
% Max Substitutable Bids = 5
% Removing HV Neighbor   = 0.1
% Adding DIAG Neighbor   = 0.2
% Additional Location    = 0.9
% Jump Probability       = 0.05
% Additivity             = 0.2
% Budget Factor          = 1.5
% Resale Factor          = 0.5
% Normal Private Value:
%   Mean                 = 0
%   Standard Deviation   = 30



goods 128
bids 500
dummy 97

0	8.839	8	9	#
1	281.536	5	6	7	16	17	28	128	#
2	403.615	15	16	17	82	93	104	128	#
3	266.403	3	4	5	15	16	27	128	#
4	244.237	6	7	16	17	18	27	128	#
5	801.079	2	3	4	5	13	14	15	23	24	25	26	34	37	129	#
6	937.679	3	5	14	16	17	25	26	27	37	47	48	49	50	129	#
7	912.313	2	3	4	5	13	15	16	17	24	26	27	28	37	129	#
8	891.629	2	13	14	23	24	25	26	27	36	47	48	49	92	129	#
9	846.963	2	3	4	13	14	15	25	26	27	36	37	38	48	129	#
10	802.664	2	3	4	5	13	14	15	16	23	24	25	26	27	129	#
11	167.98	9	34	44	130	#
12	113.592	8	9	10	130	#
13	112.644	44	45	56	130	#
14	460.606	56	67	68	69	79	80	131	#
15	497.967	78	79	80	89	90	91	131	#
16	487.632	68	69	78	79	80	89	131	#
17	418.476	68	69	78	79	117	118	131	#
18	394.543	68	69	70	79	80	91	131	#
19	382.21	39	47	48	55	56	57	131	#
20	1191.27	15	16	17	18	19	20	27	28	29	39	40	47	48	49	50	132	#
21	1302.85	4	5	6	7	15	16	17	18	27	28	29	38	39	40	49	132	#
22	1276.48	5	16	17	27	28	38	39	48	49	59	60	61	107	117	118	132	#
23	1218.42	3	15	16	26	27	28	29	38	39	40	48	49	50	59	61	132	#
24	1147.89	3	4	5	6	15	16	18	27	28	29	30	34	35	39	44	132	#
25	1131.04	6	7	15	16	17	18	19	20	26	27	28	29	38	48	49	132	#
26	1312.64	80	82	85	91	93	94	95	96	97	98	104	105	106	107	108	109	115	118	133	#
27	1404.19	83	94	95	96	97	103	105	106	107	108	109	114	115	116	117	118	119	120	133	#
28	1350.42	80	81	82	85	92	93	94	96	97	103	105	106	107	114	115	116	117	118	133	#
29	1318.41	64	65	69	76	80	87	95	96	97	98	106	107	108	109	117	118	119	120	133	#
30	1265.77	31	47	57	58	66	67	68	69	70	77	78	79	80	81	82	89	90	100	133	#
31	1257.28	37	61	72	82	83	84	93	94	95	96	97	105	106	115	116	117	118	119	133	#
32	1009.27	25	26	27	28	36	37	38	48	49	57	58	69	134	#
33	1018.3	16	25	26	27	36	37	38	39	48	50	58	98	134	#
34	962.467	36	48	49	56	57	58	59	60	61	62	69	70	134	#
35	898.078	24	25	36	37	38	48	58	59	66	67	69	70	134	#
36	844.6	4	5	15	16	17	26	27	28	37	38	39	50	134	#
37	839.394	4	5	6	7	15	16	17	18	28	96	116	117	134	#
38	257.298	92	93	104	135	#
39	244.259	104	105	115	135	#
40	142.169	64	75	93	135	#
41	139.745	81	92	93	135	#
42	2330.57	16	17	18	27	28	29	30	31	32	38	39	40	41	50	60	61	71	72	95	96	97	106	107	108	112	113	114	115	116	117	118	119	136	#
43	2292.21	35	36	38	46	47	48	49	50	57	61	64	65	68	69	75	76	80	87	91	92	93	94	95	102	103	104	105	112	113	114	115	116	136	#
44	2284.39	37	68	69	71	72	78	79	80	82	83	88	89	90	91	92	93	94	99	100	101	102	103	104	106	110	111	112	113	114	115	116	117	136	#
45	2109.07	6	7	16	17	18	24	25	26	27	28	29	30	34	35	36	37	38	39	40	41	46	48	49	50	52	53	56	57	58	59	68	69	136	#
46	2096.11	26	37	38	42	48	49	50	53	58	59	60	61	62	63	67	68	69	70	71	72	73	74	75	77	78	79	80	84	85	90	96	125	136	#
47	2080.72	2	14	25	53	63	70	71	74	78	79	80	81	82	83	89	90	91	92	93	94	99	100	101	102	103	105	111	112	113	114	115	116	136	#
48	316.633	41	52	53	54	63	73	74	85	137	#
49	425.981	31	32	41	42	43	52	53	54	137	#
50	384.946	30	40	41	52	96	97	98	108	137	#
51	375.69	53	60	61	62	63	64	65	72	137	#
52	351.379	72	74	75	83	84	85	86	94	137	#
53	337.917	30	41	42	53	54	64	99	100	137	#
54	231.929	62	73	74	84	85	86	138	#
55	314.666	72	73	74	83	84	85	138	#
56	280.51	50	61	62	73	74	85	138	#
57	271.064	75	84	85	86	87	122	138	#
58	263.635	3	23	62	63	73	74	138	#
59	95.0921	104	#
60	97.1153	43	#
61	115.554	123	#
62	309.312	20	30	31	41	139	#
63	355.457	30	31	41	52	139	#
64	305.088	21	30	31	41	139	#
65	273.413	30	31	41	42	139	#
66	261.174	20	21	30	31	139	#
67	136.712	14	25	26	140	#
68	202.548	25	26	121	140	#
69	526.197	8	19	55	56	66	67	68	77	78	79	141	#
70	784.732	8	45	55	56	57	58	66	67	68	79	141	#
71	740.279	68	78	79	80	81	86	87	92	103	104	141	#
72	725.629	55	56	67	68	77	78	79	80	88	90	141	#
73	680.849	33	44	45	55	56	81	90	91	92	103	141	#
74	656.016	25	44	45	56	66	67	68	77	78	79	141	#
75	298.771	51	52	61	62	72	73	74	85	142	#
76	446.586	64	65	74	75	85	86	97	108	142	#
77	422.239	61	72	73	81	82	83	93	94	142	#
78	386.34	62	63	74	75	85	86	96	97	142	#
79	369.114	61	71	72	73	74	83	84	85	142	#
80	361.559	51	61	62	71	72	73	83	84	142	#
81	482.152	95	104	105	106	114	115	116	143	#
82	545.259	93	104	105	114	115	116	117	143	#
83	539.019	92	93	103	104	113	114	115	143	#
84	516.095	93	94	104	105	106	115	116	143	#
85	514.169	93	94	95	104	105	106	117	143	#
86	467.689	88	89	94	99	105	106	116	143	#
87	170.294	56	66	67	144	#
88	68.1911	44	55	56	144	#
89	2174.97	6	7	8	9	10	15	16	19	20	21	26	27	28	31	32	37	38	40	70	71	72	73	79	81	82	83	84	90	92	93	94	95	104	105	106	115	116	117	145	#
90	2696.08	2	3	4	5	6	14	15	16	17	23	24	25	26	27	28	35	36	37	38	39	40	48	49	57	58	60	69	91	92	94	102	103	104	105	112	113	114	115	145	#
91	2583.23	27	29	37	38	39	40	41	42	43	46	47	48	49	50	51	52	53	54	58	62	63	64	65	73	74	75	81	82	83	84	85	86	87	94	95	96	107	122	145	#
92	2571.15	2	6	8	9	10	11	12	13	17	18	19	20	21	22	23	24	29	30	31	32	37	38	39	40	41	43	47	48	49	58	60	69	90	91	101	102	111	112	145	#
93	2540.7	4	5	6	7	8	9	10	15	16	17	18	19	20	21	24	25	26	27	28	29	30	31	32	36	37	38	39	40	42	43	47	49	50	53	54	58	64	69	145	#
94	2533.4	38	47	48	49	50	58	60	61	62	68	69	70	71	72	73	80	81	82	83	84	85	91	92	93	94	95	96	101	102	104	105	106	107	108	115	116	117	123	145	#
95	830.404	3	4	14	15	16	17	26	27	28	39	126	146	#
96	917.44	17	28	29	30	39	40	41	49	50	61	62	146	#
97	870.712	3	6	15	16	17	26	27	28	38	39	49	146	#
98	819.391	3	6	15	16	17	25	26	27	28	29	126	146	#
99	766.092	3	6	8	15	16	17	18	19	26	27	37	146	#
100	731.1	2	3	4	5	6	13	15	17	18	23	24	146	#
101	66.2093	101	111	147	#
102	43.389	111	112	147	#
103	17.3998	21	101	147	#
104	135.144	81	92	148	#
105	173.474	80	81	148	#
106	61.6052	4	92	148	#
107	277.111	66	67	78	149	#
108	267.376	66	77	88	149	#
109	246.557	78	79	89	149	#
110	230.658	67	77	78	149	#
111	500.814	65	76	86	87	96	97	98	108	109	119	150	#
112	642.942	49	62	72	83	84	85	94	95	96	107	150	#
113	598.627	64	65	76	85	86	87	95	96	97	98	150	#
114	582.732	75	76	85	86	87	96	97	98	107	109	150	#
115	530.042	16	26	27	37	74	84	85	86	96	97	150	#
116	503.8	65	74	75	76	86	87	96	97	98	108	150	#
117	128.342	33	34	44	45	56	151	#
118	111.817	56	67	68	78	89	151	#
119	1035.1	34	35	44	45	46	55	56	57	66	68	69	70	78	79	89	90	121	152	#
120	1490.69	38	39	48	49	57	58	59	68	69	70	74	78	79	80	81	91	92	152	#
121	1450.77	28	29	38	39	48	49	56	57	66	67	77	78	79	80	81	90	101	152	#
122	1406.47	9	25	26	37	38	46	47	48	49	57	58	67	68	84	85	86	96	152	#
123	1343.27	24	25	36	38	46	48	49	57	58	59	60	68	69	70	81	92	103	152	#
124	1326.77	12	13	14	23	24	25	26	35	36	37	46	47	48	49	56	57	58	152	#
125	182.054	113	114	153	#
126	204.744	112	113	153	#
127	154.669	114	115	153	#
128	98.1899	76	#
129	436.214	52	61	62	63	68	72	73	74	84	85	86	154	#
130	650.375	48	49	50	59	60	61	71	72	73	74	83	154	#
131	615	21	32	40	41	42	43	52	53	58	64	68	154	#
132	528.895	63	72	73	74	83	84	85	86	87	97	124	154	#
133	520.892	64	75	84	85	86	96	97	107	108	118	119	154	#
134	500.017	52	62	63	64	71	72	73	75	83	84	94	154	#
135	314.558	3	13	14	15	16	24	155	#
136	415.614	3	14	15	16	26	37	155	#
137	399.833	0	1	2	3	12	14	155	#
138	343.339	0	1	2	12	13	14	155	#
139	251.583	2	3	4	14	15	26	155	#
140	220.542	13	14	22	23	24	35	155	#
141	1094.55	67	77	78	79	82	83	89	90	91	92	93	94	101	102	103	104	105	112	156	#
142	1295.63	26	30	37	41	42	48	53	79	89	90	91	99	100	101	102	103	110	111	156	#
143	1275.69	5	16	27	55	66	67	77	78	79	88	89	90	99	100	101	102	111	113	156	#
144	1192.52	56	67	77	78	79	88	89	90	91	99	100	101	102	110	111	112	113	114	156	#
145	1177.81	3	14	15	82	85	92	93	94	95	96	103	104	105	106	107	115	116	117	156	#
146	1156.67	67	77	78	79	80	81	88	89	90	91	92	93	99	100	101	102	112	113	156	#
147	139.11	82	93	94	157	#
148	138.914	94	105	116	157	#
149	116.923	81	82	93	157	#
150	400.892	75	86	97	98	107	108	118	119	158	#
151	506.661	95	96	97	106	107	108	117	118	158	#
152	504.098	35	46	57	68	97	98	108	109	158	#
153	479.892	95	96	98	107	108	109	119	120	158	#
154	434.519	74	75	85	86	96	97	98	108	158	#
155	425.97	95	96	97	107	108	117	118	119	158	#
156	387.788	79	88	89	90	91	159	#
157	332.656	78	79	80	88	89	159	#
158	328.455	78	79	90	91	101	159	#
159	313.251	88	89	90	99	100	159	#
160	274.669	52	80	90	91	101	159	#
161	266.254	57	68	78	79	89	159	#
162	384.558	30	41	42	53	160	#
163	396.684	29	30	40	41	160	#
164	372.504	29	30	41	42	160	#
165	353.261	30	31	41	42	160	#
166	237.355	41	42	53	54	160	#
167	15.0639	54	#
168	149.617	2	12	20	72	161	#
169	189.283	2	13	14	25	161	#
170	164.901	11	12	22	23	161	#
171	147.054	10	20	21	31	161	#
172	136.617	58	114	115	162	#
173	193.468	104	115	116	162	#
174	142.176	28	113	114	162	#
175	78.735	10	#
176	90.5198	9	10	20	21	163	#
177	30.7647	8	9	19	20	163	#
178	330.316	8	9	19	57	58	164	#
179	493.892	47	56	57	58	68	164	#
180	389.288	45	56	57	68	79	164	#
181	262.969	8	9	20	39	98	164	#
182	254.551	9	20	21	62	82	164	#
183	202.665	18	19	20	21	31	164	#
184	1398.92	52	53	54	63	64	65	73	74	75	76	83	85	86	87	94	95	96	97	98	103	104	105	106	107	108	109	116	117	118	165	#
185	2035.22	2	3	13	14	17	18	19	28	29	30	38	39	40	41	48	49	50	51	52	57	59	60	68	78	99	101	112	113	114	165	#
186	1946	10	21	32	43	60	61	68	69	71	79	80	81	82	83	89	90	91	92	93	94	100	101	102	103	104	105	111	113	114	165	#
187	1860.32	71	72	73	79	80	81	82	83	84	88	89	90	91	92	93	94	95	96	97	99	101	103	104	105	106	107	108	116	117	165	#
188	1855.93	11	26	34	64	75	82	86	91	93	97	98	101	102	103	104	105	106	107	108	111	112	113	114	115	116	117	118	119	121	165	#
189	1849.86	66	67	72	77	78	79	80	81	82	83	84	88	89	91	92	93	94	95	100	101	102	103	104	110	111	112	113	114	115	165	#
190	443.653	75	86	87	95	96	97	98	107	108	109	118	119	120	166	#
191	619.717	54	63	64	65	74	75	86	87	90	101	111	112	113	166	#
192	547.036	33	34	44	45	55	66	67	97	98	109	118	119	120	166	#
193	530.575	24	25	86	87	95	96	97	98	106	107	108	118	119	166	#
194	443.093	52	63	64	74	75	85	86	87	95	96	97	107	118	166	#
195	996.02	61	72	73	74	75	76	83	84	85	86	87	95	96	97	98	107	108	109	119	120	167	#
196	1301.4	83	92	93	94	97	98	103	104	105	106	107	108	109	114	115	116	117	118	119	120	167	#
197	1206.64	76	86	87	95	96	97	98	105	106	107	108	109	113	114	115	116	117	118	119	120	167	#
198	1200.06	53	63	67	77	78	79	80	85	86	87	96	97	98	107	108	109	118	119	120	125	167	#
199	1161.19	7	18	19	28	29	30	39	40	41	49	50	51	52	62	76	87	98	108	109	120	167	#
200	1137.84	20	21	32	38	43	76	85	87	95	96	97	98	106	107	108	109	116	117	118	119	167	#
201	118.612	60	#
202	173.906	12	13	23	168	#
203	256.391	1	12	23	168	#
204	219.793	13	23	34	168	#
205	72.6898	12	13	14	168	#
206	871.751	6	17	18	19	27	28	29	30	38	40	52	169	#
207	967.606	30	36	37	38	39	40	41	42	48	52	53	169	#
208	885.925	16	17	26	27	28	37	38	39	40	49	50	169	#
209	850.568	4	5	6	15	16	17	18	27	28	37	38	169	#
210	828.695	17	18	29	30	40	41	42	53	54	63	64	169	#
211	801.674	3	4	5	6	15	16	17	18	26	27	28	169	#
212	1637.2	37	38	48	49	50	60	71	82	83	84	86	87	93	94	95	96	97	102	103	104	105	106	107	108	115	116	117	119	170	#
213	1908.11	79	89	90	92	93	94	95	96	97	99	100	101	102	103	104	105	106	108	110	111	112	113	114	115	116	117	119	120	170	#
214	1881.87	36	46	47	48	57	58	59	69	71	74	80	81	82	83	84	85	92	93	94	95	103	104	105	106	115	116	117	118	170	#
215	1872.26	20	29	30	31	33	34	39	40	41	42	48	49	50	51	52	53	57	58	59	62	63	64	65	68	70	73	83	84	170	#
216	1767.14	14	15	16	17	18	20	25	26	27	28	29	36	37	38	39	40	41	47	48	49	50	51	52	58	61	62	73	93	170	#
217	1763.53	60	61	62	70	71	72	73	81	82	83	84	91	92	93	94	95	96	101	102	103	104	105	106	112	113	114	117	118	170	#
218	299.424	90	91	102	171	#
219	304.496	90	101	112	171	#
220	231.122	80	81	91	171	#
221	184.066	102	113	114	171	#
222	354.696	91	92	93	94	172	#
223	294.745	81	92	93	94	172	#
224	266.739	94	95	105	106	172	#
225	226.889	91	102	103	114	172	#
226	196.73	81	82	92	93	172	#
227	716.452	26	37	38	48	59	60	61	62	63	64	173	#
228	997.434	27	36	37	38	47	48	58	59	69	124	173	#
229	916.308	36	37	38	46	47	48	49	56	57	58	173	#
230	859.017	27	28	38	39	40	49	50	51	59	60	173	#
231	827.682	26	36	37	38	39	49	50	51	61	62	173	#
232	792.524	37	46	47	48	57	58	62	67	68	73	173	#
233	122.931	85	96	174	#
234	84.6883	85	86	174	#
235	232.728	50	51	62	75	86	175	#
236	315.327	3	4	51	62	73	175	#
237	283.958	42	53	64	75	86	175	#
238	262.952	17	50	61	62	63	175	#
239	226.611	51	52	91	92	102	175	#
240	204.301	64	74	75	86	87	175	#
241	667.151	46	47	57	58	68	69	79	176	#
242	678.093	38	39	47	48	57	58	69	176	#
243	628.546	69	79	80	89	90	91	92	176	#
244	624.768	36	37	38	47	48	57	59	176	#
245	601.856	47	58	59	68	69	80	107	176	#
246	600.853	36	46	47	48	49	57	68	176	#
247	615.323	34	45	56	66	67	77	78	79	88	89	90	177	#
248	916.014	34	35	46	57	58	68	69	70	78	79	80	177	#
249	782.126	89	90	91	92	93	99	100	101	102	110	111	177	#
250	781.305	66	67	77	78	79	80	81	88	89	90	91	177	#
251	761.608	66	67	68	77	78	79	88	89	90	99	110	177	#
252	755.117	7	16	17	18	19	20	29	78	89	90	91	177	#
253	207.04	77	85	86	97	178	#
254	245.413	86	87	97	108	178	#
255	210.248	85	86	96	97	178	#
256	173.929	62	73	74	85	178	#
257	161.875	56	67	77	78	178	#
258	609.064	4	15	16	26	27	28	29	38	48	179	#
259	834.8	6	17	26	27	28	36	37	38	48	179	#
260	776.255	17	18	27	28	29	30	39	40	47	179	#
261	698.013	28	29	30	39	40	41	42	49	52	179	#
262	691.491	25	26	36	37	47	80	91	102	103	179	#
263	628.82	36	47	48	57	58	59	69	70	80	179	#
264	1719.46	2	3	4	12	13	14	15	16	17	26	27	28	29	36	37	38	39	47	48	50	58	180	#
265	1816.65	13	17	18	23	27	28	29	36	37	38	39	45	46	47	48	49	56	57	58	68	79	180	#
266	1799.01	2	16	17	28	29	35	36	37	38	39	40	47	48	49	50	60	61	71	72	83	94	180	#
267	1797.5	3	15	26	27	28	29	37	38	39	40	47	48	49	57	58	59	60	71	110	111	123	180	#
268	1766.68	6	17	27	28	29	36	37	38	39	40	47	48	49	50	51	52	58	59	60	61	69	180	#
269	1720.75	27	28	29	30	31	37	38	39	40	41	48	49	50	51	58	59	60	69	71	92	93	180	#
270	1287.09	16	46	55	56	57	58	67	68	69	70	77	78	79	80	88	89	92	100	111	181	#
271	1668.65	47	48	55	56	57	58	67	68	69	77	78	79	81	88	89	90	91	92	101	181	#
272	1629.41	47	48	49	55	56	57	58	66	67	68	69	70	77	78	79	80	88	90	99	181	#
273	1588.18	38	47	48	57	58	66	67	68	69	77	78	79	88	89	90	91	100	101	102	181	#
274	1584.03	31	38	48	49	55	56	57	58	66	67	68	77	78	79	80	81	88	99	109	181	#
275	1566.2	55	56	57	58	66	67	68	72	77	78	79	88	89	90	91	99	100	101	110	181	#
276	1350.41	34	35	44	45	46	55	56	57	66	67	90	91	92	99	100	101	102	110	111	182	#
277	1557.68	44	55	57	58	68	69	79	80	81	90	91	92	100	101	102	103	112	113	114	182	#
278	1491.26	46	47	57	58	59	67	68	78	79	80	88	89	90	91	101	102	111	112	113	182	#
279	1480.72	38	39	48	49	58	59	66	67	68	69	77	78	79	80	81	89	90	91	92	182	#
280	1468.22	10	36	45	46	47	48	49	50	56	57	58	60	61	68	69	79	80	81	91	182	#
281	1446.9	34	36	44	48	49	55	56	57	58	59	66	67	68	70	77	78	79	90	91	182	#
282	121.204	1	11	12	183	#
283	164.676	0	11	22	183	#
284	115.498	12	13	23	183	#
285	244.023	105	106	116	184	#
286	238.324	95	96	106	184	#
287	236.664	95	116	117	184	#
288	230.048	105	116	117	184	#
289	1071.4	5	6	16	17	18	28	29	30	39	48	49	50	60	61	185	#
290	1152.46	38	39	40	41	48	49	50	58	59	60	70	80	81	91	185	#
291	1063.41	39	40	41	48	49	50	51	52	53	60	61	62	63	64	185	#
292	991.667	5	6	16	17	18	20	27	28	29	30	31	40	41	52	185	#
293	941.791	16	17	25	26	27	28	36	37	38	39	47	48	49	50	185	#
294	901.626	8	9	10	20	21	30	31	41	42	52	53	69	80	91	185	#
295	1281.77	18	20	21	29	30	31	32	40	41	42	48	52	53	54	58	59	63	64	107	108	186	#
296	1637.36	72	82	83	93	94	95	96	102	103	104	105	106	107	108	114	115	116	117	118	119	186	#
297	1576.8	30	31	42	46	47	48	49	57	58	59	60	67	68	69	70	78	80	81	91	114	186	#
298	1555.02	25	26	29	35	36	37	39	40	47	48	49	57	58	59	60	68	69	77	78	79	186	#
299	1440.8	7	15	16	17	18	19	20	27	28	29	30	31	40	41	89	99	100	105	110	116	186	#
300	1415.86	3	4	5	15	26	37	38	46	47	48	49	57	58	59	60	68	69	70	81	92	186	#
301	490.844	32	43	53	54	62	63	64	65	74	76	187	#
302	605.371	39	64	65	75	76	86	87	97	98	109	187	#
303	577.65	51	52	62	63	64	65	76	108	118	119	187	#
304	568.519	39	40	41	52	53	62	63	64	65	75	187	#
305	512.08	10	21	30	31	32	41	42	43	52	54	187	#
306	501.985	10	21	32	41	43	52	53	54	64	65	187	#
307	1111.14	23	34	35	37	38	45	46	47	48	56	57	58	59	67	68	77	188	#
308	1299.03	46	47	48	56	57	58	59	66	67	68	77	78	79	80	90	91	188	#
309	1159.59	28	37	38	39	46	47	48	49	50	51	57	60	61	62	72	88	188	#
310	1115.96	46	57	67	68	69	71	77	78	79	80	83	88	89	94	95	105	188	#
311	1111.77	16	26	27	28	37	38	39	48	49	50	60	62	73	74	119	120	188	#
312	1068.66	27	28	38	39	48	49	58	59	60	68	69	70	78	80	81	100	188	#
313	134.082	57	68	189	#
314	140.16	67	68	189	#
315	132.884	46	57	189	#
316	66.5414	51	81	190	#
317	17.5308	51	52	190	#
318	270.43	99	108	119	191	#
319	267.772	99	100	101	191	#
320	169.794	108	109	119	191	#
321	564.376	61	72	83	84	103	104	113	114	192	#
322	682.389	53	90	91	92	103	104	113	114	192	#
323	618.916	92	101	103	104	112	113	114	115	192	#
324	610.286	93	104	105	113	114	115	116	117	192	#
325	569.874	90	101	102	103	104	113	114	115	192	#
326	517.826	74	75	82	83	84	85	86	96	192	#
327	582.156	34	68	69	70	78	79	80	81	91	92	193	#
328	733.965	59	70	81	91	92	94	103	104	105	116	193	#
329	731.482	66	67	68	70	77	79	80	81	91	92	193	#
330	697.254	27	59	68	69	70	79	80	81	91	92	193	#
331	677.437	68	69	70	80	81	89	90	91	92	103	193	#
332	654.376	69	70	80	81	91	92	93	102	103	114	193	#
333	59.9778	62	#
334	356.451	25	26	35	36	37	47	194	#
335	355.193	36	47	48	58	59	60	194	#
336	341.298	25	26	31	41	42	127	194	#
337	325.176	13	24	35	46	94	95	194	#
338	301.611	7	18	19	25	36	47	194	#
339	255.087	14	22	23	24	25	35	194	#
340	2100.17	0	1	2	3	11	12	13	14	24	25	26	34	35	36	37	38	47	48	49	57	58	59	60	77	78	89	95	96	107	195	#
341	2350.4	10	24	25	28	29	35	36	37	38	39	40	46	47	48	49	50	51	52	57	58	59	60	61	69	70	72	79	80	83	195	#
342	2196.08	18	21	24	25	26	29	30	31	32	33	34	35	36	37	38	39	40	41	42	43	44	45	46	47	48	55	57	58	59	195	#
343	2178.56	14	25	26	36	37	38	45	46	47	48	49	55	56	57	58	59	60	67	69	70	79	80	81	90	91	97	108	109	125	195	#
344	2172.19	14	15	25	26	27	28	35	36	37	38	39	40	46	47	48	49	50	51	57	58	59	69	70	96	97	98	102	103	113	195	#
345	2148.82	26	27	35	36	39	46	47	57	58	66	68	69	77	78	79	88	89	90	91	92	99	100	101	102	103	110	111	112	114	195	#
346	87.5422	107	108	118	119	196	#
347	79.0101	118	119	120	127	196	#
348	224.616	19	20	21	31	197	#
349	176.773	20	21	31	32	197	#
350	165.88	9	20	21	31	197	#
351	159.189	7	8	19	20	197	#
352	158.669	117	118	119	198	#
353	159.144	108	119	120	198	#
354	438.304	2	3	4	5	15	16	26	27	199	#
355	534.795	4	15	16	26	27	36	37	38	199	#
356	518.202	16	38	48	58	59	69	70	81	199	#
357	509.146	4	5	15	16	26	27	28	29	199	#
358	457.294	4	5	6	15	16	27	28	38	199	#
359	417.601	3	13	14	25	27	28	38	39	199	#
360	1048.04	17	20	21	24	25	26	27	28	35	36	37	38	39	48	49	60	61	72	121	200	#
361	1435.11	22	23	24	25	26	28	35	36	37	38	39	40	47	48	49	50	57	58	59	200	#
362	1392.33	5	15	16	17	18	26	27	28	29	30	36	37	38	39	40	48	49	50	61	200	#
363	1270.69	13	22	23	24	25	26	35	36	38	39	46	47	48	49	57	58	59	60	69	200	#
364	1269.68	25	28	29	30	36	37	38	39	40	41	47	48	49	50	52	53	59	60	71	200	#
365	1208.86	13	14	16	24	25	26	27	28	35	36	37	38	46	47	48	49	57	58	59	200	#
366	95.188	104	105	201	#
367	97.8997	105	106	201	#
368	87.8203	11	104	201	#
369	545.608	93	95	104	105	106	115	116	117	118	202	#
370	677.342	83	84	85	94	104	105	115	116	117	202	#
371	644.376	28	29	40	82	83	93	94	95	106	202	#
372	624.511	33	92	93	103	104	112	113	114	115	202	#
373	593.128	94	95	104	105	106	116	117	118	119	202	#
374	581.165	71	83	84	93	94	103	104	105	106	202	#
375	332.572	67	77	78	88	107	108	203	#
376	425.332	66	67	68	77	78	89	203	#
377	404.619	6	66	77	78	89	110	203	#
378	379.35	78	88	89	90	91	99	203	#
379	344.127	16	17	96	107	108	118	203	#
380	291.808	50	96	97	107	118	119	203	#
381	115.811	4	15	26	27	#
382	194.731	96	126	204	#
383	174.424	98	126	204	#
384	114.365	96	97	204	#
385	743.239	37	38	39	49	50	51	59	60	61	62	71	73	99	100	205	#
386	1069.73	6	7	17	18	27	28	37	38	39	48	49	50	60	61	205	#
387	1016.82	3	4	15	26	27	37	38	39	48	49	58	59	60	61	205	#
388	974.045	27	28	38	39	40	49	50	51	52	61	65	72	76	84	205	#
389	943.973	1	2	3	11	12	15	38	39	49	50	51	60	61	71	205	#
390	934.201	17	27	28	29	38	39	40	49	50	59	60	61	70	71	205	#
391	394.43	67	77	88	89	99	206	#
392	410.102	77	78	88	99	110	206	#
393	341.629	56	66	67	96	113	206	#
394	316.118	67	68	69	77	78	206	#
395	307.811	77	88	89	99	100	206	#
396	292.29	88	99	100	110	111	206	#
397	335.353	72	83	93	94	95	207	#
398	375.396	73	83	84	93	94	207	#
399	371.041	85	86	94	95	96	207	#
400	326.51	61	72	73	82	83	207	#
401	301.971	60	71	72	83	84	207	#
402	209.511	81	92	93	103	104	207	#
403	1299	0	1	2	3	4	5	8	11	12	13	14	15	19	20	22	23	24	25	31	33	34	35	36	44	45	56	208	#
404	1809.9	1	2	3	4	5	6	12	13	14	15	16	17	23	24	25	26	27	28	35	36	37	38	39	47	49	55	208	#
405	1789.66	24	25	35	36	44	45	47	48	49	55	56	57	58	59	60	68	69	70	71	78	79	80	82	83	84	90	208	#
406	1738.68	0	1	2	3	4	5	11	12	13	14	15	22	23	24	26	27	47	48	57	58	67	68	69	78	79	80	208	#
407	1724.04	2	3	4	5	6	14	15	16	17	18	25	26	27	28	36	38	47	48	69	79	80	81	92	105	115	116	208	#
408	1700.62	2	3	4	5	6	13	14	15	24	26	32	43	53	54	64	77	78	89	100	101	102	111	112	113	114	122	208	#
409	304.063	74	75	85	86	96	107	209	#
410	382.015	106	107	108	109	117	118	209	#
411	277.454	76	84	85	86	95	96	209	#
412	262.528	75	86	96	97	107	108	209	#
413	217.776	52	53	54	64	74	75	209	#
414	179.82	64	75	86	87	97	117	209	#
415	1094.97	56	57	58	66	67	68	77	78	79	80	81	82	88	89	90	91	92	93	99	210	#
416	1283.03	58	69	70	79	80	81	88	89	90	92	99	100	101	102	111	112	113	114	115	210	#
417	1237.06	71	72	82	83	84	85	90	91	92	93	94	95	96	103	104	105	106	115	116	210	#
418	1191.4	47	55	66	67	77	78	79	80	81	88	89	90	91	92	93	99	103	110	122	210	#
419	1185.25	4	41	42	51	52	53	54	63	64	68	69	77	78	79	80	88	89	91	92	210	#
420	1148.27	64	67	68	77	78	79	80	81	89	90	91	96	97	100	101	102	113	114	115	210	#
421	1170.75	44	45	46	47	55	56	57	66	67	68	77	78	79	88	89	90	99	100	211	#
422	1383.62	66	67	68	77	78	79	88	89	90	99	100	101	102	110	111	112	113	114	211	#
423	1374.88	35	45	46	47	48	49	55	56	57	58	67	68	69	78	79	80	89	120	211	#
424	1330.75	58	67	68	69	77	78	79	80	81	88	89	90	99	100	101	102	110	113	211	#
425	1314.37	34	36	37	38	39	45	46	47	48	49	50	55	56	57	59	66	67	77	211	#
426	1253.15	45	56	57	66	67	68	70	77	78	79	80	89	90	91	100	101	102	113	211	#
427	590.367	66	77	78	89	90	99	100	101	110	111	212	#
428	697.975	57	68	69	70	78	79	80	90	91	101	212	#
429	666.987	66	67	68	77	78	79	80	81	88	91	212	#
430	653.528	89	90	99	100	101	102	110	111	112	113	212	#
431	637.948	88	90	91	99	100	101	102	103	111	112	212	#
432	632.309	46	56	57	66	67	68	69	77	78	79	212	#
433	666.886	17	18	26	27	28	29	37	40	41	82	213	#
434	901.874	6	7	17	18	27	28	29	38	40	43	213	#
435	722.87	36	37	38	39	40	41	42	50	52	53	213	#
436	704.329	6	7	17	18	29	39	40	41	51	52	213	#
437	651.803	6	7	17	18	29	33	34	44	45	56	213	#
438	627.873	29	30	40	41	43	51	52	53	54	63	213	#
439	497.695	80	81	91	92	93	104	214	#
440	619.273	67	68	79	80	81	91	214	#
441	531.744	81	90	91	92	101	102	214	#
442	448.279	81	82	91	92	93	102	214	#
443	397.719	70	81	92	102	103	113	214	#
444	371.529	94	103	104	105	106	114	214	#
445	142.376	74	75	85	86	215	#
446	147.115	74	85	86	97	215	#
447	127.931	75	85	86	87	215	#
448	711.154	7	8	9	16	17	18	19	20	21	30	31	32	42	216	#
449	958.504	5	6	7	8	16	17	18	19	26	27	28	29	30	216	#
450	931.645	6	8	13	17	18	19	20	21	28	29	30	31	32	216	#
451	923.168	19	20	21	25	26	27	30	31	32	36	37	38	48	216	#
452	889.503	7	9	16	17	18	20	21	29	30	31	32	41	43	216	#
453	876.059	6	7	9	17	18	20	21	29	30	31	32	43	54	216	#
454	392.701	72	83	84	85	86	126	217	#
455	438.75	73	74	83	84	85	94	217	#
456	303.601	37	48	71	72	73	84	217	#
457	281.71	85	88	96	99	100	110	217	#
458	253.468	76	86	87	96	97	98	217	#
459	214.288	73	74	85	121	125	126	217	#
460	806.527	13	14	23	33	34	35	44	45	55	56	66	67	68	77	78	79	88	99	218	#
461	1127.15	11	22	23	33	34	44	45	55	56	57	66	67	68	78	79	80	90	95	218	#
462	1122.34	2	14	16	25	26	27	33	34	35	36	37	38	44	45	46	47	48	59	218	#
463	1119.04	56	66	67	68	77	78	79	80	88	89	90	91	99	100	101	110	111	112	218	#
464	1110.74	23	33	34	44	45	55	56	66	67	68	69	78	79	90	91	100	101	111	218	#
465	1060.85	1	2	3	12	13	14	23	24	79	89	90	98	101	108	109	110	111	112	218	#
466	407.954	63	64	65	76	86	87	219	#
467	469.664	49	50	59	60	61	76	219	#
468	407.685	40	52	61	62	63	64	219	#
469	342.85	63	64	65	74	75	86	219	#
470	291.931	76	85	86	87	98	109	219	#
471	235.378	43	54	64	74	75	103	219	#
472	150.519	76	86	87	97	220	#
473	220.785	65	76	80	91	220	#
474	191.525	43	76	86	87	220	#
475	139.261	75	86	87	98	220	#
476	576.602	40	41	42	50	51	52	53	54	61	63	64	221	#
477	858.414	30	31	39	40	41	42	43	51	52	53	54	221	#
478	800.02	38	39	48	49	50	51	59	60	61	62	71	221	#
479	696.881	29	30	31	32	39	40	41	42	43	50	52	221	#
480	694.772	28	29	40	41	51	52	62	73	84	109	120	221	#
481	685.286	31	32	40	41	42	43	51	52	53	54	64	221	#
482	604.345	74	75	83	84	85	94	95	96	107	222	#
483	645.476	83	92	93	94	95	96	103	104	106	222	#
484	602.038	83	84	85	94	95	96	106	117	118	222	#
485	517.892	75	86	87	96	97	98	107	109	120	222	#
486	514.517	63	74	83	85	86	93	94	95	96	222	#
487	496.999	75	86	96	97	107	108	109	119	120	222	#
488	968.206	45	55	56	57	67	68	77	78	88	89	90	99	100	101	110	111	223	#
489	1339.73	33	34	36	37	44	45	47	48	55	56	57	58	59	68	78	79	223	#
490	1259.73	36	37	47	48	57	89	90	99	100	101	110	111	112	113	114	115	223	#
491	1193.79	36	47	48	56	57	58	59	66	67	68	77	78	79	89	90	100	223	#
492	1174.75	56	57	66	67	68	77	78	79	88	89	90	99	100	101	110	112	223	#
493	1171.36	35	36	37	47	48	56	57	58	59	68	69	78	80	102	113	114	223	#
494	1002.57	3	4	5	6	7	15	16	17	18	26	27	28	29	95	96	106	224	#
495	1270.66	2	4	5	6	15	16	17	26	27	28	29	88	89	93	94	105	224	#
496	1130.01	6	7	17	18	19	20	28	29	30	37	38	39	40	53	54	105	224	#
497	1027.23	1	2	3	4	5	12	13	14	15	23	24	26	27	28	39	74	224	#
498	1011.52	27	28	29	30	38	39	40	41	49	51	52	53	54	64	65	75	224	#
499	1006.96	2	3	4	5	6	7	13	15	16	17	18	27	28	29	38	48	224	#
