%% File generated by CATS v.2.1Thu May  9 12:51:39 2024

%% The CATS webpage is http://robotics.stanford.edu/CATS

%% PARAMETER SETTINGS:
% Goods: 128; Bids: 500; Distribution: regions; Runs: 1; Seed: 37
% Regions Distribution Parameters:
% Max Substitutable Bids = 5
% Removing HV Neighbor   = 0.1
% Adding DIAG Neighbor   = 0.2
% Additional Location    = 0.9
% Jump Probability       = 0.05
% Additivity             = 0.2
% Budget Factor          = 1.5
% Resale Factor          = 0.5
% Uniform Private Value:
%   Deviation            = 0.5
%   Max Good Value       = 100



goods 128
bids 500
dummy 98

0	1251.21	7	8	9	10	14	16	18	19	20	24	25	30	31	41	42	43	52	53	86	87	128	#
1	1276.79	4	5	6	7	8	10	14	15	16	17	18	19	20	24	25	36	43	78	79	90	128	#
2	1253.44	1	31	41	42	52	53	63	64	65	73	74	75	76	82	83	84	86	93	102	113	128	#
3	1219.95	9	18	19	20	29	30	31	41	42	43	52	53	54	63	64	65	75	76	86	87	128	#
4	1159.68	16	17	18	27	28	29	34	38	39	44	45	49	50	60	77	78	79	89	99	100	128	#
5	1067.49	2	3	4	7	8	9	10	16	17	18	19	20	21	31	32	42	43	52	53	54	128	#
6	84.6185	76	87	98	129	#
7	123.3	86	87	98	129	#
8	342.239	38	96	107	108	115	119	120	130	#
9	397.036	34	35	36	107	108	119	120	130	#
10	387.817	94	95	103	104	114	115	116	130	#
11	370.212	52	95	96	107	108	119	120	130	#
12	338.747	105	106	107	108	109	119	120	130	#
13	299.445	51	62	73	84	85	96	107	130	#
14	916.528	2	3	4	13	14	15	22	23	25	26	34	35	36	45	47	131	#
15	1102.86	0	1	2	3	12	13	14	22	23	24	25	33	34	35	45	131	#
16	1082.18	2	3	4	11	12	13	22	23	33	34	35	45	46	55	56	131	#
17	1081.26	2	3	4	12	13	14	15	22	23	24	25	26	33	34	37	131	#
18	1081.17	0	1	2	3	4	11	12	13	14	22	23	25	33	34	45	131	#
19	1074.21	45	47	56	57	58	59	60	69	79	80	81	90	91	102	103	131	#
20	626.962	60	71	72	83	94	95	106	132	#
21	628.252	60	71	72	83	93	94	95	132	#
22	500.63	46	60	71	72	82	83	94	132	#
23	500.014	62	63	64	83	94	95	106	132	#
24	445.199	47	48	57	58	59	60	71	132	#
25	380.375	95	96	106	107	117	118	119	132	#
26	861.085	4	5	6	7	10	15	16	17	18	19	20	21	27	28	29	32	43	133	#
27	1094.81	21	27	31	32	41	42	43	52	53	54	63	65	74	75	76	86	89	133	#
28	1023.73	1	4	5	11	12	13	14	15	23	24	25	26	33	34	35	37	92	133	#
29	1004.15	8	9	10	20	21	30	31	32	41	42	43	52	53	54	63	64	65	133	#
30	966.821	9	10	20	21	30	31	32	41	42	43	52	53	54	61	62	63	64	133	#
31	951.676	9	10	20	21	28	29	30	31	32	41	42	43	52	53	54	65	117	133	#
32	734.691	4	11	12	13	14	15	22	23	24	25	35	36	134	#
33	936.881	2	12	13	14	22	23	24	25	33	34	44	124	134	#
34	876.171	2	4	12	13	14	15	22	23	24	25	26	34	134	#
35	826.952	2	11	12	13	14	22	23	24	25	33	36	44	134	#
36	795.142	0	11	12	13	14	22	23	24	25	34	36	40	134	#
37	793.376	0	1	11	12	13	22	23	24	33	34	44	119	134	#
38	1000.98	16	28	38	39	42	49	50	51	52	53	60	61	62	71	88	89	90	91	122	135	#
39	1289.44	23	24	33	34	35	44	45	46	47	77	78	79	89	90	91	100	101	111	112	135	#
40	1222.79	24	33	34	35	36	38	39	44	45	46	47	48	49	50	51	56	60	61	79	135	#
41	1187.99	2	3	6	7	8	13	14	15	16	17	23	24	25	28	34	35	38	39	50	135	#
42	1141.83	0	1	2	3	11	12	13	14	22	23	24	25	34	35	45	46	55	56	122	135	#
43	1131.29	44	45	55	56	57	66	67	77	80	88	89	90	91	99	100	101	110	111	112	135	#
44	295.054	20	29	30	31	32	42	136	#
45	383.175	8	19	20	30	31	123	136	#
46	358.296	19	20	29	30	31	40	136	#
47	339.73	10	18	20	29	30	31	136	#
48	289.181	31	34	36	41	42	52	136	#
49	208.605	30	31	32	35	42	43	136	#
50	76.9959	126	#
51	181.686	11	12	137	#
52	56.0635	11	22	137	#
53	727.835	5	6	8	9	10	17	18	19	20	21	29	30	31	138	#
54	959.09	8	9	10	19	20	21	30	31	32	41	42	43	111	138	#
55	955.378	6	7	8	9	10	17	20	21	30	31	32	42	43	138	#
56	926.6	5	6	7	8	17	28	57	66	67	68	78	79	90	138	#
57	876.444	2	3	4	5	6	7	8	13	14	15	17	18	25	138	#
58	855.573	7	8	9	10	17	18	19	20	28	29	30	31	41	138	#
59	164.734	32	43	139	#
60	85.1661	42	43	139	#
61	178.789	51	62	63	74	140	#
62	225.971	63	64	74	75	140	#
63	179.548	51	62	63	73	140	#
64	150.084	51	52	62	63	140	#
65	138.344	47	63	74	85	140	#
66	69.8562	94	#
67	167.119	93	104	141	#
68	222.755	93	94	141	#
69	141.409	104	105	141	#
70	1024.15	3	4	13	14	15	16	17	18	19	20	24	27	28	29	30	31	40	51	142	#
71	1276.28	3	4	5	6	7	15	17	18	19	29	30	34	35	41	46	83	94	95	142	#
72	1267.44	7	17	18	19	28	29	30	31	41	42	43	52	53	54	63	64	65	76	142	#
73	1243.79	3	4	5	6	7	14	15	17	18	23	24	25	33	34	35	44	45	127	142	#
74	1237.82	3	4	6	13	14	15	16	17	18	23	24	25	34	35	45	46	56	57	142	#
75	1184.2	1	3	11	12	13	14	15	22	23	24	25	33	34	35	36	45	46	56	142	#
76	978.943	47	58	59	60	61	70	71	83	93	94	104	106	107	143	#
77	970.484	80	81	83	92	93	94	102	103	104	113	114	115	116	143	#
78	957.021	82	83	92	93	94	95	101	103	104	105	106	114	115	143	#
79	898.451	95	96	98	106	107	108	109	115	116	117	118	119	120	143	#
80	893.023	74	85	95	96	97	105	106	107	108	116	117	118	119	143	#
81	816.212	70	81	82	83	92	93	94	95	103	104	105	114	116	143	#
82	254.148	53	62	63	74	75	86	144	#
83	272.553	24	25	26	36	37	86	144	#
84	269.643	62	63	73	74	75	86	144	#
85	249.598	62	73	74	75	85	86	144	#
86	229.055	73	74	75	84	85	86	144	#
87	79.5509	108	#
88	258.191	20	21	31	32	145	#
89	341.947	20	31	42	43	145	#
90	322.832	20	30	31	32	145	#
91	184.115	9	19	20	21	145	#
92	1020.73	5	16	17	24	25	28	34	35	36	37	38	45	46	47	49	57	58	59	60	67	68	69	79	80	146	#
93	1501.56	24	25	34	35	44	45	46	55	57	58	59	66	67	68	69	78	79	80	81	82	84	93	94	118	146	#
94	1477.33	11	12	22	23	24	25	34	35	36	37	38	44	45	46	47	48	49	57	58	59	60	71	72	83	146	#
95	1470.29	24	25	26	34	35	36	44	45	46	55	56	57	58	66	67	68	69	70	80	81	82	92	93	94	146	#
96	1442.48	7	17	23	24	27	28	34	35	37	38	39	44	45	46	47	48	49	50	57	58	59	60	71	72	146	#
97	1441.3	22	23	24	34	35	44	45	46	53	55	57	58	59	64	65	68	69	70	79	90	100	101	102	111	146	#
98	293.461	45	56	67	68	147	#
99	399.861	33	34	45	56	147	#
100	362.402	46	56	57	67	147	#
101	303.379	56	67	68	78	147	#
102	241.684	57	67	68	79	147	#
103	723.205	58	69	70	71	80	81	82	91	92	103	123	148	#
104	730.577	48	49	57	58	59	61	67	68	69	70	72	148	#
105	690.536	57	58	70	81	82	83	92	93	94	104	105	148	#
106	685.158	81	90	92	101	102	103	110	111	112	113	114	148	#
107	648.088	36	47	57	58	66	67	68	77	89	99	100	148	#
108	645.223	9	10	20	30	31	32	41	42	43	104	123	148	#
109	1089.08	7	47	58	59	69	85	94	95	96	97	106	107	108	109	119	120	149	#
110	1124.01	46	47	49	55	56	57	58	59	60	61	69	70	80	81	91	92	149	#
111	1085.28	59	60	61	62	63	71	72	82	83	91	92	93	94	103	104	114	149	#
112	1034.85	14	25	26	36	46	47	55	56	57	58	59	66	67	69	70	80	149	#
113	978.832	81	85	86	92	93	94	95	96	97	103	104	106	107	118	119	120	149	#
114	969.954	22	33	34	41	52	75	86	95	96	97	106	107	108	109	119	120	149	#
115	57.7276	85	#
116	1584.88	4	5	6	7	8	9	10	14	15	16	17	18	20	25	26	27	28	29	31	36	37	38	39	47	50	60	61	72	150	#
117	1816.73	0	1	7	11	12	14	15	16	17	18	22	23	24	25	26	28	29	33	34	35	36	44	45	46	47	56	57	67	150	#
118	1750.21	9	10	16	20	21	28	29	30	31	32	39	41	42	43	52	53	54	62	63	64	73	77	88	89	110	111	112	113	150	#
119	1749.86	7	9	10	15	16	17	20	21	27	28	29	30	31	32	41	42	43	52	53	61	62	63	64	65	73	75	83	84	150	#
120	1709.18	7	8	14	15	16	17	25	26	27	28	29	35	36	37	38	39	46	47	48	59	60	69	70	80	81	88	89	91	150	#
121	1700.88	3	4	5	11	14	15	22	24	25	26	33	34	35	36	45	46	47	57	67	77	78	79	88	89	94	108	119	120	150	#
122	123.549	85	96	#
123	395.344	57	68	78	79	89	90	151	#
124	464.074	78	79	80	89	90	91	151	#
125	415.305	56	67	78	79	89	90	151	#
126	404.268	73	74	78	79	90	91	151	#
127	375.595	77	79	88	89	90	99	151	#
128	347.755	57	58	68	78	79	80	151	#
129	1943.23	13	23	24	70	77	78	79	80	81	82	85	88	89	90	91	92	93	94	95	96	99	100	101	104	105	106	107	111	115	118	152	#
130	1946.16	23	34	44	45	46	56	66	67	70	72	77	78	79	81	82	88	89	90	91	92	93	99	100	101	103	104	105	111	115	116	152	#
131	1941.64	0	1	11	12	13	22	23	34	45	49	50	59	60	61	63	70	73	74	81	82	83	84	91	92	93	94	103	104	114	115	152	#
132	1909	13	24	32	38	42	43	48	49	50	53	54	60	61	63	64	65	73	74	82	84	85	93	94	95	96	104	106	107	108	118	152	#
133	1895.19	3	59	60	69	70	71	79	80	81	82	88	89	90	91	92	93	94	95	100	101	103	104	105	106	114	115	116	117	118	119	152	#
134	1844.61	66	67	70	71	77	78	79	81	82	83	84	88	89	90	91	92	93	94	95	99	100	101	102	103	105	106	114	115	121	122	152	#
135	458.272	1	2	11	12	13	22	23	40	50	51	52	62	153	#
136	624.491	17	18	29	40	50	51	52	54	63	64	65	75	153	#
137	615.223	2	3	4	5	6	14	15	16	17	18	25	28	153	#
138	609.617	1	2	11	12	13	14	22	23	24	25	34	35	153	#
139	600.662	16	28	29	40	41	49	50	51	96	106	107	117	153	#
140	459.714	16	17	18	28	39	40	41	42	49	50	51	52	153	#
141	124.467	42	53	154	#
142	104.411	41	42	154	#
143	847.196	66	77	78	79	80	81	88	89	90	99	100	101	112	155	#
144	1090.5	56	57	58	69	70	71	72	80	81	82	83	93	111	155	#
145	1002.62	45	56	57	58	66	67	69	77	78	79	80	88	90	155	#
146	978.307	56	66	67	69	70	77	78	79	80	81	90	91	102	155	#
147	949.309	45	55	56	57	59	66	67	77	78	88	89	99	127	155	#
148	933.8	56	66	67	70	77	78	79	80	81	88	89	99	100	155	#
149	374.403	79	90	91	92	101	102	103	156	#
150	472.815	92	100	101	102	103	114	115	156	#
151	463.076	81	82	83	91	92	101	102	156	#
152	447.511	57	66	68	78	79	90	91	156	#
153	426.807	90	91	92	100	101	102	103	156	#
154	407.596	68	78	79	90	100	101	102	156	#
155	609.801	5	6	7	8	9	10	17	20	21	157	#
156	744.233	8	9	10	19	20	21	45	56	57	157	#
157	702.375	7	8	9	10	16	17	19	20	21	157	#
158	627.96	7	8	9	10	18	19	20	21	115	157	#
159	602.604	4	5	6	7	8	17	35	45	46	157	#
160	593.556	6	7	8	16	17	27	49	50	60	157	#
161	44.9869	37	38	158	#
162	66.4439	7	37	158	#
163	696.915	2	11	12	13	22	23	24	25	35	46	75	159	#
164	783.187	0	11	12	13	22	23	24	34	35	46	57	159	#
165	774.878	0	1	11	12	13	22	23	24	34	35	46	159	#
166	750.814	53	54	63	64	75	86	87	110	111	112	113	159	#
167	739.4	0	1	2	11	12	13	23	24	33	34	35	159	#
168	731.838	46	57	66	67	68	69	70	78	80	90	91	159	#
169	948.22	22	26	33	34	36	37	38	45	46	47	56	57	67	68	78	122	123	160	#
170	1065.57	3	4	14	15	24	25	26	27	36	37	38	39	43	46	47	48	54	160	#
171	1032.22	2	3	4	13	14	15	22	23	24	33	34	35	46	57	67	76	87	160	#
172	1027.24	3	14	23	25	26	34	35	36	44	45	46	47	58	90	101	102	103	160	#
173	1012.05	66	67	69	70	77	78	79	80	88	89	90	91	99	100	101	110	123	160	#
174	1008.81	2	12	13	14	22	23	24	34	35	36	45	46	47	56	57	58	67	160	#
175	639.24	54	65	74	75	76	85	86	101	102	103	161	#
176	789.128	43	53	54	62	63	64	65	75	76	86	161	#
177	774.383	42	43	53	54	62	63	64	65	76	121	161	#
178	757.163	66	67	77	89	100	101	102	103	112	113	161	#
179	752.197	20	30	31	42	43	53	54	64	65	76	161	#
180	681.611	62	63	64	65	73	74	75	85	96	107	161	#
181	1052.76	48	49	57	58	59	60	69	70	79	80	81	83	91	92	93	94	114	115	162	#
182	1480.06	73	77	83	84	88	92	93	94	95	99	100	103	104	105	106	107	115	116	162	#
183	1285.18	80	90	91	92	93	94	95	100	101	102	103	104	108	111	112	114	115	116	162	#
184	1247.22	80	89	90	91	92	93	100	101	102	103	104	105	111	112	113	114	115	116	162	#
185	1216.4	57	58	59	69	70	75	78	79	80	81	85	86	91	92	93	97	103	104	162	#
186	1216.29	61	72	73	83	84	85	92	93	94	95	96	103	104	107	108	115	118	119	162	#
187	131.723	125	#
188	814.353	20	31	32	42	43	52	53	54	64	65	98	163	#
189	840.056	19	20	30	31	32	41	42	43	52	53	54	163	#
190	821.852	20	21	31	32	41	42	43	53	54	64	65	163	#
191	780.192	20	30	31	40	41	42	43	53	54	64	65	163	#
192	746.889	8	9	19	20	30	31	39	40	41	42	52	163	#
193	740.541	31	42	43	53	54	64	65	76	86	87	98	163	#
194	105.442	25	36	#
195	176.996	106	107	164	#
196	132.366	106	117	164	#
197	2657.45	4	6	7	8	15	16	17	18	19	28	29	31	32	37	38	39	40	41	42	48	49	50	51	52	59	60	61	62	63	70	71	72	73	74	75	76	82	83	84	85	87	93	94	95	96	104	105	106	107	124	165	#
198	3379.53	8	10	19	29	30	31	41	42	58	59	60	61	62	65	66	68	69	71	72	75	76	77	78	79	82	88	89	90	93	94	95	96	97	100	101	102	104	105	106	107	108	111	112	113	114	115	116	117	118	119	165	#
199	2996.07	0	1	7	8	11	12	20	23	31	40	41	42	43	51	62	71	72	73	74	75	82	83	84	85	86	92	93	94	95	96	97	101	102	103	104	105	106	107	108	109	111	112	113	114	115	116	117	118	119	120	165	#
200	2976.45	17	41	42	50	51	59	60	61	62	66	70	71	72	73	77	78	80	81	82	83	84	86	89	90	92	93	94	95	96	97	98	100	101	102	103	104	105	106	107	108	109	112	113	114	115	116	117	118	119	120	165	#
201	2909.7	23	24	25	38	39	40	47	50	51	58	59	60	61	62	66	67	68	69	70	73	74	75	77	78	79	80	81	83	84	85	86	89	90	91	94	95	96	100	101	102	104	105	106	107	108	109	111	117	119	120	165	#
202	2907.74	8	9	10	20	21	28	29	31	32	36	37	38	39	40	41	42	43	48	49	50	51	52	53	54	56	59	60	61	62	63	65	68	69	70	71	72	73	74	75	80	81	82	83	84	88	93	94	104	105	106	165	#
203	412.818	96	101	102	103	107	108	109	118	119	166	#
204	538.535	97	104	105	108	115	116	117	118	119	166	#
205	429.242	97	98	108	109	116	117	118	119	120	166	#
206	428.112	75	76	86	97	108	109	118	119	120	166	#
207	321.983	1	11	97	108	109	117	118	119	120	166	#
208	541.319	34	44	45	46	56	57	67	167	#
209	454.482	14	35	44	45	46	57	68	167	#
210	452.512	45	46	57	66	67	68	79	167	#
211	447.831	45	56	57	66	67	68	79	167	#
212	428.896	24	34	35	45	46	57	68	167	#
213	426.626	34	35	44	45	46	55	56	167	#
214	423.157	0	1	2	11	12	13	168	#
215	463.777	12	13	14	23	24	25	168	#
216	461.707	0	1	11	12	13	14	168	#
217	437.389	0	1	11	12	13	22	168	#
218	399.526	2	12	13	14	23	24	168	#
219	396.757	2	12	13	23	34	45	168	#
220	1794.57	57	66	68	69	70	77	78	79	81	82	89	90	91	92	93	99	101	102	103	104	105	108	110	113	114	169	#
221	1801.72	7	13	24	35	46	57	66	67	68	69	70	77	78	79	81	88	89	90	91	99	101	102	103	113	114	169	#
222	1763.35	37	48	56	57	66	67	68	69	70	77	78	79	81	88	89	90	91	92	93	99	101	102	103	113	114	169	#
223	1759.07	0	11	22	33	34	44	45	55	56	57	66	67	68	69	70	77	78	79	81	84	88	89	90	99	101	169	#
224	1754.9	13	24	25	26	34	35	36	37	48	77	78	86	88	89	90	91	92	100	101	102	103	107	111	112	113	169	#
225	1741.94	66	67	68	69	70	77	78	79	80	81	88	89	90	91	92	93	99	101	102	103	104	105	110	114	115	169	#
226	1040.38	3	4	11	13	14	22	23	24	25	26	33	35	36	37	48	49	58	59	70	170	#
227	1248.25	2	3	4	12	13	14	15	16	23	24	25	26	36	37	48	59	60	65	76	170	#
228	1216.75	3	4	14	15	24	25	26	36	37	39	48	49	50	51	59	60	70	71	81	170	#
229	1195.36	12	13	24	25	26	35	36	37	39	48	49	50	58	59	60	61	71	82	93	170	#
230	1195.26	26	35	36	37	39	48	49	50	58	59	60	61	70	71	72	82	92	93	103	170	#
231	1139.86	0	1	2	11	12	13	14	15	22	23	24	25	34	36	49	50	59	60	61	170	#
232	115.211	22	33	171	#
233	128.829	22	23	171	#
234	538.533	2	3	4	13	14	15	23	24	25	26	172	#
235	720.507	22	23	24	33	34	44	45	46	55	56	172	#
236	640.066	2	3	13	14	19	23	24	25	34	45	172	#
237	569.248	13	14	22	23	24	25	34	35	45	56	172	#
238	565.469	2	3	13	14	15	22	23	24	25	26	172	#
239	527.52	2	3	13	14	15	23	24	25	34	35	172	#
240	936.782	4	5	6	7	8	15	16	17	18	19	27	29	30	38	40	51	62	63	73	74	84	173	#
241	1311.21	31	32	40	42	43	49	50	51	53	54	61	62	63	64	65	73	75	84	110	111	117	173	#
242	1275.88	2	3	4	5	6	7	8	12	13	14	15	16	23	24	25	26	27	33	34	35	38	173	#
243	1269.33	5	6	7	8	9	10	18	19	20	21	29	30	31	32	43	75	86	87	98	108	109	173	#
244	1267.23	7	8	10	18	19	20	28	29	30	31	40	41	51	62	63	64	85	86	104	106	115	173	#
245	1263.55	21	43	50	51	53	54	61	62	63	64	65	73	74	75	84	85	112	113	114	115	116	173	#
246	155.831	0	1	5	174	#
247	226.06	3	4	5	174	#
248	211.724	0	1	12	174	#
249	161.077	0	1	11	174	#
250	138.999	62	63	175	#
251	140.28	45	63	175	#
252	88.9453	62	73	175	#
253	946.146	3	14	15	16	27	28	37	38	48	49	50	60	82	83	84	93	94	95	120	176	#
254	1257.73	0	1	11	12	13	14	22	23	34	59	60	70	71	81	82	93	94	95	96	176	#
255	1206.14	2	3	13	14	15	22	23	24	25	26	34	35	45	46	47	56	58	66	67	176	#
256	1169.02	49	60	68	71	72	79	80	82	83	89	93	94	95	96	104	105	114	115	116	176	#
257	1152.2	0	1	6	11	17	22	38	39	49	54	60	65	76	77	87	88	98	117	118	176	#
258	1106.96	0	2	3	11	13	14	15	16	22	23	24	25	27	28	34	38	39	49	60	176	#
259	251.215	66	67	68	78	177	#
260	254.808	57	66	67	78	177	#
261	224.83	55	56	67	78	177	#
262	208.472	67	78	79	89	177	#
263	203.152	68	69	78	79	177	#
264	220.616	0	93	178	#
265	197.278	93	94	178	#
266	106.836	0	11	178	#
267	912.758	8	9	16	17	18	26	27	29	36	37	38	39	47	49	50	57	58	59	60	70	81	179	#
268	1314.95	33	44	46	47	55	56	57	58	59	66	67	68	69	70	78	79	80	81	82	91	92	179	#
269	1265.33	36	37	41	47	48	57	58	59	60	61	68	69	70	79	80	88	89	99	100	108	109	179	#
270	1219.44	34	38	39	44	45	47	55	56	57	58	66	67	68	69	78	79	80	88	89	90	99	179	#
271	1172.45	12	13	23	26	27	34	35	36	37	38	39	46	47	49	50	56	57	58	59	69	70	179	#
272	1155.89	2	3	4	5	6	7	8	13	15	16	17	18	19	27	29	30	31	34	41	42	45	179	#
273	228.319	0	11	12	22	180	#
274	218.776	0	1	6	12	180	#
275	202.721	0	1	11	12	180	#
276	175.971	11	22	23	34	180	#
277	146.009	60	61	181	#
278	168.959	60	71	181	#
279	773.587	46	57	59	67	68	69	70	78	79	80	90	182	#
280	845.251	57	59	67	68	69	70	78	89	90	91	92	182	#
281	806.461	48	58	59	60	61	66	67	68	69	70	78	182	#
282	762.681	45	46	47	56	57	58	59	66	67	68	69	182	#
283	762.583	45	46	57	64	66	67	68	69	70	77	78	182	#
284	702.129	36	46	47	57	66	67	68	69	78	79	89	182	#
285	75.2713	32	#
286	635.819	94	95	96	105	106	107	116	118	183	#
287	697.898	7	8	95	96	105	106	107	118	183	#
288	621.322	93	94	95	96	104	105	106	107	183	#
289	580.101	82	93	94	95	96	104	105	106	183	#
290	577.217	82	93	94	95	96	106	107	117	183	#
291	531.546	93	94	95	104	105	106	116	117	183	#
292	377.548	46	47	57	66	67	184	#
293	409.115	46	57	58	66	67	184	#
294	382.354	46	57	66	67	68	184	#
295	314.958	44	45	46	55	57	184	#
296	255.625	35	46	47	57	58	184	#
297	1045.96	44	45	46	55	56	66	67	68	69	78	79	80	81	90	91	92	185	#
298	1171.08	59	70	78	79	81	90	91	92	94	96	101	103	104	114	115	116	185	#
299	1110.52	12	25	35	36	44	45	46	47	56	66	67	68	69	78	79	90	185	#
300	1092.12	71	72	80	81	82	83	90	91	92	94	95	101	102	103	113	114	185	#
301	1084.42	46	47	55	56	57	66	67	68	78	79	90	91	92	93	103	104	185	#
302	1079.29	69	80	90	91	92	97	99	101	102	103	110	111	112	113	114	115	185	#
303	8.67091	57	#
304	1144.14	34	44	45	77	88	89	99	100	101	102	103	110	111	112	113	114	186	#
305	1271.94	22	71	82	83	94	101	102	103	104	111	112	113	114	115	116	117	186	#
306	1269.61	80	83	91	93	94	99	100	101	102	103	104	113	114	115	116	117	186	#
307	1135.15	66	67	77	78	88	89	91	99	100	101	102	103	110	111	112	113	186	#
308	1132.72	66	77	78	88	89	90	91	99	100	101	102	103	110	111	112	113	186	#
309	1096.79	77	80	88	89	90	91	92	99	100	101	102	103	110	111	112	113	186	#
310	315.138	2	3	12	13	22	23	187	#
311	412.949	11	12	22	23	24	34	187	#
312	391.328	0	11	12	13	22	23	187	#
313	373.871	1	12	13	23	24	35	187	#
314	338.566	2	12	13	23	24	35	187	#
315	229.034	2	3	15	16	17	18	187	#
316	834.024	2	3	4	5	6	13	14	15	16	17	24	25	26	28	39	50	188	#
317	1143.81	2	3	4	13	14	15	16	17	24	25	26	27	34	35	90	91	188	#
318	1080.36	3	4	14	24	25	26	33	34	35	36	37	44	46	47	55	58	188	#
319	1071.06	3	4	13	14	22	24	25	26	33	34	36	44	45	46	47	58	188	#
320	967.366	2	3	4	12	13	14	15	16	24	25	26	27	35	36	46	47	188	#
321	921.635	2	3	4	12	13	14	15	16	24	25	34	35	36	37	46	47	188	#
322	507.965	95	104	105	106	107	108	117	118	119	120	189	#
323	672.285	9	10	19	20	94	95	104	105	115	116	189	#
324	643.404	85	93	94	95	96	104	105	106	114	115	189	#
325	603.886	82	92	93	95	103	104	105	106	117	118	189	#
326	568.15	93	94	95	96	105	106	107	116	117	118	189	#
327	545.489	53	64	95	105	106	108	117	118	119	120	189	#
328	430.507	51	52	63	64	73	74	85	88	89	96	190	#
329	617.919	31	32	41	42	43	51	52	53	63	64	190	#
330	610.008	8	66	76	77	78	79	88	89	90	105	190	#
331	591.364	41	52	63	64	70	74	85	86	88	89	190	#
332	566.415	83	85	94	95	96	104	105	107	116	117	190	#
333	560.998	53	63	64	65	75	76	84	85	86	97	190	#
334	1508.71	7	9	10	16	17	18	19	20	21	28	29	30	31	32	39	40	41	42	43	51	52	53	54	62	63	64	73	74	85	97	108	109	191	#
335	2188.19	9	20	23	24	30	31	35	39	42	43	49	50	52	53	54	60	61	62	63	64	65	72	74	75	76	85	86	87	96	97	98	108	191	#
336	2130.68	60	61	63	71	72	73	74	75	76	83	84	85	86	87	92	93	94	95	96	97	98	103	104	105	107	108	109	114	115	116	119	120	191	#
337	2099.62	11	12	19	22	23	24	25	26	30	31	32	35	39	40	41	42	43	50	51	52	53	54	61	62	65	72	74	75	76	85	86	121	191	#
338	2053.89	8	17	19	20	27	28	30	32	37	38	39	40	41	42	43	48	49	50	51	52	59	60	61	62	63	64	71	72	75	76	86	87	191	#
339	2053	7	37	38	41	42	43	48	50	51	52	54	61	62	63	64	65	72	73	74	75	76	84	85	86	87	96	97	98	107	108	109	120	191	#
340	303.584	101	102	113	192	#
341	326.595	91	102	113	192	#
342	199.019	102	113	114	192	#
343	169.022	20	30	31	193	#
344	197.09	9	20	31	193	#
345	159.815	9	20	21	193	#
346	145.34	30	41	72	193	#
347	1059.9	64	75	76	85	86	87	95	97	106	107	108	109	117	118	119	120	194	#
348	1317.79	71	75	82	83	84	85	86	93	94	95	96	104	105	106	115	116	194	#
349	1286.88	25	26	71	83	93	94	95	104	105	106	112	113	114	115	116	117	194	#
350	1177.96	82	93	95	97	104	105	106	107	108	109	115	116	117	118	119	120	194	#
351	1144.92	31	41	42	43	50	52	61	62	63	64	75	76	86	87	97	108	194	#
352	1100.61	75	83	84	86	94	95	97	105	106	107	108	109	117	118	119	120	194	#
353	101.393	98	109	119	120	195	#
354	116.679	107	118	119	120	195	#
355	109.197	108	109	119	120	195	#
356	96.5003	109	118	119	120	195	#
357	871.304	23	33	34	37	44	45	46	47	48	57	58	59	60	196	#
358	991.167	19	37	38	46	57	58	59	60	69	71	72	82	93	196	#
359	941.86	12	22	23	33	34	44	45	46	55	100	101	102	103	196	#
360	931.988	22	24	25	33	34	35	44	45	46	56	57	58	71	196	#
361	883.582	37	44	45	46	48	49	50	56	57	58	59	60	69	196	#
362	868.067	14	25	26	37	38	47	48	58	59	60	69	71	72	196	#
363	346.918	105	116	117	118	197	#
364	376.351	105	106	116	117	197	#
365	322.776	93	104	105	116	197	#
366	298.79	106	116	117	118	197	#
367	471.994	11	12	22	23	34	65	198	#
368	533.328	11	12	23	82	83	93	198	#
369	502.686	11	12	13	23	105	106	198	#
370	477.268	11	12	22	23	24	35	198	#
371	379.976	11	12	13	14	22	23	198	#
372	331.609	13	23	34	35	45	55	198	#
373	128.999	30	40	41	51	52	199	#
374	158.493	30	41	42	52	63	199	#
375	134.071	39	40	41	42	52	199	#
376	120.15	9	41	51	52	62	199	#
377	4298.46	3	4	5	6	7	8	9	10	12	13	14	15	16	17	18	19	20	21	26	27	28	29	30	31	32	37	38	39	40	41	42	43	47	48	49	52	53	54	55	56	57	58	59	60	61	62	63	67	69	70	73	77	78	79	80	82	83	89	90	91	92	93	94	95	99	100	101	102	103	104	105	110	111	112	113	200	#
378	4390.65	2	3	4	5	6	7	8	9	10	12	13	14	15	16	17	18	19	20	21	22	23	25	28	29	30	31	32	40	42	43	47	53	54	60	63	64	65	71	72	73	75	77	78	79	80	82	83	84	85	86	87	88	89	90	91	92	93	94	95	96	98	99	100	101	102	103	104	105	107	110	111	112	113	117	118	200	#
379	4370.76	6	7	8	10	19	20	21	28	29	30	31	32	36	38	40	41	42	43	46	47	48	49	50	52	53	56	58	59	60	62	63	64	66	67	69	70	71	72	73	75	77	78	79	80	81	82	83	84	85	86	88	89	90	91	92	93	94	95	96	99	100	101	102	103	104	105	106	107	110	111	112	113	114	115	117	200	#
380	4290.52	0	2	3	4	5	6	7	8	11	12	13	14	15	17	22	23	24	25	26	28	33	34	35	36	37	38	44	45	46	47	48	49	50	55	56	57	58	59	60	66	67	69	70	71	72	77	78	79	80	81	82	83	84	85	88	89	90	91	92	93	94	95	96	99	100	101	102	103	104	105	110	111	112	113	115	200	#
381	4287.73	6	7	8	16	17	18	27	28	32	33	34	35	37	42	43	45	46	47	48	52	53	54	56	57	58	59	60	61	62	63	64	65	67	69	70	71	73	74	75	76	77	78	79	80	81	82	83	84	85	86	87	88	89	90	91	92	93	94	95	96	99	100	101	102	103	104	105	107	110	111	112	113	114	115	127	200	#
382	4273.29	2	3	4	5	6	7	8	9	10	14	15	16	17	18	19	20	21	25	27	28	29	30	31	32	38	39	40	41	42	43	48	52	53	54	59	60	62	63	64	65	71	72	73	74	75	76	80	82	83	84	85	86	89	90	91	92	93	94	95	96	99	100	101	104	105	107	108	110	111	112	113	114	117	118	119	200	#
383	897.94	59	70	72	83	85	94	95	96	106	201	#
384	857.047	71	83	92	93	94	95	96	105	106	201	#
385	714.526	71	81	82	83	93	94	95	104	106	201	#
386	698.874	71	72	73	83	84	85	95	96	106	201	#
387	689.343	93	94	95	96	106	107	108	117	119	201	#
388	640.392	85	93	94	95	96	107	108	119	120	201	#
389	137.415	114	115	202	#
390	168.91	104	115	202	#
391	150.591	103	114	202	#
392	942.274	47	57	58	67	68	78	79	80	88	89	90	91	92	99	110	203	#
393	1017.65	66	67	70	77	78	79	80	81	88	89	90	92	93	99	124	203	#
394	1015.56	35	46	55	56	57	58	66	67	78	88	89	90	91	99	110	203	#
395	1012.38	33	44	45	55	56	57	67	78	79	80	89	90	91	99	110	203	#
396	989.366	55	56	57	66	67	68	78	79	80	88	89	90	91	99	102	203	#
397	932.864	45	56	57	66	67	68	78	79	89	99	101	110	111	112	113	203	#
398	85.7134	57	67	204	#
399	108.712	66	67	204	#
400	437.095	16	27	28	29	33	34	39	40	50	51	205	#
401	589.736	13	33	34	44	45	46	47	55	56	57	205	#
402	539.9	33	34	35	36	44	45	46	55	56	67	205	#
403	535.641	16	17	23	28	34	39	40	45	55	56	205	#
404	486.534	4	14	15	16	25	27	28	38	39	49	205	#
405	481.769	18	19	29	30	38	39	49	50	61	72	205	#
406	379.502	4	5	93	94	95	104	206	#
407	471.663	71	83	93	94	104	105	206	#
408	446.379	71	83	94	95	104	105	206	#
409	416.205	92	93	94	102	104	113	206	#
410	298.245	2	3	4	13	14	15	206	#
411	273.626	2	3	4	5	6	14	206	#
412	454.346	28	39	40	69	70	80	81	91	92	207	#
413	661.599	70	80	81	82	83	91	92	93	104	207	#
414	610.287	47	48	58	59	68	69	80	91	92	207	#
415	606	13	14	48	49	50	59	69	70	80	207	#
416	500.922	8	9	58	59	68	69	70	80	81	207	#
417	470.362	69	70	79	80	91	92	101	102	103	207	#
418	126.349	14	15	208	#
419	101.106	15	16	208	#
420	185.061	26	36	37	209	#
421	204.757	14	25	26	209	#
422	193.074	26	37	43	209	#
423	166.471	24	35	36	209	#
424	819.61	27	37	38	48	78	79	80	81	82	90	91	93	104	210	#
425	1161.15	82	83	92	93	95	96	104	105	106	107	114	115	116	210	#
426	1054.06	26	37	46	48	56	57	58	59	66	67	69	77	78	210	#
427	1042.22	25	58	59	61	69	70	72	80	81	82	83	92	93	210	#
428	1000.31	48	57	58	59	60	61	70	72	80	81	82	92	93	210	#
429	965.596	34	45	56	80	81	92	93	103	104	105	114	115	116	210	#
430	76.5018	120	#
431	756.177	7	8	10	19	20	21	30	31	32	43	211	#
432	893.87	6	7	8	9	17	19	20	32	43	54	211	#
433	737.772	8	9	10	19	20	21	30	32	41	43	211	#
434	721.548	6	7	8	9	17	18	19	20	21	30	211	#
435	631.282	8	9	10	18	19	20	21	29	32	43	211	#
436	617.846	19	20	21	30	32	39	40	41	52	63	211	#
437	127.699	94	104	212	#
438	166.073	93	104	212	#
439	195.992	107	108	119	213	#
440	200.823	107	108	109	213	#
441	229.962	49	60	71	214	#
442	302.911	60	71	83	214	#
443	219.299	49	60	76	214	#
444	247.715	25	26	37	215	#
445	348.252	24	25	26	215	#
446	265.345	26	37	48	215	#
447	1487.66	46	47	56	57	58	60	66	67	68	77	79	80	88	89	90	99	100	101	102	103	110	111	112	113	114	216	#
448	1735.15	11	22	23	24	25	26	33	34	37	44	45	46	55	56	57	89	90	91	99	100	101	102	103	111	113	216	#
449	1726.39	46	55	56	57	66	67	68	73	74	75	77	78	88	89	90	91	99	100	101	102	103	110	111	112	113	216	#
450	1667.75	40	50	51	60	61	66	67	71	72	77	78	81	82	83	88	89	94	97	99	100	101	102	110	111	121	216	#
451	1663.42	10	16	17	18	19	20	21	27	32	38	43	53	54	64	79	88	89	90	98	99	100	101	102	111	113	216	#
452	1651.77	8	18	46	47	55	56	57	66	67	68	77	78	79	80	88	90	91	100	101	102	103	110	111	112	113	216	#
453	325.345	0	1	11	12	13	22	23	217	#
454	458.43	0	1	12	13	22	23	24	217	#
455	448.139	0	1	11	105	116	117	118	217	#
456	402.749	2	12	13	22	23	24	71	217	#
457	387.295	1	11	12	13	23	24	49	217	#
458	378.972	1	12	13	14	22	23	24	217	#
459	797.046	0	1	2	3	4	5	12	13	14	15	25	36	37	48	218	#
460	944.386	12	13	14	25	26	27	36	37	38	39	48	49	60	107	218	#
461	933.194	2	3	12	13	14	25	26	34	37	38	45	49	56	57	218	#
462	928.039	0	1	2	3	11	12	13	14	15	20	21	25	26	31	218	#
463	809.085	2	3	4	13	14	15	69	80	91	92	93	102	103	110	218	#
464	782.024	0	1	2	11	12	13	14	22	23	25	33	34	45	56	218	#
465	254.967	88	99	100	101	219	#
466	348.946	77	88	99	110	219	#
467	232.21	100	101	111	112	219	#
468	178.621	31	41	42	100	219	#
469	55.7193	49	#
470	112.614	121	#
471	2012.8	8	9	10	45	46	47	48	55	56	57	58	59	66	67	68	69	70	77	78	79	80	81	88	89	90	91	92	99	100	101	110	111	220	#
472	2291.23	48	55	56	57	59	66	67	68	69	70	77	78	79	80	81	83	88	89	90	91	92	93	94	95	100	101	102	103	104	105	112	115	220	#
473	2237.89	56	57	58	66	67	68	69	70	77	78	79	80	81	83	88	89	90	91	92	99	100	101	102	103	105	110	111	112	113	114	115	116	220	#
474	2222.14	44	47	55	56	57	58	66	67	69	77	78	79	80	81	86	88	89	90	91	92	93	94	99	100	101	103	104	105	110	111	112	113	220	#
475	2210.74	46	47	56	57	66	67	68	69	70	71	72	77	78	79	80	81	88	89	90	91	92	93	94	99	100	101	102	103	110	111	112	113	220	#
476	2169.78	47	56	57	58	66	67	68	69	70	71	72	77	78	79	80	81	83	88	89	90	91	92	93	94	99	101	102	103	110	112	113	114	220	#
477	342.876	80	90	91	92	102	103	114	221	#
478	484.047	89	90	100	101	102	103	114	221	#
479	461.408	75	78	79	89	90	91	100	221	#
480	411.621	100	101	102	103	110	111	112	221	#
481	382.473	78	79	80	90	91	92	103	221	#
482	350.984	89	90	91	92	99	103	114	221	#
483	509.734	2	12	13	23	34	35	45	46	222	#
484	577.533	2	3	12	13	66	67	77	89	222	#
485	574.786	2	3	12	13	23	24	34	45	222	#
486	571.409	12	13	23	24	25	34	35	46	222	#
487	545.121	2	3	13	19	23	24	34	45	222	#
488	530.247	2	3	6	12	13	23	34	45	222	#
489	186.061	90	101	102	223	#
490	261.141	101	102	103	223	#
491	215.717	80	90	91	223	#
492	127.208	27	29	30	38	39	40	50	51	224	#
493	179.234	39	40	50	51	61	62	63	73	224	#
494	271.898	16	27	37	38	39	225	#
495	314.988	4	15	16	17	27	225	#
496	293.814	27	37	38	49	56	225	#
497	242.042	38	39	40	48	49	225	#
498	233.077	38	39	49	50	60	225	#
499	214.601	35	36	37	46	57	225	#
