%% File generated by CATS v.2.1Thu May  9 13:09:10 2024

%% The CATS webpage is http://robotics.stanford.edu/CATS

%% PARAMETER SETTINGS:
% Goods: 128; Bids: 500; Distribution: scheduling; Runs: 1; Seed: 63
% Scheduling Distribution Parameters:
% max_length                = 10
% deviation                 = 0.500000
% prob_additional_deadline  = 0.700000
% additivity                = 0.200000



goods 128
bids 612
dummy 8

0	17.7261	0	1	2	3	4	5	6	7	8	9	128	#
1	17.7261	1	2	3	4	5	6	7	8	9	10	128	#
2	17.7261	2	3	4	5	6	7	8	9	10	11	128	#
3	17.7261	3	4	5	6	7	8	9	10	11	12	128	#
4	17.7261	4	5	6	7	8	9	10	11	12	13	128	#
5	1.03384	0	129	#
6	1.03384	1	129	#
7	1.03384	2	129	#
8	1.03384	3	129	#
9	1.03384	4	129	#
10	1.03384	5	129	#
11	1.03384	6	129	#
12	1.03384	7	129	#
13	22.7385	0	1	2	3	4	5	6	7	8	9	130	#
14	22.7385	1	2	3	4	5	6	7	8	9	10	130	#
15	22.7385	2	3	4	5	6	7	8	9	10	11	130	#
16	22.7385	3	4	5	6	7	8	9	10	11	12	130	#
17	22.7385	4	5	6	7	8	9	10	11	12	13	130	#
18	22.7385	5	6	7	8	9	10	11	12	13	14	130	#
19	22.7385	6	7	8	9	10	11	12	13	14	15	130	#
20	22.7385	7	8	9	10	11	12	13	14	15	16	130	#
21	22.7385	8	9	10	11	12	13	14	15	16	17	130	#
22	22.7385	9	10	11	12	13	14	15	16	17	18	130	#
23	22.7385	10	11	12	13	14	15	16	17	18	19	130	#
24	22.7385	11	12	13	14	15	16	17	18	19	20	130	#
25	22.7385	12	13	14	15	16	17	18	19	20	21	130	#
26	22.7385	13	14	15	16	17	18	19	20	21	22	130	#
27	22.7385	14	15	16	17	18	19	20	21	22	23	130	#
28	22.7385	15	16	17	18	19	20	21	22	23	24	130	#
29	22.7385	16	17	18	19	20	21	22	23	24	25	130	#
30	22.7385	17	18	19	20	21	22	23	24	25	26	130	#
31	22.7385	18	19	20	21	22	23	24	25	26	27	130	#
32	22.7385	19	20	21	22	23	24	25	26	27	28	130	#
33	22.7385	20	21	22	23	24	25	26	27	28	29	130	#
34	22.7385	21	22	23	24	25	26	27	28	29	30	130	#
35	22.7385	22	23	24	25	26	27	28	29	30	31	130	#
36	22.7385	23	24	25	26	27	28	29	30	31	32	130	#
37	22.7385	24	25	26	27	28	29	30	31	32	33	130	#
38	22.7385	25	26	27	28	29	30	31	32	33	34	130	#
39	22.7385	26	27	28	29	30	31	32	33	34	35	130	#
40	22.7385	27	28	29	30	31	32	33	34	35	36	130	#
41	22.7385	28	29	30	31	32	33	34	35	36	37	130	#
42	22.7385	29	30	31	32	33	34	35	36	37	38	130	#
43	22.7385	30	31	32	33	34	35	36	37	38	39	130	#
44	22.7385	31	32	33	34	35	36	37	38	39	40	130	#
45	22.7385	32	33	34	35	36	37	38	39	40	41	130	#
46	22.7385	33	34	35	36	37	38	39	40	41	42	130	#
47	22.7385	34	35	36	37	38	39	40	41	42	43	130	#
48	22.7385	35	36	37	38	39	40	41	42	43	44	130	#
49	22.7385	36	37	38	39	40	41	42	43	44	45	130	#
50	22.7385	37	38	39	40	41	42	43	44	45	46	130	#
51	22.7385	38	39	40	41	42	43	44	45	46	47	130	#
52	22.7385	39	40	41	42	43	44	45	46	47	48	130	#
53	22.7385	40	41	42	43	44	45	46	47	48	49	130	#
54	22.7385	41	42	43	44	45	46	47	48	49	50	130	#
55	22.7385	42	43	44	45	46	47	48	49	50	51	130	#
56	22.7385	43	44	45	46	47	48	49	50	51	52	130	#
57	22.7385	44	45	46	47	48	49	50	51	52	53	130	#
58	22.7385	45	46	47	48	49	50	51	52	53	54	130	#
59	22.7385	46	47	48	49	50	51	52	53	54	55	130	#
60	22.7385	47	48	49	50	51	52	53	54	55	56	130	#
61	22.7385	48	49	50	51	52	53	54	55	56	57	130	#
62	22.7385	49	50	51	52	53	54	55	56	57	58	130	#
63	22.7385	50	51	52	53	54	55	56	57	58	59	130	#
64	22.7385	51	52	53	54	55	56	57	58	59	60	130	#
65	22.7385	52	53	54	55	56	57	58	59	60	61	130	#
66	22.7385	53	54	55	56	57	58	59	60	61	62	130	#
67	15.3237	54	55	56	57	58	59	60	61	62	63	130	#
68	15.3237	55	56	57	58	59	60	61	62	63	64	130	#
69	15.3237	56	57	58	59	60	61	62	63	64	65	130	#
70	15.3237	57	58	59	60	61	62	63	64	65	66	130	#
71	15.3237	58	59	60	61	62	63	64	65	66	67	130	#
72	15.3237	59	60	61	62	63	64	65	66	67	68	130	#
73	15.3237	60	61	62	63	64	65	66	67	68	69	130	#
74	15.3237	61	62	63	64	65	66	67	68	69	70	130	#
75	15.3237	62	63	64	65	66	67	68	69	70	71	130	#
76	15.3237	63	64	65	66	67	68	69	70	71	72	130	#
77	15.3237	64	65	66	67	68	69	70	71	72	73	130	#
78	15.3237	65	66	67	68	69	70	71	72	73	74	130	#
79	15.3237	66	67	68	69	70	71	72	73	74	75	130	#
80	15.3237	67	68	69	70	71	72	73	74	75	76	130	#
81	15.3237	68	69	70	71	72	73	74	75	76	77	130	#
82	15.3237	69	70	71	72	73	74	75	76	77	78	130	#
83	15.3237	70	71	72	73	74	75	76	77	78	79	130	#
84	15.3237	71	72	73	74	75	76	77	78	79	80	130	#
85	15.3237	72	73	74	75	76	77	78	79	80	81	130	#
86	15.3237	73	74	75	76	77	78	79	80	81	82	130	#
87	15.3237	74	75	76	77	78	79	80	81	82	83	130	#
88	15.3237	75	76	77	78	79	80	81	82	83	84	130	#
89	15.3237	76	77	78	79	80	81	82	83	84	85	130	#
90	15.3237	77	78	79	80	81	82	83	84	85	86	130	#
91	15.3237	78	79	80	81	82	83	84	85	86	87	130	#
92	15.3237	79	80	81	82	83	84	85	86	87	88	130	#
93	15.3237	80	81	82	83	84	85	86	87	88	89	130	#
94	15.3237	81	82	83	84	85	86	87	88	89	90	130	#
95	15.3237	82	83	84	85	86	87	88	89	90	91	130	#
96	15.3237	83	84	85	86	87	88	89	90	91	92	130	#
97	13.1756	84	85	86	87	88	89	90	91	92	93	130	#
98	13.1756	85	86	87	88	89	90	91	92	93	94	130	#
99	13.1756	86	87	88	89	90	91	92	93	94	95	130	#
100	13.1756	87	88	89	90	91	92	93	94	95	96	130	#
101	13.1756	88	89	90	91	92	93	94	95	96	97	130	#
102	13.1756	89	90	91	92	93	94	95	96	97	98	130	#
103	13.1756	90	91	92	93	94	95	96	97	98	99	130	#
104	13.1756	91	92	93	94	95	96	97	98	99	100	130	#
105	13.1756	92	93	94	95	96	97	98	99	100	101	130	#
106	13.1756	93	94	95	96	97	98	99	100	101	102	130	#
107	13.1756	94	95	96	97	98	99	100	101	102	103	130	#
108	13.1756	95	96	97	98	99	100	101	102	103	104	130	#
109	13.1756	96	97	98	99	100	101	102	103	104	105	130	#
110	13.1756	97	98	99	100	101	102	103	104	105	106	130	#
111	13.1756	98	99	100	101	102	103	104	105	106	107	130	#
112	13.0536	99	100	101	102	103	104	105	106	107	108	130	#
113	3.20543	0	1	131	#
114	3.20543	1	2	131	#
115	3.20543	2	3	131	#
116	3.20543	3	4	131	#
117	3.20543	4	5	131	#
118	3.20543	5	6	131	#
119	3.20543	6	7	131	#
120	3.20543	7	8	131	#
121	3.20543	8	9	131	#
122	3.20543	9	10	131	#
123	3.20543	10	11	131	#
124	3.20543	11	12	131	#
125	3.20543	12	13	131	#
126	3.20543	13	14	131	#
127	3.20543	14	15	131	#
128	3.20543	15	16	131	#
129	3.20543	16	17	131	#
130	3.20543	17	18	131	#
131	3.20543	18	19	131	#
132	3.20543	19	20	131	#
133	3.20543	20	21	131	#
134	3.20543	21	22	131	#
135	3.20543	22	23	131	#
136	3.20543	23	24	131	#
137	3.20543	24	25	131	#
138	3.20543	25	26	131	#
139	3.20543	26	27	131	#
140	3.20543	27	28	131	#
141	3.20543	28	29	131	#
142	3.20543	29	30	131	#
143	3.20543	30	31	131	#
144	3.20543	31	32	131	#
145	3.20543	32	33	131	#
146	3.20543	33	34	131	#
147	3.20543	34	35	131	#
148	3.20543	35	36	131	#
149	3.20543	36	37	131	#
150	3.20543	37	38	131	#
151	3.20543	38	39	131	#
152	3.20543	39	40	131	#
153	3.20543	40	41	131	#
154	3.20543	41	42	131	#
155	3.20543	42	43	131	#
156	3.20543	43	44	131	#
157	3.20543	44	45	131	#
158	3.20543	45	46	131	#
159	4.37597	0	1	2	132	#
160	4.37597	1	2	3	132	#
161	4.37597	2	3	4	132	#
162	4.37597	3	4	5	132	#
163	4.37597	4	5	6	132	#
164	4.37597	5	6	7	132	#
165	4.37597	6	7	8	132	#
166	4.37597	7	8	9	132	#
167	4.37597	8	9	10	132	#
168	4.37597	9	10	11	132	#
169	4.37597	10	11	12	132	#
170	4.37597	11	12	13	132	#
171	4.37597	12	13	14	132	#
172	4.37597	13	14	15	132	#
173	4.37597	14	15	16	132	#
174	4.37597	15	16	17	132	#
175	4.37597	16	17	18	132	#
176	4.37597	17	18	19	132	#
177	4.37597	18	19	20	132	#
178	4.37597	19	20	21	132	#
179	4.37597	20	21	22	132	#
180	4.37597	21	22	23	132	#
181	4.37597	22	23	24	132	#
182	4.37597	23	24	25	132	#
183	4.37597	24	25	26	132	#
184	4.37597	25	26	27	132	#
185	4.37597	26	27	28	132	#
186	4.37597	27	28	29	132	#
187	4.37597	28	29	30	132	#
188	4.37597	29	30	31	132	#
189	4.37597	30	31	32	132	#
190	4.37597	31	32	33	132	#
191	4.37597	32	33	34	132	#
192	4.37597	33	34	35	132	#
193	4.37597	34	35	36	132	#
194	4.37597	35	36	37	132	#
195	4.37597	36	37	38	132	#
196	4.37597	37	38	39	132	#
197	4.37597	38	39	40	132	#
198	4.37597	39	40	41	132	#
199	4.37597	40	41	42	132	#
200	4.37597	41	42	43	132	#
201	4.37597	42	43	44	132	#
202	4.37597	43	44	45	132	#
203	4.37597	44	45	46	132	#
204	4.37597	45	46	47	132	#
205	4.37597	46	47	48	132	#
206	4.37597	47	48	49	132	#
207	4.37597	48	49	50	132	#
208	4.37597	49	50	51	132	#
209	4.37597	50	51	52	132	#
210	4.37597	51	52	53	132	#
211	4.37597	52	53	54	132	#
212	4.37597	53	54	55	132	#
213	4.37597	54	55	56	132	#
214	4.37597	55	56	57	132	#
215	4.37597	56	57	58	132	#
216	4.37597	57	58	59	132	#
217	4.37597	58	59	60	132	#
218	4.37597	59	60	61	132	#
219	4.37597	60	61	62	132	#
220	4.37597	61	62	63	132	#
221	4.37597	62	63	64	132	#
222	4.37597	63	64	65	132	#
223	4.37597	64	65	66	132	#
224	4.37597	65	66	67	132	#
225	4.37597	66	67	68	132	#
226	4.37597	67	68	69	132	#
227	4.37597	68	69	70	132	#
228	4.37597	69	70	71	132	#
229	4.37597	70	71	72	132	#
230	4.37597	71	72	73	132	#
231	4.37597	72	73	74	132	#
232	4.37597	73	74	75	132	#
233	4.37597	74	75	76	132	#
234	4.37597	75	76	77	132	#
235	4.37597	76	77	78	132	#
236	4.37597	77	78	79	132	#
237	4.37597	78	79	80	132	#
238	4.37597	79	80	81	132	#
239	4.37597	80	81	82	132	#
240	4.37597	81	82	83	132	#
241	4.37597	82	83	84	132	#
242	4.37597	83	84	85	132	#
243	4.37597	84	85	86	132	#
244	3.76333	85	86	87	132	#
245	3.76333	86	87	88	132	#
246	3.76333	87	88	89	132	#
247	3.76333	88	89	90	132	#
248	3.76333	89	90	91	132	#
249	3.76333	90	91	92	132	#
250	3.76333	91	92	93	132	#
251	3.76333	92	93	94	132	#
252	3.76333	93	94	95	132	#
253	3.76333	94	95	96	132	#
254	3.76333	95	96	97	132	#
255	3.76333	96	97	98	132	#
256	3.76333	97	98	99	132	#
257	3.76333	98	99	100	132	#
258	3.68954	99	100	101	132	#
259	3.68954	100	101	102	132	#
260	4.66045	0	1	2	133	#
261	4.66045	1	2	3	133	#
262	4.66045	2	3	4	133	#
263	4.66045	3	4	5	133	#
264	4.66045	4	5	6	133	#
265	4.66045	5	6	7	133	#
266	4.66045	6	7	8	133	#
267	4.66045	7	8	9	133	#
268	4.66045	8	9	10	133	#
269	4.66045	9	10	11	133	#
270	4.66045	10	11	12	133	#
271	4.66045	11	12	13	133	#
272	4.66045	12	13	14	133	#
273	4.66045	13	14	15	133	#
274	4.66045	14	15	16	133	#
275	4.66045	15	16	17	133	#
276	4.66045	16	17	18	133	#
277	4.66045	17	18	19	133	#
278	4.66045	18	19	20	133	#
279	4.66045	19	20	21	133	#
280	4.66045	20	21	22	133	#
281	4.66045	21	22	23	133	#
282	4.66045	22	23	24	133	#
283	4.66045	23	24	25	133	#
284	4.66045	24	25	26	133	#
285	4.66045	25	26	27	133	#
286	4.66045	26	27	28	133	#
287	4.66045	27	28	29	133	#
288	4.66045	28	29	30	133	#
289	4.66045	29	30	31	133	#
290	4.66045	30	31	32	133	#
291	4.66045	31	32	33	133	#
292	4.66045	32	33	34	133	#
293	4.66045	33	34	35	133	#
294	4.66045	34	35	36	133	#
295	4.66045	35	36	37	133	#
296	4.66045	36	37	38	133	#
297	4.66045	37	38	39	133	#
298	4.66045	38	39	40	133	#
299	4.66045	39	40	41	133	#
300	4.66045	40	41	42	133	#
301	4.66045	41	42	43	133	#
302	4.66045	42	43	44	133	#
303	4.66045	43	44	45	133	#
304	4.66045	44	45	46	133	#
305	4.66045	45	46	47	133	#
306	4.66045	46	47	48	133	#
307	4.66045	47	48	49	133	#
308	4.66045	48	49	50	133	#
309	4.66045	49	50	51	133	#
310	4.66045	50	51	52	133	#
311	4.66045	51	52	53	133	#
312	4.66045	52	53	54	133	#
313	4.66045	53	54	55	133	#
314	4.66045	54	55	56	133	#
315	4.66045	55	56	57	133	#
316	4.66045	56	57	58	133	#
317	4.66045	57	58	59	133	#
318	4.66045	58	59	60	133	#
319	4.66045	59	60	61	133	#
320	4.66045	60	61	62	133	#
321	4.66045	61	62	63	133	#
322	4.66045	62	63	64	133	#
323	4.66045	63	64	65	133	#
324	4.66045	64	65	66	133	#
325	4.66045	65	66	67	133	#
326	4.66045	66	67	68	133	#
327	4.66045	67	68	69	133	#
328	4.66045	68	69	70	133	#
329	4.66045	69	70	71	133	#
330	4.66045	70	71	72	133	#
331	4.66045	71	72	73	133	#
332	4.66045	72	73	74	133	#
333	4.66045	73	74	75	133	#
334	4.66045	74	75	76	133	#
335	4.66045	75	76	77	133	#
336	4.66045	76	77	78	133	#
337	4.66045	77	78	79	133	#
338	4.66045	78	79	80	133	#
339	4.66045	79	80	81	133	#
340	4.66045	80	81	82	133	#
341	4.66045	81	82	83	133	#
342	4.66045	82	83	84	133	#
343	4.66045	83	84	85	133	#
344	4.66045	84	85	86	133	#
345	4.66045	85	86	87	133	#
346	4.66045	86	87	88	133	#
347	4.66045	87	88	89	133	#
348	4.66045	88	89	90	133	#
349	4.66045	89	90	91	133	#
350	4.66045	90	91	92	133	#
351	4.66045	91	92	93	133	#
352	4.66045	92	93	94	133	#
353	4.66045	93	94	95	133	#
354	4.66045	94	95	96	133	#
355	4.66045	95	96	97	133	#
356	4.66045	96	97	98	133	#
357	4.66045	97	98	99	133	#
358	4.66045	98	99	100	133	#
359	4.66045	99	100	101	133	#
360	4.66045	100	101	102	133	#
361	4.66045	101	102	103	133	#
362	4.66045	102	103	104	133	#
363	4.66045	103	104	105	133	#
364	4.66045	104	105	106	133	#
365	4.66045	105	106	107	133	#
366	4.66045	106	107	108	133	#
367	4.66045	107	108	109	133	#
368	4.66045	108	109	110	133	#
369	4.66045	109	110	111	133	#
370	4.66045	110	111	112	133	#
371	4.66045	111	112	113	133	#
372	4.66045	112	113	114	133	#
373	4.66045	113	114	115	133	#
374	4.66045	114	115	116	133	#
375	4.66045	115	116	117	133	#
376	4.66045	116	117	118	133	#
377	4.66045	117	118	119	133	#
378	4.66045	118	119	120	133	#
379	4.66045	119	120	121	133	#
380	4.66045	120	121	122	133	#
381	4.66045	121	122	123	133	#
382	4.54949	122	123	124	133	#
383	4.54949	123	124	125	133	#
384	4.54949	124	125	126	133	#
385	4.51366	125	126	127	133	#
386	10.1336	0	1	2	3	4	5	6	7	8	9	134	#
387	10.1336	1	2	3	4	5	6	7	8	9	10	134	#
388	10.1336	2	3	4	5	6	7	8	9	10	11	134	#
389	10.1336	3	4	5	6	7	8	9	10	11	12	134	#
390	10.1336	4	5	6	7	8	9	10	11	12	13	134	#
391	10.1336	5	6	7	8	9	10	11	12	13	14	134	#
392	10.1336	6	7	8	9	10	11	12	13	14	15	134	#
393	10.1336	7	8	9	10	11	12	13	14	15	16	134	#
394	10.1336	8	9	10	11	12	13	14	15	16	17	134	#
395	10.1336	9	10	11	12	13	14	15	16	17	18	134	#
396	10.1336	10	11	12	13	14	15	16	17	18	19	134	#
397	10.1336	11	12	13	14	15	16	17	18	19	20	134	#
398	10.1336	12	13	14	15	16	17	18	19	20	21	134	#
399	10.1336	13	14	15	16	17	18	19	20	21	22	134	#
400	10.1336	14	15	16	17	18	19	20	21	22	23	134	#
401	10.1336	15	16	17	18	19	20	21	22	23	24	134	#
402	10.1336	16	17	18	19	20	21	22	23	24	25	134	#
403	10.1336	17	18	19	20	21	22	23	24	25	26	134	#
404	10.1336	18	19	20	21	22	23	24	25	26	27	134	#
405	10.1336	19	20	21	22	23	24	25	26	27	28	134	#
406	10.1336	20	21	22	23	24	25	26	27	28	29	134	#
407	10.1336	21	22	23	24	25	26	27	28	29	30	134	#
408	10.1336	22	23	24	25	26	27	28	29	30	31	134	#
409	10.1336	23	24	25	26	27	28	29	30	31	32	134	#
410	10.1336	24	25	26	27	28	29	30	31	32	33	134	#
411	10.1336	25	26	27	28	29	30	31	32	33	34	134	#
412	10.1336	26	27	28	29	30	31	32	33	34	35	134	#
413	10.1336	27	28	29	30	31	32	33	34	35	36	134	#
414	10.1336	28	29	30	31	32	33	34	35	36	37	134	#
415	10.1336	29	30	31	32	33	34	35	36	37	38	134	#
416	10.1336	30	31	32	33	34	35	36	37	38	39	134	#
417	10.1336	31	32	33	34	35	36	37	38	39	40	134	#
418	10.1336	32	33	34	35	36	37	38	39	40	41	134	#
419	10.1336	33	34	35	36	37	38	39	40	41	42	134	#
420	10.1336	34	35	36	37	38	39	40	41	42	43	134	#
421	10.1336	35	36	37	38	39	40	41	42	43	44	134	#
422	6.27995	36	37	38	39	40	41	42	43	44	45	134	#
423	6.27995	37	38	39	40	41	42	43	44	45	46	134	#
424	6.27995	38	39	40	41	42	43	44	45	46	47	134	#
425	6.27995	39	40	41	42	43	44	45	46	47	48	134	#
426	6.27995	40	41	42	43	44	45	46	47	48	49	134	#
427	6.27995	41	42	43	44	45	46	47	48	49	50	134	#
428	6.27995	42	43	44	45	46	47	48	49	50	51	134	#
429	6.27995	43	44	45	46	47	48	49	50	51	52	134	#
430	6.27995	44	45	46	47	48	49	50	51	52	53	134	#
431	6.27995	45	46	47	48	49	50	51	52	53	54	134	#
432	6.27995	46	47	48	49	50	51	52	53	54	55	134	#
433	6.27995	47	48	49	50	51	52	53	54	55	56	134	#
434	6.27995	48	49	50	51	52	53	54	55	56	57	134	#
435	6.27995	49	50	51	52	53	54	55	56	57	58	134	#
436	6.27995	50	51	52	53	54	55	56	57	58	59	134	#
437	6.27995	51	52	53	54	55	56	57	58	59	60	134	#
438	6.27995	52	53	54	55	56	57	58	59	60	61	134	#
439	6.27995	53	54	55	56	57	58	59	60	61	62	134	#
440	6.27995	54	55	56	57	58	59	60	61	62	63	134	#
441	6.27995	55	56	57	58	59	60	61	62	63	64	134	#
442	6.27995	56	57	58	59	60	61	62	63	64	65	134	#
443	6.27995	57	58	59	60	61	62	63	64	65	66	134	#
444	6.27995	58	59	60	61	62	63	64	65	66	67	134	#
445	6.27995	59	60	61	62	63	64	65	66	67	68	134	#
446	6.27995	60	61	62	63	64	65	66	67	68	69	134	#
447	6.27995	61	62	63	64	65	66	67	68	69	70	134	#
448	6.27995	62	63	64	65	66	67	68	69	70	71	134	#
449	5.43752	63	64	65	66	67	68	69	70	71	72	134	#
450	5.43752	64	65	66	67	68	69	70	71	72	73	134	#
451	5.43752	65	66	67	68	69	70	71	72	73	74	134	#
452	5.43752	66	67	68	69	70	71	72	73	74	75	134	#
453	5.43752	67	68	69	70	71	72	73	74	75	76	134	#
454	5.43752	68	69	70	71	72	73	74	75	76	77	134	#
455	5.43752	69	70	71	72	73	74	75	76	77	78	134	#
456	5.43752	70	71	72	73	74	75	76	77	78	79	134	#
457	5.43752	71	72	73	74	75	76	77	78	79	80	134	#
458	5.43752	72	73	74	75	76	77	78	79	80	81	134	#
459	5.43752	73	74	75	76	77	78	79	80	81	82	134	#
460	3.9112	74	75	76	77	78	79	80	81	82	83	134	#
461	3.9112	75	76	77	78	79	80	81	82	83	84	134	#
462	3.9112	76	77	78	79	80	81	82	83	84	85	134	#
463	3.9112	77	78	79	80	81	82	83	84	85	86	134	#
464	3.9112	78	79	80	81	82	83	84	85	86	87	134	#
465	3.9112	79	80	81	82	83	84	85	86	87	88	134	#
466	3.9112	80	81	82	83	84	85	86	87	88	89	134	#
467	3.9112	81	82	83	84	85	86	87	88	89	90	134	#
468	3.9112	82	83	84	85	86	87	88	89	90	91	134	#
469	3.9112	83	84	85	86	87	88	89	90	91	92	134	#
470	3.9112	84	85	86	87	88	89	90	91	92	93	134	#
471	3.9112	85	86	87	88	89	90	91	92	93	94	134	#
472	3.9112	86	87	88	89	90	91	92	93	94	95	134	#
473	3.9112	87	88	89	90	91	92	93	94	95	96	134	#
474	3.9112	88	89	90	91	92	93	94	95	96	97	134	#
475	3.9112	89	90	91	92	93	94	95	96	97	98	134	#
476	3.9112	90	91	92	93	94	95	96	97	98	99	134	#
477	3.9112	91	92	93	94	95	96	97	98	99	100	134	#
478	3.9112	92	93	94	95	96	97	98	99	100	101	134	#
479	3.9112	93	94	95	96	97	98	99	100	101	102	134	#
480	3.9112	94	95	96	97	98	99	100	101	102	103	134	#
481	3.9112	95	96	97	98	99	100	101	102	103	104	134	#
482	3.9112	96	97	98	99	100	101	102	103	104	105	134	#
483	3.9112	97	98	99	100	101	102	103	104	105	106	134	#
484	3.9112	98	99	100	101	102	103	104	105	106	107	134	#
485	3.9112	99	100	101	102	103	104	105	106	107	108	134	#
486	3.9112	100	101	102	103	104	105	106	107	108	109	134	#
487	3.9112	101	102	103	104	105	106	107	108	109	110	134	#
488	3.9112	102	103	104	105	106	107	108	109	110	111	134	#
489	3.9112	103	104	105	106	107	108	109	110	111	112	134	#
490	3.9112	104	105	106	107	108	109	110	111	112	113	134	#
491	3.9112	105	106	107	108	109	110	111	112	113	114	134	#
492	20.4373	0	1	2	3	4	5	6	7	8	135	#
493	20.4373	1	2	3	4	5	6	7	8	9	135	#
494	20.4373	2	3	4	5	6	7	8	9	10	135	#
495	20.4373	3	4	5	6	7	8	9	10	11	135	#
496	20.4373	4	5	6	7	8	9	10	11	12	135	#
497	20.4373	5	6	7	8	9	10	11	12	13	135	#
498	20.4373	6	7	8	9	10	11	12	13	14	135	#
499	20.4373	7	8	9	10	11	12	13	14	15	135	#
500	20.4373	8	9	10	11	12	13	14	15	16	135	#
501	20.4373	9	10	11	12	13	14	15	16	17	135	#
502	20.4373	10	11	12	13	14	15	16	17	18	135	#
503	20.4373	11	12	13	14	15	16	17	18	19	135	#
504	20.4373	12	13	14	15	16	17	18	19	20	135	#
505	20.4373	13	14	15	16	17	18	19	20	21	135	#
506	20.4373	14	15	16	17	18	19	20	21	22	135	#
507	20.4373	15	16	17	18	19	20	21	22	23	135	#
508	20.4373	16	17	18	19	20	21	22	23	24	135	#
509	20.4373	17	18	19	20	21	22	23	24	25	135	#
510	20.4373	18	19	20	21	22	23	24	25	26	135	#
511	20.4373	19	20	21	22	23	24	25	26	27	135	#
512	20.4373	20	21	22	23	24	25	26	27	28	135	#
513	20.4373	21	22	23	24	25	26	27	28	29	135	#
514	20.4373	22	23	24	25	26	27	28	29	30	135	#
515	20.4373	23	24	25	26	27	28	29	30	31	135	#
516	20.4373	24	25	26	27	28	29	30	31	32	135	#
517	20.4373	25	26	27	28	29	30	31	32	33	135	#
518	20.4373	26	27	28	29	30	31	32	33	34	135	#
519	20.4373	27	28	29	30	31	32	33	34	35	135	#
520	20.4373	28	29	30	31	32	33	34	35	36	135	#
521	20.4373	29	30	31	32	33	34	35	36	37	135	#
522	20.4373	30	31	32	33	34	35	36	37	38	135	#
523	20.4373	31	32	33	34	35	36	37	38	39	135	#
524	20.4373	32	33	34	35	36	37	38	39	40	135	#
525	20.4373	33	34	35	36	37	38	39	40	41	135	#
526	20.4373	34	35	36	37	38	39	40	41	42	135	#
527	20.4373	35	36	37	38	39	40	41	42	43	135	#
528	20.4373	36	37	38	39	40	41	42	43	44	135	#
529	20.4373	37	38	39	40	41	42	43	44	45	135	#
530	20.4373	38	39	40	41	42	43	44	45	46	135	#
531	20.4373	39	40	41	42	43	44	45	46	47	135	#
532	20.4373	40	41	42	43	44	45	46	47	48	135	#
533	20.4373	41	42	43	44	45	46	47	48	49	135	#
534	20.4373	42	43	44	45	46	47	48	49	50	135	#
535	20.4373	43	44	45	46	47	48	49	50	51	135	#
536	20.4373	44	45	46	47	48	49	50	51	52	135	#
537	20.4373	45	46	47	48	49	50	51	52	53	135	#
538	20.4373	46	47	48	49	50	51	52	53	54	135	#
539	20.4373	47	48	49	50	51	52	53	54	55	135	#
540	20.4373	48	49	50	51	52	53	54	55	56	135	#
541	20.4373	49	50	51	52	53	54	55	56	57	135	#
542	20.4373	50	51	52	53	54	55	56	57	58	135	#
543	20.4373	51	52	53	54	55	56	57	58	59	135	#
544	20.4373	52	53	54	55	56	57	58	59	60	135	#
545	20.4373	53	54	55	56	57	58	59	60	61	135	#
546	20.4373	54	55	56	57	58	59	60	61	62	135	#
547	20.4373	55	56	57	58	59	60	61	62	63	135	#
548	20.4373	56	57	58	59	60	61	62	63	64	135	#
549	20.4373	57	58	59	60	61	62	63	64	65	135	#
550	20.4373	58	59	60	61	62	63	64	65	66	135	#
551	20.4373	59	60	61	62	63	64	65	66	67	135	#
552	10.9544	60	61	62	63	64	65	66	67	68	135	#
553	10.9544	61	62	63	64	65	66	67	68	69	135	#
554	10.9544	62	63	64	65	66	67	68	69	70	135	#
555	10.9544	63	64	65	66	67	68	69	70	71	135	#
556	10.9544	64	65	66	67	68	69	70	71	72	135	#
557	10.9544	65	66	67	68	69	70	71	72	73	135	#
558	10.9544	66	67	68	69	70	71	72	73	74	135	#
559	10.9544	67	68	69	70	71	72	73	74	75	135	#
560	10.9544	68	69	70	71	72	73	74	75	76	135	#
561	10.9544	69	70	71	72	73	74	75	76	77	135	#
562	10.9544	70	71	72	73	74	75	76	77	78	135	#
563	10.9544	71	72	73	74	75	76	77	78	79	135	#
564	10.9544	72	73	74	75	76	77	78	79	80	135	#
565	10.9544	73	74	75	76	77	78	79	80	81	135	#
566	10.9544	74	75	76	77	78	79	80	81	82	135	#
567	10.9544	75	76	77	78	79	80	81	82	83	135	#
568	10.9544	76	77	78	79	80	81	82	83	84	135	#
569	10.9544	77	78	79	80	81	82	83	84	85	135	#
570	10.9544	78	79	80	81	82	83	84	85	86	135	#
571	10.9544	79	80	81	82	83	84	85	86	87	135	#
572	10.9544	80	81	82	83	84	85	86	87	88	135	#
573	10.9544	81	82	83	84	85	86	87	88	89	135	#
574	10.9544	82	83	84	85	86	87	88	89	90	135	#
575	10.9544	83	84	85	86	87	88	89	90	91	135	#
576	10.9544	84	85	86	87	88	89	90	91	92	135	#
577	10.9544	85	86	87	88	89	90	91	92	93	135	#
578	10.9544	86	87	88	89	90	91	92	93	94	135	#
579	10.9544	87	88	89	90	91	92	93	94	95	135	#
580	10.9544	88	89	90	91	92	93	94	95	96	135	#
581	10.9544	89	90	91	92	93	94	95	96	97	135	#
582	10.9544	90	91	92	93	94	95	96	97	98	135	#
583	10.9544	91	92	93	94	95	96	97	98	99	135	#
584	10.9544	92	93	94	95	96	97	98	99	100	135	#
585	10.9544	93	94	95	96	97	98	99	100	101	135	#
586	10.9544	94	95	96	97	98	99	100	101	102	135	#
587	10.9544	95	96	97	98	99	100	101	102	103	135	#
588	10.9544	96	97	98	99	100	101	102	103	104	135	#
589	10.9544	97	98	99	100	101	102	103	104	105	135	#
590	10.9544	98	99	100	101	102	103	104	105	106	135	#
591	10.9544	99	100	101	102	103	104	105	106	107	135	#
592	10.9544	100	101	102	103	104	105	106	107	108	135	#
593	10.9544	101	102	103	104	105	106	107	108	109	135	#
594	10.9544	102	103	104	105	106	107	108	109	110	135	#
595	10.9544	103	104	105	106	107	108	109	110	111	135	#
596	10.9544	104	105	106	107	108	109	110	111	112	135	#
597	10.9544	105	106	107	108	109	110	111	112	113	135	#
598	10.9544	106	107	108	109	110	111	112	113	114	135	#
599	10.9544	107	108	109	110	111	112	113	114	115	135	#
600	10.9544	108	109	110	111	112	113	114	115	116	135	#
601	10.9544	109	110	111	112	113	114	115	116	117	135	#
602	10.9544	110	111	112	113	114	115	116	117	118	135	#
603	10.9544	111	112	113	114	115	116	117	118	119	135	#
604	10.9544	112	113	114	115	116	117	118	119	120	135	#
605	10.9544	113	114	115	116	117	118	119	120	121	135	#
606	10.9544	114	115	116	117	118	119	120	121	122	135	#
607	10.9544	115	116	117	118	119	120	121	122	123	135	#
608	10.9544	116	117	118	119	120	121	122	123	124	135	#
609	10.9544	117	118	119	120	121	122	123	124	125	135	#
610	10.7819	118	119	120	121	122	123	124	125	126	135	#
611	10.7819	119	120	121	122	123	124	125	126	127	135	#
