%% File generated by CATS v.2.1Thu May  9 13:09:10 2024

%% The CATS webpage is http://robotics.stanford.edu/CATS

%% PARAMETER SETTINGS:
% Goods: 128; Bids: 500; Distribution: scheduling; Runs: 1; Seed: 70
% Scheduling Distribution Parameters:
% max_length                = 10
% deviation                 = 0.500000
% prob_additional_deadline  = 0.700000
% additivity                = 0.200000



goods 128
bids 523
dummy 5

0	2.95804	0	1	128	#
1	2.95804	1	2	128	#
2	2.95804	2	3	128	#
3	2.95804	3	4	128	#
4	2.95804	4	5	128	#
5	2.95804	5	6	128	#
6	2.95804	6	7	128	#
7	2.95804	7	8	128	#
8	2.95804	8	9	128	#
9	2.95804	9	10	128	#
10	2.95804	10	11	128	#
11	2.95804	11	12	128	#
12	2.95804	12	13	128	#
13	2.95804	13	14	128	#
14	2.95804	14	15	128	#
15	2.95804	15	16	128	#
16	2.95804	16	17	128	#
17	2.95804	17	18	128	#
18	2.95804	18	19	128	#
19	2.95804	19	20	128	#
20	2.95804	20	21	128	#
21	2.95804	21	22	128	#
22	2.95804	22	23	128	#
23	2.95804	23	24	128	#
24	2.95804	24	25	128	#
25	2.95804	25	26	128	#
26	2.95804	26	27	128	#
27	2.95804	27	28	128	#
28	2.95804	28	29	128	#
29	2.95804	29	30	128	#
30	2.95804	30	31	128	#
31	2.95804	31	32	128	#
32	2.95804	32	33	128	#
33	2.95804	33	34	128	#
34	2.95804	34	35	128	#
35	2.95804	35	36	128	#
36	2.95804	36	37	128	#
37	2.95804	37	38	128	#
38	2.95804	38	39	128	#
39	2.95804	39	40	128	#
40	2.95804	40	41	128	#
41	2.95804	41	42	128	#
42	2.95804	42	43	128	#
43	2.95804	43	44	128	#
44	2.95804	44	45	128	#
45	2.95804	45	46	128	#
46	2.95804	46	47	128	#
47	2.95804	47	48	128	#
48	2.95804	48	49	128	#
49	2.95804	49	50	128	#
50	2.95804	50	51	128	#
51	2.95804	51	52	128	#
52	2.95804	52	53	128	#
53	2.95804	53	54	128	#
54	2.95804	54	55	128	#
55	2.95804	55	56	128	#
56	2.95804	56	57	128	#
57	2.95804	57	58	128	#
58	2.95804	58	59	128	#
59	2.95804	59	60	128	#
60	2.95804	60	61	128	#
61	2.95804	61	62	128	#
62	2.95804	62	63	128	#
63	2.95804	63	64	128	#
64	2.95804	64	65	128	#
65	2.95804	65	66	128	#
66	2.95804	66	67	128	#
67	2.95804	67	68	128	#
68	2.95804	68	69	128	#
69	2.95804	69	70	128	#
70	2.95804	70	71	128	#
71	2.95804	71	72	128	#
72	2.95804	72	73	128	#
73	2.95804	73	74	128	#
74	7.31278	0	1	2	3	129	#
75	7.31278	1	2	3	4	129	#
76	7.31278	2	3	4	5	129	#
77	7.31278	3	4	5	6	129	#
78	7.31278	4	5	6	7	129	#
79	7.31278	5	6	7	8	129	#
80	7.31278	6	7	8	9	129	#
81	7.31278	7	8	9	10	129	#
82	7.31278	8	9	10	11	129	#
83	7.31278	9	10	11	12	129	#
84	7.31278	10	11	12	13	129	#
85	7.31278	11	12	13	14	129	#
86	7.31278	12	13	14	15	129	#
87	7.31278	13	14	15	16	129	#
88	7.31278	14	15	16	17	129	#
89	7.31278	15	16	17	18	129	#
90	7.31278	16	17	18	19	129	#
91	7.31278	17	18	19	20	129	#
92	7.31278	18	19	20	21	129	#
93	7.31278	19	20	21	22	129	#
94	7.31278	20	21	22	23	129	#
95	7.31278	21	22	23	24	129	#
96	7.31278	22	23	24	25	129	#
97	7.31278	23	24	25	26	129	#
98	7.31278	24	25	26	27	129	#
99	7.31278	25	26	27	28	129	#
100	7.31278	26	27	28	29	129	#
101	7.31278	27	28	29	30	129	#
102	7.31278	28	29	30	31	129	#
103	7.31278	29	30	31	32	129	#
104	7.31278	30	31	32	33	129	#
105	7.31278	31	32	33	34	129	#
106	7.31278	32	33	34	35	129	#
107	7.31278	33	34	35	36	129	#
108	7.31278	34	35	36	37	129	#
109	7.31278	35	36	37	38	129	#
110	7.31278	36	37	38	39	129	#
111	7.31278	37	38	39	40	129	#
112	7.31278	38	39	40	41	129	#
113	7.31278	39	40	41	42	129	#
114	7.31278	40	41	42	43	129	#
115	7.31278	41	42	43	44	129	#
116	7.31278	42	43	44	45	129	#
117	7.31278	43	44	45	46	129	#
118	7.31278	44	45	46	47	129	#
119	7.31278	45	46	47	48	129	#
120	3.94397	46	47	48	49	129	#
121	3.94397	47	48	49	50	129	#
122	3.94397	48	49	50	51	129	#
123	3.94397	49	50	51	52	129	#
124	3.94397	50	51	52	53	129	#
125	3.94397	51	52	53	54	129	#
126	3.94397	52	53	54	55	129	#
127	3.94397	53	54	55	56	129	#
128	3.94397	54	55	56	57	129	#
129	3.94397	55	56	57	58	129	#
130	3.94397	56	57	58	59	129	#
131	3.94397	57	58	59	60	129	#
132	3.94397	58	59	60	61	129	#
133	3.94397	59	60	61	62	129	#
134	3.94397	60	61	62	63	129	#
135	3.94397	61	62	63	64	129	#
136	3.94397	62	63	64	65	129	#
137	3.94397	63	64	65	66	129	#
138	3.94397	64	65	66	67	129	#
139	3.94397	65	66	67	68	129	#
140	3.94397	66	67	68	69	129	#
141	3.94397	67	68	69	70	129	#
142	3.94397	68	69	70	71	129	#
143	3.94397	69	70	71	72	129	#
144	3.94397	70	71	72	73	129	#
145	3.94397	71	72	73	74	129	#
146	3.94397	72	73	74	75	129	#
147	3.94397	73	74	75	76	129	#
148	3.94397	74	75	76	77	129	#
149	3.94397	75	76	77	78	129	#
150	3.94397	76	77	78	79	129	#
151	3.94397	77	78	79	80	129	#
152	3.94397	78	79	80	81	129	#
153	3.94397	79	80	81	82	129	#
154	3.94397	80	81	82	83	129	#
155	3.94397	81	82	83	84	129	#
156	3.94397	82	83	84	85	129	#
157	3.94397	83	84	85	86	129	#
158	3.94397	84	85	86	87	129	#
159	3.94397	85	86	87	88	129	#
160	3.94397	86	87	88	89	129	#
161	3.18966	0	1	2	130	#
162	3.18966	1	2	3	130	#
163	3.18966	2	3	4	130	#
164	3.18966	3	4	5	130	#
165	3.18966	4	5	6	130	#
166	3.18966	5	6	7	130	#
167	3.18966	6	7	8	130	#
168	3.18966	7	8	9	130	#
169	3.18966	8	9	10	130	#
170	3.18966	9	10	11	130	#
171	3.18966	10	11	12	130	#
172	3.18966	11	12	13	130	#
173	3.18966	12	13	14	130	#
174	3.18966	13	14	15	130	#
175	3.18966	14	15	16	130	#
176	3.18966	15	16	17	130	#
177	3.18966	16	17	18	130	#
178	3.18966	17	18	19	130	#
179	3.18966	18	19	20	130	#
180	3.18966	19	20	21	130	#
181	3.18966	20	21	22	130	#
182	3.18966	21	22	23	130	#
183	3.18966	22	23	24	130	#
184	3.18966	23	24	25	130	#
185	3.18966	24	25	26	130	#
186	3.18966	25	26	27	130	#
187	3.18966	26	27	28	130	#
188	3.18966	27	28	29	130	#
189	3.18966	28	29	30	130	#
190	3.18966	29	30	31	130	#
191	3.18966	30	31	32	130	#
192	3.18966	31	32	33	130	#
193	3.18966	32	33	34	130	#
194	3.18966	33	34	35	130	#
195	3.18966	34	35	36	130	#
196	3.18966	35	36	37	130	#
197	3.18966	36	37	38	130	#
198	3.18966	37	38	39	130	#
199	3.18966	38	39	40	130	#
200	3.18966	39	40	41	130	#
201	1.4371	40	41	42	130	#
202	1.4371	41	42	43	130	#
203	1.4371	42	43	44	130	#
204	1.4371	43	44	45	130	#
205	1.4371	44	45	46	130	#
206	1.4371	45	46	47	130	#
207	1.4371	46	47	48	130	#
208	1.4371	47	48	49	130	#
209	1.4371	48	49	50	130	#
210	1.4371	49	50	51	130	#
211	1.4371	50	51	52	130	#
212	1.4371	51	52	53	130	#
213	1.4371	52	53	54	130	#
214	1.4371	53	54	55	130	#
215	1.4371	54	55	56	130	#
216	1.4371	55	56	57	130	#
217	1.4371	56	57	58	130	#
218	1.4371	57	58	59	130	#
219	1.4371	58	59	60	130	#
220	1.4371	59	60	61	130	#
221	1.4371	60	61	62	130	#
222	1.4371	61	62	63	130	#
223	1.4371	62	63	64	130	#
224	1.4371	63	64	65	130	#
225	1.4371	64	65	66	130	#
226	1.4371	65	66	67	130	#
227	1.4371	66	67	68	130	#
228	1.4371	67	68	69	130	#
229	1.4371	68	69	70	130	#
230	1.4371	69	70	71	130	#
231	1.4371	70	71	72	130	#
232	1.4371	71	72	73	130	#
233	1.4371	72	73	74	130	#
234	1.4371	73	74	75	130	#
235	1.4371	74	75	76	130	#
236	1.4371	75	76	77	130	#
237	1.4371	76	77	78	130	#
238	1.4371	77	78	79	130	#
239	1.4371	78	79	80	130	#
240	1.4371	79	80	81	130	#
241	1.4371	80	81	82	130	#
242	1.4371	81	82	83	130	#
243	1.4371	82	83	84	130	#
244	1.4371	83	84	85	130	#
245	1.4371	84	85	86	130	#
246	1.4371	85	86	87	130	#
247	1.4371	86	87	88	130	#
248	1.4371	87	88	89	130	#
249	1.4371	88	89	90	130	#
250	1.4371	89	90	91	130	#
251	1.0898	90	91	92	130	#
252	1.0898	91	92	93	130	#
253	1.0898	92	93	94	130	#
254	1.0898	93	94	95	130	#
255	1.0898	94	95	96	130	#
256	1.0898	95	96	97	130	#
257	1.0898	96	97	98	130	#
258	1.0898	97	98	99	130	#
259	1.0898	98	99	100	130	#
260	1.0898	99	100	101	130	#
261	1.0898	100	101	102	130	#
262	1.0898	101	102	103	130	#
263	1.0898	102	103	104	130	#
264	1.0898	103	104	105	130	#
265	1.0898	104	105	106	130	#
266	1.0898	105	106	107	130	#
267	1.0898	106	107	108	130	#
268	1.0898	107	108	109	130	#
269	1.0898	108	109	110	130	#
270	1.0898	109	110	111	130	#
271	1.0898	110	111	112	130	#
272	1.0898	111	112	113	130	#
273	1.0898	112	113	114	130	#
274	1.0898	113	114	115	130	#
275	1.0898	114	115	116	130	#
276	1.0898	115	116	117	130	#
277	1.0898	116	117	118	130	#
278	1.0898	117	118	119	130	#
279	1.0898	118	119	120	130	#
280	1.02973	119	120	121	130	#
281	1.02973	120	121	122	130	#
282	1.02973	121	122	123	130	#
283	1.02973	122	123	124	130	#
284	1.02973	123	124	125	130	#
285	1.02973	124	125	126	130	#
286	1.02973	125	126	127	130	#
287	4.64643	0	1	2	3	4	131	#
288	4.64643	1	2	3	4	5	131	#
289	4.64643	2	3	4	5	6	131	#
290	4.64643	3	4	5	6	7	131	#
291	4.64643	4	5	6	7	8	131	#
292	4.64643	5	6	7	8	9	131	#
293	4.64643	6	7	8	9	10	131	#
294	4.64643	7	8	9	10	11	131	#
295	4.64643	8	9	10	11	12	131	#
296	4.64643	9	10	11	12	13	131	#
297	4.64643	10	11	12	13	14	131	#
298	4.64643	11	12	13	14	15	131	#
299	4.64643	12	13	14	15	16	131	#
300	4.64643	13	14	15	16	17	131	#
301	4.64643	14	15	16	17	18	131	#
302	4.64643	15	16	17	18	19	131	#
303	4.64643	16	17	18	19	20	131	#
304	4.64643	17	18	19	20	21	131	#
305	4.64643	18	19	20	21	22	131	#
306	4.64643	19	20	21	22	23	131	#
307	4.64643	20	21	22	23	24	131	#
308	1.02307	21	22	23	24	25	131	#
309	1.02307	22	23	24	25	26	131	#
310	1.02307	23	24	25	26	27	131	#
311	1.02307	24	25	26	27	28	131	#
312	1.02307	25	26	27	28	29	131	#
313	1.02307	26	27	28	29	30	131	#
314	1.02307	27	28	29	30	31	131	#
315	1.02307	28	29	30	31	32	131	#
316	1.02307	29	30	31	32	33	131	#
317	1.02307	30	31	32	33	34	131	#
318	1.02307	31	32	33	34	35	131	#
319	1.02307	32	33	34	35	36	131	#
320	1.02307	33	34	35	36	37	131	#
321	1.02307	34	35	36	37	38	131	#
322	1.02307	35	36	37	38	39	131	#
323	1.02307	36	37	38	39	40	131	#
324	1.02307	37	38	39	40	41	131	#
325	1.02307	38	39	40	41	42	131	#
326	1.02307	39	40	41	42	43	131	#
327	1.02307	40	41	42	43	44	131	#
328	1.02307	41	42	43	44	45	131	#
329	1.02307	42	43	44	45	46	131	#
330	1.02307	43	44	45	46	47	131	#
331	1.02307	44	45	46	47	48	131	#
332	1.02307	45	46	47	48	49	131	#
333	1.02307	46	47	48	49	50	131	#
334	1.02307	47	48	49	50	51	131	#
335	1.02307	48	49	50	51	52	131	#
336	1.02307	49	50	51	52	53	131	#
337	1.02307	50	51	52	53	54	131	#
338	1.02307	51	52	53	54	55	131	#
339	1.02307	52	53	54	55	56	131	#
340	1.02307	53	54	55	56	57	131	#
341	1.02307	54	55	56	57	58	131	#
342	1.02307	55	56	57	58	59	131	#
343	1.02307	56	57	58	59	60	131	#
344	1.02307	57	58	59	60	61	131	#
345	1.02307	58	59	60	61	62	131	#
346	1.02307	59	60	61	62	63	131	#
347	1.02307	60	61	62	63	64	131	#
348	1.02307	61	62	63	64	65	131	#
349	1.02307	62	63	64	65	66	131	#
350	1.02307	63	64	65	66	67	131	#
351	1.02307	64	65	66	67	68	131	#
352	1.02307	65	66	67	68	69	131	#
353	1.02307	66	67	68	69	70	131	#
354	1.02307	67	68	69	70	71	131	#
355	1.02307	68	69	70	71	72	131	#
356	1.02307	69	70	71	72	73	131	#
357	1.02307	70	71	72	73	74	131	#
358	1.02307	71	72	73	74	75	131	#
359	1.02307	72	73	74	75	76	131	#
360	1.02307	73	74	75	76	77	131	#
361	1.02307	74	75	76	77	78	131	#
362	1.02307	75	76	77	78	79	131	#
363	1.02307	76	77	78	79	80	131	#
364	1.02307	77	78	79	80	81	131	#
365	1.02307	78	79	80	81	82	131	#
366	1.02307	79	80	81	82	83	131	#
367	1.02307	80	81	82	83	84	131	#
368	1.02307	81	82	83	84	85	131	#
369	1.02307	82	83	84	85	86	131	#
370	1.02307	83	84	85	86	87	131	#
371	1.02307	84	85	86	87	88	131	#
372	1.02307	85	86	87	88	89	131	#
373	1.02307	86	87	88	89	90	131	#
374	1.02307	87	88	89	90	91	131	#
375	1.02307	88	89	90	91	92	131	#
376	1.02307	89	90	91	92	93	131	#
377	1.02307	90	91	92	93	94	131	#
378	1.02307	91	92	93	94	95	131	#
379	1.02307	92	93	94	95	96	131	#
380	1.02307	93	94	95	96	97	131	#
381	1.02307	94	95	96	97	98	131	#
382	1.02307	95	96	97	98	99	131	#
383	1.02307	96	97	98	99	100	131	#
384	1.02307	97	98	99	100	101	131	#
385	1.02307	98	99	100	101	102	131	#
386	1.02307	99	100	101	102	103	131	#
387	1.02307	100	101	102	103	104	131	#
388	1.02307	101	102	103	104	105	131	#
389	1.02307	102	103	104	105	106	131	#
390	1.02307	103	104	105	106	107	131	#
391	1.02307	104	105	106	107	108	131	#
392	1.02307	105	106	107	108	109	131	#
393	1.00463	106	107	108	109	110	131	#
394	1.00463	107	108	109	110	111	131	#
395	1.39935	0	132	#
396	1.39935	1	132	#
397	1.39935	2	132	#
398	1.39935	3	132	#
399	1.39935	4	132	#
400	1.39935	5	132	#
401	1.39935	6	132	#
402	1.39935	7	132	#
403	1.39935	8	132	#
404	1.39935	9	132	#
405	1.39935	10	132	#
406	1.39935	11	132	#
407	1.39935	12	132	#
408	1.39935	13	132	#
409	1.39935	14	132	#
410	1.39935	15	132	#
411	1.39935	16	132	#
412	1.39935	17	132	#
413	1.39935	18	132	#
414	1.39935	19	132	#
415	1.39935	20	132	#
416	1.39935	21	132	#
417	1.39935	22	132	#
418	1.39935	23	132	#
419	1.39935	24	132	#
420	1.39935	25	132	#
421	1.39935	26	132	#
422	1.39935	27	132	#
423	1.39935	28	132	#
424	1.39935	29	132	#
425	1.39935	30	132	#
426	1.39935	31	132	#
427	1.39935	32	132	#
428	1.39935	33	132	#
429	1.39935	34	132	#
430	1.39935	35	132	#
431	1.39935	36	132	#
432	1.39935	37	132	#
433	1.39935	38	132	#
434	1.39935	39	132	#
435	1.39935	40	132	#
436	1.39935	41	132	#
437	1.39935	42	132	#
438	1.39935	43	132	#
439	1.39935	44	132	#
440	1.39935	45	132	#
441	1.39935	46	132	#
442	1.39935	47	132	#
443	1.39935	48	132	#
444	1.39935	49	132	#
445	1.39935	50	132	#
446	1.39935	51	132	#
447	1.39935	52	132	#
448	1.39935	53	132	#
449	1.39935	54	132	#
450	1.39935	55	132	#
451	1.39935	56	132	#
452	1.39935	57	132	#
453	1.39935	58	132	#
454	1.39935	59	132	#
455	1.39935	60	132	#
456	1.39935	61	132	#
457	1.39935	62	132	#
458	1.39935	63	132	#
459	1.39935	64	132	#
460	1.39935	65	132	#
461	0.866267	66	132	#
462	0.866267	67	132	#
463	0.866267	68	132	#
464	0.866267	69	132	#
465	0.866267	70	132	#
466	0.866267	71	132	#
467	0.866267	72	132	#
468	0.866267	73	132	#
469	0.866267	74	132	#
470	0.866267	75	132	#
471	0.866267	76	132	#
472	0.866267	77	132	#
473	0.866267	78	132	#
474	0.866267	79	132	#
475	0.866267	80	132	#
476	0.866267	81	132	#
477	0.866267	82	132	#
478	0.866267	83	132	#
479	0.866267	84	132	#
480	0.866267	85	132	#
481	0.866267	86	132	#
482	0.866267	87	132	#
483	0.866267	88	132	#
484	0.866267	89	132	#
485	0.866267	90	132	#
486	0.866267	91	132	#
487	0.866267	92	132	#
488	0.866267	93	132	#
489	0.866267	94	132	#
490	0.866267	95	132	#
491	0.866267	96	132	#
492	0.866267	97	132	#
493	0.866267	98	132	#
494	0.866267	99	132	#
495	0.866267	100	132	#
496	0.866267	101	132	#
497	0.866267	102	132	#
498	0.866267	103	132	#
499	0.866267	104	132	#
500	0.866267	105	132	#
501	0.777419	106	132	#
502	0.777419	107	132	#
503	0.777419	108	132	#
504	0.777419	109	132	#
505	0.777419	110	132	#
506	0.777419	111	132	#
507	0.777419	112	132	#
508	0.777419	113	132	#
509	0.777419	114	132	#
510	0.777419	115	132	#
511	0.777419	116	132	#
512	0.777419	117	132	#
513	0.770831	118	132	#
514	0.764353	119	132	#
515	0.716205	120	132	#
516	0.716205	121	132	#
517	0.716205	122	132	#
518	0.716205	123	132	#
519	0.716205	124	132	#
520	0.716205	125	132	#
521	0.716205	126	132	#
522	0.716205	127	132	#
