%% File generated by CATS v.2.1Thu May  9 13:09:09 2024

%% The CATS webpage is http://robotics.stanford.edu/CATS

%% PARAMETER SETTINGS:
% Goods: 128; Bids: 500; Distribution: scheduling; Runs: 1; Seed: 1
% Scheduling Distribution Parameters:
% max_length                = 10
% deviation                 = 0.500000
% prob_additional_deadline  = 0.700000
% additivity                = 0.200000



goods 128
bids 608
dummy 6

0	9.20843	0	1	2	3	4	128	#
1	9.20843	1	2	3	4	5	128	#
2	9.20843	2	3	4	5	6	128	#
3	9.20843	3	4	5	6	7	128	#
4	9.20843	4	5	6	7	8	128	#
5	9.20843	5	6	7	8	9	128	#
6	9.20843	6	7	8	9	10	128	#
7	9.20843	7	8	9	10	11	128	#
8	9.20843	8	9	10	11	12	128	#
9	9.20843	9	10	11	12	13	128	#
10	9.20843	10	11	12	13	14	128	#
11	9.20843	11	12	13	14	15	128	#
12	9.20843	12	13	14	15	16	128	#
13	9.20843	13	14	15	16	17	128	#
14	9.20843	14	15	16	17	18	128	#
15	9.20843	15	16	17	18	19	128	#
16	9.20843	16	17	18	19	20	128	#
17	9.20843	17	18	19	20	21	128	#
18	9.20843	18	19	20	21	22	128	#
19	9.20843	19	20	21	22	23	128	#
20	9.20843	20	21	22	23	24	128	#
21	9.20843	21	22	23	24	25	128	#
22	9.20843	22	23	24	25	26	128	#
23	9.20843	23	24	25	26	27	128	#
24	9.20843	24	25	26	27	28	128	#
25	9.20843	25	26	27	28	29	128	#
26	9.20843	26	27	28	29	30	128	#
27	9.20843	27	28	29	30	31	128	#
28	9.20843	28	29	30	31	32	128	#
29	9.20843	29	30	31	32	33	128	#
30	9.20843	30	31	32	33	34	128	#
31	9.20843	31	32	33	34	35	128	#
32	9.20843	32	33	34	35	36	128	#
33	9.20843	33	34	35	36	37	128	#
34	9.20843	34	35	36	37	38	128	#
35	9.20843	35	36	37	38	39	128	#
36	9.20843	36	37	38	39	40	128	#
37	9.20843	37	38	39	40	41	128	#
38	9.20843	38	39	40	41	42	128	#
39	9.20843	39	40	41	42	43	128	#
40	9.20843	40	41	42	43	44	128	#
41	9.20843	41	42	43	44	45	128	#
42	9.20843	42	43	44	45	46	128	#
43	9.20843	43	44	45	46	47	128	#
44	9.20843	44	45	46	47	48	128	#
45	9.20843	45	46	47	48	49	128	#
46	9.20843	46	47	48	49	50	128	#
47	9.20843	47	48	49	50	51	128	#
48	9.20843	48	49	50	51	52	128	#
49	9.20843	49	50	51	52	53	128	#
50	9.20843	50	51	52	53	54	128	#
51	9.20843	51	52	53	54	55	128	#
52	9.20843	52	53	54	55	56	128	#
53	9.20843	53	54	55	56	57	128	#
54	9.20843	54	55	56	57	58	128	#
55	9.20843	55	56	57	58	59	128	#
56	9.20843	56	57	58	59	60	128	#
57	9.20843	57	58	59	60	61	128	#
58	6.03994	58	59	60	61	62	128	#
59	6.03994	59	60	61	62	63	128	#
60	6.03994	60	61	62	63	64	128	#
61	6.03994	61	62	63	64	65	128	#
62	6.03994	62	63	64	65	66	128	#
63	6.03994	63	64	65	66	67	128	#
64	6.03994	64	65	66	67	68	128	#
65	6.03994	65	66	67	68	69	128	#
66	6.03994	66	67	68	69	70	128	#
67	6.03994	67	68	69	70	71	128	#
68	6.03994	68	69	70	71	72	128	#
69	6.03994	69	70	71	72	73	128	#
70	6.03994	70	71	72	73	74	128	#
71	6.03994	71	72	73	74	75	128	#
72	6.03994	72	73	74	75	76	128	#
73	6.03994	73	74	75	76	77	128	#
74	6.03994	74	75	76	77	78	128	#
75	6.03994	75	76	77	78	79	128	#
76	6.03994	76	77	78	79	80	128	#
77	6.03994	77	78	79	80	81	128	#
78	6.03994	78	79	80	81	82	128	#
79	6.03994	79	80	81	82	83	128	#
80	6.03994	80	81	82	83	84	128	#
81	6.03994	81	82	83	84	85	128	#
82	6.03994	82	83	84	85	86	128	#
83	6.03994	83	84	85	86	87	128	#
84	6.03994	84	85	86	87	88	128	#
85	6.03994	85	86	87	88	89	128	#
86	6.03994	86	87	88	89	90	128	#
87	6.03994	87	88	89	90	91	128	#
88	6.03994	88	89	90	91	92	128	#
89	6.03994	89	90	91	92	93	128	#
90	5.15334	90	91	92	93	94	128	#
91	5.15334	91	92	93	94	95	128	#
92	5.15334	92	93	94	95	96	128	#
93	5.15334	93	94	95	96	97	128	#
94	5.15334	94	95	96	97	98	128	#
95	5.15334	95	96	97	98	99	128	#
96	5.15334	96	97	98	99	100	128	#
97	5.15334	97	98	99	100	101	128	#
98	5.15334	98	99	100	101	102	128	#
99	5.15334	99	100	101	102	103	128	#
100	5.15334	100	101	102	103	104	128	#
101	5.15334	101	102	103	104	105	128	#
102	5.15334	102	103	104	105	106	128	#
103	5.15334	103	104	105	106	107	128	#
104	5.15334	104	105	106	107	108	128	#
105	5.15334	105	106	107	108	109	128	#
106	14.991	0	1	2	3	4	5	6	7	8	129	#
107	14.991	1	2	3	4	5	6	7	8	9	129	#
108	14.991	2	3	4	5	6	7	8	9	10	129	#
109	14.991	3	4	5	6	7	8	9	10	11	129	#
110	14.991	4	5	6	7	8	9	10	11	12	129	#
111	14.991	5	6	7	8	9	10	11	12	13	129	#
112	14.991	6	7	8	9	10	11	12	13	14	129	#
113	14.991	7	8	9	10	11	12	13	14	15	129	#
114	14.991	8	9	10	11	12	13	14	15	16	129	#
115	14.991	9	10	11	12	13	14	15	16	17	129	#
116	14.991	10	11	12	13	14	15	16	17	18	129	#
117	14.991	11	12	13	14	15	16	17	18	19	129	#
118	14.991	12	13	14	15	16	17	18	19	20	129	#
119	14.991	13	14	15	16	17	18	19	20	21	129	#
120	14.991	14	15	16	17	18	19	20	21	22	129	#
121	14.991	15	16	17	18	19	20	21	22	23	129	#
122	14.991	16	17	18	19	20	21	22	23	24	129	#
123	14.991	17	18	19	20	21	22	23	24	25	129	#
124	14.991	18	19	20	21	22	23	24	25	26	129	#
125	14.991	19	20	21	22	23	24	25	26	27	129	#
126	14.991	20	21	22	23	24	25	26	27	28	129	#
127	14.991	21	22	23	24	25	26	27	28	29	129	#
128	14.991	22	23	24	25	26	27	28	29	30	129	#
129	14.991	23	24	25	26	27	28	29	30	31	129	#
130	14.991	24	25	26	27	28	29	30	31	32	129	#
131	14.991	25	26	27	28	29	30	31	32	33	129	#
132	14.991	26	27	28	29	30	31	32	33	34	129	#
133	14.991	27	28	29	30	31	32	33	34	35	129	#
134	14.991	28	29	30	31	32	33	34	35	36	129	#
135	14.991	29	30	31	32	33	34	35	36	37	129	#
136	14.991	30	31	32	33	34	35	36	37	38	129	#
137	14.991	31	32	33	34	35	36	37	38	39	129	#
138	14.991	32	33	34	35	36	37	38	39	40	129	#
139	14.991	33	34	35	36	37	38	39	40	41	129	#
140	14.991	34	35	36	37	38	39	40	41	42	129	#
141	14.991	35	36	37	38	39	40	41	42	43	129	#
142	14.991	36	37	38	39	40	41	42	43	44	129	#
143	14.991	37	38	39	40	41	42	43	44	45	129	#
144	14.991	38	39	40	41	42	43	44	45	46	129	#
145	14.991	39	40	41	42	43	44	45	46	47	129	#
146	14.991	40	41	42	43	44	45	46	47	48	129	#
147	14.991	41	42	43	44	45	46	47	48	49	129	#
148	14.991	42	43	44	45	46	47	48	49	50	129	#
149	14.991	43	44	45	46	47	48	49	50	51	129	#
150	14.991	44	45	46	47	48	49	50	51	52	129	#
151	14.991	45	46	47	48	49	50	51	52	53	129	#
152	14.991	46	47	48	49	50	51	52	53	54	129	#
153	14.991	47	48	49	50	51	52	53	54	55	129	#
154	14.991	48	49	50	51	52	53	54	55	56	129	#
155	14.991	49	50	51	52	53	54	55	56	57	129	#
156	14.991	50	51	52	53	54	55	56	57	58	129	#
157	14.991	51	52	53	54	55	56	57	58	59	129	#
158	14.991	52	53	54	55	56	57	58	59	60	129	#
159	14.991	53	54	55	56	57	58	59	60	61	129	#
160	14.991	54	55	56	57	58	59	60	61	62	129	#
161	14.991	55	56	57	58	59	60	61	62	63	129	#
162	14.991	56	57	58	59	60	61	62	63	64	129	#
163	14.991	57	58	59	60	61	62	63	64	65	129	#
164	14.991	58	59	60	61	62	63	64	65	66	129	#
165	14.991	59	60	61	62	63	64	65	66	67	129	#
166	14.991	60	61	62	63	64	65	66	67	68	129	#
167	14.991	61	62	63	64	65	66	67	68	69	129	#
168	14.991	62	63	64	65	66	67	68	69	70	129	#
169	14.991	63	64	65	66	67	68	69	70	71	129	#
170	14.991	64	65	66	67	68	69	70	71	72	129	#
171	14.991	65	66	67	68	69	70	71	72	73	129	#
172	14.991	66	67	68	69	70	71	72	73	74	129	#
173	14.991	67	68	69	70	71	72	73	74	75	129	#
174	14.991	68	69	70	71	72	73	74	75	76	129	#
175	14.991	69	70	71	72	73	74	75	76	77	129	#
176	14.991	70	71	72	73	74	75	76	77	78	129	#
177	14.991	71	72	73	74	75	76	77	78	79	129	#
178	14.991	72	73	74	75	76	77	78	79	80	129	#
179	14.991	73	74	75	76	77	78	79	80	81	129	#
180	14.991	74	75	76	77	78	79	80	81	82	129	#
181	12.9396	75	76	77	78	79	80	81	82	83	129	#
182	12.9396	76	77	78	79	80	81	82	83	84	129	#
183	12.9396	77	78	79	80	81	82	83	84	85	129	#
184	12.9396	78	79	80	81	82	83	84	85	86	129	#
185	12.9396	79	80	81	82	83	84	85	86	87	129	#
186	12.9396	80	81	82	83	84	85	86	87	88	129	#
187	12.9396	81	82	83	84	85	86	87	88	89	129	#
188	12.9396	82	83	84	85	86	87	88	89	90	129	#
189	12.9396	83	84	85	86	87	88	89	90	91	129	#
190	12.9396	84	85	86	87	88	89	90	91	92	129	#
191	12.9396	85	86	87	88	89	90	91	92	93	129	#
192	12.9396	86	87	88	89	90	91	92	93	94	129	#
193	12.9396	87	88	89	90	91	92	93	94	95	129	#
194	9.9134	88	89	90	91	92	93	94	95	96	129	#
195	9.9134	89	90	91	92	93	94	95	96	97	129	#
196	9.9134	90	91	92	93	94	95	96	97	98	129	#
197	9.9134	91	92	93	94	95	96	97	98	99	129	#
198	9.9134	92	93	94	95	96	97	98	99	100	129	#
199	9.9134	93	94	95	96	97	98	99	100	101	129	#
200	9.9134	94	95	96	97	98	99	100	101	102	129	#
201	9.9134	95	96	97	98	99	100	101	102	103	129	#
202	9.9134	96	97	98	99	100	101	102	103	104	129	#
203	9.9134	97	98	99	100	101	102	103	104	105	129	#
204	9.9134	98	99	100	101	102	103	104	105	106	129	#
205	9.9134	99	100	101	102	103	104	105	106	107	129	#
206	9.9134	100	101	102	103	104	105	106	107	108	129	#
207	9.9134	101	102	103	104	105	106	107	108	109	129	#
208	9.9134	102	103	104	105	106	107	108	109	110	129	#
209	9.9134	103	104	105	106	107	108	109	110	111	129	#
210	9.9134	104	105	106	107	108	109	110	111	112	129	#
211	9.9134	105	106	107	108	109	110	111	112	113	129	#
212	9.9134	106	107	108	109	110	111	112	113	114	129	#
213	9.9134	107	108	109	110	111	112	113	114	115	129	#
214	9.9134	108	109	110	111	112	113	114	115	116	129	#
215	9.9134	109	110	111	112	113	114	115	116	117	129	#
216	9.9134	110	111	112	113	114	115	116	117	118	129	#
217	9.9134	111	112	113	114	115	116	117	118	119	129	#
218	9.9134	112	113	114	115	116	117	118	119	120	129	#
219	9.9134	113	114	115	116	117	118	119	120	121	129	#
220	9.9134	114	115	116	117	118	119	120	121	122	129	#
221	9.9134	115	116	117	118	119	120	121	122	123	129	#
222	9.9134	116	117	118	119	120	121	122	123	124	129	#
223	9.83409	117	118	119	120	121	122	123	124	125	129	#
224	9.67922	118	119	120	121	122	123	124	125	126	129	#
225	9.67922	119	120	121	122	123	124	125	126	127	129	#
226	7.07518	0	1	2	3	4	5	6	7	8	130	#
227	7.07518	1	2	3	4	5	6	7	8	9	130	#
228	7.07518	2	3	4	5	6	7	8	9	10	130	#
229	7.07518	3	4	5	6	7	8	9	10	11	130	#
230	7.07518	4	5	6	7	8	9	10	11	12	130	#
231	7.07518	5	6	7	8	9	10	11	12	13	130	#
232	7.07518	6	7	8	9	10	11	12	13	14	130	#
233	7.07518	7	8	9	10	11	12	13	14	15	130	#
234	7.07518	8	9	10	11	12	13	14	15	16	130	#
235	7.07518	9	10	11	12	13	14	15	16	17	130	#
236	7.07518	10	11	12	13	14	15	16	17	18	130	#
237	7.07518	11	12	13	14	15	16	17	18	19	130	#
238	7.07518	12	13	14	15	16	17	18	19	20	130	#
239	7.07518	13	14	15	16	17	18	19	20	21	130	#
240	7.07518	14	15	16	17	18	19	20	21	22	130	#
241	7.07518	15	16	17	18	19	20	21	22	23	130	#
242	7.07518	16	17	18	19	20	21	22	23	24	130	#
243	7.07518	17	18	19	20	21	22	23	24	25	130	#
244	7.07518	18	19	20	21	22	23	24	25	26	130	#
245	7.07518	19	20	21	22	23	24	25	26	27	130	#
246	7.07518	20	21	22	23	24	25	26	27	28	130	#
247	7.07518	21	22	23	24	25	26	27	28	29	130	#
248	7.07518	22	23	24	25	26	27	28	29	30	130	#
249	7.07518	23	24	25	26	27	28	29	30	31	130	#
250	7.07518	24	25	26	27	28	29	30	31	32	130	#
251	7.07518	25	26	27	28	29	30	31	32	33	130	#
252	7.07518	26	27	28	29	30	31	32	33	34	130	#
253	7.07518	27	28	29	30	31	32	33	34	35	130	#
254	7.07518	28	29	30	31	32	33	34	35	36	130	#
255	7.07518	29	30	31	32	33	34	35	36	37	130	#
256	7.07518	30	31	32	33	34	35	36	37	38	130	#
257	11.3002	0	1	2	3	4	5	6	131	#
258	11.3002	1	2	3	4	5	6	7	131	#
259	11.3002	2	3	4	5	6	7	8	131	#
260	11.3002	3	4	5	6	7	8	9	131	#
261	11.3002	4	5	6	7	8	9	10	131	#
262	11.3002	5	6	7	8	9	10	11	131	#
263	11.3002	6	7	8	9	10	11	12	131	#
264	11.3002	7	8	9	10	11	12	13	131	#
265	11.3002	8	9	10	11	12	13	14	131	#
266	11.3002	9	10	11	12	13	14	15	131	#
267	11.3002	10	11	12	13	14	15	16	131	#
268	11.3002	11	12	13	14	15	16	17	131	#
269	11.3002	12	13	14	15	16	17	18	131	#
270	11.3002	13	14	15	16	17	18	19	131	#
271	11.3002	14	15	16	17	18	19	20	131	#
272	11.3002	15	16	17	18	19	20	21	131	#
273	11.3002	16	17	18	19	20	21	22	131	#
274	11.3002	17	18	19	20	21	22	23	131	#
275	11.3002	18	19	20	21	22	23	24	131	#
276	11.3002	19	20	21	22	23	24	25	131	#
277	11.3002	20	21	22	23	24	25	26	131	#
278	11.3002	21	22	23	24	25	26	27	131	#
279	11.3002	22	23	24	25	26	27	28	131	#
280	11.3002	23	24	25	26	27	28	29	131	#
281	11.3002	24	25	26	27	28	29	30	131	#
282	11.3002	25	26	27	28	29	30	31	131	#
283	11.3002	26	27	28	29	30	31	32	131	#
284	11.3002	27	28	29	30	31	32	33	131	#
285	11.3002	28	29	30	31	32	33	34	131	#
286	11.3002	29	30	31	32	33	34	35	131	#
287	11.3002	30	31	32	33	34	35	36	131	#
288	11.3002	31	32	33	34	35	36	37	131	#
289	11.3002	32	33	34	35	36	37	38	131	#
290	11.3002	33	34	35	36	37	38	39	131	#
291	11.3002	34	35	36	37	38	39	40	131	#
292	11.3002	35	36	37	38	39	40	41	131	#
293	11.3002	36	37	38	39	40	41	42	131	#
294	11.3002	37	38	39	40	41	42	43	131	#
295	11.3002	38	39	40	41	42	43	44	131	#
296	11.3002	39	40	41	42	43	44	45	131	#
297	11.3002	40	41	42	43	44	45	46	131	#
298	11.3002	41	42	43	44	45	46	47	131	#
299	11.3002	42	43	44	45	46	47	48	131	#
300	11.3002	43	44	45	46	47	48	49	131	#
301	11.3002	44	45	46	47	48	49	50	131	#
302	11.3002	45	46	47	48	49	50	51	131	#
303	11.3002	46	47	48	49	50	51	52	131	#
304	11.3002	47	48	49	50	51	52	53	131	#
305	11.3002	48	49	50	51	52	53	54	131	#
306	11.3002	49	50	51	52	53	54	55	131	#
307	11.3002	50	51	52	53	54	55	56	131	#
308	11.3002	51	52	53	54	55	56	57	131	#
309	11.3002	52	53	54	55	56	57	58	131	#
310	11.3002	53	54	55	56	57	58	59	131	#
311	11.3002	54	55	56	57	58	59	60	131	#
312	11.3002	55	56	57	58	59	60	61	131	#
313	11.3002	56	57	58	59	60	61	62	131	#
314	11.3002	57	58	59	60	61	62	63	131	#
315	11.3002	58	59	60	61	62	63	64	131	#
316	11.3002	59	60	61	62	63	64	65	131	#
317	11.3002	60	61	62	63	64	65	66	131	#
318	11.3002	61	62	63	64	65	66	67	131	#
319	11.3002	62	63	64	65	66	67	68	131	#
320	11.3002	63	64	65	66	67	68	69	131	#
321	11.3002	64	65	66	67	68	69	70	131	#
322	11.3002	65	66	67	68	69	70	71	131	#
323	11.3002	66	67	68	69	70	71	72	131	#
324	11.3002	67	68	69	70	71	72	73	131	#
325	11.3002	68	69	70	71	72	73	74	131	#
326	11.3002	69	70	71	72	73	74	75	131	#
327	11.3002	70	71	72	73	74	75	76	131	#
328	11.3002	71	72	73	74	75	76	77	131	#
329	11.3002	72	73	74	75	76	77	78	131	#
330	11.3002	73	74	75	76	77	78	79	131	#
331	11.3002	74	75	76	77	78	79	80	131	#
332	11.3002	75	76	77	78	79	80	81	131	#
333	11.3002	76	77	78	79	80	81	82	131	#
334	11.3002	77	78	79	80	81	82	83	131	#
335	11.3002	78	79	80	81	82	83	84	131	#
336	11.3002	79	80	81	82	83	84	85	131	#
337	11.3002	80	81	82	83	84	85	86	131	#
338	11.3002	81	82	83	84	85	86	87	131	#
339	11.3002	82	83	84	85	86	87	88	131	#
340	11.3002	83	84	85	86	87	88	89	131	#
341	11.3002	84	85	86	87	88	89	90	131	#
342	11.3002	85	86	87	88	89	90	91	131	#
343	11.3002	86	87	88	89	90	91	92	131	#
344	11.3002	87	88	89	90	91	92	93	131	#
345	11.3002	88	89	90	91	92	93	94	131	#
346	11.3002	89	90	91	92	93	94	95	131	#
347	11.3002	90	91	92	93	94	95	96	131	#
348	11.3002	91	92	93	94	95	96	97	131	#
349	11.3002	92	93	94	95	96	97	98	131	#
350	11.3002	93	94	95	96	97	98	99	131	#
351	11.3002	94	95	96	97	98	99	100	131	#
352	11.3002	95	96	97	98	99	100	101	131	#
353	11.3002	96	97	98	99	100	101	102	131	#
354	11.3002	97	98	99	100	101	102	103	131	#
355	11.3002	98	99	100	101	102	103	104	131	#
356	11.3002	99	100	101	102	103	104	105	131	#
357	11.3002	100	101	102	103	104	105	106	131	#
358	11.3002	101	102	103	104	105	106	107	131	#
359	11.3002	102	103	104	105	106	107	108	131	#
360	11.3002	103	104	105	106	107	108	109	131	#
361	11.3002	104	105	106	107	108	109	110	131	#
362	11.3002	105	106	107	108	109	110	111	131	#
363	11.3002	106	107	108	109	110	111	112	131	#
364	11.3002	107	108	109	110	111	112	113	131	#
365	11.3002	108	109	110	111	112	113	114	131	#
366	11.3002	109	110	111	112	113	114	115	131	#
367	11.3002	110	111	112	113	114	115	116	131	#
368	11.3002	111	112	113	114	115	116	117	131	#
369	11.3002	112	113	114	115	116	117	118	131	#
370	11.3002	113	114	115	116	117	118	119	131	#
371	7.71891	0	1	2	3	132	#
372	7.71891	1	2	3	4	132	#
373	7.71891	2	3	4	5	132	#
374	7.71891	3	4	5	6	132	#
375	7.71891	4	5	6	7	132	#
376	7.71891	5	6	7	8	132	#
377	7.71891	6	7	8	9	132	#
378	7.71891	7	8	9	10	132	#
379	7.71891	8	9	10	11	132	#
380	7.71891	9	10	11	12	132	#
381	7.71891	10	11	12	13	132	#
382	7.71891	11	12	13	14	132	#
383	7.71891	12	13	14	15	132	#
384	7.71891	13	14	15	16	132	#
385	7.71891	14	15	16	17	132	#
386	7.71891	15	16	17	18	132	#
387	7.71891	16	17	18	19	132	#
388	7.71891	17	18	19	20	132	#
389	7.71891	18	19	20	21	132	#
390	7.71891	19	20	21	22	132	#
391	7.71891	20	21	22	23	132	#
392	7.71891	21	22	23	24	132	#
393	7.71891	22	23	24	25	132	#
394	7.71891	23	24	25	26	132	#
395	7.71891	24	25	26	27	132	#
396	7.71891	25	26	27	28	132	#
397	7.71891	26	27	28	29	132	#
398	7.71891	27	28	29	30	132	#
399	7.71891	28	29	30	31	132	#
400	7.71891	29	30	31	32	132	#
401	7.71891	30	31	32	33	132	#
402	7.71891	31	32	33	34	132	#
403	7.71891	32	33	34	35	132	#
404	7.71891	33	34	35	36	132	#
405	7.71891	34	35	36	37	132	#
406	7.71891	35	36	37	38	132	#
407	7.71891	36	37	38	39	132	#
408	7.71891	37	38	39	40	132	#
409	7.71891	38	39	40	41	132	#
410	7.71891	39	40	41	42	132	#
411	7.71891	40	41	42	43	132	#
412	7.71891	41	42	43	44	132	#
413	7.71891	42	43	44	45	132	#
414	7.71891	43	44	45	46	132	#
415	7.39729	44	45	46	47	132	#
416	7.39729	45	46	47	48	132	#
417	5.29955	46	47	48	49	132	#
418	5.29955	47	48	49	50	132	#
419	5.29955	48	49	50	51	132	#
420	5.29955	49	50	51	52	132	#
421	5.29955	50	51	52	53	132	#
422	5.29955	51	52	53	54	132	#
423	5.29955	52	53	54	55	132	#
424	5.29955	53	54	55	56	132	#
425	5.29955	54	55	56	57	132	#
426	5.29955	55	56	57	58	132	#
427	5.29955	56	57	58	59	132	#
428	5.29955	57	58	59	60	132	#
429	5.29955	58	59	60	61	132	#
430	5.29955	59	60	61	62	132	#
431	5.29955	60	61	62	63	132	#
432	5.29955	61	62	63	64	132	#
433	5.29955	62	63	64	65	132	#
434	5.29955	63	64	65	66	132	#
435	5.29955	64	65	66	67	132	#
436	3.51554	65	66	67	68	132	#
437	3.51554	66	67	68	69	132	#
438	3.51554	67	68	69	70	132	#
439	3.51554	68	69	70	71	132	#
440	3.51554	69	70	71	72	132	#
441	3.51554	70	71	72	73	132	#
442	3.51554	71	72	73	74	132	#
443	3.51554	72	73	74	75	132	#
444	3.51554	73	74	75	76	132	#
445	3.51554	74	75	76	77	132	#
446	3.51554	75	76	77	78	132	#
447	3.51554	76	77	78	79	132	#
448	3.51554	77	78	79	80	132	#
449	3.51554	78	79	80	81	132	#
450	3.51554	79	80	81	82	132	#
451	3.51554	80	81	82	83	132	#
452	3.51554	81	82	83	84	132	#
453	3.51554	82	83	84	85	132	#
454	3.51554	83	84	85	86	132	#
455	3.51554	84	85	86	87	132	#
456	3.51554	85	86	87	88	132	#
457	3.51554	86	87	88	89	132	#
458	3.51554	87	88	89	90	132	#
459	3.51554	88	89	90	91	132	#
460	3.51554	89	90	91	92	132	#
461	3.51554	90	91	92	93	132	#
462	3.51554	91	92	93	94	132	#
463	3.51554	92	93	94	95	132	#
464	3.51554	93	94	95	96	132	#
465	3.51554	94	95	96	97	132	#
466	3.51554	95	96	97	98	132	#
467	3.51554	96	97	98	99	132	#
468	3.51554	97	98	99	100	132	#
469	3.51554	98	99	100	101	132	#
470	3.48108	99	100	101	102	132	#
471	3.22791	100	101	102	103	132	#
472	3.22791	101	102	103	104	132	#
473	3.22791	102	103	104	105	132	#
474	3.22791	103	104	105	106	132	#
475	3.22791	104	105	106	107	132	#
476	3.22791	105	106	107	108	132	#
477	3.22791	106	107	108	109	132	#
478	3.22791	107	108	109	110	132	#
479	2.95891	108	109	110	111	132	#
480	2.95891	109	110	111	112	132	#
481	2.95891	110	111	112	113	132	#
482	2.95891	111	112	113	114	132	#
483	2.95891	112	113	114	115	132	#
484	2.95891	113	114	115	116	132	#
485	2.95891	114	115	116	117	132	#
486	2.95891	115	116	117	118	132	#
487	2.95891	116	117	118	119	132	#
488	2.95891	117	118	119	120	132	#
489	23.4933	0	1	2	3	4	5	6	7	8	9	133	#
490	23.4933	1	2	3	4	5	6	7	8	9	10	133	#
491	23.4933	2	3	4	5	6	7	8	9	10	11	133	#
492	23.4933	3	4	5	6	7	8	9	10	11	12	133	#
493	23.4933	4	5	6	7	8	9	10	11	12	13	133	#
494	23.4933	5	6	7	8	9	10	11	12	13	14	133	#
495	23.4933	6	7	8	9	10	11	12	13	14	15	133	#
496	23.4933	7	8	9	10	11	12	13	14	15	16	133	#
497	23.4933	8	9	10	11	12	13	14	15	16	17	133	#
498	23.4933	9	10	11	12	13	14	15	16	17	18	133	#
499	23.4933	10	11	12	13	14	15	16	17	18	19	133	#
500	23.4933	11	12	13	14	15	16	17	18	19	20	133	#
501	23.4933	12	13	14	15	16	17	18	19	20	21	133	#
502	23.4933	13	14	15	16	17	18	19	20	21	22	133	#
503	23.4933	14	15	16	17	18	19	20	21	22	23	133	#
504	23.4933	15	16	17	18	19	20	21	22	23	24	133	#
505	23.4933	16	17	18	19	20	21	22	23	24	25	133	#
506	23.4933	17	18	19	20	21	22	23	24	25	26	133	#
507	23.4933	18	19	20	21	22	23	24	25	26	27	133	#
508	23.4933	19	20	21	22	23	24	25	26	27	28	133	#
509	23.4933	20	21	22	23	24	25	26	27	28	29	133	#
510	23.4933	21	22	23	24	25	26	27	28	29	30	133	#
511	23.4933	22	23	24	25	26	27	28	29	30	31	133	#
512	23.4933	23	24	25	26	27	28	29	30	31	32	133	#
513	23.4933	24	25	26	27	28	29	30	31	32	33	133	#
514	23.4933	25	26	27	28	29	30	31	32	33	34	133	#
515	23.4933	26	27	28	29	30	31	32	33	34	35	133	#
516	23.4933	27	28	29	30	31	32	33	34	35	36	133	#
517	23.4933	28	29	30	31	32	33	34	35	36	37	133	#
518	23.4933	29	30	31	32	33	34	35	36	37	38	133	#
519	23.4933	30	31	32	33	34	35	36	37	38	39	133	#
520	23.4933	31	32	33	34	35	36	37	38	39	40	133	#
521	23.4933	32	33	34	35	36	37	38	39	40	41	133	#
522	23.4933	33	34	35	36	37	38	39	40	41	42	133	#
523	23.4933	34	35	36	37	38	39	40	41	42	43	133	#
524	23.4933	35	36	37	38	39	40	41	42	43	44	133	#
525	23.4933	36	37	38	39	40	41	42	43	44	45	133	#
526	23.4933	37	38	39	40	41	42	43	44	45	46	133	#
527	23.4933	38	39	40	41	42	43	44	45	46	47	133	#
528	23.4933	39	40	41	42	43	44	45	46	47	48	133	#
529	23.4933	40	41	42	43	44	45	46	47	48	49	133	#
530	23.4933	41	42	43	44	45	46	47	48	49	50	133	#
531	23.4933	42	43	44	45	46	47	48	49	50	51	133	#
532	23.4933	43	44	45	46	47	48	49	50	51	52	133	#
533	23.4933	44	45	46	47	48	49	50	51	52	53	133	#
534	23.4933	45	46	47	48	49	50	51	52	53	54	133	#
535	23.4933	46	47	48	49	50	51	52	53	54	55	133	#
536	23.4933	47	48	49	50	51	52	53	54	55	56	133	#
537	23.4933	48	49	50	51	52	53	54	55	56	57	133	#
538	23.4933	49	50	51	52	53	54	55	56	57	58	133	#
539	23.4933	50	51	52	53	54	55	56	57	58	59	133	#
540	23.4933	51	52	53	54	55	56	57	58	59	60	133	#
541	23.4933	52	53	54	55	56	57	58	59	60	61	133	#
542	23.4933	53	54	55	56	57	58	59	60	61	62	133	#
543	23.4933	54	55	56	57	58	59	60	61	62	63	133	#
544	23.4933	55	56	57	58	59	60	61	62	63	64	133	#
545	23.4933	56	57	58	59	60	61	62	63	64	65	133	#
546	23.4933	57	58	59	60	61	62	63	64	65	66	133	#
547	23.4933	58	59	60	61	62	63	64	65	66	67	133	#
548	23.4933	59	60	61	62	63	64	65	66	67	68	133	#
549	23.4933	60	61	62	63	64	65	66	67	68	69	133	#
550	23.4933	61	62	63	64	65	66	67	68	69	70	133	#
551	23.4933	62	63	64	65	66	67	68	69	70	71	133	#
552	23.4933	63	64	65	66	67	68	69	70	71	72	133	#
553	23.4933	64	65	66	67	68	69	70	71	72	73	133	#
554	23.4933	65	66	67	68	69	70	71	72	73	74	133	#
555	23.4933	66	67	68	69	70	71	72	73	74	75	133	#
556	23.4933	67	68	69	70	71	72	73	74	75	76	133	#
557	23.4933	68	69	70	71	72	73	74	75	76	77	133	#
558	23.4933	69	70	71	72	73	74	75	76	77	78	133	#
559	23.4933	70	71	72	73	74	75	76	77	78	79	133	#
560	23.4933	71	72	73	74	75	76	77	78	79	80	133	#
561	23.4933	72	73	74	75	76	77	78	79	80	81	133	#
562	23.4933	73	74	75	76	77	78	79	80	81	82	133	#
563	23.4933	74	75	76	77	78	79	80	81	82	83	133	#
564	23.4933	75	76	77	78	79	80	81	82	83	84	133	#
565	23.4933	76	77	78	79	80	81	82	83	84	85	133	#
566	23.4933	77	78	79	80	81	82	83	84	85	86	133	#
567	23.4933	78	79	80	81	82	83	84	85	86	87	133	#
568	23.4933	79	80	81	82	83	84	85	86	87	88	133	#
569	23.4933	80	81	82	83	84	85	86	87	88	89	133	#
570	23.4933	81	82	83	84	85	86	87	88	89	90	133	#
571	23.4933	82	83	84	85	86	87	88	89	90	91	133	#
572	23.4933	83	84	85	86	87	88	89	90	91	92	133	#
573	17.2911	84	85	86	87	88	89	90	91	92	93	133	#
574	17.2911	85	86	87	88	89	90	91	92	93	94	133	#
575	17.2911	86	87	88	89	90	91	92	93	94	95	133	#
576	17.2911	87	88	89	90	91	92	93	94	95	96	133	#
577	17.2911	88	89	90	91	92	93	94	95	96	97	133	#
578	17.2911	89	90	91	92	93	94	95	96	97	98	133	#
579	17.2911	90	91	92	93	94	95	96	97	98	99	133	#
580	17.2911	91	92	93	94	95	96	97	98	99	100	133	#
581	17.2911	92	93	94	95	96	97	98	99	100	101	133	#
582	17.2911	93	94	95	96	97	98	99	100	101	102	133	#
583	17.2911	94	95	96	97	98	99	100	101	102	103	133	#
584	17.2911	95	96	97	98	99	100	101	102	103	104	133	#
585	17.2911	96	97	98	99	100	101	102	103	104	105	133	#
586	17.2911	97	98	99	100	101	102	103	104	105	106	133	#
587	17.2911	98	99	100	101	102	103	104	105	106	107	133	#
588	17.2911	99	100	101	102	103	104	105	106	107	108	133	#
589	17.2911	100	101	102	103	104	105	106	107	108	109	133	#
590	17.2911	101	102	103	104	105	106	107	108	109	110	133	#
591	17.2911	102	103	104	105	106	107	108	109	110	111	133	#
592	17.2911	103	104	105	106	107	108	109	110	111	112	133	#
593	17.2911	104	105	106	107	108	109	110	111	112	113	133	#
594	17.2911	105	106	107	108	109	110	111	112	113	114	133	#
595	17.2911	106	107	108	109	110	111	112	113	114	115	133	#
596	17.2911	107	108	109	110	111	112	113	114	115	116	133	#
597	17.2911	108	109	110	111	112	113	114	115	116	117	133	#
598	17.2911	109	110	111	112	113	114	115	116	117	118	133	#
599	17.2911	110	111	112	113	114	115	116	117	118	119	133	#
600	17.2911	111	112	113	114	115	116	117	118	119	120	133	#
601	17.2911	112	113	114	115	116	117	118	119	120	121	133	#
602	17.2911	113	114	115	116	117	118	119	120	121	122	133	#
603	17.2911	114	115	116	117	118	119	120	121	122	123	133	#
604	17.2911	115	116	117	118	119	120	121	122	123	124	133	#
605	17.2911	116	117	118	119	120	121	122	123	124	125	133	#
606	17.0188	117	118	119	120	121	122	123	124	125	126	133	#
607	17.0188	118	119	120	121	122	123	124	125	126	127	133	#
