%% File generated by CATS v.2.1Thu May  9 13:09:10 2024

%% The CATS webpage is http://robotics.stanford.edu/CATS

%% PARAMETER SETTINGS:
% Goods: 128; Bids: 500; Distribution: scheduling; Runs: 1; Seed: 53
% Scheduling Distribution Parameters:
% max_length                = 10
% deviation                 = 0.500000
% prob_additional_deadline  = 0.700000
% additivity                = 0.200000



goods 128
bids 562
dummy 6

0	7.58238	0	1	2	3	4	5	6	128	#
1	7.58238	1	2	3	4	5	6	7	128	#
2	7.58238	2	3	4	5	6	7	8	128	#
3	7.58238	3	4	5	6	7	8	9	128	#
4	7.58238	4	5	6	7	8	9	10	128	#
5	7.58238	5	6	7	8	9	10	11	128	#
6	7.58238	6	7	8	9	10	11	12	128	#
7	7.58238	7	8	9	10	11	12	13	128	#
8	7.58238	8	9	10	11	12	13	14	128	#
9	7.58238	9	10	11	12	13	14	15	128	#
10	7.58238	10	11	12	13	14	15	16	128	#
11	7.58238	11	12	13	14	15	16	17	128	#
12	7.58238	12	13	14	15	16	17	18	128	#
13	7.58238	13	14	15	16	17	18	19	128	#
14	7.58238	14	15	16	17	18	19	20	128	#
15	7.58238	15	16	17	18	19	20	21	128	#
16	7.58238	16	17	18	19	20	21	22	128	#
17	7.58238	17	18	19	20	21	22	23	128	#
18	7.58238	18	19	20	21	22	23	24	128	#
19	7.58238	19	20	21	22	23	24	25	128	#
20	7.58238	20	21	22	23	24	25	26	128	#
21	7.58238	21	22	23	24	25	26	27	128	#
22	7.58238	22	23	24	25	26	27	28	128	#
23	7.58238	23	24	25	26	27	28	29	128	#
24	7.58238	24	25	26	27	28	29	30	128	#
25	7.58238	25	26	27	28	29	30	31	128	#
26	7.58238	26	27	28	29	30	31	32	128	#
27	7.58238	27	28	29	30	31	32	33	128	#
28	7.58238	28	29	30	31	32	33	34	128	#
29	7.58238	29	30	31	32	33	34	35	128	#
30	7.58238	30	31	32	33	34	35	36	128	#
31	7.58238	31	32	33	34	35	36	37	128	#
32	7.58238	32	33	34	35	36	37	38	128	#
33	7.58238	33	34	35	36	37	38	39	128	#
34	7.58238	34	35	36	37	38	39	40	128	#
35	7.58238	35	36	37	38	39	40	41	128	#
36	7.58238	36	37	38	39	40	41	42	128	#
37	7.58238	37	38	39	40	41	42	43	128	#
38	7.58238	38	39	40	41	42	43	44	128	#
39	7.58238	39	40	41	42	43	44	45	128	#
40	7.58238	40	41	42	43	44	45	46	128	#
41	7.58238	41	42	43	44	45	46	47	128	#
42	7.58238	42	43	44	45	46	47	48	128	#
43	7.58238	43	44	45	46	47	48	49	128	#
44	7.58238	44	45	46	47	48	49	50	128	#
45	7.58238	45	46	47	48	49	50	51	128	#
46	7.58238	46	47	48	49	50	51	52	128	#
47	7.58238	47	48	49	50	51	52	53	128	#
48	7.58238	48	49	50	51	52	53	54	128	#
49	7.58238	49	50	51	52	53	54	55	128	#
50	7.58238	50	51	52	53	54	55	56	128	#
51	7.58238	51	52	53	54	55	56	57	128	#
52	7.58238	52	53	54	55	56	57	58	128	#
53	7.58238	53	54	55	56	57	58	59	128	#
54	7.58238	54	55	56	57	58	59	60	128	#
55	7.58238	55	56	57	58	59	60	61	128	#
56	7.58238	56	57	58	59	60	61	62	128	#
57	7.58238	57	58	59	60	61	62	63	128	#
58	7.58238	58	59	60	61	62	63	64	128	#
59	7.58238	59	60	61	62	63	64	65	128	#
60	7.58238	60	61	62	63	64	65	66	128	#
61	7.58238	61	62	63	64	65	66	67	128	#
62	7.58238	62	63	64	65	66	67	68	128	#
63	7.58238	63	64	65	66	67	68	69	128	#
64	7.58238	64	65	66	67	68	69	70	128	#
65	7.58238	65	66	67	68	69	70	71	128	#
66	7.58238	66	67	68	69	70	71	72	128	#
67	7.58238	67	68	69	70	71	72	73	128	#
68	7.58238	68	69	70	71	72	73	74	128	#
69	7.58238	69	70	71	72	73	74	75	128	#
70	7.58238	70	71	72	73	74	75	76	128	#
71	7.58238	71	72	73	74	75	76	77	128	#
72	1.87734	0	1	129	#
73	1.87734	1	2	129	#
74	1.87734	2	3	129	#
75	1.87734	3	4	129	#
76	1.87734	4	5	129	#
77	1.87734	5	6	129	#
78	1.87734	6	7	129	#
79	1.87734	7	8	129	#
80	1.87734	8	9	129	#
81	1.87734	9	10	129	#
82	1.87734	10	11	129	#
83	1.87734	11	12	129	#
84	1.87734	12	13	129	#
85	1.87734	13	14	129	#
86	1.87734	14	15	129	#
87	1.87734	15	16	129	#
88	0.326494	16	17	129	#
89	0.326494	17	18	129	#
90	0.326494	18	19	129	#
91	0.326494	19	20	129	#
92	0.326494	20	21	129	#
93	0.326494	21	22	129	#
94	0.326494	22	23	129	#
95	0.326494	23	24	129	#
96	0.326494	24	25	129	#
97	0.326494	25	26	129	#
98	0.326494	26	27	129	#
99	0.326494	27	28	129	#
100	0.326494	28	29	129	#
101	0.326494	29	30	129	#
102	0.326494	30	31	129	#
103	0.326494	31	32	129	#
104	0.326494	32	33	129	#
105	0.326494	33	34	129	#
106	0.326494	34	35	129	#
107	0.326494	35	36	129	#
108	0.326494	36	37	129	#
109	0.326494	37	38	129	#
110	0.326494	38	39	129	#
111	0.326494	39	40	129	#
112	0.326494	40	41	129	#
113	0.326494	41	42	129	#
114	0.326494	42	43	129	#
115	0.326494	43	44	129	#
116	0.326494	44	45	129	#
117	0.326494	45	46	129	#
118	0.326494	46	47	129	#
119	0.326494	47	48	129	#
120	0.326494	48	49	129	#
121	0.326494	49	50	129	#
122	0.326494	50	51	129	#
123	0.326494	51	52	129	#
124	0.326494	52	53	129	#
125	0.326494	53	54	129	#
126	0.326494	54	55	129	#
127	0.326494	55	56	129	#
128	0.326494	56	57	129	#
129	0.326494	57	58	129	#
130	0.326494	58	59	129	#
131	0.326494	59	60	129	#
132	0.326494	60	61	129	#
133	0.326494	61	62	129	#
134	0.326494	62	63	129	#
135	0.326494	63	64	129	#
136	0.326494	64	65	129	#
137	0.326494	65	66	129	#
138	0.326494	66	67	129	#
139	0.326494	67	68	129	#
140	0.326494	68	69	129	#
141	0.326494	69	70	129	#
142	0.326494	70	71	129	#
143	0.326494	71	72	129	#
144	0.326494	72	73	129	#
145	0.326494	73	74	129	#
146	0.326494	74	75	129	#
147	0.326494	75	76	129	#
148	0.326494	76	77	129	#
149	0.326494	77	78	129	#
150	0.326494	78	79	129	#
151	0.326494	79	80	129	#
152	0.326494	80	81	129	#
153	0.326494	81	82	129	#
154	0.326494	82	83	129	#
155	0.326494	83	84	129	#
156	0.326494	84	85	129	#
157	0.326494	85	86	129	#
158	0.326494	86	87	129	#
159	0.326494	87	88	129	#
160	0.326494	88	89	129	#
161	0.326494	89	90	129	#
162	0.326494	90	91	129	#
163	0.326494	91	92	129	#
164	9.60272	0	1	2	3	4	130	#
165	9.60272	1	2	3	4	5	130	#
166	9.60272	2	3	4	5	6	130	#
167	9.60272	3	4	5	6	7	130	#
168	9.60272	4	5	6	7	8	130	#
169	9.60272	5	6	7	8	9	130	#
170	9.60272	6	7	8	9	10	130	#
171	9.60272	7	8	9	10	11	130	#
172	9.60272	8	9	10	11	12	130	#
173	9.60272	9	10	11	12	13	130	#
174	9.60272	10	11	12	13	14	130	#
175	9.60272	11	12	13	14	15	130	#
176	9.60272	12	13	14	15	16	130	#
177	9.60272	13	14	15	16	17	130	#
178	9.60272	14	15	16	17	18	130	#
179	9.60272	15	16	17	18	19	130	#
180	9.60272	16	17	18	19	20	130	#
181	9.60272	17	18	19	20	21	130	#
182	9.60272	18	19	20	21	22	130	#
183	9.60272	19	20	21	22	23	130	#
184	9.60272	20	21	22	23	24	130	#
185	9.60272	21	22	23	24	25	130	#
186	9.60272	22	23	24	25	26	130	#
187	9.60272	23	24	25	26	27	130	#
188	9.60272	24	25	26	27	28	130	#
189	9.60272	25	26	27	28	29	130	#
190	9.60272	26	27	28	29	30	130	#
191	2.5494	27	28	29	30	31	130	#
192	2.5494	28	29	30	31	32	130	#
193	2.5494	29	30	31	32	33	130	#
194	2.5494	30	31	32	33	34	130	#
195	2.5494	31	32	33	34	35	130	#
196	2.5494	32	33	34	35	36	130	#
197	2.5494	33	34	35	36	37	130	#
198	2.5494	34	35	36	37	38	130	#
199	2.5494	35	36	37	38	39	130	#
200	2.5494	36	37	38	39	40	130	#
201	2.5494	37	38	39	40	41	130	#
202	2.5494	38	39	40	41	42	130	#
203	2.5494	39	40	41	42	43	130	#
204	2.5494	40	41	42	43	44	130	#
205	2.5494	41	42	43	44	45	130	#
206	2.5494	42	43	44	45	46	130	#
207	2.5494	43	44	45	46	47	130	#
208	2.5494	44	45	46	47	48	130	#
209	2.5494	45	46	47	48	49	130	#
210	2.5494	46	47	48	49	50	130	#
211	2.5494	47	48	49	50	51	130	#
212	2.5494	48	49	50	51	52	130	#
213	2.5494	49	50	51	52	53	130	#
214	2.5494	50	51	52	53	54	130	#
215	2.5494	51	52	53	54	55	130	#
216	2.5494	52	53	54	55	56	130	#
217	2.5494	53	54	55	56	57	130	#
218	2.5494	54	55	56	57	58	130	#
219	2.5494	55	56	57	58	59	130	#
220	2.5494	56	57	58	59	60	130	#
221	2.5494	57	58	59	60	61	130	#
222	2.5494	58	59	60	61	62	130	#
223	2.5494	59	60	61	62	63	130	#
224	2.5494	60	61	62	63	64	130	#
225	2.5494	61	62	63	64	65	130	#
226	2.5494	62	63	64	65	66	130	#
227	2.5494	63	64	65	66	67	130	#
228	2.5494	64	65	66	67	68	130	#
229	2.5494	65	66	67	68	69	130	#
230	2.5494	66	67	68	69	70	130	#
231	2.5494	67	68	69	70	71	130	#
232	2.5494	68	69	70	71	72	130	#
233	2.5494	69	70	71	72	73	130	#
234	2.5494	70	71	72	73	74	130	#
235	2.5494	71	72	73	74	75	130	#
236	2.5494	72	73	74	75	76	130	#
237	2.5494	73	74	75	76	77	130	#
238	2.5494	74	75	76	77	78	130	#
239	2.5494	75	76	77	78	79	130	#
240	2.5494	76	77	78	79	80	130	#
241	2.5494	77	78	79	80	81	130	#
242	2.5494	78	79	80	81	82	130	#
243	2.5494	79	80	81	82	83	130	#
244	2.5494	80	81	82	83	84	130	#
245	2.5494	81	82	83	84	85	130	#
246	2.5494	82	83	84	85	86	130	#
247	2.5494	83	84	85	86	87	130	#
248	2.5494	84	85	86	87	88	130	#
249	2.5494	85	86	87	88	89	130	#
250	2.5494	86	87	88	89	90	130	#
251	2.5494	87	88	89	90	91	130	#
252	2.5494	88	89	90	91	92	130	#
253	2.5494	89	90	91	92	93	130	#
254	2.5494	90	91	92	93	94	130	#
255	2.5494	91	92	93	94	95	130	#
256	2.5494	92	93	94	95	96	130	#
257	2.5494	93	94	95	96	97	130	#
258	2.5494	94	95	96	97	98	130	#
259	2.5494	95	96	97	98	99	130	#
260	2.5494	96	97	98	99	100	130	#
261	2.5494	97	98	99	100	101	130	#
262	2.5494	98	99	100	101	102	130	#
263	2.5494	99	100	101	102	103	130	#
264	2.5494	100	101	102	103	104	130	#
265	2.5494	101	102	103	104	105	130	#
266	2.5494	102	103	104	105	106	130	#
267	2.5494	103	104	105	106	107	130	#
268	2.5494	104	105	106	107	108	130	#
269	2.5494	105	106	107	108	109	130	#
270	2.5494	106	107	108	109	110	130	#
271	2.5494	107	108	109	110	111	130	#
272	2.5494	108	109	110	111	112	130	#
273	2.5494	109	110	111	112	113	130	#
274	2.34213	110	111	112	113	114	130	#
275	2.34213	111	112	113	114	115	130	#
276	2.34213	112	113	114	115	116	130	#
277	2.34213	113	114	115	116	117	130	#
278	2.34213	114	115	116	117	118	130	#
279	2.34213	115	116	117	118	119	130	#
280	2.34213	116	117	118	119	120	130	#
281	2.34213	117	118	119	120	121	130	#
282	2.34213	118	119	120	121	122	130	#
283	2.34213	119	120	121	122	123	130	#
284	2.26836	120	121	122	123	124	130	#
285	2.26836	121	122	123	124	125	130	#
286	2.26836	122	123	124	125	126	130	#
287	2.26836	123	124	125	126	127	130	#
288	3.92619	0	1	2	3	4	131	#
289	3.92619	1	2	3	4	5	131	#
290	3.92619	2	3	4	5	6	131	#
291	3.92619	3	4	5	6	7	131	#
292	3.92619	4	5	6	7	8	131	#
293	3.92619	5	6	7	8	9	131	#
294	3.92619	6	7	8	9	10	131	#
295	3.92619	7	8	9	10	11	131	#
296	3.92619	8	9	10	11	12	131	#
297	3.92619	9	10	11	12	13	131	#
298	3.92619	10	11	12	13	14	131	#
299	3.92619	11	12	13	14	15	131	#
300	3.92619	12	13	14	15	16	131	#
301	3.92619	13	14	15	16	17	131	#
302	3.92619	14	15	16	17	18	131	#
303	3.92619	15	16	17	18	19	131	#
304	3.92619	16	17	18	19	20	131	#
305	3.92619	17	18	19	20	21	131	#
306	3.92619	18	19	20	21	22	131	#
307	3.92619	19	20	21	22	23	131	#
308	3.92619	20	21	22	23	24	131	#
309	3.92619	21	22	23	24	25	131	#
310	3.92619	22	23	24	25	26	131	#
311	3.92619	23	24	25	26	27	131	#
312	3.92619	24	25	26	27	28	131	#
313	3.92619	25	26	27	28	29	131	#
314	3.92619	26	27	28	29	30	131	#
315	3.92619	27	28	29	30	31	131	#
316	3.92619	28	29	30	31	32	131	#
317	3.92619	29	30	31	32	33	131	#
318	3.92619	30	31	32	33	34	131	#
319	3.92619	31	32	33	34	35	131	#
320	3.92619	32	33	34	35	36	131	#
321	3.92619	33	34	35	36	37	131	#
322	3.92619	34	35	36	37	38	131	#
323	3.92619	35	36	37	38	39	131	#
324	3.92619	36	37	38	39	40	131	#
325	3.92619	37	38	39	40	41	131	#
326	3.92619	38	39	40	41	42	131	#
327	3.92619	39	40	41	42	43	131	#
328	3.92619	40	41	42	43	44	131	#
329	3.92619	41	42	43	44	45	131	#
330	3.92619	42	43	44	45	46	131	#
331	3.92619	43	44	45	46	47	131	#
332	3.92619	44	45	46	47	48	131	#
333	3.92619	45	46	47	48	49	131	#
334	3.92619	46	47	48	49	50	131	#
335	3.92619	47	48	49	50	51	131	#
336	3.92619	48	49	50	51	52	131	#
337	3.92619	49	50	51	52	53	131	#
338	3.92619	50	51	52	53	54	131	#
339	2.18571	51	52	53	54	55	131	#
340	2.18571	52	53	54	55	56	131	#
341	2.18571	53	54	55	56	57	131	#
342	2.18571	54	55	56	57	58	131	#
343	2.18571	55	56	57	58	59	131	#
344	2.18571	56	57	58	59	60	131	#
345	2.18571	57	58	59	60	61	131	#
346	2.18571	58	59	60	61	62	131	#
347	2.18571	59	60	61	62	63	131	#
348	2.18571	60	61	62	63	64	131	#
349	2.18571	61	62	63	64	65	131	#
350	2.18571	62	63	64	65	66	131	#
351	2.18571	63	64	65	66	67	131	#
352	2.18571	64	65	66	67	68	131	#
353	2.18571	65	66	67	68	69	131	#
354	2.18571	66	67	68	69	70	131	#
355	2.18571	67	68	69	70	71	131	#
356	2.18571	68	69	70	71	72	131	#
357	2.18571	69	70	71	72	73	131	#
358	2.18571	70	71	72	73	74	131	#
359	2.18571	71	72	73	74	75	131	#
360	2.18571	72	73	74	75	76	131	#
361	2.18571	73	74	75	76	77	131	#
362	2.18571	74	75	76	77	78	131	#
363	2.18571	75	76	77	78	79	131	#
364	2.18571	76	77	78	79	80	131	#
365	2.18571	77	78	79	80	81	131	#
366	2.18571	78	79	80	81	82	131	#
367	2.18571	79	80	81	82	83	131	#
368	2.18571	80	81	82	83	84	131	#
369	2.18571	81	82	83	84	85	131	#
370	2.18571	82	83	84	85	86	131	#
371	2.18571	83	84	85	86	87	131	#
372	2.18571	84	85	86	87	88	131	#
373	2.18571	85	86	87	88	89	131	#
374	2.18571	86	87	88	89	90	131	#
375	2.18571	87	88	89	90	91	131	#
376	2.18571	88	89	90	91	92	131	#
377	2.18571	89	90	91	92	93	131	#
378	2.18571	90	91	92	93	94	131	#
379	2.18571	91	92	93	94	95	131	#
380	2.18571	92	93	94	95	96	131	#
381	2.18571	93	94	95	96	97	131	#
382	20.3146	0	1	2	3	4	5	6	7	8	9	132	#
383	20.3146	1	2	3	4	5	6	7	8	9	10	132	#
384	20.3146	2	3	4	5	6	7	8	9	10	11	132	#
385	20.3146	3	4	5	6	7	8	9	10	11	12	132	#
386	20.3146	4	5	6	7	8	9	10	11	12	13	132	#
387	20.3146	5	6	7	8	9	10	11	12	13	14	132	#
388	20.3146	6	7	8	9	10	11	12	13	14	15	132	#
389	20.3146	7	8	9	10	11	12	13	14	15	16	132	#
390	20.3146	8	9	10	11	12	13	14	15	16	17	132	#
391	20.3146	9	10	11	12	13	14	15	16	17	18	132	#
392	20.3146	10	11	12	13	14	15	16	17	18	19	132	#
393	20.3146	11	12	13	14	15	16	17	18	19	20	132	#
394	20.3146	12	13	14	15	16	17	18	19	20	21	132	#
395	20.3146	13	14	15	16	17	18	19	20	21	22	132	#
396	20.3146	14	15	16	17	18	19	20	21	22	23	132	#
397	20.3146	15	16	17	18	19	20	21	22	23	24	132	#
398	20.3146	16	17	18	19	20	21	22	23	24	25	132	#
399	20.3146	17	18	19	20	21	22	23	24	25	26	132	#
400	20.3146	18	19	20	21	22	23	24	25	26	27	132	#
401	20.3146	19	20	21	22	23	24	25	26	27	28	132	#
402	20.3146	20	21	22	23	24	25	26	27	28	29	132	#
403	20.3146	21	22	23	24	25	26	27	28	29	30	132	#
404	20.3146	22	23	24	25	26	27	28	29	30	31	132	#
405	20.3146	23	24	25	26	27	28	29	30	31	32	132	#
406	20.3146	24	25	26	27	28	29	30	31	32	33	132	#
407	20.3146	25	26	27	28	29	30	31	32	33	34	132	#
408	20.3146	26	27	28	29	30	31	32	33	34	35	132	#
409	20.3146	27	28	29	30	31	32	33	34	35	36	132	#
410	20.3146	28	29	30	31	32	33	34	35	36	37	132	#
411	20.3146	29	30	31	32	33	34	35	36	37	38	132	#
412	20.3146	30	31	32	33	34	35	36	37	38	39	132	#
413	20.3146	31	32	33	34	35	36	37	38	39	40	132	#
414	20.3146	32	33	34	35	36	37	38	39	40	41	132	#
415	20.3146	33	34	35	36	37	38	39	40	41	42	132	#
416	20.3146	34	35	36	37	38	39	40	41	42	43	132	#
417	20.3146	35	36	37	38	39	40	41	42	43	44	132	#
418	20.3146	36	37	38	39	40	41	42	43	44	45	132	#
419	20.3146	37	38	39	40	41	42	43	44	45	46	132	#
420	20.3146	38	39	40	41	42	43	44	45	46	47	132	#
421	20.3146	39	40	41	42	43	44	45	46	47	48	132	#
422	20.3146	40	41	42	43	44	45	46	47	48	49	132	#
423	20.3146	41	42	43	44	45	46	47	48	49	50	132	#
424	20.3146	42	43	44	45	46	47	48	49	50	51	132	#
425	20.3146	43	44	45	46	47	48	49	50	51	52	132	#
426	20.3146	44	45	46	47	48	49	50	51	52	53	132	#
427	20.3146	45	46	47	48	49	50	51	52	53	54	132	#
428	20.3146	46	47	48	49	50	51	52	53	54	55	132	#
429	20.3146	47	48	49	50	51	52	53	54	55	56	132	#
430	20.3146	48	49	50	51	52	53	54	55	56	57	132	#
431	20.3146	49	50	51	52	53	54	55	56	57	58	132	#
432	20.3146	50	51	52	53	54	55	56	57	58	59	132	#
433	20.3146	51	52	53	54	55	56	57	58	59	60	132	#
434	20.3146	52	53	54	55	56	57	58	59	60	61	132	#
435	20.3146	53	54	55	56	57	58	59	60	61	62	132	#
436	20.3146	54	55	56	57	58	59	60	61	62	63	132	#
437	20.3146	55	56	57	58	59	60	61	62	63	64	132	#
438	20.3146	56	57	58	59	60	61	62	63	64	65	132	#
439	20.3146	57	58	59	60	61	62	63	64	65	66	132	#
440	20.3146	58	59	60	61	62	63	64	65	66	67	132	#
441	20.3146	59	60	61	62	63	64	65	66	67	68	132	#
442	20.3146	60	61	62	63	64	65	66	67	68	69	132	#
443	20.3146	61	62	63	64	65	66	67	68	69	70	132	#
444	20.3146	62	63	64	65	66	67	68	69	70	71	132	#
445	20.3146	63	64	65	66	67	68	69	70	71	72	132	#
446	20.3146	64	65	66	67	68	69	70	71	72	73	132	#
447	20.3146	65	66	67	68	69	70	71	72	73	74	132	#
448	20.3146	66	67	68	69	70	71	72	73	74	75	132	#
449	20.3146	67	68	69	70	71	72	73	74	75	76	132	#
450	20.3146	68	69	70	71	72	73	74	75	76	77	132	#
451	20.3146	69	70	71	72	73	74	75	76	77	78	132	#
452	20.3146	70	71	72	73	74	75	76	77	78	79	132	#
453	20.3146	71	72	73	74	75	76	77	78	79	80	132	#
454	20.3146	72	73	74	75	76	77	78	79	80	81	132	#
455	20.3146	73	74	75	76	77	78	79	80	81	82	132	#
456	20.3146	74	75	76	77	78	79	80	81	82	83	132	#
457	20.3146	75	76	77	78	79	80	81	82	83	84	132	#
458	20.3146	76	77	78	79	80	81	82	83	84	85	132	#
459	20.3146	77	78	79	80	81	82	83	84	85	86	132	#
460	20.3146	78	79	80	81	82	83	84	85	86	87	132	#
461	20.3146	79	80	81	82	83	84	85	86	87	88	132	#
462	20.3146	80	81	82	83	84	85	86	87	88	89	132	#
463	20.3146	81	82	83	84	85	86	87	88	89	90	132	#
464	20.3146	82	83	84	85	86	87	88	89	90	91	132	#
465	20.3146	83	84	85	86	87	88	89	90	91	92	132	#
466	20.3146	84	85	86	87	88	89	90	91	92	93	132	#
467	20.3146	85	86	87	88	89	90	91	92	93	94	132	#
468	20.3146	86	87	88	89	90	91	92	93	94	95	132	#
469	20.3146	87	88	89	90	91	92	93	94	95	96	132	#
470	20.3146	88	89	90	91	92	93	94	95	96	97	132	#
471	20.3146	89	90	91	92	93	94	95	96	97	98	132	#
472	20.3146	90	91	92	93	94	95	96	97	98	99	132	#
473	22.8816	0	1	2	3	4	5	6	7	8	9	133	#
474	22.8816	1	2	3	4	5	6	7	8	9	10	133	#
475	22.8816	2	3	4	5	6	7	8	9	10	11	133	#
476	22.8816	3	4	5	6	7	8	9	10	11	12	133	#
477	22.8816	4	5	6	7	8	9	10	11	12	13	133	#
478	22.8816	5	6	7	8	9	10	11	12	13	14	133	#
479	22.8816	6	7	8	9	10	11	12	13	14	15	133	#
480	22.8816	7	8	9	10	11	12	13	14	15	16	133	#
481	22.8816	8	9	10	11	12	13	14	15	16	17	133	#
482	22.8816	9	10	11	12	13	14	15	16	17	18	133	#
483	22.8816	10	11	12	13	14	15	16	17	18	19	133	#
484	22.8816	11	12	13	14	15	16	17	18	19	20	133	#
485	22.8816	12	13	14	15	16	17	18	19	20	21	133	#
486	22.8816	13	14	15	16	17	18	19	20	21	22	133	#
487	22.8816	14	15	16	17	18	19	20	21	22	23	133	#
488	22.8816	15	16	17	18	19	20	21	22	23	24	133	#
489	22.8816	16	17	18	19	20	21	22	23	24	25	133	#
490	22.8816	17	18	19	20	21	22	23	24	25	26	133	#
491	22.8816	18	19	20	21	22	23	24	25	26	27	133	#
492	22.8816	19	20	21	22	23	24	25	26	27	28	133	#
493	22.8816	20	21	22	23	24	25	26	27	28	29	133	#
494	22.8816	21	22	23	24	25	26	27	28	29	30	133	#
495	22.8816	22	23	24	25	26	27	28	29	30	31	133	#
496	22.8816	23	24	25	26	27	28	29	30	31	32	133	#
497	22.8816	24	25	26	27	28	29	30	31	32	33	133	#
498	22.8816	25	26	27	28	29	30	31	32	33	34	133	#
499	22.8816	26	27	28	29	30	31	32	33	34	35	133	#
500	22.8816	27	28	29	30	31	32	33	34	35	36	133	#
501	22.8816	28	29	30	31	32	33	34	35	36	37	133	#
502	22.8816	29	30	31	32	33	34	35	36	37	38	133	#
503	22.8816	30	31	32	33	34	35	36	37	38	39	133	#
504	22.8816	31	32	33	34	35	36	37	38	39	40	133	#
505	22.8816	32	33	34	35	36	37	38	39	40	41	133	#
506	22.8816	33	34	35	36	37	38	39	40	41	42	133	#
507	22.8816	34	35	36	37	38	39	40	41	42	43	133	#
508	22.8816	35	36	37	38	39	40	41	42	43	44	133	#
509	22.8816	36	37	38	39	40	41	42	43	44	45	133	#
510	22.8816	37	38	39	40	41	42	43	44	45	46	133	#
511	22.8816	38	39	40	41	42	43	44	45	46	47	133	#
512	22.8816	39	40	41	42	43	44	45	46	47	48	133	#
513	22.8816	40	41	42	43	44	45	46	47	48	49	133	#
514	22.8816	41	42	43	44	45	46	47	48	49	50	133	#
515	22.8816	42	43	44	45	46	47	48	49	50	51	133	#
516	22.8816	43	44	45	46	47	48	49	50	51	52	133	#
517	22.8816	44	45	46	47	48	49	50	51	52	53	133	#
518	22.8816	45	46	47	48	49	50	51	52	53	54	133	#
519	22.8816	46	47	48	49	50	51	52	53	54	55	133	#
520	22.8816	47	48	49	50	51	52	53	54	55	56	133	#
521	22.8816	48	49	50	51	52	53	54	55	56	57	133	#
522	22.8816	49	50	51	52	53	54	55	56	57	58	133	#
523	22.8816	50	51	52	53	54	55	56	57	58	59	133	#
524	22.8816	51	52	53	54	55	56	57	58	59	60	133	#
525	22.8816	52	53	54	55	56	57	58	59	60	61	133	#
526	22.8816	53	54	55	56	57	58	59	60	61	62	133	#
527	22.8816	54	55	56	57	58	59	60	61	62	63	133	#
528	22.8816	55	56	57	58	59	60	61	62	63	64	133	#
529	22.8816	56	57	58	59	60	61	62	63	64	65	133	#
530	22.8816	57	58	59	60	61	62	63	64	65	66	133	#
531	22.8816	58	59	60	61	62	63	64	65	66	67	133	#
532	22.8816	59	60	61	62	63	64	65	66	67	68	133	#
533	22.8816	60	61	62	63	64	65	66	67	68	69	133	#
534	22.8816	61	62	63	64	65	66	67	68	69	70	133	#
535	22.8816	62	63	64	65	66	67	68	69	70	71	133	#
536	22.8816	63	64	65	66	67	68	69	70	71	72	133	#
537	22.8816	64	65	66	67	68	69	70	71	72	73	133	#
538	22.8816	65	66	67	68	69	70	71	72	73	74	133	#
539	22.8816	66	67	68	69	70	71	72	73	74	75	133	#
540	22.8816	67	68	69	70	71	72	73	74	75	76	133	#
541	22.8816	68	69	70	71	72	73	74	75	76	77	133	#
542	22.8816	69	70	71	72	73	74	75	76	77	78	133	#
543	22.8816	70	71	72	73	74	75	76	77	78	79	133	#
544	22.8816	71	72	73	74	75	76	77	78	79	80	133	#
545	22.8816	72	73	74	75	76	77	78	79	80	81	133	#
546	22.8816	73	74	75	76	77	78	79	80	81	82	133	#
547	22.8816	74	75	76	77	78	79	80	81	82	83	133	#
548	22.8816	75	76	77	78	79	80	81	82	83	84	133	#
549	22.8816	76	77	78	79	80	81	82	83	84	85	133	#
550	22.8816	77	78	79	80	81	82	83	84	85	86	133	#
551	22.8816	78	79	80	81	82	83	84	85	86	87	133	#
552	22.8816	79	80	81	82	83	84	85	86	87	88	133	#
553	22.8816	80	81	82	83	84	85	86	87	88	89	133	#
554	22.8816	81	82	83	84	85	86	87	88	89	90	133	#
555	22.8816	82	83	84	85	86	87	88	89	90	91	133	#
556	22.8816	83	84	85	86	87	88	89	90	91	92	133	#
557	22.8816	84	85	86	87	88	89	90	91	92	93	133	#
558	22.8816	85	86	87	88	89	90	91	92	93	94	133	#
559	22.8816	86	87	88	89	90	91	92	93	94	95	133	#
560	22.8816	87	88	89	90	91	92	93	94	95	96	133	#
561	22.8816	88	89	90	91	92	93	94	95	96	97	133	#
