%% File generated by CATS v.2.1Thu May  9 13:09:10 2024

%% The CATS webpage is http://robotics.stanford.edu/CATS

%% PARAMETER SETTINGS:
% Goods: 128; Bids: 500; Distribution: scheduling; Runs: 1; Seed: 79
% Scheduling Distribution Parameters:
% max_length                = 10
% deviation                 = 0.500000
% prob_additional_deadline  = 0.700000
% additivity                = 0.200000



goods 128
bids 502
dummy 6

0	2.14478	0	1	128	#
1	2.14478	1	2	128	#
2	2.14478	2	3	128	#
3	2.14478	3	4	128	#
4	2.14478	4	5	128	#
5	2.14478	5	6	128	#
6	2.14478	6	7	128	#
7	2.14478	7	8	128	#
8	2.14478	8	9	128	#
9	2.14478	9	10	128	#
10	2.14478	10	11	128	#
11	2.14478	11	12	128	#
12	2.14478	12	13	128	#
13	2.14478	13	14	128	#
14	2.14478	14	15	128	#
15	2.14478	15	16	128	#
16	2.14478	16	17	128	#
17	2.14478	17	18	128	#
18	2.14478	18	19	128	#
19	2.14478	19	20	128	#
20	2.14478	20	21	128	#
21	2.14478	21	22	128	#
22	2.14478	22	23	128	#
23	2.14478	23	24	128	#
24	2.14478	24	25	128	#
25	2.14478	25	26	128	#
26	2.14478	26	27	128	#
27	2.14478	27	28	128	#
28	2.14478	28	29	128	#
29	2.14478	29	30	128	#
30	2.14478	30	31	128	#
31	2.14478	31	32	128	#
32	2.14478	32	33	128	#
33	2.14478	33	34	128	#
34	0.972302	34	35	128	#
35	0.972302	35	36	128	#
36	0.972302	36	37	128	#
37	0.972302	37	38	128	#
38	0.972302	38	39	128	#
39	0.972302	39	40	128	#
40	0.972302	40	41	128	#
41	0.972302	41	42	128	#
42	0.972302	42	43	128	#
43	0.972302	43	44	128	#
44	0.972302	44	45	128	#
45	0.972302	45	46	128	#
46	0.972302	46	47	128	#
47	0.972302	47	48	128	#
48	0.972302	48	49	128	#
49	0.972302	49	50	128	#
50	0.972302	50	51	128	#
51	0.972302	51	52	128	#
52	0.972302	52	53	128	#
53	0.972302	53	54	128	#
54	0.972302	54	55	128	#
55	0.972302	55	56	128	#
56	0.972302	56	57	128	#
57	0.972302	57	58	128	#
58	0.972302	58	59	128	#
59	0.972302	59	60	128	#
60	0.972302	60	61	128	#
61	0.972302	61	62	128	#
62	0.972302	62	63	128	#
63	0.972302	63	64	128	#
64	0.972302	64	65	128	#
65	0.972302	65	66	128	#
66	0.972302	66	67	128	#
67	0.972302	67	68	128	#
68	0.972302	68	69	128	#
69	0.972302	69	70	128	#
70	0.972302	70	71	128	#
71	0.972302	71	72	128	#
72	0.972302	72	73	128	#
73	0.972302	73	74	128	#
74	0.972302	74	75	128	#
75	13.6175	0	1	2	3	4	5	6	129	#
76	13.6175	1	2	3	4	5	6	7	129	#
77	13.6175	2	3	4	5	6	7	8	129	#
78	13.6175	3	4	5	6	7	8	9	129	#
79	13.6175	4	5	6	7	8	9	10	129	#
80	13.6175	5	6	7	8	9	10	11	129	#
81	13.6175	6	7	8	9	10	11	12	129	#
82	13.6175	7	8	9	10	11	12	13	129	#
83	13.6175	8	9	10	11	12	13	14	129	#
84	13.6175	9	10	11	12	13	14	15	129	#
85	13.6175	10	11	12	13	14	15	16	129	#
86	13.6175	11	12	13	14	15	16	17	129	#
87	13.6175	12	13	14	15	16	17	18	129	#
88	13.6175	13	14	15	16	17	18	19	129	#
89	13.6175	14	15	16	17	18	19	20	129	#
90	13.6175	15	16	17	18	19	20	21	129	#
91	13.6175	16	17	18	19	20	21	22	129	#
92	13.6175	17	18	19	20	21	22	23	129	#
93	13.6175	18	19	20	21	22	23	24	129	#
94	13.6175	19	20	21	22	23	24	25	129	#
95	13.6175	20	21	22	23	24	25	26	129	#
96	13.6175	21	22	23	24	25	26	27	129	#
97	13.6175	22	23	24	25	26	27	28	129	#
98	13.6175	23	24	25	26	27	28	29	129	#
99	13.6175	24	25	26	27	28	29	30	129	#
100	13.6175	25	26	27	28	29	30	31	129	#
101	13.6175	26	27	28	29	30	31	32	129	#
102	13.6175	27	28	29	30	31	32	33	129	#
103	13.6175	28	29	30	31	32	33	34	129	#
104	13.6175	29	30	31	32	33	34	35	129	#
105	13.6175	30	31	32	33	34	35	36	129	#
106	13.6175	31	32	33	34	35	36	37	129	#
107	13.6175	32	33	34	35	36	37	38	129	#
108	13.6175	33	34	35	36	37	38	39	129	#
109	13.6175	34	35	36	37	38	39	40	129	#
110	13.6175	35	36	37	38	39	40	41	129	#
111	13.6175	36	37	38	39	40	41	42	129	#
112	13.6175	37	38	39	40	41	42	43	129	#
113	13.6175	38	39	40	41	42	43	44	129	#
114	13.6175	39	40	41	42	43	44	45	129	#
115	13.6175	40	41	42	43	44	45	46	129	#
116	13.6175	41	42	43	44	45	46	47	129	#
117	13.6175	42	43	44	45	46	47	48	129	#
118	13.6175	43	44	45	46	47	48	49	129	#
119	13.6175	44	45	46	47	48	49	50	129	#
120	13.6175	45	46	47	48	49	50	51	129	#
121	13.6175	46	47	48	49	50	51	52	129	#
122	10.4588	0	1	2	3	4	5	6	7	130	#
123	10.4588	1	2	3	4	5	6	7	8	130	#
124	10.4588	2	3	4	5	6	7	8	9	130	#
125	10.4588	3	4	5	6	7	8	9	10	130	#
126	10.4588	4	5	6	7	8	9	10	11	130	#
127	10.4588	5	6	7	8	9	10	11	12	130	#
128	10.4588	6	7	8	9	10	11	12	13	130	#
129	10.4588	7	8	9	10	11	12	13	14	130	#
130	10.4588	8	9	10	11	12	13	14	15	130	#
131	10.4588	9	10	11	12	13	14	15	16	130	#
132	10.4588	10	11	12	13	14	15	16	17	130	#
133	10.4588	11	12	13	14	15	16	17	18	130	#
134	10.4588	12	13	14	15	16	17	18	19	130	#
135	10.4588	13	14	15	16	17	18	19	20	130	#
136	10.4588	14	15	16	17	18	19	20	21	130	#
137	10.4588	15	16	17	18	19	20	21	22	130	#
138	10.4588	16	17	18	19	20	21	22	23	130	#
139	10.4588	17	18	19	20	21	22	23	24	130	#
140	10.4588	18	19	20	21	22	23	24	25	130	#
141	10.4588	19	20	21	22	23	24	25	26	130	#
142	10.4588	20	21	22	23	24	25	26	27	130	#
143	10.4588	21	22	23	24	25	26	27	28	130	#
144	10.4588	22	23	24	25	26	27	28	29	130	#
145	10.4588	23	24	25	26	27	28	29	30	130	#
146	10.4588	24	25	26	27	28	29	30	31	130	#
147	10.4588	25	26	27	28	29	30	31	32	130	#
148	10.4588	26	27	28	29	30	31	32	33	130	#
149	10.4588	27	28	29	30	31	32	33	34	130	#
150	10.4588	28	29	30	31	32	33	34	35	130	#
151	10.4588	29	30	31	32	33	34	35	36	130	#
152	10.4588	30	31	32	33	34	35	36	37	130	#
153	10.4588	31	32	33	34	35	36	37	38	130	#
154	10.4588	32	33	34	35	36	37	38	39	130	#
155	10.4588	33	34	35	36	37	38	39	40	130	#
156	10.4588	34	35	36	37	38	39	40	41	130	#
157	10.4588	35	36	37	38	39	40	41	42	130	#
158	10.4588	36	37	38	39	40	41	42	43	130	#
159	10.4588	37	38	39	40	41	42	43	44	130	#
160	10.4588	38	39	40	41	42	43	44	45	130	#
161	10.4588	39	40	41	42	43	44	45	46	130	#
162	10.4588	40	41	42	43	44	45	46	47	130	#
163	10.4588	41	42	43	44	45	46	47	48	130	#
164	10.4588	42	43	44	45	46	47	48	49	130	#
165	10.4588	43	44	45	46	47	48	49	50	130	#
166	10.4588	44	45	46	47	48	49	50	51	130	#
167	10.4588	45	46	47	48	49	50	51	52	130	#
168	10.4588	46	47	48	49	50	51	52	53	130	#
169	10.4588	47	48	49	50	51	52	53	54	130	#
170	10.4588	48	49	50	51	52	53	54	55	130	#
171	10.4588	49	50	51	52	53	54	55	56	130	#
172	10.4588	50	51	52	53	54	55	56	57	130	#
173	10.4588	51	52	53	54	55	56	57	58	130	#
174	10.4588	52	53	54	55	56	57	58	59	130	#
175	10.4588	53	54	55	56	57	58	59	60	130	#
176	10.4588	54	55	56	57	58	59	60	61	130	#
177	10.4588	55	56	57	58	59	60	61	62	130	#
178	10.4588	56	57	58	59	60	61	62	63	130	#
179	10.4588	57	58	59	60	61	62	63	64	130	#
180	10.4588	58	59	60	61	62	63	64	65	130	#
181	10.4588	59	60	61	62	63	64	65	66	130	#
182	10.4588	60	61	62	63	64	65	66	67	130	#
183	10.4588	61	62	63	64	65	66	67	68	130	#
184	10.4588	62	63	64	65	66	67	68	69	130	#
185	10.4588	63	64	65	66	67	68	69	70	130	#
186	10.4588	64	65	66	67	68	69	70	71	130	#
187	10.4588	65	66	67	68	69	70	71	72	130	#
188	10.4588	66	67	68	69	70	71	72	73	130	#
189	10.4588	67	68	69	70	71	72	73	74	130	#
190	10.4588	68	69	70	71	72	73	74	75	130	#
191	10.4588	69	70	71	72	73	74	75	76	130	#
192	10.4588	70	71	72	73	74	75	76	77	130	#
193	10.4588	71	72	73	74	75	76	77	78	130	#
194	10.4588	72	73	74	75	76	77	78	79	130	#
195	10.4588	73	74	75	76	77	78	79	80	130	#
196	10.4588	74	75	76	77	78	79	80	81	130	#
197	10.4588	75	76	77	78	79	80	81	82	130	#
198	6.80653	76	77	78	79	80	81	82	83	130	#
199	6.80653	77	78	79	80	81	82	83	84	130	#
200	6.80653	78	79	80	81	82	83	84	85	130	#
201	6.80653	79	80	81	82	83	84	85	86	130	#
202	6.80653	80	81	82	83	84	85	86	87	130	#
203	6.80653	81	82	83	84	85	86	87	88	130	#
204	6.80653	82	83	84	85	86	87	88	89	130	#
205	6.80653	83	84	85	86	87	88	89	90	130	#
206	6.80653	84	85	86	87	88	89	90	91	130	#
207	6.80653	85	86	87	88	89	90	91	92	130	#
208	6.80653	86	87	88	89	90	91	92	93	130	#
209	6.80653	87	88	89	90	91	92	93	94	130	#
210	6.80653	88	89	90	91	92	93	94	95	130	#
211	6.80653	89	90	91	92	93	94	95	96	130	#
212	6.80653	90	91	92	93	94	95	96	97	130	#
213	6.80653	91	92	93	94	95	96	97	98	130	#
214	6.80653	92	93	94	95	96	97	98	99	130	#
215	6.80653	93	94	95	96	97	98	99	100	130	#
216	6.80653	94	95	96	97	98	99	100	101	130	#
217	6.80653	95	96	97	98	99	100	101	102	130	#
218	6.80653	96	97	98	99	100	101	102	103	130	#
219	6.80653	97	98	99	100	101	102	103	104	130	#
220	6.80653	98	99	100	101	102	103	104	105	130	#
221	6.80653	99	100	101	102	103	104	105	106	130	#
222	6.80653	100	101	102	103	104	105	106	107	130	#
223	6.80653	101	102	103	104	105	106	107	108	130	#
224	6.80653	102	103	104	105	106	107	108	109	130	#
225	6.80653	103	104	105	106	107	108	109	110	130	#
226	6.80653	104	105	106	107	108	109	110	111	130	#
227	6.80653	105	106	107	108	109	110	111	112	130	#
228	6.80653	106	107	108	109	110	111	112	113	130	#
229	6.80653	107	108	109	110	111	112	113	114	130	#
230	6.80653	108	109	110	111	112	113	114	115	130	#
231	6.80653	109	110	111	112	113	114	115	116	130	#
232	6.80653	110	111	112	113	114	115	116	117	130	#
233	6.80653	111	112	113	114	115	116	117	118	130	#
234	6.80653	112	113	114	115	116	117	118	119	130	#
235	6.80653	113	114	115	116	117	118	119	120	130	#
236	6.80653	114	115	116	117	118	119	120	121	130	#
237	6.80653	115	116	117	118	119	120	121	122	130	#
238	6.80653	116	117	118	119	120	121	122	123	130	#
239	6.80653	117	118	119	120	121	122	123	124	130	#
240	6.80653	118	119	120	121	122	123	124	125	130	#
241	6.80653	119	120	121	122	123	124	125	126	130	#
242	8.16597	0	1	2	3	4	5	6	7	8	131	#
243	8.16597	1	2	3	4	5	6	7	8	9	131	#
244	8.16597	2	3	4	5	6	7	8	9	10	131	#
245	8.16597	3	4	5	6	7	8	9	10	11	131	#
246	8.16597	4	5	6	7	8	9	10	11	12	131	#
247	8.16597	5	6	7	8	9	10	11	12	13	131	#
248	8.16597	6	7	8	9	10	11	12	13	14	131	#
249	8.16597	7	8	9	10	11	12	13	14	15	131	#
250	8.16597	8	9	10	11	12	13	14	15	16	131	#
251	8.16597	9	10	11	12	13	14	15	16	17	131	#
252	8.16597	10	11	12	13	14	15	16	17	18	131	#
253	8.16597	11	12	13	14	15	16	17	18	19	131	#
254	8.16597	12	13	14	15	16	17	18	19	20	131	#
255	8.16597	13	14	15	16	17	18	19	20	21	131	#
256	8.16597	14	15	16	17	18	19	20	21	22	131	#
257	8.16597	15	16	17	18	19	20	21	22	23	131	#
258	8.16597	16	17	18	19	20	21	22	23	24	131	#
259	8.16597	17	18	19	20	21	22	23	24	25	131	#
260	8.16597	18	19	20	21	22	23	24	25	26	131	#
261	8.16597	19	20	21	22	23	24	25	26	27	131	#
262	8.16597	20	21	22	23	24	25	26	27	28	131	#
263	8.16597	21	22	23	24	25	26	27	28	29	131	#
264	8.16597	22	23	24	25	26	27	28	29	30	131	#
265	8.16597	23	24	25	26	27	28	29	30	31	131	#
266	8.16597	24	25	26	27	28	29	30	31	32	131	#
267	8.16597	25	26	27	28	29	30	31	32	33	131	#
268	8.16597	26	27	28	29	30	31	32	33	34	131	#
269	8.16597	27	28	29	30	31	32	33	34	35	131	#
270	8.37	0	1	2	3	4	132	#
271	8.37	1	2	3	4	5	132	#
272	8.37	2	3	4	5	6	132	#
273	8.37	3	4	5	6	7	132	#
274	8.37	4	5	6	7	8	132	#
275	8.37	5	6	7	8	9	132	#
276	8.37	6	7	8	9	10	132	#
277	8.37	7	8	9	10	11	132	#
278	8.37	8	9	10	11	12	132	#
279	8.37	9	10	11	12	13	132	#
280	8.37	10	11	12	13	14	132	#
281	8.37	11	12	13	14	15	132	#
282	8.37	12	13	14	15	16	132	#
283	8.37	13	14	15	16	17	132	#
284	8.37	14	15	16	17	18	132	#
285	8.37	15	16	17	18	19	132	#
286	8.37	16	17	18	19	20	132	#
287	8.37	17	18	19	20	21	132	#
288	8.37	18	19	20	21	22	132	#
289	8.37	19	20	21	22	23	132	#
290	8.37	20	21	22	23	24	132	#
291	8.37	21	22	23	24	25	132	#
292	8.37	22	23	24	25	26	132	#
293	8.37	23	24	25	26	27	132	#
294	8.37	24	25	26	27	28	132	#
295	8.37	25	26	27	28	29	132	#
296	8.37	26	27	28	29	30	132	#
297	8.37	27	28	29	30	31	132	#
298	8.37	28	29	30	31	32	132	#
299	8.37	29	30	31	32	33	132	#
300	8.37	30	31	32	33	34	132	#
301	8.37	31	32	33	34	35	132	#
302	8.37	32	33	34	35	36	132	#
303	8.37	33	34	35	36	37	132	#
304	8.37	34	35	36	37	38	132	#
305	8.37	35	36	37	38	39	132	#
306	8.37	36	37	38	39	40	132	#
307	8.37	37	38	39	40	41	132	#
308	8.37	38	39	40	41	42	132	#
309	8.37	39	40	41	42	43	132	#
310	8.37	40	41	42	43	44	132	#
311	8.37	41	42	43	44	45	132	#
312	8.37	42	43	44	45	46	132	#
313	8.37	43	44	45	46	47	132	#
314	8.37	44	45	46	47	48	132	#
315	8.37	45	46	47	48	49	132	#
316	8.37	46	47	48	49	50	132	#
317	8.37	47	48	49	50	51	132	#
318	8.37	48	49	50	51	52	132	#
319	8.37	49	50	51	52	53	132	#
320	8.37	50	51	52	53	54	132	#
321	8.37	51	52	53	54	55	132	#
322	8.37	52	53	54	55	56	132	#
323	8.37	53	54	55	56	57	132	#
324	8.37	54	55	56	57	58	132	#
325	8.37	55	56	57	58	59	132	#
326	8.37	56	57	58	59	60	132	#
327	8.37	57	58	59	60	61	132	#
328	4.32686	58	59	60	61	62	132	#
329	4.32686	59	60	61	62	63	132	#
330	4.32686	60	61	62	63	64	132	#
331	4.32686	61	62	63	64	65	132	#
332	4.32686	62	63	64	65	66	132	#
333	4.32686	63	64	65	66	67	132	#
334	4.32686	64	65	66	67	68	132	#
335	4.32686	65	66	67	68	69	132	#
336	4.32686	66	67	68	69	70	132	#
337	4.32686	67	68	69	70	71	132	#
338	4.32686	68	69	70	71	72	132	#
339	4.32686	69	70	71	72	73	132	#
340	4.32686	70	71	72	73	74	132	#
341	4.32686	71	72	73	74	75	132	#
342	4.32686	72	73	74	75	76	132	#
343	4.32686	73	74	75	76	77	132	#
344	4.32686	74	75	76	77	78	132	#
345	4.32686	75	76	77	78	79	132	#
346	4.32686	76	77	78	79	80	132	#
347	4.32686	77	78	79	80	81	132	#
348	4.32686	78	79	80	81	82	132	#
349	4.32686	79	80	81	82	83	132	#
350	4.32686	80	81	82	83	84	132	#
351	4.32686	81	82	83	84	85	132	#
352	4.32686	82	83	84	85	86	132	#
353	4.32686	83	84	85	86	87	132	#
354	4.32686	84	85	86	87	88	132	#
355	4.32686	85	86	87	88	89	132	#
356	4.32686	86	87	88	89	90	132	#
357	4.32686	87	88	89	90	91	132	#
358	4.32686	88	89	90	91	92	132	#
359	4.32686	89	90	91	92	93	132	#
360	4.32686	90	91	92	93	94	132	#
361	4.32686	91	92	93	94	95	132	#
362	4.32686	92	93	94	95	96	132	#
363	4.32686	93	94	95	96	97	132	#
364	4.32686	94	95	96	97	98	132	#
365	4.32686	95	96	97	98	99	132	#
366	4.32686	96	97	98	99	100	132	#
367	4.32686	97	98	99	100	101	132	#
368	4.32686	98	99	100	101	102	132	#
369	4.32686	99	100	101	102	103	132	#
370	4.32686	100	101	102	103	104	132	#
371	4.32686	101	102	103	104	105	132	#
372	4.32686	102	103	104	105	106	132	#
373	4.32686	103	104	105	106	107	132	#
374	4.32686	104	105	106	107	108	132	#
375	4.32686	105	106	107	108	109	132	#
376	4.32686	106	107	108	109	110	132	#
377	4.32686	107	108	109	110	111	132	#
378	4.32686	108	109	110	111	112	132	#
379	4.32686	109	110	111	112	113	132	#
380	4.32686	110	111	112	113	114	132	#
381	4.32686	111	112	113	114	115	132	#
382	4.32686	112	113	114	115	116	132	#
383	4.32686	113	114	115	116	117	132	#
384	4.32686	114	115	116	117	118	132	#
385	10.335	0	1	2	3	4	133	#
386	10.335	1	2	3	4	5	133	#
387	10.335	2	3	4	5	6	133	#
388	10.335	3	4	5	6	7	133	#
389	10.335	4	5	6	7	8	133	#
390	10.335	5	6	7	8	9	133	#
391	10.335	6	7	8	9	10	133	#
392	10.335	7	8	9	10	11	133	#
393	10.335	8	9	10	11	12	133	#
394	10.335	9	10	11	12	13	133	#
395	10.335	10	11	12	13	14	133	#
396	10.335	11	12	13	14	15	133	#
397	10.335	12	13	14	15	16	133	#
398	10.335	13	14	15	16	17	133	#
399	10.335	14	15	16	17	18	133	#
400	10.335	15	16	17	18	19	133	#
401	10.335	16	17	18	19	20	133	#
402	10.335	17	18	19	20	21	133	#
403	10.335	18	19	20	21	22	133	#
404	10.335	19	20	21	22	23	133	#
405	10.335	20	21	22	23	24	133	#
406	10.335	21	22	23	24	25	133	#
407	10.335	22	23	24	25	26	133	#
408	10.335	23	24	25	26	27	133	#
409	10.335	24	25	26	27	28	133	#
410	10.335	25	26	27	28	29	133	#
411	10.335	26	27	28	29	30	133	#
412	10.335	27	28	29	30	31	133	#
413	10.335	28	29	30	31	32	133	#
414	10.335	29	30	31	32	33	133	#
415	10.335	30	31	32	33	34	133	#
416	10.335	31	32	33	34	35	133	#
417	10.335	32	33	34	35	36	133	#
418	10.335	33	34	35	36	37	133	#
419	10.335	34	35	36	37	38	133	#
420	10.335	35	36	37	38	39	133	#
421	10.335	36	37	38	39	40	133	#
422	10.335	37	38	39	40	41	133	#
423	10.335	38	39	40	41	42	133	#
424	10.335	39	40	41	42	43	133	#
425	10.335	40	41	42	43	44	133	#
426	10.335	41	42	43	44	45	133	#
427	10.335	42	43	44	45	46	133	#
428	10.335	43	44	45	46	47	133	#
429	10.335	44	45	46	47	48	133	#
430	10.335	45	46	47	48	49	133	#
431	10.335	46	47	48	49	50	133	#
432	10.335	47	48	49	50	51	133	#
433	10.335	48	49	50	51	52	133	#
434	10.335	49	50	51	52	53	133	#
435	10.335	50	51	52	53	54	133	#
436	10.335	51	52	53	54	55	133	#
437	10.335	52	53	54	55	56	133	#
438	10.335	53	54	55	56	57	133	#
439	10.335	54	55	56	57	58	133	#
440	10.335	55	56	57	58	59	133	#
441	10.335	56	57	58	59	60	133	#
442	10.335	57	58	59	60	61	133	#
443	10.335	58	59	60	61	62	133	#
444	10.335	59	60	61	62	63	133	#
445	10.335	60	61	62	63	64	133	#
446	10.335	61	62	63	64	65	133	#
447	10.335	62	63	64	65	66	133	#
448	10.335	63	64	65	66	67	133	#
449	10.335	64	65	66	67	68	133	#
450	10.335	65	66	67	68	69	133	#
451	10.335	66	67	68	69	70	133	#
452	10.335	67	68	69	70	71	133	#
453	10.335	68	69	70	71	72	133	#
454	10.335	69	70	71	72	73	133	#
455	10.335	70	71	72	73	74	133	#
456	10.335	71	72	73	74	75	133	#
457	10.335	72	73	74	75	76	133	#
458	10.335	73	74	75	76	77	133	#
459	10.335	74	75	76	77	78	133	#
460	10.335	75	76	77	78	79	133	#
461	10.335	76	77	78	79	80	133	#
462	10.335	77	78	79	80	81	133	#
463	10.209	78	79	80	81	82	133	#
464	7.15501	79	80	81	82	83	133	#
465	7.15501	80	81	82	83	84	133	#
466	7.15501	81	82	83	84	85	133	#
467	7.15501	82	83	84	85	86	133	#
468	7.15501	83	84	85	86	87	133	#
469	7.15501	84	85	86	87	88	133	#
470	7.15501	85	86	87	88	89	133	#
471	7.15501	86	87	88	89	90	133	#
472	7.15501	87	88	89	90	91	133	#
473	7.15501	88	89	90	91	92	133	#
474	7.15501	89	90	91	92	93	133	#
475	7.15501	90	91	92	93	94	133	#
476	7.15501	91	92	93	94	95	133	#
477	7.15501	92	93	94	95	96	133	#
478	7.15501	93	94	95	96	97	133	#
479	7.15501	94	95	96	97	98	133	#
480	7.15501	95	96	97	98	99	133	#
481	7.15501	96	97	98	99	100	133	#
482	7.15501	97	98	99	100	101	133	#
483	7.15501	98	99	100	101	102	133	#
484	7.15501	99	100	101	102	103	133	#
485	7.15501	100	101	102	103	104	133	#
486	7.15501	101	102	103	104	105	133	#
487	7.15501	102	103	104	105	106	133	#
488	7.15501	103	104	105	106	107	133	#
489	7.15501	104	105	106	107	108	133	#
490	7.15501	105	106	107	108	109	133	#
491	7.15501	106	107	108	109	110	133	#
492	7.15501	107	108	109	110	111	133	#
493	7.15501	108	109	110	111	112	133	#
494	7.15501	109	110	111	112	113	133	#
495	7.15501	110	111	112	113	114	133	#
496	7.15501	111	112	113	114	115	133	#
497	7.15501	112	113	114	115	116	133	#
498	7.15501	113	114	115	116	117	133	#
499	7.09438	114	115	116	117	118	133	#
500	6.97614	115	116	117	118	119	133	#
501	6.97614	116	117	118	119	120	133	#
