%% File generated by CATS v.2.1Thu May  9 12:40:02 2024

%% The CATS webpage is http://robotics.stanford.edu/CATS

%% PARAMETER SETTINGS:
% Goods: 256; Bids: 500; Distribution: arbitrary; Runs: 1; Seed: 9
% Arbitrary Distribution Parameters:
% Max Substitutable Bids = 5
% Removing HV Neighbor   = 0.1
% Adding DIAG Neighbor   = 0.2
% Additional Location    = 0.9
% Additivity             = 0.2
% Budget Factor          = 1.5
% Resale Factor          = 0.5
% Uniform Private Value:
%   Deviation            = 0.5
%   Max Good Value       = 100



goods 256
bids 504
dummy 88

0	1336.81	7	30	68	74	77	92	104	116	130	148	151	156	160	177	186	187	193	204	207	210	212	227	233	235	256	#
1	1886.22	10	24	26	39	78	85	93	94	97	101	111	117	118	130	140	164	166	168	178	204	229	231	233	248	256	#
2	1818.22	7	26	30	34	46	56	77	81	94	112	122	129	136	158	167	170	174	187	197	211	212	217	220	243	256	#
3	1787.22	7	10	19	75	77	79	91	101	102	108	112	119	132	140	147	148	151	164	171	186	192	207	217	238	256	#
4	1781.18	5	18	49	75	88	93	100	109	114	116	117	163	184	185	191	192	199	201	212	225	231	239	248	254	256	#
5	1737.35	24	26	32	34	46	62	94	101	113	116	132	140	165	167	177	185	191	204	209	212	214	235	238	255	256	#
6	64.0996	13	20	257	#
7	76.8026	13	170	257	#
8	59.2936	109	#
9	129.727	90	188	211	258	#
10	191.713	46	100	211	258	#
11	145.473	6	17	141	259	#
12	157.914	17	110	138	259	#
13	1118.38	8	43	47	55	71	75	78	83	130	131	148	165	190	194	204	206	215	218	250	260	#
14	1532.61	0	20	30	48	65	68	77	86	90	92	105	106	123	124	128	170	184	190	221	260	#
15	1475.75	4	15	32	43	55	62	69	83	109	123	135	168	178	194	219	238	242	248	250	260	#
16	1444.04	4	7	27	40	47	70	71	75	78	79	80	119	121	152	164	194	195	226	238	260	#
17	1410.68	0	12	70	80	99	100	105	121	124	141	167	182	183	189	206	224	228	233	253	260	#
18	1368.96	13	16	25	34	43	92	99	111	123	131	132	138	163	164	168	190	213	233	243	260	#
19	591.24	24	103	105	111	141	171	174	207	220	261	#
20	724.092	1	109	111	137	141	167	192	228	241	261	#
21	589.213	72	76	88	90	134	141	204	221	246	261	#
22	581.382	27	53	79	98	105	106	133	157	207	261	#
23	550.216	24	33	62	123	154	175	198	225	249	261	#
24	529.064	13	35	119	152	157	171	174	247	248	261	#
25	166.698	30	126	148	169	204	235	#
26	1521.51	10	22	45	56	65	71	78	85	93	130	132	138	141	143	174	175	177	197	231	232	233	262	#
27	1792.69	5	22	68	69	86	88	90	112	114	116	120	137	143	156	168	171	187	214	228	231	250	262	#
28	1788.51	13	33	43	48	49	56	65	75	86	99	110	116	117	157	162	178	186	194	219	229	233	262	#
29	1593.85	5	7	10	25	29	44	49	95	104	105	107	110	138	143	148	169	186	191	210	226	233	262	#
30	1584.09	4	8	13	15	18	26	54	56	59	62	65	106	120	143	158	175	186	193	194	196	200	262	#
31	1560.5	3	15	28	51	53	62	78	90	92	105	116	124	143	148	155	200	231	232	233	234	241	262	#
32	402.45	55	72	82	91	99	102	105	161	178	186	263	#
33	596.017	101	102	108	115	193	205	218	237	241	245	263	#
34	567.098	0	3	8	72	80	117	128	205	211	239	263	#
35	527.721	27	59	83	99	100	101	122	191	219	222	263	#
36	743.817	32	43	49	68	77	79	91	94	98	113	138	159	164	235	249	264	#
37	1052.28	12	44	46	47	69	116	137	147	148	159	171	198	234	243	249	264	#
38	1034.84	31	32	59	63	68	102	124	146	147	148	159	179	207	228	247	264	#
39	1012.58	14	71	82	91	116	153	159	170	175	200	208	216	226	228	248	264	#
40	998.679	0	12	31	35	68	79	81	100	128	152	163	168	199	216	234	264	#
41	990.003	5	20	37	51	54	83	97	104	140	142	201	224	233	235	253	264	#
42	422.021	44	69	115	143	170	219	265	#
43	551.388	53	59	69	71	109	219	265	#
44	453.167	31	88	155	193	219	228	265	#
45	397.561	37	49	80	115	211	255	265	#
46	313.173	132	142	170	183	185	251	265	#
47	290.306	44	102	142	172	179	203	265	#
48	276.487	0	62	63	180	217	226	266	#
49	391.334	4	51	89	156	167	180	266	#
50	387.01	6	52	80	105	189	217	266	#
51	358.749	11	87	118	215	226	239	266	#
52	302.184	39	63	75	95	202	224	266	#
53	832.25	29	73	81	97	117	120	147	158	163	194	267	#
54	856.935	18	19	42	69	70	75	118	120	158	163	267	#
55	843.43	25	27	53	75	81	84	128	154	163	210	267	#
56	700.915	39	113	120	127	147	161	168	202	217	254	267	#
57	635.815	42	103	124	140	158	164	177	207	230	233	267	#
58	631.609	19	42	51	97	137	148	175	197	217	228	267	#
59	176.51	10	63	88	165	223	268	#
60	129.668	10	165	197	206	254	268	#
61	492.309	0	27	28	32	37	66	140	176	248	269	#
62	663.793	8	63	64	66	93	107	121	147	214	269	#
63	650.27	6	28	61	73	81	122	150	159	236	269	#
64	646.237	5	27	58	88	91	147	228	246	247	269	#
65	619.065	60	86	118	122	140	161	166	176	215	269	#
66	565.652	0	13	32	34	44	67	87	173	199	269	#
67	601.719	11	72	118	127	160	169	182	205	209	270	#
68	742.079	29	72	86	103	144	184	201	223	248	270	#
69	636.227	103	119	125	148	157	169	223	245	249	270	#
70	626.037	3	92	182	196	208	233	234	237	248	270	#
71	625.444	84	104	116	118	170	177	211	224	233	270	#
72	596.302	11	31	45	52	89	148	166	228	250	270	#
73	2060.93	7	10	14	15	19	26	35	64	65	70	72	75	83	92	102	123	154	156	171	177	232	238	244	249	254	271	#
74	1940.69	8	10	20	23	26	34	37	44	52	84	90	94	110	122	135	156	211	214	216	217	223	234	247	252	255	271	#
75	1933.1	2	7	8	9	15	35	40	45	69	80	84	85	112	146	169	177	183	188	206	214	219	234	244	247	254	271	#
76	1870.84	7	11	22	26	31	63	70	71	81	94	109	117	120	122	137	140	149	154	156	166	193	211	217	218	230	271	#
77	1845.85	7	10	12	14	20	62	70	81	97	117	118	119	121	126	140	157	167	207	210	213	223	229	230	231	234	271	#
78	1809.89	6	15	22	23	31	63	82	85	100	102	109	110	113	123	133	138	139	140	163	173	181	188	202	208	234	271	#
79	132.185	3	81	272	#
80	144.977	28	81	272	#
81	49.2353	3	211	272	#
82	48.8089	79	#
83	1088.45	2	58	93	125	151	152	153	169	175	176	182	189	190	198	200	214	220	250	273	#
84	1454.14	1	9	10	12	31	42	116	138	143	151	152	155	162	194	225	227	241	243	273	#
85	1311.02	2	3	7	31	36	43	71	88	97	104	134	136	174	175	182	215	221	243	273	#
86	1301.62	13	49	71	83	86	96	97	103	111	115	127	151	157	174	214	237	243	247	273	#
87	1298.5	2	3	7	33	54	62	97	103	118	174	190	194	198	221	225	233	237	254	273	#
88	1176.38	6	17	26	52	58	71	83	102	105	124	125	144	153	155	163	192	237	252	273	#
89	81.8712	158	#
90	883.795	2	7	17	26	32	38	68	87	118	122	135	136	157	188	211	235	274	#
91	1307.8	22	27	65	68	81	90	97	105	110	141	164	220	224	227	233	243	274	#
92	1189.85	0	12	21	26	35	45	82	103	122	138	166	170	171	181	198	224	274	#
93	1138.7	33	55	112	120	133	153	159	167	178	189	191	199	202	211	224	244	274	#
94	1129.15	14	39	87	97	110	135	143	169	173	178	183	199	213	231	244	255	274	#
95	1115.57	15	26	35	44	50	60	80	97	127	136	137	196	214	224	233	250	274	#
96	118.736	118	119	#
97	142.42	223	#
98	527.502	31	41	47	99	128	135	163	212	231	275	#
99	623.704	42	44	60	86	108	120	135	217	231	275	#
100	611.588	46	69	71	74	128	188	190	195	225	275	#
101	593.325	50	96	99	106	150	152	163	236	247	275	#
102	585.768	47	65	71	90	95	122	144	153	253	275	#
103	577.706	16	66	83	103	118	127	150	212	233	275	#
104	84.1879	182	#
105	34.2877	126	#
106	17.016	188	#
107	295.61	7	71	119	276	#
108	323.371	3	4	7	276	#
109	292.551	66	71	85	276	#
110	426.57	60	117	122	201	216	277	#
111	485.771	29	117	189	210	249	277	#
112	418.994	59	60	87	217	234	277	#
113	328.95	9	175	201	227	237	277	#
114	327.271	11	40	92	115	122	277	#
115	315.266	88	110	141	160	216	277	#
116	406.99	14	15	74	127	144	178	220	236	254	278	#
117	573.928	57	97	124	145	169	199	208	224	236	278	#
118	548.998	15	31	36	38	89	176	193	208	232	278	#
119	453.783	16	70	77	82	113	156	174	220	232	278	#
120	427.843	36	51	66	74	78	96	97	180	254	278	#
121	402.309	2	23	67	74	176	180	221	236	245	278	#
122	2337.67	5	6	9	10	11	16	23	29	32	35	41	43	49	71	77	89	92	96	97	115	118	124	130	132	139	147	149	150	154	156	170	173	187	201	210	215	216	218	224	279	#
123	3091.74	3	14	41	42	49	60	64	72	74	77	96	97	109	126	128	130	136	141	145	147	149	150	156	163	172	177	178	181	183	194	195	198	202	206	217	224	234	249	251	279	#
124	3016.2	1	2	11	22	29	35	40	43	47	63	69	74	77	78	80	89	90	92	108	109	115	121	130	156	174	179	184	194	199	215	217	223	228	236	239	240	249	251	253	279	#
125	2938.43	3	14	21	27	28	32	35	37	42	47	49	50	53	77	78	81	86	87	109	115	118	124	125	156	172	178	180	181	182	184	185	188	191	202	224	227	228	251	253	279	#
126	2893.87	3	9	18	20	21	27	45	58	87	88	92	97	105	118	126	134	147	152	168	173	179	180	181	183	184	188	194	196	199	202	203	205	223	226	228	234	238	251	254	279	#
127	2864.35	11	12	13	25	35	41	49	51	52	53	56	69	73	90	108	115	118	124	125	126	143	146	158	162	173	176	177	185	191	194	207	215	217	227	229	243	246	247	248	279	#
128	406.51	2	4	16	127	128	148	158	165	280	#
129	560.922	29	45	83	100	114	116	146	148	280	#
130	558.889	5	15	93	127	155	165	213	235	280	#
131	496.899	64	100	127	137	146	221	236	247	280	#
132	472.943	4	9	10	47	90	103	112	114	280	#
133	469.801	16	33	157	180	192	200	222	226	280	#
134	986.037	15	39	62	66	75	91	106	126	132	156	162	220	226	234	239	281	#
135	1301.75	1	9	21	48	50	84	85	109	121	138	174	178	189	225	226	281	#
136	1212.74	27	43	62	85	98	111	116	126	133	138	182	192	205	227	239	281	#
137	1114.6	3	12	16	71	79	80	93	106	109	174	181	196	206	225	248	281	#
138	1077.9	25	43	48	52	62	75	94	103	106	130	149	162	172	216	239	281	#
139	1055.29	36	66	86	94	96	117	120	164	190	201	209	218	225	226	232	281	#
140	1273.32	14	15	21	25	59	61	64	73	81	85	106	109	119	155	170	178	200	215	282	#
141	1391.02	35	37	45	61	64	85	106	131	144	148	151	194	202	203	210	215	227	253	282	#
142	1309.68	29	47	51	54	60	67	106	119	131	132	148	153	197	205	220	238	244	249	282	#
143	1309.5	14	17	24	33	46	48	50	51	82	92	113	118	119	125	149	162	212	239	282	#
144	1264.87	25	29	35	82	98	121	140	144	152	158	163	173	175	190	197	210	230	238	282	#
145	1216.94	33	46	55	67	73	121	131	137	141	146	152	175	183	192	197	198	230	231	282	#
146	1505.57	2	6	37	39	43	64	73	110	119	124	133	146	147	160	179	185	203	206	217	218	242	243	254	255	283	#
147	1869.01	4	10	18	38	39	47	54	81	88	90	116	123	157	159	163	166	172	191	202	207	217	236	238	242	283	#
148	1708.88	52	59	64	70	87	89	97	99	104	110	116	130	142	159	163	174	178	189	217	223	232	243	247	249	283	#
149	1703	18	26	37	56	64	66	94	99	105	113	116	123	132	144	145	151	154	185	195	217	225	232	235	249	283	#
150	1682.45	6	9	15	18	42	43	45	47	59	60	67	89	130	141	144	157	161	174	220	226	230	233	238	243	283	#
151	1681.74	17	20	33	59	73	79	80	86	99	108	109	122	133	142	143	147	178	186	223	225	230	235	242	243	283	#
152	70.1667	225	#
153	402.107	18	20	32	48	223	241	284	#
154	550.5	141	156	172	181	219	241	284	#
155	453.574	20	30	107	131	195	255	284	#
156	429.634	14	35	109	111	189	223	284	#
157	417.932	18	22	114	137	152	196	284	#
158	414.836	48	73	84	112	238	240	284	#
159	335.672	5	22	91	135	173	285	#
160	455.533	22	50	121	133	143	285	#
161	414.62	13	33	117	123	173	285	#
162	392.504	68	91	103	135	158	285	#
163	276.097	91	97	101	113	248	285	#
164	255.335	5	115	175	180	187	285	#
165	624.058	12	54	76	81	86	139	148	174	184	211	286	#
166	861.519	47	58	117	127	134	148	185	212	245	251	286	#
167	850.075	4	57	59	60	86	94	108	195	227	251	286	#
168	812.689	15	26	27	46	48	59	94	108	147	184	286	#
169	765.373	48	63	72	81	87	146	164	173	194	231	286	#
170	702.911	12	60	68	79	94	143	174	210	219	248	286	#
171	505.7	133	141	147	151	184	188	287	#
172	582.489	22	71	81	94	129	133	287	#
173	516.312	143	147	151	159	184	194	287	#
174	429.746	65	74	123	129	185	188	287	#
175	429.182	83	100	111	184	193	211	287	#
176	427.895	11	22	92	141	215	216	287	#
177	339.301	16	61	82	134	143	183	219	288	#
178	488.802	33	82	110	127	150	182	183	288	#
179	388.155	34	99	137	143	148	219	234	288	#
180	313.379	13	61	91	141	186	198	237	288	#
181	1436.29	14	19	48	56	67	68	79	106	108	112	135	141	150	151	199	203	209	234	236	249	289	#
182	1707.04	1	15	16	41	58	66	85	121	124	136	153	186	199	207	217	231	234	236	238	246	289	#
183	1632.33	14	15	17	24	26	60	73	79	106	140	150	153	166	201	204	224	237	243	245	250	289	#
184	1597.01	17	21	24	26	29	34	56	58	61	100	108	111	120	134	143	182	191	219	224	250	289	#
185	1467.25	14	17	28	60	61	73	74	110	131	138	143	145	153	177	186	197	229	236	237	240	289	#
186	1453.26	11	13	28	30	47	61	87	94	95	103	112	120	124	135	164	166	188	191	229	250	289	#
187	1171.74	5	16	29	46	88	95	107	120	125	129	130	133	141	167	191	209	217	290	#
188	1445.57	5	7	22	52	91	105	107	112	115	133	158	181	183	184	191	206	243	290	#
189	1356.39	7	25	33	57	112	116	131	133	135	177	185	216	217	235	238	245	247	290	#
190	1336.85	14	16	38	56	60	94	113	117	125	131	144	154	167	171	217	223	253	290	#
191	1265.82	17	38	82	87	96	110	111	114	129	136	166	168	192	206	233	240	243	290	#
192	1248.02	18	33	41	53	57	91	95	106	111	116	120	125	145	162	163	192	199	290	#
193	921.951	10	16	22	48	55	71	98	104	131	133	137	145	179	216	248	291	#
194	1182.33	3	16	47	51	64	69	131	132	138	149	155	162	200	239	253	291	#
195	1099.95	45	54	71	106	110	111	132	190	215	238	243	246	247	248	255	291	#
196	1095.76	9	36	65	97	137	156	161	167	177	192	203	233	238	249	254	291	#
197	1074.46	33	36	55	70	94	98	101	105	117	138	152	180	222	233	253	291	#
198	1021.61	0	24	32	38	41	70	71	92	105	133	162	164	198	213	255	291	#
199	697.548	37	46	63	100	123	167	170	238	246	247	292	#
200	905.382	100	118	138	189	205	217	218	237	238	255	292	#
201	825.972	4	36	79	92	178	181	186	213	238	246	292	#
202	806.705	4	29	63	68	148	167	178	184	189	214	292	#
203	674.538	6	33	92	108	109	123	137	150	157	225	292	#
204	658.812	5	32	64	87	135	138	164	170	190	224	292	#
205	1532.54	6	8	12	26	54	66	88	95	99	106	108	127	130	135	153	154	158	180	186	200	212	218	220	293	#
206	1846.04	6	9	25	38	41	45	53	54	68	77	127	155	158	179	186	208	212	228	232	235	236	238	255	293	#
207	1799.71	34	37	39	41	63	126	142	143	153	155	158	165	172	173	175	186	188	212	213	223	225	226	255	293	#
208	1797.03	2	8	10	15	25	40	51	54	56	69	91	106	111	131	144	145	171	172	175	212	213	224	228	293	#
209	1794.54	7	11	35	43	45	54	69	85	87	127	129	154	169	172	181	184	186	193	207	216	223	225	249	293	#
210	1788.97	26	35	40	64	85	99	111	119	133	143	149	158	167	169	170	177	216	219	225	228	234	240	253	293	#
211	337.227	201	205	222	251	294	#
212	303.763	105	115	205	255	294	#
213	285.241	12	52	201	233	294	#
214	260.193	63	127	131	222	294	#
215	249.099	115	139	155	251	294	#
216	1219.33	7	34	35	51	70	92	99	103	112	123	127	143	146	181	189	201	230	232	246	247	295	#
217	1618.22	24	31	32	60	112	128	136	146	156	158	171	173	180	181	189	193	213	235	249	250	295	#
218	1608.18	6	14	24	78	90	97	114	119	133	189	191	206	215	216	229	230	231	232	238	246	295	#
219	1510.74	4	21	23	28	64	70	91	97	112	119	123	127	135	139	169	201	238	244	245	252	295	#
220	1449.89	3	4	26	85	88	99	107	109	113	121	145	154	176	182	191	197	208	220	229	231	295	#
221	1404.94	1	7	24	78	83	91	92	94	97	98	170	171	172	176	189	190	191	217	229	231	295	#
222	379.813	47	77	189	207	231	296	#
223	452.583	175	184	189	221	253	296	#
224	439.895	47	56	141	203	208	296	#
225	339.568	12	65	69	77	166	296	#
226	311.748	2	175	188	207	236	296	#
227	210.205	34	149	161	177	231	296	#
228	1107.38	7	24	58	59	93	96	116	127	147	156	160	179	193	246	297	#
229	1218.85	3	24	53	114	128	153	172	180	204	206	208	213	232	239	297	#
230	1133.41	30	40	49	65	74	106	114	116	127	134	151	162	202	223	297	#
231	1103.15	46	60	92	114	116	117	137	144	145	146	150	158	179	248	297	#
232	1070.57	15	27	34	91	105	108	114	138	146	150	156	160	189	204	297	#
233	1061.97	0	10	30	59	71	89	106	115	116	151	154	156	158	166	297	#
234	427.423	43	57	87	103	139	171	172	298	#
235	538.455	103	173	177	194	219	228	233	298	#
236	516.992	22	74	98	129	172	232	233	298	#
237	468.46	43	48	62	89	135	141	223	298	#
238	457.211	87	154	159	164	220	233	235	298	#
239	337.069	17	47	57	92	189	207	237	298	#
240	1122.9	13	16	35	60	67	102	133	151	161	166	180	186	201	219	228	230	248	253	299	#
241	1502.19	9	24	29	36	41	48	56	57	59	60	73	102	119	174	205	219	223	242	299	#
242	1479.76	2	7	11	13	16	50	66	122	128	131	138	140	161	179	185	200	205	246	299	#
243	1364.29	7	19	35	47	48	52	59	70	85	107	129	130	151	179	184	186	250	254	299	#
244	1306.27	3	14	23	50	55	56	59	65	78	83	99	100	107	141	156	198	201	228	299	#
245	1256.3	21	31	54	58	60	61	66	72	73	109	110	133	159	189	192	193	242	253	299	#
246	267.528	36	55	111	132	133	300	#
247	368.002	55	132	150	170	244	300	#
248	361.477	64	111	132	202	212	300	#
249	244.995	92	111	135	203	243	300	#
250	229.289	36	57	97	108	251	300	#
251	150.863	10	16	105	133	165	300	#
252	518.141	63	84	136	154	166	203	219	231	301	#
253	742.519	58	59	63	77	90	107	120	136	301	#
254	662.213	33	86	149	155	217	219	220	234	301	#
255	613.133	4	7	145	156	166	224	231	240	301	#
256	604.768	16	28	47	132	163	191	203	244	301	#
257	565.877	30	130	148	151	160	166	168	219	301	#
258	147.177	18	86	302	#
259	156.127	18	75	302	#
260	615.588	2	70	100	105	184	200	208	251	303	#
261	727.197	2	26	27	47	81	136	149	244	303	#
262	688.305	3	7	24	70	149	204	223	254	303	#
263	648.809	15	104	156	166	184	189	197	226	303	#
264	641.625	50	75	82	101	107	109	142	208	303	#
265	493.846	9	49	66	72	90	105	128	196	303	#
266	362.498	4	96	101	128	159	252	304	#
267	528.554	1	96	108	114	121	223	304	#
268	482.505	58	90	185	199	233	252	304	#
269	445.205	14	32	159	185	215	222	304	#
270	326.311	36	65	73	101	102	204	304	#
271	315.166	4	153	162	187	200	239	304	#
272	46.8841	75	#
273	294.191	50	171	199	225	305	#
274	308.351	24	50	63	172	305	#
275	270.85	33	128	165	199	305	#
276	239.722	67	71	220	225	305	#
277	221.788	39	96	171	230	305	#
278	737.046	1	85	101	112	120	124	125	144	146	220	233	306	#
279	809.048	77	78	81	84	87	102	112	207	233	245	246	306	#
280	798.54	12	26	34	47	100	101	103	124	185	220	251	306	#
281	709.031	7	13	41	85	89	104	127	152	190	212	238	306	#
282	696.716	20	33	54	84	87	102	167	179	220	233	245	306	#
283	678.101	20	28	69	104	115	146	166	196	206	220	226	306	#
284	1432.13	1	17	58	77	86	95	104	116	125	127	156	169	175	176	183	184	185	213	217	220	254	307	#
285	1612.99	8	31	58	74	88	99	123	130	132	138	145	149	158	159	169	175	183	185	198	209	234	307	#
286	1609.99	1	6	10	17	37	43	79	102	106	116	132	134	145	152	158	169	183	224	234	246	255	307	#
287	1583.08	9	17	39	63	66	68	74	82	92	97	116	131	132	139	141	147	157	172	184	215	226	307	#
288	1581.91	2	8	9	10	22	24	33	37	56	76	79	85	109	136	161	186	191	198	206	215	220	307	#
289	1537.48	25	28	33	52	53	62	95	102	122	136	137	145	147	152	158	161	163	186	237	244	254	307	#
290	1614.25	9	23	35	47	55	61	81	83	86	90	124	129	132	133	145	167	176	179	187	204	205	210	239	240	251	252	308	#
291	2081.13	23	33	38	41	45	55	64	83	120	128	132	138	140	147	159	167	175	184	194	212	218	219	224	229	230	243	308	#
292	2054.54	7	9	19	34	44	68	73	76	93	106	108	116	128	143	148	154	171	189	193	194	209	210	211	225	239	253	308	#
293	1935.42	0	7	8	10	45	70	93	101	106	108	127	132	133	139	140	176	195	198	206	224	225	226	229	251	252	254	308	#
294	1852.55	4	8	11	22	26	27	53	59	61	67	76	91	94	99	121	123	143	186	207	212	213	220	230	239	242	247	308	#
295	1806.49	21	25	31	52	53	55	65	74	78	86	91	119	129	138	171	178	183	189	200	204	206	211	229	235	239	251	308	#
296	1221.01	1	5	27	40	44	48	72	82	83	130	141	162	166	185	198	232	237	242	251	309	#
297	1513.28	33	36	38	44	71	84	96	123	136	161	162	182	191	192	205	226	245	246	255	309	#
298	1451.99	24	27	29	36	59	84	86	118	126	135	155	172	175	183	196	208	209	224	227	309	#
299	1357.67	12	17	25	40	70	74	89	134	144	157	165	187	189	205	206	218	225	246	247	309	#
300	1352.29	4	36	69	82	86	90	95	102	125	136	145	158	165	172	212	221	227	232	253	309	#
301	1348.23	2	14	25	30	35	89	97	105	112	116	124	128	134	153	178	188	223	239	242	309	#
302	991.887	17	24	97	112	127	129	167	214	217	219	243	248	310	#
303	1128.06	11	34	63	86	106	116	120	167	178	192	221	245	310	#
304	1053.27	7	43	49	78	89	112	180	213	224	227	249	253	310	#
305	1019.9	2	22	24	81	112	113	146	198	235	245	247	252	310	#
306	959.871	0	33	45	49	91	107	112	116	125	181	213	243	310	#
307	879.343	23	76	140	145	167	171	184	202	219	231	237	253	310	#
308	717.127	3	10	29	43	49	80	154	172	182	246	250	251	311	#
309	880.571	53	58	96	114	119	126	127	128	138	167	172	186	311	#
310	863.64	54	56	67	134	155	160	167	186	201	209	223	251	311	#
311	829.408	4	5	40	57	99	138	154	170	201	205	212	245	311	#
312	824.874	7	35	43	136	168	170	177	189	191	230	246	255	311	#
313	800.411	3	57	68	83	141	143	153	184	201	207	219	233	311	#
314	2188.09	12	24	30	39	49	61	82	84	97	98	101	106	117	123	126	133	138	145	147	153	155	165	174	187	192	193	200	204	221	225	233	234	255	312	#
315	2555.26	11	20	29	30	49	56	62	65	66	70	79	88	117	118	121	122	131	138	148	157	158	162	174	177	181	196	203	204	210	213	218	223	234	312	#
316	2516.56	3	7	12	15	21	42	53	64	74	89	90	98	107	108	123	127	130	147	159	164	176	182	189	191	192	198	210	213	223	231	233	238	251	312	#
317	2515.38	24	29	32	55	60	66	70	85	86	89	93	105	117	124	135	143	155	160	161	164	168	181	196	198	203	207	217	220	223	227	233	234	253	312	#
318	2471.89	0	11	12	14	39	46	50	63	65	73	74	77	95	107	111	118	131	146	148	151	154	174	175	182	194	200	203	218	221	238	243	245	251	312	#
319	2470.24	2	16	22	25	39	40	46	47	50	52	61	76	79	84	86	89	98	109	111	118	121	131	153	163	177	192	200	213	216	227	233	242	251	312	#
320	713.867	28	138	140	143	192	199	200	206	313	#
321	673.785	83	93	133	155	200	204	206	214	313	#
322	592.358	68	138	140	149	164	192	232	252	313	#
323	590.771	28	40	108	136	143	237	241	255	313	#
324	556.156	53	65	155	186	201	205	206	237	313	#
325	550.923	1	28	66	74	90	92	143	239	313	#
326	607.172	48	60	78	132	134	201	213	220	251	314	#
327	820.069	5	116	121	124	141	164	183	213	243	314	#
328	681.142	27	36	69	78	96	121	130	194	255	314	#
329	656.589	17	48	118	132	161	163	181	229	255	314	#
330	620.561	4	45	60	91	136	167	220	231	243	314	#
331	602.85	6	23	81	131	134	137	146	172	232	314	#
332	118.819	189	#
333	25.1297	88	#
334	30.1531	220	#
335	88.1978	167	#
336	506.966	7	93	101	184	203	239	315	#
337	501.842	7	135	207	233	244	253	315	#
338	407.74	51	93	193	199	223	239	315	#
339	367.586	60	140	196	203	207	244	315	#
340	348.778	23	101	160	205	238	241	315	#
341	333.058	42	57	63	173	184	189	315	#
342	116.86	96	115	137	204	205	#
343	1242.98	11	26	33	35	38	47	63	67	101	124	134	142	198	206	209	229	232	234	238	247	316	#
344	1486.63	0	7	20	21	26	48	55	63	85	102	115	125	134	136	162	210	214	238	244	253	316	#
345	1471.53	7	10	43	55	61	63	102	107	109	118	122	129	141	146	189	194	236	240	247	251	316	#
346	1400.96	11	19	24	40	45	49	69	89	108	132	144	154	156	162	181	189	202	219	237	238	316	#
347	1388.63	13	20	31	48	58	67	71	81	93	95	101	122	142	147	160	170	199	209	212	217	316	#
348	1386.69	16	47	50	51	55	68	73	80	85	112	138	139	177	206	211	223	224	240	249	254	316	#
349	2967.45	0	14	17	20	38	42	47	50	53	56	62	76	80	90	96	97	107	121	125	127	135	136	138	145	147	160	161	166	175	182	188	191	194	198	200	207	210	221	228	232	233	237	239	241	246	317	#
350	3514.94	2	3	8	23	24	28	34	36	39	40	49	53	56	57	69	70	71	76	94	101	104	113	117	120	127	168	169	172	182	184	190	192	193	200	203	207	211	215	216	219	225	226	235	240	254	317	#
351	3459.61	8	13	14	20	24	36	38	40	50	55	56	57	60	63	70	71	72	76	93	97	108	113	117	121	122	123	125	131	133	136	138	139	141	143	155	163	171	176	182	187	200	210	211	213	253	317	#
352	3368.19	13	49	61	63	69	72	80	85	89	101	106	109	111	113	117	118	120	126	132	143	145	146	160	172	184	186	188	189	191	194	198	200	202	206	210	216	219	221	224	228	234	235	236	250	253	317	#
353	3361.95	10	14	16	22	23	24	40	42	47	52	53	54	56	57	79	80	81	97	99	103	107	122	124	143	145	147	155	162	172	182	183	184	189	198	203	204	210	214	219	226	230	234	244	253	254	317	#
354	3352.4	13	19	22	24	29	34	38	47	50	56	58	62	71	79	85	90	93	113	118	122	127	129	140	156	160	166	172	173	175	189	193	195	200	203	213	216	217	225	226	232	236	239	240	244	255	317	#
355	11.9207	82	#
356	652.484	22	70	102	104	117	154	223	318	#
357	587.482	22	117	123	135	157	186	246	318	#
358	575.178	6	33	80	117	205	207	223	318	#
359	554.373	57	70	92	120	123	235	249	318	#
360	521.363	37	93	126	131	141	182	223	318	#
361	510.042	28	80	104	106	122	138	246	318	#
362	312.855	9	31	51	108	154	221	319	#
363	465.219	49	82	182	221	241	253	319	#
364	405.187	51	107	115	142	160	205	319	#
365	389.823	17	97	154	184	212	252	319	#
366	358.416	9	13	125	157	226	244	319	#
367	602.242	30	42	46	62	79	149	156	169	192	223	320	#
368	900.019	79	96	123	147	149	154	164	189	236	255	320	#
369	690.242	62	80	92	101	132	138	150	215	232	233	320	#
370	648.169	51	55	79	92	94	127	164	170	190	229	320	#
371	642.471	19	48	78	123	133	156	161	179	194	247	320	#
372	635.788	0	30	37	75	184	191	204	217	236	238	320	#
373	518.651	9	45	63	114	117	204	230	251	321	#
374	693.758	8	114	199	205	207	224	234	239	321	#
375	632.092	4	32	68	117	143	153	178	182	321	#
376	545.691	23	31	45	79	87	162	186	194	321	#
377	496.889	9	35	79	97	146	161	205	210	321	#
378	469.404	23	39	74	85	110	111	112	251	321	#
379	1721.43	6	30	47	55	56	60	68	79	86	88	93	95	105	108	118	139	160	163	164	166	189	194	197	209	221	239	322	#
380	2179.26	2	20	25	31	41	45	66	67	68	80	85	88	93	102	105	107	137	139	149	163	172	185	191	194	209	234	322	#
381	2099.53	3	8	12	26	37	52	56	60	74	84	94	114	118	128	132	172	179	186	189	191	194	202	205	207	245	255	322	#
382	2048.17	2	6	15	24	25	27	30	38	65	74	77	80	98	107	111	118	143	171	173	180	181	203	205	240	241	251	322	#
383	1936.5	15	25	27	30	56	63	65	67	75	91	100	117	130	139	142	192	199	201	205	206	213	225	234	241	245	251	322	#
384	1914.14	1	8	11	21	51	61	63	74	84	101	105	114	131	132	134	147	148	157	158	189	191	194	202	234	239	244	322	#
385	435.131	8	10	15	18	57	95	122	205	323	#
386	594.886	8	56	67	98	106	114	116	144	323	#
387	538.319	18	26	87	99	140	156	183	208	323	#
388	515.904	15	43	88	127	156	204	205	216	323	#
389	507.119	8	10	22	142	146	175	229	244	323	#
390	488.574	5	16	57	105	111	116	153	182	323	#
391	282.894	11	38	90	94	97	324	#
392	369.873	23	78	94	101	253	324	#
393	329.206	31	60	61	90	100	324	#
394	272.424	89	92	97	110	127	324	#
395	269.191	11	17	36	44	54	324	#
396	261.363	38	132	167	168	184	324	#
397	913.444	16	64	98	113	121	125	151	171	186	211	218	225	325	#
398	1001.26	64	67	77	92	117	125	141	161	194	199	230	241	325	#
399	996.053	52	91	94	101	118	147	151	161	223	244	251	253	325	#
400	963.958	7	32	60	67	102	108	133	171	204	206	211	238	325	#
401	917.037	14	21	33	39	98	106	113	115	133	147	248	253	325	#
402	855.099	31	47	63	77	86	108	119	162	174	186	232	241	325	#
403	271.563	10	71	93	151	197	326	#
404	342.834	71	106	151	210	235	326	#
405	320.13	30	79	92	197	251	326	#
406	275.085	93	95	130	227	230	326	#
407	225.612	10	140	177	194	209	326	#
408	146.32	98	120	248	327	#
409	189.057	98	112	152	327	#
410	103.525	22	#
411	534.052	18	20	28	30	49	103	138	159	163	166	193	328	#
412	755.229	10	18	22	78	91	120	123	129	145	194	226	328	#
413	666.182	30	34	39	47	87	99	107	110	147	197	223	328	#
414	666.004	7	30	36	103	115	152	154	161	169	206	212	328	#
415	665.474	4	21	34	41	86	103	104	163	211	224	252	328	#
416	650.708	20	31	49	60	111	130	152	161	187	219	242	328	#
417	822.287	35	40	82	89	96	118	133	142	160	189	199	222	329	#
418	1154.34	18	25	30	53	61	78	112	118	162	185	191	206	329	#
419	801.747	4	89	107	133	151	157	160	179	186	209	234	245	329	#
420	794.829	4	50	78	82	100	125	180	181	189	213	240	241	329	#
421	787.501	3	8	40	45	46	77	93	112	160	192	194	219	329	#
422	785.443	8	17	57	110	113	114	136	182	183	190	199	245	329	#
423	705.653	20	32	63	67	68	69	109	117	147	199	228	330	#
424	899.275	25	44	51	67	106	126	131	152	153	175	226	330	#
425	894.359	2	28	109	111	113	121	179	182	200	247	250	330	#
426	866.853	12	32	55	58	104	130	164	171	179	212	233	330	#
427	820.741	4	40	56	72	109	147	160	165	170	228	249	330	#
428	815.675	42	97	104	117	120	127	135	166	184	198	250	330	#
429	1363.08	8	17	20	37	59	87	102	108	115	126	129	131	135	160	172	174	191	201	207	209	224	243	246	331	#
430	1869.12	7	22	37	50	60	67	95	106	110	117	121	130	135	137	164	171	184	193	212	217	227	240	242	331	#
431	1838.68	7	22	47	48	56	57	62	77	111	113	120	124	157	159	171	174	187	192	227	228	245	248	251	331	#
432	1678.53	55	96	106	107	110	131	141	153	154	159	161	164	182	200	203	204	215	225	226	227	228	238	245	331	#
433	1607.87	24	41	47	56	83	86	111	112	116	161	164	173	175	176	182	184	191	199	200	203	233	243	252	331	#
434	1570.23	1	21	41	45	84	89	96	102	117	120	121	135	137	140	153	154	157	187	191	205	219	226	241	331	#
435	1014.19	2	60	63	77	109	124	137	141	168	172	211	245	247	332	#
436	1088.87	2	46	53	59	61	109	112	120	143	172	189	208	227	332	#
437	1079.97	64	86	101	114	118	150	172	185	208	211	228	229	246	332	#
438	1004.47	7	22	43	46	69	71	107	127	168	210	227	247	251	332	#
439	989.441	12	41	53	55	73	85	104	112	156	159	172	210	217	332	#
440	930.881	6	27	32	86	87	96	97	118	145	159	175	182	245	332	#
441	65.9649	112	#
442	1115.39	13	15	17	33	63	77	82	84	91	100	106	138	144	148	160	166	181	194	252	333	#
443	1622.57	12	29	31	58	63	67	75	85	97	100	106	109	114	123	136	147	228	237	242	333	#
444	1416.03	17	24	32	57	62	65	76	81	106	172	180	186	212	216	217	218	221	227	245	333	#
445	1388.11	1	15	26	53	63	94	96	102	103	104	114	181	183	188	193	222	236	242	255	333	#
446	1369.61	7	10	14	32	65	82	86	90	114	135	136	160	161	166	167	174	178	188	242	333	#
447	1354.78	3	4	6	41	56	100	126	128	147	171	176	179	186	219	238	244	245	246	252	333	#
448	1098.71	22	24	60	65	103	130	136	146	198	221	224	234	255	334	#
449	1109.25	12	27	30	63	73	79	114	118	136	172	179	190	199	334	#
450	1041.43	2	15	50	68	78	81	96	136	226	234	246	247	255	334	#
451	1033.45	0	10	24	32	47	113	116	142	161	214	234	238	255	334	#
452	924.686	9	22	50	59	75	123	133	165	199	203	213	222	234	334	#
453	895.938	6	20	30	39	58	75	93	122	137	171	184	198	228	334	#
454	639.238	76	107	138	182	183	231	248	335	#
455	588.457	28	143	172	175	176	182	187	335	#
456	562.465	33	110	183	194	209	219	228	335	#
457	539.913	38	49	110	123	138	189	195	335	#
458	457.948	10	76	78	109	178	243	254	335	#
459	444.501	5	43	54	58	111	141	248	335	#
460	526.87	22	57	68	143	161	233	336	#
461	506.231	61	131	155	212	221	233	336	#
462	482.005	22	68	85	104	166	178	336	#
463	454.567	28	66	68	69	155	208	336	#
464	375.665	39	133	143	202	212	241	336	#
465	349.823	27	33	41	90	161	175	336	#
466	813.912	7	41	45	62	83	138	161	184	192	207	218	235	248	337	#
467	1125.01	69	82	83	85	93	107	144	158	180	218	224	233	255	337	#
468	1119.8	12	22	68	93	96	133	174	176	184	217	226	233	235	337	#
469	1075.93	9	29	48	73	117	121	138	145	146	149	168	212	229	337	#
470	979.477	41	45	48	83	93	94	95	107	127	138	157	200	235	337	#
471	908.471	6	22	31	41	64	69	117	184	185	218	237	244	251	337	#
472	462.704	4	15	25	107	242	338	#
473	486.03	4	14	170	194	238	338	#
474	405.875	15	37	153	216	255	338	#
475	359.011	25	30	81	154	238	338	#
476	351.833	54	107	137	190	218	338	#
477	321.796	72	113	149	167	242	338	#
478	2831.68	0	8	15	19	26	43	56	58	59	62	65	72	87	90	91	98	109	118	125	127	131	141	142	146	152	153	159	162	165	171	188	194	207	216	223	225	236	238	244	245	246	251	254	339	#
479	3396.64	7	8	12	25	26	28	30	39	43	47	53	55	70	77	79	101	102	110	113	117	118	119	132	139	141	143	156	158	162	168	175	178	179	181	191	194	196	202	214	223	229	238	253	339	#
480	3324.97	2	12	15	23	28	51	65	67	70	77	79	80	88	94	97	99	107	110	114	115	117	131	139	142	152	158	159	162	168	175	182	185	186	194	196	197	202	204	211	222	227	241	249	339	#
481	3269.88	1	2	19	20	22	36	40	42	43	47	52	54	55	65	79	83	92	98	107	112	115	117	132	140	141	152	153	158	173	182	185	186	192	207	218	233	234	237	238	249	250	252	255	339	#
482	3269.69	7	23	39	47	52	56	59	61	62	65	73	79	87	99	110	113	114	117	130	139	141	144	146	152	156	164	167	171	173	175	176	184	206	209	212	214	215	232	236	239	241	250	251	339	#
483	3260.99	12	14	26	28	30	36	50	51	57	59	62	64	65	66	77	79	87	88	97	98	109	134	136	141	142	152	153	156	162	168	194	196	202	207	212	216	223	225	229	232	249	250	253	339	#
484	1376.36	17	28	55	67	82	101	103	116	118	169	177	181	183	195	200	212	215	216	236	237	241	246	249	255	340	#
485	2051.57	1	10	13	27	49	56	85	102	107	115	150	153	154	169	171	178	183	184	205	213	216	222	224	228	340	#
486	2022.31	9	22	41	52	54	58	59	65	71	75	98	100	101	107	116	166	169	175	200	219	226	228	242	245	340	#
487	1908.77	18	22	32	54	91	92	102	119	126	134	135	169	175	183	187	196	212	226	228	233	236	245	250	252	340	#
488	1897.23	22	23	28	49	52	54	72	82	86	103	111	127	136	154	157	158	163	172	184	212	221	229	246	255	340	#
489	1871.43	12	15	26	27	33	37	59	70	93	107	110	114	116	122	124	153	160	170	189	198	205	207	236	246	340	#
490	124.39	137	231	341	#
491	131.829	137	138	341	#
492	690.946	22	36	53	167	178	183	204	253	255	342	#
493	768.596	0	14	24	84	109	128	149	187	253	342	#
494	685.308	24	83	128	143	146	178	183	235	246	342	#
495	664.028	16	19	122	171	187	188	192	235	255	342	#
496	645.994	19	23	24	36	64	111	202	204	212	342	#
497	625.653	33	36	53	70	87	113	137	214	224	342	#
498	348.8	38	95	109	240	244	343	#
499	452.556	63	109	138	206	209	343	#
500	339.703	44	78	83	190	240	343	#
501	323.763	86	93	113	240	244	343	#
502	307.198	2	38	79	193	205	343	#
503	247.858	9	95	116	140	150	343	#
