%% File generated by CATS v.2.1Thu May  9 12:40:18 2024

%% The CATS webpage is http://robotics.stanford.edu/CATS

%% PARAMETER SETTINGS:
% Goods: 256; Bids: 500; Distribution: arbitrary; Runs: 1; Seed: 36
% Arbitrary Distribution Parameters:
% Max Substitutable Bids = 5
% Removing HV Neighbor   = 0.1
% Adding DIAG Neighbor   = 0.2
% Additional Location    = 0.9
% Additivity             = 0.2
% Budget Factor          = 1.5
% Resale Factor          = 0.5
% Uniform Private Value:
%   Deviation            = 0.5
%   Max Good Value       = 100



goods 256
bids 500
dummy 91

0	581.397	0	75	118	160	162	211	256	#
1	496.06	0	75	91	112	157	252	256	#
2	462.963	42	46	55	142	188	211	256	#
3	462.03	42	118	130	163	178	210	256	#
4	380.873	38	72	109	160	228	250	256	#
5	380.865	19	106	132	162	177	222	256	#
6	101.075	105	#
7	2368.69	7	9	21	27	35	49	55	57	61	70	75	79	82	92	93	97	100	103	105	106	124	125	130	136	147	150	155	163	175	189	193	196	203	204	228	237	257	#
8	2964.4	23	35	52	54	60	62	64	68	95	97	105	106	121	128	136	138	140	154	157	162	166	173	174	175	181	182	197	215	223	225	228	236	242	248	250	253	257	#
9	2739.24	11	15	18	35	55	67	68	70	74	76	90	107	115	123	125	131	137	147	163	166	168	172	180	184	186	188	198	209	222	225	234	236	237	241	243	255	257	#
10	2734.04	12	19	21	39	44	46	49	66	71	77	93	97	107	108	125	126	138	139	154	162	163	166	173	174	175	178	179	186	196	220	221	223	236	237	249	255	257	#
11	2683.37	11	14	18	20	23	28	42	62	67	68	71	74	89	104	118	120	130	133	140	157	159	168	175	177	178	179	184	186	189	204	211	214	221	240	242	255	257	#
12	2649.94	7	10	29	35	43	50	52	56	59	67	84	88	100	115	125	130	131	133	139	140	154	159	163	166	169	182	184	213	215	216	225	229	234	243	246	250	257	#
13	3909.07	17	19	24	29	30	33	40	42	50	53	57	64	67	69	71	78	81	86	90	100	104	105	106	108	113	116	117	119	124	131	141	145	148	151	153	163	166	170	171	190	192	194	195	196	203	206	207	210	213	221	229	235	243	255	258	#
14	3798.91	3	5	6	11	12	17	18	33	50	53	55	59	61	67	81	90	92	93	104	105	108	111	112	113	119	125	131	136	145	151	152	154	155	163	164	165	169	170	171	177	179	192	193	194	195	198	202	203	212	222	233	240	241	248	258	#
15	3797.54	3	5	6	17	23	28	31	39	42	46	59	60	62	67	75	81	84	88	90	104	108	109	113	114	116	123	126	128	130	135	137	150	153	155	165	170	174	175	177	178	183	186	195	200	201	207	210	213	235	236	238	243	249	253	258	#
16	3792.89	1	6	8	24	29	31	34	40	54	55	56	58	67	75	81	85	88	92	100	106	107	109	115	118	119	128	136	147	149	150	151	157	158	160	164	170	175	183	190	203	206	207	208	213	217	221	228	229	231	235	237	244	249	252	258	#
17	3781.47	2	4	14	17	18	23	31	39	54	55	59	64	67	69	78	81	85	92	112	113	117	131	135	136	138	139	141	155	157	158	161	171	178	183	186	187	190	191	194	195	197	200	201	203	207	211	217	222	223	226	229	233	244	249	258	#
18	3778.42	0	5	23	28	31	37	39	55	58	60	64	74	78	81	91	92	93	96	99	100	106	108	109	112	114	116	123	126	135	136	144	151	153	155	166	173	175	189	190	192	193	194	195	198	205	207	208	211	213	223	228	230	237	238	258	#
19	366.359	41	71	220	234	238	249	259	#
20	497.133	4	125	157	163	228	234	259	#
21	460.735	41	70	80	105	144	231	259	#
22	415.876	15	71	176	187	228	230	259	#
23	326.708	13	61	97	105	219	249	259	#
24	319.738	66	131	170	234	236	238	259	#
25	730.217	33	41	60	93	95	98	114	127	189	193	207	216	222	228	253	260	#
26	1081.06	17	19	39	49	70	78	115	120	125	127	147	197	203	207	208	260	#
27	1029.71	21	27	52	60	62	63	65	94	98	102	139	156	210	219	245	260	#
28	983.2	15	63	91	120	127	149	152	189	209	211	216	217	237	248	253	260	#
29	972.213	8	21	70	78	89	99	109	121	148	166	182	189	190	195	212	260	#
30	971.883	12	20	33	85	93	108	119	135	160	174	210	212	228	245	253	260	#
31	600.569	14	37	53	129	173	175	223	228	261	#
32	670.635	120	152	156	173	180	197	222	235	261	#
33	635.142	3	28	37	76	78	211	222	223	261	#
34	498.181	0	36	52	136	164	175	182	196	261	#
35	480.122	58	90	123	129	168	178	245	255	261	#
36	467.072	15	28	53	123	146	168	180	231	261	#
37	94.2355	52	#
38	261.811	107	138	154	223	262	#
39	303.866	24	41	154	173	262	#
40	287.177	102	103	107	182	262	#
41	159.922	31	138	171	202	262	#
42	145.133	37	117	165	223	262	#
43	1453.97	30	34	40	66	89	95	108	117	132	141	154	157	194	201	203	209	212	215	228	244	263	#
44	1547.19	3	21	35	43	50	101	104	117	130	138	154	170	179	182	197	207	211	221	234	240	263	#
45	1503.25	2	3	7	8	21	29	48	72	89	111	124	152	188	194	201	217	229	236	241	245	263	#
46	1446.53	27	36	37	40	51	69	98	117	125	133	154	156	171	194	210	216	225	227	246	250	263	#
47	1422.8	12	33	38	43	54	68	69	95	100	108	156	157	163	186	194	209	216	228	243	245	263	#
48	1408.52	19	23	54	56	62	68	85	111	133	140	149	173	201	211	217	220	236	240	246	251	263	#
49	2775.37	0	2	7	8	9	10	22	25	29	36	39	41	43	46	50	55	65	75	76	79	81	103	115	128	140	142	146	161	175	177	178	181	185	187	192	197	199	205	210	211	213	245	248	249	251	252	255	264	#
50	3543.22	1	4	12	25	36	52	56	64	65	66	72	76	79	83	91	97	102	103	109	110	135	139	146	147	154	158	165	172	174	177	183	185	186	197	208	211	213	215	225	226	227	237	242	247	249	254	255	264	#
51	3414.5	0	12	15	16	18	22	28	43	44	46	52	56	67	68	69	70	74	84	92	94	99	112	115	116	126	129	130	131	136	139	141	150	154	158	174	184	190	197	198	206	208	211	214	234	238	241	255	264	#
52	3350.32	15	18	19	25	27	28	29	39	40	43	44	52	55	66	71	86	89	91	94	98	112	116	123	129	133	140	150	152	162	165	178	181	184	185	188	189	208	209	211	213	214	221	223	225	231	237	255	264	#
53	3348.52	1	3	4	7	14	18	22	25	26	28	38	48	51	52	64	72	73	84	94	96	97	99	101	106	117	129	130	135	141	147	155	171	178	179	183	190	197	208	213	214	230	242	245	247	249	251	254	264	#
54	3304.97	2	3	23	40	43	44	50	51	52	62	63	72	73	74	75	76	84	102	112	117	121	129	131	135	140	141	145	150	152	153	154	162	165	170	171	177	185	187	189	202	205	214	227	238	242	246	248	264	#
55	1790.04	3	5	7	13	14	15	26	49	68	74	77	85	87	108	130	132	151	152	159	172	174	185	200	207	248	252	265	#
56	2037.41	6	24	29	49	50	71	74	76	89	98	111	121	128	146	150	159	172	174	182	197	208	235	237	245	250	253	265	#
57	2013.93	3	5	13	24	29	33	39	46	68	73	76	78	104	105	129	141	146	152	170	174	175	180	196	206	207	236	265	#
58	1924.23	3	23	29	37	40	49	61	73	87	96	101	116	123	130	135	142	168	170	173	175	207	209	227	228	237	244	265	#
59	1922.04	3	13	29	38	49	65	69	80	85	98	109	129	142	150	155	160	166	173	180	185	190	200	203	217	227	245	265	#
60	1920.13	47	62	64	67	76	77	91	108	113	122	129	131	155	172	174	175	189	192	207	208	223	225	227	228	230	253	265	#
61	1065	3	29	30	48	49	92	102	122	138	156	211	222	236	237	243	266	#
62	1262.06	0	38	80	98	150	159	162	175	183	190	191	195	223	225	237	266	#
63	1187.53	0	48	70	120	164	165	174	183	187	192	208	220	223	230	239	266	#
64	1079.97	0	34	47	49	65	79	95	96	121	128	154	156	169	191	230	266	#
65	1079.77	0	3	23	40	72	92	95	96	129	158	191	195	212	235	238	266	#
66	1047.45	2	30	54	70	72	79	89	133	161	174	187	211	225	234	243	266	#
67	491.785	12	21	28	50	222	249	267	#
68	546.099	15	33	50	116	153	184	267	#
69	487.429	50	83	121	130	195	222	267	#
70	475.963	21	26	28	165	190	213	267	#
71	464.547	51	96	107	152	192	249	267	#
72	414	12	28	31	63	128	157	267	#
73	212.41	62	76	268	#
74	251.024	76	184	268	#
75	134	62	189	268	#
76	361.853	23	39	52	71	77	92	206	269	#
77	523.656	71	99	117	149	157	173	234	269	#
78	488.418	8	14	104	206	228	234	255	269	#
79	447.029	23	104	122	132	173	179	189	269	#
80	397.239	17	18	52	55	125	207	239	269	#
81	359.88	77	92	99	126	179	190	249	269	#
82	2538.07	2	5	11	16	17	18	27	29	35	37	45	56	59	80	83	86	90	114	122	125	129	132	137	147	150	153	166	173	194	211	216	220	221	225	242	248	270	#
83	2864.25	9	27	36	43	49	53	57	80	82	93	95	101	104	116	120	123	124	136	138	139	153	154	159	165	166	172	184	188	205	207	208	211	212	215	229	247	270	#
84	2785.09	9	12	21	26	27	35	49	53	76	80	83	86	94	95	101	122	128	131	135	137	148	150	151	159	165	172	179	183	191	197	217	226	236	238	245	247	270	#
85	2776.96	3	16	19	44	53	57	59	60	62	72	73	77	78	80	95	97	101	104	119	124	129	143	150	151	152	159	161	193	199	203	208	226	233	238	243	248	270	#
86	2739.95	2	3	5	12	21	24	27	30	37	39	43	44	49	53	69	71	76	80	83	92	100	106	119	123	125	135	143	151	166	187	190	204	211	223	238	248	270	#
87	2721.01	3	14	27	35	36	41	58	60	61	72	80	86	101	102	103	104	108	113	125	131	137	151	152	169	191	193	209	217	224	227	238	241	245	250	251	254	270	#
88	963.557	7	26	40	78	87	94	95	162	165	201	203	212	236	271	#
89	1107.18	6	14	19	22	85	95	134	154	174	183	229	236	245	271	#
90	1082.3	7	53	55	105	108	110	137	167	182	188	238	240	244	271	#
91	971.944	4	6	22	23	105	134	168	169	208	212	213	231	236	271	#
92	957.615	15	19	24	26	60	66	80	81	93	105	115	164	244	271	#
93	933.96	19	22	53	60	103	105	120	153	162	163	169	180	209	271	#
94	120.863	49	#
95	325.842	8	104	133	160	272	#
96	394.241	8	112	211	214	272	#
97	365.844	84	133	160	227	272	#
98	320.59	2	104	135	247	272	#
99	231.592	31	111	133	238	272	#
100	311.643	32	38	88	90	146	177	200	252	273	#
101	387.834	57	62	77	90	107	164	185	232	273	#
102	364.878	50	65	77	81	144	177	198	236	273	#
103	301.143	25	38	44	56	70	83	223	237	273	#
104	31.7281	155	#
105	421.205	23	138	208	225	234	274	#
106	382.095	19	24	47	85	208	274	#
107	355.233	13	71	186	223	234	274	#
108	354.005	23	136	157	190	223	274	#
109	313.431	35	114	136	207	225	274	#
110	950.643	23	35	42	73	106	118	129	138	147	161	174	211	214	225	275	#
111	1081.48	28	38	47	78	107	120	129	146	180	184	199	214	221	238	275	#
112	1059.52	39	44	47	80	115	121	137	152	162	191	211	222	224	246	275	#
113	1057.68	7	15	37	57	62	89	108	118	137	164	175	181	191	207	275	#
114	1048.23	4	6	14	23	38	57	97	111	120	125	129	134	211	231	275	#
115	1030.4	17	58	90	95	100	106	127	147	150	152	154	171	206	215	275	#
116	321.876	14	91	95	208	276	#
117	353.336	7	91	101	139	276	#
118	324.05	54	108	144	208	276	#
119	309.61	14	54	74	201	276	#
120	217.362	66	95	170	253	276	#
121	1430.11	9	13	65	85	94	110	111	119	122	124	126	130	131	135	149	153	158	168	185	186	198	227	242	244	246	277	#
122	1942.09	0	6	9	10	60	81	92	102	105	106	116	128	132	143	148	153	166	168	212	227	234	237	247	250	254	277	#
123	1922.65	26	37	43	50	52	62	66	69	95	99	106	108	134	147	149	153	168	178	192	201	208	213	216	240	249	277	#
124	1806.7	2	7	16	26	62	71	79	105	108	110	119	121	136	148	154	162	168	172	173	176	192	204	208	232	235	277	#
125	1791.05	4	12	16	35	50	58	69	79	85	96	110	111	120	132	141	162	178	195	200	225	227	229	235	239	242	277	#
126	1773.63	2	14	38	44	50	64	71	73	74	77	81	105	111	113	125	135	138	152	164	172	185	208	220	234	245	277	#
127	468.815	31	43	110	182	208	233	242	244	278	#
128	589.42	2	66	74	83	164	169	239	242	278	#
129	567.078	16	69	91	104	135	174	207	208	278	#
130	556.637	2	43	65	69	92	103	151	248	278	#
131	483.638	3	57	58	167	182	188	223	252	278	#
132	481.821	54	82	110	158	221	225	231	241	278	#
133	38.1072	215	#
134	176.321	248	253	279	#
135	177.92	195	248	279	#
136	847.848	66	80	95	104	118	136	149	150	162	253	280	#
137	951.724	13	76	104	107	109	125	144	146	182	255	280	#
138	849.946	95	120	171	182	196	206	213	223	236	242	280	#
139	786.245	6	50	70	95	137	166	177	187	201	253	280	#
140	698.072	4	23	56	77	119	139	150	154	192	225	280	#
141	671.614	21	32	48	75	100	122	149	150	206	228	280	#
142	1086.19	25	55	58	76	80	92	95	103	119	136	144	171	188	198	215	252	254	281	#
143	1252.58	25	31	38	44	66	74	80	95	107	154	158	161	175	188	201	207	216	281	#
144	1251.02	30	56	80	87	108	109	119	128	144	171	179	195	200	214	215	252	255	281	#
145	1239.51	0	2	3	34	53	80	87	89	123	132	136	183	189	212	225	230	252	281	#
146	1185.75	10	19	35	40	49	58	80	129	138	170	199	200	203	214	226	231	245	281	#
147	1177.56	12	18	23	27	30	34	102	117	147	166	176	177	188	190	237	241	248	281	#
148	869.358	33	49	110	146	151	159	181	186	189	222	253	282	#
149	954.716	32	41	88	128	151	152	160	184	195	227	247	282	#
150	788.492	13	57	91	107	116	134	141	144	160	181	218	282	#
151	779.276	1	25	51	55	109	122	186	195	202	213	253	282	#
152	744.982	11	17	24	49	62	70	82	88	125	151	211	282	#
153	715.701	39	67	83	86	95	121	161	172	173	189	238	282	#
154	291.324	109	131	133	150	209	218	244	283	#
155	427.55	35	38	39	51	176	209	245	283	#
156	402.465	58	62	70	73	110	131	193	283	#
157	387.791	34	40	73	97	109	121	140	283	#
158	385.559	76	88	133	184	200	228	244	283	#
159	383.882	75	107	123	144	173	239	284	#
160	563.423	48	53	55	173	213	217	284	#
161	491.761	72	73	100	123	222	227	284	#
162	443.377	100	124	144	150	227	244	284	#
163	406.701	36	94	107	112	174	187	284	#
164	400.663	11	55	75	85	194	217	284	#
165	83.5303	89	#
166	370.042	14	89	147	194	214	285	#
167	426.67	54	194	208	234	252	285	#
168	416.479	24	132	155	160	214	285	#
169	321.165	9	132	147	156	173	285	#
170	296.106	14	22	100	214	217	285	#
171	206.306	89	117	165	249	251	285	#
172	3869.52	0	2	9	10	17	27	30	32	33	36	37	38	39	42	44	45	63	67	84	86	90	94	95	96	102	104	108	109	112	117	123	124	126	129	134	136	140	149	151	154	162	169	170	172	192	203	204	205	207	208	219	227	246	255	286	#
173	4060.76	9	11	17	23	37	40	45	48	51	52	57	59	62	67	82	84	86	92	97	102	105	116	120	123	124	133	140	142	149	151	152	154	157	166	168	172	173	176	178	189	192	201	203	205	207	208	212	226	227	237	239	240	249	255	286	#
174	4021.42	12	16	21	26	30	35	38	39	62	70	72	80	83	86	88	89	102	104	115	122	123	133	135	137	138	140	157	165	166	169	172	173	176	177	183	190	197	198	200	205	213	214	215	217	225	227	229	232	238	239	240	242	253	255	286	#
175	3955.46	2	10	14	17	26	30	32	35	38	40	42	49	51	53	57	67	76	81	84	87	90	98	101	105	120	134	135	145	148	150	154	155	156	159	162	165	166	169	173	175	176	187	190	192	201	205	207	208	211	212	220	232	234	238	286	#
176	3942.93	3	4	17	18	27	28	32	33	35	38	40	46	48	52	58	63	67	70	75	93	94	95	101	113	115	123	128	136	147	151	159	163	169	176	190	195	197	205	207	208	210	212	213	214	215	217	218	221	227	228	242	249	253	255	286	#
177	3925.88	6	21	30	33	38	40	42	52	55	57	58	59	64	76	98	99	101	102	104	109	116	126	128	133	135	138	139	140	152	160	162	165	166	170	173	183	185	189	192	207	212	213	214	216	218	219	230	236	238	242	247	249	250	255	286	#
178	1222.8	5	19	26	52	55	76	150	160	175	176	180	194	209	218	242	287	#
179	1301	42	49	51	81	87	128	139	153	162	180	194	195	209	235	236	287	#
180	1183.92	32	40	52	89	113	143	153	168	175	186	188	192	220	240	250	287	#
181	1169.98	2	9	19	47	58	89	98	107	116	150	167	170	226	240	241	287	#
182	1157.81	5	36	49	52	57	89	103	107	122	124	165	168	178	222	226	287	#
183	1131.6	25	40	51	55	77	116	122	128	150	176	182	195	206	213	232	287	#
184	474.256	33	38	79	92	189	196	288	#
185	446.632	10	32	79	80	174	219	288	#
186	434.471	6	72	87	124	189	195	288	#
187	425.932	2	3	22	92	93	209	288	#
188	404.14	38	67	92	162	192	249	288	#
189	371.595	2	33	71	98	144	196	288	#
190	203.195	38	57	60	219	289	#
191	250.608	106	157	219	236	289	#
192	218.817	17	35	57	243	289	#
193	207.927	38	211	228	234	289	#
194	628.333	1	12	18	19	20	28	82	86	99	111	119	139	249	290	#
195	873.18	6	10	19	63	83	113	119	174	186	189	194	211	221	290	#
196	853.995	15	35	48	68	86	102	108	124	157	179	184	197	208	290	#
197	832.175	12	30	60	67	75	79	122	135	140	147	161	220	235	290	#
198	820.568	1	6	50	66	105	113	143	175	196	200	221	237	251	290	#
199	806.402	0	9	10	26	50	74	86	118	120	122	143	236	249	290	#
200	98.4922	10	52	291	#
201	111.119	52	85	291	#
202	454.191	5	12	37	122	138	167	182	218	245	292	#
203	670.698	16	61	68	112	113	118	122	158	171	292	#
204	649.314	5	19	29	109	144	171	172	196	197	292	#
205	599.473	56	103	163	184	199	216	245	251	254	292	#
206	595.853	9	12	54	86	95	101	120	138	158	292	#
207	584.737	30	100	117	167	190	207	208	238	239	292	#
208	122.392	199	252	293	#
209	116.559	239	252	293	#
210	72.9602	59	199	293	#
211	254.182	62	146	231	246	294	#
212	351.663	62	122	163	194	294	#
213	311.093	31	105	231	247	294	#
214	206.593	146	153	231	246	294	#
215	3.60207	243	#
216	162.944	38	74	179	295	#
217	231.974	74	242	243	295	#
218	189.977	38	129	231	295	#
219	156.174	112	179	218	295	#
220	1141.12	9	27	74	76	87	88	93	125	157	162	190	194	202	296	#
221	950.143	38	41	42	51	117	122	125	148	154	177	191	241	250	296	#
222	822.029	26	30	42	48	55	62	75	79	88	120	144	165	201	296	#
223	805.996	3	24	74	119	151	154	155	191	203	228	245	249	253	296	#
224	802.845	1	19	75	76	93	133	137	138	190	200	208	212	218	296	#
225	789.704	8	9	27	44	78	94	95	99	128	145	178	250	251	296	#
226	227.075	111	179	185	252	297	#
227	260.542	24	28	70	185	297	#
228	236.93	7	128	161	252	297	#
229	202.565	18	69	158	179	297	#
230	276.776	17	42	155	241	298	#
231	333.702	17	144	168	208	298	#
232	262.997	42	91	139	209	298	#
233	248.725	134	167	241	243	298	#
234	216.266	66	100	155	163	298	#
235	292.509	60	62	115	119	145	199	299	#
236	405.45	60	85	92	109	168	212	299	#
237	374.727	13	17	145	147	158	205	299	#
238	367.412	23	25	119	182	199	205	299	#
239	337.48	15	62	73	207	209	247	299	#
240	273.079	39	86	93	114	115	190	299	#
241	237.481	41	139	164	209	233	300	#
242	335.932	7	138	203	232	233	300	#
243	278.225	119	131	152	209	246	300	#
244	177.486	41	99	143	178	199	300	#
245	1690.45	3	17	26	29	37	59	67	80	86	87	111	122	142	144	150	155	167	191	193	197	202	247	301	#
246	1894.64	26	46	51	60	61	67	81	92	111	113	129	138	141	147	191	192	201	226	230	231	240	242	301	#
247	1635.11	3	26	40	43	45	46	55	63	89	105	113	118	136	141	177	191	193	210	211	223	234	243	301	#
248	1589.56	13	19	26	34	44	55	57	81	89	111	134	152	175	204	205	212	222	224	236	240	252	253	301	#
249	1569.66	4	27	54	63	76	82	86	93	110	115	119	123	126	129	141	144	163	165	178	194	197	211	301	#
250	1526.73	24	26	27	41	45	46	54	55	67	78	87	110	121	135	149	168	177	178	205	224	247	250	301	#
251	209.764	79	120	201	302	#
252	194.595	48	120	211	302	#
253	165.779	136	201	215	302	#
254	128.999	79	134	188	302	#
255	280.2	31	50	73	133	149	204	223	303	#
256	410.389	21	69	73	91	233	251	254	303	#
257	397.614	94	112	123	133	168	196	231	303	#
258	359.321	49	54	68	83	84	144	149	303	#
259	353.799	100	121	140	196	204	223	245	303	#
260	267.521	139	145	149	153	223	239	249	303	#
261	627.493	13	99	165	173	216	226	246	255	304	#
262	680.832	7	26	70	87	113	173	178	222	304	#
263	648.101	3	30	45	67	99	172	186	228	304	#
264	582.997	7	81	109	145	167	204	226	253	304	#
265	579.947	20	46	90	154	173	197	238	246	304	#
266	537.499	36	63	65	71	156	165	187	190	304	#
267	459.125	106	132	149	157	165	184	191	245	305	#
268	636.449	6	112	130	184	205	221	224	246	305	#
269	584.94	42	129	145	157	211	225	231	236	305	#
270	550.458	28	78	92	106	111	145	169	251	305	#
271	510.242	31	35	70	83	165	211	234	246	305	#
272	472.013	18	26	96	109	112	154	215	245	305	#
273	659.421	13	14	29	38	40	171	207	211	241	306	#
274	640.795	38	79	88	107	207	208	215	234	246	306	#
275	607.738	38	44	58	139	157	207	250	252	253	306	#
276	575.911	13	33	58	80	86	104	200	235	244	306	#
277	569.858	9	29	107	114	137	174	179	188	248	306	#
278	550.17	3	38	79	116	145	151	208	211	254	306	#
279	437.834	47	54	156	166	188	209	230	307	#
280	622.962	144	152	169	170	182	188	206	307	#
281	539.55	60	155	161	206	209	246	247	307	#
282	510.751	25	60	109	133	194	230	254	307	#
283	485.861	51	70	77	124	135	156	221	307	#
284	435.409	13	47	141	201	223	237	254	307	#
285	1385.05	15	40	46	61	63	66	83	103	109	138	150	165	170	172	181	190	191	201	216	247	308	#
286	1585.39	1	12	26	33	36	43	46	55	62	83	88	115	118	122	154	160	167	171	191	235	308	#
287	1560.01	1	19	21	26	37	66	67	79	88	112	130	141	151	152	154	172	176	195	221	246	308	#
288	1516.32	26	42	49	55	62	63	91	92	110	116	144	151	170	175	181	187	193	215	219	241	308	#
289	1444.09	17	40	42	46	59	61	65	72	84	109	118	140	148	176	187	201	204	206	235	243	308	#
290	1438.37	26	27	29	35	55	103	107	129	152	154	170	176	179	193	215	222	228	232	243	255	308	#
291	3072.58	3	4	7	10	12	18	22	23	27	44	50	56	63	64	66	67	77	80	85	92	106	107	109	115	116	125	131	139	140	151	152	155	156	178	181	184	186	189	195	210	214	215	234	241	242	247	255	309	#
292	3329.87	5	7	13	18	19	22	25	27	31	36	37	41	42	45	53	56	59	99	101	103	110	116	117	118	122	123	127	132	135	139	141	143	168	172	173	186	194	195	198	200	206	219	226	231	240	242	249	309	#
293	3329.06	4	5	7	13	17	18	34	38	43	44	45	47	48	52	56	59	62	75	81	92	98	111	115	118	123	125	126	131	133	135	141	143	164	166	167	173	178	184	187	197	198	208	210	217	224	232	237	309	#
294	3279.03	3	5	14	19	21	22	24	53	57	59	64	67	80	92	98	106	107	109	111	114	117	121	126	127	139	143	144	165	168	172	173	180	184	193	198	200	208	210	211	213	214	234	236	237	242	247	249	309	#
295	3199.2	15	21	22	34	37	41	42	45	50	55	58	63	64	65	81	98	99	103	109	111	115	122	125	126	128	133	143	152	161	166	167	181	189	192	193	196	203	204	206	211	213	214	220	234	236	246	252	309	#
296	3197.66	7	13	22	29	34	45	47	48	49	53	55	64	69	70	77	85	87	88	92	99	102	103	110	111	118	128	156	162	165	166	189	193	194	195	197	198	199	204	206	209	212	224	227	232	241	245	254	309	#
297	1118.8	7	54	57	58	77	78	80	88	93	99	106	114	115	122	139	144	146	149	185	203	226	229	231	310	#
298	1676.46	15	20	25	38	70	96	100	104	110	114	152	154	158	165	174	178	198	214	226	228	231	241	252	310	#
299	1652.3	2	8	12	24	45	70	87	102	128	129	139	144	155	157	162	179	183	188	208	211	219	225	248	310	#
300	1634.74	6	24	57	63	76	83	96	106	107	129	146	152	157	174	200	225	228	229	241	248	250	253	255	310	#
301	1631.83	20	25	26	74	77	80	88	100	108	124	136	141	150	158	165	167	174	177	185	222	236	246	248	310	#
302	1590.6	5	11	12	15	27	46	47	74	83	91	100	101	106	125	126	157	195	212	227	242	243	245	247	310	#
303	180.026	79	186	311	#
304	228.93	52	186	311	#
305	166.115	12	79	311	#
306	224.764	98	242	252	312	#
307	332.862	17	104	242	312	#
308	269.183	53	84	252	312	#
309	146.388	19	75	98	312	#
310	617.936	3	81	113	145	165	168	193	209	246	248	313	#
311	889.804	3	53	65	66	104	137	153	157	176	196	313	#
312	767.949	12	19	34	68	87	104	115	211	227	248	313	#
313	719.539	3	9	13	53	79	99	106	157	165	186	313	#
314	665.086	16	44	53	56	65	116	172	175	208	209	313	#
315	637.004	27	29	40	126	127	139	140	168	171	172	313	#
316	20.3629	183	219	#
317	508.359	12	58	105	123	130	223	237	243	314	#
318	714.809	50	69	93	108	123	124	166	197	314	#
319	570.881	12	46	79	91	110	178	195	212	314	#
320	558.433	29	97	98	99	105	171	184	231	314	#
321	541.938	60	70	75	101	137	152	198	237	314	#
322	470.186	21	36	42	60	177	188	223	249	314	#
323	921.735	3	31	51	67	68	172	178	213	227	228	232	255	315	#
324	1041.36	3	28	46	60	62	73	76	163	202	213	226	230	315	#
325	922.522	1	21	24	35	67	74	90	96	108	117	213	234	315	#
326	916.948	13	19	37	89	108	114	125	150	163	187	232	253	315	#
327	880.48	9	46	51	83	112	124	125	143	171	209	221	222	315	#
328	873.973	3	26	27	44	53	73	122	128	174	196	231	234	315	#
329	544.412	35	37	46	53	139	151	210	217	249	316	#
330	771.538	24	31	34	80	105	128	129	139	192	316	#
331	670.274	63	72	75	88	94	175	191	238	249	316	#
332	661.756	20	42	44	53	111	112	128	154	249	316	#
333	614.823	17	93	104	106	153	163	210	231	238	316	#
334	594.441	46	66	84	136	137	142	184	217	251	316	#
335	928.061	5	18	38	49	50	54	72	85	92	109	124	155	206	222	229	235	248	317	#
336	1165.22	3	34	49	74	78	122	127	136	149	150	154	178	205	217	225	235	246	317	#
337	1151.43	2	7	44	67	74	76	85	95	100	159	180	182	192	195	200	204	251	317	#
338	1139.04	4	7	22	35	45	50	65	98	197	200	204	212	213	219	237	242	251	317	#
339	1133.5	43	65	69	78	109	125	134	150	178	188	189	194	195	224	237	240	251	317	#
340	1126.36	4	28	33	39	111	112	137	158	180	183	204	215	222	224	230	245	247	317	#
341	134.07	18	28	40	90	106	114	144	#
342	370.969	5	30	76	96	152	191	318	#
343	410.574	96	160	173	219	231	250	318	#
344	387.939	5	20	71	76	81	243	318	#
345	334.236	5	65	155	218	237	242	318	#
346	328.789	73	122	133	136	152	190	318	#
347	306.031	4	86	122	173	191	235	318	#
348	726.684	6	31	74	128	185	208	238	242	319	#
349	689.972	17	29	40	75	80	138	213	238	319	#
350	652.39	31	76	128	222	235	236	246	247	319	#
351	633.865	38	71	74	96	120	137	166	234	319	#
352	608.375	30	33	51	78	161	165	208	251	319	#
353	556.227	1	6	33	61	78	173	185	235	319	#
354	125.88	211	252	320	#
355	99.0987	38	252	320	#
356	38.8084	75	#
357	26.7732	151	#
358	2337.36	3	9	19	30	41	49	53	80	85	88	97	102	103	107	113	141	160	173	180	188	189	190	195	207	210	213	214	217	219	227	229	239	244	321	#
359	2720.72	12	14	22	24	33	46	48	67	68	70	72	76	80	95	125	137	139	153	157	173	174	180	183	188	189	190	207	208	217	219	233	241	245	321	#
360	2610.27	3	7	15	26	29	45	53	60	64	65	72	89	99	102	129	134	145	151	152	157	160	172	173	189	206	207	208	219	229	233	244	248	249	321	#
361	2542.18	5	6	14	17	19	23	24	34	39	44	65	70	80	89	94	109	125	140	152	160	164	173	184	190	196	201	205	208	217	229	239	250	253	321	#
362	2517.57	12	46	59	60	89	103	104	111	114	119	128	134	141	142	145	149	153	160	164	168	190	194	195	196	198	202	205	208	219	220	227	230	252	321	#
363	2499.51	12	19	29	34	42	44	63	64	75	80	86	89	91	111	130	145	153	162	164	173	176	180	189	192	194	202	208	210	220	236	247	252	253	321	#
364	384.889	27	57	126	182	191	221	322	#
365	475.6	40	101	182	184	230	232	322	#
366	379.331	26	37	126	129	230	250	322	#
367	375.317	41	57	62	76	99	170	322	#
368	330.802	38	74	95	104	221	228	322	#
369	246.458	16	38	96	137	191	230	322	#
370	867.785	3	41	48	59	66	153	166	182	221	230	235	247	323	#
371	1048.52	30	61	71	72	109	135	156	165	186	187	235	242	323	#
372	974.054	27	34	59	71	72	105	161	187	203	230	236	239	323	#
373	927.545	19	25	29	44	61	84	94	118	125	148	188	247	323	#
374	915.541	26	34	79	95	109	125	150	155	207	211	221	238	323	#
375	863.126	2	34	39	68	141	148	166	173	179	192	248	253	323	#
376	1225.9	23	39	61	67	69	122	124	161	163	169	175	184	201	221	228	230	239	324	#
377	1426.26	12	37	52	61	76	93	99	107	132	139	163	166	179	182	186	229	252	324	#
378	1219.57	7	66	81	107	114	144	152	161	162	172	179	187	200	203	221	226	247	324	#
379	1219.03	5	9	70	81	82	98	113	126	172	182	193	201	202	217	230	246	248	324	#
380	1110.87	11	67	75	76	85	92	98	110	126	150	163	165	175	185	193	203	212	324	#
381	1089.77	11	45	51	56	61	81	87	92	108	114	115	143	165	182	203	227	229	324	#
382	204.52	74	106	149	325	#
383	260.923	106	153	172	325	#
384	200.359	74	98	255	325	#
385	193.102	149	161	246	325	#
386	278.703	3	68	150	210	326	#
387	297.935	25	68	169	186	326	#
388	293.246	3	5	50	217	326	#
389	254.676	175	203	210	231	326	#
390	545.502	27	48	71	73	129	162	203	215	245	247	327	#
391	720.157	16	64	131	153	160	162	194	212	213	217	327	#
392	675.751	7	13	46	56	94	129	145	188	205	249	327	#
393	611.918	9	22	36	37	45	89	95	99	169	245	327	#
394	570.084	3	9	44	73	91	153	155	200	208	232	327	#
395	561.057	7	39	45	48	99	125	143	164	198	231	327	#
396	1355.69	13	35	52	57	59	61	70	72	88	104	122	133	139	140	186	202	238	241	250	251	328	#
397	1595.71	25	45	46	67	70	78	83	92	122	128	129	135	139	153	178	186	192	193	199	230	328	#
398	1472.41	6	12	39	40	43	53	58	70	73	79	97	102	111	151	188	192	193	219	220	233	328	#
399	1444.58	8	16	18	20	27	42	63	111	117	128	143	146	156	161	182	204	231	238	244	251	328	#
400	1441.12	3	7	28	35	57	103	116	117	128	156	158	177	181	192	201	202	220	222	245	250	328	#
401	1431.53	6	12	20	24	25	59	63	73	81	102	116	129	133	200	209	216	223	239	240	245	328	#
402	59.5811	106	#
403	32.8738	122	228	#
404	401.637	4	61	211	222	229	241	329	#
405	465.224	31	51	130	196	211	233	329	#
406	456.243	108	143	181	186	229	231	329	#
407	349.485	42	89	122	176	198	241	329	#
408	288.194	1	36	77	115	209	222	329	#
409	254.668	4	56	91	95	133	155	329	#
410	687.263	7	16	29	125	135	179	184	236	245	251	330	#
411	742.353	19	37	61	88	98	139	187	230	239	251	330	#
412	733.342	7	19	50	67	102	122	146	185	187	188	330	#
413	726.458	37	50	56	84	134	145	184	207	226	245	330	#
414	717.965	35	50	55	141	160	165	167	179	183	251	330	#
415	655.299	16	94	98	129	133	135	150	182	183	252	330	#
416	444.846	102	157	182	217	243	331	#
417	497.992	102	104	135	157	238	331	#
418	375.171	69	102	148	201	225	331	#
419	361.134	28	85	182	194	218	331	#
420	330.888	1	71	178	217	252	331	#
421	214.55	17	159	162	332	#
422	298.338	27	51	159	332	#
423	236.839	17	94	128	332	#
424	94.2215	57	162	216	332	#
425	834.291	6	36	97	112	123	130	169	191	195	207	222	248	333	#
426	890.594	6	87	89	118	150	196	213	222	228	231	245	251	333	#
427	890.038	30	55	59	97	130	138	175	194	204	241	246	254	333	#
428	887.494	73	74	83	106	130	169	190	192	196	201	204	212	333	#
429	872.872	6	35	51	52	61	96	102	126	161	193	205	222	333	#
430	856.409	35	61	76	95	130	146	170	211	217	218	238	244	333	#
431	70.6582	115	#
432	571.01	12	17	33	120	144	182	224	334	#
433	588.723	68	70	76	93	128	169	182	334	#
434	507.347	11	17	29	72	144	165	180	334	#
435	497.805	1	36	120	143	152	204	210	334	#
436	495.033	15	27	30	34	224	226	236	334	#
437	367.164	12	43	68	70	73	94	98	334	#
438	143.696	123	211	335	#
439	121.395	211	228	335	#
440	48.0422	198	#
441	264.461	137	170	200	232	336	#
442	290.383	160	185	195	200	336	#
443	264.084	165	170	228	239	336	#
444	152.5	62	214	223	232	336	#
445	310.586	1	63	134	226	337	#
446	327.127	107	118	134	234	337	#
447	280.975	63	65	140	215	337	#
448	262.991	1	13	223	248	337	#
449	241.992	169	226	246	249	337	#
450	358.903	2	15	158	240	338	#
451	415.448	2	74	123	129	338	#
452	255.977	20	32	134	158	338	#
453	210.706	10	15	113	230	338	#
454	194.9	101	121	178	240	338	#
455	1072.05	44	50	87	94	122	150	163	167	175	190	195	204	206	223	229	245	339	#
456	1324.51	43	76	98	99	141	160	163	167	170	197	202	204	217	220	240	247	339	#
457	1191.85	62	63	65	75	94	100	157	163	175	196	203	208	230	247	248	252	339	#
458	1191.11	19	32	72	103	139	141	145	157	161	171	186	197	210	214	215	223	339	#
459	1185.65	6	19	20	24	30	37	114	129	139	148	190	220	232	240	243	252	339	#
460	1140.43	7	25	27	66	91	103	104	129	136	148	170	190	206	224	230	242	339	#
461	3058.04	1	4	6	8	15	20	21	23	31	36	41	57	68	70	71	73	75	76	80	86	96	100	117	127	134	136	138	140	141	143	145	146	149	154	156	163	164	167	177	181	186	196	202	205	215	216	219	221	224	229	235	244	245	249	250	253	254	255	340	#
462	4286.24	3	14	15	20	23	24	25	42	53	66	69	71	75	78	80	81	84	86	88	94	95	98	104	106	113	122	123	129	137	140	144	149	150	153	158	159	163	165	171	178	182	184	190	195	205	208	213	216	217	229	230	235	242	243	245	246	249	254	340	#
463	4209.74	1	8	12	15	24	25	26	32	35	36	40	44	62	65	67	69	71	73	80	82	89	92	93	100	101	103	112	117	129	134	139	144	151	158	165	167	169	174	184	194	198	207	208	209	212	213	220	224	225	229	234	243	244	245	246	249	254	255	340	#
464	4153.51	1	3	14	29	32	33	35	41	44	61	66	71	72	80	82	86	88	108	114	117	118	123	125	127	137	139	146	152	163	167	169	170	172	181	183	186	187	188	194	200	201	204	205	208	209	216	217	224	225	227	230	232	236	244	247	249	250	252	340	#
465	4111.42	0	6	9	12	14	15	17	24	31	32	34	37	41	42	53	61	62	68	69	72	76	78	81	82	83	84	94	95	99	117	132	134	139	141	143	146	154	158	159	160	163	165	169	181	183	186	188	195	208	210	211	216	224	225	239	242	246	249	340	#
466	4027.67	1	3	12	15	20	24	25	28	29	36	40	44	57	62	64	65	68	69	70	76	81	83	89	93	95	101	106	108	109	118	123	129	132	134	156	158	167	168	171	173	174	175	178	183	188	195	199	201	205	217	227	228	229	235	237	244	249	254	340	#
467	384.76	14	35	48	230	248	341	#
468	484.143	40	97	154	234	248	341	#
469	398.427	125	152	180	230	253	341	#
470	375.694	6	12	14	55	235	341	#
471	367.939	35	69	79	132	247	341	#
472	352.936	48	57	114	150	213	341	#
473	485.867	18	83	93	95	118	176	342	#
474	453.372	11	46	95	158	219	232	342	#
475	446.998	21	50	109	118	219	220	342	#
476	442.342	45	93	95	181	186	210	342	#
477	433.285	78	83	176	192	196	202	342	#
478	346.5	11	16	23	169	176	242	342	#
479	595	15	41	100	135	136	217	225	243	245	343	#
480	716.6	19	140	153	154	157	163	170	191	245	343	#
481	714.89	40	63	119	135	149	192	213	220	233	343	#
482	658.623	11	122	124	143	146	190	193	225	230	343	#
483	564.016	99	103	147	197	198	217	243	246	252	343	#
484	563.363	32	68	136	151	197	211	214	233	239	343	#
485	153.339	1	17	66	344	#
486	120.837	18	66	152	344	#
487	108.25	1	54	94	344	#
488	502.041	25	27	117	208	222	249	345	#
489	500.036	27	71	92	209	220	247	345	#
490	453.632	62	86	87	103	108	208	345	#
491	453.323	25	44	99	107	205	225	345	#
492	408.153	59	61	84	130	220	249	345	#
493	294.398	50	54	159	216	222	247	345	#
494	684.475	7	33	34	38	54	139	159	194	201	249	346	#
495	961.293	13	35	72	116	195	201	217	222	226	232	346	#
496	920.496	34	54	63	163	194	217	223	225	235	249	346	#
497	916.877	7	9	51	76	83	101	107	173	184	208	346	#
498	801.847	2	22	38	51	79	85	101	153	182	194	346	#
499	748.853	19	34	35	63	79	87	140	183	232	253	346	#
