%% File generated by CATS v.2.1Thu May  9 12:48:29 2024

%% The CATS webpage is http://robotics.stanford.edu/CATS

%% PARAMETER SETTINGS:
% Goods: 256; Bids: 500; Distribution: matching; Runs: 1; Seed: 18
% Matching Distribution Parameters:
% Max airport price       = 5
% Early takeoff deviation = 1
% Late takeoff deviation  = 2
% Early landing deviation = 1
% Late landing deviation  = 2
% Deviation               = 0.500000
% Delay coefficient       = 0.900000
% Amount late coefficient = 0.750000



goods 256
bids 509
dummy 52

0	4.81656	193	207	256	#
1	3.25118	193	211	256	#
2	2.92606	193	215	256	#
3	2.63346	193	219	256	#
4	3.61242	197	211	256	#
5	3.25118	197	215	256	#
6	2.92606	197	219	256	#
7	3.61242	201	215	256	#
8	3.25118	201	219	256	#
9	3.61242	205	219	256	#
10	3.67039	147	157	257	#
11	2.47751	147	161	257	#
12	2.22976	147	165	257	#
13	2.00678	147	169	257	#
14	2.75279	151	161	257	#
15	2.47751	151	165	257	#
16	2.22976	151	169	257	#
17	2.75279	155	165	257	#
18	2.47751	155	169	257	#
19	2.75279	159	169	257	#
20	9.01831	216	249	258	#
21	6.08736	216	253	258	#
22	6.76373	220	253	258	#
23	5.07809	56	98	259	#
24	3.42771	56	102	259	#
25	3.08494	56	106	259	#
26	2.77645	56	110	259	#
27	3.80857	60	102	259	#
28	3.42771	60	106	259	#
29	3.08494	60	110	259	#
30	3.80857	64	106	259	#
31	3.42771	64	110	259	#
32	3.80857	68	110	259	#
33	5.73955	235	245	260	#
34	3.8742	235	249	260	#
35	3.48678	235	253	260	#
36	4.30466	239	249	260	#
37	3.8742	239	253	260	#
38	4.30466	243	253	260	#
39	3.997	4	47	261	#
40	2.69797	4	51	261	#
41	2.42818	4	55	261	#
42	2.18536	4	59	261	#
43	2.99775	8	51	261	#
44	2.69797	8	55	261	#
45	2.42818	8	59	261	#
46	2.99775	12	55	261	#
47	2.69797	12	59	261	#
48	2.99775	16	59	261	#
49	6.34614	75	85	262	#
50	4.28364	75	89	262	#
51	3.85528	75	93	262	#
52	3.46975	75	97	262	#
53	4.7596	79	89	262	#
54	4.28364	79	93	262	#
55	3.85528	79	97	262	#
56	4.7596	83	93	262	#
57	4.28364	83	97	262	#
58	4.7596	87	97	262	#
59	7.17268	113	144	263	#
60	4.84156	113	148	263	#
61	4.3574	113	152	263	#
62	3.92166	113	156	263	#
63	5.37951	117	148	263	#
64	4.84156	117	152	263	#
65	4.3574	117	156	263	#
66	5.37951	121	152	263	#
67	4.84156	121	156	263	#
68	5.37951	125	156	263	#
69	6.43882	22	60	264	#
70	4.3462	22	64	264	#
71	3.91158	22	68	264	#
72	3.52042	22	72	264	#
73	4.82911	26	64	264	#
74	4.3462	26	68	264	#
75	3.91158	26	72	264	#
76	4.82911	30	68	264	#
77	4.3462	30	72	264	#
78	4.82911	34	72	264	#
79	4.11266	70	81	265	#
80	2.77605	70	85	265	#
81	2.49844	70	89	265	#
82	2.2486	70	93	265	#
83	3.0845	74	85	265	#
84	2.77605	74	89	265	#
85	2.49844	74	93	265	#
86	3.0845	78	89	265	#
87	2.77605	78	93	265	#
88	3.0845	82	93	265	#
89	2.75863	99	109	266	#
90	1.86207	99	113	266	#
91	1.67587	99	117	266	#
92	1.50828	99	121	266	#
93	2.06897	103	113	266	#
94	1.86207	103	117	266	#
95	1.67587	103	121	266	#
96	2.06897	107	117	266	#
97	1.86207	107	121	266	#
98	2.06897	111	121	266	#
99	11.9682	156	189	267	#
100	8.07856	156	193	267	#
101	7.2707	156	197	267	#
102	6.54363	156	201	267	#
103	8.97618	160	193	267	#
104	8.07856	160	197	267	#
105	7.2707	160	201	267	#
106	8.97618	164	197	267	#
107	8.07856	164	201	267	#
108	8.97618	168	201	267	#
109	7.95485	79	116	268	#
110	5.36952	79	120	268	#
111	4.83257	79	124	268	#
112	4.34931	79	128	268	#
113	5.96614	83	120	268	#
114	5.36952	83	124	268	#
115	4.83257	83	128	268	#
116	5.96614	87	124	268	#
117	5.36952	87	128	268	#
118	5.96614	91	128	268	#
119	7.16895	87	124	269	#
120	4.83904	87	128	269	#
121	4.35514	87	132	269	#
122	3.91962	87	136	269	#
123	5.37671	91	128	269	#
124	4.83904	91	132	269	#
125	4.35514	91	136	269	#
126	5.37671	95	132	269	#
127	4.83904	95	136	269	#
128	5.37671	99	136	269	#
129	9.10344	0	42	270	#
130	6.14482	0	46	270	#
131	5.53034	0	50	270	#
132	4.97731	0	54	270	#
133	6.82758	4	46	270	#
134	6.14482	4	50	270	#
135	5.53034	4	54	270	#
136	6.82758	8	50	270	#
137	6.14482	8	54	270	#
138	6.82758	12	54	270	#
139	4.28245	142	153	271	#
140	2.89065	142	157	271	#
141	2.60159	142	161	271	#
142	2.34143	142	165	271	#
143	3.21184	146	157	271	#
144	2.89065	146	161	271	#
145	2.60159	146	165	271	#
146	3.21184	150	161	271	#
147	2.89065	150	165	271	#
148	3.21184	154	165	271	#
149	7.84655	105	118	272	#
150	5.29642	105	122	272	#
151	4.76678	105	126	272	#
152	4.2901	105	130	272	#
153	5.88491	109	122	272	#
154	5.29642	109	126	272	#
155	4.76678	109	130	272	#
156	5.88491	113	126	272	#
157	5.29642	113	130	272	#
158	5.88491	117	130	272	#
159	6.29434	34	45	273	#
160	4.24868	34	49	273	#
161	3.82381	34	53	273	#
162	3.44143	34	57	273	#
163	4.72076	38	49	273	#
164	4.24868	38	53	273	#
165	3.82381	38	57	273	#
166	4.72076	42	53	273	#
167	4.24868	42	57	273	#
168	4.72076	46	57	273	#
169	11.1754	12	54	274	#
170	7.54338	12	58	274	#
171	6.78904	12	62	274	#
172	6.11014	12	66	274	#
173	8.38154	16	58	274	#
174	7.54338	16	62	274	#
175	6.78904	16	66	274	#
176	8.38154	20	62	274	#
177	7.54338	20	66	274	#
178	8.38154	24	66	274	#
179	3.51924	37	50	275	#
180	2.37549	37	54	275	#
181	2.13794	37	58	275	#
182	1.92415	37	62	275	#
183	2.63943	41	54	275	#
184	2.37549	41	58	275	#
185	2.13794	41	62	275	#
186	2.63943	45	58	275	#
187	2.37549	45	62	275	#
188	2.63943	49	62	275	#
189	11.6908	78	116	276	#
190	7.89129	78	120	276	#
191	7.10216	78	124	276	#
192	6.39195	78	128	276	#
193	8.7681	82	120	276	#
194	7.89129	82	124	276	#
195	7.10216	82	128	276	#
196	8.7681	86	124	276	#
197	7.89129	86	128	276	#
198	8.7681	90	128	276	#
199	4.0983	200	243	277	#
200	2.76635	200	247	277	#
201	2.48972	200	251	277	#
202	2.24074	200	255	277	#
203	3.07372	204	247	277	#
204	2.76635	204	251	277	#
205	2.48972	204	255	277	#
206	3.07372	208	251	277	#
207	2.76635	208	255	277	#
208	3.07372	212	255	277	#
209	7.02735	116	158	278	#
210	4.74346	116	162	278	#
211	4.26912	116	166	278	#
212	3.8422	116	170	278	#
213	5.27051	120	162	278	#
214	4.74346	120	166	278	#
215	4.26912	120	170	278	#
216	5.27051	124	166	278	#
217	4.74346	124	170	278	#
218	5.27051	128	170	278	#
219	3.27065	219	229	279	#
220	2.20769	219	233	279	#
221	1.98692	219	237	279	#
222	1.78823	219	241	279	#
223	2.45299	223	233	279	#
224	2.20769	223	237	279	#
225	1.98692	223	241	279	#
226	2.45299	227	237	279	#
227	2.20769	227	241	279	#
228	2.45299	231	241	279	#
229	3.21886	123	133	280	#
230	2.17273	123	137	280	#
231	1.95546	123	141	280	#
232	1.75991	123	145	280	#
233	2.41415	127	137	280	#
234	2.17273	127	141	280	#
235	1.95546	127	145	280	#
236	2.41415	131	141	280	#
237	2.17273	131	145	280	#
238	2.41415	135	145	280	#
239	4.58368	106	117	281	#
240	3.09398	106	121	281	#
241	2.78458	106	125	281	#
242	2.50612	106	129	281	#
243	3.43776	110	121	281	#
244	3.09398	110	125	281	#
245	2.78458	110	129	281	#
246	3.43776	114	125	281	#
247	3.09398	114	129	281	#
248	3.43776	118	129	281	#
249	3.65847	47	84	282	#
250	2.46946	47	88	282	#
251	2.22252	47	92	282	#
252	2.00027	47	96	282	#
253	2.74385	51	88	282	#
254	2.46946	51	92	282	#
255	2.22252	51	96	282	#
256	2.74385	55	92	282	#
257	2.46946	55	96	282	#
258	2.74385	59	96	282	#
259	6.72336	218	229	283	#
260	4.53827	218	233	283	#
261	4.08444	218	237	283	#
262	3.676	218	241	283	#
263	5.04252	222	233	283	#
264	4.53827	222	237	283	#
265	4.08444	222	241	283	#
266	5.04252	226	237	283	#
267	4.53827	226	241	283	#
268	5.04252	230	241	283	#
269	9.54525	1	32	284	#
270	6.44304	1	36	284	#
271	5.79874	1	40	284	#
272	5.21887	1	44	284	#
273	7.15894	5	36	284	#
274	6.44304	5	40	284	#
275	5.79874	5	44	284	#
276	7.15894	9	40	284	#
277	6.44304	9	44	284	#
278	7.15894	13	44	284	#
279	10.0636	37	68	285	#
280	6.79293	37	72	285	#
281	6.11364	37	76	285	#
282	5.50228	37	80	285	#
283	7.5477	41	72	285	#
284	6.79293	41	76	285	#
285	6.11364	41	80	285	#
286	7.5477	45	76	285	#
287	6.79293	45	80	285	#
288	7.5477	49	80	285	#
289	9.71561	195	232	286	#
290	6.55804	195	236	286	#
291	5.90223	195	240	286	#
292	5.31201	195	244	286	#
293	7.28671	199	236	286	#
294	6.55804	199	240	286	#
295	5.90223	199	244	286	#
296	7.28671	203	240	286	#
297	6.55804	203	244	286	#
298	7.28671	207	244	286	#
299	5.1171	129	142	287	#
300	3.45404	129	146	287	#
301	3.10864	129	150	287	#
302	2.79777	129	154	287	#
303	3.83782	133	146	287	#
304	3.45404	133	150	287	#
305	3.10864	133	154	287	#
306	3.83782	137	150	287	#
307	3.45404	137	154	287	#
308	3.83782	141	154	287	#
309	4.01113	199	209	288	#
310	2.70751	199	213	288	#
311	2.43676	199	217	288	#
312	2.19308	199	221	288	#
313	3.00834	203	213	288	#
314	2.70751	203	217	288	#
315	2.43676	203	221	288	#
316	3.00834	207	217	288	#
317	2.70751	207	221	288	#
318	3.00834	211	221	288	#
319	5.93353	177	190	289	#
320	4.00513	177	194	289	#
321	3.60462	177	198	289	#
322	3.24416	177	202	289	#
323	4.45014	181	194	289	#
324	4.00513	181	198	289	#
325	3.60462	181	202	289	#
326	4.45014	185	198	289	#
327	4.00513	185	202	289	#
328	4.45014	189	202	289	#
329	12.6429	177	208	290	#
330	8.53399	177	212	290	#
331	7.68059	177	216	290	#
332	6.91253	177	220	290	#
333	9.48221	181	212	290	#
334	8.53399	181	216	290	#
335	7.68059	181	220	290	#
336	9.48221	185	216	290	#
337	8.53399	185	220	290	#
338	9.48221	189	220	290	#
339	2.42406	35	45	291	#
340	1.63624	35	49	291	#
341	1.47262	35	53	291	#
342	1.32535	35	57	291	#
343	1.81804	39	49	291	#
344	1.63624	39	53	291	#
345	1.47262	39	57	291	#
346	1.81804	43	53	291	#
347	1.63624	43	57	291	#
348	1.81804	47	57	291	#
349	3.13018	77	91	292	#
350	2.11287	77	95	292	#
351	1.90158	77	99	292	#
352	1.71142	77	103	292	#
353	2.34763	81	95	292	#
354	2.11287	81	99	292	#
355	1.90158	81	103	292	#
356	2.34763	85	99	292	#
357	2.11287	85	103	292	#
358	2.34763	89	103	292	#
359	9.33285	60	93	293	#
360	6.29967	60	97	293	#
361	5.6697	60	101	293	#
362	5.10273	60	105	293	#
363	6.99963	64	97	293	#
364	6.29967	64	101	293	#
365	5.6697	64	105	293	#
366	6.99963	68	101	293	#
367	6.29967	68	105	293	#
368	6.99963	72	105	293	#
369	10.2316	40	73	294	#
370	6.90633	40	77	294	#
371	6.21569	40	81	294	#
372	5.59413	40	85	294	#
373	7.6737	44	77	294	#
374	6.90633	44	81	294	#
375	6.21569	44	85	294	#
376	7.6737	48	81	294	#
377	6.90633	48	85	294	#
378	7.6737	52	85	294	#
379	4.97084	175	212	295	#
380	3.35532	175	216	295	#
381	3.01979	175	220	295	#
382	2.71781	175	224	295	#
383	3.72813	179	216	295	#
384	3.35532	179	220	295	#
385	3.01979	179	224	295	#
386	3.72813	183	220	295	#
387	3.35532	183	224	295	#
388	3.72813	187	224	295	#
389	9.32441	56	99	296	#
390	6.29398	56	103	296	#
391	5.66458	56	107	296	#
392	5.09812	56	111	296	#
393	6.99331	60	103	296	#
394	6.29398	60	107	296	#
395	5.66458	60	111	296	#
396	6.99331	64	107	296	#
397	6.29398	64	111	296	#
398	6.99331	68	111	296	#
399	10.5586	159	196	297	#
400	7.12706	159	200	297	#
401	6.41436	159	204	297	#
402	5.77292	159	208	297	#
403	7.91896	163	200	297	#
404	7.12706	163	204	297	#
405	6.41436	163	208	297	#
406	7.91896	167	204	297	#
407	7.12706	167	208	297	#
408	7.91896	171	208	297	#
409	4.05125	111	121	298	#
410	2.73459	111	125	298	#
411	2.46113	111	129	298	#
412	2.21502	111	133	298	#
413	3.03843	115	125	298	#
414	2.73459	115	129	298	#
415	2.46113	115	133	298	#
416	3.03843	119	129	298	#
417	2.73459	119	133	298	#
418	3.03843	123	133	298	#
419	6.76966	79	89	299	#
420	4.56952	79	93	299	#
421	4.11257	79	97	299	#
422	3.70131	79	101	299	#
423	5.07724	83	93	299	#
424	4.56952	83	97	299	#
425	4.11257	83	101	299	#
426	5.07724	87	97	299	#
427	4.56952	87	101	299	#
428	5.07724	91	101	299	#
429	7.20665	93	106	300	#
430	4.86449	93	110	300	#
431	4.37804	93	114	300	#
432	3.94024	93	118	300	#
433	5.40499	97	110	300	#
434	4.86449	97	114	300	#
435	4.37804	97	118	300	#
436	5.40499	101	114	300	#
437	4.86449	101	118	300	#
438	5.40499	105	118	300	#
439	5.83208	166	204	301	#
440	3.93665	166	208	301	#
441	3.54299	166	212	301	#
442	3.18869	166	216	301	#
443	4.37406	170	208	301	#
444	3.93665	170	212	301	#
445	3.54299	170	216	301	#
446	4.37406	174	212	301	#
447	3.93665	174	216	301	#
448	4.37406	178	216	301	#
449	12.293	120	162	302	#
450	8.29775	120	166	302	#
451	7.46798	120	170	302	#
452	6.72118	120	174	302	#
453	9.21972	124	166	302	#
454	8.29775	124	170	302	#
455	7.46798	124	174	302	#
456	9.21972	128	170	302	#
457	8.29775	128	174	302	#
458	9.21972	132	174	302	#
459	4.62037	209	240	303	#
460	3.11875	209	244	303	#
461	2.80687	209	248	303	#
462	2.52618	209	252	303	#
463	3.46527	213	244	303	#
464	3.11875	213	248	303	#
465	2.80687	213	252	303	#
466	3.46527	217	248	303	#
467	3.11875	217	252	303	#
468	3.46527	221	252	303	#
469	5.11117	27	64	304	#
470	3.45004	27	68	304	#
471	3.10504	27	72	304	#
472	2.79453	27	76	304	#
473	3.83338	31	68	304	#
474	3.45004	31	72	304	#
475	3.10504	31	76	304	#
476	3.83338	35	72	304	#
477	3.45004	35	76	304	#
478	3.83338	39	76	304	#
479	9.65016	84	126	305	#
480	6.51386	84	130	305	#
481	5.86247	84	134	305	#
482	5.27622	84	138	305	#
483	7.23762	88	130	305	#
484	6.51386	88	134	305	#
485	5.86247	88	138	305	#
486	7.23762	92	134	305	#
487	6.51386	92	138	305	#
488	7.23762	96	138	305	#
489	8.99391	124	157	306	#
490	6.07089	124	161	306	#
491	5.4638	124	165	306	#
492	4.91742	124	169	306	#
493	6.74544	128	161	306	#
494	6.07089	128	165	306	#
495	5.4638	128	169	306	#
496	6.74544	132	165	306	#
497	6.07089	132	169	306	#
498	6.74544	136	169	306	#
499	5.21594	123	133	307	#
500	3.52076	123	137	307	#
501	3.16869	123	141	307	#
502	2.85182	123	145	307	#
503	3.91196	127	137	307	#
504	3.52076	127	141	307	#
505	3.16869	127	145	307	#
506	3.91196	131	141	307	#
507	3.52076	131	145	307	#
508	3.91196	135	145	307	#
