%% File generated by CATS v.2.1Thu May  9 12:49:12 2024

%% The CATS webpage is http://robotics.stanford.edu/CATS

%% PARAMETER SETTINGS:
% Goods: 256; Bids: 500; Distribution: paths; Runs: 1; Seed: 100
% Paths Distribution Parameters:
% Initial connections:       = 2
% Edge density:              = 3.000000
% Shipping cost factor:      = 1.500000
% Max bid set size:          = 5
% Building penalty:          = 1.700000



goods 256
bids 501
dummy 225

0	1.07914	127	218	257	#
1	1.07914	62	137	191	193	244	257	#
2	1.07914	90	91	92	102	146	244	257	#
3	1.07914	7	62	191	247	257	#
4	1.07914	63	191	199	257	#
5	1.00658	71	92	230	244	258	#
6	1.00658	7	28	92	230	244	258	#
7	1.00658	28	98	243	258	#
8	1.00658	28	47	97	243	258	#
9	1.00658	6	28	35	92	230	244	258	#
10	0.67737	65	207	259	#
11	0.67737	108	194	259	#
12	0.67737	64	108	207	259	#
13	0.67737	10	11	194	259	#
14	0.67737	10	11	64	207	259	#
15	0.0381622	62	#
16	0.800697	6	103	225	260	#
17	0.800697	6	32	33	66	104	110	238	260	#
18	0.800697	6	32	41	66	104	109	110	182	260	#
19	0.800697	6	32	33	66	103	105	110	238	260	#
20	0.800697	6	32	41	66	103	105	109	110	182	260	#
21	1.01211	21	36	88	105	142	206	261	#
22	1.01211	20	36	46	88	105	142	206	261	#
23	1.01211	36	46	88	104	202	206	261	#
24	1.01211	21	36	88	103	104	142	206	261	#
25	1.01211	20	36	46	88	103	104	142	206	261	#
26	0.838229	13	89	167	#
27	1.03126	23	60	82	90	183	262	#
28	1.03126	23	61	83	90	183	262	#
29	1.03126	22	60	74	82	90	183	262	#
30	1.03126	23	60	83	87	90	183	262	#
31	1.03126	65	83	171	232	262	#
32	0.59404	56	86	209	263	#
33	0.59404	4	46	56	180	202	263	#
34	0.59404	4	21	56	103	142	180	263	#
35	0.59404	4	20	46	56	103	142	180	263	#
36	0.59404	52	104	250	263	#
37	0.882681	13	79	95	118	152	264	#
38	0.882681	2	13	79	118	156	264	#
39	0.882681	14	79	118	152	216	264	#
40	0.882681	3	13	73	79	118	156	264	#
41	0.882681	2	23	61	79	90	118	169	234	264	#
42	0.960296	60	163	265	#
43	0.960296	60	96	186	265	#
44	0.960296	60	74	96	108	224	265	#
45	0.960296	23	60	129	265	#
46	0.960296	58	59	60	74	224	265	#
47	0.688056	58	213	#
48	0.371204	5	42	43	137	#
49	0.944985	72	126	221	266	#
50	0.944985	44	45	72	94	118	126	131	266	#
51	0.944985	0	44	45	72	76	94	118	126	228	266	#
52	0.944985	0	38	44	45	72	76	94	118	126	229	266	#
53	0.944985	0	39	44	45	72	76	94	118	120	126	229	266	#
54	0.726004	35	161	267	#
55	0.726004	6	7	161	267	#
56	0.726004	6	28	71	161	267	#
57	1.05706	7	13	14	17	48	127	161	268	#
58	1.05706	13	14	17	28	48	71	127	161	268	#
59	1.05706	34	49	95	175	268	#
60	1.05706	6	13	14	17	35	48	127	161	268	#
61	1.05706	34	48	94	95	175	268	#
62	0.775799	6	32	33	53	110	238	269	#
63	0.775799	6	32	41	53	109	110	182	269	#
64	0.775799	6	32	33	52	66	110	238	269	#
65	0.775799	6	32	41	52	66	109	110	182	269	#
66	0.775799	7	32	33	35	53	110	238	269	#
67	0.370595	23	90	91	92	93	#
68	0.987198	4	5	21	142	233	270	#
69	0.987198	4	5	20	46	142	233	270	#
70	0.987198	4	5	46	103	202	233	270	#
71	0.987198	4	21	62	63	142	233	270	#
72	0.987198	4	20	46	62	63	142	233	270	#
73	0.779297	5	42	137	214	271	#
74	0.779297	4	24	42	143	159	271	#
75	0.779297	19	24	159	185	271	#
76	0.779297	1	5	24	42	113	137	159	271	#
77	0.779297	4	25	42	70	143	159	271	#
78	0.565423	17	25	127	223	272	#
79	0.565423	17	24	70	127	223	272	#
80	0.565423	6	17	32	33	70	117	127	272	#
81	0.565423	6	17	24	25	32	33	117	127	272	#
82	0.422487	238	#
83	0.487332	1	19	44	45	76	113	273	#
84	0.487332	19	44	45	75	107	113	273	#
85	0.487332	1	18	44	45	76	113	116	273	#
86	0.487332	18	44	45	75	107	113	116	273	#
87	0.487332	19	113	118	196	273	#
88	0.672048	16	55	59	108	145	274	#
89	0.672048	16	54	59	67	108	145	274	#
90	0.672048	10	11	16	55	59	145	274	#
91	0.672048	16	55	58	96	145	274	#
92	0.672048	10	11	16	54	59	67	145	274	#
93	0.997302	27	236	275	#
94	0.997302	9	119	236	275	#
95	0.92357	87	138	276	#
96	0.92357	60	61	138	276	#
97	0.92357	23	61	68	90	91	92	223	244	276	#
98	0.92357	68	71	155	223	276	#
99	0.92357	7	28	68	155	223	276	#
100	0.684276	111	116	192	277	#
101	0.684276	4	112	116	143	180	277	#
102	0.684276	18	19	111	192	277	#
103	0.684276	4	18	19	112	143	180	277	#
104	0.684276	4	56	111	116	143	180	277	#
105	0.464013	0	38	44	45	76	278	#
106	0.464013	0	39	44	45	76	120	278	#
107	0.41669	12	43	254	#
108	0.621054	63	212	279	#
109	0.621054	5	62	212	279	#
110	0.688245	188	#
111	1.19608	92	125	176	248	280	#
112	1.19608	34	92	124	176	248	280	#
113	1.19608	89	122	168	222	280	#
114	1.19608	89	122	124	158	168	280	#
115	0.833141	4	46	112	128	180	281	#
116	0.833141	4	46	56	111	128	180	281	#
117	0.833141	48	111	154	207	281	#
118	0.833141	4	42	43	46	86	112	128	281	#
119	0.833141	11	48	134	194	281	#
120	0.570807	62	137	191	#
121	0.987198	4	5	21	142	233	282	#
122	0.987198	4	5	20	46	142	233	282	#
123	0.987198	4	5	46	103	202	233	282	#
124	0.987198	4	21	62	63	142	233	282	#
125	0.987198	4	20	46	62	63	142	233	282	#
126	0.70322	27	198	#
127	0.0686106	93	#
128	0.696527	71	181	283	#
129	0.696527	7	28	181	283	#
130	0.548448	111	205	#
131	0.844764	22	90	173	284	#
132	0.844764	53	109	110	227	284	#
133	0.844764	52	66	109	110	227	284	#
134	0.844764	23	74	90	173	284	#
135	0.844764	36	37	52	109	110	227	284	#
136	0.659232	3	61	215	234	285	#
137	0.659232	3	60	87	215	234	285	#
138	0.659232	2	61	73	215	234	285	#
139	0.659232	3	61	62	201	234	285	#
140	0.852133	0	38	193	248	286	#
141	0.852133	0	39	120	193	248	286	#
142	0.852133	0	1	38	113	248	252	286	#
143	0.852133	0	1	39	113	120	248	252	286	#
144	0.852133	7	17	120	127	216	226	286	#
145	0.0193174	28	#
146	0.103519	124	287	#
147	0.103519	34	125	287	#
148	0.636275	23	61	106	124	231	288	#
149	0.636275	23	34	61	106	125	231	288	#
150	0.636275	23	60	87	106	124	231	288	#
151	0.636275	23	34	60	87	106	125	231	288	#
152	0.719328	16	51	92	235	289	#
153	0.719328	16	50	92	93	235	289	#
154	0.739219	4	42	43	46	128	290	#
155	0.739219	48	103	209	240	290	#
156	0.739219	4	21	42	43	48	142	240	290	#
157	0.739219	4	20	42	43	46	48	142	240	290	#
158	0.739219	4	46	86	128	180	290	#
159	0.660245	2	15	16	67	79	83	118	234	291	#
160	0.660245	2	15	16	54	55	79	83	118	234	291	#
161	0.881352	24	54	166	292	#
162	0.881352	24	54	117	200	292	#
163	0.881352	25	54	70	166	292	#
164	0.881352	25	54	70	117	200	292	#
165	0.881352	15	16	24	55	79	117	130	292	#
166	0.667758	111	192	293	#
167	0.667758	4	112	143	180	293	#
168	0.667758	4	56	111	143	180	293	#
169	0.667758	1	5	112	113	137	180	293	#
170	0.667758	1	5	56	111	113	137	180	293	#
171	1.08642	47	89	158	168	294	#
172	1.08642	89	97	98	158	168	294	#
173	1.08642	23	47	61	78	168	210	231	294	#
174	1.08642	23	47	61	77	106	168	210	231	294	#
175	1.08642	34	47	92	230	248	294	#
176	0.118351	96	#
177	0.155736	6	127	#
178	0.723484	136	240	295	#
179	0.723484	96	194	295	#
180	0.723484	64	96	207	295	#
181	0.723484	65	96	108	207	295	#
182	0.723484	58	59	65	207	295	#
183	0.0923015	81	#
184	0.851293	6	32	33	66	110	127	238	296	#
185	0.851293	6	32	41	66	109	110	127	182	296	#
186	0.851293	17	132	296	#
187	0.851293	6	32	33	52	53	110	127	238	296	#
188	0.851293	6	32	41	52	53	109	110	127	182	296	#
189	0.965756	66	109	110	170	297	#
190	0.965756	23	52	61	90	106	173	297	#
191	0.965756	52	53	109	110	170	297	#
192	0.965756	23	52	60	87	90	106	173	297	#
193	0.965756	41	66	109	110	164	297	#
194	0.616194	35	120	226	298	#
195	0.616194	6	7	120	226	298	#
196	0.616194	0	6	38	193	244	298	#
197	0.616194	0	6	39	120	193	244	298	#
198	0.616194	6	28	71	120	226	298	#
199	0.751844	4	88	206	299	#
200	0.751844	4	84	85	206	299	#
201	0.751844	4	89	101	206	299	#
202	0.914684	114	166	300	#
203	0.914684	114	117	200	300	#
204	0.914684	24	249	300	#
205	0.914684	54	115	166	300	#
206	0.914684	54	115	117	200	300	#
207	0.857975	50	57	141	301	#
208	0.857975	5	51	137	180	193	301	#
209	0.857975	5	50	93	137	180	193	301	#
210	0.857975	51	91	92	140	301	#
211	0.857975	50	91	92	93	140	301	#
212	0.856855	99	172	215	302	#
213	0.856855	73	96	99	108	171	197	302	#
214	0.856855	73	96	99	118	184	302	#
215	0.856855	11	73	80	96	99	197	302	#
216	0.856855	10	73	80	96	99	108	197	302	#
217	0.700063	16	27	187	#
218	0.577995	98	168	210	303	#
219	0.577995	47	97	168	210	303	#
220	0.164276	51	304	#
221	0.164276	50	93	304	#
222	0.806003	31	77	168	190	210	305	#
223	0.806003	31	78	83	168	210	305	#
224	0.806003	31	77	83	106	168	210	305	#
225	0.806003	31	78	82	87	168	210	305	#
226	0.806003	31	77	82	87	106	168	210	305	#
227	1.20354	96	208	239	306	#
228	1.20354	58	245	306	#
229	1.20354	58	59	108	208	239	306	#
230	1.20354	34	129	231	306	#
231	1.20354	93	96	108	141	171	248	306	#
232	0.597154	120	226	307	#
233	0.597154	38	39	226	307	#
234	0.0897365	0	38	#
235	1.22358	0	29	85	94	126	220	228	308	#
236	1.22358	0	29	38	85	94	126	220	229	308	#
237	1.22358	0	29	84	88	94	126	220	228	308	#
238	1.22358	0	29	39	85	94	120	126	220	229	308	#
239	1.22358	0	29	38	84	88	94	126	220	229	308	#
240	1.02672	94	124	175	309	#
241	1.02672	34	94	125	175	309	#
242	1.02672	26	124	161	217	309	#
243	0.829193	181	310	#
244	0.829193	92	235	244	310	#
245	0.829193	2	15	79	118	195	244	310	#
246	0.829193	7	15	44	45	79	150	310	#
247	0.829193	3	15	73	79	118	195	244	310	#
248	0.52042	73	123	196	311	#
249	0.52042	2	3	123	196	311	#
250	0.52042	1	44	45	73	76	118	123	311	#
251	0.52042	73	99	100	196	311	#
252	0.52042	44	45	73	75	107	118	123	311	#
253	0.509041	23	61	78	90	91	92	312	#
254	0.509041	23	61	77	90	91	92	106	312	#
255	0.509041	23	60	78	87	90	91	92	312	#
256	0.509041	23	60	77	87	90	91	92	106	312	#
257	0.509041	22	61	74	78	90	91	92	312	#
258	0.0652573	116	313	#
259	0.0652573	18	19	313	#
260	0.83047	74	109	110	227	314	#
261	0.83047	22	23	109	110	227	314	#
262	0.83047	23	53	90	173	314	#
263	0.912569	6	14	17	32	33	127	238	315	#
264	0.912569	6	14	17	32	41	109	127	182	315	#
265	0.912569	7	14	17	32	33	35	127	238	315	#
266	0.912569	7	14	17	32	35	41	109	127	182	315	#
267	0.912569	14	17	28	32	33	35	71	127	238	315	#
268	1.11942	14	179	255	316	#
269	1.11942	57	140	169	171	316	#
270	1.11942	10	57	80	140	169	316	#
271	1.11942	56	140	169	179	316	#
272	1.11942	11	57	80	108	140	169	316	#
273	0.811081	106	232	#
274	0.0680477	2	#
275	0.814507	1	47	137	157	#
276	0.140924	108	171	317	#
277	0.140924	11	80	317	#
278	0.140924	10	80	108	317	#
279	0.927342	15	16	34	55	79	118	152	318	#
280	0.927342	15	16	34	54	67	79	118	152	318	#
281	0.927342	16	34	55	92	235	248	318	#
282	0.927342	16	34	54	67	92	235	248	318	#
283	0.927342	2	15	16	23	55	61	79	118	231	234	318	#
284	0.0683963	88	#
285	0.780563	59	171	197	319	#
286	0.780563	10	59	80	197	319	#
287	0.780563	59	108	118	184	319	#
288	0.780563	11	59	80	108	197	319	#
289	0.780563	10	11	59	118	184	319	#
290	1.204	169	183	320	#
291	1.204	14	154	255	320	#
292	1.204	56	140	154	169	320	#
293	1.204	13	95	153	248	252	320	#
294	1.204	14	17	127	153	244	252	320	#
295	0.801659	52	132	#
296	0.59272	103	136	321	#
297	0.59272	104	105	136	321	#
298	0.827369	73	99	117	118	130	322	#
299	0.827369	70	99	147	322	#
300	0.827369	24	25	99	147	322	#
301	0.793042	97	246	323	#
302	0.793042	18	97	151	323	#
303	0.767777	32	33	35	66	110	238	324	#
304	0.767777	32	35	41	66	109	110	182	324	#
305	0.767777	6	7	32	33	66	110	238	324	#
306	0.767777	6	7	32	41	66	109	110	182	324	#
307	0.767777	32	33	35	52	53	110	238	324	#
308	0.329915	41	109	110	#
309	0.501227	62	137	193	#
310	0.81824	23	61	78	90	91	92	210	244	#
311	0.629365	16	55	59	108	145	325	#
312	0.629365	16	54	59	67	108	145	325	#
313	1.07841	94	126	131	211	326	#
314	1.07841	0	76	94	126	211	228	326	#
315	1.07841	0	38	76	94	126	211	229	326	#
316	1.07841	0	39	76	94	120	126	211	229	326	#
317	1.07841	0	39	49	76	126	149	211	326	#
318	0.34942	10	27	178	327	#
319	0.34942	11	27	108	178	327	#
320	0.814876	2	59	171	197	328	#
321	0.814876	2	10	59	80	197	328	#
322	0.814876	2	59	108	118	184	328	#
323	0.814876	2	11	59	80	108	197	328	#
324	0.814876	3	59	73	171	197	328	#
325	1.02168	24	214	220	329	#
326	1.02168	1	113	159	220	329	#
327	1.02168	89	113	159	219	329	#
328	1.02168	25	70	214	220	329	#
329	1.02168	24	44	76	89	177	214	329	#
330	0.12681	33	#
331	0.827753	9	30	188	330	#
332	0.827753	27	30	119	188	330	#
333	0.827753	9	29	72	188	330	#
334	0.124742	115	331	#
335	0.124742	54	114	331	#
336	0.66684	73	80	197	#
337	0.999142	6	14	17	127	237	332	#
338	0.999142	7	14	17	35	127	237	332	#
339	0.999142	4	14	17	46	127	199	332	#
340	0.999142	14	17	28	35	71	127	237	332	#
341	0.999142	13	46	95	143	248	252	332	#
342	0.650813	0	1	39	80	113	242	333	#
343	0.650813	0	1	38	80	113	120	242	333	#
344	0.650813	4	57	80	143	180	333	#
345	0.650813	11	64	153	333	#
346	0.650813	10	65	153	333	#
347	0.710664	37	70	110	117	238	334	#
348	0.710664	24	25	37	110	117	238	334	#
349	0.710664	36	66	70	110	117	238	334	#
350	0.710664	24	25	36	66	110	117	238	334	#
351	0.710664	36	52	53	70	110	117	238	334	#
352	0.40365	113	252	335	#
353	0.40365	1	193	335	#
354	0.361308	7	24	223	336	#
355	0.361308	24	28	71	223	336	#
356	0.361308	7	25	70	223	336	#
357	1.00506	5	112	137	180	214	337	#
358	1.00506	24	111	159	192	337	#
359	1.00506	4	24	112	143	159	180	337	#
360	1.00506	5	56	111	137	180	214	337	#
361	1.00506	4	24	56	111	143	159	180	337	#
362	1.02832	89	158	168	338	#
363	1.02832	23	61	78	168	210	231	338	#
364	1.02832	23	61	77	106	168	210	231	338	#
365	1.02832	34	92	230	248	338	#
366	1.02832	23	60	78	87	168	210	231	338	#
367	0.609565	7	120	226	339	#
368	0.609565	0	38	193	244	339	#
369	0.609565	0	39	120	193	244	339	#
370	0.609565	28	71	120	226	339	#
371	0.609565	6	35	120	226	339	#
372	0.693941	93	203	340	#
373	0.693941	37	51	251	340	#
374	0.693941	37	50	93	251	340	#
375	0.693941	36	51	66	251	340	#
376	0.693941	36	50	66	93	251	340	#
377	0.878554	52	90	104	173	341	#
378	0.878554	52	90	103	105	173	341	#
379	0.878554	22	66	104	109	110	227	341	#
380	0.878554	53	66	90	104	173	341	#
381	0.878554	22	66	103	105	109	110	227	341	#
382	0.25571	6	17	127	#
383	0.397185	92	116	252	342	#
384	0.397185	18	19	92	252	342	#
385	1.11083	53	110	111	238	250	343	#
386	1.11083	5	112	117	137	180	214	343	#
387	1.11083	52	66	110	111	238	250	343	#
388	1.11083	32	33	135	343	#
389	1.11083	24	111	117	159	192	343	#
390	0.560438	114	133	364	#
391	0.894952	122	137	157	344	#
392	0.894952	76	121	189	211	344	#
393	0.894952	31	121	137	157	344	#
394	0.894952	5	137	144	344	#
395	0.894952	31	76	122	189	211	344	#
396	0.822603	6	16	181	345	#
397	0.822603	6	16	92	235	244	345	#
398	0.822603	7	16	35	181	345	#
399	0.822603	16	28	35	71	181	345	#
400	0.822603	7	16	35	92	235	244	345	#
401	0.818124	141	346	#
402	0.818124	0	39	93	193	242	346	#
403	0.818124	0	38	93	120	193	242	346	#
404	0.73722	0	1	38	174	347	#
405	0.73722	0	1	39	120	174	347	#
406	0.73722	1	62	102	137	191	347	#
407	1.20493	4	5	31	46	94	128	157	348	#
408	1.20493	94	131	189	211	348	#
409	1.20493	0	76	94	189	211	228	348	#
410	1.20493	0	38	76	94	189	211	229	348	#
411	1.20493	0	39	76	94	120	189	211	229	348	#
412	0.918147	138	349	#
413	0.918147	23	60	68	90	91	92	223	244	349	#
414	0.918147	23	25	60	69	90	91	92	223	244	349	#
415	0.918147	23	24	60	69	70	90	91	92	223	244	349	#
416	0.918147	23	60	68	71	139	223	349	#
417	0.865043	0	1	38	40	113	116	174	350	#
418	0.865043	0	1	19	38	113	174	256	350	#
419	0.865043	0	1	18	19	38	40	113	174	350	#
420	0.865043	0	1	39	40	113	116	120	174	350	#
421	0.865043	0	1	19	39	113	120	174	256	350	#
422	0.848242	36	105	142	162	351	#
423	0.848242	4	21	36	63	105	142	215	351	#
424	0.848242	4	5	21	36	105	142	201	351	#
425	0.848242	4	5	21	36	62	105	142	215	351	#
426	0.848242	4	20	36	46	63	105	142	215	351	#
427	0.860783	43	165	352	#
428	0.860783	4	29	42	43	46	94	126	128	352	#
429	0.860783	29	49	103	126	209	240	352	#
430	0.860783	29	48	94	103	126	209	240	352	#
431	0.860783	4	29	42	43	46	48	49	126	128	352	#
432	0.541146	44	45	73	75	118	123	353	#
433	0.541146	2	3	44	45	75	118	123	353	#
434	0.541146	44	45	73	75	99	100	118	353	#
435	0.541146	73	107	123	196	353	#
436	0.541146	2	3	44	45	75	99	100	118	353	#
437	0.191518	15	16	67	354	#
438	0.191518	15	16	54	55	354	#
439	0.248377	76	137	#
440	0.707621	77	253	355	#
441	0.707621	23	61	90	91	92	93	106	148	355	#
442	0.707621	6	32	160	190	355	#
443	0.707621	6	23	32	61	90	91	92	106	244	355	#
444	0.707621	23	60	87	90	91	92	93	106	148	355	#
445	1.00093	13	95	208	356	#
446	1.00093	14	17	42	127	199	356	#
447	1.00093	14	208	216	356	#
448	1.00093	5	13	34	42	95	204	356	#
449	1.00093	5	13	42	95	137	193	248	356	#
450	0.149482	65	357	#
451	0.149482	64	108	357	#
452	0.576169	40	113	116	196	358	#
453	0.576169	19	113	196	256	358	#
454	0.576169	18	19	40	113	196	358	#
455	0.576169	18	113	116	196	256	358	#
456	0.576169	1	40	44	45	76	113	116	118	358	#
457	0.928986	81	111	232	359	#
458	0.928986	2	81	111	197	234	359	#
459	0.928986	57	112	232	359	#
460	0.928986	23	61	90	112	140	359	#
461	0.928986	56	57	111	232	359	#
462	0.671349	40	41	109	116	252	360	#
463	0.671349	19	41	109	252	256	360	#
464	0.671349	18	19	40	41	109	252	360	#
465	0.671349	18	41	109	116	252	256	360	#
466	0.671349	51	110	251	360	#
467	0.932368	59	74	224	361	#
468	0.932368	59	108	186	361	#
469	0.932368	22	23	59	224	361	#
470	0.932368	59	61	171	232	361	#
471	0.932368	10	59	61	80	232	361	#
472	0.991213	21	85	105	142	206	362	#
473	0.991213	20	46	85	105	142	206	362	#
474	0.991213	21	84	88	105	142	206	362	#
475	0.991213	20	46	84	88	105	142	206	362	#
476	0.991213	46	85	104	202	206	362	#
477	1.00973	21	66	88	105	142	206	363	#
478	1.00973	20	46	66	88	105	142	206	363	#
479	1.00973	21	52	53	88	105	142	206	363	#
480	1.00973	20	46	52	53	88	105	142	206	363	#
481	1.00973	46	66	88	104	202	206	363	#
482	0.560438	54	145	364	#
483	0.560438	55	67	145	364	#
484	0.144332	179	#
485	1.08621	199	212	365	#
486	1.08621	8	193	241	244	365	#
487	1.04856	175	34	366	#
488	1.04856	175	124	125	366	#
489	1.04856	94	161	7	127	17	216	366	#
490	1.04856	94	161	217	26	34	366	#
491	1.04856	94	161	28	71	127	17	216	366	#
492	1.08238	68	249	367	#
493	1.08238	68	24	166	114	367	#
494	1.08238	68	24	117	200	114	367	#
495	1.08238	69	25	249	367	#
496	1.08238	69	70	166	114	367	#
497	0.738713	28	247	62	368	#
498	0.738713	71	244	193	137	62	368	#
499	0.738713	28	7	244	193	137	62	368	#
500	0.738713	28	150	76	137	62	368	#
