%% File generated by CATS v.2.1Thu May  9 12:49:12 2024

%% The CATS webpage is http://robotics.stanford.edu/CATS

%% PARAMETER SETTINGS:
% Goods: 256; Bids: 500; Distribution: paths; Runs: 1; Seed: 92
% Paths Distribution Parameters:
% Initial connections:       = 2
% Edge density:              = 3.000000
% Shipping cost factor:      = 1.500000
% Max bid set size:          = 5
% Building penalty:          = 1.700000



goods 256
bids 500
dummy 240

0	0.976503	8	147	185	225	255	256	#
1	0.976503	26	147	185	205	225	256	#
2	0.976503	25	93	147	185	205	225	256	#
3	0.976503	43	94	174	256	#
4	0.976503	15	42	94	174	256	#
5	0.272121	3	17	257	#
6	0.272121	18	27	257	#
7	0.272121	2	17	118	257	#
8	1.03219	1	107	238	258	#
9	1.03219	0	98	107	238	258	#
10	1.03219	56	57	232	245	258	#
11	1.03219	57	107	124	245	258	#
12	1.03219	56	57	83	107	245	258	#
13	0.90471	146	259	#
14	0.90471	19	248	259	#
15	0.577056	20	25	201	216	260	#
16	0.577056	19	25	58	201	216	260	#
17	0.716115	53	95	111	147	236	255	261	#
18	0.716115	52	62	95	111	147	236	255	261	#
19	0.716115	53	95	112	121	147	236	255	261	#
20	0.716115	52	62	95	112	121	147	236	255	261	#
21	0.716115	14	53	94	111	147	236	255	261	#
22	0.533351	65	103	128	250	262	#
23	0.533351	4	65	84	103	250	262	#
24	0.533351	4	77	82	86	103	110	262	#
25	0.533351	5	65	90	128	250	262	#
26	0.533351	4	77	81	82	85	103	110	262	#
27	0.419231	27	68	187	263	#
28	0.419231	2	27	67	187	263	#
29	0.91245	41	64	133	264	#
30	0.91245	41	42	63	133	264	#
31	0.91245	40	64	78	133	264	#
32	0.91245	40	42	63	78	133	264	#
33	0.91245	41	42	62	185	214	264	#
34	0.821565	47	118	137	265	#
35	0.821565	2	3	47	137	265	#
36	0.821565	36	37	118	137	265	#
37	0.821565	2	3	36	37	137	265	#
38	0.486565	27	68	187	266	#
39	0.486565	2	27	67	187	266	#
40	0.641549	13	231	267	#
41	0.641549	12	16	231	267	#
42	0.641549	9	12	74	139	225	267	#
43	0.469414	8	36	239	252	268	#
44	0.469414	96	254	268	#
45	0.469414	111	156	252	268	#
46	0.469414	8	36	97	239	255	268	#
47	0.469414	8	25	36	96	239	255	268	#
48	0.360544	11	91	199	269	#
49	0.360544	10	34	91	199	269	#
50	0.360544	11	29	30	91	269	#
51	0.360544	10	29	30	34	91	269	#
52	0.343695	13	41	243	270	#
53	0.343695	13	40	78	243	270	#
54	0.343695	12	16	41	243	270	#
55	0.343695	12	16	40	78	243	270	#
56	1.32085	92	112	118	139	222	249	271	#
57	1.32085	92	111	118	121	139	222	249	271	#
58	1.32085	2	3	92	112	139	222	249	271	#
59	1.32085	2	3	92	111	121	139	222	249	271	#
60	1.32085	92	116	118	121	171	222	271	#
61	0.74892	56	78	79	135	181	272	#
62	0.74892	40	41	56	79	135	181	272	#
63	0.74892	56	57	101	120	158	272	#
64	0.74892	56	57	102	119	158	272	#
65	0.74892	56	57	79	116	117	217	272	#
66	0.329874	168	273	#
67	0.329874	73	100	104	122	273	#
68	0.812685	189	274	#
69	0.812685	56	57	208	247	274	#
70	0.812685	56	57	106	208	232	274	#
71	0.812685	57	106	107	124	208	274	#
72	0.812685	56	57	83	106	107	208	274	#
73	0.519396	16	46	87	88	127	199	275	#
74	0.519396	12	13	46	87	88	127	199	275	#
75	0.519396	16	41	126	199	243	275	#
76	0.519396	12	13	41	126	199	243	275	#
77	0.519396	16	40	78	126	199	243	275	#
78	0.496245	71	221	243	276	#
79	0.496245	41	71	211	276	#
80	0.496245	40	71	78	211	276	#
81	0.699276	9	106	224	277	#
82	0.699276	8	106	111	224	277	#
83	0.699276	8	106	112	121	224	277	#
84	0.917729	11	91	99	102	157	237	278	#
85	0.917729	11	91	99	101	105	157	237	278	#
86	0.917729	10	34	91	99	102	157	237	278	#
87	0.917729	10	34	91	99	101	105	157	237	278	#
88	0.917729	11	57	91	99	101	120	157	246	278	#
89	1.12677	60	90	134	213	279	#
90	1.12677	61	90	125	134	213	279	#
91	1.12677	5	60	103	134	213	279	#
92	1.12677	61	96	145	172	213	279	#
93	1.12677	60	103	128	196	213	279	#
94	0.0669656	157	#
95	0.130169	104	#
96	0.202711	47	72	132	280	#
97	0.202711	37	72	131	280	#
98	0.202711	36	47	72	131	280	#
99	0.651503	2	27	85	188	281	#
100	0.651503	2	27	81	86	188	281	#
101	0.651503	28	85	118	188	281	#
102	0.651503	2	3	28	85	188	281	#
103	0.651503	3	27	85	118	188	281	#
104	0.318501	10	91	160	282	#
105	0.318501	11	91	123	282	#
106	0.318501	10	34	91	123	282	#
107	0.318501	11	33	91	122	282	#
108	0.318501	10	33	34	91	122	282	#
109	1.04111	1	93	177	212	283	#
110	1.04111	1	25	26	177	212	283	#
111	1.04111	0	93	98	177	212	283	#
112	1.04111	0	25	26	98	177	212	283	#
113	1.04111	1	69	70	177	212	283	#
114	1.12927	0	106	107	113	238	284	#
115	1.12927	0	56	57	113	228	247	284	#
116	0.427076	53	147	236	285	#
117	0.427076	52	62	147	236	285	#
118	0.799108	41	142	286	#
119	0.799108	40	78	142	286	#
120	0.799108	70	78	129	154	216	286	#
121	0.799108	41	70	130	154	216	286	#
122	0.799108	40	41	70	129	154	216	286	#
123	1.0314	48	49	203	287	#
124	1.0314	39	40	50	115	142	287	#
125	1.0314	38	40	59	115	142	287	#
126	1.0314	16	40	111	115	139	170	243	287	#
127	1.0314	12	13	40	111	115	139	170	243	287	#
128	0.393992	21	91	127	199	288	#
129	0.393992	21	29	30	91	127	288	#
130	0.552269	8	36	171	239	289	#
131	0.552269	111	156	171	289	#
132	0.552269	9	36	111	171	239	289	#
133	0.552269	112	121	156	171	289	#
134	0.552269	9	36	112	121	171	239	289	#
135	0.566403	32	55	249	290	#
136	0.566403	32	54	79	249	290	#
137	0.566403	31	92	249	290	#
138	0.566403	23	24	32	54	249	290	#
139	0.215285	58	186	#
140	1.19488	89	118	223	291	#
141	1.19488	2	3	89	223	291	#
142	1.19488	6	7	118	223	291	#
143	1.19488	2	3	6	7	223	291	#
144	1.19488	28	85	89	110	159	188	291	#
145	0.362009	75	125	161	292	#
146	0.362009	60	61	75	161	292	#
147	1.22639	89	103	128	213	229	293	#
148	1.22639	4	82	86	89	103	110	159	213	293	#
149	1.22639	4	84	89	103	213	229	293	#
150	1.22639	4	81	82	85	89	103	110	159	213	293	#
151	1.22639	75	76	89	90	134	213	293	#
152	0.909057	169	#
153	0.985809	58	106	248	294	#
154	0.985809	20	106	146	294	#
155	0.985809	19	58	106	146	294	#
156	0.692548	8	36	125	145	239	252	#
157	1.04642	113	146	184	#
158	0.84097	49	101	162	295	#
159	0.84097	49	57	77	120	155	295	#
160	0.84097	49	57	77	105	119	155	295	#
161	0.84097	49	102	105	162	295	#
162	0.84097	56	57	66	120	210	250	295	#
163	0.846504	39	50	148	296	#
164	0.846504	38	59	148	296	#
165	0.846504	23	167	296	#
166	0.846504	24	79	167	296	#
167	0.846504	38	50	51	148	296	#
168	0.808649	8	57	124	225	252	297	#
169	0.808649	8	56	57	83	225	252	297	#
170	0.808649	8	57	97	124	225	255	297	#
171	0.808649	8	56	57	83	97	225	255	297	#
172	0.808649	8	25	57	96	124	225	255	297	#
173	1.0367	53	194	236	298	#
174	1.0367	52	62	194	236	298	#
175	1.0367	21	127	173	199	236	298	#
176	1.0367	41	52	126	199	214	236	298	#
177	1.0367	40	52	78	126	199	214	236	298	#
178	1.32498	3	92	112	139	222	249	299	#
179	1.32498	3	92	111	121	139	222	249	299	#
180	1.32498	3	92	116	121	171	222	299	#
181	1.32498	2	92	112	118	139	222	249	299	#
182	1.32498	2	92	111	118	121	139	222	249	299	#
183	1.1373	15	146	184	300	#
184	1.1373	42	43	146	184	300	#
185	1.1373	15	19	184	248	300	#
186	1.1373	15	20	58	184	248	300	#
187	0.600505	39	50	216	301	#
188	0.600505	38	59	216	301	#
189	0.600505	38	50	51	216	301	#
190	0.379046	11	73	91	104	157	302	#
191	0.379046	10	34	73	91	104	157	302	#
192	1.0367	53	194	236	303	#
193	1.0367	52	62	194	236	303	#
194	1.0367	21	127	173	199	236	303	#
195	1.0367	41	52	126	199	214	236	303	#
196	1.0367	40	52	78	126	199	214	236	303	#
197	0.842378	54	95	166	236	304	#
198	0.842378	55	79	95	166	236	304	#
199	0.842378	14	54	94	166	236	304	#
200	0.842378	14	15	75	76	125	143	161	304	#
201	0.842378	14	55	79	94	166	236	304	#
202	1.12764	114	187	206	305	#
203	1.12764	81	82	88	188	226	305	#
204	0.756485	89	159	306	#
205	0.756485	6	7	159	306	#
206	0.672838	41	124	135	307	#
207	0.672838	41	56	83	135	307	#
208	0.672838	40	78	124	135	307	#
209	0.672838	40	56	78	83	135	307	#
210	0.958969	67	73	74	189	#
211	1.09349	104	176	308	#
212	1.09349	73	104	152	190	201	308	#
213	1.09349	19	186	198	308	#
214	1.09349	20	58	186	198	308	#
215	0.835247	56	62	175	309	#
216	0.835247	52	53	56	175	309	#
217	0.835247	8	56	57	147	225	255	309	#
218	0.835247	26	56	57	147	205	225	309	#
219	0.835247	25	56	57	93	147	205	225	309	#
220	1.0008	39	152	190	310	#
221	1.0008	73	104	198	310	#
222	1.0008	38	51	152	190	310	#
223	0.817159	11	29	56	57	91	99	101	120	157	220	311	#
224	0.817159	11	29	56	57	91	99	102	119	157	220	311	#
225	0.817159	11	29	56	57	91	99	101	105	119	157	220	311	#
226	0.817159	10	29	34	56	57	91	99	101	120	157	220	311	#
227	0.817159	10	29	34	56	57	91	99	102	119	157	220	311	#
228	1.02983	74	174	312	#
229	1.02983	8	53	74	147	225	236	255	312	#
230	1.02983	8	52	62	74	147	225	236	255	312	#
231	1.02983	26	53	74	147	205	225	236	312	#
232	1.02983	26	52	62	74	147	205	225	236	312	#
233	0.637146	94	244	313	#
234	0.637146	14	95	244	313	#
235	0.309027	126	199	314	#
236	0.309027	29	30	126	314	#
237	0.395501	30	46	87	88	127	315	#
238	0.395501	30	41	126	243	315	#
239	0.84064	24	148	201	316	#
240	0.84064	23	79	148	201	316	#
241	0.844285	87	183	236	317	#
242	0.844285	87	94	209	317	#
243	0.844285	16	53	87	111	139	147	236	255	317	#
244	0.844285	12	13	53	87	111	139	147	236	255	317	#
245	0.844285	16	52	62	87	111	139	147	236	255	317	#
246	0.430031	78	126	127	230	318	#
247	0.430031	55	78	126	127	181	318	#
248	0.430031	54	78	79	126	127	181	318	#
249	0.430031	40	41	126	127	230	318	#
250	0.430031	40	41	55	126	127	181	318	#
251	0.58258	120	205	225	319	#
252	0.58258	105	119	205	225	319	#
253	0.58258	101	102	119	205	225	319	#
254	0.96593	38	41	126	142	320	#
255	0.96593	38	40	78	126	142	320	#
256	0.96593	25	38	121	127	180	216	255	320	#
257	0.96593	25	38	111	112	127	180	216	255	320	#
258	0.96593	59	121	127	170	180	320	#
259	0.562194	96	212	321	#
260	0.562194	25	97	212	321	#
261	0.75758	4	52	81	82	140	322	#
262	0.75758	128	219	322	#
263	0.75758	4	53	62	81	82	140	322	#
264	0.75758	4	62	147	207	322	#
265	0.75758	4	84	219	322	#
266	1.09094	113	125	215	247	#
267	1.31054	81	150	188	212	323	#
268	1.31054	25	81	188	200	212	323	#
269	1.31054	79	92	163	187	323	#
270	1.31054	92	116	117	141	323	#
271	1.31054	28	92	112	139	222	249	323	#
272	0.681801	121	147	185	255	324	#
273	0.681801	63	121	147	165	255	324	#
274	0.681801	111	112	147	185	255	324	#
275	0.681801	42	64	121	147	165	255	324	#
276	0.681801	63	111	112	147	165	255	324	#
277	0.913368	67	120	189	325	#
278	0.913368	67	105	119	189	325	#
279	0.913368	2	68	120	189	325	#
280	0.913368	2	68	105	119	189	325	#
281	0.719698	8	99	101	120	157	225	255	326	#
282	0.719698	8	99	102	119	157	225	255	326	#
283	0.719698	8	99	101	105	119	157	225	255	326	#
284	0.719698	26	99	101	120	157	205	225	326	#
285	0.719698	26	99	102	119	157	205	225	326	#
286	0.697031	190	201	#
287	0.376765	69	71	197	#
288	0.976503	8	147	185	225	255	327	#
289	0.976503	26	147	185	205	225	327	#
290	0.976503	25	93	147	185	205	225	327	#
291	0.976503	43	94	174	327	#
292	0.976503	15	42	94	174	327	#
293	1.17423	15	94	99	100	101	120	174	328	#
294	1.17423	15	94	99	100	102	119	174	328	#
295	1.17423	15	94	99	100	101	105	119	174	328	#
296	1.17423	8	42	99	100	101	120	147	185	225	255	328	#
297	1.17423	8	42	99	100	102	119	147	185	225	255	328	#
298	0.604744	12	242	249	329	#
299	0.604744	9	139	239	249	329	#
300	0.604744	36	139	156	249	329	#
301	0.604744	8	111	139	239	249	329	#
302	0.604744	36	55	192	329	#
303	0.796355	84	87	226	330	#
304	0.796355	4	87	128	226	330	#
305	0.796355	5	16	112	128	139	144	330	#
306	0.796355	5	12	13	112	128	139	144	330	#
307	0.796355	5	16	111	121	128	139	144	330	#
308	0.949117	0	238	331	#
309	0.949117	0	57	124	228	331	#
310	0.949117	0	56	57	83	228	331	#
311	0.949117	1	98	238	331	#
312	0.949117	0	41	124	135	227	331	#
313	0.532834	4	82	86	103	213	332	#
314	0.532834	4	81	82	85	103	213	332	#
315	0.657962	56	57	213	220	333	#
316	0.657962	45	57	246	333	#
317	0.657962	56	57	80	113	114	247	333	#
318	0.657962	56	57	80	106	113	114	232	333	#
319	0.657962	57	80	106	107	113	114	124	333	#
320	0.522395	48	115	235	#
321	1.20734	10	91	185	194	334	#
322	1.20734	10	63	91	165	194	334	#
323	1.20734	10	42	64	91	165	194	334	#
324	1.20734	10	42	75	76	91	125	161	234	334	#
325	1.20734	10	43	209	253	334	#
326	1.02548	44	49	164	244	335	#
327	1.02548	45	95	169	335	#
328	0.130543	109	336	#
329	0.130543	14	108	336	#
330	0.631691	121	127	180	199	337	#
331	0.631691	29	30	121	127	180	337	#
332	0.631691	111	112	127	180	199	337	#
333	0.631691	29	30	111	112	127	180	337	#
334	0.745083	39	50	70	115	216	338	#
335	0.745083	38	59	70	115	216	338	#
336	0.674277	99	101	120	157	205	225	339	#
337	0.674277	99	102	119	157	205	225	339	#
338	0.674277	99	101	105	119	157	205	225	339	#
339	1.10703	14	146	184	340	#
340	1.10703	80	113	114	169	340	#
341	1.10703	44	45	113	114	169	340	#
342	1.10703	108	109	146	184	340	#
343	1.10703	14	19	184	248	340	#
344	0.0209508	42	#
345	0.216765	49	77	#
346	1.16261	79	139	156	233	249	341	#
347	1.16261	12	36	79	233	242	249	341	#
348	1.16261	9	36	79	139	233	239	249	341	#
349	1.16261	54	192	233	341	#
350	1.16261	55	79	192	233	341	#
351	0.744416	54	166	236	342	#
352	0.744416	55	79	166	236	342	#
353	0.129627	2	27	#
354	0.776402	11	41	91	126	199	227	343	#
355	0.776402	10	34	41	91	126	199	227	343	#
356	0.776402	11	40	78	91	126	199	227	343	#
357	0.776402	10	34	40	78	91	126	199	227	343	#
358	0.776402	11	29	30	41	91	126	227	343	#
359	0.775053	48	113	114	164	#
360	0.786762	35	55	92	179	344	#
361	0.786762	35	54	79	92	179	344	#
362	0.618371	15	109	115	235	345	#
363	0.618371	14	15	108	115	235	345	#
364	0.618371	15	50	115	153	345	#
365	0.618371	42	108	115	235	251	345	#
366	0.315176	40	230	346	#
367	0.315176	40	55	181	346	#
368	0.315176	40	54	79	181	346	#
369	0.842254	7	77	159	347	#
370	0.842254	6	77	89	159	347	#
371	1.02489	11	76	91	234	348	#
372	1.02489	10	34	76	91	234	348	#
373	1.02489	76	99	143	157	158	348	#
374	1.02489	11	76	78	79	91	126	143	181	199	348	#
375	1.02489	23	76	143	191	348	#
376	0.334516	46	127	199	349	#
377	0.334516	21	22	127	199	349	#
378	0.334516	29	30	46	127	349	#
379	0.334516	21	22	29	30	127	349	#
380	1.09143	45	169	350	#
381	1.09143	44	80	169	350	#
382	1.09143	44	48	108	115	164	235	350	#
383	1.09143	44	48	50	115	164	178	350	#
384	1.09143	44	49	95	164	244	350	#
385	0.730256	128	218	#
386	0.817406	7	15	20	75	76	125	161	184	351	#
387	0.817406	7	15	19	58	75	76	125	161	184	351	#
388	0.817406	7	20	42	43	75	76	125	161	184	351	#
389	0.817406	7	19	42	43	58	75	76	125	161	184	351	#
390	0.903319	10	41	91	126	160	199	227	352	#
391	0.903319	11	41	91	123	126	199	227	352	#
392	0.903319	10	34	41	91	123	126	199	227	352	#
393	0.903319	11	33	41	91	122	126	199	227	352	#
394	0.903319	10	40	78	91	126	160	199	227	352	#
395	0.626415	10	16	253	353	#
396	0.626415	10	12	13	253	353	#
397	0.626415	10	16	46	87	88	91	127	199	353	#
398	0.626415	10	12	13	46	87	88	91	127	199	353	#
399	0.626415	10	16	41	91	126	199	243	353	#
400	0.629183	93	201	216	354	#
401	0.629183	25	26	201	216	354	#
402	0.629183	69	70	201	216	354	#
403	1.11883	11	157	198	355	#
404	1.11883	10	34	157	198	355	#
405	1.11883	11	33	100	198	355	#
406	1.11883	10	33	34	100	198	355	#
407	1.11883	39	41	91	126	142	199	355	#
408	0.241592	46	87	88	356	#
409	0.241592	21	22	87	88	356	#
410	1.08679	60	90	134	213	357	#
411	1.08679	61	90	125	134	213	357	#
412	0.692411	228	#
413	0.6077	4	193	#
414	0.156157	99	101	120	358	#
415	0.156157	99	102	119	358	#
416	0.156157	99	101	105	119	358	#
417	0.170888	99	102	157	359	#
418	0.170888	99	101	105	157	359	#
419	0.412887	70	96	125	145	360	#
420	0.412887	25	70	97	125	145	360	#
421	0.857229	121	195	252	361	#
422	0.857229	93	96	149	197	361	#
423	0.857229	26	97	149	197	361	#
424	0.857229	25	26	96	149	197	361	#
425	0.857229	25	93	97	149	197	361	#
426	1.04584	8	25	120	201	216	225	255	362	#
427	1.04584	8	25	105	119	201	216	225	255	362	#
428	1.04584	93	120	201	205	216	225	362	#
429	1.04584	25	26	120	201	205	216	225	362	#
430	1.04584	93	105	119	201	205	216	225	362	#
431	0.335872	8	121	132	239	363	#
432	0.335872	8	36	121	131	239	363	#
433	0.66971	204	364	#
434	0.66971	79	116	136	364	#
435	0.66971	23	136	151	364	#
436	0.66971	24	79	136	151	364	#
437	0.66971	12	79	132	242	249	364	#
438	0.533457	213	220	365	#
439	0.533457	80	113	114	247	365	#
440	0.533457	80	106	113	114	232	365	#
441	0.533457	80	83	106	107	113	114	365	#
442	0.533457	45	56	246	365	#
443	0.28482	44	187	#
444	0.665918	41	124	135	366	#
445	0.665918	41	56	83	135	366	#
446	0.665918	40	78	124	135	366	#
447	0.665918	40	56	78	83	135	366	#
448	0.539546	80	106	107	113	114	367	#
449	0.539546	44	45	106	107	113	114	367	#
450	0.539546	83	213	220	367	#
451	1.19164	2	60	75	76	223	368	#
452	1.19164	2	61	75	76	125	223	368	#
453	1.19164	15	27	61	161	184	240	368	#
454	1.19164	15	27	60	125	161	184	240	368	#
455	1.19164	2	61	70	96	138	145	368	#
456	0.963248	21	42	127	241	369	#
457	0.963248	41	63	126	133	369	#
458	0.963248	40	63	78	126	133	369	#
459	0.963248	41	62	126	185	214	369	#
460	0.963248	41	42	64	126	133	369	#
461	0.636544	214	#
462	0.956564	7	143	158	#
463	0.703922	56	57	73	74	210	370	#
464	0.703922	57	73	74	84	124	202	370	#
465	0.703922	56	57	73	74	83	84	202	370	#
466	0.703922	104	128	193	370	#
467	0.703922	56	57	73	74	103	128	220	370	#
468	0.963292	27	43	184	240	371	#
469	0.963292	15	27	42	184	240	371	#
470	0.963292	3	182	251	371	#
471	0.45964	225	205	#
472	0.39958	15	161	61	372	#
473	0.39958	15	161	125	60	372	#
474	0.39958	43	42	161	61	372	#
475	0.39958	43	42	161	125	60	372	#
476	0.914637	63	133	373	#
477	0.914637	185	62	214	373	#
478	0.914637	42	64	133	373	#
479	0.914637	63	165	62	214	373	#
480	0.914637	42	64	165	62	214	373	#
481	0.725518	95	244	77	110	#
482	0.828241	74	225	8	255	147	374	#
483	0.828241	74	225	205	26	147	374	#
484	0.828241	74	225	205	93	25	147	374	#
485	0.828241	74	225	9	111	255	147	374	#
486	0.828241	74	225	9	112	121	255	147	374	#
487	0.811728	86	82	4	193	375	#
488	0.811728	85	81	82	4	193	375	#
489	0.811728	86	82	202	124	57	120	101	99	375	#
490	0.811728	86	82	202	83	56	57	120	101	99	375	#
491	0.811728	86	82	202	124	57	119	102	99	375	#
492	0.970249	108	95	236	52	214	41	376	#
493	0.970249	109	209	243	41	376	#
494	0.970249	108	95	236	52	214	40	78	376	#
495	0.970249	108	14	209	243	41	376	#
496	0.970249	108	95	236	183	243	41	376	#
497	0.323095	187	#
498	0.77775	209	377	#
499	0.77775	94	236	183	377	#
