%% File generated by CATS v.2.1Thu May  9 12:49:08 2024

%% The CATS webpage is http://robotics.stanford.edu/CATS

%% PARAMETER SETTINGS:
% Goods: 256; Bids: 500; Distribution: paths; Runs: 1; Seed: 35
% Paths Distribution Parameters:
% Initial connections:       = 2
% Edge density:              = 3.000000
% Shipping cost factor:      = 1.500000
% Max bid set size:          = 5
% Building penalty:          = 1.700000



goods 256
bids 501
dummy 208

0	0.61439	124	157	#
1	0.98166	8	126	147	175	256	#
2	0.98166	8	103	106	126	147	203	256	#
3	0.98166	8	88	103	105	126	147	203	256	#
4	0.98166	64	79	126	139	220	256	#
5	0.98166	8	34	92	147	175	256	#
6	0.417795	89	162	#
7	0.83026	114	157	242	257	#
8	0.83026	113	119	157	242	257	#
9	0.13926	36	121	#
10	0.666784	30	45	72	73	96	97	258	#
11	0.666784	2	3	45	72	73	96	97	258	#
12	0.666784	30	61	202	258	#
13	0.666784	2	3	61	202	258	#
14	0.666784	30	46	57	72	73	96	138	258	#
15	0.349192	91	161	259	#
16	0.349192	70	71	161	259	#
17	0.751212	35	39	121	165	260	#
18	0.751212	3	35	39	97	121	195	260	#
19	0.751212	19	39	121	154	260	#
20	0.751212	36	39	40	121	165	260	#
21	0.751212	2	30	35	39	97	121	195	260	#
22	0.489318	91	108	161	261	#
23	0.489318	59	60	91	161	261	#
24	0.489318	70	71	108	161	261	#
25	0.489318	59	60	70	71	161	261	#
26	0.139516	64	262	#
27	0.139516	23	47	262	#
28	0.845178	1	13	89	106	169	263	#
29	0.845178	1	13	88	89	105	169	263	#
30	0.845178	1	7	13	52	54	85	89	106	131	213	263	#
31	0.845178	1	7	13	52	54	85	88	89	105	131	213	263	#
32	0.845178	1	6	13	40	106	150	246	263	#
33	0.754292	91	115	127	166	264	#
34	0.754292	21	91	115	122	127	215	264	#
35	0.754292	91	95	128	166	264	#
36	0.754292	91	94	115	128	166	264	#
37	0.754292	21	91	107	115	120	127	215	264	#
38	0.560289	1	3	57	138	226	265	#
39	0.560289	1	3	45	46	97	226	265	#
40	0.572847	77	78	114	116	222	266	#
41	0.572847	77	78	113	116	119	222	266	#
42	0.572847	30	77	78	114	116	242	266	#
43	0.572847	30	77	78	113	116	119	242	266	#
44	0.572847	2	3	77	78	114	116	242	266	#
45	0.27102	26	27	58	99	113	#
46	0.818633	232	267	#
47	0.818633	71	191	267	#
48	0.818633	70	91	191	267	#
49	0.818633	21	67	71	197	240	267	#
50	0.818633	21	29	67	71	123	240	267	#
51	0.741026	25	121	154	268	#
52	0.741026	24	39	121	154	268	#
53	0.741026	18	152	194	268	#
54	0.741026	24	77	78	142	217	268	#
55	0.741026	25	77	78	142	190	268	#
56	0.587317	46	174	#
57	0.409147	85	162	269	#
58	0.409147	84	107	162	269	#
59	0.904887	20	212	270	#
60	0.904887	107	211	215	270	#
61	0.904887	2	20	40	51	76	93	165	270	#
62	0.904887	20	30	51	58	138	218	270	#
63	0.904887	2	3	20	51	58	138	218	270	#
64	0.821986	57	58	168	248	#
65	0.21518	42	89	107	271	#
66	0.21518	41	85	89	271	#
67	0.21518	41	84	89	107	271	#
68	0.21518	42	89	120	122	271	#
69	0.916184	37	70	115	232	272	#
70	0.916184	37	70	94	95	232	272	#
71	0.916184	56	127	135	272	#
72	0.916184	21	38	61	91	115	141	197	272	#
73	0.916184	21	29	38	61	91	115	181	272	#
74	0.691103	76	224	234	#
75	0.138576	89	103	106	273	#
76	0.138576	88	89	103	105	273	#
77	1.1113	10	60	151	274	#
78	1.1113	36	60	76	93	140	204	216	274	#
79	1.1113	6	11	60	137	204	216	274	#
80	1.1113	10	60	79	126	204	216	220	274	#
81	1.1113	6	11	59	90	91	124	161	198	274	#
82	0.670545	8	92	175	275	#
83	0.670545	8	92	103	106	203	275	#
84	0.670545	8	88	92	103	105	203	275	#
85	0.670545	9	92	112	175	275	#
86	0.670545	0	1	8	92	106	203	275	#
87	0.747	1	105	196	276	#
88	0.747	1	14	66	105	185	276	#
89	0.747	1	88	106	196	276	#
90	0.747	1	14	66	88	106	185	276	#
91	0.747	0	103	105	196	276	#
92	0.97798	6	114	157	222	277	#
93	0.97798	6	113	119	157	222	277	#
94	0.97798	6	30	114	157	242	277	#
95	0.97798	6	30	113	119	157	242	277	#
96	0.97798	2	3	6	114	157	242	277	#
97	0.443109	70	76	149	278	#
98	0.443109	71	76	224	278	#
99	0.443109	70	76	91	224	278	#
100	0.443109	20	21	51	71	76	93	278	#
101	0.443109	20	21	51	70	76	91	93	278	#
102	0.630784	64	209	279	#
103	0.630784	23	47	209	279	#
104	0.13053	126	#
105	0.727428	0	66	70	112	168	280	#
106	0.727428	0	8	21	29	66	71	199	280	#
107	0.727428	0	8	9	66	70	168	280	#
108	0.727428	0	8	21	29	66	70	91	199	280	#
109	0.727428	1	66	70	103	112	168	280	#
110	0.218121	61	73	#
111	1.05614	3	58	115	138	168	248	281	#
112	1.05614	3	58	94	95	138	168	248	281	#
113	1.05614	40	76	115	149	165	281	#
114	1.05614	2	30	58	115	138	168	248	281	#
115	1.05614	40	76	94	95	149	165	281	#
116	0.643627	58	218	282	#
117	0.643627	40	57	76	93	106	226	246	282	#
118	0.643627	40	57	76	88	93	105	226	246	282	#
119	0.643627	35	36	57	76	93	106	226	246	282	#
120	0.643627	35	36	57	76	88	93	105	226	246	282	#
121	0.861337	70	115	232	283	#
122	0.861337	70	94	95	232	283	#
123	0.861337	91	115	191	283	#
124	0.861337	91	94	95	191	283	#
125	0.861337	70	71	115	191	283	#
126	1.04628	28	79	92	204	220	238	284	#
127	1.04628	28	80	92	93	204	220	238	284	#
128	1.04628	44	48	91	92	115	127	233	244	284	#
129	1.04628	43	48	56	91	92	115	127	233	244	284	#
130	1.04628	4	44	92	127	189	233	284	#
131	0.137872	50	#
132	0.606928	103	105	112	194	285	#
133	0.606928	8	9	103	105	194	285	#
134	0.606928	57	58	143	248	285	#
135	0.606928	88	103	106	112	194	285	#
136	0.606928	31	58	138	248	285	#
137	1.03475	79	92	108	204	216	220	286	#
138	1.03475	59	60	79	92	204	216	220	286	#
139	1.13031	0	13	136	255	287	#
140	1.13031	47	74	145	182	287	#
141	1.13031	12	74	200	235	255	287	#
142	1.13031	1	13	103	136	255	287	#
143	1.13031	0	12	66	136	255	287	#
144	0.505858	70	168	#
145	1.10946	0	13	95	112	168	255	288	#
146	1.10946	0	13	94	112	115	168	255	288	#
147	1.10946	0	8	9	13	95	168	255	288	#
148	1.10946	0	8	9	13	94	115	168	255	288	#
149	1.10946	0	8	13	21	29	91	95	199	255	288	#
150	0.775797	32	56	115	127	168	289	#
151	0.775797	32	56	95	128	168	289	#
152	0.775797	32	56	94	115	128	168	289	#
153	0.775797	9	28	33	199	238	289	#
154	0.775797	32	56	94	95	127	168	289	#
155	0.837413	21	90	249	290	#
156	0.837413	76	90	117	224	234	290	#
157	0.837413	76	90	98	116	224	234	290	#
158	0.837413	20	21	51	76	90	93	117	234	290	#
159	0.837413	20	21	51	76	90	93	98	116	234	290	#
160	0.605588	71	90	198	291	#
161	0.605588	70	90	91	198	291	#
162	0.605588	70	95	118	198	291	#
163	0.605588	70	94	115	118	198	291	#
164	0.833926	70	115	184	292	#
165	0.833926	70	94	95	184	292	#
166	0.833926	76	99	113	115	149	234	292	#
167	0.833926	76	94	95	99	113	149	234	292	#
168	0.833926	76	91	99	113	115	224	234	292	#
169	0.629969	28	171	#
170	0.734758	42	68	69	107	133	293	#
171	0.734758	8	42	64	89	103	106	107	147	293	#
172	0.734758	8	42	64	88	89	103	105	107	147	293	#
173	0.734758	41	68	69	85	133	293	#
174	0.734758	1	42	66	68	69	89	106	107	200	293	#
175	0.532907	36	76	95	149	294	#
176	0.532907	36	76	94	115	149	294	#
177	0.532907	36	76	91	95	224	294	#
178	0.532907	36	76	91	94	115	224	294	#
179	0.532907	36	76	90	118	224	294	#
180	1.05922	5	37	38	163	295	#
181	1.05922	4	37	38	48	163	295	#
182	1.05922	5	37	38	61	241	295	#
183	1.05922	4	37	38	48	61	241	295	#
184	1.05922	191	244	295	#
185	0.106173	56	#
186	1.00074	64	132	137	139	296	#
187	1.00074	130	160	296	#
188	1.00074	52	129	160	296	#
189	1.00074	124	132	144	296	#
190	1.00074	23	47	132	137	139	296	#
191	0.248276	40	89	107	246	#
192	0.589491	28	93	204	238	297	#
193	0.589491	44	115	127	149	297	#
194	0.589491	43	56	115	127	149	297	#
195	0.589491	95	149	183	297	#
196	0.589491	94	115	149	183	297	#
197	0.860603	22	23	39	109	121	179	298	#
198	0.860603	22	39	47	64	109	121	179	298	#
199	0.860603	36	39	76	80	121	164	298	#
200	0.860603	22	36	39	64	76	93	109	121	139	298	#
201	0.860603	36	39	76	79	93	121	164	298	#
202	0.736366	6	20	51	137	299	#
203	0.736366	6	29	137	204	299	#
204	0.662481	52	206	300	#
205	0.662481	90	91	125	198	300	#
206	0.662481	70	71	90	125	198	300	#
207	0.662481	53	104	206	300	#
208	0.770087	12	61	200	255	301	#
209	0.770087	87	227	301	#
210	0.770087	31	87	202	301	#
211	0.770087	13	61	66	200	255	301	#
212	0.770087	16	17	227	301	#
213	0.166274	78	116	#
214	0.925523	3	58	138	186	302	#
215	0.925523	2	30	58	138	186	302	#
216	0.925523	3	45	46	57	58	97	186	302	#
217	0.925523	3	114	129	157	242	302	#
218	0.925523	3	113	119	129	157	242	302	#
219	0.650796	60	79	204	216	303	#
220	0.650796	60	80	93	204	216	303	#
221	0.6295	10	88	126	203	304	#
222	0.6295	10	105	106	126	203	304	#
223	0.6295	10	88	89	122	188	304	#
224	0.6295	10	34	88	92	203	304	#
225	0.6295	10	88	89	107	120	188	304	#
226	0.977281	69	73	231	305	#
227	0.977281	61	73	229	305	#
228	0.977281	28	43	73	181	238	305	#
229	0.977281	28	43	73	123	141	238	305	#
230	0.977281	49	50	61	62	73	236	305	#
231	1.14866	37	38	201	306	#
232	1.14866	1	37	38	61	66	106	126	200	203	306	#
233	1.14866	1	37	38	61	66	88	105	126	200	203	306	#
234	1.14866	37	38	61	122	133	188	306	#
235	1.14866	37	38	61	107	120	133	188	306	#
236	0.723258	82	97	155	#
237	0.301107	102	190	#
238	1.00967	143	145	174	307	#
239	1.00967	57	58	143	145	209	307	#
240	1.00967	31	57	138	145	174	307	#
241	1.00967	31	45	46	97	145	174	307	#
242	1.00967	31	45	96	97	193	307	#
243	1.19358	25	205	254	308	#
244	1.19358	24	39	205	254	308	#
245	1.19358	124	137	139	146	308	#
246	1.19358	14	185	239	308	#
247	1.19358	1	105	152	196	254	308	#
248	0.791114	57	64	138	174	309	#
249	0.791114	45	46	64	97	174	309	#
250	0.791114	23	138	156	309	#
251	0.791114	58	64	138	209	309	#
252	0.791114	23	47	57	138	174	309	#
253	0.614855	9	115	127	168	310	#
254	0.614855	21	29	91	115	127	199	310	#
255	0.614855	9	95	128	168	310	#
256	0.614855	9	94	115	128	168	310	#
257	0.614855	9	94	95	127	168	310	#
258	0.442272	134	311	#
259	0.442272	5	244	311	#
260	0.442272	4	48	244	311	#
261	0.410889	29	199	#
262	1.10374	12	16	185	255	312	#
263	1.10374	14	153	312	#
264	1.10374	13	16	66	185	255	312	#
265	1.10374	12	16	81	200	230	255	312	#
266	1.10374	72	73	81	225	230	312	#
267	0.554948	33	63	238	#
268	0.673059	40	43	221	313	#
269	0.673059	28	40	76	93	204	238	313	#
270	0.673059	35	36	43	221	313	#
271	0.673059	40	44	76	115	127	149	313	#
272	0.673059	40	43	56	76	115	127	149	313	#
273	0.670545	8	92	175	314	#
274	0.670545	8	92	103	106	203	314	#
275	0.670545	8	88	92	103	105	203	314	#
276	0.670545	9	92	112	175	314	#
277	0.670545	0	1	8	92	106	203	314	#
278	0.963535	47	79	126	139	220	315	#
279	0.963535	54	126	179	207	247	315	#
280	0.963535	34	47	79	92	139	220	315	#
281	0.963535	47	80	93	126	139	220	315	#
282	0.963535	10	140	179	315	#
283	0.556506	3	86	114	116	242	316	#
284	0.556506	3	86	113	116	119	242	316	#
285	0.556506	19	86	142	316	#
286	0.556506	3	86	99	113	117	242	316	#
287	0.556506	2	86	114	116	222	316	#
288	0.283344	28	93	204	#
289	0.56292	92	111	233	317	#
290	0.56292	48	92	110	233	317	#
291	0.56292	54	92	111	243	247	317	#
292	0.56292	48	54	92	110	243	247	317	#
293	0.56632	36	51	54	76	93	207	#
294	0.467662	21	67	91	95	197	318	#
295	0.467662	21	67	91	94	115	197	318	#
296	0.467662	21	29	67	91	95	123	318	#
297	0.467662	21	29	67	91	94	115	123	318	#
298	0.467662	21	67	90	118	197	318	#
299	0.46376	35	207	319	#
300	0.46376	36	40	207	319	#
301	0.46376	40	104	131	253	319	#
302	0.46376	40	54	55	253	319	#
303	0.942568	46	101	251	320	#
304	0.942568	46	100	177	226	320	#
305	0.942568	48	100	245	320	#
306	0.942568	45	100	219	320	#
307	0.942568	46	100	110	251	320	#
308	0.489618	15	47	146	#
309	0.546863	2	107	211	321	#
310	0.546863	2	120	122	211	321	#
311	0.546863	3	57	89	106	138	226	321	#
312	0.546863	3	57	88	89	105	138	226	321	#
313	0.546863	3	45	46	89	97	106	226	321	#
314	0.541968	73	141	#
315	0.446103	8	28	199	322	#
316	0.446103	9	28	112	199	322	#
317	1.14244	16	47	60	145	182	323	#
318	1.14244	17	60	143	145	174	323	#
319	1.14244	0	13	16	112	148	255	323	#
320	1.14244	12	16	60	200	235	255	323	#
321	1.14244	0	8	9	13	16	148	255	323	#
322	0.5892	49	61	62	66	200	324	#
323	0.5892	0	8	132	147	324	#
324	0.5892	12	13	49	61	62	200	324	#
325	0.99733	49	50	62	109	227	325	#
326	0.99733	22	64	109	143	174	325	#
327	0.99733	31	49	50	62	109	202	325	#
328	0.99733	22	23	47	109	143	174	325	#
329	0.99733	31	45	49	50	61	62	72	73	96	97	109	325	#
330	0.534116	57	103	138	226	326	#
331	0.534116	45	46	97	103	226	326	#
332	0.935472	58	138	186	327	#
333	0.935472	45	46	57	58	97	186	327	#
334	0.935472	114	129	157	242	327	#
335	0.935472	113	119	129	157	242	327	#
336	0.935472	98	99	113	129	157	242	327	#
337	0.811211	48	90	92	233	244	328	#
338	0.811211	54	92	125	131	198	247	328	#
339	0.811211	20	21	51	79	90	92	220	328	#
340	0.811211	55	92	104	125	198	247	328	#
341	0.811211	48	54	90	92	243	244	247	328	#
342	0.296906	49	50	109	#
343	0.422642	181	329	#
344	0.422642	123	141	329	#
345	0.106524	57	58	#
346	0.34049	238	#
347	0.532907	36	76	95	149	330	#
348	0.532907	36	76	94	115	149	330	#
349	0.532907	36	76	91	95	224	330	#
350	0.532907	36	76	91	94	115	224	330	#
351	0.532907	36	76	90	118	224	330	#
352	0.890358	36	76	95	102	121	149	190	331	#
353	0.890358	36	76	94	102	115	121	149	190	331	#
354	0.890358	36	76	91	95	102	121	190	224	331	#
355	0.890358	36	76	91	94	102	115	121	190	224	331	#
356	0.890358	86	223	331	#
357	1.06728	30	58	95	138	168	248	332	#
358	1.06728	30	58	94	115	138	168	248	332	#
359	1.06728	2	3	58	95	138	168	248	332	#
360	1.06728	2	3	58	94	115	138	168	248	332	#
361	1.06728	2	40	76	95	149	165	332	#
362	0.931369	5	73	241	333	#
363	0.931369	4	48	73	241	333	#
364	0.931369	1	66	73	177	200	333	#
365	0.931369	100	178	333	#
366	1.19842	137	139	146	334	#
367	1.19842	129	146	159	334	#
368	1.19842	52	130	146	159	334	#
369	1.19842	51	137	146	176	334	#
370	1.19842	25	124	205	254	334	#
371	0.805992	161	210	335	#
372	0.805992	49	50	115	208	335	#
373	0.805992	49	95	250	335	#
374	0.805992	49	94	115	250	335	#
375	0.805992	20	21	91	187	335	#
376	0.570983	8	28	63	89	103	106	199	336	#
377	0.570983	8	28	63	88	89	103	105	199	336	#
378	0.677218	40	165	337	#
379	0.677218	3	40	97	195	337	#
380	0.677218	2	30	40	97	195	337	#
381	0.677218	35	36	165	337	#
382	0.677218	3	99	113	234	242	337	#
383	0.714062	21	85	91	95	215	338	#
384	0.714062	21	85	91	94	115	215	338	#
385	0.714062	41	95	172	338	#
386	0.714062	41	94	115	172	338	#
387	0.714062	21	85	90	118	215	338	#
388	0.109654	3	97	#
389	0.934241	32	50	236	339	#
390	0.934241	33	43	50	236	339	#
391	0.934241	22	32	132	236	339	#
392	0.934241	22	33	43	132	236	339	#
393	0.934241	32	50	56	127	208	339	#
394	0.545818	215	340	#
395	0.545818	20	40	51	76	89	93	246	340	#
396	0.545818	8	29	89	103	106	199	340	#
397	0.545818	8	29	88	89	103	105	199	340	#
398	0.545818	20	35	36	51	76	89	93	246	340	#
399	0.547382	12	47	68	69	200	#
400	1.01143	15	59	161	228	341	#
401	1.01143	14	59	81	161	228	341	#
402	1.01143	15	60	108	161	228	341	#
403	1.01143	14	60	81	108	161	228	341	#
404	1.01143	15	75	161	192	228	341	#
405	1.2857	47	140	146	179	342	#
406	1.2857	1	10	106	126	196	203	342	#
407	1.2857	1	10	88	105	126	196	203	342	#
408	1.2857	1	10	14	66	106	126	185	203	342	#
409	1.2857	1	10	14	66	88	105	126	185	203	342	#
410	0.8035	85	89	103	106	136	343	#
411	0.8035	85	88	89	103	105	136	343	#
412	0.8035	84	89	103	106	107	136	343	#
413	0.8035	84	88	89	103	105	107	136	343	#
414	0.8035	84	120	167	343	#
415	0.867206	54	84	211	213	344	#
416	0.867206	54	85	107	211	213	344	#
417	0.501907	54	85	89	131	213	345	#
418	0.501907	40	104	246	253	345	#
419	0.501907	55	85	89	104	213	345	#
420	0.292872	21	29	#
421	0.776541	114	116	237	346	#
422	0.776541	113	116	119	237	346	#
423	0.825623	76	95	98	149	234	347	#
424	0.825623	76	94	98	115	149	234	347	#
425	0.825623	76	91	95	98	224	234	347	#
426	0.825623	76	91	94	98	115	224	234	347	#
427	0.825623	76	90	98	118	224	234	347	#
428	0.865534	39	83	180	348	#
429	0.865534	32	56	127	173	348	#
430	0.865534	32	56	94	128	173	348	#
431	0.865534	25	82	180	348	#
432	0.865534	24	39	82	180	348	#
433	0.81997	3	45	72	73	96	97	141	349	#
434	0.81997	3	113	214	242	349	#
435	0.513359	54	84	213	350	#
436	0.513359	54	85	107	213	350	#
437	0.513359	54	85	120	122	213	350	#
438	0.513359	41	42	54	213	350	#
439	0.513359	35	89	107	207	246	350	#
440	0.846181	23	39	121	132	179	351	#
441	0.846181	39	47	64	121	132	179	351	#
442	0.846181	22	23	39	50	121	179	351	#
443	0.846181	36	39	64	76	93	121	132	139	351	#
444	0.846181	22	39	47	50	64	121	179	351	#
445	0.488618	46	57	72	73	96	#
446	0.975423	55	61	62	85	133	213	#
447	0.719113	148	352	#
448	0.719113	9	60	199	216	352	#
449	0.719113	8	60	112	199	216	352	#
450	0.989932	113	170	242	353	#
451	0.989932	97	100	219	353	#
452	0.989932	57	101	138	251	353	#
453	0.989932	45	46	97	101	251	353	#
454	0.989932	57	100	138	177	226	353	#
455	0.587953	200	230	354	#
456	0.587953	81	185	354	#
457	0.558693	9	95	168	355	#
458	0.558693	9	94	115	168	355	#
459	0.558693	21	29	91	95	199	355	#
460	0.558693	21	29	91	94	115	199	355	#
461	0.558693	21	29	90	118	199	355	#
462	0.984044	64	110	132	158	356	#
463	0.984044	23	47	110	132	158	356	#
464	0.984044	22	50	64	110	158	356	#
465	0.984044	48	64	111	132	158	356	#
466	0.984044	22	23	47	50	110	158	356	#
467	0.902859	65	240	252	#
468	0.873079	201	#
469	0.79129	244	48	233	92	357	#
470	0.79129	21	20	51	79	220	92	357	#
471	0.79129	244	48	243	54	247	92	357	#
472	0.79129	224	80	220	92	357	#
473	0.79129	224	93	79	220	92	357	#
474	0.611028	10	126	203	358	#
475	0.611028	10	188	122	89	358	#
476	0.611028	10	34	92	203	358	#
477	0.611028	10	188	120	107	89	358	#
478	0.611028	140	35	246	358	#
479	0.947106	207	36	76	93	204	216	359	#
480	0.947106	207	35	40	76	93	204	216	359	#
481	0.947106	131	125	171	216	359	#
482	0.947106	131	104	253	76	93	204	216	359	#
483	0.947106	54	55	253	76	93	204	216	359	#
484	0.563265	168	91	90	360	#
485	0.563265	168	70	71	90	360	#
486	0.563265	9	199	29	21	90	360	#
487	0.563265	168	95	118	360	#
488	0.563265	168	115	94	118	360	#
489	0.157796	45	97	#
490	0.646471	209	47	361	#
491	0.646471	58	156	361	#
492	0.646471	58	57	174	47	361	#
493	0.666442	0	136	#
494	0.664034	124	157	98	#
495	0.627125	140	362	#
496	0.627125	10	126	247	54	207	362	#
497	0.361422	74	145	47	#
498	0.884964	101	251	363	#
499	0.884964	100	177	226	363	#
500	0.884964	100	110	251	363	#
