%% File generated by CATS v.2.1Thu May  9 12:52:40 2024

%% The CATS webpage is http://robotics.stanford.edu/CATS

%% PARAMETER SETTINGS:
% Goods: 256; Bids: 500; Distribution: regions; Runs: 1; Seed: 24
% Regions Distribution Parameters:
% Max Substitutable Bids = 5
% Removing HV Neighbor   = 0.1
% Adding DIAG Neighbor   = 0.2
% Additional Location    = 0.9
% Jump Probability       = 0.05
% Additivity             = 0.2
% Budget Factor          = 1.5
% Resale Factor          = 0.5
% Uniform Private Value:
%   Deviation            = 0.5
%   Max Good Value       = 100



goods 256
bids 504
dummy 94

0	480.125	150	166	180	181	182	183	198	256	#
1	491.087	166	180	181	182	183	197	198	256	#
2	490.116	162	163	164	179	180	181	182	256	#
3	479.105	179	180	181	182	195	196	198	256	#
4	454.091	166	180	181	182	183	184	198	256	#
5	450.956	164	166	180	181	182	183	198	256	#
6	286.215	63	79	95	111	257	#
7	251.894	63	64	79	95	257	#
8	245.842	6	95	111	127	257	#
9	235.613	79	94	95	111	257	#
10	224.37	63	79	94	95	257	#
11	833.299	4	5	6	7	21	37	38	39	53	83	99	115	130	131	147	258	#
12	1228.25	3	4	5	6	7	19	21	24	34	35	38	39	40	55	209	258	#
13	1144.82	3	4	5	6	17	18	19	20	21	34	35	36	37	38	39	258	#
14	1082.94	3	4	5	6	7	12	17	19	21	23	33	34	35	37	53	258	#
15	1070.09	0	3	4	5	16	17	18	19	21	33	34	35	37	38	49	258	#
16	1010.2	4	5	6	8	21	23	24	37	38	39	40	53	55	235	251	258	#
17	2311.93	13	14	15	29	30	45	46	47	59	60	61	62	63	75	76	77	78	92	93	94	108	110	124	125	126	127	139	140	141	142	143	154	155	156	157	158	159	171	172	173	175	187	259	#
18	2857.95	30	45	46	47	59	60	61	62	73	74	75	76	77	78	88	89	90	100	101	102	103	104	105	107	116	117	118	119	120	132	203	219	220	221	234	235	236	237	249	250	251	253	259	#
19	2726.21	3	4	5	6	7	20	21	22	27	38	60	76	77	81	82	97	98	114	115	127	128	130	131	144	145	146	147	148	149	200	201	202	216	217	218	232	233	234	235	249	250	251	259	#
20	2610.43	0	1	2	3	4	5	14	15	17	18	30	31	45	46	59	60	61	62	63	73	74	75	76	77	78	88	89	90	91	92	93	94	95	104	105	106	107	108	109	110	120	126	259	#
21	2596.64	14	30	44	45	46	59	60	61	62	63	74	75	76	77	78	79	88	89	91	93	94	95	104	105	108	109	110	111	120	121	125	126	127	139	141	142	143	154	155	157	159	175	259	#
22	2560.17	14	27	29	30	42	43	44	45	46	59	60	61	62	74	75	76	77	78	79	88	89	90	91	92	93	94	95	107	108	109	110	111	125	127	237	238	239	251	252	253	254	255	259	#
23	75.9307	19	139	260	#
24	96.9707	139	140	260	#
25	58.9827	19	35	260	#
26	743.308	84	85	98	99	100	115	116	130	131	132	146	147	148	261	#
27	954.785	86	87	88	102	116	117	118	129	130	131	132	134	147	261	#
28	927.302	37	52	53	54	68	69	70	83	84	85	86	99	115	261	#
29	841.025	13	29	129	130	131	132	133	145	146	147	162	163	179	261	#
30	834.425	27	28	51	52	68	69	83	84	85	86	99	100	101	261	#
31	827.076	68	83	84	87	99	100	102	103	116	117	118	133	134	261	#
32	299.814	205	206	221	237	238	262	#
33	337.885	205	206	221	222	223	262	#
34	308.034	205	206	221	222	238	262	#
35	248.222	221	222	236	237	238	262	#
36	195.859	206	222	223	238	239	262	#
37	83.8096	42	43	58	204	205	262	#
38	194.27	7	8	23	263	#
39	270.644	6	7	23	263	#
40	267.966	6	7	8	263	#
41	157.232	7	23	24	263	#
42	66.5933	14	#
43	50.2498	144	#
44	308.751	61	62	63	79	95	264	#
45	372.091	45	61	62	63	79	264	#
46	346.574	61	62	63	77	78	264	#
47	345.876	45	60	61	62	77	264	#
48	274.806	63	79	95	111	159	264	#
49	73.2974	143	#
50	1146.89	3	18	19	35	50	51	60	61	63	77	79	94	95	109	111	125	126	127	234	250	265	#
51	1409.43	13	14	30	31	45	46	47	62	63	74	77	78	79	90	91	93	94	107	108	109	265	#
52	1380.48	29	45	46	61	62	63	77	78	79	91	92	93	94	95	107	108	109	111	125	127	265	#
53	1338.67	12	15	28	29	31	43	44	45	46	47	60	61	62	63	77	78	79	93	94	109	265	#
54	1332.96	184	200	202	216	217	218	231	232	233	234	235	236	237	238	247	248	249	250	251	254	265	#
55	1315.21	28	29	43	44	45	46	60	61	62	63	77	78	79	93	94	95	109	111	125	127	265	#
56	1570.82	3	4	5	6	7	8	20	21	22	23	24	36	38	39	40	52	54	55	68	81	82	83	84	97	266	#
57	1935.15	21	38	54	55	172	182	188	202	203	204	205	221	222	223	235	236	237	238	239	251	252	253	254	255	266	#
58	1718.46	3	4	5	6	15	17	18	19	20	21	31	37	38	54	207	221	222	223	237	238	239	252	253	254	266	#
59	1717.21	3	4	5	19	20	28	35	36	50	51	52	53	66	68	69	81	82	97	123	124	125	138	139	140	266	#
60	1585.27	1	2	3	4	5	6	17	18	19	20	21	33	35	36	38	39	51	52	53	54	55	143	159	254	266	#
61	1521.26	36	52	68	83	84	85	100	101	102	103	116	117	118	119	134	135	136	139	140	141	150	155	156	157	266	#
62	119.469	47	#
63	1545.52	138	154	170	186	187	200	201	202	216	217	218	219	220	233	234	235	236	249	250	251	252	267	#
64	1698.53	202	217	218	219	220	221	233	234	235	236	237	238	245	246	247	248	249	250	251	252	253	267	#
65	1683.76	186	197	202	213	217	218	228	229	231	232	233	234	235	245	247	248	249	250	251	252	253	267	#
66	1618.47	201	215	216	217	218	219	220	221	233	234	235	236	237	238	248	249	250	251	252	253	254	267	#
67	1579.56	190	202	206	217	218	219	220	221	232	233	234	235	236	237	238	248	249	250	251	252	253	267	#
68	1543.71	182	183	184	193	199	200	201	202	208	209	215	216	217	218	233	234	235	248	249	250	251	267	#
69	617.682	80	96	97	98	112	113	114	128	129	130	131	146	268	#
70	831.754	34	35	48	49	50	51	64	65	80	81	96	97	268	#
71	720.179	96	112	128	129	130	144	183	184	199	200	201	228	268	#
72	707.017	52	66	68	81	82	96	97	98	114	129	130	146	268	#
73	698.368	64	65	80	81	96	97	98	113	114	204	219	220	268	#
74	696.368	64	80	81	82	96	97	98	112	114	128	129	130	268	#
75	2105.51	1	2	3	4	16	17	18	19	32	33	34	35	49	65	139	141	155	156	157	158	159	171	173	174	175	187	188	189	190	191	205	207	223	229	269	#
76	2479.04	139	156	157	158	159	171	172	173	174	175	188	189	190	191	204	205	206	207	220	222	223	233	234	235	236	237	238	239	250	251	252	253	254	255	269	#
77	2435.75	86	101	102	139	155	156	157	158	159	160	173	174	175	187	188	189	190	191	202	203	204	205	206	207	220	221	222	223	235	236	238	239	253	254	269	#
78	2432.37	139	140	141	155	156	157	158	159	166	171	172	173	174	175	182	188	189	190	191	203	204	205	206	207	219	220	222	223	235	236	237	238	239	254	269	#
79	2384.67	5	21	38	39	41	54	55	106	138	139	154	155	156	158	159	170	171	172	175	186	191	205	206	207	217	218	223	233	234	235	250	251	252	253	269	#
80	2373.21	93	109	125	137	138	139	140	141	154	155	156	157	158	159	170	171	173	174	175	187	188	189	190	191	202	203	204	205	206	207	219	220	222	236	269	#
81	533.74	94	110	124	125	126	140	142	156	233	234	270	#
82	704.12	124	125	126	140	141	157	158	159	174	175	270	#
83	644.381	93	109	124	125	140	141	156	157	172	173	270	#
84	636.997	201	217	233	234	235	236	249	250	251	252	270	#
85	622.258	125	126	141	142	157	158	174	175	190	191	270	#
86	599.949	63	77	78	79	93	94	95	110	111	126	270	#
87	313.886	26	27	28	43	135	271	#
88	343.924	118	133	134	135	136	271	#
89	322.352	25	26	27	41	57	271	#
90	295.333	11	27	28	43	44	271	#
91	278.359	28	43	44	60	255	271	#
92	274.563	26	27	28	43	44	271	#
93	365.223	194	195	196	197	212	228	272	#
94	427.969	211	212	213	214	228	229	272	#
95	364.874	194	195	196	197	198	199	272	#
96	323.985	180	196	197	212	213	214	272	#
97	320.483	211	212	227	228	229	244	272	#
98	298.678	164	180	195	196	197	212	272	#
99	878.758	5	6	7	9	10	11	12	23	24	25	26	40	41	42	273	#
100	1114.48	5	6	7	20	21	22	23	24	37	38	39	40	54	159	273	#
101	1076.04	21	23	24	37	38	39	40	54	55	195	196	197	213	230	273	#
102	1071.86	4	5	6	13	20	21	29	37	45	53	61	76	77	114	273	#
103	939.472	4	7	9	10	20	21	23	24	25	36	38	39	40	54	273	#
104	847.703	9	23	24	25	26	38	39	40	42	54	55	71	107	108	273	#
105	230.758	30	46	47	61	62	274	#
106	322.063	60	61	76	77	78	274	#
107	314.355	13	14	30	31	47	274	#
108	259.285	60	61	62	77	78	274	#
109	227.051	46	47	60	61	62	274	#
110	199.808	30	45	46	47	227	274	#
111	1227.37	44	45	59	60	61	74	75	89	90	107	109	110	125	126	142	143	182	183	184	275	#
112	1332.16	51	58	74	75	81	89	90	91	97	98	101	107	108	113	114	117	118	119	130	275	#
113	1274.33	110	122	123	125	126	129	140	141	142	143	156	157	159	172	173	175	189	190	191	275	#
114	1260.63	57	58	73	74	88	89	104	105	106	120	121	136	137	138	139	154	155	156	157	275	#
115	1241.8	12	28	41	42	44	45	57	58	59	60	61	62	74	75	76	77	90	93	94	275	#
116	1216.25	11	77	93	94	109	110	124	125	126	139	140	141	142	143	156	157	158	171	172	275	#
117	462.363	31	45	46	47	62	67	68	276	#
118	523.9	29	45	61	62	77	78	94	276	#
119	518.422	62	77	78	93	94	95	110	276	#
120	488.455	36	52	68	69	70	71	86	276	#
121	421.606	29	30	31	45	46	47	195	276	#
122	417.135	15	30	31	46	47	62	78	276	#
123	479.953	44	59	60	75	76	91	92	93	277	#
124	654.836	74	75	76	89	90	91	92	93	277	#
125	629.106	76	92	93	171	172	188	189	205	277	#
126	581.664	75	89	90	107	122	123	138	153	277	#
127	523.963	60	61	76	78	92	93	94	110	277	#
128	443.883	11	12	27	28	42	43	44	63	277	#
129	1341	104	105	120	121	137	138	139	152	153	154	155	156	157	158	169	172	173	174	188	190	255	278	#
130	1544.59	13	14	15	29	31	45	88	90	104	106	107	108	120	121	136	137	138	152	153	168	169	278	#
131	1542.48	157	158	159	173	174	186	187	188	189	190	191	202	204	205	206	220	221	222	237	238	253	278	#
132	1518.21	39	40	55	56	71	72	73	88	104	105	106	107	108	120	121	136	137	138	153	173	174	278	#
133	1510.18	173	188	189	190	191	204	205	206	207	220	221	222	236	237	238	239	251	252	253	254	255	278	#
134	1460.16	120	136	137	140	151	152	155	156	167	168	171	172	173	174	185	186	187	188	189	190	205	278	#
135	858.863	118	134	135	150	151	152	153	168	185	237	238	254	279	#
136	903.542	77	78	122	135	137	138	151	152	153	168	169	170	279	#
137	902.733	0	1	16	17	32	33	66	67	118	119	134	135	279	#
138	895.151	135	137	149	150	151	152	153	162	163	178	179	195	279	#
139	892.729	121	137	138	150	151	152	153	168	169	185	186	187	279	#
140	879.386	137	138	139	152	153	154	167	168	169	185	186	187	279	#
141	116.655	132	#
142	751.805	10	11	12	13	25	26	27	28	29	44	45	60	61	280	#
143	977.954	10	11	12	26	27	28	29	44	45	59	60	75	76	280	#
144	965.813	10	11	24	25	26	27	41	165	180	181	182	197	198	280	#
145	964.794	8	10	11	12	24	25	26	27	28	39	40	41	44	280	#
146	957.107	10	12	13	24	25	26	27	28	29	41	44	45	57	280	#
147	922.497	8	10	11	12	24	25	26	27	28	38	39	40	44	280	#
148	1506.98	13	14	54	59	69	70	71	72	73	86	87	88	89	101	102	103	104	117	118	119	120	134	281	#
149	1788.89	39	51	52	54	55	66	67	68	69	70	71	72	85	86	88	101	102	103	119	137	138	168	281	#
150	1769.87	85	86	87	100	101	102	103	116	117	118	119	132	134	135	150	151	166	167	181	182	197	198	281	#
151	1748.77	38	39	55	57	71	72	73	75	85	86	87	88	89	90	101	102	103	107	117	118	119	225	281	#
152	1737.24	4	5	6	20	21	36	38	39	54	55	71	86	87	88	89	100	101	102	103	118	119	120	281	#
153	1696.95	71	73	74	75	85	86	87	88	89	91	102	103	104	107	108	116	117	118	119	120	134	135	281	#
154	509.817	215	216	217	232	247	248	249	282	#
155	509.027	214	215	216	217	218	231	232	282	#
156	468.586	6	7	22	58	201	217	218	282	#
157	467.984	199	200	215	216	231	232	248	282	#
158	467.339	45	214	215	231	232	247	248	282	#
159	462.125	101	117	118	235	249	250	251	282	#
160	717.867	47	99	125	126	132	133	149	150	151	152	165	166	167	179	180	196	283	#
161	1061.78	119	120	135	136	137	138	151	152	153	161	167	168	169	170	183	199	283	#
162	1042.69	84	98	100	102	114	115	116	117	118	119	131	132	133	134	147	148	283	#
163	1042.15	93	108	109	110	124	125	126	128	141	142	143	144	157	159	173	189	283	#
164	1018.98	63	79	102	118	134	135	150	151	152	166	167	168	183	185	232	233	283	#
165	922.173	38	39	54	55	71	163	165	179	180	181	195	196	197	212	213	214	283	#
166	1021.84	142	143	158	159	173	174	175	188	189	190	191	203	204	205	206	221	222	237	284	#
167	1193.17	75	136	137	138	154	155	156	170	172	173	186	187	188	189	202	203	204	205	284	#
168	1173.52	34	35	51	52	53	68	69	84	186	187	188	189	201	202	203	204	217	218	284	#
169	1168.67	155	187	189	202	203	204	205	206	220	221	222	234	235	236	237	251	252	253	284	#
170	1153.38	39	141	157	158	159	173	174	175	186	189	190	191	201	202	205	206	221	222	284	#
171	1146.83	39	40	173	174	188	189	190	191	203	204	205	206	221	222	236	237	252	253	284	#
172	184.046	26	27	42	43	58	59	60	285	#
173	240.155	42	43	44	57	58	59	75	285	#
174	63.2788	64	#
175	775.785	54	70	71	72	86	87	88	102	103	104	117	118	286	#
176	879.885	70	86	101	102	116	117	118	132	148	149	150	166	286	#
177	831.899	86	100	101	102	117	118	119	132	133	134	150	165	286	#
178	803.906	38	54	69	70	85	86	100	101	102	117	118	119	286	#
179	797.088	101	102	103	116	118	119	120	132	133	134	135	136	286	#
180	780.351	86	102	103	117	118	119	133	134	149	150	165	253	286	#
181	134.057	7	8	287	#
182	124.764	7	23	287	#
183	383.457	233	234	249	250	288	#
184	402.81	234	235	250	251	288	#
185	304.2	157	158	174	233	288	#
186	278.686	203	248	249	250	288	#
187	96.3711	72	73	289	#
188	112.22	57	73	289	#
189	592.922	193	209	210	211	212	225	226	227	241	290	#
190	790.452	177	192	193	194	208	209	210	225	226	290	#
191	768.9	177	178	179	192	193	194	208	209	225	290	#
192	765.627	177	192	193	194	208	209	210	211	212	290	#
193	686.834	177	192	193	208	209	210	211	227	240	290	#
194	651.558	177	192	193	208	209	225	226	240	241	290	#
195	208.376	156	157	158	159	291	#
196	296.482	141	142	157	158	291	#
197	183.017	156	157	172	173	291	#
198	741.643	72	73	87	88	89	104	119	120	136	191	292	#
199	787.567	86	102	117	118	119	120	133	136	137	149	292	#
200	756.716	55	71	72	73	86	87	88	102	117	118	292	#
201	650.472	41	57	58	59	72	73	74	75	89	90	292	#
202	641.349	158	159	175	191	207	213	222	223	227	228	292	#
203	606.917	104	117	118	119	120	121	133	134	135	136	292	#
204	251.102	74	89	90	293	#
205	265.473	74	89	105	293	#
206	237.522	36	52	67	68	83	294	#
207	288.857	37	52	53	68	69	294	#
208	267.719	4	20	21	36	37	294	#
209	202.597	83	84	99	114	115	294	#
210	187.738	50	51	66	67	68	294	#
211	183.579	67	68	83	84	99	294	#
212	278.173	121	122	138	154	170	241	295	#
213	399.565	154	169	170	171	186	214	295	#
214	351.342	90	107	122	123	139	156	295	#
215	343.122	138	153	154	169	170	171	295	#
216	237.736	224	225	226	240	241	242	295	#
217	1016.69	58	59	74	75	76	91	92	107	115	123	124	131	132	138	139	140	155	296	#
218	1149.45	124	138	139	140	141	142	143	154	156	157	158	159	172	173	174	175	191	296	#
219	1146.01	104	105	106	107	119	120	121	122	138	139	140	141	154	157	158	170	186	296	#
220	1008.99	98	115	129	131	132	145	146	147	148	149	162	164	165	178	179	180	196	296	#
221	994.913	34	59	60	75	76	77	82	91	92	93	98	107	108	109	183	184	212	296	#
222	992.325	110	111	124	125	126	127	139	140	141	142	143	154	155	156	157	158	172	296	#
223	440.215	115	168	185	186	201	297	#
224	451.599	168	184	185	186	201	297	#
225	388.517	162	164	179	180	186	297	#
226	302.847	185	201	202	215	216	297	#
227	280.956	167	168	169	170	184	297	#
228	66.2002	67	68	#
229	1207.16	149	150	162	165	166	179	180	195	196	197	210	211	213	214	225	226	227	228	229	230	231	243	244	245	246	247	298	#
230	1696.5	182	185	186	198	199	201	202	213	214	216	217	228	229	230	231	232	233	234	235	244	245	246	247	248	249	250	298	#
231	1662.72	18	19	34	35	199	201	202	213	214	215	216	217	228	229	230	231	232	233	234	244	245	246	247	248	249	250	298	#
232	1648.55	170	186	187	199	201	202	203	204	213	214	215	216	217	218	228	230	231	232	233	234	245	246	247	248	249	250	298	#
233	1621.67	120	136	137	138	208	209	210	213	214	216	225	226	228	229	230	231	232	233	243	244	245	246	247	248	249	250	298	#
234	1565.88	185	186	199	201	202	203	213	214	216	217	226	227	228	229	230	231	232	233	234	243	244	245	246	247	248	249	298	#
235	249.71	117	118	134	135	136	299	#
236	367.697	101	117	118	173	174	299	#
237	357.367	136	151	152	167	168	299	#
238	325.508	135	136	137	151	152	299	#
239	308.856	87	103	118	119	134	299	#
240	281.243	85	100	101	102	118	299	#
241	256.201	168	169	184	200	300	#
242	239.133	168	169	184	185	300	#
243	238.059	168	169	185	201	300	#
244	203.359	183	200	216	217	300	#
245	162.171	183	184	199	200	300	#
246	424.051	13	29	44	45	61	62	77	301	#
247	558.518	28	29	44	45	46	63	89	301	#
248	434.533	29	44	45	46	61	62	77	301	#
249	426.681	61	77	92	93	94	108	110	301	#
250	423.904	13	14	29	44	45	61	62	301	#
251	384.472	13	27	28	29	43	44	45	301	#
252	80.2955	24	40	302	#
253	75.1216	23	24	302	#
254	247.892	154	169	170	171	232	246	247	248	303	#
255	359.366	100	176	199	215	216	217	232	248	303	#
256	285.482	231	232	233	244	245	246	247	248	303	#
257	1455.05	13	14	15	28	29	30	31	41	42	43	44	45	46	47	60	61	62	63	76	77	78	79	92	94	95	304	#
258	1737.32	29	44	45	46	47	61	62	63	77	78	79	92	93	94	95	109	110	111	170	186	201	202	216	217	218	304	#
259	1696.5	4	5	6	20	21	30	31	37	38	39	46	47	62	63	76	77	78	79	94	95	108	109	110	111	147	304	#
260	1666.21	13	14	15	30	31	45	46	47	61	62	63	76	77	78	79	91	92	93	94	95	107	108	109	110	111	304	#
261	1635.91	62	76	77	78	79	81	82	83	88	89	90	94	95	97	98	99	100	124	159	174	175	190	191	247	248	304	#
262	1612.36	27	28	29	43	44	45	46	47	61	62	63	76	77	78	92	93	94	95	109	110	125	172	173	174	188	304	#
263	433.283	233	234	235	236	237	250	305	#
264	543.071	217	233	234	235	249	250	305	#
265	470.579	217	232	233	234	248	249	305	#
266	462.943	234	235	236	250	251	252	305	#
267	432.047	235	236	249	250	251	252	305	#
268	393.814	174	190	234	235	236	237	305	#
269	260.371	161	162	176	177	178	306	#
270	310.322	128	144	160	176	177	306	#
271	255.228	146	161	162	177	178	306	#
272	236.984	162	163	164	178	179	306	#
273	198.119	175	177	178	194	195	306	#
274	149.226	176	177	178	192	194	306	#
275	610.795	135	136	151	152	167	168	169	185	307	#
276	728.893	136	137	138	152	168	169	184	185	307	#
277	640.395	64	120	136	137	138	152	168	184	307	#
278	594.514	152	167	168	169	170	184	185	186	307	#
279	537.097	121	122	137	138	139	153	154	169	307	#
280	531.873	150	166	167	168	169	170	184	185	307	#
281	780.533	52	68	83	84	85	86	99	100	134	150	165	166	182	308	#
282	912.059	35	36	49	50	51	52	66	67	68	82	83	84	85	308	#
283	911.288	81	82	84	85	86	97	98	99	100	114	115	116	132	308	#
284	907.454	52	67	68	69	83	84	85	86	99	100	116	117	118	308	#
285	887.945	13	29	66	67	68	82	83	84	85	97	98	99	100	308	#
286	881.927	16	150	151	165	166	167	168	169	182	184	185	198	199	308	#
287	147.375	93	122	123	309	#
288	164.491	105	106	122	309	#
289	69.5986	188	#
290	107.322	206	207	310	#
291	64.7417	207	223	310	#
292	41.7176	62	166	311	#
293	20.3361	62	199	311	#
294	1430.43	112	128	129	130	144	145	146	147	160	161	162	163	176	177	178	179	180	192	193	194	196	208	209	210	312	#
295	1700.97	4	5	20	21	36	37	38	39	54	112	128	129	130	131	144	145	147	160	161	162	163	176	177	178	312	#
296	1548.53	48	64	65	80	81	96	97	98	112	128	129	130	144	145	146	160	161	162	163	176	179	180	181	182	312	#
297	1539.76	45	61	62	77	78	93	94	110	133	149	162	163	164	165	179	180	181	194	195	196	197	198	209	210	312	#
298	1462.04	84	100	101	116	117	128	129	144	145	160	161	162	163	164	176	177	178	179	193	194	195	196	209	210	312	#
299	1426	80	96	112	128	129	130	144	145	148	160	161	162	163	164	176	177	178	179	180	181	182	192	197	198	312	#
300	120.818	11	27	112	313	#
301	56.5737	11	27	43	313	#
302	910.13	183	184	185	199	200	201	202	214	215	216	218	230	231	232	233	247	248	249	250	314	#
303	1288.82	171	183	185	186	187	188	199	200	201	202	204	215	216	218	220	231	232	233	249	314	#
304	1249.34	135	136	151	152	167	168	169	176	183	185	186	199	200	201	202	216	217	232	233	314	#
305	1215.01	12	87	100	101	102	103	116	117	199	200	201	202	214	215	216	231	232	233	249	314	#
306	1187.76	168	183	184	185	186	199	200	201	202	212	213	214	215	216	218	229	231	232	233	314	#
307	1178.92	152	168	183	185	198	199	200	201	202	213	214	215	216	217	218	229	232	233	245	314	#
308	415.765	209	224	225	226	242	315	#
309	378.006	193	194	209	226	242	315	#
310	330.564	224	225	240	241	242	315	#
311	318.463	225	226	231	242	247	315	#
312	317.069	192	193	209	224	225	315	#
313	315.689	192	193	208	209	225	315	#
314	319.076	54	55	70	71	86	316	#
315	377.795	52	69	70	71	86	316	#
316	301.992	39	40	55	71	72	316	#
317	287.57	54	55	69	70	71	316	#
318	258.374	70	71	72	85	86	316	#
319	186.249	38	54	70	71	87	316	#
320	31.2997	60	#
321	472.811	100	101	116	117	128	129	130	145	317	#
322	578.606	84	100	101	102	116	117	118	132	317	#
323	451.232	100	101	102	116	117	118	119	134	317	#
324	444.032	128	129	144	145	160	161	177	193	317	#
325	403.647	100	101	102	103	116	117	118	134	317	#
326	395.315	128	129	130	144	145	160	161	176	317	#
327	376.259	129	130	131	233	249	318	#
328	461.546	123	233	234	249	250	318	#
329	413.288	233	234	235	249	250	318	#
330	287.662	130	131	132	146	147	318	#
331	192.702	130	131	146	147	148	318	#
332	183.338	129	130	131	145	147	318	#
333	386.039	52	53	69	70	86	319	#
334	379.269	21	37	52	53	69	319	#
335	333.712	53	54	69	70	71	319	#
336	329.485	37	52	53	68	69	319	#
337	237.606	36	52	53	68	124	319	#
338	206.722	71	85	86	87	88	319	#
339	303.947	160	161	176	177	178	192	194	320	#
340	447.81	194	195	196	197	210	211	212	320	#
341	435.374	161	176	177	192	208	224	225	320	#
342	419.047	161	176	177	192	208	224	240	320	#
343	366.361	5	163	164	177	178	179	195	320	#
344	319.255	16	160	161	176	177	178	192	320	#
345	903.871	100	101	116	117	118	131	132	133	134	147	148	149	150	151	165	166	167	181	321	#
346	1292.48	87	102	103	116	117	118	119	120	121	122	132	134	135	136	137	138	153	211	321	#
347	1289.95	22	38	54	70	83	84	85	86	87	99	100	101	102	103	117	118	119	133	321	#
348	1235	65	68	81	82	83	84	85	86	87	99	100	101	102	116	117	118	131	132	321	#
349	1212.32	85	86	87	100	101	102	103	116	117	118	119	120	131	132	133	134	135	147	321	#
350	1193.54	99	100	103	104	116	118	119	120	129	130	131	132	133	136	137	144	145	148	321	#
351	941.881	137	151	152	153	167	168	169	183	184	185	186	201	322	#
352	1011.27	38	54	77	93	152	153	154	169	185	201	202	217	322	#
353	1008.12	18	19	136	137	151	152	153	167	168	169	183	184	322	#
354	938.651	137	138	151	152	153	154	167	168	169	184	185	186	322	#
355	931.513	42	120	136	151	152	167	168	169	185	186	201	202	322	#
356	918.252	22	150	151	152	153	166	167	168	169	184	185	201	322	#
357	656.378	36	50	51	52	66	247	248	253	323	#
358	642.844	50	51	52	66	67	68	84	242	323	#
359	602.603	20	21	36	51	52	57	58	116	323	#
360	565.916	36	51	52	53	67	68	83	84	323	#
361	558.214	50	51	52	58	66	67	68	83	323	#
362	542.176	35	37	50	51	52	53	66	67	323	#
363	483.084	116	117	118	119	134	150	324	#
364	504.421	103	117	118	119	134	150	324	#
365	489.24	118	119	134	135	150	160	324	#
366	476.359	71	87	103	117	118	119	324	#
367	412.18	102	116	117	118	119	133	324	#
368	281.243	99	100	114	115	116	117	324	#
369	451.953	3	4	18	19	20	21	36	325	#
370	573.915	20	21	36	52	68	69	84	325	#
371	544.94	20	36	52	68	69	83	84	325	#
372	512.543	3	4	19	20	35	39	55	325	#
373	473.502	2	3	4	19	20	21	36	325	#
374	427.245	1	2	3	4	20	21	36	325	#
375	80.0587	57	73	326	#
376	86.9187	57	58	326	#
377	787.267	92	149	161	162	163	165	176	177	178	179	180	181	194	195	196	212	213	327	#
378	1149.42	46	62	76	77	78	91	92	93	94	108	109	110	125	126	127	143	159	327	#
379	1045.05	101	160	161	162	163	164	165	176	177	178	179	180	181	195	196	211	212	327	#
380	986.062	147	148	149	164	165	166	167	168	180	181	182	183	196	198	199	200	215	327	#
381	976.883	136	146	147	161	162	164	165	177	178	179	180	181	194	195	210	211	212	327	#
382	976.242	164	165	166	167	178	179	180	181	182	183	194	195	196	198	199	200	210	327	#
383	581.534	30	46	47	61	62	63	78	79	328	#
384	685.2	13	14	15	30	31	45	46	47	328	#
385	650.732	30	45	46	47	62	63	78	79	328	#
386	620.614	14	15	30	31	45	46	47	192	328	#
387	598.363	30	45	46	61	62	63	78	79	328	#
388	581.772	15	30	31	46	47	62	63	79	328	#
389	256.181	164	212	213	214	229	230	329	#
390	364.005	162	163	164	178	179	194	329	#
391	320.238	212	213	229	230	231	247	329	#
392	294.915	212	213	214	229	230	231	329	#
393	274.996	197	212	213	214	229	230	329	#
394	221.169	199	213	214	215	216	230	329	#
395	127.218	118	133	134	330	#
396	184.637	118	134	135	330	#
397	666.709	1	2	17	18	30	45	46	47	331	#
398	644.861	29	30	45	46	74	119	120	136	331	#
399	621.332	30	45	46	47	61	62	63	79	331	#
400	536.762	2	3	17	18	32	33	34	35	331	#
401	534.81	29	30	45	46	47	61	62	63	331	#
402	486.532	1	2	3	4	18	34	35	51	331	#
403	393.217	46	62	63	79	94	95	332	#
404	510.474	77	79	94	95	109	110	332	#
405	400.213	77	93	94	95	110	126	332	#
406	349.915	63	79	94	95	110	111	332	#
407	328.125	13	29	45	46	62	63	332	#
408	280.059	31	45	46	47	62	63	332	#
409	387.677	48	64	65	80	81	96	112	333	#
410	405.211	49	65	81	82	98	114	115	333	#
411	390.488	67	68	81	82	83	97	98	333	#
412	382.027	48	49	64	65	80	81	82	333	#
413	332.789	48	64	65	80	81	96	97	333	#
414	323.707	81	96	97	98	112	114	115	333	#
415	1233.83	105	106	121	137	138	151	152	153	154	167	168	169	183	185	186	200	202	334	#
416	1306.13	136	151	152	153	168	169	185	186	187	202	218	233	234	249	250	251	252	334	#
417	1205.06	38	39	54	55	70	91	105	106	108	121	123	137	138	139	153	154	169	334	#
418	1187.68	136	137	138	150	151	152	153	154	166	167	168	169	183	184	185	186	200	334	#
419	1185.56	89	90	91	105	106	107	121	123	137	138	139	153	169	234	248	249	250	334	#
420	1154.73	137	138	151	152	153	166	167	168	169	182	183	185	186	199	200	215	216	334	#
421	205.262	114	115	130	146	335	#
422	283.272	114	129	130	146	335	#
423	273.414	114	129	130	131	335	#
424	267.804	114	125	129	130	335	#
425	141.451	82	98	114	115	335	#
426	2689.24	172	173	175	186	187	188	189	190	191	192	193	200	201	202	203	204	205	206	207	219	220	221	222	223	234	235	236	237	238	239	249	250	251	252	253	254	255	336	#
427	2857.55	58	59	60	73	74	75	76	77	88	89	90	109	110	126	142	175	177	189	190	202	203	206	219	220	221	222	223	234	235	236	238	239	250	251	252	253	254	336	#
428	2845.17	45	61	76	77	78	92	93	94	109	173	188	189	190	191	203	204	205	206	207	219	220	221	222	223	233	234	235	236	237	238	239	250	251	252	253	254	255	336	#
429	2804.06	18	19	125	140	141	142	143	157	158	159	173	175	189	190	191	202	203	204	205	206	207	219	220	221	222	223	234	235	236	237	238	239	251	252	253	254	255	336	#
430	2777.85	124	126	127	140	141	142	143	157	158	172	173	175	189	190	191	202	203	204	205	206	207	218	219	220	221	222	223	235	236	238	239	250	251	252	253	254	255	336	#
431	2738.93	48	61	64	65	72	76	77	78	169	170	172	175	185	186	187	188	189	190	191	202	203	204	205	206	219	220	221	222	223	236	237	238	250	251	252	253	254	336	#
432	506.001	15	31	50	66	167	183	185	200	201	217	337	#
433	601.701	6	7	8	20	21	36	51	52	66	67	337	#
434	585.108	28	44	183	198	199	200	201	202	214	215	337	#
435	550.482	165	166	167	180	181	182	183	196	200	219	337	#
436	541.978	169	185	199	201	202	214	215	216	217	218	337	#
437	536.146	198	199	200	201	202	203	204	215	216	218	337	#
438	172.81	46	47	#
439	1384.87	25	90	128	129	130	140	144	145	146	155	156	160	162	163	171	172	173	188	338	#
440	1389.57	139	140	156	168	169	170	171	172	185	186	187	188	189	202	203	204	205	221	338	#
441	1376.76	93	122	123	124	125	137	138	139	140	156	157	171	172	173	186	187	188	189	338	#
442	1370	121	124	138	139	140	155	156	157	171	172	173	174	175	187	188	189	190	205	338	#
443	1277.5	112	113	114	128	129	130	131	132	144	145	146	147	160	162	163	176	177	178	338	#
444	1245.44	104	114	128	129	130	131	144	145	146	147	160	162	176	177	178	194	195	217	338	#
445	1833.28	7	8	23	24	39	40	54	55	70	71	72	84	85	86	87	88	100	101	102	104	105	116	117	118	126	132	142	172	339	#
446	2198.4	7	8	23	24	39	40	55	56	71	87	173	189	191	205	206	207	221	222	234	235	236	237	238	239	251	253	254	255	339	#
447	1968.1	76	77	78	92	93	94	108	109	124	125	126	127	139	140	142	143	156	157	158	172	173	174	175	189	205	220	221	222	339	#
448	1888.79	12	28	29	39	40	44	45	54	55	56	60	61	69	70	71	76	86	87	101	102	118	132	133	191	205	206	207	221	339	#
449	1855.12	33	45	46	47	49	50	60	61	66	70	71	77	78	81	82	83	84	85	86	87	100	101	102	116	117	118	132	134	339	#
450	1841.1	83	84	85	86	101	124	125	139	140	141	142	155	156	157	158	172	173	174	175	187	188	189	190	191	205	206	207	222	339	#
451	160.56	23	40	155	340	#
452	238.471	154	155	156	340	#
453	147.994	7	23	24	340	#
454	120.342	23	40	56	340	#
455	81.2405	167	#
456	182.358	184	200	341	#
457	198.763	168	184	341	#
458	49.9089	123	#
459	581.604	194	195	208	209	210	224	225	227	241	242	342	#
460	698.727	6	22	38	39	40	54	56	208	224	225	342	#
461	629.857	175	189	190	208	209	224	225	226	241	242	342	#
462	629.547	115	177	178	179	194	208	209	210	224	227	342	#
463	546.716	194	195	209	210	225	226	227	228	241	242	342	#
464	529.563	33	49	147	148	162	163	164	178	179	195	342	#
465	895.368	206	219	220	221	233	234	235	236	250	251	252	343	#
466	946.17	139	155	219	220	221	235	236	251	252	253	254	343	#
467	837.058	205	206	207	219	220	221	236	238	253	254	255	343	#
468	835.628	128	189	206	219	220	221	235	236	237	238	252	343	#
469	828.1	108	109	205	206	220	221	235	236	238	250	251	343	#
470	818.819	72	88	104	219	233	234	235	236	249	250	251	343	#
471	1353.82	5	62	76	77	78	79	92	93	94	95	116	117	130	131	132	146	147	148	344	#
472	1330.71	116	128	130	132	145	146	147	148	158	159	162	174	175	189	190	205	206	221	344	#
473	1260.93	46	47	62	63	77	78	79	94	95	183	187	198	199	200	201	202	203	216	344	#
474	1251.39	9	51	83	84	85	100	115	116	117	131	132	135	136	148	149	151	152	153	344	#
475	1229.84	3	4	5	6	18	20	21	22	37	38	39	53	54	55	69	70	71	87	344	#
476	1199.71	31	46	47	60	61	62	63	76	77	78	79	92	94	97	108	109	196	242	344	#
477	230.721	226	241	242	243	244	245	345	#
478	301.558	226	228	242	243	244	245	345	#
479	260.237	226	227	240	241	242	243	345	#
480	250.515	226	228	243	244	245	246	345	#
481	247.663	226	229	242	243	244	245	345	#
482	229.236	57	211	227	242	243	244	345	#
483	30.9261	169	#
484	1620.74	33	36	37	48	49	50	52	53	66	67	68	69	81	82	83	84	97	98	99	100	101	102	103	114	115	116	117	118	130	346	#
485	1913.66	70	71	72	86	87	101	102	103	117	118	198	199	214	215	216	217	218	231	232	233	237	238	248	249	250	251	252	253	254	346	#
486	1815.27	52	53	54	66	67	68	69	70	71	83	84	99	169	182	183	185	197	198	199	200	201	213	214	215	217	230	231	246	247	346	#
487	1789.69	3	18	33	34	35	36	37	38	50	51	52	53	54	55	68	69	70	71	72	82	83	84	87	99	100	101	114	115	117	346	#
488	1757.43	0	16	17	18	50	52	53	66	68	69	70	71	82	83	84	99	100	101	102	103	112	114	115	116	117	118	128	132	231	346	#
489	1747.35	0	3	5	17	18	19	21	33	34	35	36	37	38	50	51	52	53	54	56	66	67	68	69	70	71	72	82	83	84	346	#
490	210.966	39	40	56	347	#
491	187.015	39	40	55	347	#
492	1232.63	0	3	4	16	17	18	32	33	34	103	118	119	133	134	148	149	150	151	165	166	181	182	197	348	#
493	1574.06	0	3	4	5	16	17	18	32	33	34	186	200	201	202	217	219	233	234	235	236	249	250	251	348	#
494	1517.5	0	3	4	5	6	7	16	17	18	20	21	22	23	32	33	34	36	37	38	39	40	53	54	348	#
495	1497.67	71	84	85	86	87	88	89	90	100	101	103	104	105	116	117	120	121	137	201	217	233	248	249	348	#
496	1471.79	33	77	78	93	109	118	124	125	132	134	147	148	149	150	165	166	167	180	181	182	196	197	198	348	#
497	1471.5	0	1	2	3	16	17	18	23	32	33	34	35	51	67	138	139	140	155	156	171	172	173	189	348	#
498	748.887	48	64	65	80	81	82	96	112	128	349	#
499	724.332	48	64	65	80	81	209	210	215	225	349	#
500	659.393	48	64	65	80	81	82	96	97	112	349	#
501	626.87	48	64	65	68	80	81	82	83	96	349	#
502	615.279	48	64	65	80	81	82	99	115	131	349	#
503	609.229	48	64	80	96	112	128	129	144	145	349	#
