%% File generated by CATS v.2.1Thu May  9 12:38:59 2024

%% The CATS webpage is http://robotics.stanford.edu/CATS

%% PARAMETER SETTINGS:
% Goods: 32; Bids: 100; Distribution: arbitrary; Runs: 1; Seed: 79
% Arbitrary Distribution Parameters:
% Max Substitutable Bids = 5
% Removing HV Neighbor   = 0.1
% Adding DIAG Neighbor   = 0.2
% Additional Location    = 0.9
% Additivity             = 0.2
% Budget Factor          = 1.5
% Resale Factor          = 0.5
% Normal Private Value:
%   Mean                 = 0
%   Standard Deviation   = 30



goods 32
bids 100
dummy 18

0	861.155	6	12	14	15	17	21	22	24	25	32	#
1	676.074	7	10	15	16	17	22	23	24	31	32	#
2	622.827	2	3	9	10	14	17	24	25	27	32	#
3	617.901	3	8	13	14	15	22	25	27	31	32	#
4	539.188	1	3	7	9	14	15	20	21	31	32	#
5	536.494	5	6	9	16	17	18	22	24	27	32	#
6	128.458	6	27	33	#
7	60.3919	16	27	33	#
8	1899.64	0	1	2	3	5	6	8	10	11	12	13	14	15	16	17	18	19	20	21	22	23	24	25	26	27	28	29	30	31	34	#
9	1902.26	0	1	2	3	4	6	7	8	10	11	12	13	14	16	17	18	19	20	21	22	23	24	25	26	27	28	29	30	31	34	#
10	1892.28	0	1	2	3	4	6	8	10	11	12	13	14	15	16	17	18	19	20	21	22	23	24	25	26	27	28	29	30	31	34	#
11	1877.19	0	1	2	3	4	5	6	10	11	12	13	14	15	16	17	18	19	20	21	22	23	24	25	26	27	28	29	30	31	34	#
12	1872	0	1	3	4	5	6	8	10	11	12	13	14	15	16	17	18	19	20	21	22	23	24	25	26	27	28	29	30	31	34	#
13	1867.83	0	1	2	3	4	5	6	7	8	10	11	12	14	15	16	17	18	20	21	22	23	24	25	26	27	28	29	30	31	34	#
14	1307.12	0	1	2	3	4	5	6	7	8	9	10	11	12	13	14	15	16	17	18	19	20	21	22	23	24	25	26	27	28	29	30	31	#
15	696.896	0	2	4	6	10	12	14	15	20	23	25	27	28	30	31	35	#
16	889.31	4	6	9	12	13	14	16	17	18	19	21	25	26	30	31	35	#
17	886.787	2	4	6	9	10	13	14	17	19	20	21	25	26	29	30	35	#
18	794.727	0	1	6	9	10	11	12	15	17	19	21	23	28	30	31	35	#
19	781.464	0	1	3	4	10	11	13	14	16	17	19	21	24	28	30	35	#
20	768.551	3	4	5	7	9	10	12	17	19	20	23	24	25	26	29	35	#
21	53.4495	13	#
22	53.4527	26	#
23	734.734	1	5	7	13	17	20	24	27	28	30	31	36	#
24	889.426	8	13	17	18	19	22	24	26	27	28	31	36	#
25	870.004	3	7	13	18	19	20	26	28	29	30	31	36	#
26	815.319	6	13	15	16	17	18	19	21	26	27	28	36	#
27	774.976	0	1	3	5	7	8	13	14	19	24	28	36	#
28	758.025	0	2	7	11	13	16	17	19	28	29	31	36	#
29	22.31	2	#
30	517.04	6	12	17	25	37	#
31	403.719	6	11	21	26	37	#
32	304.519	6	7	12	15	37	#
33	301.148	21	25	26	30	37	#
34	256.111	8	10	17	27	37	#
35	43.8453	9	11	30	#
36	1487.96	0	1	2	3	4	5	6	7	8	9	10	12	13	14	15	16	17	18	19	20	21	22	23	24	25	26	27	28	29	30	31	38	#
37	1470.53	0	1	2	3	4	6	7	8	9	10	11	12	13	14	15	16	17	18	19	20	21	22	23	24	25	26	27	28	29	30	31	38	#
38	1467.51	0	1	2	3	5	6	7	8	9	10	11	12	13	14	15	16	17	18	19	20	21	22	23	24	25	26	27	28	29	30	31	38	#
39	1460.57	0	1	2	3	4	5	6	7	8	9	10	11	12	13	14	15	16	17	18	19	20	21	22	23	24	25	26	27	29	30	31	38	#
40	1450.7	0	1	2	3	4	5	6	7	9	10	11	12	13	14	15	16	17	18	19	20	21	22	23	24	25	26	27	28	29	30	31	38	#
41	1437.38	0	1	2	3	4	5	6	7	8	9	10	11	12	13	14	16	17	18	19	20	21	22	23	24	25	26	27	28	29	30	31	38	#
42	195.529	3	22	30	39	#
43	235.387	1	3	11	39	#
44	235.08	22	27	29	39	#
45	121.295	7	8	30	39	#
46	206.963	5	13	15	22	24	29	40	#
47	298.28	1	4	6	13	26	28	40	#
48	286.089	10	11	13	19	29	31	40	#
49	189.571	0	2	4	5	11	30	40	#
50	180.877	2	7	15	22	25	26	40	#
51	1344.52	0	2	3	4	5	7	8	9	10	11	12	13	14	15	18	19	20	21	22	24	25	28	30	31	41	#
52	1572.31	0	2	3	6	8	9	10	11	12	13	14	16	18	19	20	21	22	23	24	25	26	27	28	31	41	#
53	1503.89	0	1	2	3	5	7	9	11	12	13	14	16	17	18	19	20	21	22	24	26	27	28	30	31	41	#
54	1491.36	0	2	3	5	6	7	8	10	11	12	13	14	16	17	19	20	21	23	24	25	26	28	30	31	41	#
55	1486.21	0	1	5	6	7	8	9	11	12	13	14	16	17	18	19	20	21	24	25	26	27	28	30	31	41	#
56	1485.51	0	1	2	3	5	6	9	10	11	12	14	17	18	20	21	22	24	25	26	27	28	29	30	31	41	#
57	521.16	0	1	8	10	18	20	22	27	29	30	31	42	#
58	694.509	0	6	7	9	12	19	20	22	26	30	31	42	#
59	671.58	0	1	3	7	8	17	21	22	24	26	27	42	#
60	591.051	0	2	5	12	20	23	25	26	27	28	29	42	#
61	535.492	0	2	3	7	9	11	12	20	22	27	29	42	#
62	496.693	1	2	6	7	10	11	15	21	23	26	31	42	#
63	717.405	4	8	11	12	15	16	19	22	23	25	27	28	29	43	#
64	958.714	1	2	5	14	15	16	17	19	21	22	23	24	25	43	#
65	841.998	2	3	4	5	6	7	12	13	16	21	25	28	29	43	#
66	829.407	0	1	3	5	6	8	12	15	17	19	24	26	29	43	#
67	817.392	0	1	2	5	7	8	12	13	14	16	22	27	29	43	#
68	808.503	1	2	4	5	12	21	22	23	24	25	28	29	31	43	#
69	984.373	0	1	6	8	10	11	12	20	22	23	25	27	29	30	31	44	#
70	1026.11	0	3	4	6	8	10	11	12	14	18	22	24	27	29	30	44	#
71	1002.45	2	4	6	7	11	12	14	16	18	20	21	22	23	24	25	44	#
72	976.677	0	3	5	6	10	12	13	14	15	20	21	25	27	29	30	44	#
73	915.357	0	4	11	12	14	15	19	21	23	24	25	27	29	30	31	44	#
74	902.126	0	2	3	6	7	8	14	15	19	23	24	25	26	28	29	44	#
75	395.593	2	3	7	8	16	19	30	45	#
76	544.294	5	6	7	14	16	20	21	45	#
77	521.266	8	10	13	16	21	24	25	45	#
78	457.282	1	7	16	17	19	25	31	45	#
79	455.056	3	8	14	17	19	28	30	45	#
80	374.451	3	7	8	10	15	16	19	45	#
81	315.622	12	14	18	27	46	#
82	303.807	0	5	12	18	46	#
83	221.732	7	16	18	22	46	#
84	218.914	7	14	16	22	46	#
85	190.338	6	18	47	#
86	130.055	6	13	47	#
87	113.456	8	18	47	#
88	815.245	1	2	3	4	5	6	7	9	14	15	17	20	22	26	27	48	#
89	1026.63	2	3	5	6	7	9	10	14	17	21	23	24	25	26	30	48	#
90	1004.61	0	3	4	6	7	11	13	14	16	17	18	19	20	21	24	48	#
91	992.515	6	7	8	9	12	14	15	16	18	20	22	23	24	25	29	48	#
92	978.405	3	6	9	11	12	14	15	16	17	18	20	22	23	28	29	48	#
93	913.125	1	5	7	9	10	12	13	14	16	17	21	24	27	29	30	48	#
94	425.812	7	15	17	21	31	49	#
95	447.696	7	9	12	18	21	49	#
96	288.444	1	7	8	17	31	49	#
97	287.621	14	15	16	17	22	49	#
98	246.633	4	15	17	24	26	49	#
99	219.502	4	9	10	26	31	49	#
