%% File generated by CATS v.2.1Thu May  9 12:38:59 2024

%% The CATS webpage is http://robotics.stanford.edu/CATS

%% PARAMETER SETTINGS:
% Goods: 32; Bids: 100; Distribution: arbitrary; Runs: 1; Seed: 97
% Arbitrary Distribution Parameters:
% Max Substitutable Bids = 5
% Removing HV Neighbor   = 0.1
% Adding DIAG Neighbor   = 0.2
% Additional Location    = 0.9
% Additivity             = 0.2
% Budget Factor          = 1.5
% Resale Factor          = 0.5
% Uniform Private Value:
%   Deviation            = 0.5
%   Max Good Value       = 100



goods 32
bids 103
dummy 17

0	1028.41	0	1	4	5	9	13	14	15	17	18	19	25	26	30	31	32	#
1	1171.83	1	2	3	5	6	9	12	13	15	19	20	21	23	25	29	32	#
2	1114.32	1	2	4	5	7	8	12	15	16	17	19	23	25	29	30	32	#
3	1106.86	0	2	4	5	7	9	13	15	16	17	19	21	29	30	31	32	#
4	1081.87	0	1	2	4	5	14	15	16	17	19	20	21	25	26	29	32	#
5	1063.54	1	3	5	13	14	15	16	17	18	20	23	25	28	29	30	32	#
6	1527.99	0	1	2	3	4	5	6	7	8	9	11	15	16	17	18	20	21	22	23	25	26	27	28	29	30	31	33	#
7	1518.12	0	1	2	3	4	5	7	8	9	11	12	15	16	17	20	21	22	23	24	25	26	27	28	29	30	31	33	#
8	1514.99	0	1	2	3	4	5	6	7	8	9	10	15	16	17	20	21	22	23	24	25	26	27	28	29	30	31	33	#
9	1508.11	0	1	2	3	4	5	6	7	8	9	15	16	17	18	20	21	22	23	24	25	26	27	28	29	30	31	33	#
10	1482.62	0	1	2	3	4	5	6	7	8	9	11	15	16	17	18	19	20	21	22	23	25	26	27	28	29	30	33	#
11	1480.65	0	2	3	4	5	6	7	8	9	11	15	16	17	18	19	20	21	22	23	25	26	27	28	29	30	31	33	#
12	274.661	2	9	13	19	34	#
13	398.108	8	12	13	29	34	#
14	279.596	2	9	10	12	34	#
15	181.287	2	5	8	23	34	#
16	1392.76	0	1	4	6	7	9	11	12	14	17	20	22	23	26	28	29	30	31	35	#
17	1486.63	1	4	6	7	9	12	14	15	17	18	19	20	22	23	24	25	28	31	35	#
18	1432.57	3	4	6	7	9	18	19	20	21	22	23	24	26	27	28	29	30	31	35	#
19	1420.7	1	2	3	4	5	6	7	9	11	14	15	17	22	23	24	28	30	31	35	#
20	1405.17	0	1	3	4	6	7	9	14	17	19	20	22	23	24	25	26	28	31	35	#
21	1389.54	0	1	4	6	7	9	14	15	17	18	19	21	22	23	24	25	28	29	35	#
22	1324.88	0	1	2	3	4	5	7	9	13	14	15	17	20	21	22	23	24	25	27	29	30	36	#
23	1467.37	0	2	3	4	5	7	8	9	13	15	17	18	19	20	21	22	23	24	28	30	31	36	#
24	1404.27	0	2	3	4	5	7	8	9	10	13	15	17	18	19	20	21	22	23	24	30	31	36	#
25	1400.33	2	3	4	5	7	8	9	13	15	16	19	20	21	23	24	25	26	28	29	30	31	36	#
26	1399.1	0	1	2	3	4	5	7	8	9	13	14	15	20	21	22	23	24	27	28	30	31	36	#
27	1388.7	1	2	3	4	5	7	8	9	10	15	16	17	19	20	21	22	23	24	27	30	31	36	#
28	451.651	1	22	23	25	28	30	37	#
29	520.898	1	2	4	17	28	30	37	#
30	505.404	0	2	9	15	25	31	37	#
31	459.926	2	6	12	13	23	30	37	#
32	450.316	9	10	23	24	25	31	37	#
33	444.112	0	6	11	22	28	30	37	#
34	602.494	2	4	6	11	12	16	17	21	23	38	#
35	735.73	3	6	7	11	19	22	25	29	31	38	#
36	662.18	2	3	11	16	19	22	23	26	29	38	#
37	609.435	2	6	7	8	9	16	20	25	29	38	#
38	604.89	3	5	6	10	11	14	21	22	29	38	#
39	604.848	1	3	6	8	10	13	15	22	24	38	#
40	295.925	17	24	25	29	39	#
41	419.59	11	17	21	29	39	#
42	333.795	4	17	19	25	39	#
43	309.996	0	7	17	29	39	#
44	306.664	8	15	17	24	39	#
45	84.4499	17	#
46	521.37	2	3	5	8	11	13	23	25	29	40	#
47	764.628	1	4	5	6	11	12	22	28	30	40	#
48	705.197	3	4	5	11	15	18	24	27	30	40	#
49	677.401	5	7	8	12	15	23	28	29	31	40	#
50	620.244	4	6	8	9	14	22	25	27	29	40	#
51	604.042	5	11	16	18	20	23	27	28	31	40	#
52	1950.42	19	0	13	17	16	29	6	18	26	20	27	7	28	8	10	31	25	30	14	1	5	2	24	15	9	22	11	23	3	4	21	12	#
53	21.3532	14	#
54	199.615	7	18	31	41	#
55	222.651	5	7	21	41	#
56	185.805	5	12	18	41	#
57	180.035	3	24	31	41	#
58	133.678	9	#
59	69.2139	31	#
60	1613.92	0	2	3	6	8	9	10	11	12	13	14	15	16	17	19	20	21	22	23	25	27	28	29	30	31	42	#
61	1659.68	0	1	2	3	4	5	7	8	9	10	11	12	13	15	16	17	20	22	23	26	27	28	29	30	31	42	#
62	1643.24	0	1	2	3	5	7	8	9	10	11	12	13	15	16	17	19	20	22	23	24	26	28	29	30	31	42	#
63	1631.63	0	1	2	3	5	7	9	10	11	12	13	14	15	16	17	19	20	22	23	24	27	28	29	30	31	42	#
64	1623.52	0	1	2	3	5	7	8	9	10	11	12	14	15	16	17	19	20	22	23	25	27	28	29	30	31	42	#
65	1616.5	0	1	2	3	5	6	7	9	10	11	12	13	15	16	17	18	19	20	22	23	25	27	28	29	30	42	#
66	464.928	1	6	14	17	20	27	28	43	#
67	535.324	1	4	5	9	14	19	23	43	#
68	498.982	1	9	14	19	24	25	29	43	#
69	495.861	4	8	17	22	26	29	30	43	#
70	492.272	9	18	19	23	25	28	29	43	#
71	456.64	7	9	10	14	26	27	28	43	#
72	853.805	2	5	6	10	11	12	17	18	19	20	22	25	26	27	29	44	#
73	1210.34	0	5	6	9	11	12	13	15	16	19	20	21	22	28	31	44	#
74	1092.12	3	5	6	8	11	12	13	15	20	21	22	26	28	29	30	44	#
75	1015.95	0	5	6	7	11	13	16	19	20	22	25	26	27	28	31	44	#
76	1000.96	0	6	7	9	11	14	15	16	17	18	22	25	26	27	28	44	#
77	993.201	0	2	5	6	7	10	11	12	15	16	17	18	20	26	31	44	#
78	87.3931	20	#
79	440.766	12	21	23	28	45	#
80	389.665	1	6	21	30	45	#
81	368.486	10	21	24	28	45	#
82	268.612	16	18	20	23	45	#
83	37.4709	10	#
84	386.288	0	1	6	9	20	25	26	27	46	#
85	559.621	9	15	21	22	26	27	29	31	46	#
86	516.025	2	7	8	9	14	25	26	29	46	#
87	485.653	1	4	6	8	10	11	15	24	46	#
88	477.541	7	9	12	21	24	25	26	27	46	#
89	344.522	0	2	4	5	9	10	16	23	46	#
90	281.021	17	21	25	27	31	47	#
91	410.146	6	13	15	22	27	47	#
92	321.019	11	13	14	15	31	47	#
93	311.837	6	8	17	22	25	47	#
94	291.234	17	20	21	25	27	47	#
95	198.265	0	13	17	19	25	47	#
96	106.635	12	#
97	1382.96	1	2	4	6	9	10	11	12	13	14	15	21	22	24	26	27	28	30	31	48	#
98	1543.9	1	2	4	6	7	9	10	11	15	16	18	20	21	22	24	26	28	29	31	48	#
99	1517.12	1	4	7	8	9	10	11	12	13	14	15	16	20	26	27	28	29	30	31	48	#
100	1470.29	1	2	4	5	6	8	9	10	11	12	13	16	20	24	26	28	29	30	31	48	#
101	1439.73	1	2	4	7	8	9	10	11	12	13	18	19	20	23	26	28	29	30	31	48	#
102	1433.91	4	5	6	7	8	11	12	13	15	16	19	20	22	24	26	28	29	30	31	48	#
