%% File generated by CATS v.2.1Thu May  9 12:38:59 2024

%% The CATS webpage is http://robotics.stanford.edu/CATS

%% PARAMETER SETTINGS:
% Goods: 32; Bids: 100; Distribution: arbitrary; Runs: 1; Seed: 74
% Arbitrary Distribution Parameters:
% Max Substitutable Bids = 5
% Removing HV Neighbor   = 0.1
% Adding DIAG Neighbor   = 0.2
% Additional Location    = 0.9
% Additivity             = 0.2
% Budget Factor          = 1.5
% Resale Factor          = 0.5
% Normal Private Value:
%   Mean                 = 0
%   Standard Deviation   = 30



goods 32
bids 103
dummy 20

0	693.179	1	3	5	8	14	15	20	25	26	31	32	#
1	838.522	0	1	3	9	11	12	13	18	23	26	32	#
2	810.832	0	1	3	5	10	13	14	20	26	30	32	#
3	808.999	1	5	8	11	16	18	20	21	30	31	32	#
4	775.213	10	12	14	18	19	23	25	26	27	30	32	#
5	774.858	0	1	3	5	6	8	10	11	13	30	32	#
6	210.59	14	29	33	#
7	168.704	13	14	33	#
8	147.141	18	29	33	#
9	511.357	10	15	17	18	22	28	29	30	34	#
10	656.491	2	3	5	15	18	24	27	29	34	#
11	599.645	0	2	6	9	14	22	28	30	34	#
12	593.573	3	11	13	17	18	20	26	28	34	#
13	548.333	0	7	9	10	15	18	21	28	34	#
14	515.747	3	9	10	16	18	21	28	30	34	#
15	165.351	4	10	24	30	35	#
16	238.605	0	4	20	30	35	#
17	208.032	0	4	20	28	35	#
18	199.268	8	10	11	24	35	#
19	185.652	0	8	10	14	35	#
20	523.442	1	2	3	9	15	16	18	36	#
21	546.736	1	2	9	13	26	30	31	36	#
22	544.009	0	1	2	6	9	15	16	36	#
23	482.039	2	10	13	15	18	23	27	36	#
24	410.334	0	3	8	9	11	21	30	36	#
25	407.656	10	12	13	16	20	22	29	36	#
26	1299.13	0	1	2	3	4	6	9	12	14	16	20	22	24	25	26	27	28	29	30	37	#
27	1347.23	0	1	3	4	5	7	9	11	12	14	16	17	18	22	23	24	26	29	30	37	#
28	1320.56	0	4	7	8	9	10	11	13	16	17	18	20	22	24	26	27	28	29	30	37	#
29	1297.79	1	2	3	4	5	7	11	12	16	18	20	22	23	24	25	26	27	29	31	37	#
30	1236.6	0	1	3	5	6	7	8	10	11	13	16	20	22	23	27	28	29	30	31	37	#
31	1231.55	0	1	2	4	10	13	14	15	18	20	21	23	24	26	27	28	29	30	31	37	#
32	206.789	1	17	38	#
33	133.351	1	12	38	#
34	105.884	14	17	38	#
35	196.334	8	21	39	#
36	140.418	16	21	39	#
37	110.746	8	25	39	#
38	964.313	2	3	4	6	9	14	21	23	24	25	26	27	29	30	31	40	#
39	1181.48	2	5	6	8	11	14	18	22	24	25	26	27	29	30	31	40	#
40	1171.65	1	2	4	6	8	11	14	15	18	19	24	26	27	29	30	40	#
41	1057.68	2	5	6	8	10	11	12	15	16	17	18	23	26	30	31	40	#
42	1048.99	4	5	6	7	9	10	11	12	15	17	22	23	24	27	30	40	#
43	1045.96	2	4	5	6	8	9	14	15	18	19	23	24	26	27	29	40	#
44	742.714	1	3	7	8	9	10	12	14	23	26	28	29	41	#
45	1018.23	1	7	9	11	14	16	17	18	22	24	26	30	41	#
46	977.293	3	5	7	8	9	10	17	19	22	24	26	29	41	#
47	932.063	4	6	8	13	14	17	22	24	25	26	27	28	41	#
48	888.888	0	3	4	6	7	8	9	17	22	25	27	30	41	#
49	887.598	0	1	4	6	8	9	13	14	17	20	28	29	41	#
50	212.634	2	5	6	10	42	#
51	292.648	0	4	6	10	42	#
52	283.026	2	4	8	24	42	#
53	265.965	2	10	14	24	42	#
54	245.232	5	14	23	26	42	#
55	387.088	6	14	17	23	43	#
56	354.167	1	3	17	23	43	#
57	332.594	1	5	6	14	43	#
58	323.483	11	13	14	18	43	#
59	273.299	0	13	17	18	43	#
60	226.379	13	19	25	28	44	#
61	273.543	5	10	24	28	44	#
62	195.776	1	12	25	28	44	#
63	146.095	10	13	15	19	44	#
64	59.4113	14	#
65	2078.17	0	1	2	3	4	5	6	7	8	9	10	11	12	13	14	15	16	17	18	19	20	21	22	23	24	25	26	27	28	29	30	31	#
66	177.497	21	27	29	30	45	#
67	219.645	7	18	21	27	45	#
68	215.271	2	14	19	30	45	#
69	200.995	2	4	21	31	45	#
70	164.166	1	21	29	31	45	#
71	55.2682	5	#
72	181.608	14	17	46	#
73	170.206	1	17	46	#
74	108.431	14	31	46	#
75	979.112	0	3	4	6	8	12	15	17	19	20	23	24	25	27	28	47	#
76	1121.77	0	6	7	8	11	12	13	15	17	19	21	22	27	28	31	47	#
77	1055.09	0	2	6	8	11	12	15	19	20	22	23	25	26	27	29	47	#
78	1048.6	2	6	10	11	13	15	16	19	21	22	24	27	29	30	31	47	#
79	1040.72	3	4	5	7	8	11	13	15	16	17	18	24	25	27	28	47	#
80	1036.48	0	2	3	5	6	7	9	11	13	15	17	19	20	27	30	47	#
81	321.911	0	3	10	14	20	48	#
82	473.417	4	6	20	26	28	48	#
83	429.048	0	5	20	26	30	48	#
84	420.798	6	10	20	25	30	48	#
85	351.485	1	5	14	25	29	48	#
86	299.447	1	3	5	19	27	48	#
87	110.076	11	#
88	1059.31	0	1	3	6	7	8	10	12	13	15	17	20	22	23	25	26	28	31	49	#
89	1124.57	0	1	4	5	7	8	11	13	15	16	18	19	24	26	27	28	29	31	49	#
90	1114.34	5	6	7	8	9	13	14	16	18	19	20	22	24	27	28	29	30	31	49	#
91	1112.37	0	1	3	5	8	13	14	15	17	18	21	22	23	25	26	27	28	31	49	#
92	1110.83	0	1	4	6	7	8	10	11	12	13	15	17	19	25	26	27	28	31	49	#
93	1099	0	1	3	4	6	8	9	10	13	15	16	17	18	23	27	28	30	31	49	#
94	138.938	10	19	50	#
95	142.51	19	26	50	#
96	96.2363	4	10	50	#
97	1052.41	1	3	4	10	12	13	14	15	16	17	21	22	24	27	29	31	51	#
98	1289.04	0	1	2	4	6	8	9	10	14	16	22	23	24	26	29	31	51	#
99	1257.16	2	8	10	13	14	15	16	18	19	20	21	22	23	26	29	31	51	#
100	1247.62	0	1	2	4	6	8	9	14	15	16	21	22	24	26	29	31	51	#
101	1232.67	3	4	6	7	8	10	14	17	19	22	25	26	27	29	30	31	51	#
102	1223.42	2	6	8	9	10	13	14	15	16	17	18	22	23	26	28	31	51	#
