%% File generated by CATS v.2.1Thu May  9 12:38:59 2024

%% The CATS webpage is http://robotics.stanford.edu/CATS

%% PARAMETER SETTINGS:
% Goods: 32; Bids: 100; Distribution: arbitrary; Runs: 1; Seed: 5
% Arbitrary Distribution Parameters:
% Max Substitutable Bids = 5
% Removing HV Neighbor   = 0.1
% Adding DIAG Neighbor   = 0.2
% Additional Location    = 0.9
% Additivity             = 0.2
% Budget Factor          = 1.5
% Resale Factor          = 0.5
% Uniform Private Value:
%   Deviation            = 0.5
%   Max Good Value       = 100



goods 32
bids 102
dummy 20

0	83.2095	24	27	32	#
1	105.537	10	24	32	#
2	95.2211	6	27	32	#
3	960.446	0	1	2	6	13	16	18	21	25	26	27	28	29	30	33	#
4	1034.06	0	2	4	6	11	16	18	20	21	26	27	29	30	31	33	#
5	1009.75	0	2	6	11	12	15	16	18	20	21	25	26	30	31	33	#
6	1001.99	0	1	6	8	11	12	14	15	16	18	20	27	29	30	33	#
7	968.98	0	1	2	11	12	13	14	16	18	20	21	25	26	30	33	#
8	963.232	0	1	2	6	8	10	13	16	19	20	21	23	27	30	33	#
9	633.184	0	2	7	12	21	22	25	26	28	31	34	#
10	727.822	0	3	12	19	20	21	24	27	28	31	34	#
11	700.462	0	4	6	12	17	21	26	27	28	31	34	#
12	684.62	0	4	6	9	12	17	19	22	24	27	34	#
13	663.207	0	2	8	10	17	19	20	21	22	28	34	#
14	657.198	0	2	9	21	22	25	26	28	30	31	34	#
15	519.072	3	10	11	16	17	20	35	#
16	466.494	5	11	15	16	20	30	35	#
17	437.223	3	6	15	29	30	31	35	#
18	390.427	1	5	8	20	21	28	35	#
19	387.065	2	10	20	22	24	30	35	#
20	354.585	2	6	11	15	17	21	35	#
21	729.191	0	1	3	6	20	21	27	29	31	36	#
22	702.875	6	8	11	16	21	26	27	29	31	36	#
23	668.619	0	2	6	8	12	21	22	25	29	36	#
24	655.622	3	5	16	19	20	22	26	27	31	36	#
25	647.758	0	3	5	8	19	23	25	26	31	36	#
26	637.663	1	3	6	8	19	21	23	26	27	36	#
27	835.624	2	6	8	11	12	13	15	17	18	19	21	25	26	27	37	#
28	838.121	0	1	4	6	7	8	11	12	13	18	20	21	29	31	37	#
29	831.694	1	6	8	11	12	17	19	21	25	26	27	29	30	31	37	#
30	790.535	2	4	5	6	8	12	13	16	17	19	21	25	26	30	37	#
31	789.128	0	1	4	6	7	11	13	15	18	21	22	27	30	31	37	#
32	778.055	1	2	4	6	10	12	13	14	21	22	25	26	29	31	37	#
33	386.732	0	3	6	7	13	15	26	38	#
34	533.061	2	3	6	15	17	18	31	38	#
35	526.505	2	3	4	10	15	23	27	38	#
36	512.875	1	2	7	17	21	27	29	38	#
37	487.398	2	5	20	25	26	27	31	38	#
38	454.292	4	5	13	17	19	26	28	38	#
39	1345.35	0	1	3	6	7	8	9	11	12	13	15	17	18	19	20	21	22	26	27	30	31	39	#
40	1544.81	0	1	2	6	7	8	9	12	13	15	16	17	18	20	21	22	24	28	29	30	31	39	#
41	1525.58	0	1	2	3	7	8	9	11	12	13	15	16	17	18	19	21	22	28	29	30	31	39	#
42	1464.09	0	1	4	7	8	9	11	12	13	15	16	18	19	21	22	23	24	28	29	30	31	39	#
43	1456.86	0	2	7	9	12	13	15	16	17	18	19	20	21	22	23	24	26	28	29	30	31	39	#
44	1449.05	0	1	2	7	8	9	12	13	15	17	18	20	21	22	24	26	27	28	29	30	31	39	#
45	140.673	19	#
46	114.391	12	26	40	#
47	165.244	19	26	40	#
48	127.598	12	22	40	#
49	145.163	12	25	30	41	#
50	199.519	15	25	26	41	#
51	177.515	12	21	24	41	#
52	139.33	1	22	30	41	#
53	291.465	7	17	19	20	30	42	#
54	419.482	9	11	15	19	27	42	#
55	394.653	8	19	20	27	31	42	#
56	295.995	0	11	12	17	21	42	#
57	275.945	0	2	7	17	28	42	#
58	251.285	0	15	24	28	30	42	#
59	333.845	7	12	13	19	24	29	43	#
60	424.884	1	15	17	19	29	30	43	#
61	347.55	6	7	15	19	29	30	43	#
62	306.907	5	8	17	19	28	31	43	#
63	296.165	0	13	14	20	24	26	43	#
64	245.155	8	12	13	14	26	29	43	#
65	65.5946	7	13	#
66	1490.56	3	4	5	7	8	9	10	11	13	14	15	16	17	18	19	20	22	23	25	26	27	30	44	#
67	1762.71	2	4	5	7	8	9	10	11	15	16	18	19	20	21	22	23	25	26	27	29	30	31	44	#
68	1703.94	2	4	5	7	8	9	10	11	13	16	18	19	20	21	22	23	25	26	27	28	29	30	44	#
69	1703.84	0	2	3	4	5	7	8	9	10	11	13	15	16	18	19	20	21	22	26	27	29	30	44	#
70	1691.79	2	4	5	6	7	8	9	10	11	16	18	19	20	21	22	23	25	26	27	28	29	30	44	#
71	1690.27	0	2	3	4	5	8	9	10	11	13	16	17	18	19	20	21	22	23	25	27	29	30	44	#
72	116.246	5	23	45	#
73	130.181	18	23	45	#
74	515.331	3	7	9	12	23	25	27	30	46	#
75	577.199	2	7	15	22	25	29	30	31	46	#
76	573.72	2	6	7	11	15	24	30	31	46	#
77	571.101	3	6	15	17	23	27	29	30	46	#
78	524.245	0	2	6	9	12	23	27	31	46	#
79	513.515	2	6	11	17	22	23	27	31	46	#
80	220.977	2	5	17	21	23	27	30	47	#
81	324.133	2	7	8	21	23	26	28	47	#
82	270.643	3	11	17	18	23	27	30	47	#
83	173.669	6	12	26	48	#
84	250.248	4	7	26	48	#
85	246.461	9	12	21	48	#
86	147.354	6	14	28	48	#
87	280.16	7	10	17	18	49	#
88	316.811	7	10	15	25	49	#
89	294.678	18	20	24	31	49	#
90	240.764	2	3	10	23	49	#
91	221.951	17	19	20	23	49	#
92	148.609	10	23	50	#
93	175.044	10	17	50	#
94	114.408	5	23	50	#
95	123.379	6	23	28	#
96	668.364	2	8	11	12	13	15	16	18	24	25	29	51	#
97	870.412	4	8	9	11	15	21	22	23	29	30	31	51	#
98	825.937	1	4	7	9	11	15	16	22	24	26	29	51	#
99	800.68	1	7	8	9	12	13	15	16	26	29	31	51	#
100	783.995	0	1	9	11	17	22	23	24	25	27	31	51	#
101	774.555	2	3	4	8	9	13	15	22	25	30	31	51	#
