%% File generated by CATS v.2.1Thu May  9 12:49:02 2024

%% The CATS webpage is http://robotics.stanford.edu/CATS

%% PARAMETER SETTINGS:
% Goods: 32; Bids: 100; Distribution: paths; Runs: 1; Seed: 2
% Paths Distribution Parameters:
% Initial connections:       = 2
% Edge density:              = 3.000000
% Shipping cost factor:      = 1.500000
% Max bid set size:          = 5
% Building penalty:          = 1.700000



goods 32
bids 101
dummy 34

0	0.826808	3	28	32	#
1	0.826808	6	14	15	25	32	#
2	0.279615	19	33	#
3	0.279615	4	14	33	#
4	0.330143	20	#
5	0.536729	17	#
6	0.626783	3	12	#
7	0.292769	8	34	#
8	0.292769	4	7	34	#
9	0.939996	10	16	35	#
10	0.939996	9	13	16	35	#
11	0.535719	7	19	36	#
12	0.535719	8	14	36	#
13	0.535719	4	7	14	36	#
14	0.861873	6	15	31	37	#
15	0.861873	1	6	14	15	37	#
16	0.861873	27	28	37	#
17	0.861873	4	5	15	31	37	#
18	0.861873	1	5	15	19	37	#
19	0.663753	6	14	25	38	#
20	0.663753	5	19	25	38	#
21	0.663753	4	6	19	25	38	#
22	0.663753	4	5	14	25	38	#
23	0.663753	3	6	20	38	#
24	0.639174	17	39	#
25	0.639174	5	24	39	#
26	0.639174	4	6	24	39	#
27	0.639174	5	13	15	39	#
28	0.639174	4	6	13	15	39	#
29	1.06938	9	23	40	#
30	1.06938	10	18	40	#
31	1.06938	9	12	28	40	#
32	1.06938	10	11	16	40	#
33	1.06938	9	13	18	40	#
34	0.361567	6	15	#
35	0.709539	6	9	14	15	#
36	0.627597	8	20	41	#
37	0.627597	7	26	41	#
38	0.627597	4	7	20	41	#
39	0.627597	2	7	19	41	#
40	0.627597	2	8	14	41	#
41	0.345678	11	#
42	0.769761	12	20	42	#
43	0.769761	14	30	42	#
44	0.769761	2	12	14	42	#
45	0.716972	10	29	46	#
46	0.416039	26	43	#
47	0.416039	4	20	43	#
48	0.416039	2	19	43	#
49	0.66417	6	9	14	15	#
50	0.918623	12	27	44	#
51	0.918623	1	30	44	#
52	0.918623	1	2	12	44	#
53	0.918623	0	3	12	44	#
54	0.760411	30	45	#
55	0.760411	2	12	45	#
56	0.716972	21	46	#
57	0.140898	6	#
58	0.921341	10	16	47	#
59	0.921341	9	13	16	47	#
60	0.685127	30	48	#
61	0.685127	2	12	48	#
62	0.848133	12	27	49	#
63	0.848133	1	30	49	#
64	0.848133	1	2	12	49	#
65	0.848133	0	3	12	49	#
66	0.619258	7	19	50	#
67	0.619258	8	14	50	#
68	0.619258	4	7	14	50	#
69	0.619258	4	8	19	50	#
70	0.619258	6	14	22	50	#
71	0.418588	26	51	#
72	0.418588	20	4	51	#
73	0.418588	2	19	51	#
74	0.941695	9	15	6	31	52	#
75	0.941695	9	15	6	14	1	52	#
76	0.595375	31	4	53	#
77	0.595375	1	19	53	#
78	0.595375	1	14	4	53	#
79	0.709625	3	12	#
80	0.552422	6	15	9	#
81	0.25332	19	54	#
82	0.25332	14	4	54	#
83	0.880678	3	28	55	#
84	0.880678	25	14	6	15	55	#
85	0.880678	25	19	5	15	55	#
86	0.880678	25	19	4	6	15	55	#
87	0.880678	25	14	4	5	15	55	#
88	0.222256	9	#
89	0.674959	8	31	56	#
90	0.674959	7	4	31	56	#
91	0.414301	20	57	#
92	0.414301	2	14	57	#
93	0.438483	15	9	#
94	1.03462	3	12	11	#
95	0.756694	13	28	#
96	0.755641	21	58	#
97	0.755641	29	10	58	#
98	0.755641	7	17	58	#
99	0.755641	29	9	13	58	#
100	0.755641	22	24	58	#
