%% File generated by CATS v.2.1Thu May  9 12:49:02 2024

%% The CATS webpage is http://robotics.stanford.edu/CATS

%% PARAMETER SETTINGS:
% Goods: 32; Bids: 100; Distribution: paths; Runs: 1; Seed: 53
% Paths Distribution Parameters:
% Initial connections:       = 2
% Edge density:              = 3.000000
% Shipping cost factor:      = 1.500000
% Max bid set size:          = 5
% Building penalty:          = 1.700000



goods 32
bids 102
dummy 27

0	1.18531	4	28	32	#
1	1.18531	4	12	18	32	#
2	1.18531	4	10	11	12	32	#
3	0.788772	6	12	33	#
4	0.788772	4	5	12	33	#
5	1.16067	17	34	#
6	1.16067	12	16	34	#
7	1.16067	0	12	22	34	#
8	1.16067	1	2	31	34	#
9	1.16067	0	4	12	15	34	#
10	1.11305	24	35	#
11	1.11305	5	29	35	#
12	1.11305	2	5	20	35	#
13	1.11305	2	19	25	35	#
14	1.11305	2	5	15	25	35	#
15	1.1266	21	36	#
16	1.1266	13	24	36	#
17	1.1266	5	30	36	#
18	1.1266	5	14	20	36	#
19	1.1266	14	19	25	36	#
20	1.14268	7	8	25	37	#
21	1.14268	2	9	25	37	#
22	1.14268	2	3	8	25	37	#
23	1.14268	0	8	26	37	#
24	1.14268	0	1	7	8	37	#
25	1.33201	6	28	38	#
26	1.33201	4	5	28	38	#
27	1.33201	6	12	18	38	#
28	1.33201	4	5	12	18	38	#
29	1.33201	11	23	38	#
30	0.879357	4	20	#
31	0.92972	3	27	#
32	0.1077	4	#
33	0.112335	2	#
34	1.04509	24	39	#
35	1.04509	5	29	39	#
36	1.04509	5	20	2	39	#
37	1.04509	19	25	2	39	#
38	0.462041	1	#
39	0.910004	14	25	40	#
40	0.910004	13	2	25	40	#
41	0.910004	14	1	0	40	#
42	0.910004	13	2	1	0	40	#
43	0.749383	20	#
44	1.01701	12	6	41	#
45	1.01701	12	4	5	41	#
46	1.01701	10	23	41	#
47	0.124247	4	#
48	1.11305	24	42	#
49	1.11305	5	29	42	#
50	1.11305	5	20	2	42	#
51	1.11305	19	25	2	42	#
52	1.11305	5	15	25	2	42	#
53	0.361062	13	3	#
54	1.1266	21	43	#
55	1.1266	13	24	43	#
56	1.1266	30	5	43	#
57	1.1266	14	20	5	43	#
58	1.1266	14	25	19	43	#
59	1.07536	7	20	44	#
60	1.07536	3	29	44	#
61	1.07536	3	2	20	44	#
62	1.07536	7	25	15	44	#
63	0.592012	8	7	45	#
64	0.592012	9	2	45	#
65	0.592012	8	3	2	45	#
66	0.78686	19	0	#
67	1.06726	29	46	#
68	1.06726	2	20	46	#
69	1.06726	2	25	15	46	#
70	1.06726	2	25	22	4	46	#
71	1.06726	24	5	46	#
72	0.552425	12	#
73	0.810543	4	20	#
74	0.669389	22	47	#
75	0.669389	15	4	47	#
76	0.970216	13	31	#
77	0.0989417	4	#
78	0.972466	28	48	#
79	0.972466	12	18	48	#
80	0.274821	0	#
81	0.175858	10	#
82	0.759245	12	6	49	#
83	0.759245	12	4	5	49	#
84	1.19895	26	8	50	#
85	1.19895	1	7	8	50	#
86	1.19895	1	2	9	50	#
87	1.19895	1	2	3	8	50	#
88	1.19895	0	25	7	8	50	#
89	0.133864	10	#
90	1.2114	28	51	#
91	1.2114	18	12	51	#
92	1.2114	11	10	12	51	#
93	0.557434	15	52	#
94	0.557434	22	4	52	#
95	0.631827	8	7	53	#
96	0.631827	9	2	53	#
97	0.631827	8	3	2	53	#
98	0.777826	27	#
99	0.948706	6	12	54	#
100	0.948706	5	4	12	54	#
101	0.948706	23	10	54	#
