%% File generated by CATS v.2.1Thu May  9 12:49:02 2024

%% The CATS webpage is http://robotics.stanford.edu/CATS

%% PARAMETER SETTINGS:
% Goods: 32; Bids: 100; Distribution: paths; Runs: 1; Seed: 34
% Paths Distribution Parameters:
% Initial connections:       = 2
% Edge density:              = 3.000000
% Shipping cost factor:      = 1.500000
% Max bid set size:          = 5
% Building penalty:          = 1.700000



goods 32
bids 103
dummy 32

0	1.10511	3	21	32	#
1	1.10511	1	4	19	32	#
2	1.10511	5	7	31	32	#
3	1.10511	6	7	28	32	#
4	1.10511	3	16	19	32	#
5	0.428148	17	33	#
6	0.428148	1	25	33	#
7	0.428148	1	6	11	33	#
8	0.428148	1	5	10	33	#
9	0.428148	1	5	9	11	33	#
10	0.0238081	9	#
11	0.834202	21	34	#
12	0.834202	16	19	34	#
13	0.834202	1	15	19	34	#
14	0.834202	7	27	34	#
15	0.834202	6	7	29	34	#
16	0.967184	22	35	#
17	0.967184	10	18	35	#
18	0.967184	9	11	18	35	#
19	0.967184	13	26	35	#
20	0.967184	11	13	24	35	#
21	0.0193722	9	#
22	0.263229	20	#
23	0.428148	17	36	#
24	0.428148	1	25	36	#
25	0.428148	1	6	11	36	#
26	0.428148	1	5	10	36	#
27	0.428148	1	5	9	11	36	#
28	0.429066	2	16	37	#
29	0.429066	8	15	37	#
30	0.429066	1	2	15	37	#
31	0.315504	5	38	#
32	0.315504	6	9	38	#
33	0.222232	0	#
34	0.191726	1	11	#
35	0.784419	2	23	39	#
36	0.784419	20	24	39	#
37	0.784419	8	26	39	#
38	0.784419	1	2	26	39	#
39	0.784419	8	11	24	39	#
40	0.219416	1	10	40	#
41	0.219416	1	9	11	40	#
42	0.445513	2	16	41	#
43	0.445513	8	15	41	#
44	0.445513	1	2	15	41	#
45	0.965841	5	14	42	#
46	0.965841	6	9	14	42	#
47	0.965841	10	14	25	42	#
48	0.965841	6	10	11	14	42	#
49	0.965841	9	11	14	25	42	#
50	0.801569	0	13	#
51	0.76825	5	31	43	#
52	0.76825	6	28	43	#
53	0.76825	5	9	28	43	#
54	0.76825	6	9	31	43	#
55	0.965841	5	14	44	#
56	0.965841	6	9	14	44	#
57	0.965841	10	14	25	44	#
58	0.965841	6	10	11	14	44	#
59	0.965841	9	11	14	25	44	#
60	0.967882	30	45	#
61	0.967882	14	17	45	#
62	0.967882	1	14	25	45	#
63	0.967882	1	6	11	14	45	#
64	0.967882	1	5	10	14	45	#
65	0.909836	12	13	#
66	0.228985	1	11	46	#
67	0.228985	1	10	9	46	#
68	0.428148	17	47	#
69	0.428148	1	25	47	#
70	0.428148	1	11	6	47	#
71	0.428148	1	10	5	47	#
72	0.428148	1	11	9	5	47	#
73	0.631311	5	7	#
74	0.579234	23	#
75	0.889064	14	25	48	#
76	0.889064	14	6	11	48	#
77	0.889064	14	5	10	48	#
78	0.889064	14	5	9	11	48	#
79	0.201217	0	#
80	0.200518	0	#
81	0.98143	6	14	49	#
82	0.98143	9	5	14	49	#
83	0.98143	11	25	14	49	#
84	0.98143	11	10	5	14	49	#
85	0.98143	9	10	25	14	49	#
86	0.0262464	9	#
87	0.533311	3	#
88	0.495465	12	#
89	0.376837	16	2	50	#
90	0.376837	15	8	50	#
91	0.376837	15	1	2	50	#
92	0.749633	2	23	51	#
93	0.749633	20	24	51	#
94	0.387362	2	16	52	#
95	0.387362	8	15	52	#
96	0.387362	2	1	15	52	#
97	0.232925	9	29	#
98	1.06389	22	1	53	#
99	1.06389	18	10	1	53	#
100	1.06389	18	9	11	1	53	#
101	1.06389	13	23	53	#
102	1.06389	13	26	1	53	#
