%% File generated by CATS v.2.1Thu May  9 12:50:16 2024

%% The CATS webpage is http://robotics.stanford.edu/CATS

%% PARAMETER SETTINGS:
% Goods: 32; Bids: 100; Distribution: regions; Runs: 1; Seed: 55
% Regions Distribution Parameters:
% Max Substitutable Bids = 5
% Removing HV Neighbor   = 0.1
% Adding DIAG Neighbor   = 0.2
% Additional Location    = 0.9
% Jump Probability       = 0.05
% Additivity             = 0.2
% Budget Factor          = 1.5
% Resale Factor          = 0.5
% Normal Private Value:
%   Mean                 = 0
%   Standard Deviation   = 30



goods 32
bids 100
dummy 18

0	26.4773	27	#
1	128.766	23	24	32	#
2	154.387	19	23	32	#
3	121.062	19	24	32	#
4	241.429	3	4	7	8	9	12	13	33	#
5	359.212	6	7	11	12	13	16	17	33	#
6	333.923	3	4	7	8	9	12	17	33	#
7	252.272	1	2	6	7	8	12	13	33	#
8	224.936	3	4	8	9	12	13	18	33	#
9	424.035	0	1	3	5	6	7	8	10	34	#
10	518.866	0	1	5	6	7	10	20	21	34	#
11	447.504	2	3	6	7	8	9	12	13	34	#
12	442.879	2	4	6	7	8	9	12	17	34	#
13	426.673	0	1	2	3	6	7	8	9	34	#
14	406.516	0	1	2	5	6	7	8	10	34	#
15	37.6079	21	#
16	135.482	2	7	#
17	1244.84	0	1	2	3	4	5	6	7	8	9	10	11	12	13	14	16	17	18	19	20	21	22	23	24	35	#
18	1356.23	0	1	2	3	4	5	6	7	8	10	11	12	13	15	16	17	18	19	20	21	22	23	24	30	35	#
19	1328.49	0	1	2	3	4	5	6	7	8	9	10	11	12	14	15	16	17	18	19	20	21	22	23	24	35	#
20	1311.4	0	1	2	3	4	5	6	7	8	9	10	11	13	14	15	16	17	18	19	20	21	22	23	24	35	#
21	1310.25	0	1	2	3	4	5	6	7	8	9	10	11	12	13	15	16	17	18	19	20	21	22	23	24	35	#
22	1300.65	1	2	3	4	5	6	7	8	9	10	11	12	13	14	15	16	17	18	19	20	21	22	23	24	35	#
23	1215.73	0	1	2	4	6	7	8	9	10	11	12	13	14	15	16	17	18	19	20	21	22	23	24	36	#
24	1254.64	0	1	2	4	5	6	7	8	9	10	11	12	13	14	17	18	19	20	21	22	23	24	29	36	#
25	1225.15	0	1	2	4	5	6	7	8	9	10	11	12	13	15	16	17	18	19	20	21	22	23	24	36	#
26	1224.55	0	1	2	3	4	5	6	7	8	9	10	11	12	13	14	17	18	19	20	21	22	23	24	36	#
27	1217.65	0	1	2	5	6	7	8	9	10	11	12	13	14	15	16	17	18	19	20	21	22	23	24	36	#
28	1191.38	0	1	2	3	5	6	7	8	9	10	11	12	13	14	15	16	17	18	19	20	21	22	23	36	#
29	96.9767	11	12	37	#
30	23.6371	12	13	37	#
31	170.016	12	13	18	20	38	#
32	169.653	7	12	13	18	38	#
33	130.55	16	20	21	22	38	#
34	79.4968	28	#
35	73.4835	0	1	2	#
36	375.43	10	11	15	16	17	20	21	22	39	#
37	429.218	12	14	16	17	18	19	21	22	39	#
38	416.311	12	15	16	17	18	20	21	22	39	#
39	382.053	5	10	11	16	17	20	21	22	39	#
40	378.8	1	2	6	7	11	12	16	21	39	#
41	353.164	6	7	8	11	12	15	16	22	39	#
42	93.5081	7	8	#
43	315.671	3	8	11	12	13	17	18	41	#
44	444.47	7	10	11	13	17	18	23	41	#
45	365.842	1	5	6	10	11	12	17	41	#
46	321.724	3	7	8	12	13	17	18	41	#
47	287.621	3	8	11	12	13	18	19	41	#
48	247.277	3	4	7	8	9	14	29	41	#
49	22.5358	29	#
50	1023.39	0	1	2	5	6	7	8	9	10	11	12	13	14	15	16	17	18	19	21	22	27	42	#
51	1138.77	0	1	2	4	5	6	7	8	9	11	12	13	15	16	17	18	19	20	21	22	23	42	#
52	1134.21	0	2	5	7	9	10	11	12	13	14	15	16	17	18	19	20	21	22	23	24	31	42	#
53	1130.93	5	6	7	8	9	10	11	12	13	14	15	16	17	18	19	20	21	22	23	24	27	42	#
54	1124.99	0	1	2	4	5	6	7	8	9	10	11	12	13	16	17	18	19	20	21	22	23	42	#
55	1112.05	1	4	5	6	7	8	9	10	11	12	13	14	16	17	18	19	20	21	22	23	24	42	#
56	140.293	19	23	43	#
57	122.398	14	19	43	#
58	68.3243	23	24	43	#
59	165.246	0	1	2	5	25	44	#
60	217.508	5	6	7	25	28	44	#
61	200.582	0	1	5	10	11	44	#
62	189.293	1	2	6	7	8	44	#
63	173.407	0	1	5	6	10	44	#
64	147.505	0	1	2	5	6	44	#
65	578.065	0	1	2	5	6	7	10	11	12	13	15	16	17	21	22	29	45	#
66	773.591	0	3	6	7	8	11	12	15	16	17	18	19	21	22	23	24	45	#
67	727.47	3	6	7	8	11	12	13	15	16	17	18	19	21	22	23	24	45	#
68	705.478	2	6	7	10	11	12	13	15	16	17	18	19	21	22	23	29	45	#
69	673.314	0	3	4	5	6	7	9	10	11	12	13	14	16	17	18	21	45	#
70	671.548	5	6	10	11	12	13	15	16	17	18	19	20	21	22	24	29	45	#
71	1007.1	0	1	2	3	5	6	7	8	9	10	11	12	13	15	16	17	18	19	20	21	22	23	46	#
72	1108.67	0	1	5	6	7	8	10	11	12	13	15	16	17	18	19	20	21	22	23	24	26	30	46	#
73	1078.15	0	1	2	3	5	6	7	8	9	10	11	12	13	16	17	18	20	21	22	23	24	27	46	#
74	1044.87	0	1	2	5	6	7	8	9	10	11	12	13	15	16	17	18	19	20	21	22	23	24	46	#
75	1039.78	0	1	2	3	4	5	6	7	8	9	10	11	12	13	16	17	18	20	21	22	23	24	46	#
76	1032.89	0	1	2	3	5	6	7	8	10	11	12	13	15	16	17	18	19	20	21	22	23	24	46	#
77	61.8758	31	#
78	1013	5	6	10	11	12	13	15	16	17	18	19	20	21	22	23	47	#
79	990.75	0	1	5	6	10	11	12	15	16	17	18	20	21	22	23	47	#
80	964.904	2	5	6	7	11	12	13	15	16	18	19	20	21	22	26	47	#
81	940.751	1	5	6	10	11	12	13	15	16	17	18	19	20	21	22	47	#
82	935.827	5	10	11	12	13	14	15	16	17	18	19	20	21	22	23	47	#
83	866.795	4	8	9	11	12	13	15	16	17	18	19	20	21	22	23	47	#
84	10.5445	1	#
85	148.097	26	#
86	838.065	0	1	2	3	4	5	6	7	8	9	10	11	12	13	14	15	16	17	18	19	20	21	22	25	48	#
87	914.898	0	1	3	4	5	6	7	8	9	10	11	12	13	14	16	17	18	19	20	21	22	23	24	25	48	#
88	914.313	0	1	2	3	4	5	6	7	8	9	10	11	12	13	16	17	18	20	21	22	25	29	30	31	48	#
89	893.427	0	1	3	4	5	6	7	8	9	10	11	12	13	14	16	17	18	19	20	21	22	23	24	26	48	#
90	827.222	0	1	2	3	4	5	6	7	8	9	10	11	12	13	14	15	16	17	18	20	21	22	23	27	48	#
91	826.354	0	1	2	3	5	6	7	8	9	10	11	12	13	15	16	17	18	19	20	21	22	24	25	31	48	#
92	99.4046	10	#
93	476.558	3	4	7	8	9	14	17	18	19	23	24	49	#
94	559.115	2	3	4	7	8	9	11	12	14	17	22	49	#
95	557.392	1	2	7	8	9	10	11	12	14	16	17	49	#
96	538.256	4	8	9	11	14	17	18	19	22	23	24	49	#
97	518.572	0	1	2	4	7	8	9	12	14	19	24	49	#
98	512.506	4	8	9	14	16	17	18	19	22	23	24	49	#
99	78.7245	14	#
