%% File generated by CATS v.2.1Thu May  9 12:50:15 2024

%% The CATS webpage is http://robotics.stanford.edu/CATS

%% PARAMETER SETTINGS:
% Goods: 32; Bids: 100; Distribution: regions; Runs: 1; Seed: 24
% Regions Distribution Parameters:
% Max Substitutable Bids = 5
% Removing HV Neighbor   = 0.1
% Adding DIAG Neighbor   = 0.2
% Additional Location    = 0.9
% Jump Probability       = 0.05
% Additivity             = 0.2
% Budget Factor          = 1.5
% Resale Factor          = 0.5
% Uniform Private Value:
%   Deviation            = 0.5
%   Max Good Value       = 100



goods 32
bids 102
dummy 17

0	1162.17	0	1	2	3	4	5	6	7	8	9	10	11	12	13	14	15	16	17	18	19	20	21	22	23	24	27	32	#
1	1208.5	0	1	2	3	4	5	6	7	8	9	10	11	12	13	14	15	16	17	18	19	20	21	22	24	27	30	32	#
2	1155.83	0	1	2	3	4	5	6	7	8	9	10	11	12	13	14	15	16	17	18	19	20	21	22	23	24	26	32	#
3	1154.79	0	1	2	3	4	5	6	7	8	9	10	11	12	13	14	15	16	17	18	19	20	21	22	23	24	30	32	#
4	1143.07	0	1	2	3	4	5	6	7	8	9	10	11	12	13	14	15	16	17	18	19	20	21	22	23	24	29	32	#
5	1127.35	0	1	2	3	4	5	6	7	8	9	10	11	12	13	14	15	16	17	18	19	20	21	22	23	24	25	32	#
6	84.5739	30	#
7	878.235	2	4	7	8	9	13	14	15	16	17	18	19	21	22	23	25	33	#
8	1108.46	0	1	2	5	6	7	8	13	14	16	17	18	22	23	24	27	33	#
9	1047.18	0	1	2	5	6	7	8	11	12	13	14	16	17	18	23	26	33	#
10	960.672	0	1	2	3	4	7	8	12	13	14	15	16	17	18	22	23	33	#
11	954.138	0	2	3	4	5	6	7	8	9	13	14	17	18	19	23	24	33	#
12	917.698	0	1	2	5	6	7	8	9	11	12	13	14	15	16	17	18	33	#
13	875.41	1	2	3	4	8	9	12	13	14	15	16	17	18	22	23	30	34	#
14	995.757	0	1	2	3	4	5	6	8	9	13	14	17	18	19	22	23	34	#
15	989.345	0	1	2	5	6	11	12	13	16	17	18	19	21	22	23	24	34	#
16	980.491	0	1	2	3	4	5	6	7	9	11	12	17	18	22	23	30	34	#
17	976.703	2	3	4	9	12	13	14	15	16	17	18	20	21	22	23	24	34	#
18	941.637	0	1	2	3	4	6	8	9	13	14	17	18	19	22	23	24	34	#
19	562.056	6	8	10	11	12	13	15	16	17	18	20	21	22	23	24	35	#
20	786.953	0	1	2	5	6	10	11	12	15	16	17	18	20	21	23	35	#
21	774.272	2	3	4	6	8	9	10	11	13	14	16	17	18	23	24	35	#
22	756.951	2	3	4	6	7	8	9	11	12	13	14	17	18	23	24	35	#
23	727.192	0	1	2	4	5	6	7	9	10	11	12	15	16	17	22	35	#
24	686.085	0	1	2	5	6	8	10	11	12	13	15	17	18	22	27	35	#
25	142.383	2	#
26	517.661	13	16	17	18	19	23	24	36	#
27	460.679	16	17	18	19	21	23	24	36	#
28	397.194	6	11	16	17	18	19	24	36	#
29	394.997	3	8	13	17	18	19	24	36	#
30	391.844	6	11	13	16	17	18	19	36	#
31	377.003	8	13	14	18	19	23	24	36	#
32	50.2407	27	#
33	259.739	18	23	24	37	#
34	260.682	23	24	30	37	#
35	191.876	17	18	19	37	#
36	926.758	5	6	7	8	9	10	11	12	13	14	15	16	17	18	19	20	22	23	24	28	38	#
37	1109.53	0	1	4	5	6	9	10	11	12	13	14	15	16	17	18	19	20	22	23	24	38	#
38	1075.71	0	1	4	5	6	9	10	11	12	13	14	15	16	17	18	19	21	22	23	24	38	#
39	1073.56	1	2	3	4	5	7	8	9	10	11	12	13	14	15	16	17	18	19	23	24	38	#
40	1045.24	0	1	3	4	5	6	10	11	12	13	14	15	16	17	18	19	20	21	23	24	38	#
41	1024.13	0	1	5	6	7	10	11	12	14	15	16	17	18	19	22	23	24	27	28	29	38	#
42	682.671	0	1	5	6	7	8	10	11	12	15	16	20	21	39	#
43	912.995	3	4	5	8	10	15	16	17	18	19	20	23	24	39	#
44	897.378	0	1	5	6	8	10	13	15	18	20	21	23	24	39	#
45	762.538	0	1	5	6	10	11	12	15	16	17	18	20	21	39	#
46	738.876	0	1	4	5	6	7	10	11	12	15	16	20	21	39	#
47	716.972	0	1	2	5	6	7	10	11	12	15	16	20	21	39	#
48	880.049	2	3	4	5	6	7	8	9	10	11	12	13	14	15	16	17	18	19	21	40	#
49	1019.52	0	1	2	3	5	6	7	8	10	11	12	15	16	17	18	19	21	23	24	40	#
50	991.054	0	1	2	3	5	6	7	8	10	11	12	15	16	17	18	19	20	21	23	40	#
51	964.542	0	1	2	3	4	5	6	7	8	9	10	11	12	14	15	16	17	19	21	40	#
52	952.413	0	3	5	6	7	8	9	10	11	12	14	15	16	17	18	19	20	21	23	40	#
53	950.652	0	3	4	5	6	7	8	9	10	11	12	14	15	16	17	18	19	21	23	40	#
54	8.35103	10	15	#
55	378.835	0	1	2	5	7	41	#
56	383.999	0	1	2	5	10	41	#
57	371.466	0	1	2	3	5	41	#
58	276.849	1	2	3	4	8	41	#
59	903.122	2	4	5	7	8	9	10	11	12	13	14	15	18	19	20	21	23	24	42	#
60	976.941	2	3	4	7	8	9	10	11	12	13	14	15	18	19	20	23	24	29	42	#
61	869.241	2	3	4	5	7	9	10	11	12	13	14	15	17	18	19	22	23	24	42	#
62	850.59	2	3	4	7	8	9	10	11	12	13	14	15	17	18	19	23	24	31	42	#
63	840.906	2	3	4	5	6	7	8	9	10	11	12	13	14	15	18	19	23	24	42	#
64	835.931	0	1	2	3	4	5	7	8	9	10	11	12	13	14	15	18	19	20	42	#
65	24.9443	28	#
66	580.241	10	11	12	15	16	17	20	21	22	26	43	#
67	650.462	0	5	6	10	11	15	16	20	21	26	43	#
68	601.342	5	6	10	11	12	15	16	17	20	21	43	#
69	601.297	5	6	10	11	12	15	16	23	24	30	43	#
70	600.556	5	6	10	11	15	16	17	20	21	22	43	#
71	552.786	0	5	6	10	11	12	16	17	21	22	43	#
72	376.353	0	1	5	6	7	10	44	#
73	522.451	0	1	2	5	6	7	44	#
74	401.815	0	1	5	10	15	20	44	#
75	386.455	0	1	5	6	10	15	44	#
76	355.7	1	2	3	6	7	8	44	#
77	285.02	5	6	7	10	12	17	44	#
78	577.827	0	1	5	6	10	11	15	16	17	18	20	45	#
79	774.241	1	6	7	8	11	12	13	17	18	23	24	45	#
80	676.364	0	1	2	5	6	7	8	9	11	12	17	45	#
81	642.539	0	5	6	7	9	10	11	12	15	17	20	45	#
82	612.705	0	1	3	5	6	7	8	11	12	13	17	45	#
83	588.614	0	6	7	8	10	11	15	16	17	20	29	45	#
84	599.981	0	1	2	3	4	5	6	7	8	11	12	16	22	46	#
85	817.665	0	1	2	3	4	5	6	7	8	10	12	17	25	46	#
86	783.129	0	1	2	3	4	5	6	7	8	10	12	13	17	46	#
87	764.438	0	1	2	3	5	6	7	8	12	13	14	16	17	46	#
88	746.226	0	1	2	3	5	6	7	10	11	12	15	16	17	46	#
89	731.05	0	1	2	3	4	5	6	7	8	9	10	12	14	46	#
90	280.78	2	3	4	7	9	47	#
91	338.56	2	3	4	8	30	47	#
92	326.934	1	2	3	7	8	47	#
93	311.981	2	3	7	8	12	47	#
94	253.287	3	8	18	19	24	47	#
95	148.182	3	4	7	9	14	47	#
96	384.863	0	5	6	7	8	10	13	30	48	#
97	453.848	2	3	4	6	7	8	12	13	48	#
98	437.195	2	3	6	7	8	10	12	13	48	#
99	435.848	10	11	12	15	16	17	20	21	48	#
100	434.91	2	3	4	7	8	9	14	30	48	#
101	366.166	0	1	6	11	12	16	17	21	48	#
