%% File generated by CATS v.2.1Thu May  9 12:50:16 2024

%% The CATS webpage is http://robotics.stanford.edu/CATS

%% PARAMETER SETTINGS:
% Goods: 32; Bids: 100; Distribution: regions; Runs: 1; Seed: 32
% Regions Distribution Parameters:
% Max Substitutable Bids = 5
% Removing HV Neighbor   = 0.1
% Adding DIAG Neighbor   = 0.2
% Additional Location    = 0.9
% Jump Probability       = 0.05
% Additivity             = 0.2
% Budget Factor          = 1.5
% Resale Factor          = 0.5
% Uniform Private Value:
%   Deviation            = 0.5
%   Max Good Value       = 100



goods 32
bids 105
dummy 19

0	128.812	6	11	21	32	#
1	170.405	1	6	11	32	#
2	133.945	16	21	22	32	#
3	259.19	7	8	19	33	#
4	239.912	14	18	19	33	#
5	224.233	3	7	8	33	#
6	182.176	6	7	8	33	#
7	133.071	2	3	8	34	#
8	166.94	3	7	8	34	#
9	1000.33	0	1	2	5	6	7	8	9	10	11	12	13	15	16	17	18	20	21	22	23	35	#
10	1161.05	0	1	4	5	6	7	8	9	12	13	14	16	17	18	19	21	22	23	24	30	35	#
11	1074.56	0	1	5	6	7	8	10	11	12	13	14	15	16	17	18	19	20	21	22	23	35	#
12	1067.03	0	1	2	4	5	6	7	8	9	12	13	14	16	17	18	19	21	22	23	24	35	#
13	1060.97	0	1	2	4	5	6	7	8	9	10	11	12	13	14	16	17	18	20	22	23	35	#
14	1059.11	0	1	2	4	5	6	7	8	9	11	12	13	14	16	17	18	19	21	22	23	35	#
15	1133.38	0	1	2	4	5	6	7	8	9	10	11	12	13	14	15	16	18	20	21	27	36	#
16	1228.6	0	2	4	5	6	7	8	9	10	11	12	13	14	15	17	18	19	20	22	23	36	#
17	1211.45	0	4	5	6	7	8	9	10	11	12	13	14	15	16	17	18	20	21	22	23	36	#
18	1206.71	0	1	4	5	6	7	8	9	10	11	12	13	15	16	18	20	21	22	23	24	36	#
19	1205.03	0	1	2	4	5	6	7	8	9	10	11	12	13	14	15	18	19	20	23	25	36	#
20	1201.36	0	1	5	6	7	8	9	10	11	12	13	15	16	17	18	20	21	22	23	29	36	#
21	59.6895	11	#
22	127.817	29	#
23	1348.19	0	1	2	3	4	5	6	7	8	10	11	12	13	14	17	18	19	22	23	24	30	37	#
24	1397.67	0	1	2	3	4	5	6	7	8	10	11	12	13	15	17	18	19	20	22	23	30	37	#
25	1394.99	0	1	2	3	4	5	6	7	10	11	12	13	14	15	17	18	19	20	22	23	24	37	#
26	1389.7	0	1	3	4	5	6	7	8	10	11	12	13	14	15	17	18	19	20	22	23	24	37	#
27	1388.93	0	1	2	3	4	5	6	7	8	10	11	12	13	14	15	17	18	19	20	22	23	37	#
28	1371.19	0	1	2	3	5	6	7	8	10	11	12	13	14	15	17	18	19	20	22	23	24	37	#
29	1160.43	0	1	5	7	10	11	12	13	15	16	17	18	19	20	21	22	38	#
30	1144.65	1	3	7	8	11	12	13	14	15	16	17	18	19	20	22	24	38	#
31	1076.19	1	2	3	7	8	9	11	12	13	14	16	17	18	19	23	24	38	#
32	1075.97	0	1	2	3	4	5	7	8	10	11	12	17	18	19	23	24	38	#
33	1056.6	0	1	2	3	5	6	7	8	9	10	11	12	13	14	17	19	38	#
34	1052.5	3	5	7	8	10	11	12	13	14	15	16	17	18	19	20	21	38	#
35	442.332	6	7	12	13	18	19	39	#
36	411.53	8	12	13	18	22	23	39	#
37	396.551	12	13	14	17	18	19	39	#
38	392.357	12	17	18	19	22	23	39	#
39	381.384	17	18	19	23	24	30	39	#
40	346.403	1	3	4	6	7	8	39	#
41	716.742	0	3	5	8	12	13	17	18	22	23	31	40	#
42	802.086	2	7	8	9	11	12	13	14	18	22	23	40	#
43	780.504	0	1	2	3	5	6	7	8	13	18	23	40	#
44	732.704	1	2	6	7	8	11	12	13	18	23	24	40	#
45	728.621	2	3	7	8	12	13	17	18	22	23	24	40	#
46	727.142	2	6	7	8	11	12	13	17	18	22	23	40	#
47	483.223	6	7	11	12	13	15	16	17	18	21	41	#
48	689.422	3	7	8	11	12	13	14	18	19	23	41	#
49	630.334	0	5	6	10	11	12	17	18	22	23	41	#
50	603.335	8	12	13	14	16	17	18	19	22	23	41	#
51	588.621	0	5	6	7	8	10	11	12	15	20	41	#
52	549.333	5	6	7	10	11	12	13	15	17	20	41	#
53	633.808	7	12	13	14	18	23	24	31	42	#
54	726.936	7	12	13	14	18	19	23	24	42	#
55	634.135	7	11	12	13	14	18	19	23	42	#
56	621.747	3	7	8	12	13	19	23	24	42	#
57	615.2	12	13	14	18	19	22	23	24	42	#
58	605.195	2	3	7	8	13	19	23	24	42	#
59	743.125	5	8	10	13	14	15	16	17	18	19	20	21	22	23	24	43	#
60	1049.54	0	1	2	5	6	7	8	10	11	13	14	18	19	22	23	43	#
61	961.638	0	1	2	4	5	6	7	8	9	10	11	12	13	14	18	43	#
62	934.826	1	2	6	7	8	9	13	16	17	18	19	20	22	23	24	43	#
63	932.684	0	1	2	4	5	6	7	8	9	10	11	13	14	18	25	43	#
64	914.79	1	2	7	8	12	13	14	16	17	18	19	21	22	23	24	43	#
65	294.161	12	15	16	17	20	21	44	#
66	401.02	2	7	11	12	13	14	44	#
67	287.588	15	16	17	20	22	23	44	#
68	278.167	15	16	17	21	22	23	44	#
69	268.878	15	16	17	20	21	22	44	#
70	246.303	12	15	16	17	21	22	44	#
71	849.988	2	3	4	6	7	8	11	13	14	17	18	19	22	24	45	#
72	1026.87	1	2	6	7	8	11	12	13	14	17	18	19	24	30	45	#
73	926.218	1	2	3	6	7	8	11	12	13	14	17	18	19	24	45	#
74	920.275	2	6	7	8	11	12	13	14	17	18	19	22	23	24	45	#
75	919.219	1	2	3	6	7	8	11	12	13	14	17	18	19	23	45	#
76	915.189	2	3	6	7	8	11	12	13	14	17	18	19	23	24	45	#
77	590.618	8	9	12	13	17	18	19	24	26	46	#
78	678.523	7	8	12	13	18	19	23	24	26	46	#
79	594.461	2	3	8	12	13	17	18	19	24	46	#
80	507.902	1	2	3	6	8	12	13	17	18	46	#
81	507.377	8	12	13	17	18	19	22	23	24	46	#
82	490.604	0	1	2	3	4	6	8	9	13	46	#
83	1357.9	0	1	2	3	4	5	6	7	8	9	10	11	12	13	14	15	16	17	18	19	20	21	22	23	24	29	47	#
84	1451.84	0	1	2	3	4	5	6	7	8	10	11	12	13	14	15	16	17	18	19	20	21	22	23	24	29	30	47	#
85	1398.05	0	1	2	3	4	5	6	7	8	9	10	11	12	13	14	15	16	17	18	19	20	22	23	24	26	29	47	#
86	1320.86	0	1	2	3	4	5	6	7	8	9	10	11	12	13	14	15	16	17	18	19	20	21	22	23	24	25	47	#
87	1297.86	0	1	2	3	4	5	6	7	8	9	10	11	12	13	14	15	16	17	18	19	20	21	22	23	24	28	47	#
88	1286.15	0	1	2	3	4	5	6	7	8	9	10	11	12	13	14	15	16	17	18	19	20	21	22	23	24	26	47	#
89	554.25	2	3	4	8	9	12	13	48	#
90	573.491	3	4	7	8	9	12	13	48	#
91	558.032	2	3	4	7	8	9	12	48	#
92	549.495	3	7	8	9	11	12	13	48	#
93	534.419	2	3	8	10	11	12	13	48	#
94	533	3	4	7	8	9	13	22	48	#
95	393.804	13	17	18	19	23	24	49	#
96	573.097	8	12	13	14	17	18	49	#
97	359.44	13	17	18	22	23	24	49	#
98	306.951	16	17	18	19	22	23	49	#
99	997.534	1	6	7	8	12	13	14	16	17	19	21	22	23	24	50	#
100	1198.8	2	7	8	12	13	14	15	16	17	19	20	21	22	23	50	#
101	1165.61	2	7	8	12	13	14	16	17	19	21	22	23	24	26	50	#
102	1136.13	2	3	4	7	8	9	12	13	14	16	17	19	21	22	50	#
103	1113.08	5	10	12	13	14	15	16	17	18	19	20	21	22	23	50	#
104	1093.56	2	3	4	7	8	9	12	13	14	16	17	21	22	23	50	#
