%% File generated by CATS v.2.1Thu May  9 12:50:16 2024

%% The CATS webpage is http://robotics.stanford.edu/CATS

%% PARAMETER SETTINGS:
% Goods: 32; Bids: 100; Distribution: regions; Runs: 1; Seed: 67
% Regions Distribution Parameters:
% Max Substitutable Bids = 5
% Removing HV Neighbor   = 0.1
% Adding DIAG Neighbor   = 0.2
% Additional Location    = 0.9
% Jump Probability       = 0.05
% Additivity             = 0.2
% Budget Factor          = 1.5
% Resale Factor          = 0.5
% Normal Private Value:
%   Mean                 = 0
%   Standard Deviation   = 30



goods 32
bids 101
dummy 21

0	162.699	23	24	32	#
1	142.338	19	24	32	#
2	87.0192	25	30	33	#
3	86.0939	18	30	33	#
4	67.1786	9	25	33	#
5	191.373	0	6	11	15	16	34	#
6	276.54	10	15	16	17	20	34	#
7	275.887	11	12	13	14	17	34	#
8	116.244	3	6	7	8	11	34	#
9	55.0614	3	7	#
10	572.501	0	1	2	3	7	8	9	11	12	15	17	35	#
11	774.196	4	7	8	9	11	12	13	14	17	18	22	35	#
12	750.639	3	4	6	7	8	9	12	13	14	17	18	35	#
13	673.666	0	1	6	7	8	11	12	16	17	22	23	35	#
14	659.01	3	4	8	11	12	13	15	16	17	18	22	35	#
15	652.814	3	4	6	7	8	10	11	12	15	16	17	35	#
16	50.1099	26	#
17	449.965	0	1	2	6	7	9	14	18	19	36	#
18	560.955	1	7	8	9	12	13	14	17	18	36	#
19	520.332	3	4	8	9	12	14	18	19	24	36	#
20	507.721	0	1	2	3	4	6	7	12	17	36	#
21	477.831	5	10	14	15	16	17	18	19	24	36	#
22	423.362	3	4	5	6	7	8	9	12	13	36	#
23	424.975	8	12	13	17	18	19	21	22	24	37	#
24	473.981	9	13	14	17	18	19	22	23	24	37	#
25	436.883	8	12	13	14	17	18	19	23	24	37	#
26	435.114	15	17	18	19	20	21	22	23	24	37	#
27	417.992	13	16	17	18	19	21	22	23	24	37	#
28	415.49	7	11	12	13	14	17	18	21	22	37	#
29	63.7965	10	15	16	20	21	22	38	#
30	61.4495	0	5	6	10	15	16	38	#
31	36.9855	10	11	15	16	20	21	38	#
32	481.892	10	11	12	13	14	17	19	24	39	#
33	630.653	2	3	7	8	12	13	14	19	39	#
34	621.842	9	13	14	17	18	19	22	23	39	#
35	579.901	8	10	11	12	13	17	18	19	39	#
36	560.076	8	13	14	18	19	22	23	24	39	#
37	557.098	7	8	12	13	16	17	18	19	39	#
38	31.2199	21	22	#
39	173.361	19	25	40	#
40	159.993	14	19	40	#
41	156.681	13	25	40	#
42	480.908	0	1	2	3	6	7	11	12	31	41	#
43	651.85	13	17	18	19	22	23	24	28	31	41	#
44	472.334	5	6	10	11	12	15	16	17	20	41	#
45	467.153	3	4	6	7	8	9	11	12	14	41	#
46	452.303	1	5	6	10	11	12	15	16	17	41	#
47	441.742	3	4	7	8	9	10	11	12	26	41	#
48	544.26	3	4	7	8	9	11	12	13	17	22	42	#
49	681.91	2	3	6	7	8	13	14	18	19	24	42	#
50	646.935	1	2	3	6	7	8	12	13	18	19	42	#
51	639.965	3	4	8	9	12	13	14	18	19	24	42	#
52	576.692	0	1	2	3	4	6	7	9	13	14	42	#
53	553.912	12	13	14	16	17	18	19	21	22	24	42	#
54	453.929	5	10	11	15	16	20	21	22	23	24	43	#
55	669.772	3	8	9	13	14	18	19	22	23	24	43	#
56	603.185	9	13	14	16	17	19	21	22	23	24	43	#
57	578.872	11	13	14	15	16	17	18	22	23	24	43	#
58	533.699	8	9	10	11	14	15	16	19	23	24	43	#
59	510.807	0	6	11	17	19	20	21	22	23	24	43	#
60	51.8812	10	11	15	44	#
61	66.5803	11	15	20	44	#
62	64.3229	11	16	17	44	#
63	565.413	0	1	3	4	5	6	8	10	11	12	15	16	20	45	#
64	793.914	3	4	7	8	9	12	13	14	17	18	22	23	27	45	#
65	759.291	3	4	6	7	8	9	11	12	13	15	16	17	22	45	#
66	710.835	0	2	3	4	5	6	7	8	9	11	12	13	17	45	#
67	633.935	10	11	12	13	15	16	17	18	20	21	22	23	24	45	#
68	627.89	0	1	2	3	6	7	10	11	15	16	17	18	24	45	#
69	688.39	0	1	2	3	4	5	6	7	8	12	17	22	46	#
70	863.351	2	4	6	7	8	9	11	12	13	15	16	17	46	#
71	820.896	3	4	7	8	9	11	12	13	14	16	17	23	46	#
72	819.241	4	7	8	9	12	13	14	15	16	17	18	22	46	#
73	790.451	1	2	4	6	7	8	9	11	12	13	16	17	46	#
74	783.072	3	4	8	12	13	17	18	20	21	22	23	24	46	#
75	92.5284	6	7	47	#
76	78.3013	3	7	47	#
77	921.813	1	2	3	4	6	7	8	10	11	12	13	15	16	17	18	22	29	31	48	#
78	1014.36	0	1	2	3	4	6	7	8	9	12	13	14	17	18	19	22	23	24	48	#
79	969.516	0	5	6	8	10	11	12	13	14	16	17	18	19	20	21	22	23	24	48	#
80	954.809	1	2	4	7	8	10	11	12	13	14	17	18	19	20	21	22	23	24	48	#
81	943.472	0	1	2	3	4	5	6	7	9	10	11	12	13	14	16	17	18	24	48	#
82	938.282	0	1	2	5	6	7	8	10	11	12	13	15	16	17	18	23	24	29	48	#
83	287.326	4	8	10	11	49	#
84	379.223	4	8	9	13	49	#
85	374.921	3	4	8	9	49	#
86	146.9	6	11	15	16	49	#
87	145.772	5	10	11	15	49	#
88	45.5707	19	#
89	1137.4	0	1	2	3	4	5	6	7	8	9	10	11	12	13	14	15	16	17	18	19	22	24	50	#
90	1349.2	0	1	2	3	4	6	8	9	11	12	13	14	16	17	18	19	20	21	22	23	24	29	50	#
91	1318.4	0	1	3	4	6	8	9	11	12	13	14	15	16	17	18	19	20	21	22	23	24	28	50	#
92	1263.7	0	2	3	4	5	6	8	9	10	11	12	13	14	15	16	17	18	19	21	22	23	24	50	#
93	1242.61	2	3	4	6	7	8	9	11	12	13	14	15	16	17	18	19	20	21	22	23	24	29	50	#
94	1212.35	1	2	3	4	5	6	7	8	9	10	11	12	13	14	15	16	17	18	19	22	28	29	50	#
95	248.245	8	12	13	51	#
96	289.053	9	13	14	51	#
97	229.401	8	9	24	51	#
98	104.161	0	1	5	24	52	#
99	99.6345	0	1	5	10	52	#
100	83.0268	0	5	6	10	52	#
