%% File generated by CATS v.2.1Thu May  9 12:50:16 2024

%% The CATS webpage is http://robotics.stanford.edu/CATS

%% PARAMETER SETTINGS:
% Goods: 32; Bids: 100; Distribution: regions; Runs: 1; Seed: 53
% Regions Distribution Parameters:
% Max Substitutable Bids = 5
% Removing HV Neighbor   = 0.1
% Adding DIAG Neighbor   = 0.2
% Additional Location    = 0.9
% Jump Probability       = 0.05
% Additivity             = 0.2
% Budget Factor          = 1.5
% Resale Factor          = 0.5
% Uniform Private Value:
%   Deviation            = 0.5
%   Max Good Value       = 100



goods 32
bids 100
dummy 17

0	60.0213	27	#
1	250.842	10	11	32	#
2	234.302	10	15	32	#
3	213.244	11	15	32	#
4	555.65	0	1	2	9	13	14	19	24	33	#
5	678.29	1	2	7	10	11	12	16	17	33	#
6	557.012	7	9	10	11	12	13	14	19	33	#
7	554.555	2	3	4	8	9	14	19	24	33	#
8	546.864	0	1	2	3	5	6	7	11	33	#
9	516.492	9	13	14	17	18	19	22	24	33	#
10	1724.04	0	1	2	3	4	7	8	9	10	11	12	13	14	15	16	17	18	19	20	21	22	23	24	29	34	#
11	1801.22	0	1	2	3	4	5	6	7	9	10	11	12	13	14	15	16	17	18	19	20	21	22	24	28	34	#
12	1773.15	0	1	2	3	4	5	6	7	8	9	10	11	12	13	14	15	16	17	18	19	20	21	22	24	34	#
13	1767.15	0	1	2	3	4	5	6	7	9	10	11	12	13	14	15	16	17	18	19	20	21	22	23	24	34	#
14	1704.94	0	1	2	3	4	5	6	7	8	9	10	11	12	13	14	15	16	17	18	19	20	21	22	23	34	#
15	1699.68	0	1	2	3	4	5	6	7	8	9	11	12	13	14	15	16	17	18	19	20	21	22	23	24	34	#
16	1378.63	0	1	2	3	5	6	7	10	11	12	13	14	15	16	17	18	19	20	21	22	23	24	27	35	#
17	1485.49	1	2	3	4	5	6	7	8	10	11	12	13	15	16	17	18	19	20	21	22	23	24	25	35	#
18	1446.43	1	2	5	6	7	8	9	10	11	12	13	14	15	16	17	18	19	20	21	22	23	24	25	35	#
19	1428.04	0	1	2	3	4	6	7	8	9	10	11	12	13	14	16	17	18	19	21	22	23	24	29	35	#
20	1405.64	0	1	2	3	5	6	7	10	11	12	13	14	15	16	17	18	19	20	21	22	23	24	28	35	#
21	1397.77	1	2	3	5	6	7	8	9	10	11	12	13	14	16	17	18	19	20	21	22	23	24	28	35	#
22	1513.34	0	1	2	3	4	5	6	7	8	9	10	11	12	13	14	15	16	17	18	19	20	21	22	23	24	36	#
23	1613.87	2	3	4	5	6	7	8	9	10	11	12	13	14	15	16	17	18	19	20	21	22	23	24	26	30	36	#
24	1577.77	1	2	3	4	5	6	7	8	9	10	11	12	13	14	15	16	17	18	19	20	21	22	23	24	26	36	#
25	1550.69	0	1	2	3	5	6	7	8	9	10	11	12	13	14	15	16	17	18	19	20	21	22	23	24	26	36	#
26	1540.35	1	2	3	4	5	6	7	8	9	10	11	12	13	14	15	16	17	18	19	20	21	22	23	24	28	36	#
27	1523.44	0	1	2	3	4	5	6	7	9	10	11	12	13	14	15	16	17	18	19	21	22	23	24	26	29	36	#
28	285.298	2	3	6	7	8	37	#
29	395.034	2	3	6	7	26	37	#
30	376.613	0	1	2	5	6	37	#
31	289.823	1	2	3	6	7	37	#
32	274.4	2	3	8	9	14	37	#
33	281.254	6	11	16	38	#
34	243.918	11	12	16	38	#
35	228.587	11	15	16	38	#
36	218.924	2	6	7	38	#
37	67.0927	17	#
38	79.2204	29	#
39	621.988	1	2	3	4	8	9	13	17	18	23	24	39	#
40	800.72	4	8	9	13	15	16	17	18	19	21	24	39	#
41	708.424	1	2	3	4	8	10	13	18	19	23	24	39	#
42	699.471	4	8	9	13	17	18	19	21	22	23	24	39	#
43	680.694	8	9	13	16	17	18	19	21	22	23	24	39	#
44	647.86	3	8	13	15	16	17	18	19	21	23	24	39	#
45	55.7287	31	#
46	591.956	11	12	16	17	21	22	23	24	40	#
47	643.95	11	12	13	16	17	18	23	24	40	#
48	599.622	7	11	12	13	17	18	23	24	40	#
49	589.063	11	12	13	15	16	17	18	19	40	#
50	588.711	11	12	13	15	16	17	18	21	40	#
51	543.75	12	13	15	16	17	18	21	22	40	#
52	13.3328	9	30	#
53	1298.25	0	1	2	3	4	5	6	7	8	9	10	11	12	13	14	15	16	17	18	19	20	21	22	23	24	41	#
54	1374.91	1	2	3	4	5	6	7	8	9	10	11	12	13	14	15	16	17	18	19	20	21	22	23	24	25	41	#
55	1365.54	1	3	4	5	6	7	8	9	10	11	12	13	14	15	16	17	18	19	20	21	22	23	24	25	31	41	#
56	1353.53	0	1	2	3	5	6	7	8	9	10	11	12	13	14	15	16	17	18	19	20	21	22	23	24	25	41	#
57	1313.69	0	1	2	3	5	6	7	8	9	10	11	12	14	15	16	17	18	19	20	21	22	23	24	29	30	41	#
58	1283.19	0	1	2	3	5	6	7	8	9	10	11	12	13	14	15	16	17	18	19	20	21	22	23	24	26	41	#
59	261.473	0	1	2	3	7	42	#
60	357.086	2	3	5	6	7	42	#
61	347.258	2	3	4	8	9	42	#
62	207.366	0	1	2	6	7	42	#
63	761.637	5	6	7	10	11	12	15	16	20	21	23	43	#
64	846.276	7	10	11	12	15	16	18	21	22	23	24	43	#
65	809.788	9	10	11	12	15	16	18	21	22	23	24	43	#
66	806.754	2	6	7	10	11	12	15	16	18	21	23	43	#
67	784.375	6	7	10	11	12	15	16	18	21	22	23	43	#
68	778.421	10	11	12	15	16	17	18	20	21	22	23	43	#
69	111.674	17	21	22	23	#
70	719.685	1	6	10	11	12	15	16	17	20	44	#
71	858.41	10	11	12	13	16	17	20	22	23	44	#
72	831.974	10	11	12	15	16	17	20	21	22	44	#
73	815.707	5	6	10	11	16	17	21	22	23	44	#
74	792.485	4	10	11	15	16	18	21	22	23	44	#
75	786.96	7	10	11	12	15	16	17	20	22	44	#
76	1468.83	0	1	2	3	4	5	6	7	8	9	10	11	12	13	14	15	16	17	18	19	20	21	22	23	24	45	#
77	1525.24	0	1	2	5	6	7	8	9	10	11	12	13	14	15	16	17	18	19	20	21	22	23	24	27	28	45	#
78	1525.07	0	1	2	4	5	6	7	8	9	10	11	12	13	14	15	16	17	18	19	21	22	23	24	25	26	45	#
79	1521.96	0	1	2	3	4	5	6	7	8	9	10	11	12	13	14	15	16	17	18	19	20	22	23	24	25	45	#
80	1511.01	0	1	2	3	4	5	6	7	8	10	11	12	13	14	15	16	17	18	19	20	21	22	23	24	28	45	#
81	1494.3	0	1	2	3	4	5	6	7	8	9	10	11	12	13	14	15	16	17	18	19	21	22	23	24	28	45	#
82	668.592	5	6	7	10	11	15	16	21	46	#
83	675.264	6	10	11	15	16	21	22	23	46	#
84	670.711	0	1	5	6	10	11	15	16	46	#
85	619.237	1	5	6	10	11	15	16	21	46	#
86	604.097	1	6	7	10	11	15	16	21	46	#
87	588.486	11	15	16	17	18	19	21	23	46	#
88	491.257	9	14	17	18	19	22	23	47	#
89	581.656	9	14	18	19	22	23	24	47	#
90	561.258	12	14	18	19	22	23	24	47	#
91	494.818	13	17	18	19	22	23	24	47	#
92	486.491	8	9	12	17	22	23	24	47	#
93	460.647	12	13	17	18	22	23	24	47	#
94	1935.47	0	1	2	3	4	5	6	7	8	9	10	11	12	13	14	15	16	17	18	19	20	21	22	23	24	48	#
95	2042.8	0	1	2	3	4	6	7	8	10	11	12	13	14	15	16	17	18	19	20	21	22	23	24	26	28	48	#
96	1997.18	0	1	2	3	5	6	7	8	10	11	12	13	14	15	16	17	18	19	20	21	22	23	24	26	30	48	#
97	1994.83	0	1	2	3	5	6	7	8	10	11	12	13	14	15	16	17	18	19	20	21	22	23	24	26	27	48	#
98	1990.19	0	1	2	3	4	5	6	7	8	10	11	12	13	14	15	16	17	18	19	20	21	22	23	24	27	48	#
99	1960.73	0	1	2	3	4	6	7	8	9	10	11	12	13	14	15	16	17	18	19	20	21	22	23	24	26	48	#
