%% File generated by CATS v.2.1Thu May  9 13:09:07 2024

%% The CATS webpage is http://robotics.stanford.edu/CATS

%% PARAMETER SETTINGS:
% Goods: 32; Bids: 100; Distribution: scheduling; Runs: 1; Seed: 19
% Scheduling Distribution Parameters:
% max_length                = 10
% deviation                 = 0.500000
% prob_additional_deadline  = 0.700000
% additivity                = 0.200000



goods 32
bids 100
dummy 4

0	7.60086	0	1	2	3	4	5	6	7	32	#
1	7.60086	1	2	3	4	5	6	7	8	32	#
2	7.60086	2	3	4	5	6	7	8	9	32	#
3	7.60086	3	4	5	6	7	8	9	10	32	#
4	2.62099	4	5	6	7	8	9	10	11	32	#
5	2.62099	5	6	7	8	9	10	11	12	32	#
6	2.62099	6	7	8	9	10	11	12	13	32	#
7	2.62099	7	8	9	10	11	12	13	14	32	#
8	2.62099	8	9	10	11	12	13	14	15	32	#
9	2.62099	9	10	11	12	13	14	15	16	32	#
10	2.62099	10	11	12	13	14	15	16	17	32	#
11	2.62099	11	12	13	14	15	16	17	18	32	#
12	2.62099	12	13	14	15	16	17	18	19	32	#
13	2.62099	13	14	15	16	17	18	19	20	32	#
14	2.62099	14	15	16	17	18	19	20	21	32	#
15	2.62099	15	16	17	18	19	20	21	22	32	#
16	2.62099	16	17	18	19	20	21	22	23	32	#
17	2.62099	17	18	19	20	21	22	23	24	32	#
18	2.62099	18	19	20	21	22	23	24	25	32	#
19	2.62099	19	20	21	22	23	24	25	26	32	#
20	2.62099	20	21	22	23	24	25	26	27	32	#
21	2.62099	21	22	23	24	25	26	27	28	32	#
22	2.62099	22	23	24	25	26	27	28	29	32	#
23	2.53362	23	24	25	26	27	28	29	30	32	#
24	2.45189	24	25	26	27	28	29	30	31	32	#
25	12.4465	0	1	2	3	4	5	6	7	33	#
26	12.4465	1	2	3	4	5	6	7	8	33	#
27	12.4465	2	3	4	5	6	7	8	9	33	#
28	12.4465	3	4	5	6	7	8	9	10	33	#
29	12.4465	4	5	6	7	8	9	10	11	33	#
30	12.4465	5	6	7	8	9	10	11	12	33	#
31	12.4465	6	7	8	9	10	11	12	13	33	#
32	12.4465	7	8	9	10	11	12	13	14	33	#
33	12.4465	8	9	10	11	12	13	14	15	33	#
34	12.4465	9	10	11	12	13	14	15	16	33	#
35	12.4465	10	11	12	13	14	15	16	17	33	#
36	12.4465	11	12	13	14	15	16	17	18	33	#
37	12.4465	12	13	14	15	16	17	18	19	33	#
38	12.4465	13	14	15	16	17	18	19	20	33	#
39	8.58376	14	15	16	17	18	19	20	21	33	#
40	8.58376	15	16	17	18	19	20	21	22	33	#
41	8.58376	16	17	18	19	20	21	22	23	33	#
42	8.58376	17	18	19	20	21	22	23	24	33	#
43	8.58376	18	19	20	21	22	23	24	25	33	#
44	8.58376	19	20	21	22	23	24	25	26	33	#
45	8.58376	20	21	22	23	24	25	26	27	33	#
46	8.58376	21	22	23	24	25	26	27	28	33	#
47	8.58376	22	23	24	25	26	27	28	29	33	#
48	8.10362	0	1	2	3	4	5	34	#
49	8.10362	1	2	3	4	5	6	34	#
50	8.10362	2	3	4	5	6	7	34	#
51	8.10362	3	4	5	6	7	8	34	#
52	8.10362	4	5	6	7	8	9	34	#
53	8.10362	5	6	7	8	9	10	34	#
54	8.10362	6	7	8	9	10	11	34	#
55	8.10362	7	8	9	10	11	12	34	#
56	8.10362	8	9	10	11	12	13	34	#
57	8.10362	9	10	11	12	13	14	34	#
58	8.10362	10	11	12	13	14	15	34	#
59	8.10362	11	12	13	14	15	16	34	#
60	8.10362	12	13	14	15	16	17	34	#
61	8.10362	13	14	15	16	17	18	34	#
62	8.10362	14	15	16	17	18	19	34	#
63	8.10362	15	16	17	18	19	20	34	#
64	8.10362	16	17	18	19	20	21	34	#
65	8.10362	17	18	19	20	21	22	34	#
66	6.14757	18	19	20	21	22	23	34	#
67	6.14757	19	20	21	22	23	24	34	#
68	6.14757	20	21	22	23	24	25	34	#
69	6.14757	21	22	23	24	25	26	34	#
70	6.14757	22	23	24	25	26	27	34	#
71	6.14757	23	24	25	26	27	28	34	#
72	6.14757	24	25	26	27	28	29	34	#
73	5.75095	25	26	27	28	29	30	34	#
74	5.75095	26	27	28	29	30	31	34	#
75	1.61509	0	1	35	#
76	1.61509	1	2	35	#
77	1.61509	2	3	35	#
78	1.61509	3	4	35	#
79	1.61509	4	5	35	#
80	1.61509	5	6	35	#
81	1.61509	6	7	35	#
82	1.61509	7	8	35	#
83	1.61509	8	9	35	#
84	1.61509	9	10	35	#
85	1.61509	10	11	35	#
86	1.61509	11	12	35	#
87	1.61509	12	13	35	#
88	1.61509	13	14	35	#
89	1.61509	14	15	35	#
90	1.34591	15	16	35	#
91	1.34591	16	17	35	#
92	1.34591	17	18	35	#
93	1.00943	18	19	35	#
94	1.00943	19	20	35	#
95	1.00943	20	21	35	#
96	1.00943	21	22	35	#
97	1.00943	22	23	35	#
98	1.00943	23	24	35	#
99	0.969053	24	25	35	#
