%% File generated by CATS v.2.1Thu May  9 13:09:07 2024

%% The CATS webpage is http://robotics.stanford.edu/CATS

%% PARAMETER SETTINGS:
% Goods: 32; Bids: 100; Distribution: scheduling; Runs: 1; Seed: 71
% Scheduling Distribution Parameters:
% max_length                = 10
% deviation                 = 0.500000
% prob_additional_deadline  = 0.700000
% additivity                = 0.200000



goods 32
bids 112
dummy 5

0	16.2611	0	1	2	3	4	5	6	7	8	9	32	#
1	16.2611	1	2	3	4	5	6	7	8	9	10	32	#
2	16.2611	2	3	4	5	6	7	8	9	10	11	32	#
3	16.2611	3	4	5	6	7	8	9	10	11	12	32	#
4	16.2611	4	5	6	7	8	9	10	11	12	13	32	#
5	16.2611	5	6	7	8	9	10	11	12	13	14	32	#
6	16.2611	6	7	8	9	10	11	12	13	14	15	32	#
7	16.2611	7	8	9	10	11	12	13	14	15	16	32	#
8	16.2611	8	9	10	11	12	13	14	15	16	17	32	#
9	16.2611	9	10	11	12	13	14	15	16	17	18	32	#
10	16.2611	10	11	12	13	14	15	16	17	18	19	32	#
11	16.2611	11	12	13	14	15	16	17	18	19	20	32	#
12	16.2611	12	13	14	15	16	17	18	19	20	21	32	#
13	16.2611	13	14	15	16	17	18	19	20	21	22	32	#
14	16.2611	14	15	16	17	18	19	20	21	22	23	32	#
15	16.2611	15	16	17	18	19	20	21	22	23	24	32	#
16	16.2611	16	17	18	19	20	21	22	23	24	25	32	#
17	16.2611	17	18	19	20	21	22	23	24	25	26	32	#
18	16.2611	18	19	20	21	22	23	24	25	26	27	32	#
19	16.2611	19	20	21	22	23	24	25	26	27	28	32	#
20	16.2611	20	21	22	23	24	25	26	27	28	29	32	#
21	16.2611	21	22	23	24	25	26	27	28	29	30	32	#
22	1.00718	0	33	#
23	1.00718	1	33	#
24	1.00718	2	33	#
25	1.00718	3	33	#
26	1.00718	4	33	#
27	1.00718	5	33	#
28	1.00718	6	33	#
29	1.00718	7	33	#
30	1.00718	8	33	#
31	1.00718	9	33	#
32	1.00718	10	33	#
33	1.00718	11	33	#
34	1.00718	12	33	#
35	1.00718	13	33	#
36	1.00718	14	33	#
37	1.00718	15	33	#
38	1.00718	16	33	#
39	1.00718	17	33	#
40	1.00718	18	33	#
41	1.00718	19	33	#
42	1.00718	20	33	#
43	1.00718	21	33	#
44	1.00718	22	33	#
45	1.00718	23	33	#
46	1.00718	24	33	#
47	1.00718	25	33	#
48	1.00718	26	33	#
49	1.00718	27	33	#
50	5.45179	0	1	2	3	4	5	34	#
51	5.45179	1	2	3	4	5	6	34	#
52	5.45179	2	3	4	5	6	7	34	#
53	5.45179	3	4	5	6	7	8	34	#
54	5.45179	4	5	6	7	8	9	34	#
55	5.45179	5	6	7	8	9	10	34	#
56	5.45179	6	7	8	9	10	11	34	#
57	1.31545	0	1	35	#
58	1.31545	1	2	35	#
59	1.31545	2	3	35	#
60	1.31545	3	4	35	#
61	1.31545	4	5	35	#
62	1.31545	5	6	35	#
63	1.31545	6	7	35	#
64	1.31545	7	8	35	#
65	1.31545	8	9	35	#
66	1.31545	9	10	35	#
67	1.31545	10	11	35	#
68	1.31545	11	12	35	#
69	1.31545	12	13	35	#
70	1.31545	13	14	35	#
71	1.31545	14	15	35	#
72	1.31545	15	16	35	#
73	1.31545	16	17	35	#
74	1.01648	17	18	35	#
75	1.01648	18	19	35	#
76	1.01648	19	20	35	#
77	1.01648	20	21	35	#
78	1.01648	21	22	35	#
79	0.745421	22	23	35	#
80	0.745421	23	24	35	#
81	0.745421	24	25	35	#
82	0.745421	25	26	35	#
83	0.745421	26	27	35	#
84	0.745421	27	28	35	#
85	0.745421	28	29	35	#
86	0.745421	29	30	35	#
87	0.721375	30	31	35	#
88	14.3352	0	1	2	3	4	5	6	7	8	36	#
89	14.3352	1	2	3	4	5	6	7	8	9	36	#
90	14.3352	2	3	4	5	6	7	8	9	10	36	#
91	14.3352	3	4	5	6	7	8	9	10	11	36	#
92	14.3352	4	5	6	7	8	9	10	11	12	36	#
93	14.3352	5	6	7	8	9	10	11	12	13	36	#
94	14.3352	6	7	8	9	10	11	12	13	14	36	#
95	14.3352	7	8	9	10	11	12	13	14	15	36	#
96	14.3352	8	9	10	11	12	13	14	15	16	36	#
97	14.3352	9	10	11	12	13	14	15	16	17	36	#
98	14.3352	10	11	12	13	14	15	16	17	18	36	#
99	14.3352	11	12	13	14	15	16	17	18	19	36	#
100	14.3352	12	13	14	15	16	17	18	19	20	36	#
101	14.3352	13	14	15	16	17	18	19	20	21	36	#
102	12.5433	14	15	16	17	18	19	20	21	22	36	#
103	12.5433	15	16	17	18	19	20	21	22	23	36	#
104	12.5433	16	17	18	19	20	21	22	23	24	36	#
105	10.3806	17	18	19	20	21	22	23	24	25	36	#
106	10.3806	18	19	20	21	22	23	24	25	26	36	#
107	10.3806	19	20	21	22	23	24	25	26	27	36	#
108	10.3806	20	21	22	23	24	25	26	27	28	36	#
109	10.3806	21	22	23	24	25	26	27	28	29	36	#
110	10.0346	22	23	24	25	26	27	28	29	30	36	#
111	9.71092	23	24	25	26	27	28	29	30	31	36	#
