%% File generated by CATS v.2.1Thu May  9 13:09:07 2024

%% The CATS webpage is http://robotics.stanford.edu/CATS

%% PARAMETER SETTINGS:
% Goods: 32; Bids: 100; Distribution: scheduling; Runs: 1; Seed: 67
% Scheduling Distribution Parameters:
% max_length                = 10
% deviation                 = 0.500000
% prob_additional_deadline  = 0.700000
% additivity                = 0.200000



goods 32
bids 119
dummy 5

0	16.9936	0	1	2	3	4	5	6	7	8	9	32	#
1	16.9936	1	2	3	4	5	6	7	8	9	10	32	#
2	16.9936	2	3	4	5	6	7	8	9	10	11	32	#
3	16.9936	3	4	5	6	7	8	9	10	11	12	32	#
4	16.9936	4	5	6	7	8	9	10	11	12	13	32	#
5	16.9936	5	6	7	8	9	10	11	12	13	14	32	#
6	0.52051	0	33	#
7	0.52051	1	33	#
8	0.52051	2	33	#
9	0.52051	3	33	#
10	0.52051	4	33	#
11	0.52051	5	33	#
12	0.52051	6	33	#
13	0.52051	7	33	#
14	0.52051	8	33	#
15	0.52051	9	33	#
16	0.52051	10	33	#
17	0.52051	11	33	#
18	0.52051	12	33	#
19	0.52051	13	33	#
20	0.52051	14	33	#
21	0.52051	15	33	#
22	0.52051	16	33	#
23	0.52051	17	33	#
24	0.316024	18	33	#
25	0.316024	19	33	#
26	0.316024	20	33	#
27	0.316024	21	33	#
28	0.316024	22	33	#
29	0.316024	23	33	#
30	0.316024	24	33	#
31	0.316024	25	33	#
32	0.316024	26	33	#
33	0.316024	27	33	#
34	0.316024	28	33	#
35	0.285441	29	33	#
36	0.285441	30	33	#
37	0.285441	31	33	#
38	10.164	0	1	2	3	4	5	34	#
39	10.164	1	2	3	4	5	6	34	#
40	10.164	2	3	4	5	6	7	34	#
41	10.164	3	4	5	6	7	8	34	#
42	10.164	4	5	6	7	8	9	34	#
43	10.164	5	6	7	8	9	10	34	#
44	10.164	6	7	8	9	10	11	34	#
45	10.164	7	8	9	10	11	12	34	#
46	10.164	8	9	10	11	12	13	34	#
47	4.55627	9	10	11	12	13	14	34	#
48	4.55627	10	11	12	13	14	15	34	#
49	4.55627	11	12	13	14	15	16	34	#
50	4.55627	12	13	14	15	16	17	34	#
51	4.55627	13	14	15	16	17	18	34	#
52	4.55627	14	15	16	17	18	19	34	#
53	4.55627	15	16	17	18	19	20	34	#
54	4.55627	16	17	18	19	20	21	34	#
55	4.55627	17	18	19	20	21	22	34	#
56	4.55627	18	19	20	21	22	23	34	#
57	4.55627	19	20	21	22	23	24	34	#
58	4.55627	20	21	22	23	24	25	34	#
59	4.55627	21	22	23	24	25	26	34	#
60	4.55627	22	23	24	25	26	27	34	#
61	4.55627	23	24	25	26	27	28	34	#
62	4.55627	24	25	26	27	28	29	34	#
63	1.37333	0	35	#
64	1.37333	1	35	#
65	1.37333	2	35	#
66	1.37333	3	35	#
67	1.37333	4	35	#
68	1.37333	5	35	#
69	1.37333	6	35	#
70	1.37333	7	35	#
71	1.37333	8	35	#
72	1.37333	9	35	#
73	1.37333	10	35	#
74	1.37333	11	35	#
75	1.37333	12	35	#
76	1.37333	13	35	#
77	0.661231	14	35	#
78	0.661231	15	35	#
79	0.661231	16	35	#
80	0.661231	17	35	#
81	0.661231	18	35	#
82	0.661231	19	35	#
83	0.661231	20	35	#
84	0.661231	21	35	#
85	0.661231	22	35	#
86	0.661231	23	35	#
87	0.661231	24	35	#
88	0.661231	25	35	#
89	0.661231	26	35	#
90	0.661231	27	35	#
91	0.595108	28	35	#
92	0.595108	29	35	#
93	0.595108	30	35	#
94	0.575911	31	35	#
95	15.0051	0	1	2	3	4	5	6	7	8	36	#
96	15.0051	1	2	3	4	5	6	7	8	9	36	#
97	15.0051	2	3	4	5	6	7	8	9	10	36	#
98	15.0051	3	4	5	6	7	8	9	10	11	36	#
99	15.0051	4	5	6	7	8	9	10	11	12	36	#
100	15.0051	5	6	7	8	9	10	11	12	13	36	#
101	15.0051	6	7	8	9	10	11	12	13	14	36	#
102	15.0051	7	8	9	10	11	12	13	14	15	36	#
103	15.0051	8	9	10	11	12	13	14	15	16	36	#
104	15.0051	9	10	11	12	13	14	15	16	17	36	#
105	15.0051	10	11	12	13	14	15	16	17	18	36	#
106	15.0051	11	12	13	14	15	16	17	18	19	36	#
107	15.0051	12	13	14	15	16	17	18	19	20	36	#
108	15.0051	13	14	15	16	17	18	19	20	21	36	#
109	15.0051	14	15	16	17	18	19	20	21	22	36	#
110	15.0051	15	16	17	18	19	20	21	22	23	36	#
111	14.3799	16	17	18	19	20	21	22	23	24	36	#
112	13.2737	17	18	19	20	21	22	23	24	25	36	#
113	13.2737	18	19	20	21	22	23	24	25	26	36	#
114	11.5039	19	20	21	22	23	24	25	26	27	36	#
115	11.5039	20	21	22	23	24	25	26	27	28	36	#
116	11.5039	21	22	23	24	25	26	27	28	29	36	#
117	11.5039	22	23	24	25	26	27	28	29	30	36	#
118	11.1328	23	24	25	26	27	28	29	30	31	36	#
