%% File generated by CATS v.2.1Thu May  9 13:09:07 2024

%% The CATS webpage is http://robotics.stanford.edu/CATS

%% PARAMETER SETTINGS:
% Goods: 32; Bids: 100; Distribution: scheduling; Runs: 1; Seed: 61
% Scheduling Distribution Parameters:
% max_length                = 10
% deviation                 = 0.500000
% prob_additional_deadline  = 0.700000
% additivity                = 0.200000



goods 32
bids 118
dummy 5

0	8.96029	0	1	2	3	4	5	6	7	8	32	#
1	8.96029	1	2	3	4	5	6	7	8	9	32	#
2	8.96029	2	3	4	5	6	7	8	9	10	32	#
3	8.96029	3	4	5	6	7	8	9	10	11	32	#
4	8.96029	4	5	6	7	8	9	10	11	12	32	#
5	8.96029	5	6	7	8	9	10	11	12	13	32	#
6	8.96029	6	7	8	9	10	11	12	13	14	32	#
7	8.96029	7	8	9	10	11	12	13	14	15	32	#
8	8.96029	8	9	10	11	12	13	14	15	16	32	#
9	8.96029	9	10	11	12	13	14	15	16	17	32	#
10	8.96029	10	11	12	13	14	15	16	17	18	32	#
11	8.96029	11	12	13	14	15	16	17	18	19	32	#
12	8.96029	12	13	14	15	16	17	18	19	20	32	#
13	8.96029	13	14	15	16	17	18	19	20	21	32	#
14	8.96029	14	15	16	17	18	19	20	21	22	32	#
15	8.96029	15	16	17	18	19	20	21	22	23	32	#
16	8.96029	16	17	18	19	20	21	22	23	24	32	#
17	8.96029	17	18	19	20	21	22	23	24	25	32	#
18	8.96029	18	19	20	21	22	23	24	25	26	32	#
19	8.96029	19	20	21	22	23	24	25	26	27	32	#
20	12.5286	0	1	2	3	4	5	6	7	8	9	33	#
21	12.5286	1	2	3	4	5	6	7	8	9	10	33	#
22	12.5286	2	3	4	5	6	7	8	9	10	11	33	#
23	12.5286	3	4	5	6	7	8	9	10	11	12	33	#
24	12.5286	4	5	6	7	8	9	10	11	12	13	33	#
25	12.5286	5	6	7	8	9	10	11	12	13	14	33	#
26	12.5286	6	7	8	9	10	11	12	13	14	15	33	#
27	12.5286	7	8	9	10	11	12	13	14	15	16	33	#
28	12.5286	8	9	10	11	12	13	14	15	16	17	33	#
29	12.5286	9	10	11	12	13	14	15	16	17	18	33	#
30	12.5286	10	11	12	13	14	15	16	17	18	19	33	#
31	12.5286	11	12	13	14	15	16	17	18	19	20	33	#
32	12.5286	12	13	14	15	16	17	18	19	20	21	33	#
33	12.5286	13	14	15	16	17	18	19	20	21	22	33	#
34	12.5286	14	15	16	17	18	19	20	21	22	23	33	#
35	12.5286	15	16	17	18	19	20	21	22	23	24	33	#
36	12.5286	16	17	18	19	20	21	22	23	24	25	33	#
37	11.6006	17	18	19	20	21	22	23	24	25	26	33	#
38	11.6006	18	19	20	21	22	23	24	25	26	27	33	#
39	0.844451	0	34	#
40	0.844451	1	34	#
41	0.844451	2	34	#
42	0.844451	3	34	#
43	0.844451	4	34	#
44	0.844451	5	34	#
45	0.844451	6	34	#
46	0.844451	7	34	#
47	0.844451	8	34	#
48	0.844451	9	34	#
49	0.844451	10	34	#
50	0.844451	11	34	#
51	0.844451	12	34	#
52	0.844451	13	34	#
53	0.844451	14	34	#
54	0.844451	15	34	#
55	0.844451	16	34	#
56	0.844451	17	34	#
57	0.844451	18	34	#
58	0.844451	19	34	#
59	0.844451	20	34	#
60	0.844451	21	34	#
61	0.844451	22	34	#
62	2.50094	0	1	35	#
63	2.50094	1	2	35	#
64	2.50094	2	3	35	#
65	2.50094	3	4	35	#
66	2.50094	4	5	35	#
67	2.50094	5	6	35	#
68	2.50094	6	7	35	#
69	2.50094	7	8	35	#
70	2.50094	8	9	35	#
71	2.50094	9	10	35	#
72	2.50094	10	11	35	#
73	0.917011	11	12	35	#
74	0.917011	12	13	35	#
75	0.917011	13	14	35	#
76	0.917011	14	15	35	#
77	0.917011	15	16	35	#
78	0.917011	16	17	35	#
79	0.917011	17	18	35	#
80	0.917011	18	19	35	#
81	0.917011	19	20	35	#
82	0.917011	20	21	35	#
83	0.917011	21	22	35	#
84	0.917011	22	23	35	#
85	0.917011	23	24	35	#
86	0.917011	24	25	35	#
87	0.917011	25	26	35	#
88	0.917011	26	27	35	#
89	0.917011	27	28	35	#
90	0.917011	28	29	35	#
91	0.917011	29	30	35	#
92	0.88743	30	31	35	#
93	6.8066	0	1	2	3	4	5	36	#
94	6.8066	1	2	3	4	5	6	36	#
95	6.8066	2	3	4	5	6	7	36	#
96	6.8066	3	4	5	6	7	8	36	#
97	6.8066	4	5	6	7	8	9	36	#
98	6.8066	5	6	7	8	9	10	36	#
99	6.8066	6	7	8	9	10	11	36	#
100	6.8066	7	8	9	10	11	12	36	#
101	6.8066	8	9	10	11	12	13	36	#
102	6.8066	9	10	11	12	13	14	36	#
103	6.8066	10	11	12	13	14	15	36	#
104	6.8066	11	12	13	14	15	16	36	#
105	6.8066	12	13	14	15	16	17	36	#
106	6.8066	13	14	15	16	17	18	36	#
107	6.8066	14	15	16	17	18	19	36	#
108	6.8066	15	16	17	18	19	20	36	#
109	6.8066	16	17	18	19	20	21	36	#
110	6.8066	17	18	19	20	21	22	36	#
111	6.8066	18	19	20	21	22	23	36	#
112	6.8066	19	20	21	22	23	24	36	#
113	6.8066	20	21	22	23	24	25	36	#
114	6.8066	21	22	23	24	25	26	36	#
115	6.8066	22	23	24	25	26	27	36	#
116	6.8066	23	24	25	26	27	28	36	#
117	6.57189	24	25	26	27	28	29	36	#
