%% File generated by CATS v.2.1Thu May  9 13:09:07 2024

%% The CATS webpage is http://robotics.stanford.edu/CATS

%% PARAMETER SETTINGS:
% Goods: 32; Bids: 100; Distribution: scheduling; Runs: 1; Seed: 4
% Scheduling Distribution Parameters:
% max_length                = 10
% deviation                 = 0.500000
% prob_additional_deadline  = 0.700000
% additivity                = 0.200000



goods 32
bids 125
dummy 5

0	3.79532	0	1	2	3	4	32	#
1	3.79532	1	2	3	4	5	32	#
2	3.79532	2	3	4	5	6	32	#
3	3.79532	3	4	5	6	7	32	#
4	3.79532	4	5	6	7	8	32	#
5	3.79532	5	6	7	8	9	32	#
6	3.79532	6	7	8	9	10	32	#
7	3.79532	7	8	9	10	11	32	#
8	3.79532	8	9	10	11	12	32	#
9	3.79532	9	10	11	12	13	32	#
10	3.79532	10	11	12	13	14	32	#
11	3.79532	11	12	13	14	15	32	#
12	3.79532	12	13	14	15	16	32	#
13	3.79532	13	14	15	16	17	32	#
14	3.79532	14	15	16	17	18	32	#
15	3.79532	15	16	17	18	19	32	#
16	3.79532	16	17	18	19	20	32	#
17	3.79532	17	18	19	20	21	32	#
18	3.79532	18	19	20	21	22	32	#
19	3.79532	19	20	21	22	23	32	#
20	3.79532	20	21	22	23	24	32	#
21	3.79532	21	22	23	24	25	32	#
22	3.79532	22	23	24	25	26	32	#
23	3.79532	23	24	25	26	27	32	#
24	3.79532	24	25	26	27	28	32	#
25	3.79532	25	26	27	28	29	32	#
26	3.79532	26	27	28	29	30	32	#
27	3.67289	27	28	29	30	31	32	#
28	18.9309	0	1	2	3	4	5	6	7	8	33	#
29	18.9309	1	2	3	4	5	6	7	8	9	33	#
30	18.9309	2	3	4	5	6	7	8	9	10	33	#
31	18.9309	3	4	5	6	7	8	9	10	11	33	#
32	18.9309	4	5	6	7	8	9	10	11	12	33	#
33	18.9309	5	6	7	8	9	10	11	12	13	33	#
34	18.9309	6	7	8	9	10	11	12	13	14	33	#
35	18.9309	7	8	9	10	11	12	13	14	15	33	#
36	18.9309	8	9	10	11	12	13	14	15	16	33	#
37	18.9309	9	10	11	12	13	14	15	16	17	33	#
38	18.9309	10	11	12	13	14	15	16	17	18	33	#
39	18.9309	11	12	13	14	15	16	17	18	19	33	#
40	18.9309	12	13	14	15	16	17	18	19	20	33	#
41	18.9309	13	14	15	16	17	18	19	20	21	33	#
42	18.9309	14	15	16	17	18	19	20	21	22	33	#
43	18.9309	15	16	17	18	19	20	21	22	23	33	#
44	18.9309	16	17	18	19	20	21	22	23	24	33	#
45	18.9309	17	18	19	20	21	22	23	24	25	33	#
46	18.9309	18	19	20	21	22	23	24	25	26	33	#
47	18.9309	19	20	21	22	23	24	25	26	27	33	#
48	18.2548	20	21	22	23	24	25	26	27	28	33	#
49	17.0378	21	22	23	24	25	26	27	28	29	33	#
50	17.0378	22	23	24	25	26	27	28	29	30	33	#
51	16.4882	23	24	25	26	27	28	29	30	31	33	#
52	1.30349	0	34	#
53	1.30349	1	34	#
54	1.30349	2	34	#
55	1.30349	3	34	#
56	1.30349	4	34	#
57	1.30349	5	34	#
58	1.30349	6	34	#
59	1.30349	7	34	#
60	1.30349	8	34	#
61	0.347598	9	34	#
62	0.347598	10	34	#
63	0.347598	11	34	#
64	0.347598	12	34	#
65	0.347598	13	34	#
66	0.347598	14	34	#
67	0.347598	15	34	#
68	0.347598	16	34	#
69	0.347598	17	34	#
70	0.347598	18	34	#
71	0.347598	19	34	#
72	0.347598	20	34	#
73	0.347598	21	34	#
74	0.347598	22	34	#
75	0.347598	23	34	#
76	0.347598	24	34	#
77	0.347598	25	34	#
78	0.347598	26	34	#
79	0.347598	27	34	#
80	0.347598	28	34	#
81	0.347598	29	34	#
82	0.347598	30	34	#
83	0.336385	31	34	#
84	3.27837	0	1	2	3	35	#
85	3.27837	1	2	3	4	35	#
86	3.27837	2	3	4	5	35	#
87	3.27837	3	4	5	6	35	#
88	3.27837	4	5	6	7	35	#
89	3.27837	5	6	7	8	35	#
90	3.27837	6	7	8	9	35	#
91	1.84408	7	8	9	10	35	#
92	1.84408	8	9	10	11	35	#
93	1.84408	9	10	11	12	35	#
94	1.84408	10	11	12	13	35	#
95	1.84408	11	12	13	14	35	#
96	1.84408	12	13	14	15	35	#
97	1.84408	13	14	15	16	35	#
98	4.35895	0	1	2	3	4	5	36	#
99	4.35895	1	2	3	4	5	6	36	#
100	4.35895	2	3	4	5	6	7	36	#
101	4.35895	3	4	5	6	7	8	36	#
102	4.35895	4	5	6	7	8	9	36	#
103	4.35895	5	6	7	8	9	10	36	#
104	4.35895	6	7	8	9	10	11	36	#
105	4.35895	7	8	9	10	11	12	36	#
106	4.35895	8	9	10	11	12	13	36	#
107	4.35895	9	10	11	12	13	14	36	#
108	4.35895	10	11	12	13	14	15	36	#
109	4.35895	11	12	13	14	15	16	36	#
110	4.35895	12	13	14	15	16	17	36	#
111	4.35895	13	14	15	16	17	18	36	#
112	4.35895	14	15	16	17	18	19	36	#
113	4.35895	15	16	17	18	19	20	36	#
114	4.35895	16	17	18	19	20	21	36	#
115	4.35895	17	18	19	20	21	22	36	#
116	4.35895	18	19	20	21	22	23	36	#
117	4.35895	19	20	21	22	23	24	36	#
118	4.35895	20	21	22	23	24	25	36	#
119	4.35895	21	22	23	24	25	26	36	#
120	4.35895	22	23	24	25	26	27	36	#
121	4.35895	23	24	25	26	27	28	36	#
122	4.20864	24	25	26	27	28	29	36	#
123	4.06836	25	26	27	28	29	30	36	#
124	3.93712	26	27	28	29	30	31	36	#
