%% File generated by CATS v.2.1Thu May  9 12:41:12 2024

%% The CATS webpage is http://robotics.stanford.edu/CATS

%% PARAMETER SETTINGS:
% Goods: 128; Bids: 1000; Distribution: arbitrary; Runs: 1; Seed: 24
% Arbitrary Distribution Parameters:
% Max Substitutable Bids = 5
% Removing HV Neighbor   = 0.1
% Adding DIAG Neighbor   = 0.2
% Additional Location    = 0.9
% Additivity             = 0.2
% Budget Factor          = 1.5
% Resale Factor          = 0.5
% Uniform Private Value:
%   Deviation            = 0.5
%   Max Good Value       = 100



goods 128
bids 1001
dummy 182

0	99.0354	6	37	128	#
1	45.9265	37	47	128	#
2	43.3255	73	#
3	300.016	7	11	116	129	#
4	303.336	11	67	115	129	#
5	273.934	7	59	124	129	#
6	224.888	51	94	116	129	#
7	772.208	2	5	24	44	64	82	84	90	103	110	113	115	126	130	#
8	991.629	0	7	32	53	56	72	79	86	96	113	119	123	126	130	#
9	986.01	1	5	9	10	45	48	51	52	53	86	93	103	127	130	#
10	974.542	2	5	10	36	44	47	48	53	60	68	100	104	114	130	#
11	945.951	4	8	10	24	27	56	60	68	71	81	91	110	126	130	#
12	935.799	5	10	13	15	24	25	27	28	45	56	72	113	126	130	#
13	1438.87	8	16	25	26	27	37	39	46	59	68	72	73	74	79	80	86	99	103	106	122	127	131	#
14	1607.34	1	6	8	9	21	38	46	48	51	59	60	74	75	77	80	91	100	103	106	110	117	131	#
15	1598.48	6	16	26	28	39	41	44	56	59	74	79	86	88	91	99	102	107	108	114	118	122	131	#
16	1595.57	1	10	12	14	20	25	26	39	56	67	71	73	80	87	93	96	100	110	111	123	127	131	#
17	1553.53	4	5	7	10	14	16	26	33	41	50	57	60	82	86	93	104	110	114	115	117	127	131	#
18	1534.42	6	26	34	36	46	57	58	59	63	71	78	82	85	87	88	89	93	96	99	109	115	131	#
19	152.496	27	107	121	132	#
20	226.644	6	93	121	132	#
21	204.36	60	72	107	132	#
22	116.332	11	22	27	132	#
23	53.155	30	#
24	2571.43	0	3	4	5	8	13	22	23	24	25	26	31	34	36	38	41	45	47	49	50	59	65	76	80	81	86	87	88	93	94	97	111	115	118	127	133	#
25	2789.28	1	7	12	18	21	22	25	26	31	36	48	51	59	60	65	67	68	73	80	85	86	87	88	90	92	96	97	98	103	105	110	113	115	118	120	133	#
26	2781.93	5	7	8	13	15	16	23	24	25	27	28	29	43	45	50	58	59	61	65	66	67	72	76	80	83	85	87	101	102	104	105	108	110	118	125	133	#
27	2735.17	0	3	9	12	13	15	18	24	25	27	31	33	36	43	51	52	56	58	59	71	83	86	87	88	91	92	97	101	104	105	107	115	118	120	125	133	#
28	2726.57	0	12	13	23	24	25	26	27	33	40	41	42	49	50	51	53	58	59	62	64	65	66	67	72	73	75	76	83	89	90	104	105	110	118	125	133	#
29	2711.83	1	5	6	14	17	23	26	28	29	31	34	46	47	49	51	53	54	61	62	65	66	76	81	86	88	92	94	98	103	104	108	115	116	118	125	133	#
30	317.6	8	26	31	36	64	72	134	#
31	415.046	7	27	36	37	41	115	134	#
32	408.874	9	26	44	74	80	88	134	#
33	399.04	8	38	59	95	103	119	134	#
34	301.392	20	64	70	80	96	110	134	#
35	296.125	1	4	30	31	46	109	134	#
36	3061.9	0	3	5	9	10	13	16	25	27	28	29	32	34	38	39	40	42	46	50	51	56	59	60	67	69	71	76	78	83	84	86	90	92	93	96	99	100	101	103	105	109	113	114	118	121	122	126	135	#
37	3418.3	1	3	4	9	11	13	14	15	16	18	21	23	24	25	28	34	39	42	46	49	50	51	60	62	67	69	71	74	76	79	85	90	98	100	102	105	106	108	109	111	112	113	116	117	120	121	122	135	#
38	3372.92	1	4	6	9	10	13	16	17	18	25	27	28	31	34	38	39	42	46	49	53	54	59	60	64	65	67	68	71	74	83	88	89	93	95	102	105	107	112	113	117	118	120	122	124	125	126	127	135	#
39	3354.43	0	3	4	5	7	11	13	16	18	24	27	28	31	34	38	39	40	41	46	50	52	54	56	65	66	69	71	76	79	80	85	86	89	90	92	93	103	105	107	108	111	116	117	118	120	121	122	135	#
40	3251.35	2	8	9	10	11	15	16	17	18	21	25	28	29	36	37	39	42	46	51	54	56	57	59	60	62	63	65	67	71	74	76	79	82	83	85	89	93	106	108	114	117	118	120	121	122	124	126	135	#
41	3248.04	2	3	4	6	10	11	13	14	15	18	19	25	26	27	28	34	39	40	48	51	54	56	57	58	59	62	65	67	69	76	78	79	81	82	83	85	86	89	90	93	96	106	110	112	113	117	120	135	#
42	318.136	79	101	103	108	136	#
43	307.394	28	85	96	103	136	#
44	299.719	79	82	90	122	136	#
45	274.32	43	65	69	101	136	#
46	196.95	62	78	108	121	136	#
47	1363.85	6	12	13	17	18	22	25	26	28	37	38	42	60	66	98	110	114	118	121	127	137	#
48	1643.4	6	10	13	21	25	29	32	33	34	47	59	63	65	72	74	93	98	110	111	125	137	#
49	1631.69	7	18	22	25	28	29	30	31	48	58	63	65	67	83	89	91	92	96	105	109	137	#
50	1606.39	6	11	12	16	19	21	36	37	50	59	63	71	77	91	93	98	100	115	116	125	137	#
51	1580.01	8	9	18	20	24	25	34	36	41	52	60	67	70	79	87	93	108	109	114	125	137	#
52	1538.58	8	12	16	21	32	33	42	47	48	56	62	66	67	89	90	91	96	109	114	116	137	#
53	515.938	6	27	29	38	42	45	81	99	119	138	#
54	751.591	8	45	53	75	77	80	81	88	127	138	#
55	698.196	6	7	36	52	62	68	69	71	80	138	#
56	687.123	1	29	37	38	45	79	93	110	122	138	#
57	663.463	0	41	43	90	92	96	119	121	124	138	#
58	653.741	9	11	18	28	38	41	48	53	81	138	#
59	612.473	1	34	35	49	54	55	73	75	81	127	139	#
60	782.142	11	19	47	61	81	98	106	111	126	127	139	#
61	742.25	10	23	25	45	48	53	55	89	101	122	139	#
62	736.725	5	7	11	25	29	50	51	54	85	106	139	#
63	730.509	19	40	50	55	56	59	61	75	85	106	139	#
64	685.395	31	39	40	73	74	84	112	121	122	126	139	#
65	1706.08	8	15	23	27	38	39	51	55	72	81	88	92	95	96	97	107	110	113	115	118	122	126	127	140	#
66	2114.4	0	5	26	27	28	30	31	36	38	41	51	57	59	60	69	90	92	93	95	96	110	115	118	140	#
67	1997.44	3	6	18	20	28	31	38	51	59	62	68	69	83	85	91	95	96	101	110	113	123	126	127	140	#
68	1899.39	0	12	18	23	34	36	38	41	42	55	57	60	75	84	85	88	90	92	100	103	115	122	123	140	#
69	1896.96	0	9	18	20	23	26	31	39	44	59	60	72	74	75	79	84	93	94	95	99	100	115	123	140	#
70	1865.42	3	8	18	21	28	30	39	41	42	60	62	74	83	88	91	92	94	95	101	112	113	119	122	140	#
71	221.594	52	103	110	141	#
72	293.052	26	52	92	141	#
73	232.569	71	89	103	141	#
74	132.012	0	18	110	141	#
75	121.655	44	#
76	738.213	6	12	16	19	20	21	25	27	29	38	59	80	142	#
77	927.58	3	11	15	28	31	45	59	65	83	84	89	102	142	#
78	896.182	25	29	31	34	37	41	48	81	82	88	89	95	142	#
79	891.202	3	6	20	25	46	56	65	67	81	86	88	116	142	#
80	887.833	3	20	21	24	28	63	65	94	106	107	113	121	142	#
81	884.246	4	10	13	16	25	31	49	60	61	93	120	122	142	#
82	389.967	2	9	33	35	51	81	143	#
83	490.643	1	9	56	57	81	92	143	#
84	468.724	51	54	66	80	85	92	143	#
85	400.44	14	35	46	72	97	109	143	#
86	326.131	2	10	21	64	80	94	143	#
87	315.909	9	33	34	80	99	104	143	#
88	41.4993	118	#
89	808.116	23	29	35	40	48	69	79	89	103	117	144	#
90	841.169	14	18	26	38	55	79	102	109	119	125	144	#
91	823.051	9	20	23	26	39	54	57	64	79	119	144	#
92	804.457	24	26	30	49	55	57	80	82	89	104	144	#
93	657.088	25	29	36	52	54	55	74	78	90	117	144	#
94	633.423	1	9	38	59	70	80	82	103	107	115	144	#
95	125.079	37	44	145	#
96	84.3969	37	94	145	#
97	69.5712	9	37	96	#
98	551.432	0	25	28	41	52	61	63	109	146	#
99	667.811	25	41	45	73	83	106	107	114	146	#
100	605.699	10	19	22	37	73	79	109	127	146	#
101	569.49	7	17	28	33	36	65	104	117	146	#
102	494.234	41	61	75	89	103	107	116	127	146	#
103	493.926	6	13	26	27	63	65	96	101	146	#
104	886.624	3	19	20	40	54	66	68	79	83	93	115	118	147	#
105	966.963	7	19	20	28	39	47	49	66	87	91	97	111	147	#
106	951.508	5	7	23	28	39	47	49	79	105	110	111	118	147	#
107	902.438	37	40	42	51	54	66	71	72	80	89	96	116	147	#
108	867.338	16	17	20	21	49	54	69	71	77	99	115	127	147	#
109	834.441	5	16	31	39	42	54	55	59	66	75	79	82	147	#
110	81.4725	95	#
111	605.87	16	35	51	66	78	83	92	99	106	114	148	#
112	796.786	3	51	61	63	89	96	106	114	118	122	148	#
113	779.91	3	5	11	16	23	37	39	63	105	112	148	#
114	765.95	18	19	20	26	41	77	105	108	109	114	148	#
115	697.431	4	8	26	52	58	60	83	88	99	102	148	#
116	679.76	16	47	68	83	88	94	95	103	106	127	148	#
117	423.411	46	65	106	125	149	#
118	424.454	53	65	81	108	149	#
119	380.687	42	57	71	125	149	#
120	371.11	71	79	106	127	149	#
121	476.657	35	64	84	89	96	107	150	#
122	559.663	3	13	73	89	92	97	150	#
123	486.986	35	44	63	92	96	120	150	#
124	483.321	76	83	90	107	120	127	150	#
125	474.816	3	96	112	122	124	127	150	#
126	468.307	24	51	52	64	116	125	150	#
127	2022.61	1	2	8	16	18	26	28	32	34	43	44	48	51	52	61	62	68	70	71	75	79	80	84	89	93	124	151	#
128	2129.3	4	5	10	15	24	39	45	49	51	52	53	57	62	65	73	80	82	83	85	89	90	101	104	109	115	124	151	#
129	1995.13	12	18	19	25	26	28	32	33	39	51	71	76	78	81	82	83	85	88	89	93	97	98	101	115	118	120	151	#
130	1944.57	2	8	24	25	26	28	32	37	46	48	72	82	83	84	85	88	93	103	105	107	113	116	118	120	124	125	151	#
131	1938.12	2	5	12	15	23	25	26	32	33	51	57	62	80	84	86	88	90	94	99	100	103	106	109	116	122	123	151	#
132	1926.74	3	12	28	33	34	36	39	43	48	62	64	65	69	80	85	93	98	99	104	106	109	117	118	121	124	125	151	#
133	38.3299	75	#
134	45.4366	29	#
135	760.357	13	17	26	29	56	63	68	69	91	94	105	106	111	152	#
136	1026.18	8	13	20	38	52	56	66	80	93	111	114	122	124	152	#
137	979.642	7	17	26	34	38	59	82	89	107	110	111	114	116	152	#
138	969.635	4	7	9	62	69	82	89	91	93	105	114	123	127	152	#
139	931.68	18	29	30	38	46	62	63	82	93	102	116	122	127	152	#
140	928.905	4	5	11	23	25	51	56	65	93	100	105	109	122	152	#
141	120.953	90	97	100	153	#
142	82.9033	40	100	114	153	#
143	121.565	7	9	154	#
144	134.71	7	27	154	#
145	88.1162	9	117	154	#
146	944.95	26	33	38	42	64	67	75	77	80	82	84	108	111	117	155	#
147	1198.17	6	13	25	28	29	33	46	65	68	92	102	117	125	126	155	#
148	1162.74	8	31	39	69	74	80	81	84	85	95	96	107	118	119	155	#
149	1141.48	3	6	12	35	38	52	53	59	64	74	82	92	111	112	155	#
150	1123.94	6	29	39	44	71	80	81	90	108	112	116	117	119	127	155	#
151	1091.09	3	31	32	38	52	68	70	75	76	81	92	111	117	122	155	#
152	313.968	40	44	73	93	118	156	#
153	418.335	35	40	54	88	92	156	#
154	330.889	55	74	83	84	93	156	#
155	313.042	24	57	73	84	122	156	#
156	253.949	25	28	86	117	118	156	#
157	1710.46	15	28	32	42	44	47	49	50	51	61	67	71	86	90	91	97	100	105	115	117	120	122	126	127	157	#
158	1874.73	10	12	21	22	41	42	44	46	47	48	51	53	58	67	68	71	77	82	84	96	101	105	107	125	157	#
159	1808.14	3	6	9	15	18	23	29	32	40	44	45	46	59	61	67	68	80	85	89	98	102	115	120	127	157	#
160	1798.36	7	15	16	27	28	37	38	40	41	43	62	68	71	74	77	78	85	89	93	100	101	105	117	126	157	#
161	1764.25	1	2	15	21	35	44	47	67	69	77	78	81	85	88	89	90	91	92	98	101	102	107	121	122	157	#
162	1756.77	6	10	20	23	27	32	42	48	53	54	58	63	65	68	69	71	80	92	101	102	103	107	109	117	157	#
163	90.0472	72	95	158	#
164	105.65	14	72	158	#
165	24.2153	37	95	158	#
166	310.052	49	64	71	83	103	159	#
167	445.235	39	49	76	88	107	159	#
168	381.065	64	93	96	98	101	159	#
169	332.41	43	44	70	82	83	159	#
170	267.883	4	71	86	102	106	159	#
171	222.67	0	2	103	105	117	159	#
172	468.12	11	43	66	72	92	98	122	160	#
173	583.281	10	28	35	82	98	121	125	160	#
174	563.731	10	11	27	38	71	73	93	160	#
175	515.946	11	21	37	49	56	66	92	160	#
176	461.687	2	18	40	66	88	121	126	160	#
177	411.091	2	15	25	28	30	39	72	160	#
178	661.698	17	48	52	56	76	85	97	102	114	161	#
179	848.837	1	3	18	50	57	92	97	98	116	161	#
180	777.319	11	16	17	36	62	66	89	98	115	161	#
181	729.528	12	13	44	48	97	102	105	120	126	161	#
182	696.382	18	42	46	48	54	69	92	106	109	161	#
183	686.326	12	24	25	47	92	112	114	115	118	161	#
184	178.746	36	40	61	64	162	#
185	199.659	61	63	70	90	162	#
186	133.048	22	23	76	163	#
187	175.022	23	37	79	163	#
188	171.643	7	58	76	163	#
189	175.718	6	16	39	164	#
190	233.837	39	65	67	164	#
191	162.671	6	15	35	164	#
192	133.761	16	22	35	164	#
193	2606.3	2	3	5	8	10	14	15	16	18	23	30	33	38	41	47	58	59	61	67	71	89	90	91	92	94	98	100	101	103	105	109	114	116	124	126	127	165	#
194	2781.01	0	3	6	7	20	23	24	30	38	39	40	41	46	49	50	59	61	72	74	80	82	93	94	95	96	98	99	100	101	104	105	107	108	109	112	123	165	#
195	2773.33	3	5	8	10	14	16	24	25	27	30	36	38	41	44	45	48	55	57	59	64	70	79	83	87	95	98	103	106	107	112	113	115	116	125	126	127	165	#
196	2716.49	7	10	12	14	15	18	20	23	24	32	37	39	40	44	45	47	50	51	54	59	60	64	67	76	80	82	90	93	94	98	106	115	116	122	123	127	165	#
197	2707.34	3	6	8	10	13	15	20	21	23	24	28	33	37	41	45	49	51	54	57	59	61	75	77	78	82	89	91	93	94	95	104	107	112	123	125	127	165	#
198	2692.56	3	5	7	8	9	14	15	17	24	28	30	31	32	38	39	43	45	51	58	61	67	68	71	75	80	82	89	95	97	104	105	106	107	114	116	123	165	#
199	1021.87	6	11	12	14	39	51	58	63	66	70	83	90	110	125	126	166	#
200	1256.32	2	29	30	39	45	46	75	90	95	101	105	107	111	116	119	166	#
201	1153.51	6	10	18	19	29	52	62	66	88	92	93	103	105	106	107	166	#
202	1136.63	31	34	35	36	40	52	56	63	82	83	98	114	118	119	122	166	#
203	1131.36	1	19	26	52	63	65	83	92	99	100	111	114	118	125	126	166	#
204	1129.91	32	35	40	45	58	70	71	82	84	90	92	109	112	114	118	166	#
205	160.151	14	30	82	124	167	#
206	227.604	34	57	91	124	167	#
207	91.696	0	29	82	99	167	#
208	1262.03	12	14	24	29	37	41	49	55	56	65	74	89	92	95	104	118	123	168	#
209	1525.59	6	9	14	23	41	46	54	57	59	65	79	89	90	91	94	98	109	168	#
210	1373.33	4	6	23	44	54	55	60	66	76	79	80	87	92	95	109	111	125	168	#
211	1349.36	4	6	9	21	26	28	32	35	42	50	53	59	61	89	90	105	109	168	#
212	1322.39	18	21	30	35	53	54	61	65	71	74	76	80	83	85	105	110	123	168	#
213	1314.4	12	19	20	24	32	36	46	59	63	70	76	79	90	104	106	113	115	168	#
214	1799.94	2	10	15	24	27	32	40	50	53	58	64	66	67	69	70	85	86	98	99	107	110	112	113	116	119	169	#
215	2082.93	5	7	10	12	13	16	24	32	41	49	50	57	59	62	63	70	73	75	78	79	87	102	105	108	110	169	#
216	2065.5	2	5	7	8	10	12	16	24	27	32	38	39	49	54	69	74	88	89	92	94	98	101	105	108	121	169	#
217	1992.98	5	6	16	23	24	33	43	46	52	55	62	70	75	80	87	91	92	94	99	106	107	108	112	119	127	169	#
218	1974.93	8	10	23	27	32	37	39	44	48	49	57	59	64	66	70	78	80	81	92	102	105	110	112	120	125	169	#
219	1904.96	0	7	23	24	25	26	29	33	37	48	49	51	53	57	61	70	76	99	102	106	110	112	114	116	119	169	#
220	2183.57	3	10	12	24	26	27	32	35	38	41	42	50	54	57	61	65	66	67	75	78	81	86	91	99	103	108	110	115	116	118	120	122	170	#
221	2468.89	0	4	13	20	21	24	25	35	38	41	44	45	46	65	74	75	77	79	80	81	84	90	92	93	98	102	110	112	113	119	122	126	170	#
222	2427.22	3	13	15	20	21	28	29	34	41	49	51	53	55	57	61	68	78	81	85	87	88	89	93	98	100	110	113	115	117	118	119	123	170	#
223	2423.4	4	5	9	15	20	24	35	42	43	44	45	48	52	66	71	80	81	82	84	85	86	88	90	93	107	110	115	117	119	123	124	126	170	#
224	2390.55	2	5	8	12	21	30	38	40	44	48	49	54	57	58	59	70	80	84	85	87	90	93	98	100	107	108	113	114	115	118	119	126	170	#
225	2339.35	10	17	20	25	26	29	30	38	44	50	53	54	66	70	75	77	78	81	82	85	92	93	97	98	100	111	113	115	116	120	123	124	170	#
226	88.6333	12	#
227	242.205	6	35	41	95	97	171	#
228	361.797	10	76	81	87	95	171	#
229	360.716	21	35	66	103	114	171	#
230	359.228	5	6	48	54	57	171	#
231	239.165	15	44	47	91	97	171	#
232	230.77	21	36	84	172	#
233	241.265	36	52	83	172	#
234	202.671	56	84	119	172	#
235	183.638	17	21	84	172	#
236	1145.86	3	24	48	68	76	78	92	95	100	102	112	119	122	124	125	173	#
237	1167.19	7	9	23	25	26	49	61	75	85	104	112	115	122	123	125	173	#
238	1138.2	3	10	18	25	34	56	59	60	68	75	76	77	98	105	127	173	#
239	1123.55	2	4	10	21	29	47	59	87	106	107	112	113	115	122	124	173	#
240	1036.5	16	18	25	37	39	56	61	80	92	99	100	102	115	122	123	173	#
241	1007	10	12	18	41	48	50	55	57	76	80	86	99	108	109	125	173	#
242	251.664	1	3	174	#
243	212.961	1	25	174	#
244	209.741	3	30	174	#
245	97.5147	40	117	#
246	60.0668	82	98	175	#
247	89.2124	26	98	175	#
248	114.234	56	99	176	#
249	140.929	91	99	176	#
250	111.182	2	56	176	#
251	623.472	1	6	8	20	59	75	84	86	102	177	#
252	792.213	16	20	46	62	88	101	109	112	121	177	#
253	677.153	5	10	20	86	96	114	116	118	125	177	#
254	671.293	1	6	32	36	53	99	101	105	114	177	#
255	655.08	6	8	16	20	66	75	93	98	105	177	#
256	616.386	4	28	35	44	66	80	86	101	102	177	#
257	223.16	0	72	104	178	#
258	253.4	72	81	105	178	#
259	219.888	0	8	26	178	#
260	176.414	48	84	104	178	#
261	995.222	23	27	28	29	31	50	54	73	74	90	103	109	115	127	179	#
262	1364.82	1	6	18	21	36	42	48	49	51	60	73	81	87	90	179	#
263	1148.58	14	21	22	23	27	42	46	58	85	87	96	115	123	127	179	#
264	1054.53	27	36	40	48	50	67	74	87	96	97	103	114	115	123	179	#
265	1050.23	3	15	20	27	47	48	66	73	74	79	83	112	115	121	179	#
266	1049.29	21	29	34	50	56	59	60	62	66	87	89	109	114	116	179	#
267	496.637	48	62	89	94	116	126	180	#
268	632.088	32	45	49	53	62	74	180	#
269	521.968	8	13	51	89	109	116	180	#
270	474.979	21	48	65	91	119	125	180	#
271	460.371	32	63	89	93	114	123	180	#
272	400.427	88	91	92	94	102	114	180	#
273	477.701	13	50	74	98	108	112	120	181	#
274	638.949	7	26	50	52	74	87	89	181	#
275	580.863	11	13	49	59	60	79	90	181	#
276	536.434	6	15	22	53	78	88	112	181	#
277	477.66	23	29	53	54	74	88	103	181	#
278	421.583	21	72	80	98	117	120	125	181	#
279	140.433	3	4	182	#
280	169.525	3	78	182	#
281	226.812	45	111	121	183	#
282	208.798	15	76	111	183	#
283	111.923	6	111	121	183	#
284	647.366	30	31	52	59	64	122	123	184	#
285	799.221	18	32	52	81	88	89	119	184	#
286	670.873	9	59	62	79	112	115	123	184	#
287	569.648	12	30	33	79	100	117	119	184	#
288	529.126	17	29	30	31	62	108	127	184	#
289	526.463	8	11	59	70	87	100	123	184	#
290	700.745	4	8	11	19	25	28	44	91	108	117	185	#
291	904.668	3	7	8	21	25	28	85	98	118	121	185	#
292	813.344	7	8	12	25	53	72	108	115	118	120	185	#
293	782.219	11	17	30	35	39	81	90	98	111	126	185	#
294	714.404	18	46	47	59	63	72	91	98	107	124	185	#
295	675.36	3	24	33	36	77	90	91	110	117	118	185	#
296	541.659	6	50	62	66	75	81	108	186	#
297	767.082	13	14	45	53	61	62	104	186	#
298	653.144	3	32	38	71	75	93	108	186	#
299	484.951	2	6	23	65	80	108	117	186	#
300	457.634	6	26	65	71	99	108	118	186	#
301	409.186	5	29	65	81	100	101	111	186	#
302	1443.56	7	14	19	23	30	32	33	34	38	42	46	47	48	51	54	56	58	64	72	81	86	99	103	111	122	126	127	187	#
303	2153.6	2	3	11	17	21	22	23	28	36	44	51	54	56	57	58	59	64	72	81	86	88	89	90	113	120	124	127	187	#
304	2134.14	12	14	17	19	20	27	32	36	39	41	44	48	49	55	56	57	68	75	85	88	89	90	97	102	107	109	127	187	#
305	2124.17	3	5	11	13	14	16	19	21	23	25	32	43	44	54	57	64	72	78	81	83	89	90	94	96	113	116	127	187	#
306	2039.4	3	17	20	25	41	42	44	49	51	53	55	59	72	84	85	89	94	102	103	104	107	113	116	117	123	124	127	187	#
307	2037.56	13	14	19	20	21	26	28	30	34	35	36	41	43	47	49	54	61	81	83	88	89	90	94	97	99	107	127	187	#
308	372.447	50	55	68	76	84	86	92	122	188	#
309	558.126	24	42	43	58	92	94	122	126	188	#
310	509.637	12	20	47	50	77	87	88	116	188	#
311	449.829	3	34	40	42	55	93	114	125	188	#
312	391.69	40	42	64	71	74	77	92	99	188	#
313	1113.31	1	3	20	22	36	41	50	56	61	72	79	90	93	116	125	189	#
314	1371.19	3	21	25	66	69	71	77	86	90	96	106	111	113	115	116	189	#
315	1233.8	2	11	12	32	41	50	60	88	90	100	106	107	112	120	122	189	#
316	1158.81	18	23	31	34	38	50	67	77	81	90	92	98	99	106	112	189	#
317	1155.83	0	6	7	14	18	30	59	60	64	68	92	93	98	108	125	189	#
318	1143.82	33	34	46	55	56	65	66	68	76	81	82	96	98	103	116	189	#
319	989.156	3	26	29	46	57	64	68	71	74	77	93	107	119	127	190	#
320	1228.37	1	3	20	22	34	44	59	61	96	98	112	114	116	119	190	#
321	1219.1	5	8	11	24	39	62	77	98	105	107	109	119	123	126	190	#
322	1165.36	5	13	18	21	24	41	44	63	66	93	104	108	115	120	190	#
323	1109.81	1	2	8	9	24	30	36	44	48	51	60	71	80	93	190	#
324	1082.04	7	23	31	44	46	51	67	77	96	105	108	109	113	122	190	#
325	65.1116	94	#
326	471.064	0	16	23	29	44	111	116	117	191	#
327	599.911	10	16	20	29	79	102	109	111	191	#
328	556.12	0	8	34	36	72	77	98	119	191	#
329	543.019	5	14	23	43	72	108	110	126	191	#
330	529.663	50	57	58	63	82	90	99	117	191	#
331	520.162	2	12	30	42	44	48	99	102	191	#
332	735.791	3	5	28	40	44	45	78	79	105	119	192	#
333	908.752	14	31	36	40	41	53	60	96	109	114	192	#
334	875.671	11	15	25	28	32	65	72	89	112	113	192	#
335	821.374	3	8	32	65	81	83	91	105	118	125	192	#
336	795.431	1	32	37	41	44	48	79	85	109	116	192	#
337	760.052	3	9	13	15	20	59	68	85	108	113	192	#
338	756.814	8	23	27	60	65	69	71	73	83	95	97	104	114	127	193	#
339	1127.64	13	27	28	31	40	57	59	62	86	104	107	108	110	123	193	#
340	1120.84	0	6	8	10	25	52	53	69	72	81	108	109	120	127	193	#
341	1088.36	26	32	35	38	40	72	76	80	83	90	94	109	113	115	193	#
342	1042.71	26	32	36	62	64	69	76	79	86	90	95	96	106	122	193	#
343	1036.61	0	11	34	40	45	59	62	68	97	103	108	115	118	122	193	#
344	94.8558	89	#
345	292.78	10	75	106	111	194	#
346	297.213	70	104	106	116	194	#
347	280.582	22	42	75	109	194	#
348	266.162	12	37	111	116	194	#
349	190.883	10	34	86	112	194	#
350	790.504	4	30	31	61	62	68	72	95	104	107	195	#
351	899.418	13	24	31	37	68	92	99	101	105	126	195	#
352	892.479	53	62	72	78	89	92	97	98	104	105	195	#
353	791.725	31	37	64	82	84	94	98	105	107	108	195	#
354	695.083	4	13	59	70	76	92	96	104	124	126	195	#
355	682.545	4	12	19	39	47	59	65	84	104	120	195	#
356	1739.64	9	12	17	21	25	28	32	36	47	53	54	57	62	79	86	87	93	108	111	113	115	119	125	196	#
357	2013.2	1	3	6	15	18	24	26	35	44	46	53	66	68	73	74	76	79	81	95	106	108	113	115	196	#
358	1988.18	0	18	20	23	26	36	45	47	48	53	54	59	62	73	79	88	89	92	105	109	111	115	125	196	#
359	1882.44	2	14	15	17	20	26	41	45	53	55	59	68	73	75	77	87	92	94	99	104	106	113	125	196	#
360	1799.84	0	3	15	16	25	27	35	39	50	53	58	66	74	77	78	79	89	92	93	104	121	125	126	196	#
361	1779.28	1	8	14	17	32	35	42	46	50	53	59	68	73	76	77	78	80	87	95	114	116	117	125	196	#
362	1437.25	21	41	42	53	54	56	65	70	75	76	82	95	96	98	106	107	119	120	127	197	#
363	1409.47	0	8	11	12	33	35	42	46	49	71	76	78	81	91	97	98	104	105	125	197	#
364	1409.36	0	6	7	11	45	48	54	65	73	74	75	78	94	96	97	104	111	116	120	197	#
365	1409.03	5	11	13	20	23	33	47	48	60	62	65	75	76	82	90	106	116	119	127	197	#
366	1397.46	0	5	6	12	13	44	46	53	61	66	78	79	81	82	84	96	112	119	123	197	#
367	1373.86	0	6	22	23	35	41	42	44	48	55	56	60	73	76	78	82	96	98	127	197	#
368	376.445	1	19	61	127	198	#
369	384.471	7	19	68	110	198	#
370	336.871	1	64	76	115	198	#
371	271.705	13	115	120	127	198	#
372	248.606	34	46	55	61	198	#
373	95.0021	77	#
374	800.612	0	9	23	29	38	43	60	68	86	103	105	112	122	199	#
375	1173.56	38	42	45	60	68	81	86	87	89	92	94	98	112	199	#
376	1166.58	19	23	35	38	42	48	68	75	84	90	96	106	116	199	#
377	1054.83	20	31	35	36	44	55	56	60	68	85	89	99	103	199	#
378	1027.32	14	18	23	26	52	58	79	83	92	93	100	122	126	199	#
379	954.164	1	4	9	13	31	43	45	52	78	89	99	107	114	199	#
380	1350.47	12	22	26	27	32	43	48	67	77	85	91	93	94	97	98	101	111	114	117	119	125	200	#
381	1580.88	7	15	17	18	24	29	41	62	65	67	78	80	82	88	92	101	114	116	120	122	125	200	#
382	1548.15	1	4	7	14	16	18	32	45	46	48	54	75	82	85	88	92	101	108	110	114	119	200	#
383	1527.44	12	21	23	42	44	45	46	52	59	60	62	64	67	70	72	75	92	93	98	108	122	200	#
384	1522.45	1	5	11	15	48	64	72	79	82	85	87	88	92	98	100	102	103	108	122	125	127	200	#
385	1510.56	1	2	4	7	23	29	33	36	39	54	57	63	77	80	91	92	93	104	108	114	119	200	#
386	484.502	6	15	17	31	32	52	62	201	#
387	606.003	1	20	51	52	53	61	72	201	#
388	594.149	31	32	41	58	66	87	124	201	#
389	459.149	37	49	61	62	63	69	112	201	#
390	438.935	3	11	15	19	50	53	73	201	#
391	436.54	17	18	21	58	101	112	123	201	#
392	701.95	28	38	62	68	72	77	86	110	117	202	#
393	792.98	3	40	52	62	71	78	87	97	123	202	#
394	773.476	37	39	57	60	77	87	93	96	98	202	#
395	714.655	35	54	68	72	84	110	115	120	126	202	#
396	710.647	6	18	31	35	38	54	61	83	102	202	#
397	687.198	2	15	37	60	68	77	85	87	120	202	#
398	68.2177	41	#
399	296.124	39	45	127	203	#
400	328.746	24	45	107	203	#
401	145.325	7	39	70	203	#
402	108.425	3	#
403	428.964	13	17	25	39	60	97	204	#
404	495.254	13	39	44	56	68	89	204	#
405	442.435	15	31	39	62	96	127	204	#
406	418.97	5	11	17	33	38	90	204	#
407	349.874	10	25	26	72	78	120	204	#
408	341.121	47	50	60	77	99	124	204	#
409	2316.81	10	20	23	30	33	40	41	43	44	45	51	52	56	59	62	66	67	74	77	80	83	87	88	93	102	104	113	116	121	205	#
410	2453.71	1	4	5	8	21	22	23	25	37	43	45	49	52	56	57	58	61	80	83	85	88	93	105	107	109	113	114	115	123	205	#
411	2421.5	2	5	7	26	31	32	36	38	41	48	53	59	69	73	76	82	83	85	88	91	92	98	101	104	105	113	116	118	121	205	#
412	2279.39	2	5	9	10	20	23	24	26	27	31	40	43	44	49	53	57	61	65	66	75	97	100	107	113	115	118	120	121	126	205	#
413	2278.96	1	2	5	10	20	21	22	23	24	27	29	36	40	43	54	56	58	59	61	68	74	81	83	90	92	98	101	111	118	205	#
414	2270.98	0	1	7	21	22	24	27	32	37	40	43	44	51	54	65	67	73	77	90	93	98	105	108	113	116	119	120	123	127	205	#
415	807.142	4	7	14	18	24	45	74	77	86	102	106	125	206	#
416	944.791	5	14	19	30	33	36	79	81	87	90	111	113	206	#
417	939.995	18	24	40	51	57	63	65	87	101	106	109	116	206	#
418	937.368	0	8	18	39	65	67	72	74	83	105	116	125	206	#
419	784.631	7	8	10	17	21	41	53	68	78	81	87	93	206	#
420	770.301	3	14	17	29	30	35	45	47	62	108	113	123	206	#
421	1616.73	3	6	14	15	18	19	22	24	27	49	56	65	70	74	76	81	82	90	97	105	113	116	122	207	#
422	2012.95	3	5	14	15	18	22	23	37	45	59	61	81	87	89	90	91	96	105	110	112	115	125	127	207	#
423	1761.04	3	5	6	10	12	17	18	19	24	25	38	39	45	50	51	59	61	70	76	93	98	108	122	207	#
424	1746.44	13	18	22	24	35	37	50	51	56	64	67	79	81	82	84	90	92	105	111	115	120	122	125	207	#
425	1705.35	0	6	7	12	15	18	19	24	52	56	63	64	67	73	75	89	92	105	111	112	117	122	125	207	#
426	1694.23	12	14	19	22	23	24	25	30	37	39	49	51	54	56	58	59	61	65	67	70	74	92	110	207	#
427	431.875	11	17	39	72	76	81	91	95	208	#
428	625.761	8	17	25	70	96	105	116	117	208	#
429	533.854	51	56	59	85	92	95	98	100	208	#
430	528.052	4	10	25	49	70	72	76	122	208	#
431	484.602	12	16	22	91	94	110	116	122	208	#
432	481.09	11	21	26	62	102	121	126	127	208	#
433	58.3915	54	#
434	303.749	47	51	59	76	79	209	#
435	388.396	19	23	79	81	84	209	#
436	387.139	15	33	59	62	97	209	#
437	352.968	6	23	45	76	93	209	#
438	231.266	0	29	51	73	96	209	#
439	85.1842	42	#
440	1158.24	0	18	31	34	39	46	58	68	72	79	84	98	99	102	110	113	121	124	127	210	#
441	1613.15	5	10	12	20	31	40	45	66	67	75	76	88	92	95	99	107	110	113	125	210	#
442	1528.16	0	10	11	25	28	31	36	52	58	59	66	95	99	108	110	115	124	125	127	210	#
443	1525.55	8	11	12	13	21	23	43	45	51	52	57	58	60	61	77	91	96	103	111	210	#
444	1506.09	8	10	11	12	18	28	36	37	38	45	51	53	54	76	91	95	100	115	124	210	#
445	1456.92	2	11	23	24	28	40	53	57	61	62	66	72	74	92	99	104	107	108	113	210	#
446	125.837	32	100	211	#
447	119.18	100	110	211	#
448	75.7972	32	84	211	#
449	2094.44	16	19	21	24	25	28	40	41	48	52	53	63	64	65	68	72	84	85	89	98	107	108	111	112	114	118	122	123	212	#
450	2216.88	18	19	21	26	29	32	35	42	48	53	54	57	61	64	68	72	86	88	90	91	97	98	102	103	107	115	119	127	212	#
451	2212.19	12	18	21	23	24	29	32	33	35	37	48	49	52	53	54	58	59	60	65	72	77	79	82	90	94	97	111	125	212	#
452	2150.61	10	11	15	17	24	32	36	41	46	51	52	53	54	59	62	63	65	71	76	83	86	91	97	98	106	114	116	123	212	#
453	2126.88	1	3	4	10	11	13	24	26	31	33	42	45	48	53	58	59	61	63	78	84	88	89	107	112	113	118	126	127	212	#
454	2113.81	0	22	29	31	33	45	48	51	61	62	63	64	73	78	81	82	88	90	96	97	98	104	107	118	124	125	126	127	212	#
455	479.187	5	18	29	37	38	67	102	103	119	126	213	#
456	631.03	2	52	61	94	98	99	108	117	118	119	213	#
457	616.213	40	63	71	73	84	85	87	90	126	127	213	#
458	256.699	13	19	21	30	37	89	214	#
459	352.496	16	30	46	83	105	125	214	#
460	331.632	13	46	67	82	91	108	214	#
461	235.351	4	19	36	59	64	78	214	#
462	506.701	25	30	42	49	64	92	93	111	215	#
463	655.139	1	20	21	24	30	32	57	103	215	#
464	590.63	5	25	57	59	70	115	124	127	215	#
465	585.245	5	49	58	68	71	72	96	98	215	#
466	550.805	0	2	10	23	68	93	98	102	215	#
467	550.085	9	10	21	24	41	101	109	111	215	#
468	565.061	3	24	48	54	59	103	122	127	216	#
469	758.225	6	35	59	87	88	112	114	125	216	#
470	716.368	59	60	71	103	112	120	123	124	216	#
471	714.113	3	14	42	51	59	90	116	127	216	#
472	605.692	3	5	26	31	33	49	101	120	216	#
473	567.037	2	12	24	38	49	82	83	122	216	#
474	385.118	63	76	103	107	109	111	217	#
475	550.276	4	51	61	104	107	117	217	#
476	513.132	2	36	38	88	101	109	217	#
477	510.941	1	18	21	53	76	85	217	#
478	393.803	9	50	89	93	109	111	217	#
479	314.985	26	34	40	58	63	127	217	#
480	171.53	41	60	218	#
481	164.41	41	77	218	#
482	114.835	60	#
483	608.688	1	49	72	114	115	120	219	#
484	617.796	14	21	45	49	93	124	219	#
485	518.659	1	9	43	72	81	105	219	#
486	490.481	1	31	39	84	98	124	219	#
487	371.177	0	5	13	78	91	114	219	#
488	341.156	6	20	41	103	111	115	219	#
489	458.783	12	15	16	29	54	56	70	77	98	220	#
490	652.487	2	10	36	56	60	73	91	98	127	220	#
491	627.438	29	36	48	56	78	80	90	104	122	220	#
492	605.97	2	10	21	54	56	63	111	121	123	220	#
493	587.675	3	11	31	47	67	77	105	118	120	220	#
494	582.709	15	17	21	35	40	64	75	106	127	220	#
495	564.873	12	23	49	57	74	75	221	#
496	536.337	3	5	21	75	82	98	221	#
497	512.675	11	12	49	51	53	87	221	#
498	470.633	10	16	23	56	79	121	221	#
499	422.624	22	49	66	75	76	78	221	#
500	388.021	57	58	66	101	104	123	221	#
501	908.397	7	40	42	44	80	88	102	105	106	119	121	222	#
502	996.574	18	21	36	40	53	58	83	90	101	109	119	222	#
503	975.186	12	48	53	55	84	88	105	108	112	119	123	222	#
504	849.393	10	11	12	19	48	66	75	76	102	105	107	222	#
505	813.073	2	7	24	29	53	64	68	80	84	93	112	222	#
506	806.567	16	50	55	56	65	69	90	107	112	120	121	222	#
507	310.547	11	19	24	94	100	109	223	#
508	441.95	11	35	41	84	105	116	223	#
509	388.437	3	11	40	98	100	105	223	#
510	387.737	6	8	21	24	33	101	223	#
511	353.04	6	17	56	59	94	126	223	#
512	325.852	19	44	52	67	82	83	223	#
513	563.781	1	32	58	91	105	123	224	#
514	585.999	7	36	91	96	104	105	224	#
515	555.84	1	8	32	77	100	114	224	#
516	554.402	16	45	46	77	96	123	224	#
517	400.001	11	58	80	101	108	119	224	#
518	386.056	45	65	73	86	91	120	224	#
519	483.521	6	19	24	50	51	70	88	105	225	#
520	595.822	7	19	46	77	82	88	105	112	225	#
521	566.179	11	27	31	51	62	78	82	101	225	#
522	496.926	6	7	49	69	70	105	118	126	225	#
523	477.856	16	19	30	37	54	56	87	90	225	#
524	455.499	22	30	50	51	59	63	70	127	225	#
525	118.033	7	#
526	587.277	9	23	28	40	65	69	76	81	85	120	226	#
527	816.725	11	25	29	72	76	105	106	107	120	126	226	#
528	775.75	11	40	52	53	90	113	114	117	119	127	226	#
529	756.86	6	17	18	21	44	46	85	100	103	107	226	#
530	714.591	31	42	44	51	53	61	77	81	116	126	226	#
531	696.282	10	22	23	29	30	37	61	64	65	107	226	#
532	977.043	7	35	37	39	57	69	96	100	111	113	116	118	123	227	#
533	1208.47	2	7	8	21	39	56	60	92	96	112	113	115	116	227	#
534	1069.39	10	25	32	57	61	64	67	73	93	104	120	123	125	227	#
535	1006.66	5	23	24	35	53	55	57	79	86	98	107	110	114	227	#
536	1001.4	0	8	27	73	90	92	93	94	115	116	118	121	126	227	#
537	989.366	7	28	41	44	49	54	55	67	69	92	108	119	123	227	#
538	486.57	24	38	51	52	71	116	228	#
539	525.778	50	85	91	96	116	124	228	#
540	444.928	30	51	61	91	97	113	228	#
541	416.529	24	33	50	52	122	127	228	#
542	414.961	5	41	62	71	99	127	228	#
543	398.854	33	34	38	55	90	125	228	#
544	839.52	15	20	32	39	43	44	49	77	90	106	108	121	229	#
545	1095.3	1	7	13	19	32	38	50	61	64	68	90	106	229	#
546	1014.02	6	13	27	46	53	57	60	61	66	74	90	117	229	#
547	953.546	3	14	15	30	68	80	90	92	108	109	123	125	229	#
548	882.748	2	5	22	31	40	43	53	54	68	76	106	108	229	#
549	871.866	1	11	14	20	25	30	64	76	83	90	102	123	229	#
550	354.434	50	55	64	71	72	79	230	#
551	481.731	10	25	34	68	71	95	230	#
552	427.641	20	79	94	103	121	122	230	#
553	394.987	40	55	61	69	110	121	230	#
554	373.225	6	28	50	84	116	121	230	#
555	329.625	49	51	54	55	72	105	230	#
556	464.3	19	32	52	95	125	231	#
557	404.526	25	30	39	52	100	231	#
558	402.996	38	51	73	93	95	231	#
559	294.873	32	54	58	67	70	231	#
560	274.52	13	19	73	96	121	231	#
561	196.421	22	47	66	103	125	231	#
562	321.911	45	63	76	85	232	#
563	347.584	3	85	92	127	232	#
564	287.234	45	63	85	86	232	#
565	230.891	76	90	99	122	232	#
566	195.417	2	11	12	63	232	#
567	216.139	4	27	73	116	120	123	#
568	857.749	14	16	19	41	44	48	73	85	87	102	110	118	127	233	#
569	1039.5	21	36	40	45	50	76	87	89	93	96	109	110	117	233	#
570	1026.32	17	20	26	32	48	70	79	86	91	92	96	112	127	233	#
571	1016.11	30	36	59	60	70	73	76	78	87	88	92	107	120	233	#
572	974.314	16	19	24	30	32	44	52	86	91	109	111	120	121	233	#
573	921.533	37	44	48	53	60	67	74	87	91	99	111	118	123	233	#
574	771.514	0	4	5	39	41	43	82	85	96	99	104	116	123	234	#
575	997.855	18	32	35	37	39	43	62	65	66	68	81	96	97	234	#
576	919.782	0	5	6	23	25	41	44	62	80	94	103	110	124	234	#
577	899.514	5	30	44	60	66	67	85	88	91	92	95	123	127	234	#
578	888.249	3	5	13	24	29	35	45	59	63	80	82	96	102	234	#
579	882.254	3	6	35	39	48	62	65	72	80	91	96	102	124	234	#
580	885.441	6	35	39	41	43	48	91	103	116	118	122	235	#
581	972.429	43	44	48	65	80	81	89	96	105	118	122	235	#
582	908.886	6	28	43	45	59	64	73	98	116	117	118	235	#
583	823.452	11	12	54	59	68	74	80	91	103	111	115	235	#
584	818.879	25	29	35	41	43	56	58	91	96	107	122	235	#
585	813.846	19	41	47	66	73	79	95	105	106	123	125	235	#
586	1960.39	7	16	18	24	26	28	29	32	36	39	43	44	47	58	69	74	75	83	92	103	107	108	111	118	236	#
587	2023.28	12	16	18	24	28	31	38	39	49	53	55	59	60	62	66	72	73	75	93	103	107	113	123	125	236	#
588	2009.18	1	3	12	15	18	20	26	30	31	34	39	49	58	66	73	83	85	92	96	98	100	118	122	127	236	#
589	1981.35	1	6	21	31	32	40	44	45	57	58	59	63	66	69	74	75	77	85	87	93	94	101	115	126	236	#
590	1970.22	0	8	14	16	18	22	26	29	32	34	49	51	55	57	61	66	74	83	93	98	111	112	115	125	236	#
591	1902.29	8	11	12	16	18	22	24	27	31	32	40	45	47	54	62	66	74	76	80	92	93	117	123	126	236	#
592	666.873	8	22	25	40	41	42	56	59	73	118	124	237	#
593	899.989	8	39	48	49	50	64	65	103	107	110	117	237	#
594	899.587	4	26	27	39	65	81	90	103	107	110	118	237	#
595	831.794	4	8	19	27	40	42	46	70	79	87	92	237	#
596	818.003	0	8	13	18	22	39	41	62	65	81	124	237	#
597	796.566	3	22	30	38	40	46	55	62	72	83	110	237	#
598	48.799	26	63	238	#
599	81.2714	44	70	238	#
600	596.672	1	4	46	54	55	61	64	72	102	239	#
601	843.942	1	38	39	55	65	84	112	116	122	239	#
602	819.742	1	14	44	46	50	62	78	88	116	239	#
603	727.546	1	25	35	38	54	78	106	109	119	239	#
604	723.948	9	20	49	61	88	112	115	126	127	239	#
605	618.221	10	11	27	42	46	55	64	97	114	239	#
606	685.98	10	20	22	23	27	40	74	85	93	125	240	#
607	841.799	10	12	14	47	77	80	98	100	107	122	240	#
608	770.403	18	36	41	53	69	81	85	93	109	122	240	#
609	712.019	16	18	40	41	56	83	89	99	125	127	240	#
610	705.895	10	15	19	27	56	61	77	78	90	100	240	#
611	666.642	6	14	22	61	98	102	106	116	121	125	240	#
612	69.7541	115	#
613	431.229	29	33	37	44	68	84	119	241	#
614	559.495	16	18	44	91	94	123	125	241	#
615	531.113	50	60	85	93	109	119	123	241	#
616	506.952	1	30	37	44	69	84	125	241	#
617	494.351	2	3	66	68	87	115	124	241	#
618	445.485	4	23	29	35	45	57	93	241	#
619	90.7899	8	#
620	333.237	14	45	46	71	242	#
621	386.107	45	59	78	109	242	#
622	354.645	52	71	109	119	242	#
623	252.81	14	27	85	108	242	#
624	61.0106	122	#
625	169.301	19	59	243	#
626	166.763	59	119	243	#
627	136.748	19	20	243	#
628	603.8	11	14	23	31	48	66	74	78	119	244	#
629	838.862	6	14	18	31	46	87	92	109	116	244	#
630	784.55	1	11	12	33	53	74	81	116	126	244	#
631	709.184	1	14	41	66	69	70	75	107	111	244	#
632	631.874	18	20	27	31	64	68	86	92	104	244	#
633	616.662	6	8	33	43	48	57	66	69	75	244	#
634	208.716	20	24	245	#
635	214.264	20	51	245	#
636	179.858	24	126	245	#
637	1197.08	0	11	24	26	32	37	43	57	58	62	67	88	98	99	100	109	110	124	246	#
638	1488.85	11	26	29	31	35	42	43	53	54	69	79	87	105	109	112	115	119	122	246	#
639	1478.42	4	18	31	33	34	35	41	43	45	57	58	66	67	93	97	105	117	126	246	#
640	1406.12	0	8	10	12	28	31	42	44	46	50	54	66	76	85	93	100	108	111	246	#
641	1394.85	17	18	21	23	30	31	35	50	57	62	65	71	78	85	103	112	114	121	246	#
642	1382.97	1	21	28	31	37	39	42	44	68	83	85	98	99	108	118	120	123	126	246	#
643	486.022	0	38	48	55	57	60	116	247	#
644	555.589	10	28	29	48	51	58	102	247	#
645	538.602	4	14	24	46	57	69	107	247	#
646	497.098	8	40	46	50	60	99	125	247	#
647	496.345	21	28	38	39	42	71	118	247	#
648	373.231	0	9	32	62	75	110	114	247	#
649	4782.9	3	6	7	8	11	12	13	15	16	18	20	21	24	25	30	32	33	35	39	42	44	46	48	51	52	53	57	58	59	60	62	65	67	68	72	75	76	77	79	81	82	85	86	90	91	93	96	98	99	104	105	107	109	114	115	117	119	120	123	124	125	127	248	#
650	4605.12	0	4	6	7	8	13	15	16	17	18	19	20	23	24	25	26	29	32	34	39	42	46	48	49	50	51	53	55	57	59	60	62	68	71	72	73	74	75	76	79	81	86	88	90	91	92	93	95	96	98	99	104	105	107	108	109	110	111	118	122	125	127	248	#
651	4588.65	2	4	6	7	8	12	13	15	23	24	26	28	29	32	34	35	36	43	44	49	50	52	53	54	55	57	58	59	60	62	65	68	70	71	73	74	76	79	81	84	85	86	91	93	95	96	98	99	102	104	105	107	108	109	110	114	115	119	122	123	125	127	248	#
652	4552.48	1	2	6	8	9	13	15	18	19	20	23	24	31	33	34	35	36	39	40	43	44	46	48	49	50	52	55	57	59	60	62	65	66	68	70	72	73	75	77	79	81	82	84	85	86	89	90	91	92	93	95	96	104	107	109	113	114	115	117	118	119	123	248	#
653	4552.37	0	2	4	7	11	12	13	15	18	20	23	24	25	26	27	30	34	36	37	44	47	49	50	51	52	53	55	57	58	59	60	62	65	67	68	70	71	73	74	75	76	84	85	89	90	91	93	96	98	99	101	104	106	107	109	112	114	119	120	122	125	127	248	#
654	4537.83	0	2	3	4	6	7	11	13	15	16	18	19	20	24	26	30	31	35	37	39	41	42	44	46	51	53	57	58	59	60	68	70	72	76	77	81	82	84	85	86	90	91	92	93	95	96	98	101	104	105	106	107	109	113	114	115	120	122	124	125	126	127	248	#
655	141.069	39	81	249	#
656	142.718	81	113	249	#
657	94.8919	39	85	249	#
658	1101.89	3	12	14	31	49	66	89	101	103	105	108	110	250	#
659	1042.83	22	31	34	49	66	72	77	86	90	105	108	125	250	#
660	989.789	12	31	40	57	60	65	67	74	92	102	103	112	250	#
661	958.444	8	10	20	50	81	86	89	93	104	106	118	125	250	#
662	876.012	26	33	45	66	70	89	90	100	104	110	117	125	250	#
663	855.176	10	13	14	22	23	27	36	49	73	77	104	114	250	#
664	650.494	44	50	56	67	90	96	97	115	124	126	251	#
665	837.871	15	25	44	49	52	60	68	96	98	117	251	#
666	775.525	23	25	44	47	54	58	61	79	80	124	251	#
667	739.509	7	57	71	77	88	90	97	103	124	126	251	#
668	730.759	5	14	24	31	60	65	67	86	108	109	251	#
669	718.751	5	20	36	38	56	78	93	108	113	126	251	#
670	1315.4	15	18	21	24	37	44	60	63	71	86	96	100	112	113	114	118	121	125	252	#
671	1541.54	3	19	25	28	51	54	55	60	78	81	89	96	107	114	117	123	125	126	252	#
672	1530.98	2	10	20	28	49	59	60	68	69	71	80	95	96	99	102	110	115	122	252	#
673	1406.4	8	14	15	18	27	59	60	64	68	78	92	93	95	96	111	114	125	126	252	#
674	1399.3	26	36	39	44	45	55	59	66	69	70	85	88	96	107	114	117	118	125	252	#
675	1395.11	2	15	25	31	36	39	66	67	68	78	86	89	96	98	99	114	117	125	252	#
676	615.503	0	2	48	62	66	68	76	113	120	253	#
677	806.993	26	41	44	48	52	62	81	82	121	253	#
678	757.254	2	5	9	18	45	57	75	79	107	253	#
679	720.548	9	10	25	32	38	41	53	115	120	253	#
680	658.54	4	14	20	33	48	68	104	122	124	253	#
681	644.251	25	45	50	74	92	98	108	113	124	253	#
682	649.604	0	14	35	38	42	78	79	88	124	254	#
683	695.105	21	53	66	79	80	84	88	116	124	254	#
684	650.891	42	52	61	66	68	99	105	122	123	254	#
685	647.358	7	14	21	33	39	43	66	103	118	254	#
686	609.002	3	7	14	71	78	80	82	105	109	254	#
687	588.092	14	33	35	57	72	94	103	115	120	254	#
688	1583.54	2	13	20	22	23	28	45	48	50	69	70	79	83	91	97	100	106	107	116	119	124	125	255	#
689	1787.68	0	1	5	23	29	38	46	48	56	60	62	80	83	90	91	92	100	115	117	119	125	126	255	#
690	1609.58	12	13	24	27	29	31	48	49	57	70	83	84	90	95	100	101	104	106	114	122	123	126	255	#
691	1582.18	0	1	6	8	14	23	29	39	42	46	48	52	57	76	79	81	82	85	92	101	117	122	255	#
692	1576.43	4	10	11	20	28	34	45	52	60	62	68	70	72	75	79	82	85	94	95	107	124	127	255	#
693	1573.62	1	13	15	24	27	28	36	38	43	44	49	50	51	56	60	70	85	92	114	119	123	125	255	#
694	812.433	5	17	22	27	31	71	93	105	106	110	116	117	124	256	#
695	1114.99	1	17	24	33	38	48	50	53	80	87	96	116	117	256	#
696	1094.1	1	5	38	43	46	47	50	60	76	77	93	116	122	256	#
697	1086.5	1	22	25	26	68	71	79	81	96	98	102	110	127	256	#
698	1059.88	11	22	27	28	35	38	43	52	61	97	107	109	125	256	#
699	1005.09	6	17	38	48	50	75	76	88	106	109	117	118	125	256	#
700	1027.35	1	12	13	42	44	51	55	74	78	80	83	85	91	97	100	101	257	#
701	1269.79	1	10	31	32	34	37	38	44	48	58	59	60	73	83	85	108	257	#
702	1212.49	1	12	17	21	22	39	43	65	79	80	91	92	111	116	118	127	257	#
703	1209.97	1	5	11	13	23	25	30	55	71	84	87	90	97	100	110	115	257	#
704	1187.55	0	16	21	25	40	43	44	51	58	81	85	93	100	102	107	123	257	#
705	1182.74	5	9	13	25	28	50	72	77	80	83	85	88	96	102	109	119	257	#
706	1948.91	2	3	6	7	10	18	19	20	25	30	32	33	38	45	57	68	75	76	81	90	93	98	99	108	111	118	127	258	#
707	2174.24	14	15	16	17	19	31	37	38	41	44	46	61	62	66	68	75	76	78	87	89	90	92	93	98	102	116	120	258	#
708	2141.16	14	18	21	26	32	33	34	39	43	57	58	65	67	73	74	76	80	82	85	90	91	93	102	105	116	120	126	258	#
709	2137.45	1	2	4	7	10	18	21	25	26	37	39	42	58	65	75	76	79	87	89	95	102	109	111	116	117	118	120	258	#
710	2127.27	4	7	12	15	17	18	31	41	58	59	62	67	74	82	87	89	95	98	99	101	105	115	116	118	120	123	127	258	#
711	2087.61	3	4	6	7	9	14	16	18	25	26	31	32	42	46	52	58	59	60	82	85	91	98	101	102	107	114	118	258	#
712	1636.06	1	14	18	21	22	31	33	35	37	39	44	56	60	65	74	78	83	84	91	102	105	118	124	259	#
713	1996.14	4	11	12	17	19	22	31	38	42	52	56	61	68	73	76	77	79	87	107	111	112	118	121	259	#
714	1942.64	0	10	12	13	17	21	24	31	42	44	49	59	60	61	72	74	75	83	93	102	114	117	121	259	#
715	1908.38	3	4	7	8	12	19	31	35	41	47	48	49	57	62	65	68	77	80	83	87	94	109	112	259	#
716	1864.89	10	13	15	31	33	35	42	45	49	54	58	60	76	80	87	88	99	105	107	112	114	118	123	259	#
717	1864.3	2	10	18	29	33	35	39	45	61	74	76	77	78	79	89	91	99	102	110	111	121	125	126	259	#
718	546.386	1	48	60	92	94	117	260	#
719	525.312	3	52	59	93	100	117	260	#
720	505.528	1	25	42	92	98	101	260	#
721	495.716	29	48	80	85	105	109	260	#
722	467.279	1	45	74	87	104	119	260	#
723	373.638	3	4	28	69	94	116	260	#
724	714.526	25	26	43	46	50	70	71	82	91	101	127	261	#
725	951.151	16	23	31	32	51	61	62	70	90	91	117	261	#
726	935.35	2	4	58	62	71	77	88	104	105	108	127	261	#
727	829.615	10	25	26	33	56	59	61	71	75	76	82	261	#
728	808.038	10	16	19	37	59	74	76	82	97	117	127	261	#
729	798.016	12	22	33	59	67	70	76	88	89	97	111	261	#
730	936.405	0	8	28	45	50	54	58	79	82	97	98	112	117	118	121	262	#
731	1243.5	20	25	43	57	59	77	78	81	83	92	97	105	113	125	127	262	#
732	1144.46	11	45	49	54	71	73	74	76	79	82	98	100	110	112	113	262	#
733	1133.1	3	5	21	25	29	33	51	61	65	68	93	112	114	117	122	262	#
734	1110.1	10	45	62	65	70	71	81	82	83	90	93	97	98	104	109	262	#
735	1101.25	5	14	39	50	56	57	68	81	87	97	98	101	109	112	120	262	#
736	494.488	17	57	69	74	79	92	126	263	#
737	659.408	35	45	60	92	95	104	116	263	#
738	640.272	35	45	53	69	79	91	110	263	#
739	626.967	35	56	74	89	91	104	108	263	#
740	564.164	27	31	39	58	106	126	127	263	#
741	561.409	13	51	57	67	68	89	102	263	#
742	133.191	6	16	122	264	#
743	197.663	16	116	122	264	#
744	194.772	5	16	113	264	#
745	184.872	6	22	49	264	#
746	295.194	16	39	69	77	123	265	#
747	357.179	66	69	72	84	92	265	#
748	312.224	54	64	66	90	123	265	#
749	294.67	11	22	39	44	51	265	#
750	232.783	16	54	70	119	127	265	#
751	200.768	37	55	77	95	122	265	#
752	752.227	5	8	14	32	40	42	54	65	84	92	97	125	126	266	#
753	1102.63	8	9	10	12	20	44	52	77	90	94	103	109	116	266	#
754	1091.5	3	8	12	30	42	62	65	68	75	96	108	109	127	266	#
755	1046.03	21	40	43	51	57	65	79	87	89	103	108	113	127	266	#
756	939.531	20	33	37	54	65	68	80	98	100	109	113	125	126	266	#
757	874.611	5	6	8	9	12	13	16	29	63	68	89	96	126	266	#
758	1252.17	1	26	28	39	44	57	63	69	74	75	79	80	92	93	103	109	125	267	#
759	1374.56	1	21	24	39	45	51	53	57	66	69	75	79	96	101	102	103	120	267	#
760	1296.2	7	24	26	27	39	43	55	57	60	79	86	91	102	103	104	108	112	267	#
761	1245.26	0	15	44	51	55	59	60	66	69	70	75	92	93	97	104	116	126	267	#
762	1194.29	1	7	21	25	37	39	64	72	79	81	82	91	96	106	109	118	123	267	#
763	1181.8	24	31	41	43	44	56	71	72	83	86	104	108	111	114	118	121	125	267	#
764	1559.83	2	5	18	27	30	32	44	52	57	77	86	90	99	103	107	108	110	115	118	120	125	268	#
765	1731.96	7	8	18	26	50	60	63	65	75	79	80	83	85	90	91	97	98	106	117	123	125	268	#
766	1714.87	1	3	4	9	12	18	24	52	65	67	70	79	81	84	92	95	98	100	107	117	120	268	#
767	1708.95	0	10	24	27	41	46	49	50	67	74	80	81	82	85	93	96	98	107	111	112	125	268	#
768	1678.45	0	1	7	8	19	24	25	35	43	49	52	57	74	84	85	95	99	100	107	111	112	268	#
769	1634.63	0	1	3	9	13	44	47	60	67	68	75	76	77	81	98	102	107	111	116	118	120	268	#
770	665.936	11	20	31	52	54	59	95	269	#
771	611.938	11	14	48	64	79	91	104	269	#
772	584.997	20	24	37	52	71	77	101	269	#
773	525.663	2	31	32	34	44	82	102	269	#
774	517.017	4	57	59	79	103	110	120	269	#
775	508.138	31	63	91	95	100	104	123	269	#
776	940.429	6	14	17	21	29	32	34	36	37	43	52	61	69	103	113	115	270	#
777	1372.95	6	10	15	20	32	36	37	39	45	52	53	75	80	85	107	115	270	#
778	1285.72	6	11	25	29	31	39	55	63	68	72	92	93	104	109	122	125	270	#
779	1230.52	11	39	53	61	63	65	66	81	98	100	101	102	109	112	116	117	270	#
780	1227.62	3	6	20	21	25	31	39	53	68	69	70	86	88	100	101	102	270	#
781	1215.91	1	3	14	19	39	53	64	65	68	70	71	74	78	82	90	97	270	#
782	680.212	10	22	28	37	48	67	105	108	122	271	#
783	843.996	7	45	62	87	91	98	104	108	109	271	#
784	797.135	13	16	49	59	90	96	112	122	126	271	#
785	744.89	6	28	45	47	52	59	63	106	123	271	#
786	689.116	1	43	48	53	58	72	86	109	123	271	#
787	643.467	5	10	37	75	95	96	97	114	119	271	#
788	75.6005	30	102	272	#
789	94.6729	72	102	272	#
790	453.764	2	17	38	41	54	66	111	112	273	#
791	676.118	36	54	61	79	89	104	106	112	273	#
792	671.447	19	29	35	38	81	92	109	112	273	#
793	592.027	4	35	54	56	59	68	109	126	273	#
794	571.452	4	41	48	90	111	116	119	127	273	#
795	498.129	9	53	72	92	111	114	122	124	273	#
796	1385.07	12	22	32	47	49	57	69	74	77	80	82	88	90	100	106	109	113	114	123	274	#
797	1525.94	3	6	10	12	14	21	28	41	53	59	65	68	76	80	86	103	106	109	115	274	#
798	1486.09	14	15	17	28	37	44	49	50	52	68	77	91	95	97	99	101	105	110	123	274	#
799	1475.5	4	10	25	51	60	75	83	88	90	91	92	96	97	101	105	109	113	122	127	274	#
800	1468.31	9	12	28	29	37	48	49	60	61	62	63	66	74	76	80	81	106	109	113	274	#
801	1410.31	8	17	21	36	37	49	63	66	68	77	80	83	90	95	103	104	108	111	126	274	#
802	232.061	29	65	103	275	#
803	297.424	13	65	95	275	#
804	265.183	29	57	81	275	#
805	201.497	70	79	103	275	#
806	496.787	1	39	63	76	93	116	276	#
807	493.291	1	19	38	39	68	100	276	#
808	492.269	28	37	61	78	116	119	276	#
809	457.757	15	53	75	76	93	95	276	#
810	406.184	22	29	72	76	95	113	276	#
811	370.951	1	12	19	63	99	125	276	#
812	161.096	16	39	63	119	124	#
813	715.417	13	41	52	79	89	93	121	277	#
814	583.159	0	1	9	21	52	53	58	277	#
815	533.864	10	30	48	55	79	93	99	277	#
816	494.973	17	66	77	86	93	125	126	277	#
817	473.685	6	8	28	69	89	110	122	277	#
818	417.574	6	8	20	39	41	54	106	277	#
819	108.784	73	83	278	#
820	138.5	83	124	278	#
821	126.519	32	73	278	#
822	1029.48	0	7	8	29	34	35	40	41	48	74	75	76	94	98	103	109	120	122	279	#
823	1416.45	1	2	8	15	16	18	32	35	40	47	57	60	68	74	76	103	104	112	279	#
824	1314.78	1	2	19	22	23	28	29	33	35	46	57	62	65	71	76	86	100	126	279	#
825	1296.95	6	10	15	18	25	38	42	49	51	57	69	75	90	93	95	112	125	126	279	#
826	1295.53	8	10	32	53	54	60	65	69	72	86	88	94	97	100	107	109	113	127	279	#
827	1264.87	3	10	17	22	25	30	34	41	48	53	58	70	74	84	91	106	107	127	279	#
828	1231.31	6	10	11	12	14	32	92	103	105	106	112	125	127	280	#
829	1159.22	6	13	21	24	31	49	52	74	77	81	89	101	121	280	#
830	1009.01	7	16	21	32	41	42	77	81	88	99	105	121	125	280	#
831	1005.55	0	6	10	11	17	41	42	44	53	62	63	69	92	280	#
832	1005.23	6	22	23	27	49	51	56	66	92	105	116	121	125	280	#
833	938.69	8	12	21	35	65	67	70	85	94	103	106	120	127	280	#
834	935.894	20	23	62	63	79	94	95	104	106	110	111	124	125	127	281	#
835	1112.57	0	3	10	20	25	36	47	59	86	92	94	103	112	123	281	#
836	1110.1	2	15	18	19	31	57	61	62	79	85	86	89	94	123	281	#
837	1059.27	19	20	37	55	61	68	77	81	83	94	103	115	120	127	281	#
838	1048.81	8	10	15	27	31	33	44	61	78	104	106	112	121	123	281	#
839	997.831	9	10	15	44	54	63	67	73	74	103	105	106	112	127	281	#
840	1652.68	2	3	18	20	22	23	24	34	45	50	57	59	66	67	69	77	84	87	115	116	282	#
841	1774.8	2	5	6	7	9	11	38	40	49	57	58	62	68	77	85	90	100	115	116	126	282	#
842	1675.69	2	7	8	13	22	24	32	37	43	45	46	48	51	65	69	74	79	90	94	117	282	#
843	1552.51	4	11	13	14	32	43	46	50	57	59	60	62	66	77	79	92	94	107	110	118	282	#
844	1524.74	5	9	16	17	18	31	38	42	43	52	57	64	66	67	74	92	104	106	116	118	282	#
845	1481.09	1	5	12	45	46	47	51	62	63	67	84	90	92	104	106	111	113	116	120	121	282	#
846	789.553	5	8	11	28	49	55	64	69	72	101	102	126	283	#
847	939.897	5	15	20	23	25	28	41	51	89	96	103	119	283	#
848	903.019	7	11	12	18	19	27	40	41	53	72	80	102	283	#
849	894.333	22	26	31	33	55	71	77	94	96	99	107	123	283	#
850	893.803	0	10	18	24	39	67	72	78	79	87	125	126	283	#
851	844.094	4	5	14	37	39	49	53	66	71	77	95	126	283	#
852	140.626	49	#
853	373.313	12	53	107	112	284	#
854	372.507	73	85	112	127	284	#
855	367.658	12	62	83	113	284	#
856	341.483	35	49	53	76	284	#
857	308.421	23	60	75	107	284	#
858	1348.09	2	3	15	19	20	22	26	39	43	46	56	62	73	74	88	91	109	126	285	#
859	1396.93	10	15	20	25	28	39	52	76	79	81	82	83	85	90	115	116	120	121	285	#
860	1394.43	7	9	13	16	21	32	52	56	58	60	62	63	69	72	90	114	117	126	285	#
861	1331.91	3	10	15	18	28	29	32	37	40	44	47	51	61	66	74	76	78	91	285	#
862	1293.61	0	4	11	25	28	39	41	47	48	52	61	62	69	72	81	85	106	115	285	#
863	1291.98	7	28	39	43	47	49	59	62	64	73	82	88	93	99	101	107	124	126	285	#
864	491.265	21	24	29	51	66	70	95	286	#
865	595.486	12	13	24	67	70	87	116	286	#
866	514.096	10	21	51	75	94	107	120	286	#
867	489.133	12	34	55	66	85	95	116	286	#
868	484.516	0	12	50	59	66	70	121	286	#
869	473.754	33	38	51	58	89	101	125	286	#
870	360.41	18	27	30	66	126	287	#
871	506.061	10	31	69	89	126	287	#
872	447.397	30	50	62	75	116	287	#
873	425.098	0	32	35	66	89	287	#
874	407.332	8	18	24	66	81	287	#
875	305.957	27	47	62	70	90	287	#
876	205.987	13	43	62	288	#
877	236.536	13	46	122	288	#
878	193.984	9	62	92	288	#
879	187.342	43	94	125	288	#
880	1575.8	3	12	16	17	19	32	35	41	46	51	54	56	61	64	74	77	79	83	87	88	89	92	114	121	124	289	#
881	1969.76	1	10	11	17	19	24	30	32	33	45	46	51	56	58	61	69	73	74	78	79	81	85	86	93	123	289	#
882	1863.72	3	8	11	20	21	32	46	51	52	56	60	64	69	71	74	77	78	79	94	105	106	109	123	126	127	289	#
883	1854.14	2	5	6	11	14	17	25	30	33	45	46	65	68	71	73	76	78	92	102	115	116	117	120	125	127	289	#
884	1842.63	4	11	16	20	23	38	51	52	58	61	68	73	79	82	84	85	89	93	94	108	110	116	118	123	126	289	#
885	1839.68	6	8	9	17	19	20	25	32	59	63	64	65	66	68	73	74	75	83	85	86	97	100	107	109	127	289	#
886	664.581	3	9	10	15	23	59	85	91	92	114	290	#
887	935.29	3	7	14	52	68	79	81	91	92	107	290	#
888	801.383	3	7	32	36	46	59	83	98	104	122	290	#
889	793.791	15	17	21	46	68	87	90	92	94	98	290	#
890	764.946	12	14	60	72	88	90	94	103	112	114	290	#
891	752.839	5	10	18	51	54	78	94	119	125	126	290	#
892	270.883	20	37	92	291	#
893	208.682	20	36	37	291	#
894	207.593	70	84	92	291	#
895	197.683	7	37	40	291	#
896	1382.37	4	8	9	10	13	18	19	36	47	54	55	56	59	69	73	74	78	94	103	118	126	292	#
897	1649.07	4	5	9	10	11	25	39	68	69	73	75	76	77	79	82	98	101	103	105	106	119	292	#
898	1608.88	0	8	10	11	14	18	34	51	56	59	60	64	73	87	93	98	105	106	107	108	109	292	#
899	1574.99	5	9	14	25	26	28	47	52	53	55	59	61	78	79	84	90	94	115	116	118	125	292	#
900	1551.19	0	9	21	23	24	39	48	62	64	65	75	77	84	90	94	97	107	115	116	125	126	292	#
901	1542.91	0	4	9	18	22	31	42	44	55	62	68	69	77	81	82	103	104	108	109	117	119	292	#
902	1785.05	3	13	15	22	31	32	39	43	59	60	63	64	66	81	82	85	86	92	93	96	98	106	119	293	#
903	1801.06	4	6	12	22	25	28	34	37	39	40	42	43	66	79	88	98	104	105	110	112	117	118	122	293	#
904	1792.63	5	10	17	22	23	32	33	40	46	49	50	62	68	69	74	81	84	85	89	92	105	110	117	293	#
905	1789.4	2	3	6	11	14	17	27	46	50	59	65	67	74	79	81	84	85	87	90	96	98	111	122	293	#
906	1712.93	12	13	17	28	40	41	43	46	57	65	67	69	74	78	81	82	88	89	93	94	98	101	127	293	#
907	1711.53	3	6	8	14	15	18	37	39	46	48	57	63	71	77	83	92	98	105	106	110	112	114	122	293	#
908	665.848	33	38	39	42	57	62	65	66	76	98	124	294	#
909	991.77	28	31	39	41	43	52	59	84	104	106	109	294	#
910	930.747	20	22	30	39	65	86	103	105	109	112	127	294	#
911	855.922	41	52	59	60	62	70	87	106	119	120	126	294	#
912	820.067	28	33	43	46	50	74	79	83	90	98	121	294	#
913	736.316	13	14	21	28	33	49	66	86	95	109	111	294	#
914	112.043	25	#
915	228.395	17	54	85	125	295	#
916	313.682	30	41	80	85	295	#
917	286.41	55	85	103	125	295	#
918	227.729	54	78	79	103	295	#
919	211.782	9	17	34	96	295	#
920	458.644	52	67	81	97	116	121	296	#
921	599.698	8	52	62	71	98	111	296	#
922	543.837	9	57	87	88	97	116	296	#
923	365.68	22	26	44	81	91	121	296	#
924	313.378	46	64	66	105	113	121	296	#
925	252.784	33	37	56	67	97	119	296	#
926	1944.86	3	5	11	14	20	29	30	31	34	55	56	58	60	61	64	69	73	74	76	79	80	83	90	101	102	103	104	109	117	124	297	#
927	2327.35	5	10	12	19	22	23	30	31	38	41	42	43	46	48	49	57	61	63	64	72	73	79	87	88	91	98	103	109	116	125	297	#
928	2288.85	2	5	9	13	19	23	31	42	44	48	49	51	52	54	55	57	74	81	85	87	90	91	95	98	107	111	113	116	123	124	297	#
929	2272.26	3	7	11	15	17	20	22	23	25	31	48	54	57	59	67	70	71	74	79	81	88	89	90	98	101	113	116	122	125	127	297	#
930	2244.9	5	8	9	21	23	24	25	27	29	30	40	44	48	49	53	55	71	73	83	85	93	98	101	108	109	112	113	115	116	125	297	#
931	2244.84	3	7	9	11	14	21	24	27	34	36	41	48	49	50	55	59	60	65	71	74	78	85	87	88	90	95	104	118	119	125	297	#
932	658.254	8	39	61	80	94	102	109	116	298	#
933	777.675	8	11	31	48	77	89	94	125	298	#
934	761.463	61	76	88	92	94	105	107	122	298	#
935	708.212	31	39	61	83	96	109	113	115	298	#
936	701.972	31	38	80	82	89	96	110	122	298	#
937	622.133	0	6	22	48	76	82	102	115	298	#
938	226.128	8	52	108	299	#
939	311.831	52	116	125	299	#
940	297.76	41	79	108	299	#
941	247.055	8	11	12	299	#
942	20.0201	6	#
943	474.308	19	76	103	114	115	116	300	#
944	454.017	12	37	60	67	76	125	300	#
945	430.84	20	21	40	59	98	114	300	#
946	410.836	9	12	15	54	107	116	300	#
947	353.103	7	13	19	37	39	82	300	#
948	351.632	10	33	60	98	100	103	300	#
949	672.675	5	9	12	16	22	59	62	90	98	301	#
950	693.611	29	43	53	71	86	88	90	111	125	301	#
951	657.716	4	5	6	17	51	52	53	69	72	301	#
952	594.843	3	27	28	29	35	59	66	70	73	301	#
953	594.184	9	22	23	28	35	48	62	63	109	301	#
954	574.343	12	22	26	31	35	90	96	100	124	301	#
955	1059.96	9	27	28	41	47	52	59	64	83	86	89	101	105	109	122	302	#
956	1287.55	3	20	22	23	26	44	62	80	83	85	86	91	95	112	115	302	#
957	1191.87	3	19	22	23	32	52	56	81	92	94	104	113	116	118	122	302	#
958	1184.26	1	12	20	27	41	48	71	77	79	90	91	101	112	116	126	302	#
959	1182.66	2	9	12	19	22	28	40	59	68	70	76	102	103	114	116	302	#
960	1173	1	6	15	22	47	49	52	63	64	80	81	83	104	107	109	302	#
961	2677.34	2	15	20	26	28	29	31	32	35	39	49	50	52	57	59	62	71	74	78	81	85	86	90	95	98	100	102	109	112	115	117	123	127	303	#
962	2620.48	6	7	14	20	24	28	29	31	35	39	43	57	59	68	73	78	81	82	88	92	93	94	95	98	99	104	111	112	114	115	122	123	124	303	#
963	2514.27	6	9	14	15	23	24	28	30	32	33	34	35	36	39	45	56	62	66	67	70	71	80	81	87	92	95	98	99	104	109	111	112	114	303	#
964	2500.8	1	2	4	6	9	11	17	20	26	28	34	35	50	59	60	67	80	88	92	95	98	99	100	104	109	112	114	116	117	120	123	124	127	303	#
965	2500.22	4	6	9	13	26	29	30	34	36	38	39	43	52	59	60	61	62	66	67	73	76	78	80	92	95	102	104	107	111	112	122	123	124	303	#
966	2487.43	0	3	7	9	10	23	28	32	34	36	38	47	54	59	61	62	66	68	70	71	82	92	96	98	99	112	114	115	116	122	123	124	127	303	#
967	280.465	4	21	83	85	118	304	#
968	383.463	4	34	38	46	69	304	#
969	336.363	24	36	77	83	95	304	#
970	246.189	6	61	78	93	118	304	#
971	347.045	6	52	102	122	127	305	#
972	389.706	41	68	98	122	127	305	#
973	332.572	28	42	78	102	104	305	#
974	272.011	2	6	25	34	71	305	#
975	249.47	35	50	52	67	114	305	#
976	190.834	51	75	103	114	122	305	#
977	744.225	6	18	23	26	29	44	48	53	97	108	121	306	#
978	1051.06	6	8	12	13	24	25	42	88	89	98	116	306	#
979	975.744	7	25	29	35	61	73	81	98	105	121	127	306	#
980	940.717	19	31	44	53	62	67	73	74	87	92	97	306	#
981	866.642	4	6	21	25	42	44	48	57	61	92	127	306	#
982	819.85	3	7	12	18	22	48	51	61	96	97	108	306	#
983	1849.06	6	13	14	19	20	24	25	32	33	39	42	49	54	56	57	60	65	69	73	77	78	81	84	86	91	95	96	102	111	117	122	307	#
984	2564.08	3	10	13	25	36	38	40	45	53	58	60	61	69	72	73	75	79	89	90	91	96	102	107	108	109	115	116	118	119	125	126	307	#
985	2540.49	1	3	8	14	20	21	25	27	29	30	45	49	57	60	65	73	74	75	81	84	91	93	98	104	106	109	112	115	118	119	126	307	#
986	2478.91	5	12	21	22	38	49	56	57	58	60	62	65	66	67	69	71	80	84	87	90	101	105	107	114	115	116	117	118	121	123	126	307	#
987	2395.31	3	8	11	12	14	21	24	38	41	48	55	56	57	61	69	74	81	82	90	91	94	98	101	106	111	112	116	117	119	120	125	307	#
988	2312.65	1	3	10	11	21	22	25	26	30	44	54	55	56	60	65	66	71	73	75	76	84	86	89	90	91	97	106	116	117	119	122	307	#
989	336.67	55	65	86	103	115	125	308	#
990	469.624	21	94	100	115	118	123	308	#
991	454.629	20	22	33	52	56	125	308	#
992	449.383	6	42	58	65	92	98	308	#
993	330.672	4	6	33	68	94	103	308	#
994	316.838	27	28	39	55	90	105	308	#
995	349.748	0	2	18	41	46	122	309	#
996	469.78	43	46	51	73	103	112	309	#
997	400.704	7	18	43	47	59	77	309	#
998	398.968	16	59	103	112	122	123	309	#
999	384.546	0	21	33	62	78	124	309	#
1000	382.74	18	41	46	51	102	120	309	#
