%% File generated by CATS v.2.1Thu May  9 12:41:54 2024

%% The CATS webpage is http://robotics.stanford.edu/CATS

%% PARAMETER SETTINGS:
% Goods: 128; Bids: 1000; Distribution: arbitrary; Runs: 1; Seed: 80
% Arbitrary Distribution Parameters:
% Max Substitutable Bids = 5
% Removing HV Neighbor   = 0.1
% Adding DIAG Neighbor   = 0.2
% Additional Location    = 0.9
% Additivity             = 0.2
% Budget Factor          = 1.5
% Resale Factor          = 0.5
% Uniform Private Value:
%   Deviation            = 0.5
%   Max Good Value       = 100



goods 128
bids 1000
dummy 185

0	1847.45	0	4	6	16	18	21	23	27	28	31	35	36	46	52	57	58	72	74	75	83	87	100	101	108	111	112	119	120	121	128	#
1	2429.09	0	8	16	18	19	20	22	25	31	36	38	43	45	46	56	60	63	65	72	75	76	79	83	85	100	110	112	123	126	128	#
2	2235.68	9	13	17	20	26	36	42	43	45	46	51	57	69	70	71	72	74	75	78	90	100	104	111	112	117	120	121	123	127	128	#
3	2182.68	6	11	13	16	17	19	22	26	30	31	38	46	48	52	53	56	58	60	61	63	64	68	75	88	90	97	98	122	124	128	#
4	2143.02	0	2	8	9	11	13	15	21	22	30	45	46	56	62	65	67	72	76	85	90	92	98	101	108	111	114	119	123	126	128	#
5	2123.72	1	3	9	19	22	31	33	36	46	52	56	57	61	68	70	72	73	76	78	81	85	98	111	112	120	121	122	123	124	128	#
6	1468.75	8	9	11	17	20	22	30	46	49	54	57	64	73	84	92	97	102	104	124	129	#
7	1517.3	1	18	20	27	30	46	55	64	67	69	91	92	97	101	105	112	116	124	125	129	#
8	1502.3	11	27	35	54	57	59	61	64	65	74	76	86	95	101	113	118	119	124	125	129	#
9	1474.19	13	28	36	39	42	44	59	61	62	63	69	82	93	97	100	106	116	118	124	129	#
10	1440.2	6	8	9	26	29	39	59	60	71	73	84	93	96	100	101	103	110	125	127	129	#
11	1429.9	21	30	34	36	38	42	55	61	74	76	84	100	101	104	111	112	118	119	127	129	#
12	75.784	41	58	130	#
13	104.705	58	83	130	#
14	74.3041	11	41	130	#
15	96.8271	10	29	131	#
16	102.94	29	71	131	#
17	102.534	10	49	131	#
18	511.529	37	38	49	60	65	71	118	132	#
19	583.688	23	37	43	54	64	99	112	132	#
20	553.611	21	29	32	70	90	112	118	132	#
21	521.632	1	38	76	101	117	123	125	132	#
22	518.622	2	14	39	48	60	78	124	132	#
23	53.6845	19	#
24	303.249	20	50	51	67	75	133	#
25	443.292	8	51	85	89	105	133	#
26	432.153	20	32	40	60	66	133	#
27	415.413	8	20	50	64	115	133	#
28	387.342	15	49	67	104	112	133	#
29	332.579	16	26	43	75	88	133	#
30	866.315	29	37	48	52	53	67	68	74	87	89	109	121	122	125	134	#
31	1228.35	2	3	22	39	59	62	67	73	87	102	109	113	115	118	134	#
32	1168.48	12	13	18	28	38	53	67	87	91	96	99	119	123	126	134	#
33	1127.16	2	13	15	16	25	34	48	49	60	72	91	96	113	126	134	#
34	1064.07	1	13	20	25	41	51	63	71	80	100	103	109	110	118	134	#
35	1043.16	10	22	26	30	32	35	45	52	56	67	78	103	117	119	134	#
36	15.3089	104	#
37	1246.04	11	12	23	27	37	57	62	75	82	87	88	90	99	100	102	103	113	114	119	135	#
38	1548.24	2	4	18	19	30	48	61	66	87	88	92	100	107	108	112	118	119	121	126	135	#
39	1507.51	0	7	12	27	40	43	45	48	50	53	54	55	57	84	85	98	108	109	119	135	#
40	1478.36	9	17	23	25	41	54	57	61	64	87	88	90	97	100	118	119	121	122	126	135	#
41	1467.89	4	9	10	26	29	30	35	39	45	48	50	55	57	76	87	99	100	121	125	135	#
42	1465.24	9	12	21	23	39	54	61	69	70	87	90	95	103	104	108	118	122	123	126	135	#
43	1525.72	5	15	20	28	32	35	45	47	54	69	76	77	80	84	92	102	105	116	118	120	123	125	136	#
44	1922.14	2	6	8	16	17	29	35	36	44	45	54	77	80	89	90	92	107	114	119	120	124	127	136	#
45	1769.25	7	8	10	11	14	18	44	53	55	58	69	76	80	99	106	115	118	119	120	125	126	127	136	#
46	1727.45	3	10	17	18	31	36	45	48	49	55	56	59	66	69	76	77	79	97	101	105	109	110	136	#
47	1659.75	1	3	6	11	14	18	28	31	35	36	39	45	77	90	96	101	110	115	118	120	124	125	136	#
48	1563.03	2	10	17	18	24	28	36	43	49	52	58	66	70	80	81	83	84	86	89	102	112	118	136	#
49	1947.01	9	10	18	19	20	36	40	43	50	59	61	62	67	72	75	82	85	100	107	109	111	114	118	122	125	137	#
50	2099.55	1	3	12	16	18	20	29	33	36	48	59	63	67	84	87	100	104	108	111	114	121	122	124	126	127	137	#
51	1974.26	9	10	16	17	18	20	33	45	48	59	61	62	64	66	68	72	74	85	88	89	93	109	110	114	120	137	#
52	1930	1	4	6	7	10	17	18	25	38	44	45	48	49	56	71	74	78	79	82	88	100	111	114	119	122	137	#
53	1907.35	0	4	8	10	12	13	42	45	51	52	56	57	59	62	78	85	90	98	100	109	111	118	119	120	122	137	#
54	1852.57	1	6	8	14	19	25	26	29	40	43	48	52	54	63	74	83	84	86	98	105	107	109	110	115	123	137	#
55	786.993	1	12	20	36	42	50	59	63	71	85	115	127	138	#
56	892.685	21	23	32	48	59	63	67	85	89	109	115	123	138	#
57	883.58	7	13	30	31	36	61	74	78	89	96	104	113	138	#
58	853.507	9	33	34	36	48	61	65	85	96	100	111	119	138	#
59	851.721	5	28	31	32	35	38	59	63	66	98	110	126	138	#
60	851.373	20	30	40	41	48	54	62	63	66	67	71	116	138	#
61	118.615	49	95	139	#
62	128.472	84	95	139	#
63	81.9786	49	89	139	#
64	45.6354	49	#
65	641.491	1	20	44	49	56	67	72	89	140	#
66	831.667	39	44	54	61	83	107	108	114	140	#
67	755.213	47	51	52	53	54	61	66	72	140	#
68	584.626	5	49	53	60	73	82	83	107	140	#
69	579.261	20	26	27	31	40	42	76	116	140	#
70	560.362	7	34	66	83	87	89	123	125	140	#
71	570.555	2	10	32	50	51	107	119	141	#
72	620.241	13	39	52	74	92	100	107	141	#
73	579.865	2	47	51	52	53	61	106	141	#
74	544.477	13	26	36	59	109	119	125	141	#
75	476.102	10	19	21	26	32	47	64	141	#
76	456.665	9	18	50	51	57	95	106	141	#
77	891.728	4	13	15	19	27	34	44	52	62	71	76	83	99	142	#
78	1081.11	15	16	20	27	30	48	64	72	83	98	105	120	123	142	#
79	1029.59	1	9	15	21	30	45	59	71	72	86	99	114	118	142	#
80	969.12	1	4	46	47	64	66	68	71	86	96	107	120	125	142	#
81	967.895	1	12	17	25	27	31	64	65	74	89	102	107	109	142	#
82	949.613	4	12	13	14	26	27	41	48	59	70	87	96	109	142	#
83	516.584	7	61	69	86	114	115	121	143	#
84	570.496	16	37	45	54	71	81	114	143	#
85	531.368	2	44	61	66	74	82	107	143	#
86	511.253	47	55	64	70	71	86	125	143	#
87	466.099	9	12	27	73	103	110	121	143	#
88	444.941	17	44	50	72	89	93	115	143	#
89	528.13	36	43	45	48	50	51	71	101	119	144	#
90	738.691	0	6	33	36	72	80	120	124	125	144	#
91	695.165	3	12	24	43	50	58	82	83	109	144	#
92	681.146	37	43	45	46	55	62	74	85	90	144	#
93	673.068	12	13	51	63	72	91	94	104	120	144	#
94	669.109	3	26	45	48	81	99	106	114	124	144	#
95	710.825	19	21	29	40	50	51	72	77	86	93	99	105	116	119	145	#
96	1058.93	5	7	8	21	22	26	50	75	93	100	107	111	114	115	145	#
97	1018.2	5	8	10	23	24	30	50	51	59	86	88	93	115	120	145	#
98	1008.08	5	26	29	32	40	55	61	67	74	84	87	105	110	114	145	#
99	1001.9	3	17	22	38	40	56	58	59	68	77	88	97	102	111	145	#
100	974.417	10	38	45	49	61	62	76	79	83	86	90	109	113	127	145	#
101	1190.09	6	7	11	15	41	51	52	60	67	68	71	78	100	105	109	146	#
102	1220.89	6	7	13	39	41	47	52	58	77	78	79	82	112	117	120	146	#
103	1163.48	6	7	10	22	43	49	58	62	83	94	100	101	108	109	126	146	#
104	1073.45	0	13	16	20	43	45	52	60	62	67	69	83	85	95	97	146	#
105	1056.34	2	3	5	20	37	40	41	44	51	56	62	69	79	86	92	146	#
106	1015.4	2	7	13	18	25	40	58	68	70	81	95	102	108	113	120	146	#
107	440.114	11	13	17	66	89	96	101	147	#
108	580.282	1	38	51	54	96	102	109	147	#
109	566.445	2	11	47	69	79	97	101	147	#
110	475.276	10	13	28	34	61	66	97	147	#
111	379.608	20	51	59	87	101	117	122	147	#
112	352.582	29	65	75	80	89	117	121	147	#
113	1718.52	10	14	15	21	22	23	24	28	29	33	40	56	57	61	65	69	70	71	72	79	94	115	117	123	148	#
114	1928.97	7	8	12	13	24	30	40	46	55	57	61	64	65	71	83	84	92	95	98	103	105	108	117	119	148	#
115	1875.96	5	13	23	24	26	27	33	36	55	62	66	67	76	77	81	91	92	98	107	109	115	119	123	125	148	#
116	1847.52	4	7	14	16	19	22	29	38	47	49	51	56	61	67	72	77	78	79	80	90	103	107	113	119	148	#
117	1787.87	4	7	10	15	20	22	24	33	36	40	46	51	53	56	61	64	77	81	82	97	107	111	113	120	148	#
118	1750.97	4	7	10	11	16	21	30	33	40	57	64	65	70	71	79	80	82	84	98	107	112	117	119	120	148	#
119	465.408	22	43	53	61	94	122	125	149	#
120	606.552	9	61	78	97	98	107	123	149	#
121	587.783	4	28	29	36	63	107	125	149	#
122	559.807	7	22	29	50	59	95	117	149	#
123	532.801	10	18	29	31	53	112	120	149	#
124	473.126	6	14	27	43	48	71	82	149	#
125	1928.43	1	9	11	13	15	23	34	35	36	37	39	46	47	48	51	64	65	66	74	78	91	101	105	107	108	113	118	150	#
126	2392.03	3	4	6	11	27	28	32	33	37	43	46	51	59	61	63	65	75	82	95	97	105	111	114	115	123	124	126	150	#
127	2218.87	4	6	9	16	27	28	29	30	34	40	45	49	50	63	65	71	82	87	89	100	105	107	115	122	123	124	126	150	#
128	2126.92	1	3	6	7	11	29	30	37	38	42	44	54	55	56	64	67	82	91	100	101	107	108	111	114	123	124	126	150	#
129	2126.33	1	3	9	11	16	23	29	39	41	42	44	46	47	51	54	61	63	65	74	78	79	91	93	108	115	122	126	150	#
130	2121.76	4	9	13	15	25	30	34	35	41	45	52	54	60	61	65	78	98	100	102	103	105	107	110	113	115	125	126	150	#
131	3522.36	3	6	7	8	13	15	21	22	28	29	31	35	37	43	44	47	48	50	51	52	53	54	55	62	63	71	74	75	78	82	86	88	91	92	93	96	97	104	105	107	109	110	116	117	119	123	124	151	#
132	3705.16	1	3	6	8	13	15	16	17	21	22	23	26	27	28	29	37	43	44	47	53	55	58	59	65	70	75	76	82	86	88	91	93	96	97	105	106	107	108	110	112	114	115	117	123	124	126	127	151	#
133	3688.5	3	6	7	10	15	16	20	23	27	29	34	37	44	46	47	48	49	51	52	53	63	64	71	75	76	82	87	91	92	93	95	96	97	99	100	101	104	107	109	111	112	114	115	117	123	124	126	151	#
134	3584.03	1	3	4	7	8	9	15	17	21	23	27	31	37	38	41	43	45	46	48	55	56	62	65	68	70	74	75	78	91	92	96	97	99	101	104	106	107	108	109	110	112	114	117	118	123	124	127	151	#
135	3561.9	5	6	13	15	17	20	22	26	31	33	41	44	45	46	48	49	50	52	54	55	56	63	64	70	71	78	80	86	87	91	92	93	95	96	97	99	102	104	105	107	109	112	114	115	122	123	124	151	#
136	3561.74	1	3	5	6	7	8	9	13	17	23	25	26	27	28	31	32	45	46	49	51	53	54	55	56	60	70	71	72	75	78	82	86	95	96	97	99	100	104	105	109	110	112	115	117	122	123	127	151	#
137	263.334	22	28	71	81	121	152	#
138	292.497	13	28	109	121	125	152	#
139	950.027	3	7	8	21	28	53	65	71	74	77	89	106	110	121	127	153	#
140	1248.45	1	3	12	13	19	24	37	38	61	76	79	102	108	111	123	153	#
141	1248.15	0	3	5	29	42	61	63	74	77	79	82	87	102	118	122	153	#
142	1169.83	7	11	24	31	33	35	37	42	54	62	65	70	78	114	119	153	#
143	1159.68	15	16	19	31	40	53	59	63	87	95	98	102	110	114	119	153	#
144	1128.31	15	19	24	35	38	40	42	53	63	74	79	99	100	101	119	153	#
145	101.733	26	69	127	154	#
146	147.961	44	67	69	154	#
147	129.887	11	26	87	154	#
148	511.515	34	43	50	113	118	119	155	#
149	480.604	23	67	114	115	119	122	155	#
150	470.625	1	6	11	29	118	119	155	#
151	454.303	18	28	43	58	62	104	155	#
152	436.05	34	51	82	90	113	119	155	#
153	412.959	37	46	50	54	70	77	155	#
154	274.689	8	21	27	32	57	156	#
155	402.009	12	16	57	82	110	156	#
156	389.459	8	36	63	76	121	156	#
157	342.205	21	76	95	104	120	156	#
158	316.609	21	32	45	65	108	156	#
159	377.284	4	5	11	25	51	61	74	99	157	#
160	545.527	9	11	24	45	63	84	97	99	157	#
161	534.508	3	17	52	67	74	87	92	99	157	#
162	410.938	1	11	28	34	44	45	61	118	157	#
163	406.039	0	1	5	8	37	50	81	124	157	#
164	362.937	13	25	26	34	50	58	80	85	157	#
165	170.512	59	101	158	#
166	122.92	59	87	158	#
167	163.649	51	88	159	#
168	167.884	45	88	159	#
169	114.541	51	106	159	#
170	141.39	89	100	160	#
171	208.475	91	100	160	#
172	163.813	47	89	160	#
173	111.39	42	110	125	#
174	222.642	7	35	122	127	161	#
175	310.13	35	37	48	90	161	#
176	126.571	2	22	68	122	161	#
177	3631.6	1	3	8	13	14	15	17	23	32	33	39	40	41	43	45	46	47	48	50	52	55	56	57	58	59	62	63	66	67	71	72	76	81	82	86	87	92	96	105	108	109	110	117	119	120	123	124	162	#
178	3802.71	0	11	13	14	15	16	17	18	19	24	27	28	32	40	42	45	46	52	54	55	57	62	63	66	67	69	71	72	73	74	77	100	102	103	105	111	112	113	114	115	117	118	119	120	121	124	126	162	#
179	3786.1	2	3	4	12	13	16	17	20	24	26	37	38	39	42	43	46	47	48	49	50	52	58	62	65	66	72	73	74	77	79	81	86	87	94	96	98	100	104	105	106	108	112	115	118	120	123	126	162	#
180	3732.27	2	3	6	8	9	15	16	18	24	27	30	32	37	38	40	41	43	44	47	49	50	54	55	61	63	64	76	77	78	79	81	87	90	92	98	100	102	105	106	108	112	114	115	120	121	122	124	162	#
181	3714.36	0	1	4	12	15	16	17	18	22	27	28	30	31	37	38	40	42	44	45	46	47	48	50	52	56	57	58	59	61	63	64	68	72	73	74	76	92	98	101	102	105	109	112	113	115	117	124	162	#
182	3654.92	0	2	3	4	9	12	16	17	18	19	20	25	28	31	37	38	40	42	44	45	46	50	54	55	58	60	66	67	71	72	73	76	82	94	95	97	98	99	100	105	112	113	114	115	119	120	126	162	#
183	47.3375	97	#
184	241.12	39	96	125	163	#
185	250.497	66	101	125	163	#
186	218.205	6	84	96	163	#
187	217.759	6	39	74	163	#
188	95.0342	120	#
189	589.189	4	10	50	59	76	87	99	112	121	164	#
190	807.892	7	27	86	91	100	101	112	114	121	164	#
191	769.738	4	7	15	31	51	66	99	112	118	164	#
192	768.869	27	33	44	46	76	81	98	105	123	164	#
193	744.469	46	49	64	87	99	103	114	120	121	164	#
194	667.733	5	14	40	44	59	81	100	112	124	164	#
195	564.777	8	23	37	84	120	124	165	#
196	547.67	40	43	95	108	114	120	165	#
197	531.88	53	59	84	111	119	124	165	#
198	509.925	8	23	33	84	112	116	165	#
199	509.87	79	84	93	107	119	123	165	#
200	492.155	20	37	65	78	81	107	165	#
201	83.8004	6	11	23	166	#
202	123.014	0	11	68	166	#
203	121.637	6	70	104	166	#
204	70.6686	30	103	#
205	207.572	72	79	167	#
206	181.833	23	72	167	#
207	121.52	65	79	167	#
208	87.1371	76	#
209	804.839	0	7	20	28	35	58	63	91	108	117	127	168	#
210	866.462	1	8	13	37	58	61	66	72	74	88	125	168	#
211	782.593	24	29	52	59	67	80	100	103	108	111	113	168	#
212	763.57	0	13	16	36	47	61	64	74	75	101	103	168	#
213	763.168	7	42	52	58	84	85	99	108	113	114	119	168	#
214	722.814	5	18	45	47	58	63	66	68	78	91	107	168	#
215	1000.24	10	35	38	49	64	77	93	95	105	119	125	127	169	#
216	1117.9	6	24	31	35	42	49	64	66	79	80	92	95	169	#
217	1060.48	31	42	46	49	51	56	59	84	105	115	119	127	169	#
218	1035.29	35	66	67	69	72	77	79	83	91	95	103	107	169	#
219	979.471	9	23	25	45	52	64	72	77	95	99	109	125	169	#
220	927.18	12	24	26	27	31	43	56	69	81	93	95	113	169	#
221	590.355	7	18	37	56	79	91	104	105	170	#
222	759.13	16	18	37	45	52	67	97	126	170	#
223	654.787	52	54	85	89	97	105	106	113	170	#
224	646.016	14	56	61	67	70	76	85	118	170	#
225	581.875	2	11	65	79	98	120	122	126	170	#
226	573.154	18	35	52	73	93	98	105	106	170	#
227	393.326	6	9	29	74	113	171	#
228	427.834	34	76	88	113	126	171	#
229	395.966	25	29	45	83	123	171	#
230	386.299	9	16	38	89	126	171	#
231	343.098	6	28	38	71	79	171	#
232	310.525	62	68	74	90	124	171	#
233	1149.93	3	5	19	20	21	32	40	43	53	61	64	87	89	101	109	120	126	172	#
234	1387.6	6	8	18	24	25	43	49	52	54	55	58	63	78	89	90	100	107	172	#
235	1384.29	5	8	17	26	27	32	51	53	55	87	89	94	97	103	109	119	124	172	#
236	1330.54	5	6	20	24	27	30	33	40	41	46	51	53	63	70	98	119	126	172	#
237	1325.4	2	16	18	22	25	30	39	40	55	79	90	101	102	115	117	123	125	172	#
238	1315.16	2	5	8	13	21	26	29	32	46	52	84	89	99	100	119	120	124	172	#
239	960.133	2	8	9	23	25	28	29	38	43	44	57	84	173	#
240	1180.63	6	9	29	43	44	47	67	88	89	90	107	117	173	#
241	1099.49	8	27	29	52	81	84	102	107	112	122	123	125	173	#
242	990.385	13	15	21	25	38	53	82	84	90	107	109	123	173	#
243	979.521	1	11	29	42	45	46	47	66	87	97	107	110	173	#
244	971.355	18	46	51	52	58	65	72	84	87	88	90	109	173	#
245	2210.06	1	9	11	13	21	24	25	26	28	31	35	41	44	56	57	59	61	62	70	71	82	84	88	91	93	101	113	115	122	123	124	174	#
246	2367.97	0	6	17	19	25	33	34	37	41	42	43	47	49	52	55	61	70	72	78	79	82	88	93	99	101	111	113	114	119	124	125	174	#
247	2353.46	2	13	16	17	29	32	34	42	44	49	51	57	58	59	61	66	70	78	79	83	84	88	91	95	97	102	105	110	111	114	119	174	#
248	2326.73	0	1	6	8	11	12	14	16	18	25	27	29	33	35	42	52	70	72	74	75	80	81	82	91	93	100	102	111	115	123	124	174	#
249	2319.8	0	4	9	15	19	21	25	27	28	33	34	35	37	38	42	46	51	56	58	61	62	84	96	97	98	105	111	115	119	123	124	174	#
250	2293.52	5	6	10	13	14	17	29	32	35	44	48	51	56	63	65	70	72	74	75	78	79	86	88	91	93	100	114	117	119	121	125	174	#
251	118.569	29	98	175	#
252	130.523	98	114	175	#
253	23.8703	42	#
254	721.823	4	6	37	69	91	92	96	109	118	119	176	#
255	896.152	26	32	37	76	78	101	109	114	119	120	176	#
256	844.328	0	9	29	38	39	66	102	104	114	118	176	#
257	792.772	6	19	23	31	37	53	59	76	112	119	176	#
258	754.353	10	32	39	53	62	87	92	96	97	105	176	#
259	696.166	12	15	37	66	91	93	96	103	111	112	176	#
260	1420.28	5	7	15	25	26	34	40	49	50	59	72	84	85	104	105	109	113	114	177	#
261	1296.33	4	10	15	34	39	42	51	66	70	72	81	82	87	88	97	112	124	126	177	#
262	1273.58	3	7	10	22	34	40	50	51	62	64	70	79	84	97	101	108	116	123	177	#
263	1269.7	6	13	17	22	25	31	49	65	66	70	72	82	84	89	93	96	105	113	177	#
264	1187.08	24	26	34	35	38	40	57	69	72	84	88	90	92	95	98	108	110	114	177	#
265	1178.48	3	7	15	16	39	48	55	57	59	64	72	87	94	102	113	116	121	126	177	#
266	432.07	42	47	80	92	109	111	116	117	178	#
267	625.992	45	70	80	92	102	107	111	119	178	#
268	608.982	9	39	71	83	96	101	111	115	178	#
269	600.438	22	35	54	55	62	71	85	109	178	#
270	562.997	6	13	70	85	91	92	94	102	178	#
271	543.799	23	33	40	47	110	113	126	127	178	#
272	1697.47	2	4	5	10	21	26	32	38	48	49	53	61	62	70	72	75	86	95	102	108	110	116	118	120	179	#
273	1971.85	1	2	4	8	14	15	21	39	49	57	59	61	70	75	87	90	95	97	102	115	120	123	124	125	179	#
274	1791.51	2	4	5	14	15	24	26	29	31	48	49	54	55	59	65	69	90	93	95	101	104	110	119	125	179	#
275	1779.92	4	5	6	8	13	16	17	18	24	27	31	33	43	53	66	68	75	86	89	90	92	106	108	115	179	#
276	1778.98	1	5	8	19	25	26	31	40	41	46	59	60	74	75	82	87	90	92	95	115	117	120	125	127	179	#
277	1753.03	1	2	13	19	31	32	34	40	41	43	55	57	58	59	60	61	66	75	83	95	113	120	124	127	179	#
278	1140.98	12	24	25	28	39	48	51	56	59	76	94	110	112	118	125	180	#
279	1332.27	6	20	24	26	28	30	39	47	59	64	67	76	113	114	123	180	#
280	1239.05	3	27	33	35	40	51	53	86	90	99	112	113	117	123	125	180	#
281	1232.27	3	9	15	17	23	35	37	39	40	48	53	65	68	73	110	180	#
282	1204.53	9	11	12	15	16	41	43	44	51	72	76	101	103	113	121	180	#
283	1167.13	3	12	15	17	28	45	53	73	75	76	83	90	109	118	126	180	#
284	148.198	31	34	48	181	#
285	166.727	48	68	110	181	#
286	163.375	31	100	104	181	#
287	105.897	30	34	61	181	#
288	538.187	4	27	44	47	51	80	86	106	119	182	#
289	684.293	6	44	47	48	57	62	66	88	106	182	#
290	646.818	22	40	44	47	57	82	84	104	125	182	#
291	623.027	4	30	35	40	65	87	94	112	125	182	#
292	618.924	12	82	92	93	97	99	110	119	120	182	#
293	608.633	5	27	39	43	51	61	65	66	103	182	#
294	1446.05	0	3	4	12	13	20	23	26	27	33	38	40	41	45	47	56	63	71	82	183	#
295	1582.91	2	12	27	34	39	41	49	56	64	71	75	79	84	93	117	118	119	125	126	183	#
296	1518.5	0	2	19	26	29	42	47	59	63	73	80	82	83	98	105	114	117	120	126	183	#
297	1500.33	10	12	14	23	33	45	57	63	83	89	92	93	95	97	101	117	119	125	126	183	#
298	1470.68	1	16	20	36	38	42	44	49	57	60	63	68	73	74	93	94	105	107	125	183	#
299	1450.07	9	16	23	25	26	36	41	42	47	62	68	81	88	98	107	120	124	125	126	183	#
300	892.908	1	11	20	38	47	64	72	74	76	99	104	118	120	184	#
301	1008.42	0	20	29	32	38	42	65	79	90	115	123	124	127	184	#
302	991.514	20	21	23	39	46	47	49	72	79	80	88	111	112	184	#
303	960.199	1	14	29	37	43	48	68	70	79	100	107	112	119	184	#
304	932.786	4	10	20	21	43	49	51	52	62	88	103	121	122	184	#
305	906.399	7	8	10	20	29	32	47	75	100	104	105	118	119	184	#
306	1151.25	0	24	35	48	52	58	67	77	79	86	97	99	104	107	118	121	185	#
307	1342.01	0	26	38	43	48	49	52	59	65	66	86	99	100	122	124	125	185	#
308	1186.51	4	8	24	31	48	65	69	79	93	101	102	111	112	114	118	125	185	#
309	1174.53	12	33	37	40	61	62	69	84	96	97	104	107	109	118	119	127	185	#
310	1159.64	24	38	57	58	60	65	67	77	82	86	95	98	99	111	112	121	185	#
311	1121.81	12	24	28	29	36	49	55	57	66	76	93	95	98	121	124	126	185	#
312	69.6998	11	58	186	#
313	81.0077	4	58	186	#
314	1665.84	1	3	9	22	23	31	34	35	43	46	52	54	56	77	81	82	85	91	93	111	116	121	187	#
315	1824.39	0	6	9	13	23	24	27	32	33	35	37	63	67	81	83	84	90	93	108	118	120	126	187	#
316	1791.25	0	3	6	9	27	31	32	33	47	56	59	60	67	84	85	90	96	100	101	113	116	123	187	#
317	1716.99	1	2	5	8	10	24	33	35	40	52	65	72	76	79	85	95	96	98	100	107	118	124	187	#
318	1691.08	0	3	4	9	34	35	37	44	46	52	69	81	85	93	98	100	101	102	105	108	109	121	187	#
319	1683.57	6	8	13	16	19	21	22	27	49	50	60	66	75	77	81	82	85	89	94	95	118	120	187	#
320	863.074	7	9	17	35	42	43	55	73	80	113	188	#
321	974.162	7	26	35	48	49	63	64	72	79	102	188	#
322	859.33	18	45	54	73	85	91	96	112	113	119	188	#
323	794.837	3	13	18	33	41	42	66	72	110	113	188	#
324	779.579	17	24	26	73	89	90	93	96	100	117	188	#
325	756.399	13	19	24	26	43	53	75	82	92	123	188	#
326	500.043	45	49	62	74	126	189	#
327	324.738	47	51	69	74	106	189	#
328	256.514	45	62	90	103	116	189	#
329	200.304	13	50	68	78	126	189	#
330	1036.38	3	12	41	47	55	65	74	76	85	88	89	100	120	126	190	#
331	1120.34	2	7	9	12	13	38	66	68	85	95	100	107	112	116	190	#
332	1119.89	2	11	12	30	60	61	64	65	69	74	82	98	112	121	190	#
333	1101.51	2	15	24	41	47	56	57	70	74	78	91	94	103	126	190	#
334	1100.64	2	30	37	41	55	56	60	69	70	81	91	104	121	126	190	#
335	1053.39	5	9	24	30	34	41	50	51	56	64	94	114	121	122	190	#
336	271.294	50	81	82	88	104	191	#
337	365.717	7	20	50	97	125	191	#
338	279.01	48	72	81	88	106	191	#
339	259.016	73	80	104	109	120	191	#
340	180.78	18	41	69	82	101	191	#
341	441.845	8	39	63	69	102	192	#
342	456.478	7	8	82	103	112	192	#
343	379.112	37	70	92	102	121	192	#
344	371.238	17	39	69	98	127	192	#
345	327.644	2	3	39	90	122	192	#
346	324.821	23	44	63	83	110	192	#
347	243.133	3	19	98	101	193	#
348	243.23	24	25	101	102	193	#
349	209.489	3	41	69	75	193	#
350	167.374	19	37	49	75	193	#
351	555.746	13	28	33	46	65	70	105	194	#
352	723.947	25	46	91	102	105	109	118	194	#
353	598.553	7	24	33	46	82	88	108	194	#
354	444.718	3	5	62	65	91	116	125	194	#
355	442.117	56	69	71	89	105	108	113	194	#
356	418.288	5	13	23	25	67	69	108	194	#
357	465.923	36	64	67	95	110	113	195	#
358	489.79	17	47	50	51	67	92	195	#
359	456.252	24	32	41	59	64	67	195	#
360	359.338	11	67	76	97	103	110	195	#
361	345.302	36	56	67	69	95	98	195	#
362	298.553	4	18	65	79	104	113	195	#
363	273.325	31	52	73	84	113	196	#
364	378.347	1	29	31	51	119	196	#
365	342.339	42	47	52	71	119	196	#
366	269.409	4	21	61	70	113	196	#
367	264.046	11	56	64	73	75	196	#
368	257.929	57	68	84	89	123	196	#
369	46.696	11	#
370	1179.89	2	4	5	6	30	40	41	42	49	56	72	90	97	102	105	114	122	125	197	#
371	1340.21	3	8	9	10	14	33	42	48	52	59	78	90	92	97	99	102	125	126	197	#
372	1303.89	1	6	7	33	36	48	49	52	71	78	80	88	97	104	105	106	116	122	197	#
373	1296.39	2	5	9	14	15	19	24	27	32	38	42	45	56	59	82	108	115	125	197	#
374	1270.62	1	13	23	25	30	31	32	33	34	52	57	71	76	84	107	109	123	126	197	#
375	1221.61	0	6	9	18	33	38	42	43	52	65	70	78	83	84	89	96	104	126	197	#
376	1973.59	1	9	20	33	35	36	39	40	50	53	60	67	69	77	86	90	93	97	99	100	101	107	115	117	122	123	126	198	#
377	2174.86	3	5	7	8	9	33	36	39	44	47	49	50	51	54	57	59	60	69	71	74	88	94	100	122	123	124	126	198	#
378	2165.11	7	9	16	17	19	32	33	36	42	48	51	59	60	67	84	90	91	92	96	100	102	106	107	112	117	122	123	198	#
379	2051.37	3	7	9	12	20	26	36	38	45	46	56	69	74	78	79	87	91	95	96	99	100	107	111	112	113	119	122	198	#
380	2026.04	1	3	4	5	16	19	33	35	39	45	59	60	69	70	71	72	80	85	88	95	96	97	102	105	109	111	116	198	#
381	2007.99	8	9	18	20	23	31	32	39	45	52	54	58	59	66	77	78	84	85	87	94	96	107	108	111	117	120	126	198	#
382	277.711	21	41	84	105	123	199	#
383	362.476	4	7	80	91	105	199	#
384	314.033	36	41	48	88	91	199	#
385	229.869	1	4	13	84	104	199	#
386	143.913	18	21	83	84	102	199	#
387	586.017	15	25	37	44	52	58	73	75	99	101	200	#
388	845.703	3	4	22	25	31	47	101	108	111	113	200	#
389	748.782	2	10	22	37	63	74	85	88	99	120	200	#
390	716.415	0	38	52	53	55	61	76	85	92	127	200	#
391	677.727	22	51	52	57	58	87	98	108	118	120	200	#
392	643.197	9	20	43	65	81	85	91	98	99	126	200	#
393	410.34	4	20	49	74	80	87	123	201	#
394	593.517	10	15	16	20	26	39	118	201	#
395	532.4	34	49	57	65	118	119	127	201	#
396	450.576	64	65	68	84	106	123	125	201	#
397	446.842	47	48	74	102	108	119	125	201	#
398	441.329	0	37	49	64	68	87	103	201	#
399	648.633	0	26	27	33	49	84	119	202	#
400	648.941	7	24	53	56	63	79	84	202	#
401	633.005	20	45	76	98	118	119	126	202	#
402	612.85	17	26	59	76	117	122	127	202	#
403	557.721	0	45	48	92	102	113	119	202	#
404	552.472	21	22	27	43	49	93	126	202	#
405	84.3819	79	#
406	450.194	17	25	34	48	94	109	111	203	#
407	604.365	22	39	43	53	62	111	123	203	#
408	537.284	6	17	24	35	45	48	116	203	#
409	496.561	48	50	61	64	79	124	127	203	#
410	484.575	3	11	45	57	71	109	112	203	#
411	458.353	6	16	25	28	89	91	126	203	#
412	69.6509	113	#
413	150.604	53	79	204	#
414	175.716	53	64	204	#
415	142.568	64	79	204	#
416	491.691	2	26	31	34	39	118	205	#
417	508.798	31	44	60	79	88	121	205	#
418	486.411	2	31	36	52	103	119	205	#
419	472.621	31	39	44	61	80	85	205	#
420	441.968	26	79	81	88	105	119	205	#
421	401.844	27	34	44	68	82	84	205	#
422	286.65	28	46	88	90	118	206	#
423	393.336	28	37	61	68	95	206	#
424	384.041	9	14	28	46	121	206	#
425	306.597	0	31	40	48	90	206	#
426	292.742	0	88	93	118	120	206	#
427	784.684	1	8	12	16	28	58	61	68	69	108	109	126	207	#
428	1021.44	3	13	45	49	59	61	69	76	89	109	112	127	207	#
429	957.676	41	49	57	59	77	80	100	108	109	112	125	127	207	#
430	945.574	3	8	20	29	54	74	98	103	105	107	122	126	207	#
431	934.238	8	42	52	54	57	86	87	96	104	107	112	126	207	#
432	926.409	5	12	16	48	57	60	61	77	102	109	115	127	207	#
433	543.132	23	29	46	51	63	96	112	208	#
434	570.337	38	40	46	49	72	96	115	208	#
435	555.769	19	24	25	58	63	109	114	208	#
436	554.183	0	8	15	29	96	101	125	208	#
437	395.091	46	53	87	99	106	111	112	208	#
438	378.248	29	30	75	90	102	103	112	208	#
439	173.965	58	99	119	209	#
440	214.926	25	58	114	209	#
441	208.874	21	35	119	209	#
442	122.453	21	25	99	209	#
443	1014.21	8	14	16	18	23	24	30	64	78	89	91	111	114	120	210	#
444	1068.72	8	20	23	24	28	31	53	56	58	59	66	83	87	100	210	#
445	1063.56	1	6	8	43	48	51	55	76	81	96	97	106	118	120	210	#
446	1034.46	14	21	33	35	61	63	72	91	92	94	105	110	115	124	210	#
447	1028.97	18	21	28	30	34	52	61	77	81	83	100	115	123	124	210	#
448	1008.08	21	27	55	58	60	61	62	64	69	72	81	82	114	123	210	#
449	1306.2	8	26	29	39	42	43	58	60	76	89	93	96	103	114	126	211	#
450	1313.97	1	2	11	28	39	41	45	59	60	70	96	100	105	108	125	211	#
451	1298.16	9	26	35	43	48	51	59	60	70	71	90	107	115	116	117	211	#
452	1191.82	3	11	22	26	30	43	61	68	70	74	90	91	104	108	126	211	#
453	1179.47	12	13	15	22	24	34	39	43	49	63	68	91	96	103	112	211	#
454	1128.46	4	8	18	24	38	43	45	48	62	65	68	71	74	75	86	211	#
455	180.037	7	20	31	212	#
456	129.801	31	71	92	212	#
457	330.387	55	67	81	107	213	#
458	359.676	66	85	92	107	213	#
459	260.601	65	81	102	127	213	#
460	257.285	43	55	81	85	213	#
461	327.345	53	68	93	106	126	214	#
462	362.383	41	53	56	109	111	214	#
463	339.838	43	103	106	110	126	214	#
464	332.439	38	53	68	84	104	214	#
465	293.613	38	44	88	104	106	214	#
466	261.977	31	71	72	93	112	214	#
467	379.675	32	40	46	70	114	215	#
468	484.558	46	61	77	81	107	215	#
469	400.696	17	70	88	94	119	215	#
470	351.01	11	31	32	90	97	215	#
471	342.71	17	22	40	105	126	215	#
472	336.252	24	30	47	64	114	215	#
473	268.704	6	32	44	93	216	#
474	370.566	9	44	97	122	216	#
475	295.04	15	32	86	118	216	#
476	290.333	6	66	80	122	216	#
477	173.299	5	72	82	93	216	#
478	420.634	30	46	60	85	99	125	217	#
479	599.633	47	61	63	85	107	114	217	#
480	517.627	60	63	85	106	109	121	217	#
481	505.602	13	17	26	30	99	120	217	#
482	402.039	1	6	57	93	99	101	217	#
483	382.836	14	33	37	58	66	125	217	#
484	307.105	5	80	93	112	126	218	#
485	436.827	5	60	65	72	112	218	#
486	357.716	24	65	90	93	120	218	#
487	354.612	3	6	80	88	115	218	#
488	340.745	5	24	100	104	126	218	#
489	321.391	5	67	72	97	123	218	#
490	44.9239	32	#
491	567.548	21	28	42	47	71	115	117	122	219	#
492	716.584	19	22	44	107	117	121	122	126	219	#
493	697.963	52	57	65	71	92	105	115	117	219	#
494	696.02	30	42	47	62	84	96	118	127	219	#
495	647.486	26	36	63	101	102	108	115	120	219	#
496	635.578	19	24	47	60	74	81	117	122	219	#
497	412.95	29	52	58	60	70	71	220	#
498	554.112	35	52	60	105	108	109	220	#
499	503.495	25	29	32	49	121	127	220	#
500	497.674	14	25	60	77	91	103	220	#
501	465.017	25	32	54	71	102	126	220	#
502	444.466	5	43	58	60	82	116	220	#
503	119.209	33	89	221	#
504	106.632	33	104	221	#
505	1023.79	3	11	15	24	26	28	45	46	56	62	68	69	87	111	122	125	222	#
506	1308.05	11	28	31	32	37	39	47	68	76	78	85	91	97	101	109	120	222	#
507	1242.08	9	20	25	26	28	31	35	41	53	69	79	84	93	98	119	124	222	#
508	1234.31	9	14	28	30	31	45	52	53	60	70	76	85	90	97	118	125	222	#
509	1179.67	12	20	25	34	37	41	46	76	85	90	91	93	94	105	119	124	222	#
510	1171.79	13	34	35	43	52	62	65	76	79	83	91	101	104	108	120	122	222	#
511	882.861	3	15	17	18	19	23	29	33	50	67	70	81	83	100	125	223	#
512	1287.85	16	17	27	29	33	36	48	62	66	72	73	76	109	118	124	223	#
513	1162.84	4	16	17	30	37	44	55	57	67	68	77	78	84	105	115	223	#
514	1128.91	0	12	18	23	26	29	40	43	51	59	93	95	101	118	119	223	#
515	1128.26	3	9	12	26	28	33	41	48	57	73	76	83	109	125	126	223	#
516	1124.78	4	14	15	16	18	22	32	37	46	51	52	78	91	95	96	223	#
517	330.191	33	85	112	122	224	#
518	308.25	5	15	66	112	224	#
519	229.915	1	48	99	122	224	#
520	220.453	0	16	79	85	224	#
521	211.331	33	42	122	124	224	#
522	321.701	45	54	84	99	225	#
523	400.38	45	58	60	118	225	#
524	351.823	9	29	63	84	225	#
525	331.924	11	39	54	67	225	#
526	232.287	33	87	92	99	225	#
527	63.9553	64	#
528	74.6274	27	#
529	1321.31	18	21	26	42	54	57	63	65	74	86	90	93	98	103	106	111	117	123	125	226	#
530	1699.42	17	23	31	35	40	42	45	46	54	65	66	73	77	83	108	109	117	120	123	226	#
531	1644.37	2	6	8	15	33	40	43	46	49	75	76	77	91	92	93	103	107	111	117	226	#
532	1595.78	3	8	39	47	50	54	59	62	72	74	76	83	91	93	97	98	101	104	126	226	#
533	1537.8	12	16	21	27	31	39	47	50	51	62	63	66	74	75	101	104	113	117	123	226	#
534	1530.73	7	9	10	17	19	21	31	40	50	53	58	59	63	66	76	97	101	120	125	226	#
535	185.854	30	44	83	227	#
536	258.32	3	30	126	227	#
537	215.804	7	37	83	227	#
538	695.148	1	13	25	72	82	87	88	105	119	125	228	#
539	751.164	4	9	11	49	53	63	71	87	115	125	228	#
540	712.158	1	5	17	60	77	81	87	116	120	122	228	#
541	673.645	22	58	70	80	82	87	100	105	119	126	228	#
542	672.848	7	17	25	32	35	36	70	78	91	112	228	#
543	664.843	11	13	28	30	40	57	65	102	105	119	228	#
544	651.212	24	58	73	77	90	101	113	116	119	120	229	#
545	830.608	0	15	23	27	29	62	80	101	118	125	229	#
546	786.659	0	24	25	39	41	47	51	55	58	101	229	#
547	764.622	18	21	38	55	65	71	79	91	102	113	229	#
548	753.752	0	12	20	39	55	90	97	111	116	117	229	#
549	652.623	17	21	23	30	31	36	38	47	72	116	229	#
550	145.835	13	124	230	#
551	163.954	7	124	230	#
552	131.344	13	37	230	#
553	166.547	12	27	231	#
554	203.222	27	102	231	#
555	179.746	12	13	231	#
556	437.184	48	49	56	115	232	#
557	422.638	3	52	56	110	232	#
558	345.692	48	49	79	109	232	#
559	167.627	6	21	71	115	232	#
560	897.559	18	37	47	59	71	74	84	85	102	106	107	233	#
561	1081.63	17	29	37	39	66	105	106	107	112	117	118	233	#
562	1029.07	9	26	27	34	59	66	74	81	85	109	118	233	#
563	999.229	3	16	18	22	37	52	66	69	80	112	124	233	#
564	969.299	17	25	37	38	42	52	66	74	102	122	124	233	#
565	961.812	25	37	38	44	65	74	80	101	102	105	119	233	#
566	1557.14	9	10	11	22	31	42	45	46	53	54	56	57	59	60	70	78	89	106	108	118	119	120	234	#
567	1950.81	3	8	16	17	21	28	30	31	32	46	47	50	53	55	60	63	64	79	107	112	114	121	234	#
568	1738.13	2	5	13	14	16	32	45	46	51	52	60	61	63	64	72	77	89	96	102	108	112	120	234	#
569	1737.22	1	2	14	26	28	31	42	46	60	63	65	66	77	95	101	106	108	113	114	120	121	127	234	#
570	1729.54	1	9	17	21	24	26	35	43	51	58	59	71	83	84	90	92	99	100	102	108	115	120	234	#
571	1717.01	1	2	17	19	21	23	25	26	31	36	45	46	47	56	63	69	81	91	96	100	112	114	234	#
572	477.689	11	18	63	77	79	119	235	#
573	492.412	11	22	26	33	46	90	235	#
574	481.128	18	41	107	114	119	126	235	#
575	452.943	0	34	63	82	111	119	235	#
576	434.969	46	62	69	77	110	124	235	#
577	272.021	30	58	77	100	108	119	235	#
578	487.088	0	6	17	32	79	90	121	236	#
579	550.877	0	17	33	88	108	111	123	236	#
580	495.355	0	13	21	52	57	78	109	236	#
581	432.36	0	20	39	57	90	94	111	236	#
582	428.746	11	24	41	57	81	82	121	236	#
583	421.5	6	15	72	82	93	116	123	236	#
584	1092.66	0	29	44	45	46	53	57	62	67	73	100	106	107	237	#
585	1239.44	2	11	24	46	51	60	62	68	93	95	97	109	118	237	#
586	1069.39	4	8	11	18	39	40	46	49	61	94	106	115	125	237	#
587	1033.12	0	20	29	60	61	67	86	91	97	98	99	115	120	237	#
588	1029.58	19	27	39	47	56	60	67	74	91	93	103	107	126	237	#
589	994.679	16	18	34	35	37	45	46	57	63	67	108	112	125	237	#
590	175.861	11	19	61	89	238	#
591	234.725	1	6	61	89	238	#
592	172.243	26	34	85	89	238	#
593	87.2513	10	11	69	82	238	#
594	115.104	26	42	97	239	#
595	147.756	26	47	99	239	#
596	130.308	42	80	115	239	#
597	50.1917	7	#
598	351.082	3	13	69	79	86	240	#
599	457.381	3	13	36	43	68	240	#
600	297.094	13	25	33	87	96	240	#
601	295.403	33	41	60	68	86	240	#
602	268.29	41	50	79	103	122	240	#
603	1741.12	2	7	11	18	20	23	33	37	42	47	65	75	81	82	87	88	90	91	94	110	114	115	116	117	119	122	125	241	#
604	2074.77	8	11	12	27	37	38	39	41	44	45	57	60	72	73	75	78	81	86	88	94	101	108	111	112	114	119	125	241	#
605	2031.71	2	10	12	13	23	29	31	36	39	45	47	51	59	65	74	81	90	95	98	100	106	109	110	112	113	119	124	241	#
606	1993.99	8	9	14	27	31	32	36	37	39	47	49	55	59	81	82	88	89	90	91	93	104	115	117	118	119	120	126	241	#
607	1961.67	9	10	11	15	23	25	39	45	51	54	64	70	72	75	81	82	88	90	98	101	106	107	108	109	115	116	117	241	#
608	1957.04	5	11	12	28	31	33	34	41	43	47	56	60	64	74	80	82	99	100	109	111	112	114	115	119	120	122	125	241	#
609	257.357	4	70	105	116	242	#
610	361.346	35	60	89	105	242	#
611	357.723	49	54	70	126	242	#
612	243.976	50	61	104	116	242	#
613	164.349	4	75	82	93	242	#
614	1440.91	3	14	15	17	19	20	34	35	41	43	56	68	77	79	83	89	96	109	110	112	120	126	127	243	#
615	1898.72	1	3	22	35	37	40	43	47	52	68	76	77	82	83	89	91	93	98	105	107	112	115	120	243	#
616	1849.74	1	10	11	23	30	39	41	48	52	53	68	76	82	87	91	102	105	107	109	116	120	122	126	243	#
617	1737.77	7	10	11	23	28	35	39	42	59	67	82	83	85	86	87	90	97	109	110	112	115	126	127	243	#
618	1732.44	1	8	9	10	14	18	35	37	41	42	49	51	53	57	65	68	70	77	82	95	101	110	120	243	#
619	1726.31	8	17	18	21	24	30	33	41	49	50	51	69	83	90	91	97	98	102	103	109	112	116	126	243	#
620	2481.43	1	2	14	20	23	26	28	35	39	44	45	49	50	60	61	64	65	66	68	71	74	75	78	79	80	81	91	93	101	105	108	113	114	115	121	244	#
621	2875.22	2	15	20	25	26	27	36	44	46	47	52	54	56	59	64	71	74	79	80	87	88	93	95	99	100	103	105	110	112	114	115	117	118	120	127	244	#
622	2848.85	1	3	12	15	17	19	26	27	29	34	42	44	45	52	60	61	63	65	67	74	77	79	83	87	88	101	105	108	110	113	118	119	120	126	127	244	#
623	2813.9	1	3	5	15	17	22	25	35	45	46	47	48	49	55	65	71	74	77	80	83	87	88	100	105	106	107	111	112	114	115	120	124	125	126	127	244	#
624	2769.65	1	5	15	21	30	35	39	46	47	52	55	56	62	65	68	69	79	80	83	84	87	88	97	99	102	105	109	111	113	115	118	119	122	124	126	244	#
625	2756.02	1	2	3	22	25	33	34	35	39	41	44	45	46	51	56	59	62	63	70	72	74	75	79	80	84	87	93	95	100	107	109	113	114	120	124	244	#
626	355.686	31	61	85	90	127	245	#
627	453.322	35	82	97	105	127	245	#
628	435.986	17	52	83	85	117	245	#
629	409.819	5	61	90	98	123	245	#
630	374.669	7	37	42	61	115	245	#
631	318.049	0	31	34	52	66	245	#
632	533.164	6	36	48	59	69	77	78	82	246	#
633	757.54	6	8	17	27	36	39	82	126	246	#
634	707.219	6	17	37	46	55	70	85	112	246	#
635	662.153	43	55	62	67	75	77	79	108	246	#
636	637.065	8	17	36	48	52	73	81	93	246	#
637	585.86	8	30	55	69	70	75	76	84	246	#
638	606.174	5	50	62	64	72	81	113	114	247	#
639	743.795	17	34	62	72	74	96	105	126	247	#
640	663.723	10	27	44	46	54	58	60	114	247	#
641	659.562	5	44	46	56	81	86	114	126	247	#
642	653.787	5	12	23	30	44	60	66	127	247	#
643	570.295	23	30	46	49	76	82	98	113	247	#
644	635.971	10	14	38	42	63	64	72	86	99	109	248	#
645	813.676	10	42	46	56	63	91	110	118	119	120	248	#
646	741.399	0	6	36	44	59	61	63	96	99	127	248	#
647	734.861	14	24	44	59	64	73	78	86	105	116	248	#
648	724.857	63	73	75	80	86	91	95	109	111	114	248	#
649	707.385	17	62	65	72	86	87	93	109	119	122	248	#
650	119.507	18	106	249	#
651	132.167	18	24	249	#
652	85.5149	18	#
653	511.288	1	59	76	83	84	98	111	121	250	#
654	676.739	1	11	24	52	53	56	112	125	250	#
655	669.871	17	23	39	45	48	66	98	105	250	#
656	606.558	7	11	21	25	32	109	111	112	250	#
657	600.026	26	41	54	59	62	88	102	125	250	#
658	551.66	1	24	34	54	66	83	97	125	250	#
659	700.838	3	31	51	54	56	58	59	78	85	115	251	#
660	804.445	8	23	31	44	51	54	60	79	102	115	251	#
661	778.711	1	3	16	23	36	43	45	66	78	94	251	#
662	735.822	7	24	27	31	42	75	92	102	113	119	251	#
663	715.007	8	17	53	54	64	65	80	105	119	125	251	#
664	710.585	12	27	47	57	58	91	99	103	114	120	251	#
665	155.651	20	70	252	#
666	202.575	70	107	252	#
667	156.092	20	47	252	#
668	366.576	2	18	47	54	94	253	#
669	501.639	47	60	79	94	97	253	#
670	418.003	32	54	89	105	109	253	#
671	390.768	18	47	84	110	117	253	#
672	288.081	54	78	83	94	122	253	#
673	262.172	2	11	21	67	95	253	#
674	306.005	9	26	113	254	#
675	307.92	2	9	45	254	#
676	297.733	24	26	115	254	#
677	213.999	3	54	113	254	#
678	1544.36	0	12	13	24	25	30	32	37	44	64	70	74	86	93	98	99	103	104	110	111	115	120	121	126	255	#
679	1983.12	3	5	10	12	13	15	18	26	33	34	37	45	51	52	59	63	70	74	77	82	99	103	114	115	255	#
680	1908.35	2	13	16	17	18	21	27	29	37	40	52	60	70	77	78	82	84	93	99	101	105	109	114	118	255	#
681	1815.88	0	2	15	23	24	35	43	47	52	53	57	60	67	74	78	84	90	98	103	110	113	114	120	126	255	#
682	1810.62	6	7	13	23	34	37	42	44	47	53	66	67	72	77	78	80	86	87	108	109	111	114	115	121	255	#
683	1736.59	2	5	17	21	29	30	38	47	58	59	60	63	71	72	77	82	84	86	90	99	101	111	115	118	255	#
684	757.245	1	41	46	63	84	97	99	100	106	119	256	#
685	910.126	12	16	18	60	94	95	102	119	123	126	256	#
686	852.422	1	4	24	47	69	91	100	111	115	123	256	#
687	847.777	12	26	58	76	85	99	100	109	113	127	256	#
688	773.216	3	5	12	16	27	44	58	99	105	106	256	#
689	747.439	1	5	8	19	56	91	99	105	113	125	256	#
690	1213.17	4	14	18	34	39	41	47	50	64	66	80	81	90	95	100	101	104	113	114	257	#
691	1603.68	9	13	14	24	45	48	54	55	60	61	64	69	72	76	97	105	108	116	117	257	#
692	1495.66	7	22	28	29	39	47	49	51	52	56	71	73	80	90	95	96	101	117	126	257	#
693	1494.37	0	2	8	13	14	24	35	41	49	51	64	68	85	92	105	112	113	123	127	257	#
694	1431.41	4	6	7	28	29	31	49	51	56	57	63	65	69	85	94	95	96	99	100	257	#
695	1424.24	4	9	14	18	34	36	39	50	58	60	61	66	81	92	97	101	111	117	127	257	#
696	370.994	26	33	52	85	258	#
697	457.535	17	52	66	105	258	#
698	384.63	7	33	99	114	258	#
699	310.962	16	26	45	71	258	#
700	262.077	34	51	85	97	258	#
701	208.197	8	17	74	259	#
702	251.129	7	8	29	259	#
703	227.512	24	51	74	259	#
704	177.476	17	19	60	259	#
705	977.178	2	4	21	26	34	48	58	59	66	67	73	100	118	122	260	#
706	1187.85	33	34	46	48	52	72	85	93	100	102	106	109	114	115	260	#
707	1167.61	2	12	33	53	63	65	67	77	80	93	97	113	123	124	260	#
708	1167.42	3	9	12	26	50	60	61	62	69	84	94	106	119	123	260	#
709	1123.22	0	4	12	33	35	37	48	51	58	63	66	67	110	115	260	#
710	1051.82	3	9	16	19	22	34	37	41	51	52	65	90	111	113	260	#
711	653.286	1	2	38	39	69	80	82	85	88	102	122	261	#
712	961.167	9	10	11	23	27	43	48	56	82	105	120	261	#
713	838.492	3	10	35	43	48	68	74	78	98	102	107	261	#
714	835.908	0	2	23	38	47	48	59	64	82	93	101	261	#
715	835.693	2	4	8	25	43	51	81	90	103	116	121	261	#
716	792.882	1	22	25	31	46	49	58	69	77	101	120	261	#
717	834.47	3	19	36	65	69	74	90	95	100	103	111	126	262	#
718	1049.71	3	8	9	28	53	63	69	74	85	100	102	126	262	#
719	952.087	3	7	13	22	31	49	75	77	95	102	121	124	262	#
720	931.944	12	22	27	29	33	36	53	71	72	83	102	119	262	#
721	908.406	3	4	36	53	66	68	86	100	106	112	121	124	262	#
722	902.707	52	63	70	74	85	86	90	102	109	111	112	117	262	#
723	273.8	35	125	127	263	#
724	335.923	35	55	126	263	#
725	227.102	69	119	125	263	#
726	541.736	33	64	67	105	115	116	127	264	#
727	634.995	18	55	67	95	105	107	115	264	#
728	610.299	59	60	62	79	103	116	119	264	#
729	592.71	0	16	33	40	62	67	92	264	#
730	515.827	50	64	77	81	92	101	120	264	#
731	514.551	1	48	49	67	71	115	120	264	#
732	407.651	0	30	38	48	56	73	94	265	#
733	526.175	8	38	77	80	93	115	120	265	#
734	436.606	0	11	33	96	108	120	125	265	#
735	433.958	5	17	28	38	72	73	94	265	#
736	407.054	7	25	30	65	89	112	115	265	#
737	369.307	22	33	34	50	72	75	94	265	#
738	654.911	3	33	47	66	70	81	120	266	#
739	628.483	14	47	65	76	82	102	126	266	#
740	594.709	18	66	68	94	105	109	126	266	#
741	587.578	11	33	35	47	48	90	95	266	#
742	567.87	3	35	49	76	86	101	111	266	#
743	520.133	2	33	65	81	85	87	103	266	#
744	101.892	5	102	#
745	67.4715	1	#
746	834.406	3	5	16	19	21	28	29	30	38	75	86	92	101	115	119	267	#
747	1194.35	10	17	29	38	39	44	49	61	66	71	72	78	81	92	125	267	#
748	1149.19	4	5	25	26	33	41	43	52	60	84	86	103	114	115	119	267	#
749	1099.89	2	16	20	33	47	51	60	63	85	93	100	101	106	116	127	267	#
750	1067.22	3	6	11	27	32	34	43	49	52	63	75	79	93	110	125	267	#
751	1060.69	0	3	6	7	35	43	55	59	66	69	70	88	90	100	125	267	#
752	1578.38	3	7	11	23	25	38	59	60	63	66	69	72	76	81	83	85	87	88	97	103	108	115	268	#
753	1805.71	3	9	13	14	18	23	28	30	33	39	45	47	56	60	63	92	96	101	114	117	118	122	268	#
754	1762.48	6	7	9	14	15	18	32	46	49	50	56	61	62	80	83	87	92	105	107	108	110	122	268	#
755	1743.34	1	14	24	30	38	39	49	53	55	56	63	70	76	80	87	100	105	108	115	121	124	126	268	#
756	1703.98	6	9	30	38	46	47	51	61	65	76	79	85	86	92	93	98	103	109	111	114	115	126	268	#
757	1695.55	8	15	17	37	38	39	46	47	54	56	66	71	75	76	78	80	86	91	95	105	106	108	268	#
758	540.127	16	22	58	67	73	88	96	115	269	#
759	681.984	8	34	60	67	102	115	125	127	269	#
760	626.476	16	33	36	39	45	57	100	127	269	#
761	584.18	1	36	50	51	88	105	115	118	269	#
762	560.589	7	14	22	56	63	65	81	111	269	#
763	460.054	10	11	33	53	73	96	106	116	269	#
764	78.1293	115	#
765	288.639	9	11	13	19	21	270	#
766	405.155	13	30	62	65	84	270	#
767	379.785	11	82	94	112	113	270	#
768	315.281	21	30	65	66	122	270	#
769	289.921	19	47	53	63	64	270	#
770	252.026	9	21	64	68	72	270	#
771	243.6	34	44	69	86	106	121	271	#
772	317.553	4	14	41	43	69	112	271	#
773	278.879	0	8	10	27	30	86	271	#
774	249.121	31	32	81	86	99	121	271	#
775	867.314	29	50	52	76	80	95	97	114	119	123	272	#
776	874.654	14	52	62	67	74	80	107	112	114	117	272	#
777	837.809	7	12	45	52	81	97	99	103	112	121	272	#
778	832.546	34	43	47	48	65	84	99	112	114	123	272	#
779	822.744	9	15	22	25	45	48	53	94	95	121	272	#
780	804.624	1	11	22	47	50	61	96	109	119	123	272	#
781	74.8068	105	#
782	247.347	23	66	97	273	#
783	268.792	23	33	108	273	#
784	197.728	2	93	97	273	#
785	196.965	38	66	113	273	#
786	671.747	7	14	22	38	47	54	74	75	109	113	274	#
787	859.105	9	14	22	24	30	38	40	52	63	126	274	#
788	831.204	10	20	22	63	70	93	95	102	105	124	274	#
789	812.731	9	37	40	54	72	81	95	96	109	110	274	#
790	773.883	1	35	38	56	72	83	102	109	119	120	274	#
791	751.563	6	12	43	47	63	70	73	94	100	112	274	#
792	75.921	80	90	#
793	462.124	11	12	14	23	48	51	66	73	275	#
794	661.27	16	35	39	51	57	76	90	126	275	#
795	595.191	2	6	8	14	17	47	64	106	275	#
796	580.7	58	66	73	75	105	107	112	118	275	#
797	557.708	23	29	36	71	92	99	112	126	275	#
798	518.82	1	7	17	35	38	45	48	83	275	#
799	774.099	16	21	34	36	37	63	68	69	70	78	82	85	99	102	104	116	126	276	#
800	1131.82	0	5	9	18	26	40	57	59	63	70	71	74	94	95	110	118	123	276	#
801	1128.14	31	36	40	43	44	50	55	58	67	75	79	90	96	101	116	120	121	276	#
802	1097.15	15	18	22	29	31	38	43	81	83	88	90	96	101	104	110	124	125	276	#
803	1080.58	1	13	14	15	25	26	38	47	52	55	75	98	101	104	116	124	126	276	#
804	1076.66	7	11	18	23	31	32	36	44	50	62	79	88	93	95	108	111	120	276	#
805	529.238	40	49	52	58	66	92	120	277	#
806	589.127	26	42	52	57	78	113	114	277	#
807	518.271	18	28	49	75	84	97	114	277	#
808	508.074	48	65	72	83	88	92	109	277	#
809	465.079	0	14	22	28	40	59	125	277	#
810	458.835	2	21	22	27	58	77	117	277	#
811	10.7256	58	#
812	1247.1	0	2	12	17	18	43	46	53	66	73	77	80	89	92	101	123	278	#
813	1289.09	11	18	20	27	33	43	51	61	66	77	88	95	104	111	114	115	278	#
814	1234.33	0	9	29	45	53	65	66	87	92	99	100	109	111	116	123	126	278	#
815	1211.8	0	5	23	25	27	29	43	53	56	64	103	104	107	114	115	123	278	#
816	1194.98	2	5	12	17	18	19	35	38	43	68	72	77	99	107	113	123	278	#
817	1194.08	12	28	35	36	41	43	66	71	77	80	90	106	107	110	113	123	278	#
818	479.904	13	47	62	84	106	111	122	279	#
819	517.359	3	13	25	30	62	75	97	279	#
820	471.768	26	40	68	84	87	98	105	279	#
821	423.144	9	47	69	90	103	116	127	279	#
822	386.211	13	39	45	69	83	109	111	279	#
823	313.463	11	30	41	48	99	103	111	279	#
824	18.6787	103	#
825	197.302	5	41	123	280	#
826	168.089	5	7	30	280	#
827	163.353	41	118	122	280	#
828	779.596	22	33	60	67	76	80	100	105	120	281	#
829	824.102	0	3	17	22	33	59	60	95	97	281	#
830	736.156	46	59	74	80	93	94	105	109	123	281	#
831	720.129	3	20	22	45	48	53	61	62	67	281	#
832	669.773	8	21	57	69	70	76	105	117	119	281	#
833	645.562	13	17	23	34	55	64	80	114	126	281	#
834	63.9212	108	#
835	2157.21	2	5	6	7	9	15	25	27	28	29	34	37	39	40	41	44	59	61	66	76	86	91	94	97	105	112	121	123	282	#
836	2114.6	1	3	9	13	16	24	25	29	34	46	58	59	60	64	66	69	70	72	74	80	89	95	111	112	117	123	125	126	282	#
837	2107.95	2	7	14	20	21	22	27	29	35	37	40	43	60	70	76	80	86	91	95	97	101	105	111	114	116	122	123	126	282	#
838	2092.44	9	15	17	24	25	26	29	31	34	35	38	40	46	59	61	62	63	70	78	87	89	94	97	100	105	108	122	123	282	#
839	2083.88	2	3	5	6	7	13	21	24	27	34	36	40	46	59	61	63	66	70	76	78	80	81	90	95	101	111	112	124	282	#
840	2077.96	1	2	9	17	20	24	25	29	31	34	35	44	45	57	66	71	72	75	78	91	97	99	100	108	112	121	124	126	282	#
841	445.053	12	26	77	85	120	283	#
842	446.961	10	38	65	77	102	283	#
843	434.162	26	32	95	101	111	283	#
844	328.749	27	52	67	85	89	283	#
845	241.202	12	30	70	72	88	283	#
846	224.437	31	57	98	104	120	283	#
847	2394.79	4	5	7	13	14	15	19	20	21	26	30	33	37	40	41	44	45	57	59	61	65	66	68	74	75	76	78	80	84	86	89	95	104	121	126	127	284	#
848	2668.28	0	1	4	5	7	13	17	21	26	27	34	37	40	41	43	44	45	48	53	57	58	59	64	81	82	86	97	102	103	109	114	117	118	120	123	126	284	#
849	2650.48	1	7	13	14	17	19	21	22	26	27	30	33	37	40	41	44	45	51	57	61	67	68	76	78	80	84	86	89	93	102	103	105	106	109	123	126	284	#
850	2585.78	7	11	19	21	26	31	32	37	41	45	51	53	57	60	61	64	65	71	72	74	76	77	78	79	80	81	87	103	107	108	109	114	116	117	119	126	284	#
851	2565.81	4	5	7	14	26	34	44	45	48	53	57	58	61	65	66	67	68	71	76	78	80	84	90	92	103	105	107	110	112	113	118	119	120	123	126	127	284	#
852	2552.76	1	2	7	11	17	19	27	28	32	33	37	41	43	44	50	51	53	56	57	65	66	72	79	81	82	85	86	88	93	95	102	103	117	118	123	126	284	#
853	1034.63	9	12	18	21	38	42	43	76	83	84	110	112	122	123	126	285	#
854	1195.91	3	7	9	15	28	29	44	64	67	68	72	97	105	117	125	285	#
855	1195.25	12	33	40	43	45	86	89	90	105	107	110	111	121	126	127	285	#
856	1162.82	4	5	29	33	43	45	50	59	66	91	96	101	114	126	127	285	#
857	1146.84	3	5	6	12	33	40	56	69	85	99	111	112	115	126	127	285	#
858	1146.29	28	33	40	42	44	46	50	55	70	80	88	91	100	112	126	285	#
859	805.754	35	38	62	68	78	81	86	89	102	105	109	110	286	#
860	1176.61	3	14	17	29	35	44	47	99	102	105	115	119	286	#
861	1118.12	24	27	38	42	47	62	67	77	105	115	116	122	286	#
862	1073.97	7	8	16	17	35	40	44	53	84	92	116	126	286	#
863	1043.78	2	7	37	44	50	51	68	70	84	94	100	124	286	#
864	1003.07	1	38	47	52	54	60	63	89	107	109	113	116	286	#
865	412.467	12	37	56	64	124	287	#
866	386.962	100	104	117	124	127	287	#
867	317.344	9	11	21	64	89	287	#
868	305.009	6	15	35	56	85	287	#
869	217.698	18	37	41	54	98	287	#
870	750.9	8	9	19	26	38	41	51	63	84	288	#
871	824.649	0	1	4	26	33	38	51	76	115	288	#
872	784.916	1	9	16	31	46	60	98	102	125	288	#
873	717.317	3	8	9	31	32	33	45	51	116	288	#
874	711.08	10	22	38	65	77	97	99	100	113	288	#
875	684.636	8	13	51	63	74	82	87	107	119	288	#
876	294.403	17	45	122	289	#
877	292.535	91	122	126	289	#
878	210.286	45	57	59	289	#
879	174.308	17	79	106	289	#
880	4.13271	111	#
881	282.481	2	14	69	85	119	290	#
882	364.474	7	31	74	83	85	290	#
883	356.862	2	39	47	106	119	290	#
884	339.866	12	30	42	69	82	290	#
885	265.164	2	22	99	104	115	290	#
886	262.243	14	50	72	85	101	290	#
887	643.478	1	52	62	68	72	96	120	124	291	#
888	554.155	0	6	26	71	72	86	88	98	291	#
889	526.352	43	47	55	78	86	90	98	124	291	#
890	499.678	16	40	42	74	95	96	111	112	291	#
891	482.723	17	22	41	52	81	87	98	111	291	#
892	477.931	16	19	21	30	66	69	72	120	291	#
893	1153.9	7	10	13	14	17	27	28	34	42	47	66	85	91	95	97	99	102	292	#
894	1483.98	4	13	17	27	29	31	37	46	49	66	67	76	77	84	112	116	118	292	#
895	1459.89	3	11	31	37	42	47	49	62	67	76	84	90	91	112	116	122	127	292	#
896	1310.8	12	25	32	33	35	42	47	49	66	82	84	88	91	94	108	122	126	292	#
897	1243.74	6	7	11	13	25	27	38	49	61	64	80	81	83	95	112	123	127	292	#
898	1238.75	10	13	14	17	34	37	39	47	67	70	72	80	90	95	96	105	108	292	#
899	206.899	9	10	113	293	#
900	295.829	9	15	114	293	#
901	266.271	38	112	113	293	#
902	273.805	18	24	54	93	294	#
903	303.211	51	54	93	120	294	#
904	293.462	54	69	109	113	294	#
905	276.237	9	18	87	95	294	#
906	252.707	15	24	73	84	294	#
907	1189.31	7	13	15	22	31	54	69	78	80	81	91	99	108	109	110	112	125	295	#
908	1580.37	3	7	23	33	43	44	55	81	91	95	96	97	103	108	109	112	115	295	#
909	1527.56	3	8	13	31	35	52	62	63	74	81	82	84	90	95	109	112	120	295	#
910	1517.05	0	3	8	32	33	49	53	54	67	69	79	83	95	101	109	110	112	295	#
911	1414.99	23	26	31	33	40	49	52	79	81	86	90	100	102	108	109	111	121	295	#
912	1365.14	8	9	13	19	31	40	43	53	54	61	66	69	81	83	95	104	107	295	#
913	109.387	8	71	296	#
914	56.919	56	71	296	#
915	553.729	9	43	49	60	77	120	297	#
916	547.164	16	40	45	60	120	127	297	#
917	483.9	19	47	106	120	123	125	297	#
918	475.433	11	15	18	48	49	70	297	#
919	444.097	43	52	60	84	92	115	297	#
920	715.293	12	17	19	36	72	74	78	87	123	125	298	#
921	818.261	2	5	17	26	67	85	96	105	123	127	298	#
922	789.9	12	36	47	56	67	78	80	100	103	109	298	#
923	765.25	52	74	80	85	99	102	108	112	113	127	298	#
924	716.434	0	16	46	55	60	85	111	121	123	126	298	#
925	708.201	28	50	64	77	78	98	102	115	116	125	298	#
926	785.175	21	29	52	61	92	94	96	97	105	119	127	299	#
927	976.432	30	41	43	69	70	91	94	105	118	119	126	299	#
928	922.288	6	23	26	39	41	44	61	64	70	72	107	299	#
929	893.783	14	34	45	72	73	79	84	91	106	117	119	299	#
930	871.094	10	33	49	60	84	87	96	105	107	110	119	299	#
931	862.307	3	25	29	40	61	64	67	105	117	121	122	299	#
932	208.521	17	107	300	#
933	158.482	103	107	300	#
934	126.014	17	34	300	#
935	266.048	6	25	78	114	301	#
936	285.385	4	6	36	60	301	#
937	234.556	0	6	25	76	301	#
938	218.839	30	75	78	109	301	#
939	181.828	26	69	94	114	301	#
940	496.296	6	7	22	25	36	55	67	101	104	302	#
941	675.504	22	35	47	48	53	71	107	111	127	302	#
942	670.626	7	10	22	26	48	56	69	92	122	302	#
943	664.938	34	36	46	59	77	96	101	108	109	302	#
944	646.193	8	20	30	55	56	67	71	90	113	302	#
945	568.465	0	20	25	32	49	59	65	74	75	302	#
946	178.418	7	83	86	303	#
947	257.673	7	72	102	303	#
948	193.581	49	72	86	303	#
949	131.496	42	83	90	303	#
950	78.9189	39	#
951	480.531	21	23	33	51	83	105	111	304	#
952	606.433	0	13	51	63	76	85	111	304	#
953	506.968	33	34	61	84	91	105	122	304	#
954	496.504	6	20	21	49	75	88	115	304	#
955	470.601	13	19	70	72	78	83	88	304	#
956	465.432	20	22	34	42	51	54	74	304	#
957	784.877	4	10	27	36	41	63	66	77	79	84	96	105	305	#
958	1084.51	2	3	8	20	27	33	37	66	95	105	120	126	305	#
959	1038.96	0	8	9	13	39	50	51	77	101	106	114	120	305	#
960	942.571	0	8	9	23	25	46	63	72	74	86	92	99	305	#
961	931.28	1	23	55	57	66	77	79	83	84	86	113	120	305	#
962	928.803	1	8	36	43	50	56	61	63	75	111	112	117	305	#
963	2081.35	2	3	8	17	19	21	22	30	31	32	33	37	42	47	53	55	58	82	84	88	89	94	96	100	107	108	110	111	112	119	306	#
964	2344.1	3	6	7	8	11	17	22	23	29	35	37	41	54	73	74	82	93	95	96	97	98	100	102	107	111	112	114	118	119	127	306	#
965	2315.83	1	2	3	4	8	19	25	26	29	31	39	42	48	54	56	61	68	70	85	89	93	95	97	100	107	108	117	118	119	120	306	#
966	2278.6	1	3	15	23	24	32	35	37	41	46	47	48	49	53	54	55	68	72	78	81	92	93	95	107	110	117	120	121	122	127	306	#
967	2245.17	2	3	10	17	22	24	28	37	46	52	53	54	58	60	71	72	73	79	82	85	88	90	94	102	104	112	115	116	119	123	306	#
968	2229.01	3	20	21	25	28	29	30	35	41	42	46	49	53	77	78	79	81	84	89	93	95	98	104	114	117	118	119	120	124	126	306	#
969	166.366	0	32	36	307	#
970	227.62	0	72	102	307	#
971	133.779	32	80	90	307	#
972	124.791	1	30	36	307	#
973	216.41	23	44	107	308	#
974	307.162	26	67	107	308	#
975	191.842	23	93	113	308	#
976	191.781	25	34	44	308	#
977	555.59	5	15	84	100	106	117	119	124	309	#
978	603.144	15	16	25	42	77	93	115	126	309	#
979	573.551	11	18	26	52	57	84	100	102	309	#
980	568.775	47	60	83	93	97	116	119	124	309	#
981	490.82	10	30	40	56	90	91	103	117	309	#
982	483.409	13	35	40	44	73	74	92	100	309	#
983	66.9012	4	#
984	1157.56	1	3	22	27	42	44	51	52	61	69	75	80	83	92	104	105	118	122	310	#
985	1408.26	2	5	6	13	17	23	25	38	40	72	76	81	96	104	107	112	113	118	310	#
986	1397.86	3	17	47	51	52	57	66	79	81	90	92	97	105	106	108	109	115	116	310	#
987	1340.03	0	6	8	11	12	13	15	17	26	33	35	38	61	72	75	81	83	92	310	#
988	1324.12	0	1	6	9	13	17	23	32	53	60	68	71	88	96	109	110	117	119	310	#
989	1304.86	3	9	13	36	40	53	56	68	69	75	81	87	89	103	104	109	112	117	310	#
990	1453.12	1	12	14	16	34	36	47	49	52	53	70	86	90	91	108	114	119	124	127	311	#
991	1808.67	2	6	16	24	26	31	32	39	40	51	52	53	54	95	102	114	119	125	127	311	#
992	1753.33	7	9	16	19	20	33	39	49	52	53	61	91	94	102	113	114	119	121	123	311	#
993	1729.01	3	6	7	8	13	16	17	26	40	42	50	53	69	103	108	114	119	121	124	311	#
994	1577.82	3	8	9	13	15	16	18	21	24	47	49	51	73	86	90	105	107	108	115	311	#
995	1555.72	15	16	17	18	20	29	34	47	59	89	91	92	93	99	105	110	114	117	127	311	#
996	304.316	22	32	82	109	312	#
997	241.743	71	80	100	109	312	#
998	239.02	25	32	51	108	312	#
999	230.036	11	22	108	111	312	#
