%% File generated by CATS v.2.1Thu May  9 12:42:05 2024

%% The CATS webpage is http://robotics.stanford.edu/CATS

%% PARAMETER SETTINGS:
% Goods: 128; Bids: 1000; Distribution: arbitrary; Runs: 1; Seed: 96
% Arbitrary Distribution Parameters:
% Max Substitutable Bids = 5
% Removing HV Neighbor   = 0.1
% Adding DIAG Neighbor   = 0.2
% Additional Location    = 0.9
% Additivity             = 0.2
% Budget Factor          = 1.5
% Resale Factor          = 0.5
% Uniform Private Value:
%   Deviation            = 0.5
%   Max Good Value       = 100



goods 128
bids 1004
dummy 192

0	1031.69	1	11	20	25	31	44	70	82	85	95	96	101	121	127	128	#
1	1121.67	12	17	25	45	47	49	65	76	82	85	89	92	107	126	128	#
2	1112.5	8	20	25	27	48	49	64	67	80	90	100	112	113	127	128	#
3	1079.59	3	8	12	20	54	64	85	98	99	100	103	105	121	127	128	#
4	1027.54	17	39	44	45	64	69	70	95	100	102	107	114	123	125	128	#
5	1015.91	7	17	23	27	31	38	65	80	85	95	99	102	107	114	128	#
6	918.293	1	2	6	7	23	46	72	78	83	92	93	95	101	110	117	129	#
7	1342.39	6	8	21	23	30	34	46	53	67	76	86	102	114	117	121	129	#
8	1262.31	14	44	49	70	77	78	96	97	102	104	106	110	112	117	125	129	#
9	1214.86	19	21	26	39	46	56	72	78	82	86	93	100	113	117	123	129	#
10	1212.63	14	19	21	29	33	61	66	99	101	104	106	117	123	125	127	129	#
11	1179.51	12	33	36	59	73	75	77	83	86	93	95	100	102	112	124	129	#
12	188.565	25	46	83	130	#
13	249.357	58	83	86	130	#
14	205.853	14	46	121	130	#
15	90.719	25	63	70	130	#
16	448.776	0	17	18	39	41	43	48	75	76	104	131	#
17	656.6	2	15	22	32	33	41	48	66	71	75	131	#
18	636.795	0	2	17	18	53	66	76	106	107	118	131	#
19	631.491	2	6	13	18	31	45	69	95	112	114	131	#
20	628.715	2	27	41	71	73	76	79	90	91	107	131	#
21	561.411	4	13	23	31	42	43	53	84	103	113	131	#
22	757.637	4	29	62	64	66	83	93	97	98	101	108	117	126	132	#
23	1100.65	0	20	21	27	34	36	55	58	62	87	106	114	127	132	#
24	1002.7	0	2	3	19	20	27	35	45	46	54	55	78	93	132	#
25	954.281	25	28	29	32	35	48	50	75	80	94	99	106	114	132	#
26	839.504	9	18	19	24	27	41	77	91	94	97	101	106	109	132	#
27	836.925	0	18	27	32	34	36	37	74	80	83	94	108	114	132	#
28	87.889	17	51	133	#
29	84.6892	51	104	133	#
30	95.9093	38	#
31	138.202	13	66	75	134	#
32	178.837	13	58	124	134	#
33	194.362	2	18	76	135	#
34	278.632	2	25	32	135	#
35	223.41	18	20	21	135	#
36	90.7192	76	90	94	135	#
37	608.244	0	16	36	46	52	55	75	97	113	136	#
38	765.541	15	17	55	73	78	84	100	106	118	136	#
39	760.767	2	31	40	52	76	87	97	100	112	136	#
40	665.61	2	19	33	44	46	51	97	109	126	136	#
41	665.172	32	49	51	56	76	93	97	113	127	136	#
42	611.874	5	12	16	17	89	100	108	110	120	136	#
43	580.777	32	38	42	43	59	65	67	75	103	116	137	#
44	709.139	14	20	28	40	42	43	47	86	92	95	137	#
45	670.246	7	65	69	79	83	84	86	95	118	123	137	#
46	655.284	7	14	29	56	67	76	80	86	94	116	137	#
47	633.232	2	22	35	41	57	59	86	100	125	127	137	#
48	584.023	22	33	34	43	62	64	81	95	103	115	137	#
49	759.126	15	28	46	49	65	68	73	75	86	88	93	95	99	101	138	#
50	1080.12	2	7	22	27	36	38	47	61	75	81	82	86	106	124	138	#
51	1014.56	2	15	23	48	57	85	88	101	113	114	115	118	124	127	138	#
52	1007.7	11	15	22	36	45	55	57	63	73	86	91	93	115	117	138	#
53	950.174	4	20	38	45	49	62	74	75	77	92	98	99	112	114	138	#
54	944.999	20	26	37	39	48	69	81	85	95	99	105	112	116	127	138	#
55	3.5027	3	18	37	72	#
56	677.836	1	30	36	38	43	46	52	53	89	93	116	124	139	#
57	982.479	6	13	20	32	43	66	72	83	85	89	93	114	139	#
58	963.147	0	27	31	41	53	55	93	101	111	118	121	123	139	#
59	961.184	16	30	36	47	57	58	59	66	93	115	123	125	139	#
60	952.543	0	18	21	27	29	36	52	67	75	94	99	101	139	#
61	874.248	0	6	22	31	36	43	50	67	68	81	93	94	139	#
62	705.163	2	10	22	26	38	40	48	64	85	89	99	118	140	#
63	937.227	2	5	10	14	65	72	81	85	101	102	109	113	140	#
64	768.329	44	51	56	81	85	87	98	100	102	117	118	127	140	#
65	758.897	5	11	14	21	22	24	29	40	72	74	86	121	140	#
66	728.366	16	19	21	22	26	27	40	42	55	65	95	105	140	#
67	724	10	12	15	18	22	26	34	40	51	70	78	95	140	#
68	287.763	33	54	96	113	141	#
69	251.702	0	33	43	61	141	#
70	208.931	38	44	54	106	141	#
71	196.081	28	108	113	120	141	#
72	66.8228	55	#
73	401.959	11	23	41	70	74	99	109	122	142	#
74	595.179	4	33	38	70	77	79	102	127	142	#
75	588.093	5	11	21	67	70	74	77	106	142	#
76	543.717	5	11	23	32	42	74	78	115	142	#
77	506.214	9	11	12	31	46	73	74	111	142	#
78	462.396	8	14	21	67	72	74	119	122	142	#
79	401.078	22	68	73	74	83	100	116	125	127	143	#
80	598.113	7	31	44	60	68	69	78	118	127	143	#
81	582.073	22	35	55	61	73	83	102	104	120	143	#
82	512.446	4	22	64	74	85	86	109	118	125	143	#
83	506.256	10	22	27	40	83	84	92	94	110	143	#
84	460.903	4	38	45	47	48	49	77	83	120	143	#
85	347.985	7	22	28	33	71	83	97	144	#
86	458.965	21	28	32	79	80	84	116	144	#
87	452.609	7	24	40	62	91	114	127	144	#
88	439.17	43	49	58	64	80	97	125	144	#
89	425.299	8	64	83	92	97	101	126	144	#
90	312.216	4	25	33	34	59	85	115	144	#
91	1790.68	3	19	31	33	37	39	43	50	55	59	65	67	72	79	89	93	99	100	101	103	112	115	118	127	145	#
92	2027.01	6	19	20	26	37	43	55	63	70	76	77	81	88	89	100	102	103	109	110	111	112	117	118	119	145	#
93	1841.42	1	6	23	37	45	59	65	67	73	76	82	87	88	90	91	94	106	109	110	111	118	119	121	127	145	#
94	1657.08	1	3	14	19	22	37	46	57	70	76	78	81	82	94	97	99	100	101	110	111	113	121	123	127	145	#
95	1654.24	21	30	38	39	43	50	55	57	63	64	70	72	88	94	98	99	109	110	111	112	113	118	119	124	145	#
96	1619.42	2	3	19	29	34	37	41	43	52	57	58	59	67	76	77	78	81	95	99	103	109	112	126	127	145	#
97	2347.73	2	7	9	19	21	25	28	31	34	35	37	39	42	45	46	49	50	54	58	63	67	76	79	80	89	97	98	99	100	105	107	112	115	116	122	124	125	146	#
98	2814.72	3	5	12	14	17	25	28	30	34	36	39	47	48	49	52	56	58	63	64	70	73	77	78	79	82	86	88	89	97	99	100	102	105	107	112	113	121	146	#
99	2782.62	3	7	9	28	29	30	33	35	38	39	42	48	52	58	67	68	69	77	78	79	85	88	89	93	97	100	104	105	108	111	112	114	115	117	118	124	125	146	#
100	2687.28	6	13	15	20	28	31	35	38	40	44	46	49	52	54	61	62	63	67	68	70	73	84	86	87	88	89	94	97	99	100	103	105	106	111	112	113	116	146	#
101	2657.01	6	9	17	20	25	29	30	36	40	42	45	48	49	54	56	58	61	62	63	68	69	70	71	77	79	86	98	99	100	102	104	112	116	117	123	124	126	146	#
102	2637.96	2	8	14	17	18	19	20	21	28	30	34	35	36	38	39	40	41	49	52	54	62	63	67	71	72	73	78	85	86	89	93	100	105	112	115	117	124	146	#
103	200.14	61	125	147	#
104	168.901	42	125	147	#
105	138.184	23	61	147	#
106	269.341	11	58	126	148	#
107	266.889	17	57	126	148	#
108	190.194	17	58	111	148	#
109	243.033	30	33	55	83	92	103	149	#
110	322.353	4	22	44	75	92	114	149	#
111	292.65	59	65	83	100	106	123	149	#
112	165.551	6	43	55	60	68	99	149	#
113	162.026	1	9	28	95	98	103	149	#
114	181.906	55	60	96	150	#
115	176.767	55	98	108	150	#
116	132.196	78	96	110	150	#
117	120.636	21	34	60	150	#
118	332.745	6	11	43	87	92	151	#
119	483.469	29	76	87	100	123	151	#
120	335.862	8	39	58	92	111	151	#
121	289.316	6	23	34	52	53	151	#
122	186.296	43	59	96	124	125	151	#
123	1149.31	1	3	18	27	28	36	50	76	93	114	116	121	123	126	127	152	#
124	1123.28	4	5	16	28	42	50	52	57	68	74	84	88	107	114	127	152	#
125	1070.22	2	15	19	24	27	29	47	65	70	77	82	87	89	94	116	152	#
126	1069.67	2	9	21	28	31	40	42	58	61	76	89	93	104	116	117	152	#
127	1053.06	4	5	38	50	59	60	66	69	84	89	103	112	118	121	127	152	#
128	1025.78	4	7	16	18	23	36	49	58	65	68	70	89	107	113	121	152	#
129	613.616	20	26	39	61	68	76	81	98	117	153	#
130	854.534	10	20	41	57	61	75	78	92	127	153	#
131	646.941	12	33	43	63	73	82	105	117	121	153	#
132	639.351	50	65	68	69	84	89	110	117	121	153	#
133	607.752	14	28	33	38	45	79	84	87	98	153	#
134	595.34	10	26	29	37	40	50	57	121	125	153	#
135	165.856	55	64	98	154	#
136	236.829	33	55	98	154	#
137	71.0941	24	63	64	154	#
138	618.81	0	70	78	87	102	118	155	#
139	508.693	42	55	83	88	115	118	155	#
140	472.892	33	79	87	93	101	127	155	#
141	467.384	0	14	20	102	118	124	155	#
142	456.796	70	78	80	108	123	125	155	#
143	432.402	0	51	70	71	78	79	155	#
144	775.998	0	4	12	24	36	57	60	67	76	80	81	90	117	156	#
145	1102.53	12	22	27	31	32	36	57	62	64	67	106	115	122	156	#
146	993.919	0	18	19	62	72	77	79	96	98	104	114	115	117	156	#
147	910.629	0	22	24	44	45	50	78	80	84	86	90	112	121	156	#
148	903.762	2	13	16	21	31	60	80	90	97	98	101	105	106	156	#
149	867.021	0	2	16	26	44	51	55	57	58	76	77	83	113	156	#
150	2148.05	2	3	4	5	10	19	26	33	44	46	47	50	53	62	63	73	79	81	87	88	89	92	93	101	109	117	123	157	#
151	1961.82	2	17	19	21	24	25	32	38	39	41	47	53	55	61	73	74	75	79	83	89	99	106	108	109	119	125	127	157	#
152	1931.26	5	8	11	20	24	32	33	34	45	47	48	53	56	59	63	67	78	79	81	89	95	99	107	109	121	124	127	157	#
153	1927.96	8	9	21	22	32	40	44	53	62	63	67	74	76	81	86	87	88	89	91	92	94	97	111	114	122	126	127	157	#
154	1924.85	5	8	10	11	19	20	24	39	50	53	55	62	63	68	69	73	74	76	79	87	89	91	92	95	106	121	123	157	#
155	1873.01	2	15	19	20	25	30	31	33	40	42	45	46	48	52	58	62	67	79	84	88	89	95	101	109	117	121	124	157	#
156	323.82	2	61	127	158	#
157	255.294	61	82	92	158	#
158	79.32	51	125	127	158	#
159	542.914	10	15	17	30	37	39	65	85	118	159	#
160	717.852	10	18	37	53	55	80	93	115	117	159	#
161	705.488	46	54	55	58	63	77	79	118	124	159	#
162	622.063	0	12	18	30	41	85	93	117	118	159	#
163	617.803	36	37	39	54	65	71	97	118	127	159	#
164	553.513	15	16	44	53	65	71	77	95	102	159	#
165	311.152	19	33	113	124	160	#
166	354.776	20	33	46	125	160	#
167	321.351	6	70	84	124	160	#
168	270.283	27	90	106	113	160	#
169	217.678	19	69	99	127	160	#
170	509.359	12	23	35	48	60	77	92	95	102	161	#
171	753.474	6	12	23	31	45	46	57	77	78	161	#
172	699.946	22	35	45	55	79	84	85	102	111	161	#
173	693.738	16	22	23	31	46	55	102	117	122	161	#
174	675.814	1	14	33	55	89	95	100	112	114	161	#
175	649.015	4	12	16	29	33	59	79	91	126	161	#
176	662.679	0	3	7	13	55	63	64	68	85	98	108	162	#
177	879.145	4	9	12	20	46	64	78	81	87	97	113	162	#
178	839.853	4	19	30	35	36	43	45	55	60	85	118	162	#
179	838.535	4	7	9	16	27	39	59	63	85	109	127	162	#
180	816.214	2	19	21	36	43	57	60	63	85	86	108	162	#
181	784.896	0	4	18	19	27	58	62	64	70	76	122	162	#
182	866.236	3	6	24	32	35	47	71	73	89	104	115	117	163	#
183	1016.9	6	17	20	24	25	64	71	74	75	100	115	126	163	#
184	965.021	3	12	16	24	37	71	80	94	105	106	109	117	163	#
185	870.259	15	23	32	43	58	60	62	78	89	103	106	108	163	#
186	869.593	3	13	30	43	47	62	77	94	109	117	123	124	163	#
187	805.218	32	35	51	56	61	64	74	88	100	108	117	122	163	#
188	773.885	20	47	58	60	63	64	67	81	83	93	106	116	164	#
189	1123.51	16	20	36	46	61	77	86	101	105	114	115	127	164	#
190	1022.08	19	67	75	82	84	88	100	102	109	118	119	121	164	#
191	875.917	18	25	27	45	67	81	82	85	106	109	123	126	164	#
192	853.796	3	14	20	30	34	47	64	67	79	93	118	119	164	#
193	814.523	9	11	20	36	47	64	86	111	116	120	121	124	164	#
194	394.243	17	18	19	73	82	88	117	165	#
195	453.728	3	12	28	72	78	82	121	165	#
196	451.114	16	19	23	38	67	101	116	165	#
197	422.93	13	14	25	48	73	100	118	165	#
198	380.597	17	30	78	83	88	92	100	165	#
199	331.138	49	51	77	95	97	117	118	165	#
200	194.786	13	105	127	166	#
201	212.399	104	105	121	166	#
202	198.202	9	78	127	166	#
203	366.821	44	47	70	75	82	167	#
204	428.589	36	50	64	70	103	167	#
205	405.726	11	12	72	75	103	167	#
206	339.891	5	12	44	49	78	167	#
207	323.974	10	25	47	70	110	167	#
208	154.817	35	82	83	118	122	167	#
209	209.954	31	87	168	#
210	200.089	87	97	168	#
211	188.344	27	31	168	#
212	269.093	9	77	79	109	119	169	#
213	270.898	1	8	30	89	109	169	#
214	252.781	37	53	54	77	102	169	#
215	80.1383	3	18	79	105	107	169	#
216	552.527	4	35	52	57	77	94	104	111	119	170	#
217	630.074	21	48	55	57	77	86	104	106	115	170	#
218	613.857	5	25	56	57	60	64	90	115	118	170	#
219	598.977	8	19	30	32	35	56	57	62	74	170	#
220	523.575	6	50	56	77	83	111	112	113	119	170	#
221	506.454	1	3	58	82	93	94	109	110	116	170	#
222	1180.99	4	6	13	18	31	34	43	44	45	48	59	72	73	76	99	103	106	111	117	121	123	171	#
223	1513.75	7	17	23	24	25	31	33	38	45	47	49	60	61	74	75	86	99	106	111	116	126	171	#
224	1458.38	5	13	24	26	31	48	53	66	69	72	76	80	82	86	89	94	97	98	106	114	121	171	#
225	1403.16	4	21	24	27	31	39	43	48	54	73	76	89	91	94	98	103	105	110	116	117	121	171	#
226	1321.94	0	15	18	19	31	34	39	43	44	47	60	68	72	75	80	84	94	100	105	115	126	171	#
227	1316.27	2	8	16	18	31	34	39	43	44	55	72	80	83	86	91	98	99	103	105	106	126	171	#
228	67.3616	105	#
229	2216.23	3	8	14	15	16	22	25	26	35	41	42	46	51	55	56	59	63	66	69	70	71	75	79	81	85	86	89	92	95	100	103	109	113	115	116	118	120	122	124	126	127	172	#
230	2788.56	10	16	20	21	25	38	43	50	51	54	57	59	62	63	70	71	74	76	78	80	81	82	86	87	88	89	92	93	100	101	103	105	109	110	114	115	116	118	125	126	127	172	#
231	2702.64	6	15	16	20	31	33	43	46	47	50	51	52	54	55	56	69	70	74	76	78	79	81	83	86	88	89	90	92	93	100	103	106	108	114	115	116	121	123	124	125	127	172	#
232	2643.38	0	3	10	25	29	31	41	44	45	46	50	51	54	55	59	60	61	63	67	76	80	81	84	88	89	90	95	98	101	103	105	109	113	114	115	116	119	121	123	124	125	172	#
233	2585.2	2	3	5	6	11	14	15	32	33	35	40	43	44	46	47	52	54	55	58	61	63	66	67	71	79	80	81	84	85	88	93	97	103	106	112	115	122	123	124	125	127	172	#
234	2556.1	5	9	11	14	20	21	22	26	30	31	33	47	50	52	55	59	61	71	73	74	76	78	80	81	84	87	88	89	98	99	105	106	109	115	116	118	119	123	124	126	127	172	#
235	144.674	21	40	47	173	#
236	162.862	40	49	72	173	#
237	91.1927	21	55	74	173	#
238	244.876	27	29	42	107	121	123	125	174	#
239	305.81	1	17	41	87	93	95	121	174	#
240	236.392	18	29	31	51	80	84	94	174	#
241	156.772	17	54	175	#
242	134.043	17	38	175	#
243	98.7637	54	56	175	#
244	463.224	19	66	81	93	117	176	#
245	472.498	17	93	101	105	117	176	#
246	427.543	33	51	100	106	117	176	#
247	360.774	19	20	21	27	41	176	#
248	323.64	8	17	28	66	124	176	#
249	246.82	14	23	46	81	86	176	#
250	564.145	6	15	19	29	38	77	113	177	#
251	477.891	14	17	34	38	61	77	107	177	#
252	464.36	5	19	50	60	67	100	125	177	#
253	441.636	5	6	13	14	46	77	114	177	#
254	426.879	5	37	53	83	108	113	115	177	#
255	404.199	6	9	35	43	44	70	117	177	#
256	51.9486	48	#
257	185.562	26	36	69	93	178	#
258	265.198	52	93	111	115	178	#
259	256.74	14	16	69	94	178	#
260	217.148	18	26	70	112	178	#
261	191.637	5	32	179	#
262	188.961	32	120	179	#
263	175.942	5	84	179	#
264	195.269	10	32	180	#
265	204.675	32	73	180	#
266	118.291	10	21	180	#
267	209.817	3	15	71	102	111	124	181	#
268	267.877	13	15	36	40	48	102	181	#
269	250.655	58	70	71	80	95	108	181	#
270	227.124	14	63	80	90	94	102	181	#
271	125.811	44	94	182	#
272	168.863	94	104	182	#
273	91.7823	44	124	182	#
274	955.465	0	4	13	21	23	33	51	61	69	72	73	87	90	92	93	95	96	101	103	120	183	#
275	1424.79	13	21	34	38	46	51	61	64	77	80	86	88	92	93	95	109	114	115	124	125	183	#
276	1407.13	0	2	15	26	32	45	46	50	54	58	61	63	64	78	86	87	92	95	100	118	183	#
277	1362.76	2	19	23	27	45	49	53	61	64	74	80	82	83	101	103	105	115	118	123	125	183	#
278	1354.78	4	22	27	46	51	61	62	64	65	74	77	91	92	96	97	106	114	115	118	127	183	#
279	1313.78	9	18	23	24	26	28	34	43	48	50	58	61	75	83	92	101	105	108	125	127	183	#
280	883.337	0	1	8	14	26	28	41	45	60	72	81	106	109	110	113	122	184	#
281	1137.49	4	10	27	32	37	63	64	66	70	79	88	103	112	113	115	117	184	#
282	1124.78	0	2	6	58	63	69	75	84	85	90	99	103	106	119	125	126	184	#
283	1098.31	0	1	4	6	34	69	72	74	75	81	86	99	101	102	106	120	184	#
284	1050.58	5	27	30	46	54	55	58	59	66	72	80	87	95	96	103	126	184	#
285	958.634	4	5	19	27	31	43	55	60	69	79	80	81	96	104	109	119	184	#
286	622.253	20	29	60	70	79	94	100	185	#
287	530.852	1	28	40	55	100	102	119	185	#
288	522.627	11	13	20	68	70	84	97	185	#
289	501.834	24	29	86	94	117	125	127	185	#
290	479.008	11	14	36	46	56	57	79	185	#
291	429.773	20	21	29	71	81	83	126	185	#
292	666.02	4	13	16	18	23	50	62	75	88	89	124	186	#
293	689.581	4	18	31	41	84	85	106	109	116	118	126	186	#
294	674.499	43	60	62	65	70	74	76	103	118	120	122	186	#
295	671.045	0	14	25	28	40	43	46	76	107	113	124	186	#
296	645.158	4	10	20	58	60	62	71	81	105	114	117	186	#
297	622.053	2	11	13	43	45	56	65	68	70	122	125	186	#
298	1844.01	0	2	8	9	10	11	17	18	19	20	37	41	46	50	51	52	58	65	76	81	85	95	96	100	102	104	108	111	116	118	121	127	187	#
299	2144.75	1	2	14	15	17	19	22	24	25	27	36	37	40	45	50	52	56	71	77	82	87	89	91	99	104	112	113	116	118	119	121	127	187	#
300	2126.12	0	1	8	9	10	11	20	22	23	24	27	31	40	47	50	53	56	57	58	71	76	82	84	89	91	94	107	108	111	116	126	127	187	#
301	2106.44	8	10	17	19	20	21	23	25	26	35	36	38	41	47	50	52	54	55	56	57	58	71	75	78	82	89	91	92	95	105	110	121	187	#
302	2097.27	8	9	10	16	22	40	44	46	50	54	58	63	66	67	70	73	76	77	78	81	86	88	95	101	106	108	112	114	118	120	123	127	187	#
303	2046.06	2	3	4	8	9	10	11	17	22	26	31	33	35	38	41	47	54	56	67	72	78	84	89	96	100	102	104	107	111	112	118	124	187	#
304	717.861	8	38	50	74	77	91	96	104	109	110	115	120	188	#
305	809.692	62	67	69	73	74	77	92	96	103	115	122	126	188	#
306	791.739	3	34	40	46	58	61	64	69	72	109	114	120	188	#
307	771.668	8	19	38	39	49	60	61	73	84	104	109	118	188	#
308	768.555	25	51	72	76	91	92	94	96	102	106	120	126	188	#
309	759.684	28	31	52	74	87	92	101	104	107	110	111	114	188	#
310	1007.43	15	19	24	38	58	59	77	90	101	103	105	114	119	189	#
311	1057.35	2	12	15	27	33	59	67	87	93	96	102	114	126	189	#
312	998.543	35	37	67	71	77	91	98	99	103	105	107	114	127	189	#
313	976.717	7	8	25	26	36	45	67	86	88	90	101	103	126	189	#
314	958.654	4	11	12	38	40	57	67	68	75	90	100	115	119	189	#
315	921.535	0	6	36	37	59	75	77	80	96	100	113	118	119	189	#
316	181.036	6	30	84	190	#
317	217.056	6	44	78	190	#
318	197.645	27	30	121	190	#
319	197.625	15	16	84	190	#
320	116.268	50	116	191	#
321	77.1969	1	50	191	#
322	1529.19	5	9	12	23	44	46	51	61	64	65	83	84	86	104	106	109	114	115	124	127	192	#
323	1388.13	5	6	7	9	11	12	32	33	46	50	51	55	67	75	89	104	105	110	112	113	192	#
324	1318.71	0	3	12	19	25	40	45	46	51	61	64	65	75	76	83	106	111	124	126	127	192	#
325	1295.37	9	25	32	41	43	55	61	64	65	74	78	82	83	85	102	104	106	119	124	127	192	#
326	1291.37	9	12	20	23	29	40	42	43	55	73	76	78	82	86	87	88	89	100	104	111	192	#
327	1282.65	4	16	25	33	44	53	54	67	69	76	87	90	91	92	101	103	106	111	112	116	192	#
328	420.866	4	46	68	70	108	109	193	#
329	475.734	44	46	55	108	112	118	193	#
330	424.781	37	49	70	75	89	102	193	#
331	388.524	12	43	45	49	73	109	193	#
332	298.468	4	10	22	46	50	104	193	#
333	284.491	4	52	56	67	91	104	193	#
334	2327.38	2	6	7	8	10	12	16	18	22	23	26	27	31	34	37	40	43	44	45	51	53	55	59	60	67	69	70	73	76	88	89	90	91	105	111	114	119	120	125	127	194	#
335	2847.15	3	7	8	10	11	12	16	19	24	27	32	35	37	38	44	48	52	53	55	61	67	70	73	74	77	82	88	89	92	94	100	101	106	107	108	109	115	121	125	126	194	#
336	2841.55	2	3	4	6	10	14	20	24	27	28	40	48	51	54	55	60	61	62	66	67	70	76	78	79	83	84	88	89	91	95	102	105	106	109	112	114	119	120	125	127	194	#
337	2736.22	4	5	8	10	11	15	20	22	27	30	32	43	45	48	51	52	54	55	57	58	60	65	70	76	77	79	83	84	88	89	91	101	114	115	116	117	118	124	125	126	194	#
338	2697.54	3	12	14	16	17	18	20	27	32	34	36	37	38	40	44	48	49	54	55	60	62	67	70	74	75	77	82	83	92	97	99	100	103	109	114	115	116	117	119	125	194	#
339	2671.96	2	3	10	12	15	22	37	42	44	45	51	53	54	55	57	60	61	62	63	65	69	73	74	75	76	79	82	84	88	101	102	105	106	109	110	114	115	116	125	126	194	#
340	557.416	22	38	39	52	57	73	87	113	123	195	#
341	677.1	16	27	40	59	76	85	87	102	127	195	#
342	663.221	32	39	41	48	49	85	99	101	119	195	#
343	553.813	11	31	38	79	99	111	113	119	125	195	#
344	541.711	8	27	41	57	69	72	75	79	124	195	#
345	532.966	29	39	47	52	73	79	85	95	119	195	#
346	425.716	58	60	64	73	99	117	196	#
347	478.46	23	28	29	58	61	73	196	#
348	454.138	3	70	73	81	87	106	196	#
349	396.275	32	55	65	94	99	103	196	#
350	392.57	21	31	49	68	87	117	196	#
351	381.695	9	23	38	64	68	73	196	#
352	1237.17	15	17	19	25	45	46	47	54	59	76	77	78	79	95	98	107	111	112	122	197	#
353	1463.79	7	29	30	32	47	52	54	65	66	77	85	86	102	103	104	112	116	121	124	197	#
354	1360.81	1	19	27	32	43	47	59	61	65	71	79	83	95	102	106	109	112	125	126	197	#
355	1348.33	4	9	20	41	45	46	48	55	77	78	85	94	95	98	103	121	123	124	127	197	#
356	1290.04	4	28	48	52	54	55	63	65	75	79	85	94	97	109	115	117	118	122	124	197	#
357	1279.41	20	25	27	30	46	47	48	58	59	85	86	95	97	103	109	111	113	121	123	197	#
358	273.339	55	61	64	198	#
359	256.438	55	99	114	198	#
360	254.637	38	64	125	198	#
361	253.353	40	61	127	198	#
362	526.527	0	12	25	46	48	71	108	109	199	#
363	726.039	38	55	56	86	107	108	112	119	199	#
364	626.069	35	71	89	98	105	106	113	121	199	#
365	591.747	3	46	56	73	96	100	111	121	199	#
366	543.615	3	10	26	38	41	89	97	109	199	#
367	498.388	12	23	26	44	53	55	77	104	199	#
368	2054.86	2	5	7	9	14	17	21	22	29	30	36	38	43	47	49	51	52	59	63	64	68	71	73	78	81	82	86	89	92	94	96	101	107	112	117	120	125	127	200	#
369	2518.85	9	14	15	17	18	19	20	21	22	32	35	36	43	45	57	61	62	63	65	67	68	75	79	82	83	86	88	89	91	93	94	103	109	110	111	112	118	124	200	#
370	2503.16	0	3	7	9	15	16	17	23	27	30	32	36	37	50	51	56	57	59	61	64	66	71	79	82	92	93	94	96	101	103	106	107	112	113	116	117	120	125	200	#
371	2501.99	0	9	10	15	18	30	32	36	38	40	44	49	51	59	61	62	64	67	71	75	77	79	81	84	91	94	96	100	101	103	105	107	108	110	113	117	118	120	200	#
372	2474.48	0	7	10	17	20	30	32	37	38	40	41	43	45	48	50	51	61	63	64	65	67	69	70	71	75	77	83	86	87	98	101	103	106	108	116	117	124	127	200	#
373	2469.17	0	2	5	13	14	15	17	19	20	27	30	36	38	40	46	49	52	55	61	64	67	68	70	75	78	79	90	98	99	106	108	110	112	113	117	118	121	126	200	#
374	279.783	39	72	104	121	201	#
375	328.427	6	12	13	104	201	#
376	242.147	33	39	97	121	201	#
377	194.159	51	63	98	121	201	#
378	154.81	26	48	72	101	201	#
379	732.726	3	43	44	50	54	78	80	82	94	97	116	117	118	202	#
380	1067.01	16	27	31	34	50	56	67	80	94	95	101	102	117	202	#
381	968.325	7	19	42	48	50	52	54	55	57	72	84	95	102	202	#
382	932.924	1	34	45	48	49	61	66	72	102	105	109	117	118	202	#
383	932.862	1	10	19	23	25	34	45	48	54	55	56	84	98	202	#
384	823.735	1	7	18	19	32	35	44	50	56	57	102	103	118	202	#
385	704.214	45	62	73	85	95	96	106	114	116	118	122	203	#
386	877.81	31	35	46	49	67	94	103	113	116	117	127	203	#
387	820.606	10	26	49	77	79	84	87	96	105	106	109	203	#
388	814.733	4	27	28	29	59	62	66	71	87	106	124	203	#
389	804.096	6	24	36	37	45	86	91	106	121	125	126	203	#
390	725.607	16	18	21	42	59	64	106	114	116	118	126	203	#
391	666.863	11	13	16	19	21	50	58	71	77	87	90	204	#
392	852.658	6	7	10	19	23	50	65	90	99	100	115	204	#
393	798.184	6	16	22	31	36	42	44	58	92	93	100	204	#
394	685.785	7	11	18	25	39	57	74	77	83	112	123	204	#
395	664.72	8	25	29	37	51	71	81	99	104	106	117	204	#
396	635.566	8	20	23	25	30	37	50	84	102	115	121	204	#
397	2740.52	2	15	16	17	22	23	24	26	28	31	37	40	42	48	54	55	57	59	63	64	65	67	70	73	76	83	88	89	90	99	101	103	104	107	109	113	115	118	124	205	#
398	2904.77	6	8	9	17	20	24	27	28	32	33	38	48	50	53	57	58	59	62	63	64	68	70	83	85	89	90	94	97	98	99	105	107	114	115	117	118	125	126	127	205	#
399	2766.72	6	8	15	16	17	19	24	28	37	41	43	48	49	51	52	53	59	61	64	65	67	70	73	76	80	81	82	84	90	99	101	105	107	109	113	117	118	124	126	205	#
400	2671.94	2	9	10	17	19	22	23	25	28	31	33	38	40	45	48	49	50	52	54	59	62	63	69	73	74	77	80	88	92	93	94	97	99	101	106	118	123	124	125	205	#
401	2664.34	2	17	18	19	25	30	31	33	40	43	44	48	49	50	51	59	62	64	66	67	68	73	77	86	88	93	94	97	98	99	101	102	103	107	115	117	122	124	125	205	#
402	2651.2	5	17	19	22	23	24	31	32	38	40	43	44	48	50	56	58	59	61	62	63	64	67	69	70	72	79	89	100	101	102	105	106	109	115	116	118	122	123	126	205	#
403	464.579	3	11	46	57	67	97	121	122	206	#
404	636.63	11	23	31	61	62	67	88	119	206	#
405	621.657	3	4	8	19	49	73	106	113	206	#
406	524.134	11	45	59	72	76	87	102	116	206	#
407	507.067	4	18	19	73	80	108	112	122	206	#
408	483.154	6	8	22	44	62	100	112	121	206	#
409	416.826	8	25	37	52	74	85	111	117	119	207	#
410	589.405	9	25	44	50	86	109	111	119	122	207	#
411	502.363	8	12	18	29	46	57	67	71	109	207	#
412	474.931	25	30	37	47	58	63	79	100	109	207	#
413	463.111	7	9	31	47	57	74	85	102	117	207	#
414	415.348	16	44	52	71	83	102	105	114	124	207	#
415	147.669	77	92	208	#
416	214.836	77	93	208	#
417	1416.45	3	5	8	9	14	27	40	46	52	56	64	70	71	72	73	77	97	100	101	117	124	209	#
418	1574.02	0	5	6	7	21	22	39	41	52	54	62	64	67	70	76	90	94	100	101	114	126	209	#
419	1512.59	4	7	9	13	14	22	23	28	30	31	38	54	58	64	89	91	94	100	106	120	123	209	#
420	1431.93	0	9	14	16	29	31	40	44	52	54	63	64	69	77	83	91	93	97	101	107	109	209	#
421	1421.96	6	7	8	14	26	41	42	48	52	61	63	64	68	93	94	95	103	117	119	125	126	209	#
422	1364.93	3	4	7	21	31	38	48	54	55	63	66	67	69	70	78	87	89	95	109	116	123	209	#
423	1342.48	0	4	9	10	14	20	33	34	36	46	61	71	76	78	91	98	101	119	127	210	#
424	1484.82	0	2	5	11	14	19	20	22	28	33	37	46	72	73	75	79	86	114	125	210	#
425	1426.53	2	12	13	20	25	34	62	65	67	76	79	101	102	105	109	111	114	119	126	210	#
426	1387.01	6	7	11	13	14	27	28	33	36	38	46	54	57	61	67	82	95	101	112	210	#
427	1309.93	4	14	25	28	33	35	36	46	54	61	62	85	92	95	99	107	118	119	125	210	#
428	1305.01	0	2	7	22	33	34	37	38	46	54	75	80	87	95	97	101	110	112	125	210	#
429	112.119	118	#
430	641.5	7	34	40	41	57	86	100	103	114	122	211	#
431	727.84	35	56	57	70	74	79	86	103	105	106	211	#
432	694.822	5	6	27	41	59	67	77	81	104	121	211	#
433	640.552	14	16	32	40	62	79	88	92	98	106	211	#
434	620.24	27	30	31	45	47	49	59	64	70	86	211	#
435	607.082	2	51	55	73	81	96	99	102	114	117	211	#
436	260.89	25	43	117	212	#
437	296.432	25	94	117	212	#
438	231.06	5	12	25	212	#
439	89.0125	11	43	53	212	#
440	869.968	0	5	8	15	34	45	48	50	52	55	60	71	85	111	115	122	213	#
441	1235.89	5	12	20	24	25	31	44	47	54	86	87	106	108	113	122	126	213	#
442	1153.25	7	15	33	45	48	60	71	76	90	93	101	106	109	118	121	122	213	#
443	1126.03	2	3	12	14	29	31	40	45	56	83	85	89	93	97	114	125	213	#
444	1113.51	2	5	16	24	29	33	54	58	60	72	77	89	109	121	122	127	213	#
445	1088.56	7	8	15	23	31	37	48	50	51	64	76	93	97	101	109	127	213	#
446	783.621	9	12	23	43	53	58	80	81	98	104	105	112	114	119	214	#
447	980.037	3	10	12	23	30	43	47	58	77	82	87	89	111	127	214	#
448	946.565	43	44	57	60	70	75	80	89	92	94	98	114	121	127	214	#
449	938.884	23	25	26	49	75	77	82	87	101	102	114	120	125	127	214	#
450	938.708	4	5	20	34	43	45	53	54	55	59	62	98	119	127	214	#
451	918.806	5	31	65	68	81	94	103	105	110	117	120	121	126	127	214	#
452	1371.93	7	10	19	32	36	37	42	54	68	69	70	74	83	87	94	101	108	109	118	119	122	215	#
453	1460.72	26	28	37	42	43	52	54	57	61	65	66	72	79	83	87	89	102	105	111	118	119	215	#
454	1399.92	2	3	7	10	18	28	32	34	42	45	52	59	62	68	84	88	94	103	109	118	122	215	#
455	1397.28	2	8	12	17	20	26	28	35	36	43	54	55	59	69	77	80	83	103	109	118	122	215	#
456	1392.65	17	20	22	34	42	43	45	46	50	51	55	56	59	74	77	85	94	105	118	124	126	215	#
457	1371.3	3	10	19	35	36	41	42	43	54	59	69	75	89	103	105	109	111	114	124	125	127	215	#
458	122.156	64	71	110	216	#
459	146.89	15	71	89	216	#
460	133.825	13	64	102	216	#
461	710.49	1	15	26	44	58	81	89	90	92	95	106	127	217	#
462	838.459	25	41	42	58	60	70	79	80	84	106	114	117	217	#
463	827.286	7	24	25	44	61	76	86	87	88	93	106	111	217	#
464	742.427	2	15	41	42	45	58	76	95	102	109	115	124	217	#
465	717.308	8	15	17	19	22	59	73	89	92	99	116	127	217	#
466	716.068	4	16	21	22	34	45	67	89	97	105	111	114	217	#
467	47.0638	0	#
468	1640.38	1	6	8	11	17	23	24	28	29	51	57	59	67	69	70	74	78	81	86	102	103	105	108	110	116	119	124	218	#
469	1971.2	2	5	8	11	20	27	28	35	41	42	45	48	51	54	55	66	75	86	87	88	91	93	98	102	106	109	116	218	#
470	1965.63	5	8	14	15	17	24	34	36	42	49	57	64	65	66	78	86	88	89	93	95	96	101	102	103	105	109	115	218	#
471	1824.67	1	4	6	11	22	29	34	41	42	44	52	58	63	72	74	77	78	86	89	93	96	101	104	105	113	119	126	218	#
472	1786.16	14	26	34	36	42	46	52	56	57	58	59	61	62	64	65	68	69	74	76	78	93	98	101	102	103	114	115	218	#
473	1776.82	6	9	14	15	17	29	33	44	58	62	67	69	70	76	78	84	89	95	98	101	105	107	108	109	115	122	124	218	#
474	80.7397	65	#
475	110.209	21	45	219	#
476	106.436	65	66	219	#
477	217.875	24	78	95	220	#
478	202.516	24	74	125	220	#
479	164.305	78	80	111	220	#
480	107.832	95	103	116	220	#
481	717.262	33	55	66	81	93	106	109	117	221	#
482	649.7	33	35	46	47	48	57	103	113	221	#
483	616.196	21	23	57	98	106	109	110	117	221	#
484	604.567	35	89	91	93	94	111	124	126	221	#
485	574.887	2	19	27	29	32	59	99	106	221	#
486	564.518	6	9	80	81	100	108	117	119	221	#
487	1141.57	0	6	9	19	29	35	40	57	60	63	64	77	83	94	105	106	112	121	222	#
488	1298.04	0	4	14	16	20	22	36	52	53	69	72	78	84	91	99	119	122	123	222	#
489	1250.07	5	13	14	19	22	24	29	57	60	62	78	86	91	92	105	109	112	121	222	#
490	1231.18	4	8	11	15	20	35	37	43	45	53	56	62	78	82	94	103	112	120	222	#
491	1209.37	5	6	19	28	31	60	65	67	76	80	82	92	94	102	104	108	118	127	222	#
492	1166.48	2	6	15	18	27	51	62	64	69	89	92	93	94	96	97	98	106	127	222	#
493	138.176	26	58	81	124	223	#
494	187.225	21	34	118	124	223	#
495	96.2318	6	45	71	81	223	#
496	764.832	2	23	25	28	30	44	52	78	90	92	94	112	122	224	#
497	1014.24	6	16	25	46	61	92	94	96	97	104	109	110	125	224	#
498	954.078	0	23	30	47	58	69	85	87	93	94	96	106	117	224	#
499	949.368	6	23	25	54	57	61	67	78	79	89	91	112	125	224	#
500	888.134	16	19	47	52	56	60	74	76	77	79	87	101	112	224	#
501	837.616	1	8	16	30	33	35	38	52	58	67	69	81	109	224	#
502	197.272	1	11	12	35	72	225	#
503	289.649	1	61	74	99	110	225	#
504	280.184	35	37	44	64	108	225	#
505	255.461	1	12	49	96	108	225	#
506	191.185	11	24	47	49	103	225	#
507	181.209	20	71	72	90	95	225	#
508	1191.85	0	1	2	4	6	15	18	23	27	29	46	47	49	53	56	64	69	87	91	111	116	117	226	#
509	1601.55	0	5	7	21	31	33	46	53	54	56	67	72	76	79	85	90	92	94	105	113	119	127	226	#
510	1478.86	13	17	25	26	32	38	56	57	63	64	65	72	74	76	81	84	85	92	94	101	106	118	226	#
511	1473.19	2	3	5	6	18	29	38	40	43	51	60	61	72	76	78	82	86	89	110	114	115	126	226	#
512	1444.51	0	2	5	8	15	26	48	50	51	59	61	64	76	81	82	84	87	88	90	113	114	121	226	#
513	1436.6	6	7	8	14	17	27	35	38	40	48	49	50	57	67	72	76	82	85	100	102	105	120	226	#
514	54.0896	108	#
515	1488.04	1	5	6	12	13	21	36	44	53	54	56	60	62	66	70	76	80	85	89	107	108	115	122	123	227	#
516	1671.85	8	12	27	29	30	32	37	59	60	61	62	70	71	73	78	84	85	87	88	96	108	112	119	124	227	#
517	1645.96	4	10	12	15	21	27	44	56	60	61	62	65	68	70	72	75	78	79	84	87	88	89	94	120	227	#
518	1624.98	4	12	27	34	37	41	46	49	53	54	70	76	78	87	89	92	103	108	110	115	116	117	120	122	227	#
519	1591.6	10	15	17	20	21	22	34	35	44	53	65	70	71	76	79	81	85	86	89	91	105	112	117	120	227	#
520	1541.32	11	15	22	25	27	29	33	38	41	47	52	58	60	73	75	78	80	81	87	89	91	105	116	122	227	#
521	831.2	16	18	20	59	61	71	73	74	78	89	92	98	100	103	107	228	#
522	1044.68	9	12	22	23	28	30	32	41	56	61	69	84	113	120	125	228	#
523	1031.87	2	9	17	24	33	41	52	62	70	72	86	92	107	125	127	228	#
524	1029.76	0	52	56	61	66	70	74	75	83	86	92	94	101	120	121	228	#
525	993.486	2	17	20	35	36	43	52	56	64	72	86	95	100	107	108	228	#
526	957.149	3	6	14	20	27	44	46	59	62	64	75	86	95	109	126	228	#
527	421.764	4	38	51	58	72	79	80	85	229	#
528	497.288	14	45	56	72	82	85	111	118	229	#
529	490.259	24	30	53	54	75	79	94	119	229	#
530	474.219	4	41	43	58	74	102	120	124	229	#
531	420.398	6	8	26	40	58	59	95	123	229	#
532	412.577	17	29	58	64	80	110	111	115	229	#
533	479.087	15	16	24	36	59	68	86	230	#
534	659.561	21	24	27	28	46	99	114	230	#
535	530.109	36	59	82	99	112	115	127	230	#
536	488.708	68	78	84	86	92	119	121	230	#
537	434.403	7	27	34	38	43	58	68	230	#
538	402.965	1	21	36	59	83	96	125	230	#
539	445.941	14	25	38	56	83	89	99	105	119	121	231	#
540	662.52	2	10	14	17	18	34	38	47	107	125	231	#
541	615.457	42	43	47	48	61	70	79	118	121	127	231	#
542	610.026	7	29	35	53	61	63	89	101	107	125	231	#
543	471.416	21	22	56	59	87	104	110	111	112	118	231	#
544	460.67	3	17	25	33	35	45	48	59	86	107	231	#
545	193.113	53	100	119	232	#
546	176.612	10	63	100	232	#
547	171.194	4	15	119	232	#
548	107.671	49	53	58	232	#
549	238.677	52	72	82	106	233	#
550	278.007	16	78	82	105	233	#
551	261.652	24	50	74	106	233	#
552	228.136	72	74	85	93	233	#
553	216.579	19	50	52	70	233	#
554	120.994	27	71	234	#
555	172.013	27	107	234	#
556	361.141	40	57	73	74	94	123	235	#
557	443.369	3	9	32	108	123	126	235	#
558	436.194	7	8	20	81	94	100	235	#
559	388.266	23	57	71	79	105	127	235	#
560	274.209	29	35	40	55	57	90	235	#
561	179.541	5	11	14	37	73	100	235	#
562	251.076	78	101	118	236	#
563	235.427	62	101	121	236	#
564	155.026	41	42	118	236	#
565	266.603	20	46	87	237	#
566	303.351	83	87	114	237	#
567	211.036	20	31	41	237	#
568	428.508	7	12	21	26	34	40	109	111	238	#
569	642.396	10	32	50	70	75	106	111	124	238	#
570	583.822	10	21	27	28	32	55	71	99	238	#
571	545.246	4	12	43	53	61	64	105	107	238	#
572	496.963	15	36	39	67	69	75	83	109	238	#
573	486.578	1	7	24	50	86	119	122	123	238	#
574	321.841	16	57	89	93	107	239	#
575	309.996	46	50	81	84	107	239	#
576	286.773	57	77	81	83	126	239	#
577	208.902	24	59	62	93	99	239	#
578	516.562	1	3	12	25	31	53	57	95	103	240	#
579	727.748	12	19	21	69	75	89	100	107	114	240	#
580	682.183	26	54	58	63	95	100	112	117	122	240	#
581	644.731	2	6	23	31	47	53	63	90	101	240	#
582	627.048	20	30	44	57	70	83	84	94	117	240	#
583	577.299	2	25	49	51	55	85	106	114	125	240	#
584	937.487	5	6	11	13	44	52	54	57	63	65	69	78	84	94	104	107	109	120	241	#
585	1239.25	0	1	2	13	29	38	46	60	64	78	84	92	94	103	109	117	119	125	241	#
586	1216.9	5	6	7	9	31	32	34	58	60	87	93	96	97	113	119	120	121	123	241	#
587	1215.28	12	18	19	24	41	47	51	53	67	69	74	93	94	97	103	104	110	125	241	#
588	1125.57	12	13	16	30	33	38	47	57	60	64	65	69	77	84	91	96	99	114	241	#
589	1110.81	7	12	13	17	21	26	31	36	57	61	63	78	86	88	96	103	104	121	241	#
590	506.387	7	11	33	50	58	84	117	242	#
591	513.423	16	28	34	84	98	99	125	242	#
592	485.651	33	44	51	85	99	113	117	242	#
593	438.802	7	24	31	34	109	116	118	242	#
594	396.671	40	54	58	74	99	105	109	242	#
595	387.937	22	48	50	61	67	81	122	242	#
596	912.462	2	11	15	18	33	40	43	54	71	72	77	80	90	91	96	98	101	104	107	124	243	#
597	1359.57	9	10	11	13	28	30	40	42	44	47	75	76	84	85	90	102	103	106	124	125	243	#
598	1318.21	9	11	13	20	22	36	54	55	59	73	75	84	90	105	109	110	111	114	119	123	243	#
599	1260.69	0	1	2	8	14	28	29	31	33	50	52	59	81	92	100	106	113	114	119	124	243	#
600	1254.2	4	14	18	33	36	43	49	51	53	54	57	79	84	104	107	114	119	124	125	127	243	#
601	1231.02	17	20	30	40	42	43	53	55	57	65	68	84	86	88	90	92	102	103	119	124	243	#
602	83.2991	21	81	244	#
603	91.548	81	116	244	#
604	1004.09	2	12	19	28	44	45	71	87	91	104	105	112	113	124	245	#
605	1038.24	11	19	20	47	55	56	65	82	105	106	111	115	121	123	245	#
606	1011.85	10	12	18	19	44	48	55	75	77	89	106	109	110	117	245	#
607	867.232	14	17	20	28	35	36	43	47	49	57	71	78	102	115	245	#
608	861.667	0	5	28	34	44	53	78	98	109	111	112	118	126	127	245	#
609	842.959	3	4	28	29	33	55	83	98	103	105	106	111	124	127	245	#
610	776.96	8	11	14	20	25	42	61	66	76	111	121	246	#
611	972.59	3	5	20	53	72	77	82	94	101	113	121	246	#
612	800.477	7	11	14	16	28	32	36	42	55	97	100	246	#
613	800.043	13	17	55	57	59	61	64	77	84	103	111	246	#
614	716.253	12	43	46	49	59	73	87	94	111	113	125	246	#
615	711.51	20	31	32	52	62	64	68	75	76	83	87	246	#
616	515.539	16	22	47	63	78	79	87	247	#
617	601.538	16	66	87	88	93	96	125	247	#
618	483.346	69	87	104	109	121	126	127	247	#
619	468.395	5	11	22	55	78	104	105	247	#
620	440.012	3	30	37	47	57	79	86	247	#
621	429.97	22	29	63	75	105	114	118	247	#
622	310.213	0	71	73	80	96	120	248	#
623	426.006	0	17	27	29	51	57	248	#
624	421.756	45	71	85	99	103	117	248	#
625	418.7	56	66	83	96	99	106	248	#
626	370.277	14	20	24	58	80	118	248	#
627	350.768	6	31	68	77	86	120	248	#
628	373.442	42	55	82	89	95	125	249	#
629	488.54	13	19	32	56	89	126	249	#
630	457.121	29	83	100	118	125	126	249	#
631	420.903	31	36	38	39	55	82	249	#
632	370.562	7	42	70	72	106	109	249	#
633	359.094	14	19	55	70	95	118	249	#
634	351.915	10	59	61	126	250	#
635	368.279	10	19	28	37	250	#
636	321.353	18	73	84	126	250	#
637	306.689	34	45	61	93	250	#
638	906.021	0	22	23	26	35	36	44	53	60	66	70	89	91	125	251	#
639	1129.85	9	21	31	34	42	46	54	65	66	67	87	95	114	127	251	#
640	1093.98	0	33	38	49	53	54	57	67	80	94	95	99	105	112	251	#
641	1056.1	4	23	36	57	60	75	82	89	100	110	112	113	115	116	251	#
642	1024.07	0	2	9	27	29	36	40	53	54	70	73	82	87	95	251	#
643	969.533	18	20	25	36	39	46	47	57	70	89	99	105	119	127	251	#
644	360.418	89	112	127	252	#
645	286.602	62	88	112	252	#
646	229.401	37	89	101	252	#
647	189.852	46	78	127	252	#
648	286.731	35	44	112	122	123	253	#
649	362.23	9	26	36	112	113	253	#
650	316.716	16	35	54	66	107	253	#
651	309.942	3	15	17	55	123	253	#
652	276.525	2	53	91	92	122	253	#
653	171.889	6	17	38	44	52	253	#
654	388.415	5	11	34	92	94	109	110	254	#
655	534.376	4	19	51	70	92	93	121	254	#
656	464.247	11	21	25	28	84	92	102	254	#
657	458.781	0	27	80	88	94	104	113	254	#
658	420.552	38	41	51	67	86	108	109	254	#
659	385.86	5	7	9	17	38	68	69	254	#
660	81.6914	12	#
661	177.343	1	31	80	104	255	#
662	207.036	18	53	78	104	255	#
663	218.872	15	60	89	256	#
664	227.294	36	60	89	256	#
665	223.43	60	89	92	256	#
666	94.8748	15	40	94	256	#
667	281.056	26	35	46	94	257	#
668	274.656	35	39	98	127	257	#
669	236.949	1	46	87	107	257	#
670	206.759	10	26	55	92	257	#
671	203.585	0	5	20	94	257	#
672	205.524	21	69	73	102	258	#
673	306.161	21	31	36	78	258	#
674	281.016	8	32	101	102	258	#
675	227.658	12	57	69	102	258	#
676	1567.58	11	13	18	22	24	58	61	65	66	70	72	86	87	89	100	103	107	108	115	116	117	118	122	259	#
677	1583.44	2	4	13	16	27	28	31	32	33	34	35	40	44	57	61	62	81	88	90	112	116	119	121	259	#
678	1574.92	2	9	13	28	33	34	35	45	46	47	55	62	66	74	77	79	82	87	89	97	108	121	124	259	#
679	1547.57	13	18	24	27	31	34	35	41	51	55	63	66	74	81	87	88	89	91	103	105	108	112	117	259	#
680	1545.36	2	4	12	18	27	28	31	33	41	55	57	59	61	65	66	71	88	90	91	103	107	114	119	259	#
681	1528.58	6	11	14	24	29	31	32	34	46	49	57	58	60	61	70	88	94	108	109	113	117	119	123	259	#
682	705.847	4	6	14	29	35	43	56	66	86	112	118	122	260	#
683	942.781	17	43	44	47	51	55	77	86	94	97	105	123	260	#
684	880.791	22	36	37	40	55	82	86	91	100	118	119	122	260	#
685	870.841	18	20	27	44	47	50	51	77	88	112	119	126	260	#
686	834.504	0	4	10	17	20	35	52	55	75	79	83	88	260	#
687	784.43	3	4	12	25	29	35	42	43	50	54	66	75	260	#
688	570.582	9	11	29	50	57	58	63	69	98	116	124	261	#
689	842.179	16	28	41	45	61	63	79	88	94	108	124	261	#
690	777.619	0	4	11	27	58	74	77	79	91	100	127	261	#
691	692.914	9	17	31	64	78	90	105	116	121	124	127	261	#
692	692.887	11	18	19	29	37	55	57	68	84	101	115	261	#
693	646.346	1	9	10	30	59	62	63	94	95	113	124	261	#
694	1720.37	1	2	10	13	19	24	25	28	30	33	34	35	38	40	46	49	51	52	62	63	70	74	80	82	92	93	108	109	110	116	119	120	122	124	262	#
695	2139.02	6	9	25	28	38	43	44	47	53	54	62	67	70	74	77	79	80	82	88	96	97	99	104	105	107	108	110	118	119	122	123	124	125	127	262	#
696	2126.08	1	5	6	12	19	22	26	28	34	41	43	53	54	55	56	61	63	64	70	71	81	82	90	95	97	99	103	104	105	109	116	119	124	125	262	#
697	2099.47	4	12	16	18	25	28	29	34	37	38	39	40	41	49	53	54	55	56	61	68	70	74	81	84	86	96	99	102	104	109	117	119	120	125	262	#
698	2082.37	1	5	9	12	19	21	24	28	33	35	38	42	49	53	56	60	61	62	64	66	68	72	77	79	83	93	95	96	104	109	115	116	117	119	262	#
699	2074.42	1	6	7	10	12	15	16	25	38	41	42	51	54	61	62	64	72	73	74	77	79	82	88	89	93	94	97	105	115	118	120	122	124	127	262	#
700	52.7209	13	#
701	580.145	6	9	26	33	86	92	106	108	119	263	#
702	760.508	2	3	18	86	94	101	105	108	125	263	#
703	729.38	35	47	54	79	84	88	94	105	108	263	#
704	688.026	9	20	23	38	64	81	86	87	93	263	#
705	650.535	8	29	73	91	106	117	119	120	121	263	#
706	634.536	17	20	26	39	88	100	119	120	123	263	#
707	726.074	0	10	12	23	41	55	63	73	104	105	124	264	#
708	816.843	15	23	24	34	40	54	55	73	99	113	119	264	#
709	788.706	9	59	64	85	94	101	104	109	117	123	127	264	#
710	761.147	0	2	15	23	34	41	49	59	73	77	84	264	#
711	732.525	10	14	26	36	51	55	59	64	67	68	109	264	#
712	640.811	9	11	21	23	26	45	67	76	79	93	102	264	#
713	1911.56	11	12	14	20	21	23	29	32	39	49	58	62	63	64	72	74	80	81	84	92	93	95	100	106	108	110	115	117	124	125	127	265	#
714	2148.03	12	20	21	23	26	27	33	40	44	50	55	56	65	73	74	84	86	87	88	92	94	98	99	100	102	105	111	114	116	121	125	265	#
715	2115.88	10	29	44	54	57	58	60	63	66	67	72	73	74	77	79	81	82	85	86	89	90	94	95	106	110	111	115	117	121	125	127	265	#
716	2105.04	4	5	15	19	20	21	33	40	45	55	56	58	59	64	66	72	73	77	86	92	98	99	103	105	117	118	119	121	124	125	127	265	#
717	2104.76	5	12	21	25	27	33	34	35	37	41	44	45	46	55	56	60	63	66	70	72	85	93	94	98	99	105	106	110	117	120	127	265	#
718	2024.82	11	12	20	23	25	27	31	40	51	54	56	57	60	63	65	66	67	75	77	80	84	88	94	105	106	107	110	113	123	125	126	265	#
719	420.359	5	18	24	72	81	89	90	96	110	266	#
720	598.647	27	49	61	66	67	96	103	120	125	266	#
721	595.928	1	19	20	24	51	67	70	93	94	266	#
722	592.411	0	5	14	42	58	94	100	110	125	266	#
723	536.473	26	32	37	40	53	62	72	81	119	266	#
724	505.95	6	24	31	35	43	72	77	82	120	266	#
725	1255.43	0	5	11	17	24	32	40	47	52	53	73	76	85	91	99	118	119	124	267	#
726	1327.22	6	19	22	44	47	55	58	72	75	76	86	87	95	97	105	115	119	122	267	#
727	1309.94	11	17	18	19	38	47	53	61	65	70	75	76	77	83	85	91	116	124	267	#
728	1288.32	20	22	27	38	40	47	61	75	81	82	87	90	91	101	105	123	124	125	267	#
729	1237.56	3	4	13	20	22	32	39	40	51	53	63	64	67	76	85	91	94	100	267	#
730	1161.53	2	11	12	18	41	48	63	65	67	76	82	85	87	93	105	108	119	120	267	#
731	181.175	86	102	268	#
732	161.5	72	86	268	#
733	251.769	8	40	46	77	120	269	#
734	322.493	17	63	70	115	120	269	#
735	291.458	0	36	40	46	89	269	#
736	1328.22	5	9	12	16	37	41	44	46	59	61	65	82	84	93	97	102	112	123	270	#
737	1357.85	22	45	46	47	50	63	67	76	85	90	93	95	97	98	101	104	115	118	270	#
738	1296.88	31	33	42	44	52	53	61	65	68	74	93	101	103	104	106	117	118	122	270	#
739	1253.41	5	13	31	44	47	50	59	63	68	76	82	84	104	114	115	117	122	125	270	#
740	1235.59	5	11	21	38	47	52	61	62	66	76	78	82	88	93	100	103	106	122	270	#
741	1224.57	8	12	24	31	36	41	42	47	55	56	65	73	95	97	103	110	115	124	270	#
742	695.38	21	31	37	42	46	54	58	71	73	76	89	99	120	271	#
743	889.842	5	38	63	65	85	89	93	96	104	117	124	125	127	271	#
744	841.312	26	27	34	43	47	53	62	67	76	104	119	121	122	271	#
745	831.818	5	8	21	34	44	46	51	58	64	75	88	93	117	271	#
746	793.113	4	8	21	36	57	58	71	86	96	100	104	115	116	271	#
747	753.851	13	22	31	40	58	62	63	64	71	89	93	96	98	271	#
748	67.1886	21	#
749	808.312	13	22	31	39	42	62	85	88	89	122	125	272	#
750	884.493	14	19	21	25	31	58	88	89	94	121	126	272	#
751	862.079	22	31	34	58	83	95	101	110	115	125	126	272	#
752	855.162	10	29	31	42	45	61	69	85	91	92	94	272	#
753	840.457	28	58	62	85	95	104	110	112	114	125	127	272	#
754	817.823	40	41	62	77	82	101	108	110	115	124	126	272	#
755	197.168	0	30	41	78	273	#
756	194.429	27	41	43	79	273	#
757	192.719	0	28	47	108	273	#
758	99.464	78	83	#
759	440.658	9	27	64	67	92	107	127	274	#
760	614.457	45	55	58	92	98	123	127	274	#
761	572.527	20	50	55	78	82	92	126	274	#
762	520.986	9	12	27	55	61	79	119	274	#
763	501.424	26	27	38	45	55	83	112	274	#
764	363.641	7	25	52	77	92	107	111	274	#
765	347.799	20	25	75	90	91	275	#
766	301.823	0	48	56	72	75	275	#
767	296.77	25	42	64	82	126	275	#
768	232.012	52	75	78	90	119	275	#
769	222.045	42	44	84	91	121	275	#
770	220.799	15	20	40	102	108	275	#
771	836.669	8	13	33	46	75	77	80	86	87	90	110	118	276	#
772	989.797	31	46	53	54	56	58	72	80	88	95	100	114	276	#
773	873.604	13	57	75	86	87	93	95	109	111	115	118	127	276	#
774	856.648	13	19	27	34	42	46	56	79	89	96	99	123	276	#
775	791.461	17	27	33	45	48	54	63	75	79	108	117	120	276	#
776	774.335	8	11	15	33	34	42	75	84	95	109	122	123	276	#
777	2039.45	0	13	14	15	19	21	24	28	35	40	46	47	48	54	55	58	60	73	74	75	79	80	95	97	98	101	103	108	110	111	114	118	119	120	277	#
778	2431.74	1	6	9	12	20	27	28	31	33	34	35	37	39	42	43	46	47	55	58	60	65	71	76	80	83	84	88	102	105	109	111	112	114	119	277	#
779	2332.52	1	4	9	14	20	21	24	28	31	32	35	47	48	55	56	57	59	60	65	66	67	74	83	84	93	98	99	108	109	111	114	116	119	127	277	#
780	2329.6	6	9	12	19	20	24	30	36	38	43	45	46	49	50	51	54	55	56	60	63	76	78	84	93	95	97	98	108	111	112	116	118	119	127	277	#
781	2265.08	3	4	6	9	13	17	18	19	21	23	24	26	27	31	38	44	45	48	49	55	58	60	80	83	84	89	93	95	103	108	109	111	114	120	277	#
782	2240.74	0	1	4	12	13	17	18	19	20	26	31	36	47	48	52	54	57	60	69	73	76	79	84	85	86	88	92	97	102	109	111	112	116	121	277	#
783	133.081	5	22	50	278	#
784	191.536	22	37	46	278	#
785	154.03	45	50	98	278	#
786	123.583	77	#
787	198.326	3	7	53	72	279	#
788	270.854	7	66	88	95	279	#
789	242.634	53	60	78	121	279	#
790	236.966	7	24	63	72	279	#
791	148.047	3	15	72	124	279	#
792	755.334	2	15	31	36	55	73	98	108	123	124	125	280	#
793	844.35	43	55	57	70	93	99	103	113	115	119	125	280	#
794	802.705	20	27	37	46	48	61	73	78	89	94	118	280	#
795	766.301	2	10	19	28	29	32	51	65	68	91	114	280	#
796	757.255	6	7	33	34	43	58	62	81	93	98	112	280	#
797	738.071	17	44	57	58	68	75	86	108	115	119	122	280	#
798	408.396	13	15	17	86	105	110	281	#
799	507.168	5	27	28	37	46	105	281	#
800	438.594	2	13	15	58	88	118	281	#
801	423.953	5	15	28	37	68	86	281	#
802	422.849	26	46	86	94	109	110	281	#
803	325.934	17	40	64	74	86	111	281	#
804	397.417	3	5	56	71	101	102	111	123	282	#
805	517.381	34	40	71	75	87	89	92	123	282	#
806	492.669	10	13	31	39	44	102	106	114	282	#
807	476.259	5	10	23	38	48	73	94	97	282	#
808	441.388	3	21	26	35	38	51	84	100	282	#
809	421.741	1	5	87	90	109	111	119	123	282	#
810	738.023	9	10	24	25	44	59	64	72	78	79	90	119	120	283	#
811	970.903	44	53	72	75	89	92	94	99	100	106	107	116	120	283	#
812	895.594	7	10	45	47	49	50	52	61	81	101	107	117	127	283	#
813	886.03	5	20	32	49	53	73	78	80	89	103	117	119	125	283	#
814	884.794	7	12	20	32	35	56	69	90	99	113	119	120	123	283	#
815	819.489	2	15	17	30	35	47	59	72	76	85	99	106	119	283	#
816	137.892	15	46	107	284	#
817	189.383	39	46	116	284	#
818	183.043	15	64	101	284	#
819	160.3	63	105	107	284	#
820	76.3945	117	#
821	270.959	43	71	72	76	79	285	#
822	357.638	22	71	73	118	126	285	#
823	343.602	33	52	72	88	126	285	#
824	340.417	22	47	76	124	125	285	#
825	195.095	18	43	54	95	115	285	#
826	188.583	11	21	56	79	104	285	#
827	322.651	31	50	103	112	286	#
828	320.208	31	99	123	126	286	#
829	252.525	17	90	112	125	286	#
830	235.414	50	66	68	127	286	#
831	202.565	103	110	115	125	286	#
832	650.803	28	38	43	48	60	64	66	74	78	110	116	287	#
833	852.725	2	6	14	22	73	78	81	85	89	97	125	287	#
834	720.754	2	24	30	38	55	73	81	91	105	110	113	287	#
835	694.27	23	24	37	59	64	75	76	86	96	123	125	287	#
836	678.834	6	52	66	71	87	89	91	98	105	110	120	287	#
837	657.055	21	26	28	41	49	74	89	108	115	120	125	287	#
838	1744.7	2	4	13	16	20	34	39	49	50	54	55	57	62	65	67	68	69	74	81	94	98	103	105	107	109	111	116	122	126	127	288	#
839	1931.52	2	5	6	7	13	15	18	20	25	29	38	39	48	50	56	62	63	65	81	82	84	88	101	103	105	116	124	125	126	127	288	#
840	1881.63	5	6	9	15	16	22	23	27	34	35	36	42	47	48	67	69	70	75	77	81	82	84	87	103	108	109	116	119	124	125	288	#
841	1871.36	1	6	13	14	20	24	25	35	36	38	39	44	48	50	57	58	64	75	82	87	89	95	98	100	105	110	111	125	126	127	288	#
842	1850.96	0	2	10	15	26	35	49	50	52	56	62	70	71	72	73	84	87	88	91	92	94	95	97	103	104	109	110	118	119	125	288	#
843	1845.58	2	18	20	21	23	27	40	46	52	54	59	62	64	67	72	74	78	82	86	87	91	92	95	98	106	107	109	116	125	127	288	#
844	383.741	7	9	41	49	70	84	96	289	#
845	566.659	0	17	37	45	54	70	117	289	#
846	498.326	9	20	34	35	80	85	114	289	#
847	452.39	0	37	41	54	70	106	111	289	#
848	358.572	19	37	46	49	72	111	123	289	#
849	334.478	18	24	26	81	85	92	96	289	#
850	1315.15	6	19	21	22	34	50	62	66	70	72	76	81	82	86	93	100	105	117	120	127	290	#
851	1544.04	4	12	16	19	28	32	41	45	48	62	66	70	75	76	81	86	88	96	108	114	290	#
852	1524.1	4	12	17	21	23	24	28	32	40	43	56	59	61	64	76	84	85	86	112	123	290	#
853	1495.3	5	20	25	28	32	34	56	65	78	100	105	106	107	109	111	114	117	119	120	123	290	#
854	1493.79	2	10	14	16	28	32	35	65	76	77	81	82	84	86	92	95	98	102	104	114	290	#
855	1419.16	9	12	16	19	23	33	34	36	41	50	51	64	66	70	75	76	87	104	114	120	290	#
856	752.336	2	3	30	45	52	54	71	85	94	99	100	123	291	#
857	921.119	14	22	25	36	45	48	64	67	72	102	115	118	291	#
858	878.808	8	14	16	18	26	41	61	84	94	99	115	123	291	#
859	852.302	2	37	39	54	58	67	102	104	113	115	123	127	291	#
860	846.042	3	6	8	21	52	75	78	86	101	115	116	121	291	#
861	840.866	13	18	26	40	41	42	53	65	86	100	101	115	291	#
862	529.543	2	27	32	43	49	57	93	292	#
863	569.394	2	8	20	27	88	90	99	292	#
864	537.51	9	13	57	75	77	85	103	292	#
865	455.352	0	13	21	60	93	102	119	292	#
866	436.671	2	14	35	63	101	121	125	292	#
867	433.884	2	6	21	39	43	88	99	292	#
868	517.019	16	18	21	24	44	50	53	71	93	113	293	#
869	759.358	2	27	44	45	55	72	84	94	115	125	293	#
870	746.486	9	32	33	58	66	81	85	88	93	95	293	#
871	524.588	21	47	52	53	71	72	79	85	92	94	293	#
872	524.157	3	16	18	33	51	58	69	93	108	121	293	#
873	499.869	4	21	35	71	74	79	80	82	109	113	293	#
874	797.464	10	20	24	25	51	60	72	89	91	119	121	125	294	#
875	906.53	5	10	28	29	32	55	69	71	80	87	114	121	294	#
876	901.862	5	19	22	26	27	33	55	66	69	76	112	119	294	#
877	835.714	2	8	27	29	76	90	97	117	121	124	125	126	294	#
878	823.889	3	14	31	32	38	75	76	80	89	99	108	119	294	#
879	770.961	20	23	24	76	83	90	91	98	99	114	123	126	294	#
880	460.611	8	37	40	57	68	74	83	94	114	295	#
881	673.227	6	22	46	54	59	93	94	123	126	295	#
882	672.964	43	57	73	79	83	90	93	115	123	295	#
883	550.717	0	12	28	66	68	74	119	120	126	295	#
884	545.13	24	29	56	57	79	82	91	98	99	295	#
885	523.655	12	22	29	30	37	46	48	58	120	295	#
886	119.312	9	38	296	#
887	162.017	9	100	296	#
888	155.604	38	113	296	#
889	330.603	73	75	114	297	#
890	274.041	8	63	114	297	#
891	246.733	6	75	91	297	#
892	132.926	5	92	110	298	#
893	129.655	5	13	39	298	#
894	14.8955	7	#
895	168.359	23	41	72	73	299	#
896	233.566	23	38	57	115	299	#
897	216.137	35	58	60	73	299	#
898	185.939	41	43	65	82	299	#
899	893.981	3	17	20	31	33	34	35	45	61	81	92	106	300	#
900	995.473	16	28	39	42	56	76	82	85	102	105	106	114	300	#
901	987.028	20	32	41	61	72	75	85	89	102	109	111	120	300	#
902	815.562	3	8	33	38	45	73	78	86	89	92	116	118	300	#
903	811.028	18	30	49	51	56	61	67	82	92	93	97	120	300	#
904	775.265	3	30	31	32	49	51	56	61	96	97	109	113	300	#
905	168.723	47	103	301	#
906	124.872	103	118	301	#
907	94.5323	30	47	301	#
908	635.757	8	12	25	39	49	64	88	89	94	302	#
909	660.3	7	27	31	59	76	81	88	94	100	302	#
910	655.02	4	5	12	25	53	83	84	85	101	302	#
911	652.276	19	44	46	48	49	68	72	84	88	302	#
912	503.701	28	33	53	59	63	83	88	93	123	302	#
913	470.406	28	29	43	57	64	69	90	94	103	302	#
914	49.1993	69	#
915	2452.54	2	3	5	6	8	13	22	23	25	31	36	38	40	41	48	49	50	51	54	56	57	58	65	67	71	73	74	75	76	80	81	87	92	96	100	101	102	106	108	113	115	116	124	303	#
916	2883.41	0	1	2	10	14	15	24	26	28	31	32	34	36	38	40	41	48	51	55	62	65	73	75	78	81	83	84	85	87	88	90	91	93	94	98	100	106	108	111	112	114	118	126	303	#
917	2846.81	0	5	7	10	13	14	15	21	24	25	29	31	32	33	34	36	37	38	42	47	51	58	63	65	70	73	78	80	83	84	88	91	93	96	99	106	107	114	121	124	125	126	127	303	#
918	2841.31	0	2	3	7	15	24	29	31	34	37	38	40	50	53	54	57	58	60	62	73	75	77	78	80	82	84	87	88	89	90	93	94	96	99	105	107	111	112	115	121	122	123	126	303	#
919	2829.77	2	4	5	13	14	15	26	27	28	31	33	34	36	38	40	41	47	48	49	51	52	59	71	72	76	82	84	85	88	90	91	92	93	94	96	98	106	107	113	114	119	122	126	303	#
920	2801.9	2	5	10	11	24	25	26	29	32	33	36	38	40	41	46	47	48	51	52	55	63	65	73	74	75	76	78	81	82	84	85	87	88	92	94	97	99	101	105	107	113	119	124	303	#
921	692.659	13	14	20	39	53	94	118	123	304	#
922	678.453	13	16	33	49	85	110	112	114	304	#
923	638.713	8	20	27	65	72	88	97	118	304	#
924	638.526	14	33	57	75	94	97	118	120	304	#
925	609.443	17	31	55	62	81	97	123	124	304	#
926	451.225	14	17	33	52	62	105	110	121	304	#
927	216.644	35	106	305	#
928	163.068	60	106	305	#
929	147.176	35	86	305	#
930	1089.74	7	26	28	29	30	33	34	35	40	45	47	56	59	63	64	69	98	99	101	103	110	116	117	306	#
931	1426.24	9	10	14	16	18	22	27	29	33	34	35	38	45	47	56	69	97	101	106	109	110	113	125	306	#
932	1415.14	3	6	10	16	29	32	43	45	50	63	64	73	79	83	85	87	92	95	99	101	111	113	125	306	#
933	1387.18	3	6	28	35	37	43	47	54	69	70	75	80	83	84	86	87	100	103	105	106	123	124	126	306	#
934	1386.18	6	9	12	17	20	28	32	33	37	45	64	66	67	68	77	81	91	98	99	101	106	120	122	306	#
935	1344.73	3	16	26	29	34	35	44	47	50	55	56	57	60	78	79	87	89	98	99	109	110	117	122	306	#
936	197.445	32	40	89	307	#
937	291.624	85	89	127	307	#
938	215.769	32	78	123	307	#
939	523.037	23	26	31	35	36	39	53	62	83	84	107	119	308	#
940	777.141	3	6	21	22	44	53	55	110	115	121	124	127	308	#
941	765.884	15	19	39	43	65	66	81	88	95	102	112	127	308	#
942	757.826	6	11	24	31	38	55	71	80	83	87	92	95	308	#
943	732.232	7	8	13	15	16	42	106	107	109	119	123	127	308	#
944	700.709	6	7	15	21	49	62	68	75	83	87	124	127	308	#
945	323	32	42	48	95	118	309	#
946	368.378	62	76	101	108	118	309	#
947	352.655	16	42	99	104	127	309	#
948	299.025	16	32	73	74	95	309	#
949	289.772	1	17	42	95	105	309	#
950	202.033	1	8	48	61	104	309	#
951	126.442	13	48	87	310	#
952	182.528	40	85	87	310	#
953	94.0307	3	13	66	310	#
954	1377.75	0	3	4	16	22	27	29	32	37	49	57	59	62	67	75	77	86	101	106	311	#
955	1440.84	3	12	13	17	38	45	49	59	69	78	84	86	95	102	103	106	114	115	117	311	#
956	1353.22	4	12	13	17	18	21	24	27	30	32	40	48	60	67	69	77	89	101	114	311	#
957	1319.33	4	8	11	17	44	54	68	83	84	89	92	94	95	97	103	114	115	117	119	311	#
958	1297.43	2	12	17	18	27	38	42	44	45	49	83	90	93	95	102	106	111	114	126	311	#
959	1296.95	4	10	11	12	22	27	36	74	75	77	78	86	88	95	99	102	103	116	124	311	#
960	444.575	28	37	48	55	81	88	110	312	#
961	562.834	7	17	28	73	100	105	115	312	#
962	464.157	14	15	28	39	81	89	105	312	#
963	431.006	1	36	37	47	48	78	105	312	#
964	405.154	25	48	79	88	90	111	127	312	#
965	358.414	13	14	42	55	71	95	118	312	#
966	365.366	33	39	80	97	102	115	125	313	#
967	543.671	31	35	36	57	78	115	123	313	#
968	446.107	10	26	33	37	50	93	122	313	#
969	439.768	25	27	59	98	102	110	117	313	#
970	427.37	10	31	46	62	65	80	127	313	#
971	403.505	12	31	44	68	89	94	97	313	#
972	882.079	12	16	17	24	38	41	52	64	109	113	126	314	#
973	898.83	20	51	55	60	63	76	79	87	96	105	126	314	#
974	829.25	16	24	26	45	51	67	76	79	85	118	119	314	#
975	762.799	16	17	18	38	67	79	88	103	104	109	126	314	#
976	701.402	4	7	12	22	31	34	43	51	52	53	87	314	#
977	690.987	2	5	12	15	34	52	79	89	107	110	113	314	#
978	245.879	7	19	108	118	315	#
979	323.208	89	93	101	118	315	#
980	315.081	6	7	55	75	315	#
981	282.609	27	31	105	108	315	#
982	271.699	19	69	91	100	315	#
983	312.026	0	1	21	29	81	92	127	316	#
984	461.357	0	2	39	50	65	71	113	316	#
985	459.555	17	22	29	35	73	92	121	316	#
986	445.46	21	24	52	78	92	105	116	316	#
987	391.232	11	35	54	77	83	92	99	316	#
988	360.141	1	6	37	72	79	93	115	316	#
989	217.664	3	45	68	75	82	317	#
990	298.305	35	82	93	95	125	317	#
991	295.706	1	47	57	68	101	317	#
992	1243.1	11	17	28	33	39	51	65	70	75	76	77	81	83	88	93	112	114	117	318	#
993	1237.53	0	5	21	33	34	38	41	46	53	55	76	87	92	95	104	112	114	118	318	#
994	1188.43	19	23	24	31	33	52	55	64	88	90	91	95	98	101	106	113	117	118	318	#
995	1186.79	3	17	23	24	25	35	47	50	53	59	65	68	73	75	81	86	114	121	318	#
996	1167.9	15	17	26	34	52	53	55	58	65	75	78	84	87	91	92	96	110	118	318	#
997	1092.29	0	9	11	17	38	39	46	50	67	81	86	91	92	95	100	102	112	117	318	#
998	836.545	8	17	22	36	46	48	49	63	80	86	87	89	101	111	319	#
999	970.811	5	17	20	25	32	51	61	64	85	96	116	123	125	126	319	#
1000	964.774	8	16	25	48	59	78	81	83	86	93	107	116	118	126	319	#
1001	862.277	5	7	8	32	34	41	53	69	78	83	87	93	95	126	319	#
1002	785.448	12	25	28	39	43	48	51	55	56	63	98	108	112	117	319	#
1003	774.746	3	20	21	25	32	35	43	72	81	83	101	111	117	121	319	#
