%% File generated by CATS v.2.1Thu May  9 12:42:06 2024

%% The CATS webpage is http://robotics.stanford.edu/CATS

%% PARAMETER SETTINGS:
% Goods: 128; Bids: 1000; Distribution: arbitrary; Runs: 1; Seed: 97
% Arbitrary Distribution Parameters:
% Max Substitutable Bids = 5
% Removing HV Neighbor   = 0.1
% Adding DIAG Neighbor   = 0.2
% Additional Location    = 0.9
% Additivity             = 0.2
% Budget Factor          = 1.5
% Resale Factor          = 0.5
% Uniform Private Value:
%   Deviation            = 0.5
%   Max Good Value       = 100



goods 128
bids 1001
dummy 182

0	1023.63	0	5	17	20	24	33	54	71	78	92	99	103	108	117	128	#
1	1193.53	3	6	7	13	41	53	61	62	68	69	73	92	107	122	128	#
2	1131.71	0	2	6	44	46	53	73	90	94	103	104	110	111	117	128	#
3	1110.07	15	22	26	41	46	48	53	71	78	102	117	120	122	127	128	#
4	1074.27	3	7	10	12	24	29	44	45	50	71	99	103	107	110	128	#
5	1053.18	2	13	25	31	49	58	62	72	73	84	90	94	108	110	128	#
6	249.208	19	71	94	95	129	#
7	362.025	91	95	118	119	129	#
8	308.518	6	28	38	94	129	#
9	259.899	43	71	94	117	129	#
10	1953.81	0	4	7	20	24	25	28	29	31	37	47	49	53	61	76	80	81	83	88	91	97	99	101	107	110	116	121	124	130	#
11	2299.27	13	14	16	37	39	47	54	55	58	59	67	72	73	79	81	82	89	90	92	97	98	101	114	116	120	122	124	125	130	#
12	2285.56	1	5	7	16	19	24	31	37	42	44	46	53	54	56	59	73	79	82	89	97	99	104	111	116	120	121	122	124	130	#
13	2279.33	0	9	13	25	37	49	54	55	57	58	61	67	71	73	76	80	83	84	85	93	97	98	104	110	111	116	122	125	130	#
14	2188.32	3	24	25	28	29	31	35	38	39	46	47	48	57	58	59	61	70	76	81	84	91	93	105	106	110	111	116	119	130	#
15	2166.84	0	6	12	13	16	34	39	45	46	47	50	53	54	58	65	79	80	82	88	90	93	101	103	106	107	111	119	123	130	#
16	132.701	13	124	131	#
17	133.385	4	13	131	#
18	93.5848	94	124	131	#
19	109.227	69	110	132	#
20	102.106	57	69	132	#
21	6.08284	110	113	132	#
22	1247.62	5	6	10	25	29	36	40	42	45	50	54	56	68	76	78	88	96	109	121	122	133	#
23	1616.26	3	10	17	23	25	26	31	33	38	53	56	64	74	80	84	86	118	119	124	125	133	#
24	1592.49	6	7	14	16	17	21	47	52	54	64	88	89	92	98	101	105	112	116	119	122	133	#
25	1547.5	4	21	25	30	34	38	39	43	47	65	75	76	78	84	91	108	109	110	119	120	133	#
26	1515.44	7	12	27	29	31	33	42	50	52	56	57	61	66	74	76	78	104	119	122	124	133	#
27	1489.24	4	6	38	42	51	57	61	64	67	79	82	86	91	94	100	111	112	115	122	127	133	#
28	655.507	24	35	37	50	54	69	73	92	94	99	134	#
29	811.077	5	20	21	37	47	51	88	97	110	118	134	#
30	781.047	10	13	48	58	71	73	75	81	106	112	134	#
31	727.021	9	22	33	51	54	67	71	75	99	113	134	#
32	664.7	5	35	37	38	51	53	70	76	88	116	134	#
33	650.493	1	34	57	84	86	92	102	104	105	126	134	#
34	1009.32	0	7	18	20	24	43	51	55	57	68	78	82	118	127	135	#
35	1106.16	0	20	25	28	35	48	53	64	66	71	89	91	92	120	135	#
36	1090.53	10	16	19	25	28	33	46	51	82	84	97	118	121	125	135	#
37	1074.98	7	27	35	68	70	72	73	91	98	100	105	121	123	127	135	#
38	1064.95	3	9	18	25	34	37	40	69	77	81	83	91	107	118	135	#
39	1009.04	13	18	22	37	43	47	68	77	85	107	109	118	125	127	135	#
40	1136.74	3	15	37	46	47	54	63	73	76	83	84	89	90	94	104	109	114	121	122	123	136	#
41	1647.24	0	3	15	37	48	75	76	77	86	89	99	101	104	110	111	114	116	120	124	126	136	#
42	1622.43	1	12	13	22	29	38	41	51	52	53	84	86	88	101	109	110	111	120	121	126	136	#
43	1582.76	13	15	20	24	26	29	42	51	52	53	54	59	64	66	75	86	87	89	90	126	136	#
44	1576.41	5	12	21	25	38	39	48	69	73	77	78	87	89	93	94	99	111	116	123	126	136	#
45	1433.28	0	4	14	26	29	34	40	46	54	59	64	66	70	94	98	103	104	116	123	126	136	#
46	328.713	0	53	74	95	100	120	137	#
47	436.059	0	10	68	74	104	119	137	#
48	415.574	27	40	45	53	73	95	137	#
49	401.356	3	12	16	63	82	120	137	#
50	320.017	24	29	30	42	74	95	137	#
51	310.685	0	24	63	100	102	110	137	#
52	775.787	1	26	53	76	97	99	110	111	120	121	122	123	138	#
53	941.418	10	31	53	62	71	76	77	83	119	121	123	125	138	#
54	904.344	17	27	32	58	75	89	97	101	108	114	120	121	138	#
55	882.007	2	9	13	16	25	35	51	86	93	97	117	123	138	#
56	850.547	5	10	32	39	45	64	73	76	85	93	115	121	138	#
57	805	7	10	19	21	23	32	57	70	71	110	118	124	138	#
58	1468.11	9	11	13	15	24	36	43	48	49	51	52	59	62	64	68	71	87	88	90	91	92	95	116	120	139	#
59	1953.92	0	4	13	15	17	25	29	31	39	43	44	47	51	55	59	61	69	79	83	91	102	116	121	124	139	#
60	1931.53	2	11	15	17	19	29	38	40	41	44	48	51	60	66	68	70	74	79	82	100	118	121	123	124	139	#
61	1910.87	1	7	13	30	31	44	49	51	60	64	66	79	81	82	87	91	92	96	101	114	115	116	118	127	139	#
62	1882.77	1	6	9	13	17	24	29	32	39	43	49	50	54	56	59	60	64	69	87	89	92	100	101	126	139	#
63	1829.65	4	10	19	29	32	37	39	40	43	44	45	47	54	69	78	79	91	95	100	114	115	118	122	123	139	#
64	301.388	7	19	28	45	140	#
65	340.815	34	41	45	95	140	#
66	322.104	1	19	34	47	140	#
67	233.595	7	26	71	85	140	#
68	185.44	28	67	114	115	140	#
69	1460.98	13	19	26	37	39	45	64	66	70	74	79	81	87	95	109	114	115	119	124	125	141	#
70	1659.46	1	7	17	18	21	30	50	54	74	75	77	78	79	81	93	96	102	106	114	119	141	#
71	1637.07	13	19	21	37	38	46	57	66	74	84	95	96	106	111	117	119	123	124	125	126	141	#
72	1587.47	1	8	13	15	17	28	30	39	47	52	57	71	74	81	82	85	99	109	120	126	141	#
73	1579.36	22	33	37	39	42	58	62	65	66	82	84	94	96	99	106	111	120	123	124	125	141	#
74	1568.08	1	14	24	25	37	39	41	45	57	59	66	70	86	103	106	111	112	122	123	127	141	#
75	60.7141	22	#
76	741.724	6	11	15	16	30	33	59	63	87	96	109	114	142	#
77	1104.28	9	16	38	42	49	52	79	89	91	97	98	103	142	#
78	1031.68	9	16	27	29	34	62	73	75	80	87	102	111	142	#
79	1017.99	11	14	34	35	41	44	59	60	63	75	80	96	142	#
80	980.594	4	6	12	19	28	42	43	44	47	60	61	70	142	#
81	937.298	9	11	12	19	42	43	53	74	89	97	109	127	142	#
82	1215.18	0	7	13	19	40	44	47	63	66	71	74	84	97	102	104	115	143	#
83	1171.47	7	10	19	25	27	30	34	44	59	67	81	92	93	111	120	121	143	#
84	1157.75	0	5	22	26	27	30	53	54	63	68	70	75	94	97	115	117	143	#
85	1128.24	0	24	26	36	40	54	56	59	63	77	94	98	106	115	116	120	143	#
86	1111.35	5	8	19	21	31	40	42	45	46	54	63	68	86	92	113	125	143	#
87	1108.73	12	14	19	21	28	31	42	47	75	80	86	94	102	106	107	116	143	#
88	736.117	6	20	37	38	45	65	74	80	113	114	125	126	144	#
89	945.269	18	19	20	34	54	59	61	71	88	120	122	127	144	#
90	918.284	6	18	20	36	45	53	76	81	99	101	112	126	144	#
91	911.05	18	23	36	38	44	65	78	81	82	88	98	116	144	#
92	894.507	4	11	14	19	30	32	36	42	97	114	122	125	144	#
93	841.495	14	25	36	38	63	75	82	85	95	101	109	120	144	#
94	443.937	7	36	37	63	77	102	119	145	#
95	585.208	11	18	37	96	97	118	124	145	#
96	528.736	3	14	39	63	73	119	120	145	#
97	507.665	0	14	29	85	96	102	125	145	#
98	447.553	56	57	63	98	100	114	118	145	#
99	342.701	0	7	13	33	46	74	100	145	#
100	120.926	7	36	57	116	146	#
101	166.048	3	4	7	33	146	#
102	152.947	14	36	100	116	146	#
103	478.75	50	53	57	68	80	107	110	147	#
104	707.89	3	45	53	65	71	97	110	147	#
105	653.784	23	80	82	98	99	104	110	147	#
106	609.815	10	25	53	57	99	105	116	147	#
107	512.298	23	42	50	55	58	68	105	147	#
108	502.733	39	56	68	94	104	110	116	147	#
109	168.084	12	58	148	#
110	180.117	58	95	148	#
111	178.345	12	21	148	#
112	416.656	27	28	70	78	102	109	112	114	149	#
113	623.994	14	25	47	58	68	70	76	115	149	#
114	592.105	3	11	25	48	51	99	102	127	149	#
115	465.428	27	28	60	88	90	104	112	126	149	#
116	462.746	2	45	65	67	95	109	114	116	149	#
117	460.66	28	33	55	58	66	82	88	89	149	#
118	606.307	10	54	94	97	104	105	114	150	#
119	692.079	10	44	75	78	79	82	104	150	#
120	643.642	39	62	92	97	104	119	125	150	#
121	592.264	17	39	41	60	71	94	111	150	#
122	532.032	6	22	29	49	64	92	105	150	#
123	494.247	10	47	70	85	95	97	127	150	#
124	1254.9	7	10	23	32	34	35	44	46	48	55	63	76	77	78	79	95	101	104	151	#
125	1545.29	0	4	7	8	13	14	17	29	30	38	47	55	56	62	66	70	82	85	151	#
126	1531.23	0	8	13	14	15	27	39	45	47	59	65	76	77	82	95	101	114	121	151	#
127	1508.35	13	18	23	34	40	43	45	52	55	70	72	75	82	84	98	104	108	114	151	#
128	1498.66	1	18	28	32	38	39	42	48	52	78	93	95	104	115	116	117	119	122	151	#
129	1493.23	29	32	35	42	43	46	62	72	77	79	82	88	101	106	115	119	121	125	151	#
130	898.689	3	17	54	55	71	74	75	99	107	120	125	126	152	#
131	921.874	15	29	30	43	48	63	65	69	71	75	84	93	152	#
132	908.83	2	14	15	52	60	67	70	71	75	98	107	119	152	#
133	889.723	3	26	43	54	68	78	101	104	106	117	120	122	152	#
134	880.333	3	17	29	30	63	65	68	70	77	86	105	117	152	#
135	839.497	2	3	33	35	36	38	40	56	73	80	96	101	152	#
136	181.421	64	111	153	#
137	161.933	1	64	153	#
138	150.458	82	111	153	#
139	153.302	42	54	154	#
140	136.922	42	71	154	#
141	126.98	11	54	154	#
142	1625.87	5	7	18	25	39	44	45	48	51	52	53	60	63	73	85	100	116	117	120	121	123	155	#
143	1661.84	0	3	12	20	30	31	48	52	53	62	67	75	84	87	88	89	90	97	100	101	110	155	#
144	1650.11	0	7	16	17	24	39	40	41	53	55	57	61	62	78	89	92	94	99	103	110	117	155	#
145	1603.5	0	3	6	14	25	26	39	43	48	49	52	61	62	78	93	96	106	110	119	121	127	155	#
146	1564.86	7	20	27	29	31	35	38	45	52	53	54	64	66	68	73	76	96	104	114	119	123	155	#
147	1486.34	0	3	18	27	30	33	38	50	52	54	55	63	64	86	88	93	106	107	112	116	117	155	#
148	126.078	26	81	115	156	#
149	154.335	50	81	88	156	#
150	148.753	43	78	115	156	#
151	1891.88	4	5	8	14	19	22	24	25	28	39	40	55	56	59	67	69	72	76	89	92	96	98	101	114	119	157	#
152	2065.6	2	4	5	9	24	28	29	35	36	37	39	46	49	54	58	64	69	89	91	93	96	98	104	106	108	157	#
153	2005.16	7	8	23	24	35	37	39	42	47	48	56	57	59	64	66	68	78	89	94	101	105	109	110	119	124	157	#
154	1992.04	2	14	16	19	25	35	37	38	42	47	48	56	66	78	88	91	93	94	99	110	115	116	119	121	124	157	#
155	1940.11	1	7	8	24	26	35	37	40	42	54	60	61	66	67	70	71	81	82	88	89	91	96	98	104	127	157	#
156	1933.36	11	12	14	19	31	35	37	39	41	42	46	47	50	55	57	58	69	81	91	94	102	114	119	121	125	157	#
157	446.22	44	46	48	77	82	118	158	#
158	604.031	24	48	61	86	97	126	158	#
159	463.334	34	44	45	64	110	127	158	#
160	412.395	23	61	65	94	118	122	158	#
161	372.069	29	46	82	84	87	108	158	#
162	357.531	26	55	60	77	96	106	158	#
163	107.574	111	#
164	1121.43	18	32	34	38	45	61	65	66	80	91	106	107	120	121	124	159	#
165	1175.95	4	25	27	28	30	52	56	63	89	93	107	109	114	119	120	159	#
166	1136.69	21	28	39	56	61	62	63	71	72	89	99	104	118	120	127	159	#
167	1112.04	20	22	27	33	38	47	52	65	73	76	77	83	90	95	118	159	#
168	1101.34	1	16	17	24	25	30	41	45	61	62	68	73	78	95	103	159	#
169	1082.9	12	22	27	38	74	76	77	89	94	96	99	106	113	125	126	159	#
170	1074.9	9	20	24	37	38	52	55	60	62	67	82	85	112	123	125	160	#
171	1323.28	13	38	45	58	60	62	74	88	91	96	97	104	106	121	125	160	#
172	1296.59	1	8	9	21	30	37	45	52	56	65	69	75	87	91	111	160	#
173	1144.23	7	13	21	48	50	55	58	74	82	90	91	96	101	104	127	160	#
174	1100.26	2	17	22	23	37	48	52	58	67	69	73	87	91	104	106	160	#
175	1089.82	10	21	24	32	46	54	62	68	73	74	75	82	85	99	101	160	#
176	1032.89	0	4	8	27	40	69	81	84	91	98	104	105	108	110	113	122	161	#
177	1416.31	3	4	7	13	18	22	29	31	47	56	87	91	101	106	122	124	161	#
178	1202.03	18	33	41	53	68	73	74	75	90	101	105	110	118	119	124	127	161	#
179	1191.05	3	6	11	13	19	22	29	30	46	63	75	82	84	96	101	110	161	#
180	1188.79	6	8	11	13	47	53	60	87	110	115	116	118	120	122	123	127	161	#
181	1178.1	5	11	14	22	30	31	58	73	91	92	101	102	106	120	123	124	161	#
182	237.065	0	12	35	92	162	#
183	346.631	12	15	31	63	162	#
184	318.946	1	5	48	92	162	#
185	221.441	0	63	65	103	162	#
186	1689.96	4	5	6	16	35	40	42	43	57	64	69	72	77	79	80	86	89	99	103	104	105	107	110	111	115	116	123	124	163	#
187	2342.95	4	6	9	17	18	20	28	30	35	38	42	47	48	54	61	68	69	72	77	79	86	89	90	94	97	118	122	124	163	#
188	2258.49	6	9	13	17	18	27	39	41	42	49	51	59	60	62	68	77	82	87	90	94	95	97	108	110	120	124	125	126	163	#
189	2113.13	1	12	17	18	19	21	23	30	32	39	41	44	45	50	61	62	68	71	79	80	81	93	94	104	107	110	120	126	163	#
190	2110.93	1	6	8	16	21	29	30	32	39	41	45	51	54	56	64	65	69	71	79	82	86	87	89	90	95	103	111	123	163	#
191	2083.55	1	6	9	12	18	23	25	27	35	40	47	48	52	53	57	59	62	75	77	79	80	82	89	97	109	111	116	123	163	#
192	117.59	64	#
193	282.549	37	78	79	164	#
194	257.953	6	78	90	164	#
195	185.185	52	79	113	164	#
196	56.3383	103	#
197	81.8162	125	#
198	22.3235	11	#
199	2080.81	0	1	5	17	18	24	30	33	34	42	43	44	46	68	73	74	79	92	96	99	102	105	107	110	114	115	116	118	120	125	165	#
200	2467.36	5	21	22	25	31	36	38	45	46	48	53	59	65	68	69	70	71	75	79	81	82	86	92	98	102	105	118	121	126	127	165	#
201	2297.05	0	3	20	21	24	25	30	35	36	41	43	45	46	48	59	65	70	73	74	76	81	82	83	85	91	105	106	114	116	126	165	#
202	2261	1	6	16	17	21	23	24	25	28	30	34	36	41	48	53	56	58	59	65	68	70	71	80	83	98	102	105	109	113	118	165	#
203	2208.83	0	5	18	24	30	31	35	38	42	46	56	57	71	73	76	79	80	86	87	92	97	98	99	101	110	115	117	120	125	126	165	#
204	2204.35	3	10	17	21	22	23	24	25	34	36	45	48	50	52	56	67	68	69	73	81	99	102	103	104	105	107	109	118	125	126	165	#
205	1069.27	8	27	28	32	70	72	84	86	92	106	109	110	116	120	121	126	166	#
206	1320.84	7	15	17	28	29	32	39	43	46	47	62	91	109	115	116	126	166	#
207	1291.47	2	26	29	42	44	48	53	54	62	72	84	88	110	112	119	125	166	#
208	1236.66	2	5	24	29	32	46	66	69	84	91	115	116	120	124	125	127	166	#
209	1195.42	14	34	39	46	47	62	69	73	88	92	109	114	121	124	125	126	166	#
210	1152.3	10	11	34	35	42	44	47	60	66	81	83	93	97	106	114	126	166	#
211	163.828	34	55	167	#
212	228.985	5	34	167	#
213	419.324	41	51	60	99	103	168	#
214	440.614	41	53	83	99	120	168	#
215	368.512	2	9	55	58	99	168	#
216	361.597	48	50	92	102	103	168	#
217	344.94	19	20	59	60	111	168	#
218	187.76	51	56	102	117	118	168	#
219	839.794	19	53	71	79	80	87	98	119	126	169	#
220	758.125	6	21	47	67	71	87	93	97	122	169	#
221	728.359	2	44	46	47	50	71	80	86	112	169	#
222	709.864	14	46	47	66	82	86	104	119	124	169	#
223	702.203	18	26	34	50	56	80	93	101	127	169	#
224	610.149	0	5	18	19	43	70	79	87	127	169	#
225	28.5915	36	#
226	844.924	16	18	28	37	61	71	88	102	118	126	127	170	#
227	1072.81	18	34	58	84	96	100	105	111	117	122	126	170	#
228	1040.93	2	9	34	59	66	69	71	76	118	119	127	170	#
229	977.796	3	9	11	20	25	34	45	84	96	126	127	170	#
230	888.154	28	29	38	45	54	69	71	100	102	114	119	170	#
231	882.001	1	25	58	61	76	86	108	114	116	124	126	170	#
232	2492.57	1	2	5	7	14	18	23	25	30	32	34	35	36	37	38	49	50	56	58	61	64	65	71	77	79	96	98	99	101	102	108	113	115	116	123	127	171	#
233	3039.24	1	3	4	5	7	19	28	29	30	33	35	48	53	58	60	65	66	72	74	76	85	86	89	97	98	99	103	105	108	111	112	114	116	119	121	126	171	#
234	2976.67	1	2	4	5	7	10	11	12	17	18	19	31	45	48	51	56	58	60	65	71	73	75	78	82	85	87	98	102	105	108	111	118	121	123	126	127	171	#
235	2942.86	0	4	5	11	12	14	15	21	22	23	24	25	30	32	35	36	38	43	51	53	58	59	65	77	79	89	93	98	104	105	110	111	113	115	119	123	171	#
236	2844.13	5	11	13	15	17	19	29	30	32	35	50	51	56	59	60	61	65	66	72	74	77	78	79	85	93	97	101	102	103	104	110	115	118	119	123	125	171	#
237	2822.65	0	1	2	3	4	5	7	12	14	19	24	25	35	37	40	45	49	52	53	58	61	66	74	78	79	84	93	95	98	105	108	113	114	118	119	121	171	#
238	532.581	14	19	41	61	82	84	88	172	#
239	688.441	35	42	44	52	60	61	97	172	#
240	616.1	5	17	38	41	87	89	90	172	#
241	613.654	12	15	19	65	67	71	97	172	#
242	530.055	14	15	22	45	84	88	110	172	#
243	501.124	11	43	52	75	84	97	120	172	#
244	1026.51	2	3	15	39	55	69	71	74	77	107	110	113	116	121	126	127	173	#
245	1444.87	5	6	7	9	43	65	72	78	82	95	104	113	119	124	126	127	173	#
246	1287.1	3	7	9	13	15	26	30	35	63	85	90	93	104	113	118	123	173	#
247	1250.63	6	15	26	35	39	42	63	71	84	85	89	97	110	113	116	127	173	#
248	1223.22	1	9	15	20	34	41	45	65	80	95	99	104	117	119	121	123	173	#
249	1219.1	3	8	13	18	20	24	26	29	34	44	65	90	93	99	109	116	173	#
250	2610.77	0	3	6	8	9	14	18	22	24	25	31	32	34	42	43	46	48	50	51	52	54	59	61	62	67	69	76	78	83	84	90	92	95	96	107	109	112	116	119	125	126	174	#
251	3115.04	1	5	6	9	13	20	30	31	33	37	38	41	44	50	53	54	58	60	61	63	69	75	77	79	80	82	84	88	90	92	100	103	105	107	108	109	110	118	119	120	127	174	#
252	3081.44	3	5	6	7	8	9	10	13	20	23	25	31	33	36	41	44	46	47	48	50	53	56	57	60	64	71	73	80	81	82	94	100	102	105	106	107	112	113	118	119	121	174	#
253	3035.49	3	5	6	9	17	25	30	32	33	34	35	36	37	42	43	45	48	55	58	60	61	64	66	69	74	75	76	77	82	84	88	90	95	96	104	105	114	117	118	120	121	174	#
254	3011.94	5	6	7	9	11	13	21	23	25	32	33	35	37	38	44	47	48	49	50	58	69	74	78	80	81	82	84	86	93	94	95	98	100	103	104	105	106	110	112	113	123	174	#
255	2965.22	0	5	6	8	9	14	22	25	29	31	32	35	37	41	44	45	46	47	48	50	52	54	59	60	61	67	69	71	75	82	83	90	95	97	103	107	118	120	121	122	125	174	#
256	1664.93	12	17	22	32	37	39	41	42	45	61	63	67	68	69	76	80	84	90	93	99	100	104	118	122	175	#
257	1957.34	0	11	12	16	17	33	34	41	44	49	54	58	65	67	69	72	75	78	81	87	99	119	121	125	175	#
258	1903.64	16	18	19	27	29	34	37	39	41	44	45	54	57	60	62	79	82	84	87	97	103	110	123	127	175	#
259	1866.87	4	5	6	12	19	25	36	39	41	42	43	46	58	62	67	73	78	82	86	90	96	106	118	119	175	#
260	1792.51	9	20	21	29	34	41	45	47	48	54	60	67	68	70	73	74	76	78	84	87	93	106	109	117	175	#
261	1779.95	5	6	12	16	29	32	41	42	48	49	62	67	69	73	81	83	84	86	99	108	109	110	117	121	175	#
262	370.151	10	16	23	36	46	47	116	176	#
263	555.041	12	15	23	83	88	99	117	176	#
264	500.51	8	10	17	39	72	100	114	176	#
265	487.297	10	16	35	81	94	98	116	176	#
266	441.519	19	26	47	67	78	96	124	176	#
267	375.281	0	24	26	32	33	36	114	176	#
268	511.166	3	4	43	51	52	92	100	102	177	#
269	727.637	3	4	27	34	65	82	91	126	177	#
270	652.246	3	27	61	82	87	90	93	126	177	#
271	589.697	6	15	27	43	49	50	85	104	177	#
272	576.606	6	10	23	52	92	115	116	127	177	#
273	553.734	52	57	64	91	92	99	108	117	177	#
274	619.689	4	46	47	62	69	77	97	178	#
275	647.551	19	48	54	71	77	99	122	178	#
276	619.195	16	40	58	62	72	106	119	178	#
277	614.405	11	12	47	57	58	121	125	178	#
278	469.253	4	8	28	45	47	63	88	178	#
279	458.924	42	44	55	62	97	110	116	178	#
280	226.683	4	77	86	91	179	#
281	335.141	30	38	91	109	179	#
282	269.431	19	40	80	86	179	#
283	241.968	16	39	77	100	179	#
284	241.786	2	4	86	111	179	#
285	416.525	2	38	43	50	57	92	98	180	#
286	612.101	13	22	23	66	92	94	119	180	#
287	585.067	11	47	48	84	98	106	125	180	#
288	539.91	2	12	23	25	35	105	117	180	#
289	487.985	0	13	28	57	89	119	120	180	#
290	445.693	3	29	46	50	105	117	118	180	#
291	116.963	18	108	181	#
292	165.589	18	102	181	#
293	123.891	0	96	182	#
294	182.854	30	96	182	#
295	150.936	0	8	182	#
296	251.315	6	68	105	183	#
297	218.551	10	46	68	183	#
298	195.5	93	105	107	183	#
299	170.061	6	44	123	183	#
300	1967.49	7	8	19	21	22	27	33	37	45	49	60	62	70	71	77	80	86	96	97	98	105	106	109	113	114	118	119	184	#
301	2392.28	4	8	10	18	21	22	25	26	30	45	47	49	59	66	71	77	78	88	89	96	97	104	109	114	118	123	126	184	#
302	2267.94	3	7	8	17	21	22	30	33	37	39	52	60	72	73	80	81	85	96	97	104	106	109	110	114	121	126	127	184	#
303	2182.26	5	8	12	17	21	22	30	35	38	47	48	50	58	60	76	78	79	80	82	96	97	103	104	109	116	117	123	184	#
304	2140.64	3	8	10	12	19	22	23	34	45	47	52	53	60	71	73	76	79	80	85	86	89	90	96	99	123	125	127	184	#
305	2124.44	9	18	19	21	22	25	26	35	45	60	70	76	77	83	85	86	90	94	96	98	99	104	109	114	123	124	127	184	#
306	1572.72	10	11	22	38	39	41	45	48	51	54	55	61	66	83	90	91	96	98	104	108	120	123	185	#
307	1777.38	14	15	21	28	44	51	52	61	74	81	88	91	93	97	99	106	111	112	119	124	126	127	185	#
308	1772.71	0	6	10	14	15	21	35	45	52	56	74	79	88	89	90	93	100	101	112	119	124	127	185	#
309	1768.98	0	15	23	24	26	35	45	54	57	58	62	68	75	79	83	84	98	100	104	112	119	123	185	#
310	1710.98	5	8	10	12	21	25	26	37	43	54	61	81	83	86	89	97	98	100	101	112	120	123	185	#
311	1646.06	0	8	13	14	25	35	36	42	43	48	51	52	67	70	93	96	98	101	106	123	126	127	185	#
312	229.669	0	6	44	186	#
313	321.356	0	64	111	186	#
314	190.503	6	16	43	186	#
315	125.078	44	61	104	186	#
316	982.944	3	27	41	54	65	67	73	74	92	98	111	112	122	187	#
317	1208.46	0	2	17	39	47	59	60	64	90	91	99	101	111	187	#
318	1150.23	2	19	23	29	37	40	44	45	48	58	78	112	117	187	#
319	1140.14	3	9	10	21	26	29	38	52	54	64	82	91	113	187	#
320	1115.99	4	22	39	48	49	50	58	60	67	75	99	102	126	187	#
321	1084.98	9	27	40	41	48	53	57	64	81	98	113	121	122	187	#
322	183.698	47	81	188	#
323	213.3	38	47	188	#
324	114.018	4	81	188	#
325	525.417	23	44	57	63	87	92	95	116	189	#
326	751.241	9	18	29	44	45	49	72	105	189	#
327	666.906	22	23	38	55	58	116	119	125	189	#
328	632.332	21	34	39	42	52	66	80	92	189	#
329	625.79	3	5	23	31	49	82	92	101	189	#
330	574.568	13	52	53	86	87	105	109	121	189	#
331	386.774	4	10	35	42	66	75	190	#
332	558.188	34	48	56	66	92	114	190	#
333	482.163	10	82	86	98	106	123	190	#
334	459.623	31	37	42	51	54	92	190	#
335	430.338	26	60	75	92	108	115	190	#
336	419.364	4	15	44	79	113	116	190	#
337	1621.87	1	5	8	10	30	31	33	35	38	39	44	49	59	64	66	82	87	99	111	112	122	191	#
338	1888.7	24	36	39	41	42	44	47	48	52	53	54	61	62	87	93	95	97	101	119	121	122	191	#
339	1764.29	16	20	25	29	31	39	42	44	61	62	64	69	71	82	87	104	109	112	117	122	123	191	#
340	1637.69	13	14	16	25	26	31	41	47	57	67	69	70	80	81	87	104	106	112	118	123	124	191	#
341	1628.56	1	3	4	6	14	15	28	32	35	43	44	47	48	52	54	63	71	86	111	122	127	191	#
342	1588.55	5	8	9	12	16	22	23	31	32	38	53	62	69	73	81	82	91	103	104	111	119	191	#
343	2077.19	1	10	17	18	22	25	26	32	34	38	40	41	45	51	53	58	61	67	69	73	81	94	110	111	121	122	124	192	#
344	2299.87	6	22	26	30	31	35	37	38	40	45	51	53	55	58	61	81	82	84	92	93	101	111	119	123	124	125	126	192	#
345	2189.6	4	6	11	14	17	22	25	35	38	39	45	49	51	52	53	56	59	78	82	84	91	97	109	110	119	123	125	192	#
346	2186.65	6	13	15	17	18	23	26	28	31	35	37	39	40	41	49	52	55	61	73	101	104	109	110	111	117	121	125	192	#
347	2159.24	6	7	10	13	15	17	18	26	34	36	37	42	49	53	58	60	86	91	93	96	104	108	110	116	117	119	124	192	#
348	2070.9	6	7	11	20	23	25	26	32	38	39	41	45	49	53	54	61	82	84	86	91	94	97	99	108	109	111	116	192	#
349	1762.73	1	3	6	9	14	20	29	37	46	55	58	71	72	73	74	79	86	88	92	101	106	112	113	114	116	125	126	193	#
350	2210.02	3	8	13	18	21	23	27	35	38	39	46	49	60	67	69	79	83	84	88	96	99	100	105	106	114	124	127	193	#
351	2114.92	14	16	17	23	25	27	29	35	49	53	54	58	60	65	70	77	78	79	101	103	106	111	114	116	120	123	125	193	#
352	2032.73	0	1	3	4	9	12	14	17	25	29	49	52	53	54	60	68	74	75	77	79	85	99	107	115	116	121	126	193	#
353	2017.84	1	3	8	9	13	14	17	19	21	27	30	46	47	54	64	67	73	75	76	79	86	87	88	90	96	107	112	193	#
354	1996.29	1	2	9	21	24	27	33	38	44	50	52	54	58	69	70	75	84	85	88	105	106	108	114	122	123	125	127	193	#
355	134.678	67	89	109	194	#
356	198.399	8	89	111	194	#
357	184.03	29	39	67	194	#
358	795.617	10	13	37	39	57	81	97	118	127	195	#
359	811.531	13	14	17	18	34	38	42	57	127	195	#
360	750.937	5	10	15	18	53	66	81	87	126	195	#
361	747.866	8	15	38	49	54	57	60	61	97	195	#
362	715.181	10	17	34	62	77	87	99	109	118	195	#
363	647.235	6	15	65	76	77	97	106	113	127	195	#
364	1036.34	1	8	10	20	22	32	37	39	52	64	86	87	94	106	118	127	196	#
365	1323.32	3	17	30	33	34	36	47	57	61	64	70	80	85	98	116	127	196	#
366	1319.66	19	21	30	38	44	53	56	61	71	78	83	86	97	102	124	126	196	#
367	1234.13	12	15	22	26	44	69	75	79	80	81	95	98	101	106	124	126	196	#
368	1223.37	19	37	38	43	44	47	49	64	69	91	102	104	110	120	124	127	196	#
369	1152.12	3	16	25	42	44	45	46	61	80	81	90	106	111	122	123	124	196	#
370	971.789	9	24	35	60	62	71	79	80	83	89	90	109	115	121	197	#
371	1164.37	7	9	28	42	43	51	53	58	63	71	72	94	103	114	197	#
372	1144.38	3	18	19	30	35	39	43	66	81	94	100	102	115	124	197	#
373	1125.63	21	22	23	35	43	62	79	81	82	104	105	115	117	118	197	#
374	1099.04	4	7	18	39	51	52	60	61	75	82	89	90	119	122	197	#
375	1089.91	13	35	42	43	56	60	81	86	90	97	105	114	122	124	197	#
376	205.124	0	84	#
377	2043.67	5	8	9	14	15	25	29	39	43	50	51	52	56	59	64	80	82	83	84	87	98	108	113	117	119	120	124	198	#
378	2311.47	5	8	9	15	17	20	25	27	29	35	38	46	58	82	83	84	87	96	97	99	101	108	109	119	121	124	126	198	#
379	2221.1	0	4	9	15	17	18	19	23	25	54	56	62	69	73	74	76	77	84	94	97	101	108	111	115	119	126	127	198	#
380	2149.66	7	9	14	23	25	38	42	43	58	62	75	76	84	86	87	92	94	96	97	98	101	103	107	111	115	126	127	198	#
381	2116.15	10	13	14	17	18	25	27	29	41	48	52	66	67	75	82	83	84	86	88	94	107	111	114	118	119	126	127	198	#
382	2096.06	8	9	12	13	21	33	34	40	48	50	54	57	58	64	66	75	79	80	82	96	97	99	104	109	112	119	126	198	#
383	347.845	28	56	68	96	102	114	122	199	#
384	510.271	3	10	28	36	39	45	72	199	#
385	462.886	26	40	56	64	68	89	104	199	#
386	443.439	20	26	43	44	72	99	114	199	#
387	148.675	14	93	95	200	#
388	216.309	44	74	93	200	#
389	173.596	3	14	115	200	#
390	163.256	80	95	107	200	#
391	700.167	11	30	34	70	72	82	86	91	96	125	201	#
392	836.96	8	23	46	50	53	58	79	96	116	124	201	#
393	831.827	38	47	48	50	54	65	91	97	111	113	201	#
394	825.072	29	40	64	71	78	79	93	116	125	126	201	#
395	742.976	3	9	18	39	58	60	70	74	82	89	201	#
396	705.599	11	16	34	48	62	66	79	86	103	123	201	#
397	809.655	0	2	9	34	48	82	84	112	126	202	#
398	890.976	21	41	48	52	54	66	68	78	117	202	#
399	831.882	17	34	48	66	68	84	94	98	124	202	#
400	759.93	0	26	30	31	56	70	82	103	113	202	#
401	745.188	9	20	23	29	44	68	85	95	117	202	#
402	733.547	0	12	13	21	47	82	85	98	108	202	#
403	1179.73	12	14	18	27	28	33	37	39	44	50	55	57	59	67	74	75	77	78	98	99	203	#
404	1646.05	2	12	16	20	25	30	40	45	53	54	91	95	96	97	100	102	106	112	119	120	203	#
405	1558.6	0	24	28	43	45	49	51	53	54	56	59	66	74	95	96	97	104	106	107	125	203	#
406	1507.23	3	16	17	20	25	28	30	43	50	51	54	55	56	64	66	78	85	89	94	105	203	#
407	1471.18	9	10	12	18	19	22	26	32	35	54	55	59	73	74	79	91	94	97	105	120	203	#
408	1470.6	2	10	20	23	24	31	37	44	45	56	60	64	86	95	97	98	102	115	119	125	203	#
409	261.084	23	48	81	204	#
410	257.943	33	60	81	204	#
411	256.812	23	84	99	204	#
412	184.206	16	48	77	204	#
413	39.8628	109	#
414	225.062	5	61	104	205	#
415	299.633	5	58	121	205	#
416	287.707	7	15	104	205	#
417	147.192	9	14	61	205	#
418	1297.44	17	33	35	51	53	65	71	75	79	81	87	88	90	100	103	109	114	118	123	206	#
419	1485.38	6	7	11	23	25	28	34	35	43	47	53	87	91	95	96	97	107	111	118	206	#
420	1363.12	0	3	22	30	35	37	55	58	59	68	69	75	82	90	91	97	111	112	116	206	#
421	1363.02	4	6	11	25	31	35	37	42	47	63	68	71	81	86	87	93	102	118	123	206	#
422	1355.88	7	19	29	36	47	53	54	57	61	74	78	84	99	100	103	107	110	111	121	206	#
423	1344.42	12	23	28	33	35	36	37	53	78	79	80	86	88	96	97	100	102	105	122	206	#
424	1134.18	5	6	8	29	55	60	80	85	86	97	101	111	116	207	#
425	1188.25	1	17	21	24	35	54	66	80	97	99	111	116	126	207	#
426	1185.07	1	7	17	37	60	62	81	82	95	105	113	122	127	207	#
427	1169.42	6	12	16	29	37	53	60	85	104	105	116	118	127	207	#
428	1147.68	2	10	23	29	35	37	60	72	82	95	105	110	127	207	#
429	1110.76	6	19	20	21	22	23	32	45	55	71	72	82	101	207	#
430	360.725	35	36	45	78	118	208	#
431	381.405	14	21	99	110	118	208	#
432	373.964	29	38	57	78	123	208	#
433	352.27	9	31	35	76	124	208	#
434	351.429	45	47	64	76	97	208	#
435	283.208	0	30	36	90	123	208	#
436	787.409	6	12	34	43	53	56	61	62	67	81	89	96	99	103	209	#
437	1160.75	6	8	22	29	45	47	51	59	62	73	96	108	121	125	209	#
438	1150.85	1	18	20	23	29	38	48	51	59	62	64	77	87	123	209	#
439	1113.36	3	10	15	29	40	43	51	59	62	63	84	89	91	104	209	#
440	1071.43	0	8	10	22	31	33	34	42	59	78	82	91	96	125	209	#
441	1042.67	15	21	24	37	42	47	53	55	57	64	71	99	102	111	209	#
442	230.088	16	39	56	70	98	210	#
443	330.608	16	23	32	48	71	210	#
444	261.634	40	52	56	66	106	210	#
445	17.1576	73	#
446	318.342	17	21	38	93	211	#
447	382.523	6	17	60	111	211	#
448	379.053	85	93	114	122	211	#
449	246.382	11	31	38	42	211	#
450	243.846	21	54	84	117	211	#
451	102.359	22	86	123	#
452	1817.75	5	9	23	27	30	32	38	41	42	57	63	70	72	73	87	99	100	101	102	106	109	119	121	122	212	#
453	2254.97	1	5	12	14	21	30	35	39	41	42	44	54	68	72	74	80	92	97	98	100	101	112	125	126	212	#
454	2100.38	5	21	25	37	45	46	56	61	63	67	70	74	78	82	84	92	93	97	98	105	106	116	119	124	212	#
455	2072	5	6	21	26	41	44	56	59	61	63	70	73	77	80	83	84	92	98	99	100	106	121	124	126	212	#
456	2057.15	5	6	14	16	17	23	35	36	42	53	57	61	64	70	72	91	92	93	95	101	106	119	126	127	212	#
457	1997.28	6	10	17	19	27	29	30	35	44	45	47	49	50	57	70	77	84	87	96	101	104	113	124	126	212	#
458	293.068	1	58	89	213	#
459	308.309	89	114	123	213	#
460	237.851	1	58	69	213	#
461	236.828	1	43	51	213	#
462	378.906	71	77	78	86	102	214	#
463	444.212	29	68	71	98	105	214	#
464	442.814	54	75	78	88	93	214	#
465	429.103	20	38	54	77	120	214	#
466	371.597	5	19	31	86	94	214	#
467	318.07	43	54	57	75	102	214	#
468	353.711	7	19	21	23	215	#
469	344.466	0	21	33	93	215	#
470	340.677	0	7	41	101	215	#
471	288.566	19	45	66	110	215	#
472	254.262	23	62	87	90	215	#
473	913.974	0	14	22	35	40	46	51	59	81	88	93	100	103	121	216	#
474	1237.4	2	6	29	34	51	54	62	63	68	93	96	105	117	121	216	#
475	1191.26	0	15	16	29	46	53	63	64	71	79	81	82	118	121	216	#
476	1062.51	2	13	14	16	59	81	82	90	91	93	100	103	116	122	216	#
477	1036.24	1	16	27	58	68	70	79	81	89	103	109	111	118	123	216	#
478	1033.98	13	14	21	39	41	43	46	54	70	75	76	93	94	97	216	#
479	247.846	4	26	94	217	#
480	242.367	94	103	118	217	#
481	230.024	26	53	85	217	#
482	210.805	4	54	70	217	#
483	752.905	0	3	23	27	28	39	42	43	57	61	84	92	93	218	#
484	1073.76	0	21	22	24	25	30	31	37	42	64	83	99	113	218	#
485	1032.07	14	17	23	25	41	46	47	53	58	64	70	89	107	218	#
486	974.303	5	8	10	13	19	27	32	61	65	112	113	114	118	218	#
487	968.659	0	3	4	8	13	25	46	67	73	80	84	106	123	218	#
488	827.577	2	6	9	19	49	50	60	63	73	92	98	114	121	218	#
489	384.98	14	60	71	88	91	219	#
490	472.606	60	68	71	97	127	219	#
491	468.467	36	53	90	91	126	219	#
492	439.63	47	71	73	122	127	219	#
493	377.924	15	45	46	52	88	219	#
494	367.076	14	20	64	98	126	219	#
495	54.099	46	#
496	143.3	7	71	220	#
497	180.942	7	118	220	#
498	172.773	71	114	220	#
499	2413.58	0	7	14	15	17	20	23	30	38	40	43	44	49	53	54	55	56	58	62	64	74	76	77	83	93	99	106	107	110	111	119	123	221	#
500	2524.44	0	7	8	11	16	17	23	25	28	29	38	41	44	47	52	59	60	61	65	71	87	92	93	98	99	102	103	106	110	117	118	122	221	#
501	2522.18	1	7	15	17	27	33	37	38	42	43	53	54	59	65	67	70	78	80	84	88	89	91	92	93	94	97	99	106	110	111	121	125	221	#
502	2496.24	12	28	33	38	41	44	45	47	53	56	58	61	69	71	72	77	79	80	87	88	91	92	93	104	106	107	113	114	120	122	123	125	221	#
503	2468.38	5	7	10	14	17	18	19	20	22	23	24	41	42	49	59	60	65	75	78	80	84	90	91	92	97	100	103	106	111	120	122	123	221	#
504	2434.6	5	11	15	17	22	25	31	38	43	45	48	54	55	57	59	63	74	75	77	78	79	83	84	91	99	106	107	111	117	118	119	123	221	#
505	439.439	23	34	46	48	75	93	100	222	#
506	541.916	1	4	20	61	75	89	112	222	#
507	540.544	44	77	91	93	106	121	122	222	#
508	517.983	19	40	48	68	79	108	116	222	#
509	503.784	5	18	23	34	46	53	120	222	#
510	474.065	17	28	75	83	93	98	100	222	#
511	3311.35	0	2	5	6	16	18	19	20	24	25	26	27	28	33	34	37	41	42	43	45	46	47	48	53	59	61	63	68	70	74	75	77	79	80	81	87	89	90	93	95	98	99	102	105	109	113	114	116	122	125	223	#
512	4027.81	1	4	5	6	7	14	16	17	19	24	25	34	35	37	39	41	42	43	44	45	46	47	48	50	54	57	63	67	68	69	75	77	79	80	81	84	85	96	97	99	101	105	106	107	110	112	113	114	121	126	223	#
513	4003.84	6	8	11	12	15	18	19	20	29	31	32	34	39	41	42	44	47	48	50	54	56	59	61	65	67	70	71	73	76	77	84	86	89	90	92	93	94	97	98	99	103	104	106	109	114	119	122	124	125	126	223	#
514	3940.98	0	1	2	3	7	11	13	14	15	19	24	25	32	34	35	37	42	44	45	46	48	52	56	57	59	64	70	71	73	75	77	79	80	91	97	98	99	103	106	109	110	111	112	114	119	120	122	124	126	127	223	#
515	3917.19	2	6	9	10	13	15	17	19	21	24	25	26	29	30	34	35	39	42	43	45	46	47	48	52	57	59	62	68	75	77	81	83	86	90	94	96	98	101	102	104	107	111	112	113	116	117	119	124	125	126	223	#
516	3912.38	0	3	5	6	7	12	13	15	16	18	26	35	40	42	44	46	47	49	52	54	56	57	59	65	66	68	69	71	76	79	80	81	92	93	95	97	98	99	101	102	104	106	110	112	115	117	119	121	122	126	223	#
517	1585.33	2	4	6	13	26	27	28	33	45	54	58	60	66	68	79	86	93	108	116	117	122	127	224	#
518	1799.6	4	8	15	21	26	27	34	37	45	58	66	74	79	82	92	97	98	104	115	121	122	126	224	#
519	1718.59	8	11	12	21	29	30	40	42	47	56	60	71	74	79	92	93	101	105	106	116	118	121	224	#
520	1689.05	2	3	34	39	49	51	53	58	60	61	62	64	77	92	105	108	114	116	119	123	125	126	224	#
521	1671.15	7	18	21	27	28	29	30	33	42	54	60	67	72	84	93	111	113	118	119	120	121	122	224	#
522	1660.11	26	28	40	51	54	60	62	69	71	72	74	79	82	87	92	96	105	112	114	117	122	123	224	#
523	257.158	30	121	225	#
524	187.997	30	87	225	#
525	158.484	107	121	225	#
526	1601.41	4	17	18	24	34	39	40	45	49	66	79	84	93	95	98	114	123	125	226	#
527	1632.53	7	14	17	29	32	44	52	66	72	80	86	93	97	103	106	121	124	127	226	#
528	1490.28	7	18	31	32	39	40	45	52	67	69	72	77	105	107	114	121	122	127	226	#
529	1482.71	14	18	27	31	34	39	55	64	78	84	88	89	93	95	101	116	117	124	226	#
530	1464.45	4	9	15	16	17	18	32	35	40	46	60	79	89	93	95	99	109	121	226	#
531	1448.98	9	23	24	35	41	42	45	52	53	66	69	74	85	89	101	103	108	116	226	#
532	469.457	28	52	61	83	86	89	111	227	#
533	682.333	11	15	53	63	103	111	127	227	#
534	652.282	2	5	22	52	54	104	111	227	#
535	625.813	2	17	28	54	60	62	84	227	#
536	513.039	10	19	37	53	86	98	113	227	#
537	469.126	40	52	61	90	93	103	127	227	#
538	823.141	14	24	29	40	57	63	64	65	68	93	98	100	104	109	111	228	#
539	1211.88	3	31	42	43	58	60	62	64	98	99	112	115	118	121	125	228	#
540	1165.28	6	17	29	41	50	54	55	58	70	77	90	98	104	112	118	228	#
541	1150.6	3	14	19	29	31	38	47	59	61	68	70	71	73	74	97	228	#
542	1133.41	3	17	58	69	74	76	93	94	99	101	104	107	110	118	124	228	#
543	1118	3	12	24	28	29	32	38	51	81	87	95	109	111	117	118	228	#
544	628.573	7	14	36	48	61	108	119	122	124	229	#
545	848.434	3	20	30	51	57	64	66	112	122	229	#
546	803.487	0	46	51	67	68	88	114	119	122	229	#
547	709.048	7	10	67	86	88	92	110	119	127	229	#
548	668.717	7	34	45	48	57	75	95	119	123	229	#
549	640.681	14	34	44	60	65	92	96	102	118	229	#
550	366.534	8	15	16	40	66	102	123	230	#
551	509.833	8	19	34	47	91	101	122	230	#
552	443.738	0	7	36	49	81	121	123	230	#
553	435.771	32	48	66	71	115	123	125	230	#
554	408.997	2	6	15	16	48	66	68	230	#
555	349.383	6	9	10	24	56	102	123	230	#
556	881.919	3	25	50	51	68	70	73	77	80	100	102	108	117	231	#
557	1234.83	5	12	30	50	58	76	79	80	82	86	91	99	121	231	#
558	989.959	3	9	10	30	36	40	65	68	73	81	82	102	117	231	#
559	973.401	1	8	35	56	58	73	75	81	96	97	109	111	121	231	#
560	959.542	1	3	5	8	11	12	41	63	65	70	80	91	95	231	#
561	958.307	10	11	30	38	53	68	70	71	86	88	100	106	119	231	#
562	525.031	1	17	19	28	40	53	72	84	88	98	109	232	#
563	786.611	16	17	27	45	65	72	90	91	107	110	116	232	#
564	778.771	0	6	8	16	46	54	69	71	94	98	109	232	#
565	766.642	1	8	11	25	27	34	53	65	91	99	101	232	#
566	732.193	3	27	54	55	58	62	66	84	85	114	123	232	#
567	677.533	6	28	31	63	71	94	105	107	111	123	124	232	#
568	94.4626	19	117	#
569	541.642	11	14	26	41	47	62	111	233	#
570	536.469	9	12	14	33	68	106	121	233	#
571	535.694	11	44	69	82	87	98	126	233	#
572	533.143	80	83	84	92	99	109	111	233	#
573	500.71	21	39	62	70	91	104	115	233	#
574	499.411	8	34	40	41	42	106	113	233	#
575	887.012	14	45	53	57	59	65	90	94	101	103	115	234	#
576	877.764	31	34	53	57	84	97	103	106	109	115	125	234	#
577	873.226	8	14	72	78	81	92	96	97	103	108	115	234	#
578	832.723	42	51	53	59	82	85	101	109	120	123	126	234	#
579	805.209	32	33	35	45	53	58	74	79	83	94	106	234	#
580	782.563	2	13	22	34	36	43	63	69	78	101	112	234	#
581	87.0242	31	#
582	101.953	16	43	109	235	#
583	40.7491	26	109	120	235	#
584	1772.93	1	13	17	20	21	23	27	29	30	40	41	44	49	50	59	69	71	81	89	102	103	107	108	109	114	123	236	#
585	2069.8	0	3	8	12	13	19	21	25	28	29	35	42	43	48	55	79	80	85	94	97	102	108	115	117	119	122	236	#
586	2029.02	6	7	8	12	13	21	22	25	30	31	35	43	44	56	78	79	83	88	89	90	91	95	104	107	115	127	236	#
587	2012.45	7	17	18	19	21	38	44	46	57	66	74	75	78	79	82	84	86	97	101	104	108	109	112	117	118	122	236	#
588	2002.35	7	9	13	15	17	18	19	25	30	32	41	43	46	49	56	57	59	71	80	85	92	94	99	107	118	123	236	#
589	1989.09	3	9	12	13	25	28	29	38	41	44	49	55	65	70	72	75	78	79	82	83	85	91	101	103	115	123	236	#
590	610.722	25	60	72	85	95	106	126	237	#
591	624.637	60	62	72	104	112	113	127	237	#
592	595.181	3	26	43	62	72	79	93	237	#
593	578.56	41	58	63	93	104	106	108	237	#
594	426.996	19	38	46	50	95	102	116	237	#
595	412.052	8	32	56	59	103	107	126	237	#
596	1019.45	7	17	18	19	27	34	42	43	44	54	63	88	108	109	114	121	238	#
597	1346.83	5	23	30	36	42	59	60	75	88	89	98	102	103	115	121	126	238	#
598	1320.22	8	12	19	31	35	47	55	56	66	70	83	104	106	108	121	127	238	#
599	1237.35	7	8	17	18	21	23	25	47	58	61	66	74	88	90	96	110	238	#
600	1201.99	7	30	41	43	46	58	60	61	64	70	86	92	99	102	120	126	238	#
601	1195.82	10	15	21	25	29	46	48	51	60	70	74	104	108	112	120	125	238	#
602	95.4368	126	#
603	513.314	54	64	83	92	101	126	239	#
604	499.118	7	47	54	65	66	125	239	#
605	481.912	47	64	67	69	74	99	239	#
606	455.506	10	18	59	101	108	125	239	#
607	453.188	5	21	35	42	92	105	239	#
608	333.878	24	40	44	83	86	106	239	#
609	113.85	121	#
610	2057.02	6	10	21	25	35	38	42	48	49	60	63	70	75	77	82	88	95	105	111	112	114	117	118	119	123	126	240	#
611	2108.79	5	7	8	18	23	32	40	45	57	59	64	70	75	77	79	80	82	89	91	96	99	104	111	114	118	127	240	#
612	2096.9	3	5	21	22	23	39	41	51	57	62	63	67	70	75	80	82	85	96	99	104	105	108	116	118	122	123	240	#
613	2075.38	1	9	18	20	29	32	36	42	48	50	51	62	66	68	71	75	77	79	82	96	99	110	117	119	121	123	240	#
614	2073.89	1	5	14	15	16	21	30	33	36	38	45	47	58	61	69	71	73	75	77	78	82	96	98	106	118	126	240	#
615	2073.53	15	16	25	27	32	33	36	40	42	48	51	52	58	60	73	78	79	86	98	99	103	105	114	118	119	126	240	#
616	279.062	56	94	105	123	241	#
617	346.17	94	101	105	112	241	#
618	340.663	75	94	105	123	241	#
619	285.719	4	56	67	89	241	#
620	256.348	40	50	58	123	241	#
621	844.802	0	17	34	44	58	66	76	77	112	124	242	#
622	960.133	7	13	17	42	58	77	87	92	93	124	242	#
623	866.955	25	33	46	48	53	60	76	79	112	121	242	#
624	859.7	23	29	38	49	71	82	95	114	124	126	242	#
625	805.319	10	34	39	58	70	79	81	93	101	124	242	#
626	802.753	26	44	52	53	58	69	85	95	99	127	242	#
627	393.845	0	2	39	69	70	71	102	243	#
628	581.431	0	17	21	25	40	102	106	243	#
629	544.998	3	15	39	54	102	106	122	243	#
630	534.624	8	12	42	59	65	77	102	243	#
631	490.081	16	17	27	53	67	70	85	243	#
632	475.706	0	5	27	69	76	95	121	243	#
633	811.003	7	16	25	31	42	44	49	62	65	69	88	91	106	124	244	#
634	1118.51	12	24	25	28	29	31	41	68	79	88	91	93	98	108	244	#
635	1097.35	12	16	28	44	46	53	76	82	91	99	106	111	114	122	244	#
636	1032.9	0	2	25	26	31	41	55	105	106	114	115	120	122	123	244	#
637	1000.97	19	22	27	32	39	50	60	67	76	91	102	114	115	122	244	#
638	983.295	21	25	31	45	46	52	61	74	81	86	88	99	115	127	244	#
639	892.739	1	2	33	34	45	60	71	76	85	93	96	97	110	245	#
640	1041.62	7	9	13	15	33	37	48	69	71	75	79	91	104	245	#
641	995.756	5	14	23	24	25	58	60	75	78	92	102	117	119	245	#
642	931.363	18	25	35	44	45	46	61	74	81	85	88	98	118	245	#
643	860.16	1	16	24	43	45	65	67	77	84	85	96	110	111	245	#
644	835.645	1	3	27	36	76	78	82	104	110	114	116	117	118	245	#
645	246.967	16	48	96	246	#
646	270.461	10	48	67	246	#
647	211.528	59	94	96	246	#
648	734.74	24	29	33	35	43	57	59	76	90	103	124	125	127	247	#
649	1016.47	0	8	30	35	37	41	59	77	83	100	111	116	118	247	#
650	934.869	7	27	33	38	47	69	83	103	108	114	118	124	126	247	#
651	933.402	6	10	24	37	61	65	79	88	94	103	106	108	109	247	#
652	928.997	3	20	24	29	46	54	55	64	91	98	103	117	123	247	#
653	891.392	4	6	9	11	24	57	68	89	110	117	118	123	127	247	#
654	332.653	45	90	94	96	111	248	#
655	485.64	35	45	77	94	125	248	#
656	457.743	51	62	64	78	111	248	#
657	403.199	16	37	43	45	103	248	#
658	383.185	23	37	55	85	96	248	#
659	280.25	0	39	90	98	123	248	#
660	1436.74	1	5	23	31	35	46	48	51	59	65	73	81	83	87	88	92	97	107	110	113	114	249	#
661	1719.58	5	7	18	25	39	48	52	60	64	66	68	75	78	89	93	94	95	101	113	114	125	249	#
662	1712.59	6	7	14	17	25	26	39	46	58	60	61	64	72	75	82	90	92	95	110	112	120	249	#
663	1685.01	2	14	30	31	39	58	74	75	78	80	81	83	95	96	97	107	110	113	117	119	126	249	#
664	1652.81	8	12	13	15	18	31	41	46	54	61	64	69	72	82	84	90	95	99	110	118	127	249	#
665	1617.64	1	5	10	31	38	48	50	51	53	55	64	68	69	78	84	96	97	107	110	114	118	249	#
666	118.194	119	#
667	818.292	0	2	17	52	53	64	71	80	87	92	98	109	127	250	#
668	968.951	8	15	36	38	44	46	48	72	75	79	89	98	115	250	#
669	918.195	0	15	69	75	84	87	89	97	99	109	110	117	121	250	#
670	887.021	2	12	13	15	43	46	53	73	84	87	91	92	100	250	#
671	885.663	2	15	36	39	69	73	82	102	103	110	111	115	126	250	#
672	869.287	0	30	46	48	52	58	66	75	86	108	110	113	125	250	#
673	252.518	26	60	72	123	251	#
674	318.786	60	72	88	114	251	#
675	293.509	26	59	71	89	251	#
676	210.038	44	49	56	60	251	#
677	205.979	17	50	101	123	251	#
678	143.572	35	59	74	252	#
679	206.28	35	41	88	252	#
680	191.808	53	74	78	252	#
681	156.402	53	59	118	252	#
682	798.406	11	16	21	24	34	46	47	49	50	67	71	74	96	98	109	117	253	#
683	1126.47	5	16	23	54	57	63	66	74	94	97	100	101	108	124	125	127	253	#
684	1121.42	1	11	18	25	41	60	62	86	89	93	98	99	101	109	110	116	253	#
685	1114.64	16	28	39	41	57	60	64	80	85	89	92	98	100	115	117	127	253	#
686	1091.26	0	1	22	24	47	57	61	81	84	88	92	98	100	108	112	117	253	#
687	1085.47	5	18	27	36	38	39	49	67	70	74	86	92	102	103	110	111	253	#
688	398.824	5	48	61	69	98	254	#
689	412.077	31	61	68	96	122	254	#
690	408.259	27	48	77	78	121	254	#
691	397.014	17	53	54	98	109	254	#
692	370.515	5	8	13	39	47	254	#
693	132.424	25	#
694	1587.39	0	2	12	20	21	29	33	35	37	40	44	53	56	58	67	68	73	86	93	103	112	114	123	124	255	#
695	2041.89	1	13	14	17	20	24	29	32	35	39	51	52	54	57	58	66	76	78	79	80	84	88	98	116	255	#
696	1936.04	4	9	14	15	20	24	25	32	35	44	45	58	66	68	69	75	76	78	79	80	84	88	90	127	255	#
697	1771.82	11	12	15	29	33	39	44	45	53	59	67	68	72	76	84	90	94	96	101	103	110	111	114	116	255	#
698	1750.97	10	15	21	25	29	35	39	42	45	52	53	54	61	62	63	69	79	88	90	112	114	115	123	126	255	#
699	1734.73	5	7	12	15	27	29	35	41	52	54	56	57	58	66	72	76	83	86	88	93	99	111	115	124	255	#
700	342.319	4	10	74	127	256	#
701	374.424	29	36	54	127	256	#
702	329.198	6	10	101	126	256	#
703	145.771	4	36	90	118	256	#
704	225.485	21	79	257	#
705	162.665	21	50	257	#
706	129.282	79	108	257	#
707	411.457	35	38	74	78	84	125	258	#
708	555.525	38	58	79	105	108	110	258	#
709	520.348	25	39	44	84	95	120	258	#
710	481.884	11	15	24	30	35	78	258	#
711	455.241	6	43	48	66	114	125	258	#
712	374.899	25	55	66	74	103	127	258	#
713	600.735	9	11	28	33	56	69	76	81	91	99	120	259	#
714	868.331	1	10	25	30	42	51	63	69	99	105	106	259	#
715	834.769	23	28	30	33	38	41	42	54	75	90	105	259	#
716	798.059	2	12	14	38	45	56	63	75	91	111	119	259	#
717	789.895	4	22	54	62	63	81	82	89	93	99	107	259	#
718	775.803	11	17	18	25	30	34	36	63	90	107	109	259	#
719	458.353	1	14	15	20	51	68	93	260	#
720	557.893	12	14	33	39	62	77	94	260	#
721	477.897	27	33	66	68	71	91	98	260	#
722	448.773	27	54	59	62	85	93	121	260	#
723	423.854	18	20	62	104	116	117	124	260	#
724	374.35	15	33	42	70	90	105	107	260	#
725	360.887	5	16	59	83	85	261	#
726	455.599	5	12	19	21	77	261	#
727	399.183	18	25	85	106	113	261	#
728	374.562	3	5	82	83	117	261	#
729	341.289	1	59	80	82	100	261	#
730	168.839	12	16	34	74	76	261	#
731	179.878	19	59	262	#
732	176.371	59	77	262	#
733	111.12	19	109	262	#
734	1983.73	13	14	21	23	35	40	49	51	53	63	71	80	84	89	91	97	98	99	105	107	109	120	126	263	#
735	1912.85	12	15	17	23	27	29	37	40	43	47	60	65	72	87	89	91	97	98	106	117	120	125	127	263	#
736	1906.8	5	7	13	21	22	28	47	61	64	70	87	88	89	91	94	97	98	99	101	111	116	117	125	263	#
737	1851.28	1	2	13	21	22	23	31	41	60	62	63	80	84	89	90	94	106	108	111	117	121	125	126	263	#
738	1835.14	0	9	19	21	27	35	39	40	41	48	52	70	80	84	87	90	93	98	102	104	110	111	114	263	#
739	1784.37	5	17	22	39	40	44	53	54	78	80	87	89	94	95	96	97	105	109	112	117	120	121	125	263	#
740	681.384	32	33	36	38	42	50	55	76	81	96	103	108	123	124	264	#
741	1021.76	19	36	38	53	65	74	75	82	84	95	101	108	111	118	264	#
742	1020.16	1	11	18	23	24	25	32	60	61	94	108	109	111	113	264	#
743	985.939	17	20	42	58	60	68	69	81	82	86	93	109	111	117	264	#
744	969.007	0	4	6	10	18	22	23	29	44	45	50	65	92	116	264	#
745	959.361	1	4	38	43	60	63	77	78	82	94	102	103	120	125	264	#
746	490.581	2	52	56	59	84	112	265	#
747	613.731	13	44	45	48	52	73	265	#
748	463.544	27	59	67	73	94	127	265	#
749	415.061	20	49	84	99	106	114	265	#
750	355.986	1	2	30	46	110	125	265	#
751	321.728	9	16	22	44	56	127	265	#
752	370.573	16	35	38	70	90	91	96	105	266	#
753	519.876	32	35	52	66	82	88	99	104	266	#
754	501.017	4	30	31	41	70	92	117	126	266	#
755	363.483	2	10	16	20	26	88	117	120	266	#
756	333.195	12	27	32	73	105	111	121	127	266	#
757	1365.44	4	5	11	14	18	23	40	50	54	57	65	66	88	95	97	107	108	112	117	121	126	267	#
758	1709.53	3	7	9	21	38	40	54	58	71	72	78	80	87	94	95	106	108	117	120	121	126	267	#
759	1601.67	3	4	15	18	27	31	54	57	60	66	76	77	81	95	100	108	112	117	119	121	126	267	#
760	1572.04	5	9	15	17	21	31	33	49	56	58	60	63	69	73	78	84	89	95	111	116	127	267	#
761	1520.38	4	13	21	23	40	44	50	52	54	58	67	70	84	85	86	95	98	99	111	112	120	267	#
762	1491	3	11	15	16	17	27	44	45	50	61	66	67	80	85	87	99	109	110	114	115	125	267	#
763	118.077	105	#
764	1762.14	4	8	10	11	17	18	22	31	33	36	39	40	44	55	56	57	61	62	66	72	83	86	87	90	94	95	96	97	103	112	123	127	268	#
765	2613.6	0	7	9	10	13	15	21	30	31	38	39	51	52	58	59	60	61	62	69	73	81	84	94	95	99	103	108	112	117	123	126	127	268	#
766	2378.52	5	7	13	19	35	39	41	49	52	53	55	60	61	62	63	64	66	68	71	80	81	83	84	89	104	107	108	113	114	117	126	127	268	#
767	2348.72	0	8	14	16	17	18	21	22	45	49	51	52	53	57	58	62	63	72	79	85	86	87	92	95	99	100	104	113	115	117	126	127	268	#
768	2278.74	2	11	18	21	22	38	39	40	43	52	58	63	65	66	70	71	72	73	80	81	82	83	89	92	95	97	103	114	117	118	124	127	268	#
769	2278	1	4	8	9	14	15	19	20	21	42	45	51	55	70	71	74	79	81	85	89	92	96	99	105	106	107	108	112	113	117	123	126	268	#
770	412.57	23	29	51	63	64	74	109	269	#
771	531.215	22	29	34	61	69	80	117	269	#
772	523.771	13	22	29	64	114	117	123	269	#
773	451.054	6	8	23	61	68	94	113	269	#
774	438.192	31	39	74	78	114	116	117	269	#
775	411.09	26	44	57	80	94	96	109	269	#
776	3574.16	1	3	4	8	11	18	21	22	25	26	27	28	30	31	34	36	37	43	44	45	47	48	51	52	61	62	66	67	69	73	75	78	79	82	83	89	90	92	97	103	104	112	114	115	116	119	120	125	126	270	#
777	3664.42	4	8	10	18	19	21	26	28	29	31	34	35	37	40	44	45	47	48	52	53	56	63	65	67	69	71	73	74	79	83	85	86	89	91	92	94	96	97	100	104	105	106	108	113	114	119	122	125	127	270	#
778	3660.67	1	4	9	21	22	25	28	31	34	35	39	42	43	44	47	51	52	53	56	57	60	62	63	64	65	73	74	75	78	79	82	85	86	94	95	97	100	105	108	109	111	112	114	116	119	122	123	125	126	270	#
779	3648.92	2	3	4	8	9	21	25	27	30	31	33	34	35	36	37	39	40	43	44	45	46	51	54	56	61	63	71	73	74	76	78	79	88	89	92	94	96	97	98	106	109	111	112	113	114	116	119	122	125	270	#
780	3646.82	4	5	8	9	10	12	21	22	26	27	28	29	33	37	40	43	44	46	48	49	52	53	57	60	63	64	65	74	77	78	79	83	85	86	87	89	92	94	96	97	98	100	104	114	119	120	122	126	127	270	#
781	3639.09	2	4	9	10	12	18	19	22	28	31	33	34	37	38	40	42	44	47	48	53	57	60	61	64	65	68	75	78	79	80	86	88	89	90	94	97	98	102	103	104	106	108	112	113	115	119	120	122	127	270	#
782	1048.33	4	36	49	51	55	57	68	69	74	84	94	98	99	119	122	271	#
783	1222.11	21	38	46	51	58	59	66	80	82	86	87	90	93	119	126	271	#
784	1203.96	10	27	47	52	53	57	66	68	77	78	79	80	98	121	122	271	#
785	1155.51	12	21	23	26	36	39	42	54	69	78	82	87	90	98	120	271	#
786	1085.97	2	15	36	39	54	58	61	63	74	77	83	88	96	99	106	271	#
787	1058.83	4	17	22	28	35	45	55	59	68	74	81	96	99	106	118	271	#
788	219.713	60	106	272	#
789	140.338	16	106	272	#
790	133.194	60	90	272	#
791	121.826	24	119	273	#
792	176.458	119	126	273	#
793	171.332	5	24	273	#
794	768.923	2	28	38	42	48	71	78	85	127	274	#
795	866.001	5	17	34	47	49	66	68	119	127	274	#
796	729.265	5	10	46	48	68	78	105	118	121	274	#
797	715.986	17	21	38	47	57	71	80	107	123	274	#
798	690.973	2	15	33	45	48	68	69	71	74	274	#
799	670.068	0	28	48	50	69	85	91	94	103	274	#
800	530.795	40	45	69	91	101	106	113	275	#
801	638.61	1	3	22	45	68	85	127	275	#
802	583.818	34	35	39	49	56	69	84	275	#
803	532.587	36	42	44	84	113	116	121	275	#
804	515.924	14	43	53	90	91	98	127	275	#
805	487.155	8	24	39	40	86	101	115	275	#
806	629.192	36	37	44	64	68	79	82	119	123	276	#
807	798.903	0	5	34	37	64	69	75	77	78	276	#
808	790.209	0	5	13	19	26	75	77	79	82	276	#
809	743.089	10	18	25	35	65	90	100	104	119	276	#
810	721.774	6	33	42	64	68	71	77	105	111	276	#
811	677.761	28	40	45	48	63	79	109	121	126	276	#
812	2315.03	10	13	16	19	29	30	33	34	35	42	43	44	46	47	54	55	56	59	61	66	67	69	74	78	85	91	96	99	104	115	117	119	124	125	277	#
813	2687.84	0	2	3	5	6	10	13	16	30	33	41	44	47	51	59	61	64	66	75	78	80	82	95	101	104	107	110	113	116	119	121	122	124	125	277	#
814	2664.62	3	5	15	19	32	33	34	37	41	44	47	48	54	59	61	65	66	69	70	74	75	76	79	80	96	97	104	106	109	117	119	120	122	127	277	#
815	2630.58	0	6	10	20	23	30	33	34	37	39	47	54	57	59	60	66	69	70	75	80	85	97	99	104	106	107	115	116	117	120	121	122	124	127	277	#
816	2550.6	0	4	5	6	9	30	33	42	51	59	62	64	65	66	69	70	74	75	87	91	96	99	102	103	104	105	115	116	117	119	122	124	125	127	277	#
817	2451.94	0	2	3	6	11	12	29	30	33	37	41	42	49	51	59	63	64	66	69	74	78	79	80	85	98	102	103	109	110	111	112	113	119	121	277	#
818	337.521	57	73	75	104	115	122	278	#
819	497.96	31	58	72	94	107	115	278	#
820	414.479	1	42	46	72	122	127	278	#
821	412.082	25	62	67	68	104	107	278	#
822	406.172	12	57	68	78	81	118	278	#
823	404.21	30	69	75	102	110	116	278	#
824	563.335	1	3	33	68	81	90	109	126	279	#
825	678.416	0	31	47	58	88	90	98	104	279	#
826	605.213	3	11	53	56	90	97	110	120	279	#
827	595.783	1	7	22	33	64	90	98	105	279	#
828	595.488	5	30	51	67	68	85	104	117	279	#
829	589.48	4	21	27	31	37	72	86	109	279	#
830	1547.1	1	7	10	15	22	23	24	34	36	44	48	51	59	67	72	73	80	81	83	97	103	108	118	126	280	#
831	2117.49	1	4	5	10	18	19	24	29	30	36	51	53	62	69	78	84	90	96	98	106	111	117	119	121	280	#
832	2074.16	3	5	18	22	29	32	41	44	54	61	62	66	69	79	81	85	93	94	97	106	109	116	125	127	280	#
833	1989.14	5	10	14	15	22	25	41	43	48	51	58	60	62	81	93	95	99	101	108	109	116	117	119	121	280	#
834	1978.25	1	3	14	35	45	47	48	66	72	76	78	82	84	88	89	97	106	108	117	118	119	124	125	127	280	#
835	1969.54	5	19	20	23	29	44	47	58	59	60	69	70	72	76	78	85	90	93	103	110	114	118	121	123	280	#
836	952.155	7	25	28	34	42	46	48	50	52	67	71	98	99	115	116	281	#
837	1168.21	3	7	34	39	45	53	55	61	72	73	74	107	119	122	125	281	#
838	1138.19	6	10	21	25	34	39	40	53	56	57	87	94	105	111	121	281	#
839	1129.99	42	50	52	53	57	59	68	87	89	91	98	99	111	115	119	281	#
840	1120.93	2	21	36	52	55	57	89	95	97	101	104	109	115	119	121	281	#
841	1094.72	6	7	22	25	48	53	54	71	81	95	100	101	114	116	119	281	#
842	561.42	4	8	40	51	58	63	86	120	282	#
843	671.349	4	6	8	12	29	43	75	111	282	#
844	665.513	0	27	29	43	48	51	71	117	282	#
845	624.79	0	29	48	69	82	91	102	120	282	#
846	574.038	14	16	17	27	43	58	64	115	282	#
847	549.185	38	58	82	86	90	97	123	124	282	#
848	434.522	15	42	44	127	283	#
849	352.331	42	71	92	112	283	#
850	271.638	34	44	53	90	283	#
851	271.597	27	52	80	127	283	#
852	253.978	11	15	89	113	283	#
853	1961.94	9	14	18	20	31	37	39	40	50	52	53	54	61	63	73	74	81	83	87	90	92	94	103	108	112	115	119	122	123	127	284	#
854	2330.86	7	8	9	12	13	17	18	21	22	23	24	27	37	40	50	52	53	62	64	73	85	96	97	102	103	113	116	119	120	126	284	#
855	2330.47	3	5	21	27	30	31	39	40	41	46	53	54	58	62	64	73	79	81	84	86	87	94	97	102	115	116	121	122	123	127	284	#
856	2310.4	2	5	8	9	12	18	21	25	29	38	46	60	61	62	67	72	73	78	79	81	83	87	88	97	101	105	106	112	117	119	284	#
857	2230.44	3	7	8	9	11	23	25	38	39	42	48	50	52	53	58	72	73	74	76	77	78	81	82	86	108	112	115	121	124	127	284	#
858	2229.7	7	9	13	18	25	26	31	33	37	41	42	51	53	61	66	68	72	75	76	77	79	81	92	97	101	103	108	115	119	124	284	#
859	145.088	76	91	285	#
860	166.031	0	91	285	#
861	114.144	9	76	285	#
862	551.193	11	31	33	77	78	95	100	111	113	286	#
863	802.171	12	23	27	31	46	48	60	82	110	286	#
864	755.316	31	39	40	42	48	81	95	98	121	286	#
865	718.497	9	19	43	53	72	95	101	113	127	286	#
866	714.649	0	9	21	27	31	63	69	77	86	286	#
867	643.216	0	27	33	46	48	58	76	91	115	286	#
868	1786.8	0	1	4	10	20	25	30	38	45	49	50	57	63	67	78	82	86	90	91	93	94	95	101	104	119	120	127	287	#
869	2299.41	2	5	6	17	27	29	30	37	38	42	54	58	63	66	71	75	77	78	82	84	86	92	98	106	118	122	127	287	#
870	2211.53	5	9	10	12	17	19	25	26	27	30	35	38	44	56	57	61	68	72	74	75	90	91	101	104	110	124	127	287	#
871	2126.64	0	1	2	8	17	32	35	40	45	47	51	58	63	66	77	81	82	86	88	92	97	98	101	118	119	124	126	287	#
872	2108.22	0	1	15	17	18	22	25	34	35	44	54	55	58	63	64	66	68	71	75	81	86	91	93	99	101	118	125	287	#
873	2105.88	2	13	14	15	17	29	30	32	39	46	64	66	72	75	81	82	84	90	96	97	98	99	101	102	110	119	126	287	#
874	1741.56	0	9	10	20	25	30	34	35	38	65	66	68	71	75	78	82	83	88	89	106	112	123	126	288	#
875	1860.64	10	12	13	20	25	28	33	38	58	68	71	73	74	82	84	85	97	99	102	112	114	120	121	288	#
876	1775.5	23	31	35	38	47	57	63	64	66	67	68	72	75	79	85	91	95	97	99	105	110	111	121	288	#
877	1766.47	12	25	27	29	33	37	56	58	63	68	72	78	79	82	86	87	91	97	102	110	113	114	115	288	#
878	1717.67	5	13	25	28	29	30	32	35	44	46	56	58	59	63	68	70	72	74	75	97	110	116	120	288	#
879	1716.19	12	23	29	30	37	38	48	57	63	65	67	68	69	71	72	75	86	97	106	110	115	122	125	288	#
880	2204.76	0	1	6	12	14	15	19	21	35	46	52	57	59	65	69	70	82	83	88	91	92	93	94	95	97	99	119	121	123	127	289	#
881	2362.33	1	8	13	31	33	34	35	37	42	44	48	66	69	70	72	75	80	83	84	88	89	91	94	99	104	106	111	114	121	125	289	#
882	2340.95	12	15	21	28	29	30	34	35	38	46	51	54	57	63	66	67	75	78	83	86	87	88	90	93	94	95	98	104	119	127	289	#
883	2336.46	11	12	20	21	24	25	32	43	51	52	54	55	59	60	63	67	72	75	78	83	84	87	90	95	97	98	99	104	111	121	289	#
884	2328.03	1	9	15	20	21	24	33	35	37	51	52	56	57	65	66	69	72	75	83	86	89	93	98	104	110	111	113	121	123	127	289	#
885	2315.12	8	12	18	20	21	25	32	34	37	39	44	49	51	52	54	60	68	70	75	78	91	92	94	98	99	104	111	117	120	122	289	#
886	2339.53	0	1	8	11	12	15	17	22	23	26	28	32	33	42	44	49	50	51	55	56	63	64	65	66	71	83	86	87	93	95	98	101	108	116	119	120	124	126	290	#
887	2989.67	2	3	6	12	18	25	26	28	29	30	35	42	44	55	57	58	62	63	64	68	71	79	80	92	93	95	99	101	102	104	106	116	118	122	124	125	126	127	290	#
888	2935.32	1	8	9	12	13	15	17	23	30	44	46	48	55	56	62	63	64	65	66	71	73	76	79	80	86	88	89	90	93	95	100	102	104	110	114	118	120	122	290	#
889	2773.32	13	16	18	23	24	28	29	30	35	43	44	46	49	51	54	63	64	67	69	71	73	79	80	83	90	93	95	96	102	104	110	111	112	113	119	124	125	126	290	#
890	2754.3	1	2	11	18	19	21	23	24	29	30	40	44	46	49	53	55	56	59	62	63	65	69	71	75	77	79	80	86	87	101	102	103	110	114	118	119	120	126	290	#
891	2686.68	1	2	4	11	12	13	15	18	19	23	24	28	30	32	33	43	44	53	55	56	57	62	63	67	78	79	88	92	93	95	96	101	102	111	112	116	118	126	290	#
892	1378.59	17	20	33	48	50	51	52	60	66	90	91	103	104	105	117	119	122	127	291	#
893	1612.53	3	4	5	10	27	35	48	55	57	59	61	79	90	91	96	111	119	126	291	#
894	1591.28	3	9	31	41	43	47	52	59	64	68	81	91	102	103	110	114	124	126	291	#
895	1528.25	3	17	20	21	22	31	34	41	72	88	91	102	103	104	116	119	120	126	291	#
896	1516.21	0	10	20	21	25	27	29	41	57	60	69	89	97	104	107	110	111	117	291	#
897	1501.11	15	17	21	23	33	41	46	50	59	79	82	90	93	96	97	120	123	127	291	#
898	508.86	4	30	31	36	63	67	113	122	292	#
899	641.552	26	29	31	52	58	83	104	115	292	#
900	633.414	25	30	41	54	57	72	97	120	292	#
901	623.599	18	77	82	91	104	107	113	115	292	#
902	592.747	5	15	37	45	67	95	102	119	292	#
903	557.547	4	27	30	52	56	99	106	115	292	#
904	1653.45	1	5	9	16	30	39	40	48	53	54	68	69	74	82	91	94	97	103	106	110	113	116	293	#
905	1859.31	3	6	8	18	21	33	34	35	48	51	53	67	68	81	90	93	99	103	106	110	118	120	293	#
906	1721.35	3	4	5	6	10	15	26	27	33	34	47	49	68	69	74	80	81	85	91	110	113	125	293	#
907	1702.7	6	8	10	18	26	28	35	41	51	57	59	64	69	71	72	81	83	91	97	107	122	125	293	#
908	1652.44	3	6	8	18	22	24	26	30	32	47	49	51	56	57	64	81	94	103	106	108	117	120	293	#
909	1651.17	1	6	11	14	16	18	30	35	41	65	66	69	74	82	83	96	97	112	114	120	121	126	293	#
910	201.626	24	34	59	109	294	#
911	274.006	24	59	116	126	294	#
912	219.584	63	75	100	109	294	#
913	534.4	40	80	89	103	108	109	118	122	295	#
914	667.28	31	44	73	74	80	86	97	103	295	#
915	654.882	7	25	45	63	66	73	122	125	295	#
916	653.868	11	12	17	31	89	92	115	118	295	#
917	604.348	46	50	66	75	81	89	92	115	295	#
918	561.656	15	38	49	82	101	108	109	111	295	#
919	208.818	27	65	108	121	296	#
920	208.86	31	82	108	125	296	#
921	432.482	3	4	8	32	95	108	297	#
922	579.588	3	15	72	91	125	126	297	#
923	520.725	6	8	37	38	47	124	297	#
924	513.828	4	6	10	35	54	100	297	#
925	425.654	2	10	11	32	79	123	297	#
926	422.05	52	67	95	97	117	118	297	#
927	939.491	13	15	24	43	50	52	70	81	89	102	105	117	126	298	#
928	1174.26	1	10	13	18	38	45	49	65	77	100	105	119	126	298	#
929	1127.41	15	34	40	45	49	50	54	71	84	104	105	106	121	298	#
930	990.241	1	38	40	47	52	74	78	81	84	95	97	103	108	298	#
931	942.801	3	10	26	27	43	57	81	84	89	98	106	113	126	298	#
932	942.071	33	38	43	71	72	84	85	87	89	102	116	118	121	298	#
933	1186.41	16	26	36	39	41	44	61	62	63	82	92	96	99	101	108	120	126	299	#
934	1432.23	7	30	48	50	52	62	67	68	75	78	82	84	95	99	104	108	109	299	#
935	1431.39	11	18	25	27	36	37	39	44	62	72	82	84	87	95	104	120	124	299	#
936	1414.31	9	25	30	32	44	48	54	62	67	68	75	78	92	95	102	119	126	299	#
937	1353.93	1	21	22	25	27	35	38	50	79	82	98	99	100	109	110	118	126	299	#
938	1353.66	15	18	24	43	47	48	50	58	61	68	75	78	80	84	88	101	115	299	#
939	950.189	11	13	19	29	46	50	74	78	95	96	100	114	123	127	300	#
940	1161.99	4	25	41	45	46	48	60	67	71	93	95	103	105	110	300	#
941	1116.51	4	14	15	25	29	42	47	70	71	73	93	103	106	110	300	#
942	1115.67	4	17	19	44	45	50	60	75	93	98	101	102	108	127	300	#
943	1092.68	11	15	23	27	43	68	75	93	99	102	103	105	119	123	300	#
944	1086.93	11	20	23	45	71	78	79	89	93	96	97	103	123	127	300	#
945	2416.17	2	5	8	17	21	26	33	34	39	47	48	57	64	69	71	76	77	81	82	83	89	91	99	109	111	119	121	122	126	127	301	#
946	2356.26	4	5	10	32	38	39	45	46	47	48	57	58	59	66	71	82	87	90	91	92	95	99	102	104	105	111	119	122	123	124	301	#
947	2243.46	5	6	9	11	13	17	21	26	28	34	44	47	48	51	54	58	63	68	84	86	87	90	91	94	98	111	114	122	124	127	301	#
948	2230.07	5	7	8	13	17	23	26	27	29	34	39	41	43	44	48	58	64	72	74	83	91	94	96	102	111	119	121	123	126	127	301	#
949	2192.97	0	2	5	8	9	10	13	16	26	44	48	58	64	65	69	71	72	78	81	83	86	87	88	91	96	105	109	110	124	127	301	#
950	2188.52	3	5	7	17	22	32	33	43	45	46	47	49	51	54	57	58	59	60	84	86	87	88	96	98	99	105	111	115	119	122	301	#
951	611.161	6	37	43	55	63	64	70	83	94	107	302	#
952	824.158	23	33	54	60	61	69	70	80	86	94	302	#
953	742.146	6	52	54	66	82	86	90	109	110	127	302	#
954	732.574	3	25	40	41	55	63	70	104	118	126	302	#
955	693.143	7	31	36	51	59	64	70	91	109	110	302	#
956	663.779	2	14	40	59	60	69	79	82	94	114	302	#
957	1386.33	0	11	14	15	17	20	24	35	47	56	59	61	65	69	71	73	84	87	100	101	106	124	303	#
958	1777.86	14	15	17	19	21	27	51	60	61	67	68	70	87	97	98	103	106	107	117	120	124	126	303	#
959	1730.55	3	10	11	12	15	19	20	25	39	42	47	54	69	72	79	91	98	99	103	108	125	126	303	#
960	1638.76	3	7	20	30	37	39	40	44	61	65	68	71	72	83	84	87	98	102	106	107	117	126	303	#
961	1599.09	3	7	8	13	14	15	17	37	39	44	51	61	65	73	80	86	107	109	110	117	124	127	303	#
962	1569.92	6	13	16	17	22	38	42	57	64	65	69	71	81	86	91	94	99	106	107	121	123	126	303	#
963	462.386	18	24	57	60	61	105	109	123	124	304	#
964	688.23	26	29	61	90	98	99	105	108	114	304	#
965	656.295	4	31	49	89	90	98	114	123	125	304	#
966	596.714	1	26	34	35	52	57	67	109	111	304	#
967	587.942	0	4	18	26	47	88	93	107	112	304	#
968	553.318	0	24	42	51	52	61	68	81	96	304	#
969	58.4145	87	#
970	100.173	44	#
971	650.621	15	33	69	73	94	105	106	124	305	#
972	622.378	1	18	41	66	72	86	106	125	305	#
973	590.725	61	62	64	66	69	94	125	127	305	#
974	550.031	1	29	43	61	63	73	94	115	305	#
975	548.959	1	16	37	42	105	109	117	125	305	#
976	525.837	25	33	38	59	60	67	105	125	305	#
977	1333.73	8	12	45	54	55	60	62	64	82	89	94	98	107	112	116	119	306	#
978	1372.74	7	12	39	53	62	66	73	79	81	82	84	95	105	111	119	120	306	#
979	1333.53	9	10	11	17	34	47	68	70	73	78	79	81	99	112	121	123	306	#
980	1287.11	22	25	26	34	38	56	64	73	78	82	95	97	98	104	112	126	306	#
981	1222.86	11	12	16	41	48	51	55	60	65	72	76	79	80	117	121	127	306	#
982	1185.54	12	23	25	29	39	49	52	60	65	67	98	107	109	112	117	118	306	#
983	958.862	10	15	28	49	50	65	73	86	96	97	99	105	108	112	114	307	#
984	1229.29	2	6	13	14	15	30	35	38	39	56	66	83	86	87	101	307	#
985	1178.14	0	3	13	35	42	45	48	49	63	65	72	88	99	112	118	307	#
986	1174.48	6	30	36	53	67	79	81	84	100	106	107	108	110	114	121	307	#
987	1099.58	0	6	28	38	44	48	53	56	62	65	73	79	92	112	115	307	#
988	1067.75	7	8	18	35	73	86	88	91	96	104	105	115	118	120	122	307	#
989	1911.8	3	4	11	16	17	20	37	41	51	52	53	58	67	74	77	86	95	96	98	99	101	103	112	119	122	124	308	#
990	2205.79	0	3	4	6	8	11	14	29	31	35	37	47	48	51	52	56	64	69	76	77	82	84	85	88	91	98	308	#
991	2143.65	3	4	10	12	13	15	19	27	29	31	38	42	43	50	52	55	56	79	82	89	91	98	101	109	112	126	308	#
992	2117.01	3	6	7	9	14	20	29	32	33	37	39	47	48	50	55	58	62	73	80	90	95	100	112	114	126	127	308	#
993	2106.21	11	20	29	31	34	39	42	48	50	53	55	59	68	69	71	74	77	93	96	101	103	105	112	114	120	123	308	#
994	2089.07	8	9	11	12	13	17	27	32	36	42	43	55	56	58	59	64	70	71	75	84	85	91	93	98	126	127	308	#
995	752.385	9	31	33	39	42	43	55	68	73	81	105	123	309	#
996	926.915	9	39	71	76	78	81	90	91	92	105	111	122	309	#
997	926.421	1	3	6	16	35	80	81	95	101	107	112	123	309	#
998	923.928	1	26	52	54	68	78	88	91	96	101	122	125	309	#
999	884.093	15	16	48	65	69	72	79	80	81	88	104	123	309	#
1000	873.103	1	33	40	51	68	72	73	80	83	88	111	119	309	#
