%% File generated by CATS v.2.1Thu May  9 12:49:12 2024

%% The CATS webpage is http://robotics.stanford.edu/CATS

%% PARAMETER SETTINGS:
% Goods: 128; Bids: 1000; Distribution: paths; Runs: 1; Seed: 14
% Paths Distribution Parameters:
% Initial connections:       = 2
% Edge density:              = 3.000000
% Shipping cost factor:      = 1.500000
% Max bid set size:          = 5
% Building penalty:          = 1.700000



goods 128
bids 1000
dummy 462

0	0.902993	2	47	98	128	#
1	0.902993	3	41	47	98	128	#
2	0.902993	19	37	46	95	115	128	#
3	0.902993	19	37	38	46	47	115	128	#
4	0.902993	47	88	125	128	#
5	0.915733	54	111	#
6	1.02505	103	108	117	120	129	#
7	1.02505	33	96	103	120	129	#
8	1.02505	11	12	96	103	120	129	#
9	1.02505	30	33	103	117	120	129	#
10	1.02505	59	120	127	129	#
11	0.939917	21	87	130	#
12	0.939917	5	43	44	45	55	71	130	#
13	0.939917	5	22	39	43	44	45	55	130	#
14	0.939917	5	21	43	44	45	55	86	130	#
15	0.939917	4	5	42	44	45	55	71	130	#
16	0.784767	29	61	78	91	185	#
17	0.992339	8	58	67	119	131	#
18	0.992339	10	27	111	131	#
19	0.992339	9	10	58	67	119	131	#
20	0.992339	6	7	8	58	81	131	#
21	0.992339	6	7	8	31	32	58	67	131	#
22	0.482812	12	94	132	#
23	0.482812	11	33	94	132	#
24	0.930386	26	39	105	133	#
25	0.930386	14	25	39	105	133	#
26	0.930386	13	25	34	39	105	133	#
27	0.930386	12	66	127	133	#
28	0.930386	12	26	66	94	133	#
29	0.85171	25	99	134	#
30	0.85171	25	58	110	119	134	#
31	0.85171	34	70	134	#
32	0.85171	13	14	70	134	#
33	0.85171	7	34	58	90	134	#
34	0.191756	29	51	#
35	0.878673	2	56	98	135	#
36	0.878673	3	41	56	98	135	#
37	0.878673	19	37	38	46	56	115	135	#
38	0.878673	56	88	125	135	#
39	0.878673	45	56	88	120	135	#
40	0.417884	122	#
41	0.181108	60	136	#
42	0.181108	13	59	136	#
43	0.835009	47	98	#
44	0.874501	35	64	78	#
45	0.819361	2	56	98	#
46	0.992339	8	58	67	119	137	#
47	0.992339	10	27	111	137	#
48	0.992339	9	10	58	67	119	137	#
49	0.992339	6	7	8	58	81	137	#
50	0.992339	6	7	8	31	32	58	67	137	#
51	0.824533	36	79	138	#
52	0.824533	37	113	138	#
53	0.824533	16	36	89	138	#
54	0.824533	35	57	79	138	#
55	0.515598	15	16	88	108	#
56	1.01858	15	16	22	106	114	139	#
57	1.01858	15	16	71	114	123	139	#
58	1.01858	15	16	39	71	106	114	139	#
59	1.01858	21	29	51	72	139	#
60	1.01858	15	16	21	40	106	114	139	#
61	0.744473	83	140	#
62	0.744473	19	37	46	122	140	#
63	0.744473	20	29	37	46	122	140	#
64	0.744473	28	58	82	140	#
65	1.09072	19	52	72	#
66	0.956618	93	141	#
67	0.956618	15	30	116	141	#
68	0.956618	0	15	17	108	126	141	#
69	0.956618	15	17	30	97	141	#
70	0.956618	15	17	30	91	126	141	#
71	0.425493	22	106	142	#
72	0.425493	71	123	142	#
73	0.425493	39	71	106	142	#
74	0.425493	21	40	106	142	#
75	0.609155	114	#
76	0.392692	2	56	110	#
77	0.212725	2	56	#
78	1.03471	16	17	93	143	#
79	1.03471	0	15	16	108	126	143	#
80	1.03471	15	16	30	97	143	#
81	1.03471	17	55	77	123	143	#
82	1.03471	15	16	30	91	126	143	#
83	0.369342	11	78	144	#
84	0.369342	12	33	78	144	#
85	0.369342	11	15	16	30	36	144	#
86	0.500314	41	115	145	#
87	0.500314	2	3	115	145	#
88	0.198083	55	#
89	0.204528	11	15	30	146	#
90	0.204528	12	15	108	146	#
91	1.05121	24	29	51	72	147	#
92	1.05121	15	16	24	40	106	114	147	#
93	1.05121	23	33	63	69	78	147	#
94	1.05121	15	16	24	36	69	114	147	#
95	1.05121	12	23	40	63	66	147	#
96	1.03597	9	19	52	80	115	148	#
97	1.03597	8	10	19	52	80	115	148	#
98	1.03597	19	52	56	67	115	148	#
99	1.03597	9	20	52	108	109	117	148	#
100	1.03597	9	20	33	52	96	109	148	#
101	0.918518	29	60	104	149	#
102	0.918518	13	29	59	104	149	#
103	0.918518	26	59	76	149	#
104	0.918518	14	25	59	76	149	#
105	0.918518	13	26	60	76	149	#
106	0.710463	6	64	91	150	#
107	0.710463	0	6	33	64	150	#
108	0.815592	15	16	106	114	#
109	0.705985	15	103	117	151	#
110	0.705985	15	30	96	103	151	#
111	1.00013	11	64	66	152	#
112	1.00013	6	62	152	#
113	1.00013	15	16	30	64	106	152	#
114	1.00013	15	16	30	39	64	123	152	#
115	1.00013	12	33	64	66	152	#
116	0.85171	25	99	153	#
117	0.85171	25	58	110	119	153	#
118	0.85171	34	70	153	#
119	0.85171	13	14	70	153	#
120	0.85171	7	34	58	90	153	#
121	0.558359	40	66	154	#
122	0.558359	11	69	78	154	#
123	0.558359	39	66	86	154	#
124	0.882997	13	27	70	155	#
125	0.882997	7	13	27	58	90	155	#
126	0.882997	13	28	54	70	155	#
127	0.882997	7	13	28	54	58	90	155	#
128	0.983733	35	64	78	156	#
129	0.983733	15	16	30	57	64	156	#
130	0.983733	15	16	30	35	36	64	156	#
131	0.983733	15	16	33	57	64	108	156	#
132	0.983733	6	31	32	56	100	156	#
133	0.422697	120	#
134	0.610305	20	24	51	73	157	#
135	0.610305	20	23	50	51	73	157	#
136	0.680493	28	37	82	158	#
137	0.680493	27	37	54	82	158	#
138	0.680493	28	46	52	53	158	#
139	0.680493	27	46	52	53	54	158	#
140	1.00841	2	47	56	98	159	#
141	1.00841	3	41	47	56	98	159	#
142	1.00841	19	37	46	56	95	115	159	#
143	0.325332	43	55	#
144	0.727702	10	15	16	55	117	123	160	#
145	0.727702	10	15	16	39	55	106	117	160	#
146	0.315447	31	32	#
147	0.994442	92	161	#
148	0.994442	37	46	84	95	161	#
149	0.994442	37	38	46	47	84	161	#
150	0.994442	7	83	95	161	#
151	0.994442	7	38	47	83	161	#
152	0.783707	9	50	114	117	162	#
153	0.783707	8	10	50	114	117	162	#
154	0.97668	68	163	#
155	0.97668	13	26	55	105	163	#
156	0.97668	25	34	55	105	163	#
157	0.97668	13	14	25	55	105	163	#
158	0.993568	6	73	84	164	#
159	0.993568	32	73	85	164	#
160	0.993568	6	7	19	73	122	164	#
161	0.993568	6	37	38	45	46	84	164	#
162	0.993568	6	33	64	120	164	#
163	0.895265	99	165	#
164	0.895265	58	110	119	165	#
165	0.895265	6	7	31	32	58	110	165	#
166	1.04636	2	47	56	98	166	#
167	1.04636	3	41	47	56	98	166	#
168	1.04636	19	37	46	56	95	115	166	#
169	1.04636	19	37	38	46	47	56	115	166	#
170	1.04636	47	56	88	125	166	#
171	0.28894	5	44	#
172	0.991403	65	167	#
173	0.991403	10	15	74	117	167	#
174	0.991403	10	47	108	117	125	167	#
175	0.991403	10	33	47	96	125	167	#
176	0.991403	8	9	15	74	117	167	#
177	0.292272	27	58	168	#
178	0.292272	28	54	58	168	#
179	0.437636	11	66	169	#
180	0.437636	15	16	30	106	169	#
181	0.833015	13	20	104	170	#
182	0.833015	13	85	118	170	#
183	0.833015	13	19	29	104	170	#
184	0.833015	19	26	76	170	#
185	0.833015	14	19	25	76	170	#
186	0.500654	9	103	171	#
187	0.500654	8	10	103	171	#
188	0.781122	15	16	24	114	172	#
189	0.781122	15	16	23	50	114	172	#
190	0.781122	15	16	23	63	108	172	#
191	0.781122	24	51	107	172	#
192	0.781122	15	16	23	30	33	63	172	#
193	0.81863	97	173	#
194	0.81863	91	126	173	#
195	0.81863	17	116	173	#
196	0.81863	0	33	126	173	#
197	0.81863	1	11	126	173	#
198	0.188402	45	#
199	0.463627	114	#
200	0.877115	19	46	56	115	174	#
201	0.877115	20	29	46	56	115	174	#
202	0.877115	31	46	85	174	#
203	0.877115	2	37	38	56	98	174	#
204	0.530529	100	#
205	1.01267	13	20	37	46	104	175	#
206	1.01267	13	37	46	85	118	175	#
207	1.01267	13	19	29	37	46	104	175	#
208	1.01267	19	26	37	46	76	175	#
209	1.01267	14	19	25	37	46	76	175	#
210	0.807873	20	36	107	176	#
211	0.807873	19	29	36	107	176	#
212	0.807873	20	33	78	109	176	#
213	0.807873	11	12	20	78	109	176	#
214	0.807873	19	35	75	176	#
215	0.129244	42	#
216	0.610278	12	63	177	#
217	0.610278	11	33	63	177	#
218	0.687265	6	30	64	#
219	0.238519	15	117	#
220	0.385791	2	121	178	#
221	0.385791	0	88	178	#
222	1.09458	17	55	71	77	179	#
223	1.09458	17	42	55	71	112	179	#
224	1.09458	17	22	39	55	77	179	#
225	1.09458	17	22	39	42	55	112	179	#
226	1.09458	17	21	55	77	86	179	#
227	0.209957	24	51	#
228	1.09033	13	44	120	127	180	#
229	1.09033	13	26	44	94	120	180	#
230	1.09033	25	34	44	94	120	180	#
231	1.09033	13	14	25	44	94	120	180	#
232	1.02485	10	54	111	181	#
233	1.02485	8	28	58	67	119	181	#
234	1.02485	8	27	54	58	67	119	181	#
235	1.02485	8	9	54	111	181	#
236	1.02485	10	27	28	111	181	#
237	0.142539	59	#
238	0.0625838	27	#
239	1.1711	8	48	65	182	#
240	1.1711	9	18	96	97	182	#
241	1.1711	9	10	48	65	182	#
242	1.1711	9	49	96	116	182	#
243	1.1711	9	15	48	74	117	182	#
244	0.105642	20	#
245	0.7348	24	124	183	#
246	0.7348	23	50	124	183	#
247	0.380593	67	#
248	0.862261	11	27	58	101	184	#
249	0.862261	11	28	54	58	101	184	#
250	0.784767	29	36	107	185	#
251	0.784767	35	75	185	#
252	0.784767	29	33	78	109	185	#
253	0.784767	11	12	29	78	109	185	#
254	1.31011	18	29	102	104	#
255	1.10697	18	102	115	56	186	#
256	1.10697	49	17	102	115	56	186	#
257	1.10697	48	47	98	2	56	186	#
258	0.708147	114	117	10	#
259	0.749754	109	20	52	187	#
260	0.749754	109	29	19	52	187	#
261	0.749754	0	61	20	52	187	#
262	0.782234	107	57	188	#
263	0.782234	107	36	35	188	#
264	0.782234	29	75	188	#
265	0.782234	109	33	78	35	188	#
266	0.782234	109	108	15	16	57	188	#
267	0.810088	37	89	189	#
268	0.810088	37	79	16	189	#
269	0.810088	46	20	109	108	15	189	#
270	0.810088	37	38	125	108	15	189	#
271	0.810088	37	38	45	120	108	15	189	#
272	0.826127	126	#
273	1.24462	17	102	76	190	#
274	1.24462	17	102	115	56	110	190	#
275	1.24462	17	126	0	94	190	#
276	1.24462	116	33	94	190	#
277	1.24462	17	126	1	12	94	190	#
278	0.105939	20	#
279	0.486353	109	29	#
280	0.719207	105	39	#
281	0.81646	56	2	98	#
282	0.582529	69	78	33	191	#
283	0.582529	40	66	12	191	#
284	0.582529	69	78	11	12	191	#
285	0.287566	37	46	20	#
286	0.846046	37	46	84	192	#
287	0.846046	83	7	192	#
288	0.846046	37	46	19	122	7	192	#
289	0.945429	10	117	15	89	193	#
290	0.945429	8	9	117	15	89	193	#
291	0.945429	10	80	115	19	46	37	193	#
292	0.945429	10	117	108	125	38	193	#
293	0.945429	10	96	33	125	38	193	#
294	0.285186	16	15	30	11	#
295	0.711288	84	194	#
296	0.711288	7	122	19	194	#
297	0.711288	6	32	85	194	#
298	0.711288	7	122	29	20	194	#
299	0.909353	124	42	195	#
300	0.909353	124	4	43	195	#
301	0.909353	51	20	73	44	5	43	195	#
302	0.909353	51	29	19	73	44	5	43	195	#
303	0.503051	125	196	#
304	0.503051	45	120	196	#
305	0.231004	58	#
306	0.467799	55	43	5	#
307	0.168134	13	26	197	#
308	0.168134	34	25	197	#
309	0.168134	13	14	25	197	#
310	0.581689	20	109	33	198	#
311	0.581689	20	109	12	11	198	#
312	0.581689	20	61	91	198	#
313	0.581689	19	29	109	33	198	#
314	0.581689	20	61	0	33	198	#
315	0.576178	109	108	199	#
316	0.576178	109	33	30	199	#
317	0.576178	51	114	199	#
318	0.576178	61	0	108	199	#
319	0.576178	109	12	11	30	199	#
320	1.07304	62	40	#
321	0.0934237	35	#
322	0.957135	58	101	11	30	200	#
323	0.957135	58	101	12	108	200	#
324	0.957135	58	101	12	33	30	200	#
325	0.957135	58	101	11	33	108	200	#
326	0.957135	58	7	64	30	200	#
327	0.872334	53	52	73	44	#
328	0.876433	70	201	#
329	0.876433	90	7	58	201	#
330	0.876433	118	32	6	7	58	201	#
331	0.876433	13	26	99	201	#
332	0.876433	34	25	99	201	#
333	1.05478	41	115	102	202	#
334	1.05478	3	2	115	102	202	#
335	1.05478	3	121	126	202	#
336	1.05478	41	2	121	126	202	#
337	1.05478	3	98	47	48	18	202	#
338	0.591468	114	#
339	0.581778	66	40	203	#
340	0.581778	11	78	69	203	#
341	0.581778	66	39	86	203	#
342	0.773185	24	51	29	102	204	#
343	0.773185	23	50	51	29	102	204	#
344	0.553452	90	205	#
345	0.553452	118	32	6	205	#
346	0.976974	13	68	206	#
347	0.976974	26	105	55	206	#
348	0.976974	14	25	105	55	206	#
349	0.976974	13	34	25	105	55	206	#
350	0.859427	17	102	122	#
351	0.80379	71	55	43	5	44	207	#
352	0.80379	22	39	55	43	5	44	207	#
353	0.80379	21	86	55	43	5	44	207	#
354	0.80379	71	55	42	4	5	44	207	#
355	0.80379	21	40	39	55	43	5	44	207	#
356	0.132114	36	#
357	0.381599	118	#
358	0.871186	11	101	58	28	208	#
359	0.871186	11	101	58	27	54	208	#
360	1.07682	66	101	209	#
361	1.07682	106	16	15	30	11	101	209	#
362	1.07682	106	16	15	108	12	101	209	#
363	1.07682	39	123	16	15	30	11	101	209	#
364	1.07682	106	16	15	30	33	12	101	209	#
365	0.710134	10	117	114	#
366	0.0637696	12	#
367	0.852631	41	56	119	58	210	#
368	0.852631	3	2	56	119	58	210	#
369	0.0246786	17	#
370	0.99294	56	115	102	#
371	1.02505	120	108	117	103	211	#
372	1.02505	120	33	96	103	211	#
373	1.02505	120	12	11	96	103	211	#
374	1.02505	120	33	30	117	103	211	#
375	1.02505	120	127	59	211	#
376	0.329382	108	117	212	#
377	0.329382	33	96	212	#
378	0.329382	12	11	96	212	#
379	0.329382	33	30	117	212	#
380	0.329382	12	11	30	117	212	#
381	0.866082	82	95	213	#
382	0.866082	82	38	47	213	#
383	0.542504	19	73	44	214	#
384	0.542504	29	20	73	44	214	#
385	1.10055	86	55	77	215	#
386	1.10055	86	55	42	112	215	#
387	1.10055	40	39	55	77	215	#
388	1.10055	40	39	55	42	112	215	#
389	0.95916	39	66	101	#
390	0.643738	120	108	117	216	#
391	0.643738	120	33	96	216	#
392	0.386572	52	19	217	#
393	0.386572	52	20	29	217	#
394	0.972043	25	94	120	44	#
395	0.297715	24	51	20	#
396	0.113185	1	#
397	0.46064	10	80	218	#
398	0.46064	8	9	80	218	#
399	0.825833	33	125	47	219	#
400	0.825833	33	120	45	47	219	#
401	0.825833	11	12	125	47	219	#
402	0.825833	11	12	120	45	47	219	#
403	0.825833	30	15	74	219	#
404	0.915099	12	101	58	28	220	#
405	0.915099	12	101	58	27	54	220	#
406	0.915099	33	11	101	58	28	220	#
407	0.915099	33	11	101	58	27	54	220	#
408	0.915099	109	20	52	53	220	#
409	1.0943	43	5	44	73	52	221	#
410	1.0943	42	4	5	44	73	52	221	#
411	1.0943	43	5	44	45	38	37	46	52	221	#
412	1.0943	42	124	51	20	52	221	#
413	1.0943	42	124	51	29	19	52	221	#
414	0.390918	7	58	28	#
415	1.1524	58	101	11	78	35	222	#
416	1.1524	58	101	11	30	15	16	57	222	#
417	1.1524	58	101	12	33	78	35	222	#
418	1.1524	58	101	11	30	15	16	36	35	222	#
419	1.1524	58	101	12	108	15	16	57	222	#
420	0.81426	4	112	#
421	0.72212	2	88	12	66	39	223	#
422	0.72212	121	1	66	39	223	#
423	0.2853	20	46	224	#
424	0.2853	29	19	46	224	#
425	0.823204	81	8	225	#
426	0.823204	32	31	67	8	225	#
427	0.823204	81	9	10	225	#
428	0.823204	32	31	67	9	10	225	#
429	0.823204	32	31	56	80	10	225	#
430	0.528193	2	56	110	26	13	226	#
431	0.528193	2	56	110	25	34	226	#
432	0.528193	2	56	110	25	14	13	226	#
433	0.657986	114	24	227	#
434	0.657986	114	50	23	227	#
435	0.657986	108	63	23	227	#
436	0.657986	30	33	63	23	227	#
437	0.476502	40	106	16	228	#
438	0.476502	69	36	16	228	#
439	0.476502	86	123	16	228	#
440	0.476502	86	39	106	16	228	#
441	0.476502	40	39	123	16	228	#
442	0.125468	16	#
443	0.687605	73	52	229	#
444	0.687605	45	38	37	46	52	229	#
445	0.478533	7	58	27	230	#
446	0.478533	7	58	28	54	230	#
447	0.574795	127	231	#
448	0.574795	94	26	231	#
449	0.574795	94	25	14	231	#
450	0.574795	94	25	34	13	231	#
451	1.04977	116	96	232	#
452	1.04977	17	97	96	232	#
453	1.04977	116	30	117	232	#
454	1.04977	17	126	91	96	232	#
455	1.04977	17	126	0	108	117	232	#
456	0.576178	109	108	233	#
457	0.576178	109	33	30	233	#
458	0.576178	51	114	233	#
459	0.576178	61	0	108	233	#
460	0.576178	109	12	11	30	233	#
461	0.956618	93	234	#
462	0.956618	116	30	15	234	#
463	0.956618	17	126	0	108	15	234	#
464	0.956618	17	97	30	15	234	#
465	0.956618	17	126	91	30	15	234	#
466	1.02013	71	105	26	235	#
467	1.02013	71	105	25	14	235	#
468	1.02013	71	105	25	34	13	235	#
469	1.02013	22	39	105	26	235	#
470	1.02013	22	39	105	25	14	235	#
471	0.685354	95	37	46	20	236	#
472	0.685354	47	38	37	46	20	236	#
473	0.685354	95	37	46	19	29	236	#
474	0.685354	47	38	37	46	19	29	236	#
475	0.685354	47	45	73	20	236	#
476	0.762653	74	#
477	1.14242	17	102	76	237	#
478	1.14242	17	102	115	56	110	237	#
479	0.162659	7	#
480	0.312441	96	238	#
481	0.312441	30	117	238	#
482	0.621788	11	96	103	#
483	0.794245	101	11	30	239	#
484	0.794245	101	12	108	239	#
485	0.794245	101	12	33	30	239	#
486	0.794245	101	11	33	108	239	#
487	0.794245	7	64	30	239	#
488	1.0449	122	19	73	44	240	#
489	1.0449	83	38	45	44	240	#
490	1.0449	122	29	20	73	44	240	#
491	1.0449	122	19	46	37	38	45	44	240	#
492	1.0449	7	84	73	44	240	#
493	1.27748	39	66	101	58	27	241	#
494	1.27748	39	66	101	58	28	54	241	#
495	1.27748	123	16	15	30	11	101	58	27	241	#
496	1.27748	39	106	16	15	30	11	101	58	27	241	#
497	1.27748	123	16	15	108	12	101	58	27	241	#
498	0.805429	75	19	242	#
499	0.805429	57	107	20	242	#
500	0.805429	57	107	29	19	242	#
501	0.805429	35	36	107	20	242	#
502	0.805429	75	29	20	242	#
503	1.02182	17	102	115	243	#
504	1.02182	49	18	102	115	243	#
505	1.02182	17	126	121	2	243	#
506	1.02182	17	126	0	88	243	#
507	1.02182	49	48	47	98	2	243	#
508	0.839523	50	51	29	102	17	244	#
509	0.839523	23	24	51	29	102	17	244	#
510	0.839523	50	51	20	19	102	17	244	#
511	0.945306	4	5	44	73	52	#
512	0.735309	2	98	245	#
513	0.735309	41	3	98	245	#
514	0.735309	115	19	46	37	38	245	#
515	0.735309	88	125	245	#
516	0.735309	88	120	45	245	#
517	0.2483	19	46	37	#
518	1.38501	22	66	101	58	28	246	#
519	1.38501	21	72	19	52	53	246	#
520	1.38501	22	66	101	58	27	54	246	#
521	1.38501	71	39	66	101	58	28	246	#
522	1.38501	21	40	66	101	58	28	246	#
523	0.455424	44	45	38	37	#
524	1.063	39	55	77	247	#
525	1.063	39	55	42	112	247	#
526	1.063	39	55	43	4	112	247	#
527	0.725289	56	2	98	#
528	0.424334	45	44	5	#
529	0.64885	90	13	248	#
530	0.64885	6	32	118	13	248	#
531	0.64885	90	34	14	248	#
532	1.15745	101	66	40	249	#
533	1.15745	101	11	78	69	249	#
534	1.15745	101	66	39	86	249	#
535	1.15745	122	72	249	#
536	1.15745	101	11	30	15	16	106	40	249	#
537	0.617335	102	#
538	0.77224	20	107	36	250	#
539	0.77224	19	29	107	36	250	#
540	0.978115	30	11	101	58	27	251	#
541	0.978115	108	12	101	58	27	251	#
542	0.978115	30	11	101	58	28	54	251	#
543	0.978115	30	33	12	101	58	27	251	#
544	0.978115	108	33	11	101	58	27	251	#
545	0.201684	106	#
546	0.920217	102	115	41	252	#
547	0.920217	102	115	2	3	252	#
548	0.727847	25	105	#
549	0.340435	96	11	253	#
550	0.340435	117	30	11	253	#
551	0.340435	117	108	12	253	#
552	0.340435	96	33	12	253	#
553	0.810978	8	67	119	#
554	0.591171	8	67	31	254	#
555	0.591171	10	9	67	31	254	#
556	0.710434	64	#
557	0.561451	117	103	#
558	0.538188	90	255	#
559	0.538188	118	32	6	255	#
560	0.473151	29	61	#
561	0.999776	5	44	73	52	256	#
562	0.999776	5	44	45	38	37	46	52	256	#
563	1.01469	52	20	107	36	257	#
564	1.01469	52	19	29	107	36	257	#
565	1.01469	52	20	109	33	78	257	#
566	1.01469	52	20	109	12	11	78	257	#
567	1.01469	52	19	75	35	257	#
568	0.29704	123	258	#
569	0.29704	106	39	258	#
570	1.25194	21	72	19	52	259	#
571	1.25194	21	72	29	20	52	259	#
572	1.25194	22	106	107	20	52	259	#
573	1.25194	71	55	43	5	44	73	52	259	#
574	1.25194	71	123	107	20	52	259	#
575	0.687412	0	127	13	260	#
576	0.687412	0	94	26	13	260	#
577	0.687412	0	94	25	34	260	#
578	0.687412	0	94	25	14	13	260	#
579	0.687412	1	12	127	13	260	#
580	0.673996	66	12	88	#
581	0.503164	63	#
582	0.755435	4	112	#
583	1.08727	9	96	97	261	#
584	1.08727	8	10	96	97	261	#
585	1.02541	28	58	119	67	262	#
586	1.02541	54	27	58	119	67	262	#
587	1.02541	54	111	9	262	#
588	1.02541	54	111	10	8	262	#
589	1.02541	28	58	7	6	81	262	#
590	0.794191	29	104	263	#
591	0.794191	76	26	13	263	#
592	0.794191	76	25	34	263	#
593	0.794191	76	25	14	13	263	#
594	0.794191	115	56	110	26	13	263	#
595	0.859217	51	29	102	264	#
596	0.859217	51	20	19	102	264	#
597	0.526892	66	40	265	#
598	0.526892	11	78	69	265	#
599	1.0206	10	111	54	266	#
600	1.0206	8	67	119	58	28	266	#
601	1.0206	8	67	119	58	27	54	266	#
602	1.0206	8	9	111	54	266	#
603	0.0339099	8	#
604	0.84897	119	67	9	267	#
605	0.84897	119	67	8	10	267	#
606	0.84897	101	11	96	267	#
607	0.84897	101	11	30	117	267	#
608	0.167691	60	268	#
609	0.167691	13	59	268	#
610	1.02973	13	26	105	71	269	#
611	1.02973	34	25	105	71	269	#
612	1.02973	13	14	25	105	71	269	#
613	1.02973	13	26	105	39	22	269	#
614	1.02973	34	25	105	39	22	269	#
615	0.934122	31	56	100	270	#
616	0.934122	31	56	88	33	78	35	270	#
617	0.934122	31	56	88	108	15	16	57	270	#
618	0.934122	31	56	88	12	11	78	35	270	#
619	0.934122	31	67	9	117	15	16	57	270	#
620	0.840345	107	106	271	#
621	0.840345	107	123	39	271	#
622	0.840345	109	12	66	271	#
623	0.840345	61	1	66	271	#
624	0.840345	109	108	15	16	106	271	#
625	1.15745	101	66	40	272	#
626	1.15745	101	11	78	69	272	#
627	1.15745	101	66	39	86	272	#
628	1.15745	122	72	272	#
629	1.15745	101	11	30	15	16	106	40	272	#
630	0.949834	37	38	45	44	5	43	55	273	#
631	0.949834	37	79	123	273	#
632	0.949834	37	79	106	39	273	#
633	0.949834	37	38	45	44	5	4	42	55	273	#
634	0.949834	37	89	16	123	273	#
635	1.00092	37	38	87	274	#
636	1.00092	46	19	72	274	#
637	1.00092	37	79	106	40	274	#
638	1.00092	113	69	274	#
639	1.00092	37	38	45	44	5	43	55	86	274	#
640	1.03983	52	20	104	13	275	#
641	1.03983	52	85	118	13	275	#
642	1.03983	52	19	29	104	13	275	#
643	1.03983	52	19	76	26	275	#
644	1.03983	52	19	76	25	14	275	#
645	1.01225	52	19	75	276	#
646	1.01225	52	20	107	57	276	#
647	1.01225	52	19	29	107	57	276	#
648	1.01225	52	20	107	36	35	276	#
649	1.01225	52	20	29	75	276	#
650	0.656498	6	84	20	277	#
651	0.656498	6	7	122	29	277	#
652	0.656498	6	84	19	29	277	#
653	0.660711	125	108	278	#
654	0.660711	45	120	108	278	#
655	0.660711	125	33	30	278	#
656	0.660711	45	120	33	30	278	#
657	0.660711	125	12	11	30	278	#
658	0.141193	41	279	#
659	0.141193	2	3	279	#
660	1.04531	22	106	16	15	117	103	#
661	1.20114	13	26	110	56	2	98	47	280	#
662	1.20114	34	25	110	56	2	98	47	280	#
663	1.20114	13	14	25	110	56	2	98	47	280	#
664	1.20114	13	127	125	47	280	#
665	1.20114	13	26	94	125	47	280	#
666	0.767701	36	16	15	114	281	#
667	0.767701	36	107	51	281	#
668	0.991817	115	102	17	282	#
669	0.991817	115	102	18	49	282	#
670	0.991817	2	121	126	17	282	#
671	0.619318	6	7	58	28	283	#
672	0.619318	6	7	58	27	54	283	#
673	0.934122	100	56	31	284	#
674	0.934122	35	78	33	88	56	31	284	#
675	0.934122	57	16	15	108	88	56	31	284	#
676	0.934122	35	78	11	12	88	56	31	284	#
677	0.934122	57	16	15	117	9	67	31	284	#
678	0.593831	46	19	115	#
679	0.36975	80	#
680	1.02973	71	105	26	13	285	#
681	1.02973	71	105	25	34	285	#
682	1.02973	71	105	25	14	13	285	#
683	1.02973	22	39	105	26	13	285	#
684	1.02973	22	39	105	25	34	285	#
685	0.628075	29	109	108	286	#
686	0.628075	29	109	33	30	286	#
687	0.628075	29	51	114	286	#
688	0.628075	29	61	0	108	286	#
689	0.628075	29	109	12	11	30	286	#
690	0.618506	31	67	8	287	#
691	0.618506	31	67	9	10	287	#
692	1.15379	52	20	104	60	288	#
693	1.15379	52	20	104	13	59	288	#
694	1.15379	52	85	118	60	288	#
695	1.15379	52	85	118	13	59	288	#
696	1.15379	52	19	29	104	60	288	#
697	0.0361835	37	#
698	0.11266	14	289	#
699	0.11266	13	34	289	#
700	0.0322456	8	#
701	1.06665	116	78	290	#
702	1.06665	17	97	78	290	#
703	1.06665	93	16	36	290	#
704	1.06665	17	126	91	78	290	#
705	1.06665	17	126	0	33	78	290	#
706	1.00374	64	11	66	39	291	#
707	1.00374	6	62	39	291	#
708	1.00374	64	30	15	16	123	291	#
709	1.00374	64	30	15	16	106	39	291	#
710	1.02973	71	105	26	13	292	#
711	1.02973	71	105	25	34	292	#
712	1.02973	71	105	25	14	13	292	#
713	1.02973	22	39	105	26	13	292	#
714	1.02973	22	39	105	25	34	292	#
715	0.657991	20	109	108	15	#
716	0.902993	2	98	47	293	#
717	0.902993	41	3	98	47	293	#
718	0.902993	115	19	46	37	95	293	#
719	0.902993	115	19	46	37	38	47	293	#
720	0.902993	88	125	47	293	#
721	0.330417	24	51	29	294	#
722	0.330417	23	50	51	29	294	#
723	0.613577	82	37	295	#
724	0.613577	53	52	46	295	#
725	0.835147	105	86	296	#
726	0.835147	105	39	40	296	#
727	0.873857	124	297	#
728	0.873857	4	5	44	73	20	51	297	#
729	0.906424	73	52	53	28	298	#
730	0.906424	73	52	53	54	27	298	#
731	0.906424	45	38	82	28	298	#
732	0.906424	45	38	82	54	27	298	#
733	0.906424	73	19	122	58	298	#
734	0.613486	84	20	299	#
735	0.613486	7	122	29	299	#
736	0.613486	84	19	29	299	#
737	1.04977	96	116	300	#
738	1.04977	96	97	17	300	#
739	1.04977	117	30	116	300	#
740	1.04977	96	91	126	17	300	#
741	1.04977	117	108	0	126	17	300	#
742	0.517081	73	44	#
743	0.71355	33	125	38	301	#
744	0.71355	33	120	45	38	301	#
745	0.71355	11	12	125	38	301	#
746	0.71355	11	12	120	45	38	301	#
747	1.13998	103	117	108	120	44	302	#
748	1.13998	103	96	33	120	44	302	#
749	1.13998	103	96	11	12	120	44	302	#
750	1.13998	103	117	30	33	120	44	302	#
751	1.13998	59	127	120	44	302	#
752	0.230927	30	15	16	#
753	0.252212	0	108	15	303	#
754	0.252212	91	30	15	303	#
755	0.512934	29	109	304	#
756	0.512934	29	61	0	304	#
757	0.217823	48	#
758	0.732376	11	64	305	#
759	0.732376	12	33	64	305	#
760	0.732376	101	7	305	#
761	1.19244	47	98	2	56	110	26	306	#
762	1.19244	47	98	2	56	110	25	14	306	#
763	1.19244	47	125	127	306	#
764	1.19244	47	125	94	26	306	#
765	1.19244	47	125	94	25	14	306	#
766	0.778568	64	30	307	#
767	0.778568	64	33	108	307	#
768	0.778568	64	11	12	108	307	#
769	0.97274	60	70	308	#
770	0.97274	59	13	70	308	#
771	0.97274	60	90	7	58	308	#
772	0.97274	59	13	90	7	58	308	#
773	0.97274	60	118	32	6	7	58	308	#
774	0.0381864	37	#
775	0.0521535	12	#
776	1.22711	102	76	309	#
777	1.22711	102	115	56	110	309	#
778	1.22711	126	0	94	309	#
779	1.22711	126	1	12	94	309	#
780	1.22711	97	33	94	309	#
781	1.38898	22	66	101	58	27	310	#
782	1.38898	71	39	66	101	58	27	310	#
783	1.38898	21	40	66	101	58	27	310	#
784	1.38898	22	66	101	58	28	54	310	#
785	1.38898	21	69	78	11	101	58	27	310	#
786	0.493775	85	#
787	0.426317	35	78	11	311	#
788	0.426317	57	16	15	30	11	311	#
789	0.426317	35	78	33	12	311	#
790	0.426317	35	36	16	15	30	11	311	#
791	0.426317	57	16	15	108	12	311	#
792	0.835576	47	125	12	312	#
793	0.835576	47	45	120	12	312	#
794	0.835576	47	125	33	11	312	#
795	0.835576	47	45	120	33	11	312	#
796	0.835576	47	125	0	1	312	#
797	0.300612	16	123	#
798	0.838365	10	117	15	16	123	55	42	313	#
799	0.838365	10	117	15	16	106	39	55	42	313	#
800	0.838365	8	9	117	15	16	123	55	42	313	#
801	0.838365	8	9	117	15	16	106	39	55	42	313	#
802	0.820907	58	119	56	41	314	#
803	0.820907	58	119	56	2	3	314	#
804	0.920957	44	73	85	#
805	0.911634	54	53	52	73	315	#
806	0.911634	54	82	38	45	315	#
807	0.911634	27	28	53	52	73	315	#
808	0.911634	27	28	82	38	45	315	#
809	0.911634	54	53	52	46	37	38	45	315	#
810	0.748601	36	16	15	114	316	#
811	0.748601	36	107	51	316	#
812	0.714569	2	115	19	52	317	#
813	0.714569	2	115	29	20	52	317	#
814	1.04581	68	13	318	#
815	1.04581	55	105	26	318	#
816	1.04581	55	105	25	14	318	#
817	1.04581	55	105	25	34	13	318	#
818	1.04581	68	34	14	318	#
819	0.275152	58	27	319	#
820	0.275152	58	28	54	319	#
821	0.738456	39	55	43	5	44	45	#
822	0.833326	15	30	11	101	320	#
823	0.833326	15	108	12	101	320	#
824	0.833326	15	30	33	12	101	320	#
825	0.833326	15	108	33	11	101	320	#
826	0.833326	15	30	64	7	320	#
827	0.602881	103	96	321	#
828	0.602881	103	117	30	321	#
829	0.541195	73	20	51	322	#
830	0.541195	73	19	29	51	322	#
831	0.591327	6	32	31	56	41	323	#
832	0.591327	6	32	31	56	2	3	323	#
833	0.667739	108	117	103	324	#
834	0.667739	33	96	103	324	#
835	0.667739	12	11	96	103	324	#
836	0.667739	33	30	117	103	324	#
837	0.667739	127	59	324	#
838	1.33109	27	58	101	66	40	325	#
839	1.33109	27	58	101	11	78	69	325	#
840	1.33109	54	53	52	19	72	325	#
841	1.33109	27	58	101	66	39	86	325	#
842	1.33109	54	28	58	101	66	40	325	#
843	1.09714	44	120	127	326	#
844	1.09714	44	120	94	26	326	#
845	1.09714	44	120	94	25	14	326	#
846	1.09714	44	120	94	25	34	13	326	#
847	0.657771	114	15	16	327	#
848	0.657771	51	107	327	#
849	0.727726	46	20	109	33	328	#
850	0.727726	37	38	125	33	328	#
851	0.727726	37	38	45	120	33	328	#
852	0.727726	46	20	109	12	11	328	#
853	0.727726	46	20	61	91	328	#
854	1.04581	68	13	329	#
855	1.04581	55	105	26	329	#
856	1.04581	55	105	25	14	329	#
857	1.04581	55	105	25	34	13	329	#
858	1.04581	68	34	14	329	#
859	1.00092	37	38	87	330	#
860	1.00092	46	19	72	330	#
861	1.00092	37	79	106	40	330	#
862	1.00092	113	69	330	#
863	1.00092	37	38	45	44	5	43	55	86	330	#
864	0.634366	88	56	31	331	#
865	0.634366	0	121	2	56	31	331	#
866	1.33507	53	52	19	72	332	#
867	1.33507	28	58	101	66	40	332	#
868	1.33507	28	58	101	11	78	69	332	#
869	1.33507	54	27	58	101	66	40	332	#
870	1.33507	54	27	58	101	11	78	69	332	#
871	0.926257	39	105	26	333	#
872	0.926257	39	105	25	14	333	#
873	0.926257	39	105	25	34	13	333	#
874	1.06662	127	120	334	#
875	1.06662	26	94	120	334	#
876	1.06662	14	25	94	120	334	#
877	1.06662	13	34	25	94	120	334	#
878	1.06662	26	110	56	88	120	334	#
879	0.626898	123	16	15	117	10	335	#
880	0.626898	39	106	16	15	117	10	335	#
881	0.626898	123	16	15	117	9	8	335	#
882	0.626898	39	106	16	15	117	9	8	335	#
883	0.360715	88	108	#
884	0.343431	67	#
885	0.815508	42	124	50	#
886	0.888325	37	79	57	336	#
887	0.888325	113	35	336	#
888	0.888325	37	79	36	35	336	#
889	0.888325	37	89	16	57	336	#
890	0.888325	46	19	75	336	#
891	0.511001	12	94	25	#
892	0.676443	109	20	46	337	#
893	0.676443	125	38	37	337	#
894	0.676443	120	45	38	37	337	#
895	0.676443	109	29	19	46	337	#
896	0.676443	0	61	20	46	337	#
897	0.699614	107	338	#
898	0.699614	109	108	15	16	338	#
899	0.699614	109	33	30	15	16	338	#
900	0.699614	51	114	15	16	338	#
901	0.699614	61	0	108	15	16	338	#
902	0.150788	91	339	#
903	0.150788	33	0	339	#
904	0.150788	11	1	339	#
905	0.940287	16	15	30	64	6	340	#
906	0.940287	16	15	108	33	64	6	340	#
907	0.940287	36	78	64	6	340	#
908	0.940287	16	15	108	12	11	64	6	340	#
909	0.940287	16	15	108	88	56	31	32	340	#
910	0.509772	123	16	15	117	341	#
911	0.509772	39	106	16	15	117	341	#
912	0.36433	36	123	342	#
913	0.36433	36	106	39	342	#
914	0.430329	7	58	28	343	#
915	0.430329	7	58	27	54	343	#
916	0.589097	42	55	123	57	344	#
917	0.589097	42	55	39	106	57	344	#
918	0.898824	117	15	89	345	#
919	0.898824	80	115	19	46	37	345	#
920	0.898824	117	108	125	38	345	#
921	0.898824	96	33	125	38	345	#
922	0.898824	117	108	120	45	38	345	#
923	0.355723	29	51	24	346	#
924	0.355723	29	51	50	23	346	#
925	0.355723	19	20	51	24	346	#
926	0.606434	33	127	347	#
927	0.606434	33	94	26	347	#
928	0.606434	33	94	25	14	347	#
929	0.606434	33	94	25	34	13	347	#
930	0.606434	11	12	127	347	#
931	0.80181	77	348	#
932	0.80181	112	42	348	#
933	0.511123	103	#
934	1.01901	4	5	44	73	52	349	#
935	1.01901	124	51	20	52	349	#
936	1.01901	42	43	5	44	73	52	349	#
937	1.01901	124	51	29	19	52	349	#
938	1.01901	4	5	44	45	38	37	46	52	349	#
939	1.02973	13	26	105	71	350	#
940	1.02973	34	25	105	71	350	#
941	1.02973	13	14	25	105	71	350	#
942	1.02973	13	26	105	39	22	350	#
943	1.02973	34	25	105	39	22	350	#
944	0.488396	123	16	15	351	#
945	0.488396	39	106	16	15	351	#
946	0.773266	52	85	#
947	0.839541	50	114	15	16	57	352	#
948	0.839541	63	33	78	35	352	#
949	0.839541	63	108	15	16	57	352	#
950	0.839541	63	12	11	78	35	352	#
951	0.825187	28	82	38	353	#
952	0.825187	27	54	82	38	353	#
953	0.825187	28	53	52	46	37	38	353	#
954	0.825187	27	54	53	52	46	37	38	353	#
955	0.825187	58	83	38	353	#
956	0.521452	44	120	12	#
957	0.520163	26	110	56	354	#
958	0.520163	14	25	110	56	354	#
959	0.520163	13	34	25	110	56	354	#
960	0.462767	19	122	#
961	0.10919	41	355	#
962	0.10919	2	3	355	#
963	0.882982	17	93	#
964	1.16833	6	84	73	44	5	#
965	0.778666	11	101	356	#
966	0.778666	33	12	101	356	#
967	0.778666	64	7	356	#
968	1.03471	17	93	16	357	#
969	1.03471	126	0	108	15	16	357	#
970	1.03471	97	30	15	16	357	#
971	1.03471	17	77	55	123	357	#
972	1.03471	126	91	30	15	16	357	#
973	0.915824	110	56	2	98	358	#
974	0.915824	94	125	358	#
975	0.915824	94	120	45	358	#
976	0.139484	16	#
977	0.759014	100	56	359	#
978	0.759014	35	78	33	88	56	359	#
979	0.796945	75	360	#
980	0.796945	29	107	57	360	#
981	0.796945	29	107	36	35	360	#
982	1.32034	58	101	66	40	361	#
983	1.32034	58	101	11	78	69	361	#
984	1.32034	58	101	66	39	86	361	#
985	1.32034	58	122	72	361	#
986	1.32034	58	101	11	30	15	16	106	40	361	#
987	0.612355	32	6	7	58	#
988	1.13552	122	102	17	362	#
989	1.13552	122	102	18	49	362	#
990	1.13552	83	95	48	49	362	#
991	0.573482	37	83	#
992	0.88096	22	66	12	88	363	#
993	0.88096	71	39	66	12	88	363	#
994	0.88096	21	69	78	33	88	363	#
995	0.88096	22	106	16	15	108	88	363	#
996	0.88096	22	66	11	33	88	363	#
997	0.836098	81	364	#
998	0.836098	67	31	32	364	#
999	1.08335	72	19	52	#
