%% File generated by CATS v.2.1Thu May  9 12:49:12 2024

%% The CATS webpage is http://robotics.stanford.edu/CATS

%% PARAMETER SETTINGS:
% Goods: 128; Bids: 1000; Distribution: paths; Runs: 1; Seed: 32
% Paths Distribution Parameters:
% Initial connections:       = 2
% Edge density:              = 3.000000
% Shipping cost factor:      = 1.500000
% Max bid set size:          = 5
% Building penalty:          = 1.700000



goods 128
bids 1003
dummy 457

0	0.974983	67	116	118	128	#
1	0.974983	18	62	67	116	128	#
2	0.974983	28	43	67	118	128	#
3	0.974983	18	28	43	62	67	128	#
4	0.974983	31	67	73	116	128	#
5	0.874923	18	32	43	67	#
6	0.720612	23	36	42	120	#
7	0.836331	44	98	129	#
8	0.836331	9	18	48	69	129	#
9	0.836331	9	44	69	118	129	#
10	0.836331	9	18	44	62	69	129	#
11	0.836331	29	48	115	129	#
12	0.89498	90	130	#
13	0.89498	17	32	43	61	127	130	#
14	0.89498	65	112	130	#
15	0.89498	43	61	65	125	130	#
16	0.89498	17	32	43	51	52	127	130	#
17	1.31806	18	54	69	87	97	131	#
18	1.31806	54	62	99	131	#
19	1.31806	18	35	54	69	87	105	131	#
20	1.31806	18	19	40	75	131	#
21	1.31806	4	18	25	26	54	69	87	124	131	#
22	0.672481	0	1	84	#
23	0.447719	78	#
24	0.0734312	49	#
25	0.560853	12	13	57	58	132	#
26	0.560853	11	13	16	57	58	132	#
27	0.560853	17	32	68	132	#
28	0.560853	11	13	17	24	57	58	132	#
29	0.560853	13	17	32	125	132	#
30	0.744803	54	87	97	#
31	0.409853	2	102	#
32	0.72339	36	104	133	#
33	0.72339	36	59	60	120	133	#
34	0.72339	35	38	104	133	#
35	0.72339	23	36	110	120	133	#
36	0.72339	35	38	59	60	120	133	#
37	0.427727	3	55	56	163	#
38	0.299104	87	#
39	0.507682	10	111	134	#
40	0.507682	9	29	111	134	#
41	0.963078	17	32	43	67	118	135	#
42	0.963078	17	18	32	43	62	67	135	#
43	0.963078	16	24	32	43	67	118	135	#
44	0.963078	16	18	24	32	43	62	67	135	#
45	0.963078	17	31	32	43	67	73	135	#
46	0.601818	43	67	#
47	0.919276	15	80	136	#
48	0.919276	91	109	116	136	#
49	0.919276	28	43	91	109	136	#
50	0.919276	14	37	80	136	#
51	0.919276	7	14	91	116	136	#
52	0.0661307	43	#
53	0.779817	18	43	67	#
54	0.79012	9	19	45	69	137	#
55	0.79012	29	41	106	137	#
56	0.79012	9	19	40	41	69	137	#
57	0.79012	8	9	126	137	#
58	0.79012	29	40	45	106	137	#
59	0.987807	17	32	34	43	107	138	#
60	0.987807	16	24	32	34	43	107	138	#
61	0.987807	2	3	17	32	43	107	138	#
62	0.987807	17	28	32	74	91	138	#
63	0.987807	17	20	28	32	72	138	#
64	0.890433	6	44	79	94	#
65	0.77984	107	#
66	0.134661	61	#
67	0.036114	16	#
68	1.04428	38	41	56	71	97	139	#
69	1.04428	36	41	56	71	105	139	#
70	1.04428	54	75	139	#
71	1.04428	35	36	41	56	71	97	139	#
72	1.04428	38	40	45	56	71	97	139	#
73	0.499001	43	78	#
74	0.0660894	34	#
75	0.726428	32	100	140	#
76	0.726428	17	85	140	#
77	0.726428	16	24	85	140	#
78	0.726428	9	32	70	140	#
79	0.47573	57	58	#
80	0.133553	61	#
81	0.738915	32	43	67	#
82	0.23262	31	44	#
83	1.04559	18	24	32	43	48	67	141	#
84	1.04559	16	17	18	32	43	48	67	141	#
85	1.04559	24	32	43	44	67	118	141	#
86	1.04559	16	17	32	43	44	67	118	141	#
87	1.04559	18	24	32	43	44	62	67	141	#
88	0.625597	41	123	142	#
89	0.625597	17	32	41	78	142	#
90	0.625597	16	24	32	41	78	142	#
91	0.625597	17	32	43	61	114	142	#
92	0.625597	40	45	123	142	#
93	0.42456	102	#
94	1.07602	39	46	119	143	#
95	1.07602	86	93	143	#
96	1.07602	0	81	93	143	#
97	1.07602	47	93	103	143	#
98	1.07602	46	54	93	103	143	#
99	0.855915	48	122	144	#
100	0.855915	44	62	122	144	#
101	1.10066	15	63	145	#
102	1.10066	4	26	87	111	124	145	#
103	1.10066	14	37	63	145	#
104	1.10066	25	87	97	111	145	#
105	0.72627	81	#
106	0.676591	43	52	68	146	#
107	0.676591	13	51	112	146	#
108	0.676591	13	43	52	125	146	#
109	0.676591	43	51	61	68	146	#
110	0.676591	13	43	51	61	125	146	#
111	0.750558	85	147	#
112	0.750558	17	32	100	147	#
113	0.750558	16	24	32	100	147	#
114	0.750558	9	17	32	70	147	#
115	1.04499	21	22	34	61	107	148	#
116	1.04499	3	22	61	66	148	#
117	1.04499	2	22	34	61	66	148	#
118	1.04499	20	22	23	34	61	107	148	#
119	1.04499	3	49	61	92	148	#
120	0.995657	24	32	43	67	73	149	#
121	0.995657	16	17	32	43	67	73	149	#
122	0.995657	18	24	30	32	43	67	149	#
123	0.995657	16	17	18	30	32	43	67	149	#
124	0.995657	19	24	32	45	73	78	149	#
125	0.572182	36	88	#
126	0.625316	2	58	102	150	#
127	0.625316	3	43	125	150	#
128	0.625316	2	13	77	150	#
129	0.625316	2	34	43	125	150	#
130	0.625316	3	43	58	83	150	#
131	0.415135	27	42	116	151	#
132	0.415135	27	28	42	43	151	#
133	0.488745	18	48	152	#
134	0.488745	44	118	152	#
135	0.488745	18	44	62	152	#
136	0.488745	31	44	73	152	#
137	0.488745	18	30	31	44	152	#
138	0.823868	62	122	153	#
139	0.823868	50	62	115	153	#
140	0.823868	53	98	153	#
141	0.823868	29	50	98	153	#
142	0.823868	10	50	69	118	153	#
143	0.313835	108	154	#
144	0.313835	25	47	154	#
145	0.313835	25	46	54	154	#
146	1.03029	3	61	92	155	#
147	1.03029	20	34	60	61	107	155	#
148	1.03029	2	34	61	92	155	#
149	1.03029	3	51	52	92	155	#
150	1.03029	20	34	51	52	60	107	155	#
151	0.677189	4	11	33	57	58	156	#
152	0.677189	4	5	11	13	57	58	156	#
153	0.677189	4	12	16	33	57	58	156	#
154	0.677189	4	5	12	13	16	57	58	156	#
155	0.677189	4	24	28	32	117	124	156	#
156	0.571893	64	157	#
157	0.571893	36	42	84	157	#
158	0.571893	38	42	76	157	#
159	0.571893	35	38	42	84	157	#
160	0.571893	35	36	42	76	157	#
161	0.17208	6	#
162	0.992929	7	91	96	158	#
163	0.992929	37	52	80	158	#
164	0.992929	7	52	91	116	158	#
165	0.992929	37	51	61	80	158	#
166	0.992929	7	51	61	91	116	158	#
167	1.21021	13	82	159	#
168	1.21021	4	5	95	159	#
169	1.21021	4	13	33	95	159	#
170	1.21021	5	69	73	87	124	159	#
171	1.21021	13	33	69	73	87	124	159	#
172	0.842594	7	91	160	#
173	0.842594	14	91	109	160	#
174	0.842594	6	37	91	160	#
175	0.232079	10	50	161	#
176	0.232079	9	53	161	#
177	0.232079	9	29	50	161	#
178	0.286754	4	35	124	#
179	1.25938	4	18	26	69	87	124	162	#
180	1.25938	26	30	95	162	#
181	1.25938	18	25	69	87	97	162	#
182	1.25938	62	63	79	162	#
183	1.25938	18	19	26	121	162	#
184	0.427727	56	89	163	#
185	0.747742	18	67	#
186	0.427727	27	42	116	163	#
187	0.427727	27	28	42	43	163	#
188	0.756701	34	61	113	164	#
189	0.756701	4	61	116	117	124	164	#
190	0.756701	4	28	43	61	117	124	164	#
191	0.756701	34	51	52	113	164	#
192	0.756701	27	42	61	101	116	164	#
193	1.14592	0	1	122	30	165	#
194	1.14592	0	1	50	10	69	73	165	#
195	1.14592	0	1	50	115	30	165	#
196	1.14592	0	1	53	9	69	73	165	#
197	1.14592	0	1	50	29	9	69	73	165	#
198	0.756701	113	34	61	166	#
199	0.756701	4	124	117	116	61	166	#
200	0.756701	4	124	117	28	43	61	166	#
201	0.756701	113	34	52	51	166	#
202	0.756701	101	42	27	116	61	166	#
203	0.886811	90	51	167	#
204	0.886811	127	17	32	43	52	167	#
205	0.886811	127	17	32	43	61	51	167	#
206	0.886811	65	112	51	167	#
207	0.886811	65	125	43	52	167	#
208	0.97467	5	124	35	120	23	22	168	#
209	0.97467	5	124	35	120	60	49	168	#
210	0.453699	18	19	45	169	#
211	0.453699	18	19	40	41	169	#
212	0.048164	13	#
213	1.04499	61	34	107	21	22	170	#
214	1.04499	61	3	66	22	170	#
215	1.04499	61	34	2	66	22	170	#
216	1.04499	61	34	107	20	23	22	170	#
217	1.04499	61	3	92	49	170	#
218	0.784151	22	23	120	36	42	171	#
219	0.784151	49	60	120	36	42	171	#
220	1.0218	87	69	118	172	#
221	1.0218	87	69	18	62	172	#
222	1.0218	87	69	73	31	172	#
223	0.582291	31	79	6	#
224	0.80641	28	117	97	173	#
225	0.80641	28	27	42	38	97	173	#
226	0.80641	28	27	42	36	105	173	#
227	0.80641	28	27	42	36	35	97	173	#
228	0.80641	28	117	35	105	173	#
229	0.767905	35	120	23	22	39	174	#
230	0.767905	35	120	60	49	39	174	#
231	0.677092	100	32	175	#
232	0.677092	85	17	175	#
233	0.677092	85	16	24	175	#
234	0.269496	55	2	#
235	0.74762	22	23	120	36	176	#
236	0.74762	49	60	120	36	176	#
237	0.74762	22	23	120	35	38	176	#
238	0.74762	49	60	120	35	38	176	#
239	1.03017	12	17	32	43	67	18	177	#
240	1.03017	11	24	32	43	67	18	177	#
241	1.03017	11	16	17	32	43	67	18	177	#
242	1.03017	12	16	24	32	43	67	18	177	#
243	1.03017	12	123	45	19	18	177	#
244	0.877026	23	72	28	#
245	0.894651	2	107	20	178	#
246	0.894651	92	60	178	#
247	0.894651	66	23	178	#
248	0.894651	2	107	21	23	178	#
249	0.894651	55	56	36	120	178	#
250	1.15395	39	22	23	72	28	32	24	179	#
251	1.15395	39	22	23	72	28	32	17	16	179	#
252	1.15395	39	49	60	72	28	32	24	179	#
253	1.15395	39	49	60	72	28	32	17	16	179	#
254	1.15395	39	22	23	120	36	42	27	28	32	24	179	#
255	0.625597	123	41	180	#
256	0.625597	17	32	78	41	180	#
257	0.625597	16	24	32	78	41	180	#
258	0.625597	17	32	43	61	114	180	#
259	0.625597	123	45	40	180	#
260	0.467877	8	45	19	181	#
261	0.467877	8	41	40	19	181	#
262	0.185068	5	#
263	0.981924	34	67	18	48	182	#
264	0.981924	34	67	118	44	182	#
265	0.981924	34	67	18	62	44	182	#
266	0.981924	2	3	67	18	48	182	#
267	0.98443	54	97	117	96	183	#
268	0.98443	54	97	117	116	52	183	#
269	0.98443	46	90	51	183	#
270	0.98443	54	97	117	116	61	51	183	#
271	0.98443	54	97	117	28	43	52	183	#
272	0.51639	0	1	53	184	#
273	0.51639	0	1	50	29	184	#
274	0.581267	19	18	48	185	#
275	0.581267	19	118	44	185	#
276	0.581267	19	18	62	44	185	#
277	0.709716	31	79	37	186	#
278	0.709716	31	79	15	14	186	#
279	0.709716	30	62	79	37	186	#
280	0.507753	96	27	42	187	#
281	0.507753	52	116	27	42	187	#
282	0.507753	51	61	116	27	42	187	#
283	0.507753	52	43	28	27	42	187	#
284	0.507753	51	61	43	28	27	42	187	#
285	0.777934	98	188	#
286	0.777934	118	69	9	188	#
287	0.777934	62	18	69	9	188	#
288	0.777934	62	115	29	188	#
289	0.777934	31	73	69	9	188	#
290	1.01531	52	80	15	189	#
291	1.01531	51	61	80	15	189	#
292	1.01531	96	91	109	189	#
293	1.01531	52	116	91	109	189	#
294	1.01531	51	61	116	91	109	189	#
295	0.141734	5	#
296	0.435157	117	28	190	#
297	0.435157	38	42	27	28	190	#
298	0.366025	59	49	93	#
299	0.207556	25	54	#
300	0.375507	117	28	#
301	0.75388	88	36	191	#
302	0.75388	88	38	35	191	#
303	0.75388	8	71	56	36	191	#
304	0.75388	8	71	56	38	35	191	#
305	1.16786	82	30	192	#
306	1.16786	33	124	87	69	18	192	#
307	1.16786	13	5	124	87	69	18	192	#
308	1.16786	125	43	67	18	192	#
309	1.16786	82	31	62	192	#
310	0.977364	5	124	35	120	23	193	#
311	0.977364	13	33	124	35	120	23	193	#
312	0.857914	101	56	71	194	#
313	0.857914	4	124	38	56	71	194	#
314	0.857914	4	124	35	36	56	71	194	#
315	0.857914	101	88	8	194	#
316	0.857914	4	124	38	88	8	194	#
317	0.479858	22	21	74	195	#
318	0.479858	22	23	20	74	195	#
319	0.479858	49	60	20	74	195	#
320	0.479858	49	59	94	195	#
321	0.545608	120	#
322	0.618005	60	120	196	#
323	0.618005	49	22	23	120	196	#
324	0.873337	22	23	72	197	#
325	0.873337	49	60	72	197	#
326	0.873337	22	23	120	36	42	27	197	#
327	0.873337	49	60	120	36	42	27	197	#
328	0.873337	22	23	120	35	117	197	#
329	0.671361	127	17	#
330	1.07871	59	92	3	52	198	#
331	1.07871	59	92	3	61	51	198	#
332	1.07871	59	60	20	107	34	52	198	#
333	1.07871	59	92	2	34	52	198	#
334	1.07871	59	60	20	107	34	61	51	198	#
335	0.93587	15	111	87	124	#
336	0.963078	118	67	43	32	17	199	#
337	0.963078	62	18	67	43	32	17	199	#
338	0.963078	118	67	43	32	24	16	199	#
339	0.963078	62	18	67	43	32	24	16	199	#
340	0.963078	31	73	67	43	32	17	199	#
341	0.930361	79	6	74	20	200	#
342	0.930361	79	6	74	21	23	200	#
343	0.930361	79	6	94	59	60	200	#
344	0.344909	31	44	201	#
345	0.344909	30	48	201	#
346	1.04236	121	26	202	#
347	1.04236	45	71	56	101	26	202	#
348	1.04236	40	41	71	56	101	26	202	#
349	1.04236	45	71	56	38	124	4	26	202	#
350	1.04236	40	41	71	56	38	124	4	26	202	#
351	0.827131	32	43	67	73	#
352	0.627518	120	23	22	203	#
353	0.627518	120	60	49	203	#
354	0.58895	19	18	48	204	#
355	0.58895	19	118	44	204	#
356	0.58895	19	18	62	44	204	#
357	0.992929	96	91	7	205	#
358	0.992929	52	80	37	205	#
359	0.992929	52	116	91	7	205	#
360	0.992929	51	61	80	37	205	#
361	0.992929	51	61	116	91	7	205	#
362	1.06662	75	41	206	#
363	1.06662	54	97	38	56	71	206	#
364	1.06662	54	105	36	56	71	206	#
365	1.06662	54	97	35	36	56	71	206	#
366	1.06662	75	40	45	206	#
367	0.316927	48	207	#
368	0.316927	44	62	207	#
369	0.836276	24	32	28	117	97	208	#
370	0.836276	16	17	32	28	117	97	208	#
371	0.836276	16	127	47	208	#
372	0.836276	16	127	46	54	208	#
373	0.841704	9	126	209	#
374	0.841704	29	10	126	209	#
375	0.841704	9	69	19	45	8	209	#
376	0.841704	29	106	41	8	209	#
377	0.841704	9	69	19	40	41	8	209	#
378	0.65367	34	113	210	#
379	0.65367	116	117	124	4	210	#
380	0.65367	43	28	117	124	4	210	#
381	0.65367	116	27	42	101	210	#
382	0.65367	116	27	42	38	124	4	210	#
383	1.00553	61	34	107	20	211	#
384	1.00553	51	52	34	107	20	211	#
385	1.00553	61	116	72	211	#
386	1.00553	61	43	28	72	211	#
387	1.00553	61	3	2	107	20	211	#
388	0.434935	20	74	212	#
389	0.434935	23	21	74	212	#
390	0.438551	74	6	#
391	1.09246	122	1	0	213	#
392	1.09246	115	50	1	0	213	#
393	1.09246	18	69	10	50	1	0	213	#
394	1.09246	18	69	9	53	1	0	213	#
395	1.09246	18	69	9	29	50	1	0	213	#
396	0.187509	6	#
397	0.127466	32	24	214	#
398	0.127466	32	17	16	214	#
399	0.737061	17	127	215	#
400	0.737061	24	16	127	215	#
401	0.737061	17	12	57	58	65	215	#
402	0.737061	24	11	57	58	65	215	#
403	0.737061	17	16	11	57	58	65	215	#
404	0.652817	12	57	58	33	4	216	#
405	0.652817	16	11	57	58	33	4	216	#
406	0.652817	12	57	58	13	5	4	216	#
407	0.652817	16	11	57	58	13	5	4	216	#
408	0.652817	17	32	28	117	124	4	216	#
409	1.09471	63	217	#
410	1.09471	26	4	124	87	111	15	217	#
411	0.953684	90	46	#
412	0.730197	43	70	218	#
413	0.730197	116	117	87	218	#
414	0.730197	43	28	117	87	218	#
415	0.730197	43	100	9	218	#
416	0.730197	116	27	42	38	87	218	#
417	1.07816	24	32	28	72	60	59	219	#
418	1.07816	16	17	32	28	72	60	59	219	#
419	1.07816	24	32	28	27	42	36	104	219	#
420	1.07816	16	17	32	28	27	42	36	104	219	#
421	1.07816	24	32	28	27	42	36	120	60	59	219	#
422	0.888496	64	1	0	220	#
423	0.888496	42	36	84	1	0	220	#
424	0.698895	45	71	56	38	221	#
425	0.698895	40	41	71	56	38	221	#
426	0.745627	96	117	124	222	#
427	0.745627	52	116	117	124	222	#
428	0.745627	51	61	116	117	124	222	#
429	0.745627	52	43	28	117	124	222	#
430	0.745627	51	61	43	28	117	124	222	#
431	0.803538	120	36	223	#
432	0.803538	120	35	38	223	#
433	0.803538	60	59	104	36	223	#
434	0.920499	107	21	224	#
435	0.920499	2	66	224	#
436	0.920499	107	20	23	224	#
437	0.920499	2	92	60	23	224	#
438	0.920499	107	20	60	49	22	224	#
439	0.652673	5	124	76	#
440	0.927835	3	92	225	#
441	0.927835	34	107	20	60	225	#
442	0.927835	34	2	92	225	#
443	0.927835	116	72	60	225	#
444	0.927835	43	28	72	60	225	#
445	1.03316	23	72	28	32	24	226	#
446	1.03316	23	72	28	32	17	16	226	#
447	1.03316	23	120	36	42	27	28	32	24	226	#
448	1.03316	23	120	36	42	27	28	32	17	16	226	#
449	1.03316	21	107	34	43	32	24	226	#
450	0.91171	107	20	60	227	#
451	0.91171	2	92	227	#
452	0.91171	107	21	23	60	227	#
453	0.91171	107	21	22	49	227	#
454	0.91171	2	66	23	60	227	#
455	0.864952	124	35	104	228	#
456	0.864952	124	35	120	60	59	228	#
457	0.359734	17	12	57	229	#
458	0.359734	24	11	57	229	#
459	0.359734	17	16	11	57	229	#
460	0.359734	32	83	229	#
461	0.359734	24	16	12	57	229	#
462	0.809563	26	113	34	230	#
463	0.809563	26	4	124	117	116	230	#
464	0.809563	26	4	124	117	28	43	230	#
465	0.809563	26	101	42	27	116	230	#
466	0.809563	26	4	124	38	42	27	116	230	#
467	1.13619	4	95	31	231	#
468	1.13619	124	87	69	118	231	#
469	1.13619	124	87	69	18	62	231	#
470	1.13619	124	87	69	73	31	231	#
471	1.13619	4	95	30	62	231	#
472	0.296398	124	35	#
473	0.892392	12	17	32	43	67	232	#
474	0.892392	11	24	32	43	67	232	#
475	0.892392	11	16	17	32	43	67	232	#
476	0.892392	12	16	24	32	43	67	232	#
477	0.892392	12	123	45	19	232	#
478	0.348415	118	233	#
479	0.348415	62	18	233	#
480	0.348415	31	73	233	#
481	0.925424	28	72	234	#
482	0.925424	28	27	42	36	120	234	#
483	0.925424	28	117	35	120	234	#
484	0.925424	43	34	107	20	234	#
485	0.925424	28	27	42	38	35	120	234	#
486	1.14494	39	22	21	74	6	79	31	235	#
487	1.14494	39	22	23	20	74	6	79	31	235	#
488	1.14494	39	49	60	20	74	6	79	31	235	#
489	1.14494	39	49	59	94	6	79	31	235	#
490	0.613653	123	41	236	#
491	0.613653	17	32	78	41	236	#
492	0.942447	82	#
493	1.02158	15	80	61	237	#
494	1.02158	15	80	52	51	237	#
495	1.02158	109	91	116	61	237	#
496	1.02158	109	91	28	43	61	237	#
497	1.02158	109	91	96	51	237	#
498	0.249031	61	43	32	#
499	0.766864	98	238	#
500	0.766864	118	69	9	238	#
501	0.766864	62	18	69	9	238	#
502	0.766864	62	115	29	238	#
503	0.498313	102	2	239	#
504	0.498313	83	43	3	239	#
505	0.498313	83	43	34	2	239	#
506	0.498313	57	12	17	32	43	3	239	#
507	0.498313	57	11	24	32	43	3	239	#
508	0.29653	13	58	#
509	0.246781	124	#
510	1.4353	54	99	44	240	#
511	1.4353	54	25	63	79	44	240	#
512	1.4353	54	97	87	69	18	48	240	#
513	1.4353	54	97	87	69	118	44	240	#
514	0.987007	26	121	#
515	0.906863	54	25	26	113	241	#
516	0.906863	54	97	38	56	55	2	241	#
517	0.906863	54	97	117	116	34	241	#
518	0.906863	46	65	58	102	241	#
519	0.906863	54	97	117	28	43	34	241	#
520	0.717449	26	4	124	87	242	#
521	0.717449	25	97	87	242	#
522	0.927835	3	92	243	#
523	0.927835	34	107	20	60	243	#
524	0.927835	34	2	92	243	#
525	0.927835	116	72	60	243	#
526	0.927835	43	28	72	60	243	#
527	0.857543	67	18	244	#
528	0.857543	67	73	30	244	#
529	0.857543	61	114	40	19	18	244	#
530	0.988439	3	92	59	245	#
531	0.988439	34	107	20	60	59	245	#
532	0.988439	34	2	92	59	245	#
533	0.988439	116	72	60	59	245	#
534	0.988439	34	107	21	110	245	#
535	1.05504	97	87	111	246	#
536	1.05504	25	63	15	246	#
537	1.05504	105	35	87	111	246	#
538	1.05504	25	26	4	124	87	111	246	#
539	0.158299	10	247	#
540	0.158299	29	9	247	#
541	0.465241	88	#
542	0.712315	50	10	69	248	#
543	0.712315	53	9	69	248	#
544	0.712315	50	29	9	69	248	#
545	0.712315	53	29	10	69	248	#
546	0.28816	124	35	#
547	0.0696432	41	#
548	0.790847	56	36	120	23	#
549	1.04083	17	32	28	72	60	59	#
550	0.662348	37	79	44	249	#
551	0.662348	14	15	79	44	249	#
552	0.805728	88	38	250	#
553	0.805728	88	36	35	250	#
554	0.805728	8	71	56	38	250	#
555	0.805728	8	71	56	36	35	250	#
556	0.771943	107	#
557	0.652817	12	57	58	33	4	251	#
558	0.652817	16	11	57	58	33	4	251	#
559	0.652817	12	57	58	13	5	4	251	#
560	0.652817	16	11	57	58	13	5	4	251	#
561	0.652817	17	32	28	117	124	4	251	#
562	0.777934	98	252	#
563	0.777934	118	69	9	252	#
564	0.777934	62	18	69	9	252	#
565	0.777934	62	115	29	252	#
566	0.777934	31	73	69	9	252	#
567	1.1198	22	23	72	28	32	17	12	253	#
568	1.1198	22	23	72	28	32	24	11	253	#
569	1.1198	22	23	72	28	32	17	16	11	253	#
570	1.1198	49	60	72	28	32	17	12	253	#
571	1.1198	49	60	72	28	32	24	11	253	#
572	0.985823	48	18	67	34	254	#
573	0.985823	44	118	67	34	254	#
574	0.985823	44	62	18	67	34	254	#
575	0.985823	48	18	67	3	2	254	#
576	0.985823	44	118	67	3	2	254	#
577	0.660353	127	#
578	0.375949	87	38	#
579	0.917247	60	120	36	56	255	#
580	0.917247	60	120	35	38	56	255	#
581	0.917247	49	22	23	120	36	56	255	#
582	0.917247	59	104	36	56	255	#
583	0.916615	21	107	34	256	#
584	0.916615	66	3	256	#
585	0.916615	66	2	34	256	#
586	0.916615	23	20	107	34	256	#
587	0.916615	23	72	116	256	#
588	0.882436	120	36	42	257	#
589	0.882436	120	35	38	42	257	#
590	0.882436	72	27	257	#
591	0.882436	60	59	104	36	42	257	#
592	0.882436	120	35	117	27	257	#
593	0.605751	87	111	#
594	0.639422	45	78	32	258	#
595	0.639422	40	41	78	32	258	#
596	0.639422	40	114	61	43	32	258	#
597	0.639422	45	123	17	258	#
598	0.639422	40	41	123	17	258	#
599	0.629231	104	259	#
600	0.629231	59	60	120	259	#
601	0.396109	38	87	#
602	0.273251	93	#
603	1.03052	97	38	56	71	260	#
604	1.03052	105	36	56	71	260	#
605	1.03052	97	35	36	56	71	260	#
606	1.03052	97	38	88	8	260	#
607	1.03052	105	35	38	56	71	260	#
608	0.916615	21	107	34	261	#
609	0.916615	66	3	261	#
610	0.916615	66	2	34	261	#
611	0.916615	23	20	107	34	261	#
612	0.916615	23	72	116	261	#
613	0.190877	58	#
614	1.06852	111	87	124	33	262	#
615	1.06852	111	87	124	5	13	262	#
616	1.15859	31	95	263	#
617	1.15859	118	69	87	124	4	263	#
618	1.15859	62	18	69	87	124	4	263	#
619	1.15859	62	30	95	263	#
620	1.15859	31	73	69	87	124	4	263	#
621	0.254709	27	116	#
622	0.200165	38	42	#
623	0.384298	117	264	#
624	0.384298	27	42	38	264	#
625	0.384298	27	42	36	35	264	#
626	0.756701	61	34	113	265	#
627	0.756701	61	116	117	124	4	265	#
628	0.756701	61	43	28	117	124	4	265	#
629	0.756701	51	52	34	113	265	#
630	0.756701	61	116	27	42	101	265	#
631	0.151133	32	28	#
632	0.51608	114	51	#
633	0.971679	107	21	22	39	266	#
634	0.971679	2	66	22	39	266	#
635	0.971679	107	20	23	22	39	266	#
636	0.971679	107	20	60	49	39	266	#
637	0.971679	2	92	49	39	266	#
638	0.998352	118	67	43	32	267	#
639	0.998352	62	18	67	43	32	267	#
640	0.998352	31	73	67	43	32	267	#
641	0.998352	31	30	18	67	43	32	267	#
642	0.998352	118	19	45	78	32	267	#
643	0.43884	57	58	13	#
644	0.971883	28	72	23	22	268	#
645	0.971883	28	72	60	49	268	#
646	0.971883	28	27	42	36	120	23	22	268	#
647	0.971883	28	27	42	36	120	60	49	268	#
648	0.971883	43	34	107	21	22	268	#
649	1.02072	61	34	107	21	269	#
650	1.02072	61	3	66	269	#
651	1.02072	61	34	2	66	269	#
652	1.02072	61	34	107	20	23	269	#
653	1.02072	51	52	34	107	21	269	#
654	0.207065	1	#
655	0.891553	66	270	#
656	0.891553	2	107	21	270	#
657	0.891553	2	107	20	23	270	#
658	0.891553	92	60	23	270	#
659	0.891553	92	49	22	270	#
660	1.13913	61	34	107	21	22	39	271	#
661	1.13913	61	3	66	22	39	271	#
662	1.13913	61	34	2	66	22	39	271	#
663	1.13913	61	34	107	20	23	22	39	271	#
664	1.13913	61	3	92	49	39	271	#
665	0.646743	120	35	#
666	1.14966	52	34	107	21	22	39	272	#
667	1.14966	51	61	34	107	21	22	39	272	#
668	1.14966	52	3	66	22	39	272	#
669	1.14966	51	61	3	66	22	39	272	#
670	1.14966	52	34	2	66	22	39	272	#
671	0.728861	120	23	22	273	#
672	0.728861	120	60	49	273	#
673	0.728861	104	59	49	273	#
674	0.728861	120	20	21	22	273	#
675	0.728861	104	110	22	273	#
676	0.320736	116	61	274	#
677	0.320736	28	43	61	274	#
678	0.320736	96	51	274	#
679	0.320736	116	52	51	274	#
680	0.320736	28	43	52	51	274	#
681	1.32824	99	54	275	#
682	1.32824	79	63	25	54	275	#
683	1.32824	118	69	87	97	54	275	#
684	1.32824	62	18	69	87	97	54	275	#
685	1.32824	31	95	26	25	54	275	#
686	0.219702	55	2	#
687	0.676416	104	35	276	#
688	0.676416	59	60	120	35	276	#
689	0.466359	94	277	#
690	0.466359	74	20	60	59	277	#
691	0.728265	45	71	56	42	278	#
692	0.728265	40	41	71	56	42	278	#
693	0.728265	45	78	28	27	278	#
694	0.728265	40	41	78	28	27	278	#
695	0.303885	96	279	#
696	0.303885	52	116	279	#
697	0.303885	51	61	116	279	#
698	0.303885	52	43	28	279	#
699	0.303885	51	61	43	28	279	#
700	0.129075	42	#
701	1.01343	52	3	92	280	#
702	1.01343	51	61	3	92	280	#
703	1.01343	52	34	107	20	60	280	#
704	1.01343	52	34	2	92	280	#
705	1.01343	51	61	34	107	20	60	280	#
706	0.941421	67	118	281	#
707	0.941421	67	18	62	281	#
708	0.941421	67	73	31	281	#
709	0.941421	67	18	30	31	281	#
710	0.941421	67	73	30	62	281	#
711	0.333594	76	#
712	0.452904	55	56	36	#
713	0.80641	97	117	28	282	#
714	0.80641	97	38	42	27	28	282	#
715	0.80641	105	36	42	27	28	282	#
716	0.80641	97	35	36	42	27	28	282	#
717	0.80641	105	35	117	28	282	#
718	1.07343	46	119	39	22	#
719	1.0075	111	87	124	5	283	#
720	1.0075	111	87	124	33	13	283	#
721	0.613981	116	117	124	284	#
722	0.613981	43	28	117	124	284	#
723	1.22596	0	1	50	10	126	285	#
724	1.22596	0	1	53	9	126	285	#
725	1.22596	0	1	50	29	9	126	285	#
726	1.22596	0	1	84	36	88	285	#
727	1.22596	0	1	53	29	10	126	285	#
728	0.758407	85	12	286	#
729	0.758407	85	16	11	286	#
730	0.758407	100	32	17	12	286	#
731	0.758407	100	32	24	11	286	#
732	0.758407	100	32	17	16	11	286	#
733	1.06602	39	22	23	72	28	287	#
734	1.06602	39	49	60	72	28	287	#
735	1.06602	39	22	23	120	36	42	27	28	287	#
736	1.06602	39	49	60	120	36	42	27	28	287	#
737	1.06602	39	22	21	107	34	43	287	#
738	0.580387	68	43	288	#
739	0.580387	13	125	43	288	#
740	0.580387	77	34	288	#
741	0.910604	52	34	113	26	289	#
742	0.910604	51	61	34	113	26	289	#
743	0.910604	96	117	124	4	26	289	#
744	0.910604	52	116	117	124	4	26	289	#
745	0.910604	51	61	116	117	124	4	26	289	#
746	0.127075	46	#
747	0.706299	35	120	60	290	#
748	0.706299	35	120	23	22	49	290	#
749	0.706299	35	104	59	290	#
750	0.706299	38	36	120	60	290	#
751	0.646269	45	123	291	#
752	0.646269	45	78	32	17	291	#
753	0.646269	40	41	123	291	#
754	0.646269	40	41	78	32	17	291	#
755	0.646269	45	78	32	24	16	291	#
756	0.946865	1	64	27	116	292	#
757	0.946865	1	53	100	43	292	#
758	0.946865	1	50	29	100	43	292	#
759	0.946865	1	76	117	116	292	#
760	0.946865	1	84	36	42	27	116	292	#
761	0.124287	27	#
762	1.03554	54	97	87	111	#
763	0.699462	97	117	293	#
764	0.699462	97	38	42	27	293	#
765	0.699462	105	36	42	27	293	#
766	0.699462	97	35	36	42	27	293	#
767	0.699462	105	35	117	293	#
768	0.415147	102	2	#
769	0.684406	97	117	294	#
770	0.684406	97	38	42	27	294	#
771	0.684406	105	36	42	27	294	#
772	0.684406	97	35	36	42	27	294	#
773	0.612348	127	#
774	0.147901	12	295	#
775	0.147901	11	16	295	#
776	0.351231	117	296	#
777	0.351231	27	42	38	296	#
778	0.351231	27	42	36	35	296	#
779	0.931386	92	297	#
780	0.931386	2	107	20	60	297	#
781	0.931386	66	23	60	297	#
782	0.931386	66	22	49	297	#
783	0.931386	2	107	21	23	60	297	#
784	0.489469	35	124	4	26	298	#
785	0.489469	105	25	298	#
786	0.489469	35	97	25	298	#
787	0.699462	117	97	299	#
788	0.699462	27	42	38	97	299	#
789	0.699462	27	42	36	105	299	#
790	0.699462	27	42	36	35	97	299	#
791	0.699462	117	35	105	299	#
792	0.628863	42	38	97	300	#
793	0.628863	42	36	105	300	#
794	0.628863	42	36	35	97	300	#
795	1.07871	52	3	92	59	301	#
796	1.07871	51	61	3	92	59	301	#
797	1.07871	52	34	107	20	60	59	301	#
798	1.07871	52	34	2	92	59	301	#
799	1.07871	51	61	34	107	20	60	59	301	#
800	0.315754	57	12	302	#
801	0.315754	57	11	16	302	#
802	0.898661	88	38	124	303	#
803	0.898661	88	101	4	303	#
804	0.898661	88	36	35	124	303	#
805	0.898661	8	71	56	38	124	303	#
806	0.141875	17	32	43	#
807	0.835353	70	43	61	304	#
808	0.835353	70	43	52	51	304	#
809	0.835353	87	117	116	61	304	#
810	0.835353	87	117	28	43	61	304	#
811	0.835353	9	100	43	61	304	#
812	0.990386	107	34	43	32	305	#
813	0.990386	107	2	3	43	32	305	#
814	0.990386	74	91	28	32	305	#
815	0.990386	20	72	28	32	305	#
816	0.990386	20	120	36	42	27	28	32	305	#
817	0.738411	45	71	56	36	306	#
818	0.738411	40	41	71	56	36	306	#
819	0.738411	45	71	56	38	35	306	#
820	0.738411	45	8	88	36	306	#
821	0.736192	9	69	18	307	#
822	0.736192	29	115	307	#
823	0.736192	29	10	69	18	307	#
824	0.736192	53	122	307	#
825	0.736192	29	50	122	307	#
826	0.838795	18	67	43	308	#
827	0.838795	18	19	45	78	308	#
828	0.935217	83	43	67	309	#
829	0.935217	57	12	17	32	43	67	309	#
830	0.935217	57	11	24	32	43	67	309	#
831	0.935217	57	11	16	17	32	43	67	309	#
832	0.935217	102	34	67	309	#
833	0.266756	32	43	61	310	#
834	0.266756	32	43	52	51	310	#
835	1.03124	56	36	84	1	0	311	#
836	1.03124	56	38	76	1	0	311	#
837	1.03124	56	38	35	84	1	0	311	#
838	1.03124	56	36	35	76	1	0	311	#
839	0.814736	3	67	18	312	#
840	0.814736	2	34	67	18	312	#
841	0.963896	71	45	19	18	48	313	#
842	0.963896	71	41	40	19	18	48	313	#
843	0.963896	71	45	19	118	44	313	#
844	0.963896	71	45	19	18	62	44	313	#
845	0.963896	71	41	40	19	118	44	313	#
846	0.146797	60	59	#
847	0.536394	6	79	#
848	0.564722	60	120	35	#
849	0.676591	68	43	52	314	#
850	0.676591	13	112	51	314	#
851	0.676591	13	125	43	52	314	#
852	0.676591	68	43	61	51	314	#
853	0.676591	13	125	43	61	51	314	#
854	0.784894	97	117	28	32	#
855	0.474081	102	315	#
856	0.474081	83	43	34	315	#
857	0.474081	57	12	17	32	43	34	315	#
858	0.474081	57	11	24	32	43	34	315	#
859	0.474081	57	11	16	17	32	43	34	315	#
860	0.84148	25	26	113	316	#
861	0.84148	97	38	56	55	2	316	#
862	0.84148	97	117	116	34	316	#
863	0.84148	97	117	28	43	34	316	#
864	0.84148	105	36	56	55	2	316	#
865	0.408909	58	33	4	317	#
866	0.408909	58	13	5	4	317	#
867	0.255582	55	2	#
868	0.0890181	41	#
869	0.185699	33	318	#
870	0.185699	13	5	318	#
871	0.71168	60	120	36	42	#
872	0.656068	97	87	#
873	0.521087	74	21	22	39	319	#
874	0.521087	74	20	23	22	39	319	#
875	0.521087	74	20	60	49	39	319	#
876	0.573199	101	56	320	#
877	0.573199	4	124	38	56	320	#
878	0.573199	4	124	35	36	56	320	#
879	0.246288	74	#
880	1.28012	48	18	67	43	83	321	#
881	1.28012	44	118	67	43	83	321	#
882	1.28012	44	62	18	67	43	83	321	#
883	1.28012	48	18	67	43	32	17	12	57	321	#
884	1.28012	48	18	67	43	32	24	11	57	321	#
885	0.571705	48	18	19	40	#
886	1.0858	95	322	#
887	1.0858	73	69	87	124	4	322	#
888	0.490989	4	33	58	323	#
889	0.490989	4	5	13	58	323	#
890	0.325563	31	44	#
891	0.469739	0	1	#
892	0.0683218	43	#
893	1.04428	41	71	56	38	97	324	#
894	1.04428	41	71	56	36	105	324	#
895	1.04428	75	54	324	#
896	1.04428	41	71	56	36	35	97	324	#
897	1.04428	40	45	71	56	38	97	324	#
898	0.996996	2	55	56	36	84	1	325	#
899	0.996996	34	116	27	64	1	325	#
900	0.996996	2	55	56	38	76	1	325	#
901	0.996996	34	43	100	53	1	325	#
902	0.996996	34	43	100	29	50	1	325	#
903	0.94127	85	53	1	326	#
904	0.94127	85	29	50	1	326	#
905	0.490665	18	19	45	327	#
906	0.490665	18	19	40	41	327	#
907	0.566581	78	41	328	#
908	0.566581	43	61	114	328	#
909	0.566581	78	45	40	328	#
910	1.14966	39	22	21	107	34	52	329	#
911	1.14966	39	22	21	107	34	61	51	329	#
912	1.14966	39	22	66	3	52	329	#
913	1.14966	39	22	66	3	61	51	329	#
914	1.14966	39	22	66	2	34	52	329	#
915	0.4268	58	33	330	#
916	0.4268	58	13	5	330	#
917	0.282936	27	28	#
918	0.259033	28	27	#
919	1.05509	33	124	76	1	0	331	#
920	1.05509	13	5	124	76	1	0	331	#
921	0.0253048	4	#
922	0.888728	109	91	28	332	#
923	0.888728	111	70	332	#
924	0.888728	14	7	91	28	332	#
925	0.888728	15	80	43	332	#
926	0.888728	15	6	91	28	332	#
927	0.828736	2	107	20	#
928	0.92551	73	67	43	32	24	333	#
929	0.92551	73	67	43	32	17	16	333	#
930	0.411356	101	334	#
931	0.411356	4	124	38	334	#
932	0.411356	4	124	35	36	334	#
933	1.25214	47	97	87	69	335	#
934	1.25214	46	54	97	87	69	335	#
935	1.25214	65	33	124	87	69	335	#
936	1.25214	127	17	32	43	67	335	#
937	1.25214	65	13	5	124	87	69	335	#
938	1.13155	69	10	50	1	0	336	#
939	1.13155	69	9	53	1	0	336	#
940	1.13155	69	9	29	50	1	0	336	#
941	1.13155	69	10	29	53	1	0	336	#
942	1.13155	18	122	1	0	336	#
943	0.701545	16	85	337	#
944	0.701545	24	32	100	337	#
945	0.701545	16	17	32	100	337	#
946	0.701545	24	17	85	337	#
947	0.910079	47	97	87	338	#
948	0.910079	46	54	97	87	338	#
949	0.910079	65	33	124	87	338	#
950	0.910079	65	13	5	124	87	338	#
951	0.910079	47	105	35	87	338	#
952	1.14326	85	53	1	0	339	#
953	1.14326	85	29	50	1	0	339	#
954	1.14326	17	32	100	53	1	0	339	#
955	1.14326	17	32	100	29	50	1	0	339	#
956	1.14326	17	32	28	27	64	1	0	339	#
957	0.742587	18	67	34	#
958	0.215444	47	340	#
959	0.215444	54	46	340	#
960	0.200679	37	341	#
961	0.200679	14	15	341	#
962	0.406537	61	43	32	17	12	342	#
963	0.406537	61	43	32	24	11	342	#
964	0.406537	61	43	32	17	16	11	342	#
965	0.56738	117	116	61	343	#
966	0.56738	117	28	43	61	343	#
967	0.56738	117	96	51	343	#
968	0.974848	17	32	28	72	344	#
969	0.974848	17	32	28	27	42	36	120	344	#
970	0.974848	16	24	32	28	72	344	#
971	0.974848	17	32	28	117	35	120	344	#
972	0.974848	17	32	43	34	107	20	344	#
973	0.998659	6	63	#
974	0.220989	109	#
975	0.350257	93	49	59	#
976	0.897135	5	124	38	88	#
977	0.453308	117	28	32	345	#
978	0.453308	38	42	27	28	32	345	#
979	1.04226	119	39	49	346	#
980	1.04226	54	105	120	60	346	#
981	1.04226	54	97	35	120	60	346	#
982	1.04226	54	103	93	49	346	#
983	1.04226	119	39	22	23	60	346	#
984	1.15745	63	25	347	#
985	1.15745	15	111	87	97	347	#
986	1.15745	37	14	111	87	97	347	#
987	1.15745	15	111	87	35	105	347	#
988	1.15745	15	111	87	124	4	26	25	347	#
989	0.78115	28	91	348	#
990	0.78115	43	116	91	348	#
991	1.01082	31	79	6	94	349	#
992	1.01082	31	79	6	74	20	60	59	349	#
993	1.07871	52	3	92	59	350	#
994	1.07871	51	61	3	92	59	350	#
995	1.07871	52	34	107	20	60	59	350	#
996	1.07871	52	34	2	92	59	350	#
997	1.07871	51	61	34	107	20	60	59	350	#
998	0.842153	26	113	2	351	#
999	0.842153	26	101	56	55	351	#
1000	0.842153	26	4	124	38	56	55	351	#
1001	0.842153	26	113	34	3	351	#
1002	0.842153	26	4	124	35	36	56	55	351	#
