%% File generated by CATS v.2.1Thu May  9 12:49:13 2024

%% The CATS webpage is http://robotics.stanford.edu/CATS

%% PARAMETER SETTINGS:
% Goods: 128; Bids: 1000; Distribution: paths; Runs: 1; Seed: 64
% Paths Distribution Parameters:
% Initial connections:       = 2
% Edge density:              = 3.000000
% Shipping cost factor:      = 1.500000
% Max bid set size:          = 5
% Building penalty:          = 1.700000



goods 128
bids 1000
dummy 551

0	0.751535	25	44	89	128	#
1	0.751535	24	48	89	128	#
2	0.751535	24	44	45	89	128	#
3	0.235879	0	42	56	#
4	0.567451	16	35	94	#
5	0.0423171	18	#
6	0.217827	38	39	129	#
7	0.217827	16	47	129	#
8	0.217827	16	17	39	129	#
9	0.165679	9	#
10	0.8845	34	42	56	78	121	130	#
11	0.8845	11	65	130	#
12	0.8845	34	42	49	56	60	78	130	#
13	0.8845	10	11	34	42	56	121	130	#
14	0.8845	10	11	34	42	49	56	60	130	#
15	0.969489	71	131	#
16	0.969489	4	34	49	52	54	78	131	#
17	0.969489	4	10	11	34	49	52	54	131	#
18	0.881394	55	107	132	#
19	0.881394	22	29	107	132	#
20	0.881394	21	29	30	107	132	#
21	0.881394	22	51	112	132	#
22	0.881394	21	30	51	112	132	#
23	0.882162	89	#
24	1.10547	6	32	109	133	#
25	1.10547	0	6	56	67	133	#
26	1.10547	1	6	32	56	67	133	#
27	1.10547	0	1	6	109	133	#
28	1.10547	32	91	95	133	#
29	0.341286	3	18	84	#
30	0.482364	16	126	#
31	0.848508	0	85	122	134	#
32	0.848508	1	32	85	122	134	#
33	1.05888	13	19	96	#
34	0.0860838	48	#
35	0.0693515	16	#
36	0.731077	12	38	61	108	135	#
37	0.731077	23	42	56	115	121	135	#
38	0.731077	12	42	56	100	121	135	#
39	0.267595	42	58	#
40	0.144831	0	56	#
41	0.822227	96	#
42	0.227058	36	55	136	#
43	0.227058	22	29	36	136	#
44	0.725329	21	23	105	115	137	#
45	0.725329	12	21	100	105	137	#
46	0.725329	2	21	23	82	105	137	#
47	0.725329	3	12	21	105	115	137	#
48	0.725329	12	21	43	82	105	137	#
49	1.09369	6	26	32	109	138	#
50	1.09369	0	6	26	56	67	138	#
51	0.896786	6	7	14	52	53	54	75	139	#
52	0.896786	6	7	14	26	51	52	53	54	139	#
53	0.896786	6	7	18	52	54	75	125	139	#
54	0.896786	6	7	18	26	51	52	54	125	139	#
55	0.896786	6	7	15	18	52	53	54	75	139	#
56	0.595395	84	115	140	#
57	0.595395	2	82	84	140	#
58	0.595395	14	34	53	78	140	#
59	0.595395	23	73	115	140	#
60	0.595395	3	84	100	140	#
61	0.911455	4	71	141	#
62	0.911455	34	49	52	54	78	141	#
63	0.911455	10	11	34	49	52	54	141	#
64	1.04169	102	108	142	#
65	1.04169	56	58	59	102	142	#
66	0.996294	28	69	143	#
67	0.996294	31	57	89	143	#
68	0.996294	27	42	69	143	#
69	0.996294	28	31	80	89	143	#
70	0.996294	4	5	27	60	89	143	#
71	0.243138	27	60	#
72	0.0849551	1	144	#
73	0.0849551	0	32	144	#
74	1.33026	8	35	40	45	85	101	#
75	0.852176	120	#
76	0.883353	119	145	#
77	0.883353	2	6	7	23	91	145	#
78	0.883353	6	7	26	98	145	#
79	0.883353	6	7	23	26	90	145	#
80	0.883353	6	7	12	43	91	145	#
81	0.998576	117	#
82	0.632423	21	32	36	122	146	#
83	0.632423	30	86	146	#
84	0.632423	21	22	86	146	#
85	0.632423	0	1	21	36	122	146	#
86	0.632423	29	30	32	66	146	#
87	0.881342	29	30	107	147	#
88	0.881342	21	55	107	147	#
89	0.881342	21	22	29	107	147	#
90	0.881342	30	51	112	147	#
91	0.881342	21	22	51	112	147	#
92	1.13084	0	28	52	56	99	148	#
93	1.13084	0	4	42	56	60	71	148	#
94	1.13084	0	17	106	108	148	#
95	1.13084	0	34	42	52	54	56	78	121	148	#
96	1.13084	1	28	32	52	56	99	148	#
97	1.0505	67	149	#
98	1.0505	1	56	109	149	#
99	1.0505	0	32	56	109	149	#
100	0.496184	34	38	39	50	#
101	0.540663	35	85	#
102	0.519979	108	150	#
103	0.519979	56	58	59	150	#
104	0.96346	67	#
105	1.00242	7	67	151	#
106	1.00242	1	56	74	151	#
107	1.00242	0	32	56	74	151	#
108	1.00242	58	117	151	#
109	1.00242	44	46	69	151	#
110	0.225781	36	55	152	#
111	0.225781	22	29	36	152	#
112	0.813559	17	51	106	153	#
113	0.813559	26	38	72	153	#
114	0.813559	16	17	26	72	153	#
115	0.813559	3	38	61	90	153	#
116	0.813559	2	39	90	127	153	#
117	0.869796	11	93	154	#
118	0.869796	31	34	78	103	154	#
119	0.869796	11	31	88	154	#
120	0.869796	4	5	31	34	49	78	154	#
121	0.869796	10	11	31	34	103	154	#
122	0.808973	8	35	38	39	94	155	#
123	0.808973	8	16	35	47	94	155	#
124	0.808973	8	16	17	35	39	94	155	#
125	0.808973	9	31	57	92	155	#
126	0.808973	9	38	39	50	103	155	#
127	0.59703	40	48	85	156	#
128	0.59703	40	44	45	85	156	#
129	0.922915	99	157	#
130	0.922915	27	34	54	78	121	157	#
131	0.922915	27	34	49	54	60	78	157	#
132	0.922915	10	11	27	34	54	121	157	#
133	0.922915	10	11	27	34	49	54	60	157	#
134	0.794288	38	72	158	#
135	0.794288	16	17	72	158	#
136	0.794288	39	91	127	158	#
137	0.794288	17	75	106	158	#
138	0.794288	17	26	51	106	158	#
139	1.27535	13	44	77	#
140	0.963391	9	110	184	#
141	0.93122	14	120	159	#
142	0.93122	34	53	78	105	159	#
143	0.93122	15	18	120	159	#
144	0.93122	10	11	34	53	105	159	#
145	0.93122	14	84	105	115	159	#
146	1.45665	31	44	89	101	160	#
147	1.45665	31	45	48	89	101	160	#
148	1.45665	1	56	80	81	160	#
149	1.45665	0	32	56	80	81	160	#
150	1.45665	24	25	31	48	89	101	160	#
151	1.19757	8	87	161	#
152	1.19757	5	8	9	83	161	#
153	1.19757	4	5	8	9	123	161	#
154	1.19757	8	13	97	161	#
155	1.19757	13	35	38	94	102	161	#
156	0.44472	126	#
157	0.83034	18	120	#
158	0.957516	18	64	162	#
159	0.957516	18	42	56	84	115	121	162	#
160	0.746659	47	118	163	#
161	0.746659	17	39	118	163	#
162	0.746659	30	116	163	#
163	0.746659	21	22	116	163	#
164	0.746659	30	38	39	50	105	163	#
165	0.545857	35	94	#
166	1.02486	7	28	67	#
167	1.06227	12	45	46	119	164	#
168	1.06227	12	24	62	119	164	#
169	1.06227	12	44	46	48	119	164	#
170	1.06227	12	24	25	46	119	164	#
171	1.06227	3	23	45	46	119	164	#
172	1.42842	20	81	165	#
173	1.42842	19	37	81	165	#
174	1.42842	43	63	95	165	#
175	1.42842	2	3	63	95	165	#
176	1.42842	1	19	64	70	165	#
177	1.02084	17	44	79	166	#
178	1.02084	39	44	47	79	166	#
179	1.02084	16	38	44	79	166	#
180	1.02084	17	45	48	79	166	#
181	1.02084	16	40	48	85	94	166	#
182	0.93122	14	120	167	#
183	0.93122	34	53	78	105	167	#
184	0.93122	15	18	120	167	#
185	0.93122	10	11	34	53	105	167	#
186	0.93122	14	84	105	115	167	#
187	0.729943	23	119	#
188	0.978748	82	91	121	168	#
189	0.978748	49	60	82	91	168	#
190	1.05775	19	38	39	61	63	#
191	0.940186	33	34	49	54	78	169	#
192	0.940186	49	68	115	169	#
193	0.940186	2	49	68	82	169	#
194	0.940186	10	11	33	34	49	54	169	#
195	0.940186	49	84	115	124	169	#
196	0.508049	10	16	34	50	#
197	1.01708	96	#
198	0.457797	34	38	50	#
199	0.896786	6	7	14	52	53	54	75	170	#
200	0.896786	6	7	14	26	51	52	53	54	170	#
201	0.896786	6	7	18	52	54	75	125	170	#
202	0.896786	6	7	18	26	51	52	54	125	170	#
203	0.896786	6	7	15	18	52	53	54	75	170	#
204	0.598699	2	18	84	127	#
205	0.172764	36	#
206	1.07575	5	13	31	83	171	#
207	1.07575	4	5	13	31	123	171	#
208	1.07575	58	59	80	102	171	#
209	1.07575	28	57	58	59	102	171	#
210	1.07575	39	57	92	102	171	#
211	0.518849	27	92	172	#
212	0.518849	39	42	58	59	172	#
213	1.08692	29	30	114	173	#
214	1.08692	21	55	114	173	#
215	1.08692	21	22	29	114	173	#
216	0.612147	29	86	174	#
217	0.612147	32	66	174	#
218	0.612147	0	1	66	174	#
219	0.612147	1	29	76	174	#
220	0.612147	0	29	32	76	174	#
221	0.733414	30	82	105	175	#
222	0.733414	21	22	82	105	175	#
223	0.733414	2	30	105	115	175	#
224	0.733414	21	29	55	82	105	175	#
225	0.733414	2	21	22	105	115	175	#
226	0.930068	28	99	176	#
227	0.930068	34	42	54	78	121	176	#
228	0.930068	34	42	49	54	60	78	176	#
229	0.930068	10	11	34	42	54	121	176	#
230	0.930068	27	42	99	176	#
231	0.756892	35	38	39	94	177	#
232	0.756892	16	35	47	94	177	#
233	0.756892	16	17	35	39	94	177	#
234	1.05531	12	62	119	178	#
235	1.05531	12	25	46	119	178	#
236	1.05531	12	24	45	46	119	178	#
237	1.05531	3	23	62	119	178	#
238	0.812802	2	90	127	179	#
239	0.812802	47	51	106	179	#
240	0.812802	17	39	51	106	179	#
241	0.812802	26	91	127	179	#
242	0.812802	26	38	39	72	179	#
243	1.03271	3	61	85	94	#
244	0.954686	20	40	45	101	180	#
245	0.954686	19	40	104	180	#
246	0.954686	20	25	41	101	180	#
247	0.954686	20	40	44	48	101	180	#
248	0.954686	19	37	40	45	101	180	#
249	0.106108	15	181	#
250	0.106108	14	18	181	#
251	0.603939	18	19	70	#
252	1.07124	44	46	119	182	#
253	1.07124	45	46	48	119	182	#
254	1.07124	25	44	62	119	182	#
255	1.07124	24	48	62	119	182	#
256	1.07124	24	44	45	62	119	182	#
257	0.751796	17	29	118	183	#
258	0.751796	36	38	55	94	183	#
259	0.751796	29	30	38	50	105	183	#
260	0.751796	22	29	36	38	94	183	#
261	0.751796	21	38	50	55	105	183	#
262	0.111864	56	#
263	0.963391	5	51	71	184	#
264	0.791883	45	101	185	#
265	0.791883	44	48	101	185	#
266	0.791883	24	25	101	185	#
267	1.25015	63	100	121	186	#
268	1.25015	3	63	115	121	186	#
269	1.25015	49	60	63	100	186	#
270	1.25015	43	63	82	121	186	#
271	1.25015	2	3	63	82	121	186	#
272	1.32996	31	44	89	101	#
273	0.937353	73	111	188	#
274	0.621953	10	34	42	121	#
275	0.55078	3	18	61	84	187	#
276	0.55078	12	18	61	73	187	#
277	0.55078	15	16	126	187	#
278	0.55078	14	16	18	126	187	#
279	0.55078	12	18	23	61	84	187	#
280	0.258331	46	#
281	0.937353	12	20	63	188	#
282	0.824819	27	34	78	121	189	#
283	0.824819	27	34	49	60	78	189	#
284	0.824819	10	11	27	34	121	189	#
285	0.824819	10	11	27	34	49	60	189	#
286	0.824819	28	34	42	78	121	189	#
287	0.887906	38	50	102	190	#
288	0.887906	16	17	50	102	190	#
289	0.887906	34	113	190	#
290	0.982625	56	69	48	191	#
291	0.982625	0	122	85	40	191	#
292	0.982625	56	69	44	45	191	#
293	0.982625	1	32	122	85	40	191	#
294	0.982625	0	122	85	41	24	191	#
295	0.0740212	27	#
296	1.14597	32	109	6	26	192	#
297	1.14597	0	56	67	6	26	192	#
298	1.14597	32	1	56	67	6	26	192	#
299	1.14597	0	1	109	6	26	192	#
300	1.14597	32	95	2	90	192	#
301	1.01801	60	123	13	193	#
302	1.01801	42	58	59	102	193	#
303	1.01801	27	28	58	59	102	193	#
304	1.01801	27	92	39	102	193	#
305	1.01801	121	50	38	102	193	#
306	1.25892	81	1	56	194	#
307	1.25892	81	32	0	56	194	#
308	0.873697	18	120	#
309	0.465461	82	49	4	#
310	0.393623	52	54	53	#
311	0.0904794	30	195	#
312	0.0904794	22	21	195	#
313	0.532777	70	#
314	0.655779	56	42	121	82	196	#
315	0.655779	56	42	60	49	82	196	#
316	0.88422	117	#
317	0.975627	64	18	197	#
318	0.975627	56	42	121	115	84	18	197	#
319	0.975627	56	42	121	82	2	84	18	197	#
320	0.975627	56	42	60	49	115	84	18	197	#
321	0.975627	108	17	126	15	197	#
322	0.868473	18	64	#
323	0.630879	100	121	27	198	#
324	0.630879	3	115	121	27	198	#
325	0.630879	100	49	60	27	198	#
326	0.630879	43	82	121	27	198	#
327	0.630879	3	2	82	121	27	198	#
328	0.433398	115	49	199	#
329	0.433398	2	82	49	199	#
330	0.784245	26	6	7	46	45	40	200	#
331	0.784245	26	6	7	62	41	200	#
332	0.784245	26	6	7	62	24	40	200	#
333	0.784245	26	6	7	46	25	41	200	#
334	0.784245	26	6	7	46	44	48	40	200	#
335	0.526864	78	34	201	#
336	0.526864	11	10	34	201	#
337	0.532179	10	34	49	4	#
338	1.2244	33	52	51	110	202	#
339	1.2244	33	54	78	34	103	9	202	#
340	1.2244	33	54	11	88	9	202	#
341	1.2244	68	115	103	9	202	#
342	1.2244	33	54	78	34	49	4	5	9	202	#
343	1.04455	44	46	119	203	#
344	1.04455	48	45	46	119	203	#
345	1.04455	44	25	62	119	203	#
346	1.36383	103	100	63	19	204	#
347	1.36383	103	115	84	70	204	#
348	1.36383	5	4	49	100	63	19	204	#
349	1.36383	5	4	49	115	84	70	204	#
350	1.36383	103	115	3	63	19	204	#
351	0.692007	1	56	42	121	34	205	#
352	0.692007	32	0	56	42	121	34	205	#
353	0.692007	1	56	42	60	49	34	205	#
354	0.692007	32	0	56	42	60	49	34	205	#
355	0.692007	1	56	28	27	121	34	205	#
356	0.779103	0	65	206	#
357	0.779103	0	56	42	121	34	10	206	#
358	0.779103	0	56	42	60	49	34	10	206	#
359	0.779103	32	1	65	206	#
360	0.779103	32	1	56	42	121	34	10	206	#
361	0.728518	23	2	95	#
362	0.13401	43	207	#
363	0.13401	2	3	207	#
364	0.81762	45	101	208	#
365	0.81762	48	44	101	208	#
366	0.81762	24	25	101	208	#
367	0.378252	34	49	#
368	0.926014	123	60	#
369	1.05649	13	83	209	#
370	1.05649	13	123	4	209	#
371	1.05649	102	38	50	49	4	209	#
372	1.05649	102	17	16	50	49	4	209	#
373	1.05649	113	34	49	4	209	#
374	1.11025	114	29	30	210	#
375	1.11025	114	55	21	210	#
376	1.11025	114	29	22	21	210	#
377	0.746659	118	47	211	#
378	0.746659	118	17	39	211	#
379	0.746659	30	116	211	#
380	0.746659	22	21	116	211	#
381	0.746659	30	105	50	38	39	211	#
382	1.01274	69	56	1	212	#
383	1.01274	69	56	0	32	212	#
384	1.01274	48	40	85	122	32	212	#
385	1.01274	44	45	40	85	122	32	212	#
386	1.01274	89	31	80	56	1	212	#
387	1.12499	52	99	28	56	0	213	#
388	1.12499	71	4	60	42	56	0	213	#
389	1.12499	106	17	108	0	213	#
390	0.622792	1	108	17	214	#
391	0.622792	32	0	108	17	214	#
392	0.622792	1	56	58	59	17	214	#
393	0.622792	32	0	56	58	59	17	214	#
394	0.66388	94	38	39	215	#
395	0.66388	94	16	47	215	#
396	0.66388	94	16	17	39	215	#
397	0.688831	6	7	46	45	216	#
398	0.688831	6	7	62	24	216	#
399	0.688831	6	7	46	44	48	216	#
400	0.688831	6	7	46	25	24	216	#
401	0.688831	6	7	62	25	45	216	#
402	0.890852	42	121	34	78	53	217	#
403	0.890852	58	59	17	126	217	#
404	0.890852	42	60	49	34	78	53	217	#
405	0.890852	42	121	34	10	11	53	217	#
406	0.828505	106	218	#
407	0.828505	126	53	54	52	218	#
408	0.828505	16	72	75	218	#
409	0.828505	16	72	26	51	218	#
410	1.0527	5	71	51	219	#
411	1.0527	9	110	219	#
412	1.0527	5	71	75	26	219	#
413	0.204003	45	40	#
414	1.25878	121	100	63	19	220	#
415	1.25878	121	115	84	70	220	#
416	1.12987	39	79	221	#
417	1.12987	47	17	79	221	#
418	1.12987	47	16	38	79	221	#
419	1.12987	39	38	94	85	40	45	221	#
420	1.12987	47	16	94	85	40	45	221	#
421	0.330601	2	84	#
422	0.580921	121	115	23	222	#
423	0.580921	121	100	12	222	#
424	0.580921	121	82	2	23	222	#
425	0.580921	60	49	115	23	222	#
426	0.580921	121	115	3	12	222	#
427	1.05445	67	56	223	#
428	1.05445	109	1	223	#
429	1.05445	109	32	0	223	#
430	1.05445	7	74	1	223	#
431	1.05445	7	74	32	0	223	#
432	1.34875	70	64	224	#
433	1.34875	37	81	1	224	#
434	1.34875	19	20	81	1	224	#
435	1.34875	37	81	32	0	224	#
436	1.34875	19	20	81	32	0	224	#
437	0.969471	60	4	71	225	#
438	0.969471	121	34	78	54	52	225	#
439	0.969471	60	49	34	78	54	52	225	#
440	0.969471	121	34	10	11	54	52	225	#
441	0.969471	27	99	52	225	#
442	0.688239	101	#
443	0.307642	52	54	#
444	1.1737	19	96	226	#
445	1.1737	20	37	96	226	#
446	0.368496	18	124	#
447	0.306368	54	33	#
448	0.874226	52	75	6	7	46	45	227	#
449	0.874226	52	51	26	6	7	46	45	227	#
450	0.874226	52	75	6	7	62	24	227	#
451	0.874226	52	51	26	6	7	62	24	227	#
452	0.874226	52	75	6	7	46	44	48	227	#
453	0.595404	59	58	80	228	#
454	0.595404	59	58	28	57	228	#
455	0.595404	39	92	57	228	#
456	0.631938	15	126	17	229	#
457	0.631938	18	14	126	17	229	#
458	0.631938	18	84	3	61	38	229	#
459	0.631938	18	84	2	127	39	229	#
460	0.631938	18	73	12	61	38	229	#
461	0.783984	8	35	94	38	230	#
462	0.783984	8	35	94	16	17	230	#
463	0.783984	9	103	50	38	230	#
464	0.783984	9	5	4	49	50	38	230	#
465	0.783984	9	31	80	58	59	230	#
466	0.0268494	21	#
467	0.998239	38	94	85	231	#
468	0.998239	17	16	94	85	231	#
469	0.998239	79	45	40	231	#
470	0.998239	39	47	16	94	85	231	#
471	0.166346	36	21	#
472	1.30556	13	77	44	232	#
473	1.30556	13	77	45	48	232	#
474	1.30556	13	77	25	24	48	232	#
475	0.785178	23	115	105	30	29	233	#
476	0.785178	12	100	105	30	29	233	#
477	0.785178	23	115	105	21	55	233	#
478	0.785178	23	2	82	105	30	29	233	#
479	0.785178	23	115	105	21	22	29	233	#
480	1.17867	105	50	38	102	234	#
481	1.17867	21	36	94	38	102	234	#
482	1.17867	105	50	16	17	102	234	#
483	1.17867	21	36	94	16	17	102	234	#
484	1.17867	116	39	102	234	#
485	0.0248845	32	#
486	1.09336	46	44	89	31	235	#
487	1.09336	46	45	48	89	31	235	#
488	1.09336	62	25	44	89	31	235	#
489	1.09336	62	24	48	89	31	235	#
490	1.09336	62	24	45	44	89	31	235	#
491	0.788535	101	44	236	#
492	0.788535	101	45	48	236	#
493	0.788535	101	25	24	48	236	#
494	1.04455	28	67	7	#
495	0.724867	61	38	108	0	#
496	0.0290322	32	#
497	0.93405	122	85	#
498	1.24484	77	13	#
499	0.530082	0	108	237	#
500	0.530082	32	1	108	237	#
501	0.530082	0	56	58	59	237	#
502	1.34233	103	100	63	238	#
503	1.34233	5	4	49	100	63	238	#
504	1.34233	103	115	3	63	238	#
505	1.34233	5	4	49	115	3	63	238	#
506	1.34233	103	82	43	63	238	#
507	0.54252	115	121	239	#
508	0.54252	2	82	121	239	#
509	0.54252	115	49	60	239	#
510	0.54252	2	82	49	60	239	#
511	0.707265	105	115	23	240	#
512	0.707265	105	100	12	240	#
513	0.707265	105	82	2	23	240	#
514	0.707265	105	115	3	12	240	#
515	0.707265	105	82	43	12	240	#
516	0.347821	84	241	#
517	0.347821	73	23	241	#
518	0.254796	40	48	242	#
519	0.254796	40	45	44	242	#
520	0.254796	41	25	44	242	#
521	0.976315	0	56	69	44	243	#
522	0.976315	122	85	40	45	243	#
523	0.976315	32	1	56	69	44	243	#
524	0.976315	122	85	41	25	243	#
525	0.976315	122	85	40	48	44	243	#
526	0.526444	94	#
527	0.525049	126	17	#
528	0.244506	55	36	244	#
529	0.244506	29	22	36	244	#
530	0.244506	29	30	21	36	244	#
531	0.974449	45	46	119	#
532	0.774441	71	#
533	0.10444	53	#
534	0.80934	42	121	34	78	245	#
535	0.80934	42	60	49	34	78	245	#
536	0.80934	42	121	34	10	11	245	#
537	0.80934	42	60	49	34	10	11	245	#
538	0.80934	28	27	121	34	78	245	#
539	0.596949	34	121	27	246	#
540	0.596949	34	49	60	27	246	#
541	0.596949	34	121	42	28	246	#
542	0.596949	34	49	60	42	28	246	#
543	0.648212	18	111	#
544	1.1248	52	51	110	8	247	#
545	1.1248	54	78	34	103	9	8	247	#
546	1.1248	54	11	88	9	8	247	#
547	1.1248	54	78	34	49	4	5	9	8	247	#
548	0.937497	99	52	#
549	0.183776	34	#
550	0.784678	106	51	248	#
551	0.784678	16	72	26	248	#
552	0.784678	16	61	3	90	248	#
553	0.784678	106	75	26	248	#
554	0.784678	16	61	12	98	248	#
555	0.110908	53	#
556	1.18401	94	38	102	249	#
557	1.18401	94	16	17	102	249	#
558	1.18401	94	16	47	39	102	249	#
559	0.813499	12	61	94	35	250	#
560	0.813499	23	3	61	94	35	250	#
561	0.739655	30	105	115	251	#
562	0.739655	30	105	82	2	251	#
563	0.739655	22	21	105	115	251	#
564	0.739655	22	21	105	82	2	251	#
565	1.10489	0	56	28	99	52	252	#
566	1.10489	0	56	42	60	4	71	252	#
567	1.10489	0	108	17	106	252	#
568	0.980424	0	64	18	253	#
569	0.980424	32	1	64	18	253	#
570	0.980424	32	95	2	84	18	253	#
571	0.715376	61	38	108	254	#
572	0.715376	100	121	42	56	254	#
573	0.715376	61	16	17	108	254	#
574	0.715376	3	115	121	42	56	254	#
575	0.715376	100	49	60	42	56	254	#
576	0.651148	1	108	255	#
577	0.651148	32	0	108	255	#
578	0.651148	1	56	58	59	255	#
579	0.651148	32	0	56	58	59	255	#
580	1.14597	26	6	109	32	256	#
581	1.14597	26	6	67	56	0	256	#
582	1.14597	26	6	67	56	1	32	256	#
583	1.14597	26	6	109	1	0	256	#
584	1.14597	90	2	95	32	256	#
585	0.079916	30	#
586	0.72779	56	42	121	34	257	#
587	0.72779	56	42	60	49	34	257	#
588	0.72779	56	28	27	121	34	257	#
589	0.72779	56	28	27	60	49	34	257	#
590	0.57215	39	108	258	#
591	0.57215	39	59	58	56	258	#
592	0.57215	92	28	56	258	#
593	0.528675	84	115	259	#
594	0.528675	84	2	82	259	#
595	0.373046	31	5	4	260	#
596	0.373046	57	27	60	260	#
597	0.698054	100	105	21	261	#
598	0.698054	3	115	105	21	261	#
599	0.698054	43	82	105	21	261	#
600	0.698054	3	2	82	105	21	261	#
601	0.698054	61	94	36	261	#
602	1.01558	29	112	52	262	#
603	1.01558	107	51	52	262	#
604	1.01558	55	22	112	52	262	#
605	1.01558	55	21	30	112	52	262	#
606	1.01558	29	30	105	34	78	54	262	#
607	0.313571	127	#
608	1.08916	44	69	58	263	#
609	1.08916	79	59	263	#
610	1.08916	46	117	263	#
611	1.08916	45	48	69	58	263	#
612	1.08916	44	89	31	80	58	263	#
613	0.981912	72	38	59	264	#
614	0.981912	72	16	17	59	264	#
615	0.981912	91	127	39	59	264	#
616	0.981912	75	106	17	59	264	#
617	0.981912	26	51	106	17	59	264	#
618	0.661675	118	265	#
619	0.661675	30	105	50	16	265	#
620	0.661675	22	36	94	16	265	#
621	0.661675	22	21	105	50	16	265	#
622	0.661675	30	21	36	94	16	265	#
623	0.369146	39	127	#
624	0.938504	0	108	17	126	266	#
625	0.938504	0	64	14	266	#
626	0.0351784	12	#
627	0.266176	58	#
628	1.17835	29	112	52	33	267	#
629	1.17835	107	51	52	33	267	#
630	1.17835	55	22	112	52	33	267	#
631	1.17835	55	21	30	112	52	33	267	#
632	1.17835	29	30	120	124	267	#
633	0.889576	83	13	268	#
634	0.889576	4	123	13	268	#
635	0.598313	92	57	#
636	0.518736	31	103	269	#
637	0.518736	31	5	4	49	269	#
638	0.518736	57	27	121	269	#
639	0.518736	57	27	60	49	269	#
640	0.684111	102	#
641	1.10054	31	5	83	270	#
642	1.10054	31	5	4	123	270	#
643	1.10054	57	27	60	123	270	#
644	1.10054	80	42	60	123	270	#
645	1.10054	57	28	42	60	123	270	#
646	0.684961	76	56	271	#
647	0.684961	86	1	56	271	#
648	0.684961	86	32	0	56	271	#
649	0.684961	29	66	0	56	271	#
650	0.684961	22	36	122	0	56	271	#
651	0.627831	14	70	19	#
652	1.2157	118	17	102	272	#
653	1.2157	30	105	50	38	102	272	#
654	1.2157	22	36	94	38	102	272	#
655	1.2157	22	21	105	50	38	102	272	#
656	1.2157	30	21	36	94	38	102	272	#
657	0.797653	53	78	34	121	273	#
658	0.797653	53	78	34	49	60	273	#
659	0.501446	75	52	54	53	274	#
660	0.501446	26	51	52	54	53	274	#
661	0.227345	9	31	#
662	1.16029	112	52	33	275	#
663	1.16029	29	107	51	52	33	275	#
664	1.16029	30	120	124	275	#
665	1.16029	30	105	34	78	54	33	275	#
666	1.16029	30	105	115	68	275	#
667	0.930068	28	99	276	#
668	0.930068	42	121	34	78	54	276	#
669	0.930068	42	60	49	34	78	54	276	#
670	0.930068	42	121	34	10	11	54	276	#
671	0.930068	42	27	99	276	#
672	0.657758	26	6	7	46	45	277	#
673	0.657758	26	6	7	62	24	277	#
674	0.80934	42	121	34	78	278	#
675	0.80934	42	60	49	34	78	278	#
676	0.80934	42	121	34	10	11	278	#
677	0.80934	42	60	49	34	10	11	278	#
678	0.80934	28	27	121	34	78	278	#
679	0.284866	27	57	279	#
680	0.284866	42	80	279	#
681	0.766217	29	118	47	280	#
682	0.766217	29	118	17	39	280	#
683	0.766217	29	30	116	280	#
684	0.766217	55	21	116	280	#
685	0.766217	29	22	21	116	280	#
686	0.390972	73	281	#
687	0.390972	23	84	281	#
688	0.390972	12	3	84	281	#
689	0.139806	60	#
690	0.802825	115	103	9	282	#
691	0.802825	115	49	4	5	9	282	#
692	0.802825	2	82	103	9	282	#
693	0.802825	2	82	49	4	5	9	282	#
694	0.802825	3	61	94	35	8	282	#
695	0.088079	15	#
696	0.166363	28	56	#
697	0.437078	54	33	#
698	1.28289	101	45	40	85	35	283	#
699	1.28289	101	25	41	85	35	283	#
700	1.28289	101	44	48	40	85	35	283	#
701	0.157383	60	#
702	1.34173	19	63	100	121	27	284	#
703	1.34173	70	84	115	121	27	284	#
704	1.34173	19	63	3	115	121	27	284	#
705	1.34173	70	84	2	82	121	27	284	#
706	1.34173	19	63	100	49	60	27	284	#
707	0.803745	59	17	126	53	#
708	1.23922	29	118	17	102	285	#
709	1.23922	55	36	94	38	102	285	#
710	1.23922	29	30	105	50	38	102	285	#
711	1.23922	29	22	36	94	38	102	285	#
712	1.23922	55	21	105	50	38	102	285	#
713	0.904071	59	102	13	#
714	0.0722548	27	#
715	0.898029	52	75	6	7	46	44	286	#
716	0.898029	52	51	26	6	7	46	44	286	#
717	0.0518374	0	#
718	0.346347	59	38	287	#
719	0.346347	59	17	16	287	#
720	0.0235771	21	#
721	0.785099	102	17	288	#
722	0.785099	102	39	47	288	#
723	0.785099	102	38	16	288	#
724	1.27027	63	61	38	59	289	#
725	1.27027	63	61	16	17	59	289	#
726	1.27027	63	61	16	47	39	59	289	#
727	1.27027	63	43	127	39	59	289	#
728	1.27027	63	3	2	127	39	59	289	#
729	0.0931753	23	290	#
730	0.0931753	12	3	290	#
731	0.709311	36	94	38	291	#
732	0.709311	21	105	50	38	291	#
733	0.709311	36	94	16	17	291	#
734	0.709311	21	105	50	16	17	291	#
735	0.709311	21	116	39	291	#
736	0.613535	7	6	75	52	292	#
737	0.613535	7	6	26	51	52	292	#
738	0.624099	3	68	293	#
739	0.624099	12	23	68	293	#
740	0.624099	3	84	124	293	#
741	0.624099	12	73	124	293	#
742	0.624099	43	2	68	293	#
743	1.01861	85	94	38	294	#
744	1.01861	85	94	16	17	294	#
745	1.01861	40	45	79	294	#
746	1.01861	85	94	16	47	39	294	#
747	1.01861	41	25	79	294	#
748	0.638939	82	103	295	#
749	0.638939	82	49	4	5	295	#
750	0.638939	2	115	103	295	#
751	0.638939	2	115	49	4	5	295	#
752	0.532888	84	3	61	296	#
753	0.532888	73	12	61	296	#
754	0.532888	14	126	16	296	#
755	0.532888	84	23	12	61	296	#
756	1.24409	77	46	#
757	0.916032	74	#
758	1.04274	45	46	7	6	75	52	33	297	#
759	1.04274	45	46	7	6	26	51	52	33	297	#
760	1.04274	24	62	7	6	75	52	33	297	#
761	1.04274	24	62	7	6	26	51	52	33	297	#
762	1.04274	48	44	46	7	6	75	52	33	297	#
763	1.12351	5	83	13	298	#
764	1.12351	5	4	123	13	298	#
765	1.12351	103	50	38	102	298	#
766	1.12351	5	4	49	50	38	102	298	#
767	1.12351	31	80	58	59	102	298	#
768	0.748161	43	95	299	#
769	0.748161	3	2	95	299	#
770	0.748161	12	23	2	95	299	#
771	0.748161	61	38	108	1	299	#
772	0.748161	61	38	108	0	32	299	#
773	1.40809	63	100	103	31	300	#
774	1.40809	63	100	49	4	5	31	300	#
775	1.40809	63	3	115	103	31	300	#
776	0.97384	0	56	28	99	#
777	1.01861	85	94	38	301	#
778	1.01861	85	94	16	17	301	#
779	1.01861	40	45	79	301	#
780	1.01861	85	94	16	47	39	301	#
781	1.01861	41	25	79	301	#
782	0.448068	7	46	44	#
783	0.211769	61	#
784	0.149998	49	#
785	0.102252	14	#
786	0.741078	93	302	#
787	0.741078	88	31	302	#
788	0.741078	10	34	103	31	302	#
789	0.741078	10	34	49	4	5	31	302	#
790	0.741078	10	34	121	27	57	302	#
791	0.684961	56	76	303	#
792	0.684961	56	1	86	303	#
793	0.684961	56	0	32	86	303	#
794	0.684961	56	0	66	29	303	#
795	0.684961	56	0	122	36	22	303	#
796	0.120897	10	#
797	1.13084	0	56	28	99	52	304	#
798	1.13084	0	56	42	60	4	71	304	#
799	1.13084	0	108	17	106	304	#
800	1.13084	0	56	42	121	34	78	54	52	304	#
801	1.13084	32	1	56	28	99	52	304	#
802	0.0834919	23	#
803	0.726287	126	53	54	305	#
804	0.726287	106	52	305	#
805	0.209982	49	#
806	0.719724	70	#
807	1.42842	81	20	306	#
808	1.42842	81	37	19	306	#
809	1.42842	95	43	63	306	#
810	1.42842	95	2	3	63	306	#
811	1.42842	1	64	70	19	306	#
812	0.334176	18	84	2	#
813	0.559764	61	3	84	307	#
814	0.559764	61	12	73	307	#
815	0.559764	16	126	14	307	#
816	0.559764	61	12	23	84	307	#
817	0.559764	61	43	2	84	307	#
818	0.719863	88	308	#
819	0.719863	103	34	10	308	#
820	0.719863	5	4	49	34	10	308	#
821	0.739806	26	6	7	46	45	309	#
822	0.739806	26	6	7	62	24	309	#
823	0.739806	26	6	7	46	44	48	309	#
824	0.739806	26	6	7	46	25	24	309	#
825	0.739806	26	6	7	62	25	45	309	#
826	0.844329	84	70	310	#
827	0.844329	3	63	19	310	#
828	0.844329	23	12	63	19	310	#
829	0.80934	78	34	121	42	311	#
830	0.80934	78	34	49	60	42	311	#
831	0.80934	11	10	34	121	42	311	#
832	0.80934	11	10	34	49	60	42	311	#
833	0.80934	78	34	121	27	28	311	#
834	0.499044	105	21	312	#
835	0.499044	105	30	22	312	#
836	1.06397	99	33	313	#
837	1.06397	27	121	34	78	54	33	313	#
838	1.06397	27	121	115	68	313	#
839	1.06397	27	60	49	34	78	54	33	313	#
840	1.06397	27	121	82	2	68	313	#
841	0.663717	29	30	105	34	314	#
842	0.663717	55	21	105	34	314	#
843	0.663717	29	22	21	105	34	314	#
844	0.590668	34	103	315	#
845	0.590668	34	49	4	5	315	#
846	0.242602	37	316	#
847	0.242602	20	19	316	#
848	0.259434	115	#
849	1.14793	8	87	317	#
850	1.14793	8	9	5	83	317	#
851	1.14793	8	9	5	4	123	317	#
852	1.17867	105	50	38	102	318	#
853	1.17867	21	36	94	38	102	318	#
854	1.17867	105	50	16	17	102	318	#
855	1.17867	21	36	94	16	17	102	318	#
856	1.17867	116	39	102	318	#
857	0.751431	45	46	7	6	75	319	#
858	0.751431	45	46	7	6	26	51	319	#
859	0.751431	24	62	7	6	75	319	#
860	0.751431	24	62	7	6	26	51	319	#
861	0.751431	48	44	46	7	6	75	319	#
862	0.752687	72	320	#
863	0.752687	61	43	91	320	#
864	0.752687	61	3	2	91	320	#
865	0.752687	61	3	90	26	320	#
866	0.752687	16	106	75	320	#
867	1.06452	18	84	3	61	94	35	321	#
868	1.06452	18	73	12	61	94	35	321	#
869	1.06452	15	126	16	94	35	321	#
870	1.06452	18	14	126	16	94	35	321	#
871	1.06452	18	84	23	12	61	94	35	321	#
872	0.959033	60	123	13	322	#
873	0.959033	42	58	59	102	322	#
874	0.588466	103	9	323	#
875	0.588466	49	4	5	9	323	#
876	0.87305	25	101	324	#
877	0.87305	24	45	101	324	#
878	0.87305	24	48	44	101	324	#
879	0.784678	51	106	325	#
880	0.784678	26	72	16	325	#
881	0.784678	90	3	61	16	325	#
882	0.784678	26	75	106	325	#
883	0.784678	98	12	61	16	325	#
884	0.338373	73	326	#
885	0.338373	84	23	326	#
886	0.702976	31	103	82	327	#
887	0.702976	31	5	4	49	82	327	#
888	0.702976	57	27	121	82	327	#
889	0.702976	57	27	60	49	82	327	#
890	0.702976	31	103	115	2	327	#
891	0.736891	119	23	#
892	0.887582	20	101	44	328	#
893	0.887582	19	37	101	44	328	#
894	0.887582	20	101	45	48	328	#
895	0.887582	19	104	48	328	#
896	0.887582	19	104	45	44	328	#
897	0.864087	69	56	0	#
898	0.891749	29	107	329	#
899	0.891749	112	51	329	#
900	0.891749	22	55	107	329	#
901	0.936572	67	6	#
902	0.500133	58	59	38	330	#
903	0.500133	42	121	50	330	#
904	1.05474	59	38	61	3	68	331	#
905	1.05474	59	39	127	2	68	331	#
906	1.05474	59	17	126	14	124	331	#
907	1.05474	59	17	16	61	3	68	331	#
908	1.05474	59	38	61	12	23	68	331	#
909	0.420179	14	124	332	#
910	0.420179	53	54	33	332	#
911	0.420179	15	18	124	332	#
912	1.06227	45	46	119	12	333	#
913	1.06227	24	62	119	12	333	#
914	1.06227	48	44	46	119	12	333	#
915	1.06227	24	25	46	119	12	333	#
916	1.06227	45	46	119	23	3	333	#
917	1.14999	14	53	54	52	75	6	7	62	334	#
918	1.14999	14	53	54	52	51	26	6	7	62	334	#
919	1.14999	18	125	54	52	75	6	7	62	334	#
920	1.14999	18	125	54	52	51	26	6	7	62	334	#
921	0.734791	91	127	#
922	1.09572	31	5	71	335	#
923	1.09572	57	99	52	335	#
924	1.09572	93	11	54	52	335	#
925	1.09572	57	27	60	4	71	335	#
926	1.09572	31	103	34	78	54	52	335	#
927	0.463726	58	59	#
928	1.03166	45	46	119	23	336	#
929	1.03166	45	46	119	12	3	336	#
930	1.13533	44	46	7	6	75	52	54	125	337	#
931	1.13533	44	46	7	6	26	51	52	54	125	337	#
932	1.13533	44	46	7	6	75	52	54	53	15	337	#
933	1.13533	44	46	7	6	26	51	52	54	53	15	337	#
934	1.13533	44	46	7	6	75	52	54	53	14	18	337	#
935	0.0532106	39	#
936	0.3366	100	338	#
937	0.3366	3	115	338	#
938	0.3366	43	82	338	#
939	0.3366	3	2	82	338	#
940	0.3366	61	50	338	#
941	0.258957	35	36	21	#
942	0.930757	123	60	42	#
943	1.05445	67	56	339	#
944	1.05445	109	1	339	#
945	1.05445	109	32	0	339	#
946	1.05445	7	74	1	339	#
947	1.05445	7	74	32	0	339	#
948	0.966001	102	59	58	28	340	#
949	0.966001	102	39	92	340	#
950	0.966001	13	123	60	27	340	#
951	1.09122	33	52	75	6	7	46	44	341	#
952	1.09122	33	52	51	26	6	7	46	44	341	#
953	1.09122	33	52	75	6	7	46	45	48	341	#
954	1.09122	33	52	51	26	6	7	46	45	48	341	#
955	1.09122	33	52	75	6	7	62	25	44	341	#
956	0.0634628	1	342	#
957	0.0634628	0	32	342	#
958	0.747466	21	105	115	343	#
959	0.747466	21	105	82	2	343	#
960	0.747466	21	105	100	3	343	#
961	0.747466	22	30	105	115	343	#
962	0.747466	21	105	82	43	3	343	#
963	0.0756097	48	#
964	0.449785	85	#
965	0.158502	38	39	#
966	0.809238	126	14	124	344	#
967	0.809238	16	61	3	68	344	#
968	0.809238	126	53	54	33	344	#
969	0.809238	16	61	12	23	68	344	#
970	0.809238	126	15	18	124	344	#
971	0.470342	125	78	345	#
972	0.470342	15	53	78	345	#
973	0.470342	125	11	10	345	#
974	0.470342	18	14	53	78	345	#
975	0.470342	15	53	11	10	345	#
976	0.507648	121	42	56	0	346	#
977	0.507648	49	60	42	56	0	346	#
978	0.507648	121	42	56	1	32	346	#
979	0.507648	121	27	28	56	0	346	#
980	0.507648	49	60	42	56	1	32	346	#
981	0.710701	106	47	347	#
982	0.710701	106	17	39	347	#
983	0.723002	82	103	348	#
984	0.723002	82	49	4	5	348	#
985	0.723002	2	115	103	348	#
986	0.723002	2	115	49	4	5	348	#
987	0.723002	43	100	103	348	#
988	0.801728	111	349	#
989	0.801728	70	37	349	#
990	0.801728	70	19	20	349	#
991	0.529757	49	115	350	#
992	0.529757	49	82	2	350	#
993	0.529757	49	100	3	350	#
994	0.529757	49	82	43	3	350	#
995	0.529757	49	100	12	23	350	#
996	1.00905	1	56	69	351	#
997	1.00905	32	0	56	69	351	#
998	1.00905	32	122	85	40	48	351	#
999	1.00905	32	122	85	40	45	44	351	#
