%% File generated by CATS v.2.1Thu May  9 12:49:13 2024

%% The CATS webpage is http://robotics.stanford.edu/CATS

%% PARAMETER SETTINGS:
% Goods: 128; Bids: 1000; Distribution: paths; Runs: 1; Seed: 71
% Paths Distribution Parameters:
% Initial connections:       = 2
% Edge density:              = 3.000000
% Shipping cost factor:      = 1.500000
% Max bid set size:          = 5
% Building penalty:          = 1.700000



goods 128
bids 1000
dummy 403

0	0.917541	37	47	55	91	128	#
1	0.917541	36	41	47	55	91	128	#
2	0.917541	3	10	11	37	47	55	106	128	#
3	0.917541	3	10	11	36	41	47	55	106	128	#
4	0.945106	15	115	129	#
5	0.945106	46	85	129	#
6	0.945106	16	32	115	129	#
7	0.790329	13	27	39	84	113	130	#
8	0.790329	13	27	30	31	39	113	130	#
9	0.790329	22	27	40	62	84	130	#
10	0.790329	13	27	40	75	84	130	#
11	0.790329	12	13	22	27	40	84	130	#
12	0.555036	75	125	131	#
13	0.555036	12	22	125	131	#
14	0.555036	12	19	24	33	116	121	131	#
15	0.729041	52	73	126	132	#
16	0.729041	19	73	92	132	#
17	0.729041	20	92	109	132	#
18	0.729041	34	52	64	69	126	132	#
19	0.729041	18	19	52	73	121	132	#
20	0.437102	19	33	48	116	121	#
21	0.847194	34	39	70	102	133	#
22	0.847194	6	34	39	65	70	133	#
23	0.847194	7	107	133	#
24	0.847194	6	14	107	133	#
25	0.847194	7	34	39	70	78	133	#
26	0.805576	36	47	91	134	#
27	0.805576	37	41	47	91	134	#
28	0.805576	3	10	11	36	47	106	134	#
29	0.871567	4	55	117	135	#
30	0.871567	39	54	55	70	87	135	#
31	0.871567	54	55	57	71	135	#
32	0.654814	45	69	70	136	#
33	0.654814	8	29	68	136	#
34	0.654814	8	29	44	69	70	136	#
35	0.654814	9	59	68	136	#
36	0.654814	9	28	29	68	136	#
37	0.963546	32	115	137	#
38	0.963546	15	16	115	137	#
39	0.963546	16	46	85	137	#
40	0.963546	15	32	46	85	137	#
41	0.918577	18	20	21	78	121	138	#
42	0.918577	14	18	20	21	65	121	138	#
43	0.918577	7	18	20	21	102	121	138	#
44	0.918577	6	7	18	20	21	65	121	138	#
45	0.918577	17	20	21	33	78	121	138	#
46	0.221866	83	#
47	0.558598	7	26	77	139	#
48	0.558598	6	14	26	77	139	#
49	0.689566	48	116	127	#
50	0.289158	27	30	#
51	0.769871	34	107	140	#
52	0.769871	39	70	78	140	#
53	0.769871	14	39	65	70	140	#
54	0.769871	7	39	70	102	140	#
55	0.769871	6	7	39	65	70	140	#
56	0.866783	43	95	119	141	#
57	0.866783	7	61	77	119	141	#
58	0.866783	6	14	61	77	119	141	#
59	0.866783	3	61	66	141	#
60	0.866783	3	6	61	97	141	#
61	0.536598	34	52	64	126	142	#
62	0.536598	34	89	92	142	#
63	0.536598	19	34	64	92	142	#
64	0.536598	18	34	52	89	121	142	#
65	0.536598	33	34	53	89	121	142	#
66	0.934768	76	77	#
67	0.58879	54	55	106	143	#
68	0.58879	34	35	55	106	143	#
69	0.679761	77	119	#
70	0.414637	20	40	92	144	#
71	0.414637	20	21	39	92	144	#
72	0.414637	18	52	120	144	#
73	0.414637	33	53	120	144	#
74	0.414637	18	20	40	52	121	144	#
75	1.15826	20	40	86	92	145	#
76	1.15826	20	21	39	86	92	145	#
77	1.15826	18	52	86	120	145	#
78	1.15826	33	53	86	120	145	#
79	1.15826	18	20	40	52	86	121	145	#
80	0.561377	4	87	#
81	0.0930265	21	#
82	0.9673	3	55	106	127	#
83	0.776724	13	103	113	146	#
84	0.776724	21	22	62	103	146	#
85	0.776724	13	21	75	103	146	#
86	0.776724	12	13	21	22	103	146	#
87	0.776724	22	39	40	62	103	146	#
88	0.319161	20	33	121	147	#
89	0.319161	19	22	33	121	147	#
90	0.319161	17	18	20	121	147	#
91	0.117684	13	#
92	0.783746	95	119	148	#
93	0.783746	2	25	26	38	95	148	#
94	0.783746	7	42	77	119	148	#
95	0.759311	12	45	73	149	#
96	0.759311	12	34	45	64	69	149	#
97	0.759311	8	12	29	44	73	149	#
98	0.759311	45	75	109	149	#
99	0.759311	12	22	45	109	149	#
100	1.11091	115	150	#
101	1.11091	15	46	85	150	#
102	1.11091	16	32	46	85	150	#
103	1.11091	0	1	15	85	150	#
104	1.11091	46	48	49	60	85	150	#
105	0.770885	34	39	65	70	151	#
106	0.770885	6	34	39	70	102	151	#
107	1.04573	60	115	152	#
108	1.04573	15	48	49	115	152	#
109	1.04573	46	48	49	85	152	#
110	1.04573	15	46	60	85	152	#
111	1.04573	16	32	48	49	115	152	#
112	0.887077	24	57	58	67	153	#
113	0.887077	23	49	57	58	67	153	#
114	0.887077	15	49	57	67	108	153	#
115	0.887077	16	32	49	57	67	108	153	#
116	0.887077	4	67	118	153	#
117	0.218859	126	#
118	0.634652	124	154	#
119	0.634652	4	21	87	154	#
120	0.634652	5	20	82	154	#
121	0.634652	4	39	40	87	154	#
122	0.634652	4	20	57	82	154	#
123	0.671272	9	44	109	155	#
124	0.671272	9	21	114	155	#
125	0.671272	9	40	68	155	#
126	0.671272	9	21	39	68	155	#
127	0.671272	8	28	44	109	155	#
128	0.922212	22	40	110	156	#
129	0.922212	21	22	39	110	156	#
130	0.922212	19	20	40	110	156	#
131	0.922212	19	20	21	39	110	156	#
132	0.922212	11	34	64	104	156	#
133	1.15794	15	100	157	#
134	1.15794	16	32	100	157	#
135	1.15794	11	32	81	157	#
136	1.15794	11	15	16	81	157	#
137	1.15794	48	49	60	100	157	#
138	0.732747	39	70	102	158	#
139	0.732747	6	39	65	70	158	#
140	0.51123	20	33	48	116	121	159	#
141	0.51123	24	48	125	159	#
142	0.877817	18	20	21	102	121	160	#
143	0.877817	6	18	20	21	65	121	160	#
144	0.877817	17	20	21	33	102	121	160	#
145	0.877817	21	22	102	126	160	#
146	0.877817	6	17	20	21	33	65	121	160	#
147	0.579627	112	161	#
148	0.579627	25	26	77	161	#
149	1.19813	23	41	63	85	162	#
150	1.19813	15	23	83	115	162	#
151	1.19813	23	46	83	85	162	#
152	1.19813	15	23	41	46	63	115	162	#
153	1.19813	101	125	162	#
154	0.333489	24	33	116	#
155	0.589293	29	98	#
156	0.897132	48	72	#
157	0.765778	20	21	65	163	#
158	0.765778	6	20	21	102	163	#
159	0.765778	20	39	40	65	163	#
160	0.765778	19	21	22	65	163	#
161	1.21752	46	53	96	164	#
162	1.21752	17	46	52	96	164	#
163	1.21752	18	33	46	52	96	164	#
164	1.21752	15	49	53	115	116	164	#
165	1.21752	0	1	53	96	164	#
166	0.987814	16	49	80	165	#
167	0.987814	9	33	116	121	123	165	#
168	0.987814	15	32	49	80	165	#
169	0.987814	28	74	165	#
170	0.987814	9	15	44	49	79	165	#
171	0.916186	32	44	79	166	#
172	0.916186	15	16	44	79	166	#
173	0.815112	50	76	167	#
174	0.815112	27	105	122	167	#
175	0.815112	27	44	50	56	122	167	#
176	0.815112	9	51	76	167	#
177	0.815112	8	28	51	76	167	#
178	0.489721	9	44	69	168	#
179	0.489721	8	28	44	69	168	#
180	0.95715	10	22	40	110	169	#
181	0.95715	10	21	22	39	110	169	#
182	0.95715	35	55	64	91	169	#
183	0.95715	34	54	55	64	91	169	#
184	0.95715	10	19	20	40	110	169	#
185	0.0415395	36	#
186	0.80601	11	28	51	98	170	#
187	0.80601	8	11	50	98	170	#
188	1.18981	41	49	63	85	171	#
189	1.18981	15	49	83	115	171	#
190	1.18981	46	49	83	85	171	#
191	1.18981	15	41	46	49	63	115	171	#
192	1.18981	16	32	49	83	115	171	#
193	0.860195	24	55	116	127	172	#
194	0.860195	40	54	55	70	125	172	#
195	0.860195	21	39	54	55	70	125	172	#
196	0.860195	23	49	55	116	127	172	#
197	0.57789	44	55	56	90	#
198	0.545646	4	87	#
199	0.992924	80	173	#
200	0.992924	9	32	44	79	173	#
201	0.992924	8	28	32	44	79	173	#
202	0.992924	9	15	16	44	79	173	#
203	0.992924	32	45	59	79	173	#
204	0.242329	6	61	#
205	0.735273	116	127	174	#
206	0.735273	33	35	89	116	121	174	#
207	0.735273	19	33	35	64	116	121	174	#
208	0.735273	33	34	54	89	116	121	174	#
209	0.735273	19	33	34	54	64	116	121	174	#
210	0.788155	20	21	92	103	175	#
211	0.788155	53	93	175	#
212	0.788155	18	20	21	52	103	121	175	#
213	0.788155	20	21	33	53	103	121	175	#
214	0.788155	17	52	93	175	#
215	1.0675	25	38	87	103	176	#
216	1.0675	31	39	87	111	176	#
217	1.0675	14	38	67	112	176	#
218	1.0675	6	7	38	67	112	176	#
219	1.0675	14	25	26	38	67	77	176	#
220	0.246658	36	83	#
221	0.221853	22	40	177	#
222	0.221853	21	22	39	177	#
223	0.528312	48	118	178	#
224	0.528312	5	24	48	58	178	#
225	0.528312	60	99	178	#
226	0.528312	5	60	108	178	#
227	0.528312	4	24	48	57	58	178	#
228	0.808257	2	3	25	38	103	179	#
229	0.808257	11	39	110	179	#
230	0.808257	39	70	104	179	#
231	0.808257	2	3	31	39	111	179	#
232	0.808257	3	39	54	55	70	106	179	#
233	0.240762	17	116	#
234	0.503258	20	21	82	#
235	0.289008	22	62	180	#
236	0.289008	13	75	180	#
237	0.289008	12	13	22	180	#
238	0.917191	6	24	48	57	58	67	181	#
239	0.917191	6	57	60	67	108	181	#
240	0.917191	6	23	48	49	57	58	67	181	#
241	0.917191	6	15	23	57	58	60	67	181	#
242	0.917191	6	15	48	49	57	67	108	181	#
243	0.866238	15	79	182	#
244	0.866238	16	32	79	182	#
245	0.866238	23	109	125	182	#
246	0.866238	19	33	49	73	116	121	182	#
247	0.866238	20	33	49	109	116	121	182	#
248	0.759321	11	98	#
249	1.13692	44	56	94	183	#
250	1.13692	50	94	105	183	#
251	1.13692	8	29	45	56	94	183	#
252	1.16145	48	49	100	184	#
253	1.16145	15	60	100	184	#
254	1.16145	16	32	60	100	184	#
255	1.16145	11	32	60	81	184	#
256	1.16145	33	48	110	116	120	184	#
257	0.420549	24	57	58	#
258	1.01069	45	109	125	185	#
259	1.01069	15	23	45	79	185	#
260	1.01069	40	45	69	70	125	185	#
261	1.01069	21	39	45	69	70	125	185	#
262	1.01069	16	23	32	45	79	185	#
263	0.840746	20	21	65	121	186	#
264	0.840746	6	20	21	102	121	186	#
265	0.840746	39	65	120	186	#
266	0.840746	20	39	40	65	121	186	#
267	0.840746	19	21	22	65	121	186	#
268	0.189731	56	#
269	0.0421333	34	#
270	1.05692	10	11	28	47	98	187	#
271	1.05692	10	11	29	47	59	98	187	#
272	1.05692	8	9	10	11	47	98	187	#
273	1.05692	9	44	47	56	91	187	#
274	1.05692	8	28	44	47	56	91	187	#
275	0.761808	21	22	65	188	#
276	0.761808	6	21	22	102	188	#
277	0.761808	22	39	40	65	188	#
278	0.761808	19	20	21	65	188	#
279	0.761808	6	22	39	40	102	188	#
280	0.898514	20	21	33	78	121	189	#
281	0.898514	14	20	21	33	65	121	189	#
282	0.898514	7	20	21	33	102	121	189	#
283	0.898514	6	7	20	21	33	65	121	189	#
284	0.898514	6	14	20	21	33	102	121	189	#
285	0.47369	20	21	33	116	121	#
286	0.98471	100	#
287	0.634652	124	190	#
288	0.634652	4	21	87	190	#
289	0.634652	5	20	82	190	#
290	0.634652	4	39	40	87	190	#
291	0.634652	4	20	57	82	190	#
292	1.16199	13	36	39	88	113	#
293	0.704319	87	39	70	191	#
294	0.704319	57	71	191	#
295	1.19809	63	85	49	48	192	#
296	1.19809	63	46	115	60	192	#
297	1.19809	63	85	15	60	192	#
298	1.19809	41	83	115	60	192	#
299	1.19809	63	85	16	32	60	192	#
300	1.04773	115	1	193	#
301	1.04773	115	46	0	193	#
302	1.04773	15	85	0	193	#
303	1.04773	32	16	85	0	193	#
304	1.04773	15	85	46	1	193	#
305	0.464152	34	89	121	33	194	#
306	0.464152	34	64	19	121	33	194	#
307	0.464152	70	120	33	194	#
308	0.464152	70	40	20	121	33	194	#
309	0.464152	70	39	21	20	121	33	194	#
310	0.093611	55	#
311	0.806258	38	25	103	113	195	#
312	0.806258	38	25	103	21	75	195	#
313	0.806258	38	25	103	21	22	12	195	#
314	0.806258	111	31	39	113	195	#
315	0.417935	36	47	10	11	#
316	0.715271	4	87	39	70	34	#
317	0.870076	32	60	72	#
318	0.48519	99	196	#
319	0.48519	108	5	196	#
320	0.48519	108	57	4	196	#
321	0.48519	15	23	58	5	196	#
322	0.48519	15	23	58	57	4	196	#
323	1.18407	3	81	197	#
324	1.18407	106	55	127	116	49	16	197	#
325	1.18407	106	55	127	116	49	15	32	197	#
326	1.18407	2	38	25	103	21	125	23	16	197	#
327	1.18407	2	38	25	103	21	125	23	15	32	197	#
328	1.02038	36	47	91	56	198	#
329	1.02038	41	37	47	91	56	198	#
330	1.02038	36	47	10	11	3	106	56	198	#
331	1.02038	41	37	47	10	11	3	106	56	198	#
332	1.1563	81	32	60	199	#
333	1.1563	81	16	49	48	199	#
334	1.1563	81	16	15	60	199	#
335	1.1563	81	32	15	49	48	199	#
336	1.1563	11	100	49	48	199	#
337	0.277453	35	55	200	#
338	0.277453	34	54	55	200	#
339	0.995209	80	16	23	201	#
340	0.995209	9	44	109	125	201	#
341	0.995209	80	32	15	23	201	#
342	0.995209	9	114	21	125	201	#
343	0.995209	9	68	40	125	201	#
344	0.697626	71	54	#
345	0.842302	11	110	40	202	#
346	0.842302	3	2	38	25	103	21	202	#
347	0.842302	11	110	39	21	202	#
348	0.842302	104	70	40	202	#
349	0.842302	3	2	111	31	40	202	#
350	0.679833	78	21	203	#
351	0.679833	14	65	21	203	#
352	0.679833	7	102	21	203	#
353	0.679833	7	6	65	21	203	#
354	0.679833	14	6	102	21	203	#
355	1.12336	88	39	113	13	204	#
356	1.12336	101	22	62	204	#
357	1.12336	101	75	13	204	#
358	1.12336	101	22	12	13	204	#
359	1.12336	88	40	22	62	204	#
360	0.26756	126	205	#
361	0.26756	19	121	18	205	#
362	0.26756	19	121	33	17	205	#
363	1.03566	45	79	60	206	#
364	1.03566	45	79	15	49	48	206	#
365	1.03566	45	73	19	121	33	116	48	206	#
366	1.03566	45	109	20	121	33	116	48	206	#
367	1.03566	29	74	48	206	#
368	0.601518	91	207	#
369	0.601518	10	11	3	106	207	#
370	0.563133	9	44	56	55	208	#
371	0.563133	28	8	44	56	55	208	#
372	0.563133	59	45	56	55	208	#
373	0.563133	28	29	45	56	55	208	#
374	0.563133	51	105	55	208	#
375	1.24043	81	209	#
376	1.24043	16	100	11	209	#
377	1.24043	32	15	100	11	209	#
378	1.24043	16	49	116	127	55	106	3	209	#
379	1.24043	32	15	49	116	127	55	106	3	209	#
380	0.829756	55	127	116	49	#
381	0.718528	45	73	19	210	#
382	0.718528	45	109	20	210	#
383	0.718528	45	69	34	89	210	#
384	0.718528	45	69	34	64	19	210	#
385	0.718528	29	8	123	210	#
386	1.00909	86	39	113	211	#
387	1.00909	86	40	75	211	#
388	1.00909	86	40	22	12	211	#
389	1.00909	86	39	21	75	211	#
390	1.00909	86	39	21	22	12	211	#
391	0.956269	10	110	39	113	212	#
392	0.956269	10	110	40	75	212	#
393	0.956269	10	110	40	22	12	212	#
394	0.956269	10	110	39	21	75	212	#
395	0.956269	10	110	39	21	22	12	212	#
396	0.987284	77	27	122	56	#
397	1.09364	101	20	121	33	213	#
398	1.09364	88	120	33	213	#
399	1.09364	88	40	20	121	33	213	#
400	1.09364	88	39	21	20	121	33	213	#
401	1.09364	41	86	120	33	213	#
402	0.583464	69	44	9	214	#
403	0.583464	69	44	8	28	214	#
404	0.583464	69	45	59	214	#
405	0.583464	69	45	29	28	214	#
406	0.583464	69	44	50	51	214	#
407	0.710188	55	117	#
408	0.615248	33	127	55	215	#
409	0.615248	121	89	35	55	215	#
410	0.615248	121	19	64	35	55	215	#
411	0.615248	121	89	34	54	55	215	#
412	0.615248	121	19	64	34	54	55	215	#
413	1.12241	67	97	11	216	#
414	1.12241	67	6	66	11	216	#
415	1.12241	87	39	110	216	#
416	0.262294	40	70	217	#
417	0.262294	21	39	70	217	#
418	1.11091	115	218	#
419	1.11091	46	85	15	218	#
420	1.11091	46	85	16	32	218	#
421	1.11091	1	0	85	15	218	#
422	1.11091	46	85	49	48	60	218	#
423	1.0359	7	77	76	219	#
424	1.0359	6	14	77	76	219	#
425	1.0359	7	77	27	122	56	44	219	#
426	1.0359	102	114	219	#
427	1.0359	102	39	68	219	#
428	0.180578	38	#
429	0.635974	53	127	220	#
430	0.635974	52	17	127	220	#
431	0.635974	52	126	64	35	220	#
432	0.635974	52	126	64	34	54	220	#
433	0.635974	52	18	33	127	220	#
434	1.04431	85	49	221	#
435	1.04431	46	115	15	49	221	#
436	1.04431	46	115	32	16	49	221	#
437	1.04431	85	23	24	221	#
438	1.04431	46	115	60	48	221	#
439	0.93046	92	20	21	65	222	#
440	0.93046	52	18	121	20	21	65	222	#
441	0.93046	53	33	121	20	21	65	222	#
442	0.93046	92	20	21	102	6	222	#
443	0.93046	52	17	33	121	20	21	65	222	#
444	1.01069	125	109	45	223	#
445	1.01069	23	15	79	45	223	#
446	1.01069	125	40	70	69	45	223	#
447	1.01069	125	21	39	70	69	45	223	#
448	1.01069	23	16	32	79	45	223	#
449	0.966779	63	86	39	#
450	0.849818	38	25	26	95	224	#
451	0.849818	2	119	95	224	#
452	0.849818	38	112	7	42	224	#
453	0.849818	38	25	26	77	7	42	224	#
454	0.849818	38	112	14	6	42	224	#
455	0.446014	11	10	47	36	225	#
456	0.446014	11	10	47	37	41	225	#
457	1.06765	79	44	50	226	#
458	1.06765	32	80	51	226	#
459	1.06765	79	44	9	51	226	#
460	1.06765	15	16	80	51	226	#
461	1.06765	79	44	8	28	51	226	#
462	0.881919	23	58	57	67	14	227	#
463	0.881919	23	58	57	67	6	7	227	#
464	0.881919	15	108	57	67	14	227	#
465	0.881919	15	108	57	67	6	7	227	#
466	0.881919	16	32	108	57	67	14	227	#
467	0.562657	103	#
468	0.995231	20	40	110	228	#
469	0.995231	20	21	39	110	228	#
470	0.995231	19	22	40	110	228	#
471	0.995231	19	22	21	39	110	228	#
472	0.995231	121	120	110	228	#
473	0.707328	121	20	21	103	25	#
474	0.262439	126	229	#
475	0.262439	19	121	18	229	#
476	0.566356	40	84	230	#
477	0.566356	40	31	30	230	#
478	0.566356	21	39	84	230	#
479	0.566356	21	39	31	30	230	#
480	0.285927	116	24	#
481	0.248484	41	63	231	#
482	0.248484	83	46	231	#
483	0.578556	103	25	38	#
484	0.278126	44	9	232	#
485	0.278126	44	8	28	232	#
486	0.278126	45	59	232	#
487	0.278126	45	29	28	232	#
488	0.854134	33	121	123	8	233	#
489	0.854134	33	121	19	73	44	8	233	#
490	0.854134	33	121	20	109	44	8	233	#
491	0.854134	33	121	19	73	45	29	233	#
492	0.854134	33	121	123	9	28	233	#
493	0.989142	125	109	44	8	234	#
494	0.989142	125	21	114	8	234	#
495	0.428278	34	89	121	235	#
496	0.428278	34	64	19	121	235	#
497	0.428278	70	120	235	#
498	0.428278	70	40	20	121	235	#
499	0.428278	70	39	21	20	121	235	#
500	0.520011	17	116	24	58	236	#
501	0.520011	18	121	82	236	#
502	0.520011	17	33	121	82	236	#
503	0.520011	17	116	49	23	58	236	#
504	0.520011	18	33	116	24	58	236	#
505	1.08779	9	76	77	7	237	#
506	1.08779	9	76	77	14	6	237	#
507	1.08779	28	8	76	77	7	237	#
508	1.08779	28	98	66	237	#
509	1.08779	28	8	76	77	14	6	237	#
510	1.02544	9	44	69	71	238	#
511	1.02544	9	123	82	238	#
512	1.02544	28	8	44	69	71	238	#
513	1.02544	59	45	69	71	238	#
514	1.02544	28	29	45	69	71	238	#
515	1.08027	77	76	239	#
516	1.08027	77	27	122	56	44	239	#
517	1.08027	78	114	239	#
518	1.08027	14	65	114	239	#
519	1.08027	7	102	114	239	#
520	0.332929	34	89	240	#
521	0.332929	34	64	19	240	#
522	0.332929	70	40	20	240	#
523	0.120551	121	#
524	1.19927	23	100	10	241	#
525	1.19927	125	40	110	10	241	#
526	1.19927	125	21	39	110	10	241	#
527	1.19927	24	49	100	10	241	#
528	1.19927	23	16	81	11	10	241	#
529	0.896816	48	24	58	57	67	242	#
530	0.896816	60	108	57	67	242	#
531	0.896816	48	49	23	58	57	67	242	#
532	0.896816	60	15	23	58	57	67	242	#
533	0.896816	48	49	15	108	57	67	242	#
534	0.558395	112	243	#
535	0.558395	77	26	25	243	#
536	1.11778	4	87	114	9	244	#
537	1.11778	4	87	39	68	9	244	#
538	1.11778	117	55	56	44	9	244	#
539	1.11778	4	87	39	70	69	44	9	244	#
540	1.11778	4	87	114	8	28	244	#
541	1.25345	8	76	95	43	245	#
542	1.25345	8	76	77	7	61	245	#
543	1.25345	28	9	76	95	43	245	#
544	1.25345	98	66	61	245	#
545	1.25345	8	76	77	14	6	61	245	#
546	0.440028	121	89	246	#
547	0.440028	121	19	64	246	#
548	0.259198	70	40	247	#
549	0.259198	70	39	21	247	#
550	1.01693	110	120	33	248	#
551	1.01693	110	40	20	121	33	248	#
552	1.01693	110	39	21	20	121	33	248	#
553	1.01693	110	40	22	19	121	33	248	#
554	1.01693	110	39	21	22	19	121	33	248	#
555	1.10218	2	38	25	103	21	125	249	#
556	1.10218	2	111	31	40	125	249	#
557	1.10218	2	111	31	39	21	125	249	#
558	1.10218	106	55	127	116	24	249	#
559	1.10218	106	55	54	70	40	125	249	#
560	1.09793	1	94	56	44	250	#
561	1.09793	46	0	94	56	44	250	#
562	0.988497	29	98	11	10	47	251	#
563	0.988497	59	28	98	11	10	47	251	#
564	0.988497	45	56	91	47	251	#
565	0.66393	48	116	33	121	89	252	#
566	0.66393	48	116	33	121	19	64	252	#
567	0.66393	48	116	17	126	64	252	#
568	0.540817	31	39	113	13	253	#
569	0.540817	31	40	22	62	253	#
570	0.540817	31	40	75	13	253	#
571	0.540817	31	40	22	12	13	253	#
572	0.540817	31	39	21	22	62	253	#
573	0.586971	114	254	#
574	0.586971	39	68	254	#
575	0.586971	39	70	69	44	254	#
576	0.689714	65	21	255	#
577	0.689714	6	102	21	255	#
578	0.689714	65	39	40	255	#
579	0.689714	6	102	39	40	255	#
580	0.614132	66	256	#
581	0.614132	6	97	256	#
582	0.130941	51	#
583	0.181998	12	19	#
584	0.799439	121	19	73	45	257	#
585	0.799439	121	20	109	45	257	#
586	0.832909	60	72	#
587	0.441137	113	39	31	258	#
588	0.441137	75	40	31	258	#
589	0.441137	12	22	40	31	258	#
590	0.441137	75	21	39	31	258	#
591	0.441137	12	22	21	39	31	258	#
592	0.0381266	33	#
593	0.530125	31	120	259	#
594	0.530125	31	40	20	121	259	#
595	0.530125	31	39	21	20	121	259	#
596	0.530125	31	40	22	19	121	259	#
597	0.530125	31	39	21	22	19	121	259	#
598	0.652076	113	87	260	#
599	0.652076	12	19	82	57	260	#
600	0.652076	75	21	87	260	#
601	0.652076	12	22	21	87	260	#
602	0.648923	57	58	24	116	261	#
603	0.648923	57	82	121	33	261	#
604	0.648923	57	58	23	49	116	261	#
605	0.648923	57	108	15	49	116	261	#
606	0.105616	27	#
607	0.827769	61	66	262	#
608	0.827769	61	6	97	262	#
609	0.724361	22	21	102	263	#
610	0.724361	22	21	65	6	263	#
611	1.05776	121	20	101	264	#
612	1.05776	120	88	264	#
613	1.05776	121	20	40	88	264	#
614	1.05776	121	20	21	39	88	264	#
615	1.05776	120	86	41	264	#
616	0.636862	95	26	#
617	1.08521	38	25	103	21	20	82	265	#
618	1.08521	111	31	40	20	82	265	#
619	1.08521	111	31	39	21	20	82	265	#
620	1.27193	29	8	76	95	43	266	#
621	1.27193	45	56	122	27	95	43	266	#
622	1.27193	29	8	76	77	7	61	266	#
623	1.27193	59	9	76	95	43	266	#
624	1.27193	29	28	9	76	95	43	266	#
625	1.21274	37	63	85	49	267	#
626	1.21274	36	41	63	85	49	267	#
627	1.21274	36	83	115	15	49	267	#
628	1.21274	36	83	46	85	49	267	#
629	1.21274	47	10	100	49	267	#
630	0.711845	8	44	73	12	#
631	0.967572	48	116	33	120	84	27	268	#
632	0.967572	48	116	33	121	20	40	84	27	268	#
633	0.967572	48	116	33	120	31	30	27	268	#
634	0.967572	48	116	33	121	20	40	31	30	27	268	#
635	0.967572	48	116	33	121	20	21	39	84	27	268	#
636	0.87292	69	71	269	#
637	0.87292	73	19	82	269	#
638	0.87292	109	20	82	269	#
639	0.87292	69	34	89	82	269	#
640	0.87292	69	34	64	19	82	269	#
641	0.980868	43	95	27	30	90	270	#
642	0.980868	43	95	27	122	55	270	#
643	1.0012	51	28	98	11	10	47	271	#
644	1.0012	50	8	98	11	10	47	271	#
645	1.0012	105	91	47	271	#
646	0.124188	59	272	#
647	0.124188	28	29	272	#
648	0.989082	113	102	61	273	#
649	0.989082	113	65	6	61	273	#
650	0.989082	75	21	102	61	273	#
651	0.989082	12	22	21	102	61	273	#
652	0.989082	75	21	65	6	61	273	#
653	0.975987	80	28	274	#
654	0.975987	32	79	44	8	274	#
655	0.975987	32	79	45	29	274	#
656	0.975987	16	15	79	44	8	274	#
657	0.975987	32	79	44	9	28	274	#
658	0.909072	106	55	127	33	275	#
659	0.909072	2	38	25	103	21	20	121	275	#
660	0.909072	106	55	35	89	121	275	#
661	0.909072	106	55	35	64	19	121	275	#
662	0.909072	2	111	31	120	275	#
663	1.18375	16	81	276	#
664	1.18375	15	32	81	276	#
665	1.18375	100	11	276	#
666	1.18375	49	48	60	32	81	276	#
667	1.18375	49	116	127	55	106	3	276	#
668	0.210793	83	#
669	0.201147	121	18	277	#
670	0.201147	121	33	17	277	#
671	0.237996	38	25	#
672	0.300823	61	#
673	0.731866	119	77	7	278	#
674	0.731866	119	77	14	6	278	#
675	0.731866	3	66	278	#
676	0.731866	3	97	6	278	#
677	0.89207	113	39	110	279	#
678	0.89207	75	40	110	279	#
679	0.89207	12	22	40	110	279	#
680	0.89207	75	21	39	110	279	#
681	0.89207	12	22	21	39	110	279	#
682	0.64267	84	120	33	280	#
683	0.64267	84	40	20	121	33	280	#
684	0.64267	30	31	120	33	280	#
685	0.64267	30	31	40	20	121	33	280	#
686	0.64267	84	39	21	20	121	33	280	#
687	1.21216	100	10	281	#
688	1.21216	16	81	11	10	281	#
689	1.21216	15	32	81	11	10	281	#
690	1.21216	23	125	40	110	10	281	#
691	1.21216	23	125	21	39	110	10	281	#
692	1.13215	36	101	20	121	33	282	#
693	1.13215	36	88	120	33	282	#
694	1.13215	36	88	40	20	121	33	282	#
695	1.13215	36	88	39	21	20	121	33	282	#
696	1.13215	37	86	120	33	282	#
697	1.17378	10	100	49	283	#
698	1.17378	10	110	120	33	116	283	#
699	1.17378	10	110	40	20	121	33	116	283	#
700	1.17378	10	100	23	24	283	#
701	1.17378	10	110	39	21	20	121	33	116	283	#
702	0.634652	124	284	#
703	0.634652	4	87	21	284	#
704	0.634652	5	82	20	284	#
705	0.634652	4	87	39	40	284	#
706	0.634652	4	57	82	20	284	#
707	0.688966	62	73	285	#
708	0.688966	13	12	73	285	#
709	0.688966	62	64	34	69	285	#
710	0.688966	13	12	64	34	69	285	#
711	0.688966	62	22	109	285	#
712	1.06104	7	77	76	8	286	#
713	1.06104	66	98	286	#
714	1.06104	6	14	77	76	8	286	#
715	1.06104	6	97	98	286	#
716	1.06104	7	77	76	9	28	286	#
717	1.09448	46	96	33	121	#
718	0.654814	45	69	70	287	#
719	0.654814	29	8	68	287	#
720	0.654814	29	8	44	69	70	287	#
721	0.654814	59	9	68	287	#
722	0.654814	29	28	9	68	287	#
723	0.109534	40	288	#
724	0.109534	39	21	288	#
725	1.11825	94	56	44	8	289	#
726	1.11825	94	56	45	29	289	#
727	1.11825	94	56	44	9	28	289	#
728	0.695176	102	21	290	#
729	0.695176	6	65	21	290	#
730	0.695176	102	39	40	290	#
731	0.695176	6	65	39	40	290	#
732	0.695176	7	78	21	290	#
733	0.0621494	49	#
734	0.542461	18	120	31	291	#
735	0.542461	18	121	20	40	31	291	#
736	0.542461	18	121	20	21	39	31	291	#
737	0.542461	17	33	120	31	291	#
738	0.542461	17	33	121	20	40	31	291	#
739	0.328451	3	11	10	#
740	0.23845	41	63	292	#
741	0.23845	83	46	292	#
742	0.524097	103	39	#
743	0.0921406	9	#
744	1.13038	105	55	117	293	#
745	1.13038	50	114	87	4	293	#
746	1.13038	50	68	39	87	4	293	#
747	1.13038	50	44	56	55	117	293	#
748	1.13038	50	44	69	70	39	87	4	293	#
749	0.739119	93	294	#
750	0.739119	33	121	20	21	103	294	#
751	0.739119	33	120	39	103	294	#
752	0.739119	33	121	20	40	39	103	294	#
753	0.739119	33	121	19	22	21	103	294	#
754	0.677044	103	113	295	#
755	0.677044	103	21	75	295	#
756	0.677044	103	21	22	12	295	#
757	0.677044	103	39	40	75	295	#
758	0.677044	103	39	40	22	12	295	#
759	1.01819	8	98	11	10	47	296	#
760	1.01819	44	56	91	47	296	#
761	1.01819	9	28	98	11	10	47	296	#
762	1.01819	44	56	106	3	11	10	47	296	#
763	1.02399	71	69	44	8	297	#
764	1.02399	71	69	45	29	297	#
765	1.02399	82	123	8	297	#
766	1.02399	71	69	44	9	28	297	#
767	1.02399	82	19	73	44	8	297	#
768	0.84944	121	20	21	102	298	#
769	0.84944	121	20	21	65	6	298	#
770	0.84944	120	39	102	298	#
771	0.84944	121	20	40	39	102	298	#
772	0.84944	120	39	65	6	298	#
773	0.916179	79	299	#
774	0.916179	109	125	23	15	299	#
775	0.916179	73	19	121	33	116	49	15	299	#
776	0.916179	109	20	121	33	116	49	15	299	#
777	0.916179	109	125	23	16	32	299	#
778	1.05759	10	110	120	18	300	#
779	1.05759	10	110	40	20	121	18	300	#
780	1.05759	10	110	39	21	20	121	18	300	#
781	1.05759	10	110	120	33	17	300	#
782	1.05759	10	110	40	20	121	33	17	300	#
783	0.552227	12	64	35	55	301	#
784	0.552227	12	64	34	54	55	301	#
785	0.937416	47	91	55	302	#
786	0.937416	47	10	11	3	106	55	302	#
787	0.330162	126	52	303	#
788	0.330162	19	92	303	#
789	0.330162	19	121	18	52	303	#
790	0.330162	19	121	33	53	303	#
791	0.669853	121	82	5	304	#
792	0.669853	33	116	118	304	#
793	0.669853	121	82	57	4	304	#
794	0.669853	33	116	24	58	5	304	#
795	0.792907	48	116	127	305	#
796	0.792907	48	116	33	121	89	35	305	#
797	0.792907	48	116	33	121	19	64	35	305	#
798	0.792907	48	116	33	121	89	34	54	305	#
799	0.792907	48	116	33	121	19	64	34	54	305	#
800	0.427384	55	106	#
801	0.924385	22	40	110	10	306	#
802	0.924385	22	21	39	110	10	306	#
803	0.924385	64	35	55	91	306	#
804	0.214707	42	#
805	0.64267	84	120	33	307	#
806	0.64267	84	40	20	121	33	307	#
807	0.64267	30	31	120	33	307	#
808	0.64267	30	31	40	20	121	33	307	#
809	0.64267	84	39	21	20	121	33	307	#
810	0.980742	35	55	91	47	36	308	#
811	0.980742	34	54	55	91	47	36	308	#
812	0.980742	34	70	88	308	#
813	0.980742	34	70	86	41	308	#
814	0.980742	34	104	11	10	47	36	308	#
815	0.377539	53	116	24	#
816	0.614813	14	67	57	309	#
817	0.614813	7	6	67	57	309	#
818	0.182168	21	20	#
819	0.850098	45	73	62	310	#
820	0.850098	45	73	12	13	310	#
821	0.850098	45	69	34	64	62	310	#
822	0.850098	45	69	34	64	12	13	310	#
823	0.850098	29	8	44	73	62	310	#
824	0.826653	104	311	#
825	0.826653	54	55	106	3	311	#
826	0.826653	34	35	55	106	3	311	#
827	0.826653	69	56	106	3	311	#
828	0.776724	103	113	13	312	#
829	0.776724	103	21	22	62	312	#
830	0.776724	103	21	75	13	312	#
831	0.776724	103	21	22	12	13	312	#
832	0.776724	103	39	40	22	62	312	#
833	0.0983398	8	#
834	1.09917	16	85	313	#
835	1.09917	32	115	46	313	#
836	1.09917	32	15	85	313	#
837	1.09917	16	15	115	46	313	#
838	1.09917	32	115	1	0	313	#
839	0.792907	48	116	127	314	#
840	0.792907	48	116	33	121	89	35	314	#
841	0.792907	48	116	33	121	19	64	35	314	#
842	0.792907	48	116	33	121	89	34	54	314	#
843	0.792907	48	116	33	121	19	64	34	54	314	#
844	1.10294	50	76	77	7	315	#
845	1.10294	50	76	77	14	6	315	#
846	1.10294	105	122	27	77	7	315	#
847	0.0717975	49	#
848	0.530076	12	19	82	#
849	0.13214	3	#
850	1.04314	36	47	10	11	98	8	316	#
851	1.04314	36	47	91	56	44	316	#
852	1.04314	36	47	10	11	98	28	9	316	#
853	1.04314	41	37	47	10	11	98	8	316	#
854	1.04314	41	37	47	91	56	44	316	#
855	0.926804	104	34	64	12	#
856	1.18867	81	317	#
857	1.18867	16	100	11	317	#
858	1.18867	32	15	100	11	317	#
859	0.275273	7	61	#
860	1.00727	56	122	27	77	14	318	#
861	1.00727	56	122	27	77	7	6	318	#
862	1.00727	69	70	39	65	318	#
863	1.00727	69	70	39	102	6	318	#
864	1.00727	109	21	65	318	#
865	1.04431	85	49	319	#
866	1.04431	46	115	15	49	319	#
867	1.04431	46	115	32	16	49	319	#
868	1.04431	85	23	24	319	#
869	1.04431	46	115	60	48	319	#
870	0.38597	126	64	#
871	0.497811	103	39	#
872	1.15794	100	15	320	#
873	1.15794	100	16	32	320	#
874	1.15794	11	81	32	320	#
875	1.15794	11	81	16	15	320	#
876	1.15794	100	49	48	60	320	#
877	0.628696	87	4	321	#
878	0.628696	21	124	321	#
879	0.628696	39	40	124	321	#
880	0.122875	121	#
881	0.170724	11	10	#
882	1.11974	53	127	55	106	3	322	#
883	1.11974	52	17	127	55	106	3	322	#
884	1.11974	52	126	64	34	104	322	#
885	1.11974	52	126	64	35	55	106	3	322	#
886	1.11974	92	89	34	104	322	#
887	0.871502	12	64	35	55	106	323	#
888	0.871502	12	64	34	54	55	106	323	#
889	0.871502	113	103	25	38	2	323	#
890	0.871502	75	21	103	25	38	2	323	#
891	0.871502	12	22	21	103	25	38	2	323	#
892	0.581379	27	84	40	324	#
893	0.581379	27	30	31	40	324	#
894	0.581379	27	84	39	21	324	#
895	0.581379	27	30	31	39	21	324	#
896	0.581379	26	103	21	324	#
897	0.738646	84	40	20	92	325	#
898	0.738646	30	31	40	20	92	325	#
899	0.738646	84	39	21	20	92	325	#
900	0.738646	30	31	39	21	20	92	325	#
901	0.738646	84	120	18	52	325	#
902	0.609591	8	68	326	#
903	0.609591	8	44	69	70	326	#
904	0.609591	29	45	69	70	326	#
905	0.609591	28	9	68	326	#
906	0.609591	8	114	39	326	#
907	0.414637	92	20	40	327	#
908	0.414637	92	20	21	39	327	#
909	0.414637	52	18	120	327	#
910	0.414637	53	33	120	327	#
911	0.414637	52	18	121	20	40	327	#
912	1.14365	49	116	127	55	106	328	#
913	1.14365	16	81	3	328	#
914	1.14365	15	32	81	3	328	#
915	1.14365	23	125	21	103	25	38	2	328	#
916	1.14365	49	116	93	25	38	2	328	#
917	0.265467	39	113	329	#
918	0.265467	40	75	329	#
919	0.265467	40	22	12	329	#
920	0.265467	39	21	75	329	#
921	0.265467	39	21	22	12	329	#
922	0.499711	9	44	69	330	#
923	0.499711	28	8	44	69	330	#
924	0.169671	121	18	#
925	0.999052	96	#
926	0.339548	20	121	18	331	#
927	0.339548	20	121	33	17	331	#
928	0.339548	22	126	331	#
929	0.339548	22	19	121	18	331	#
930	0.125961	24	#
931	1.05905	3	106	55	127	17	332	#
932	1.05905	104	34	64	126	332	#
933	1.05905	3	106	55	35	64	126	332	#
934	1.05905	3	106	55	54	34	64	126	332	#
935	1.05905	3	106	55	127	33	18	332	#
936	0.162344	26	#
937	0.478029	106	3	#
938	1.21274	37	63	85	49	333	#
939	1.21274	36	41	63	85	49	333	#
940	1.21274	36	83	115	15	49	333	#
941	1.21274	36	83	46	85	49	333	#
942	1.21274	47	10	100	49	333	#
943	0.422886	31	40	22	334	#
944	0.422886	31	39	21	22	334	#
945	1.32217	36	101	20	82	335	#
946	1.32217	36	88	40	20	82	335	#
947	1.32217	36	88	39	21	20	82	335	#
948	1.32217	36	83	115	108	335	#
949	0.657562	64	22	125	336	#
950	0.657562	34	70	40	125	336	#
951	0.657562	34	70	39	21	125	336	#
952	0.657562	89	121	33	116	24	336	#
953	0.657562	64	19	121	33	116	24	336	#
954	0.814966	38	25	103	21	337	#
955	0.814966	111	31	40	337	#
956	0.814966	111	31	39	21	337	#
957	0.814966	38	25	103	39	40	337	#
958	1.11974	3	106	55	127	53	338	#
959	1.11974	3	106	55	127	17	52	338	#
960	1.11974	104	34	64	126	52	338	#
961	1.11974	3	106	55	35	64	126	52	338	#
962	1.11974	104	34	89	92	338	#
963	0.966108	36	47	10	11	98	28	#
964	0.754449	29	98	11	339	#
965	0.754449	59	28	98	11	339	#
966	0.948095	54	55	91	47	340	#
967	0.948095	104	11	10	47	340	#
968	0.948095	34	35	55	91	47	340	#
969	0.948095	54	55	106	3	11	10	47	340	#
970	0.948095	70	88	36	340	#
971	0.94989	117	55	341	#
972	0.94989	4	87	39	70	54	55	341	#
973	0.94989	5	71	54	55	341	#
974	0.94989	4	57	71	54	55	341	#
975	0.94989	4	87	39	70	34	35	55	341	#
976	0.221561	42	#
977	0.548876	39	70	69	342	#
978	0.548876	21	109	342	#
979	0.548876	21	40	70	69	342	#
980	0.769639	20	21	78	343	#
981	0.769639	20	21	65	14	343	#
982	0.769639	20	21	102	7	343	#
983	0.769639	20	21	65	6	7	343	#
984	0.769639	20	21	102	6	14	343	#
985	0.808385	84	120	33	116	344	#
986	0.808385	84	40	20	121	33	116	344	#
987	0.808385	30	31	120	33	116	344	#
988	0.808385	30	31	40	20	121	33	116	344	#
989	0.808385	84	39	21	20	121	33	116	344	#
990	0.557889	28	98	#
991	0.565258	70	69	45	#
992	0.77423	110	#
993	0.37184	89	345	#
994	0.37184	64	19	345	#
995	0.37184	64	22	20	345	#
996	0.37184	34	70	40	20	345	#
997	0.37184	34	70	39	21	20	345	#
998	0.608647	70	69	45	346	#
999	0.608647	68	8	29	346	#
