%% File generated by CATS v.2.1Thu May  9 12:55:59 2024

%% The CATS webpage is http://robotics.stanford.edu/CATS

%% PARAMETER SETTINGS:
% Goods: 128; Bids: 1000; Distribution: regions; Runs: 1; Seed: 82
% Regions Distribution Parameters:
% Max Substitutable Bids = 5
% Removing HV Neighbor   = 0.1
% Adding DIAG Neighbor   = 0.2
% Additional Location    = 0.9
% Jump Probability       = 0.05
% Additivity             = 0.2
% Budget Factor          = 1.5
% Resale Factor          = 0.5
% Normal Private Value:
%   Mean                 = 0
%   Standard Deviation   = 30



goods 128
bids 1000
dummy 186

0	265.395	21	31	32	128	#
1	244.843	31	32	42	128	#
2	208.588	10	20	21	128	#
3	106.394	19	20	31	128	#
4	53.1225	124	#
5	312.324	20	31	32	84	129	#
6	323.114	19	20	89	99	129	#
7	305.173	20	31	32	99	129	#
8	258.587	4	32	43	100	129	#
9	167.369	84	96	97	109	129	#
10	321.4	36	47	48	58	59	60	70	130	#
11	408.213	49	60	61	62	71	72	73	130	#
12	404.996	13	24	25	26	36	47	48	130	#
13	401.698	37	48	49	58	59	69	123	130	#
14	394.529	35	36	46	47	57	58	69	130	#
15	380.213	36	37	47	100	101	102	111	130	#
16	490.114	7	8	9	13	14	19	20	131	#
17	533.004	7	8	9	10	18	19	29	131	#
18	504.315	7	8	9	18	19	20	21	131	#
19	494.172	7	8	9	10	18	19	20	131	#
20	483.614	8	9	17	18	19	20	31	131	#
21	464.262	9	18	19	20	29	31	86	131	#
22	1965.67	39	40	41	51	59	60	62	68	69	70	71	79	80	81	82	89	90	91	92	93	94	99	100	102	104	105	110	111	112	132	#
23	2044.6	4	30	31	36	39	40	41	42	47	48	49	50	51	52	53	58	59	60	61	62	63	69	70	71	73	74	85	97	99	132	#
24	2012.71	5	16	42	46	53	54	56	57	62	64	65	67	68	69	73	74	75	76	78	79	85	86	88	89	96	99	100	110	111	132	#
25	1980.57	46	54	55	56	57	65	66	67	68	69	76	77	78	79	80	81	87	88	89	90	92	99	100	101	102	110	111	112	126	132	#
26	1966.08	10	20	21	29	30	31	32	38	39	40	41	42	43	50	51	52	53	60	61	62	63	64	65	74	75	76	85	101	121	132	#
27	1961.74	36	38	47	49	50	58	59	60	61	62	68	69	70	71	73	79	80	81	82	90	91	92	93	101	102	103	104	114	115	132	#
28	503.29	6	7	8	17	18	19	20	47	58	133	#
29	666.948	39	41	46	47	48	51	58	59	69	133	#
30	654.829	47	48	49	57	58	59	60	68	71	133	#
31	600.662	6	7	8	9	10	17	18	19	29	133	#
32	585.915	6	7	8	18	19	29	30	40	51	133	#
33	582.976	7	8	9	10	18	19	28	29	30	133	#
34	563.88	2	13	14	24	25	26	27	34	35	36	37	38	45	134	#
35	807.113	24	33	35	44	45	46	47	55	56	57	69	70	95	134	#
36	795.713	23	33	34	44	45	46	47	55	56	57	66	67	77	134	#
37	653.986	12	22	23	24	33	34	35	44	45	46	56	57	58	134	#
38	631.345	2	3	4	5	13	14	15	22	23	24	25	26	34	134	#
39	616.203	0	1	2	3	8	9	11	13	14	23	24	35	45	134	#
40	518.507	25	26	27	36	37	38	48	49	135	#
41	527.299	16	26	27	37	38	48	49	59	135	#
42	504.196	35	36	37	48	59	105	116	117	135	#
43	484.494	13	15	25	26	36	37	48	66	135	#
44	481.981	4	5	14	15	16	26	27	28	135	#
45	443.344	5	15	16	26	37	38	48	49	135	#
46	544.018	78	79	88	89	99	100	101	110	111	112	136	#
47	695.473	70	71	80	81	89	90	91	100	101	102	136	#
48	662.04	81	82	88	89	93	99	104	110	111	112	136	#
49	588.046	59	70	81	82	90	93	99	100	101	111	136	#
50	580.686	69	77	78	79	80	81	88	89	100	101	136	#
51	542.145	58	68	69	78	79	80	88	89	99	100	136	#
52	712.798	12	23	66	77	88	89	99	100	101	110	137	#
53	696.412	34	35	45	46	56	66	67	78	89	124	137	#
54	690.681	88	89	99	100	101	102	103	113	114	115	137	#
55	585.908	88	89	90	94	95	99	100	101	110	111	137	#
56	581.887	1	2	11	12	13	22	25	33	95	106	137	#
57	540.105	77	88	89	90	99	100	101	110	111	112	137	#
58	688.555	8	9	19	20	21	31	32	42	43	53	54	138	#
59	888.464	31	32	39	40	41	42	51	53	63	64	65	138	#
60	824.18	30	32	41	42	43	51	54	64	65	76	101	138	#
61	801.331	7	8	9	10	18	19	20	21	31	32	124	138	#
62	782.325	7	9	10	18	19	20	21	31	32	42	43	138	#
63	767.111	9	20	21	31	32	42	43	53	54	64	65	138	#
64	152.822	42	53	54	139	#
65	206.291	52	53	65	139	#
66	189.733	43	54	65	139	#
67	164.644	40	41	42	139	#
68	237.078	88	89	140	#
69	137.29	89	99	140	#
70	61.7757	44	127	141	#
71	82.0622	44	45	141	#
72	408.878	92	100	101	102	103	104	142	#
73	384.773	81	91	92	93	102	103	142	#
74	380.152	90	91	92	101	102	103	142	#
75	366.938	79	80	91	92	102	104	142	#
76	366.628	80	81	92	102	103	104	142	#
77	263.894	78	89	99	100	111	112	142	#
78	451.328	80	81	91	92	103	113	114	115	143	#
79	549.233	92	102	103	104	114	115	116	117	143	#
80	515.243	80	81	82	90	91	92	93	101	143	#
81	471.145	81	92	93	102	103	104	105	113	143	#
82	442.057	73	83	84	92	96	103	114	115	143	#
83	435.38	67	78	79	80	81	82	91	92	143	#
84	1876.24	39	40	41	46	47	48	49	50	51	52	62	63	64	71	72	73	74	75	76	83	84	85	86	87	90	91	92	94	95	96	97	98	107	108	109	118	144	#
85	2534.73	25	27	28	36	37	38	39	40	43	48	49	51	52	53	54	59	60	61	62	63	64	65	69	70	71	72	73	75	76	83	84	87	95	96	98	109	144	#
86	2519.82	51	52	53	59	60	61	62	63	64	65	71	72	73	74	75	76	83	84	85	86	87	95	96	97	98	104	105	106	107	108	109	116	117	118	119	120	144	#
87	2361.06	4	5	13	15	16	24	25	26	27	36	37	38	48	49	50	59	60	62	63	71	72	73	83	84	92	94	103	104	105	113	114	115	116	117	118	119	144	#
88	2338.71	28	29	30	34	35	36	38	39	40	41	44	45	46	48	49	50	51	52	55	56	57	58	59	60	61	62	66	67	68	71	75	76	77	87	98	109	144	#
89	2318.87	4	39	40	49	50	51	52	53	54	62	63	64	65	72	73	74	75	76	83	84	85	86	87	95	96	97	98	105	107	108	109	116	117	118	119	120	144	#
90	1057.69	40	41	44	46	51	55	56	61	62	66	67	90	91	92	101	102	103	119	145	#
91	1308.98	27	28	29	30	38	39	40	41	42	49	50	51	52	60	62	63	65	76	145	#
92	1291.42	33	34	35	36	37	45	46	47	48	55	56	57	58	59	66	67	73	89	145	#
93	1283.75	45	46	47	55	56	57	58	59	66	67	68	69	70	71	77	79	88	90	145	#
94	1265.18	62	73	74	75	84	85	95	96	97	106	107	108	109	116	117	118	119	120	145	#
95	1149.85	9	25	26	37	39	48	49	50	51	58	59	60	61	62	71	72	73	83	145	#
96	629.387	5	13	15	24	25	26	35	36	37	83	84	146	#
97	740.475	2	12	13	52	53	54	64	65	68	75	79	146	#
98	692.006	4	5	13	14	15	24	25	26	27	28	39	146	#
99	687.966	23	24	25	26	27	34	35	36	37	48	87	146	#
100	657.797	6	7	8	9	18	19	25	36	37	47	121	146	#
101	649.56	2	4	5	13	14	15	16	25	26	27	37	146	#
102	277.704	49	50	60	70	71	72	147	#
103	393.02	37	38	39	49	50	61	147	#
104	340.005	28	39	40	41	50	51	147	#
105	329.486	47	57	58	59	70	71	147	#
106	241.749	72	83	84	94	95	96	147	#
107	480.905	28	29	39	50	51	75	117	148	#
108	471.935	39	40	41	50	51	104	105	148	#
109	450.506	74	75	76	85	87	98	121	148	#
110	403.226	18	28	29	30	39	40	41	148	#
111	380.813	92	103	104	105	115	116	117	148	#
112	376.819	6	7	17	18	28	29	30	148	#
113	303.406	1	12	13	149	#
114	299.829	11	12	23	149	#
115	294.101	1	2	13	149	#
116	139.937	2	13	25	149	#
117	2210.61	27	28	29	30	37	38	39	40	41	42	43	48	49	50	51	52	53	54	59	60	61	62	63	64	65	72	73	74	75	83	84	85	86	87	96	97	98	150	#
118	2681.37	9	10	19	20	21	31	32	40	41	42	43	51	52	53	54	56	62	63	64	65	73	74	75	76	84	85	86	87	95	96	97	98	106	108	109	119	120	150	#
119	2674.4	27	38	39	40	41	48	49	50	51	52	53	59	60	61	62	63	64	65	69	70	71	72	73	74	75	81	82	84	85	95	96	97	107	109	118	119	120	150	#
120	2603.99	7	18	19	20	21	27	28	29	30	31	32	40	41	42	43	51	52	53	54	62	63	64	65	73	74	83	84	85	94	95	96	97	105	106	109	119	120	150	#
121	2537.38	5	7	9	15	16	18	19	20	21	27	28	29	30	31	32	40	41	42	43	51	52	53	54	62	63	64	65	73	74	75	81	85	90	91	92	96	101	150	#
122	2469.59	2	5	6	7	8	9	10	16	17	18	19	20	21	27	28	29	30	31	32	38	39	40	41	42	43	49	51	52	54	62	63	72	73	74	75	85	90	150	#
123	565.724	42	52	53	54	63	64	65	74	75	76	86	151	#
124	826.995	63	64	72	73	74	75	85	96	97	107	108	151	#
125	790.834	45	63	71	72	73	74	75	84	85	86	96	151	#
126	770.265	63	64	65	73	74	75	76	84	85	86	96	151	#
127	750.449	4	15	25	26	27	28	37	65	76	87	98	151	#
128	719.201	52	53	62	63	64	65	73	74	75	76	86	151	#
129	787.48	24	25	26	35	36	37	38	44	45	46	47	48	55	56	57	66	123	152	#
130	1140.35	49	52	53	54	60	61	62	63	64	73	74	75	76	85	86	87	123	152	#
131	1096.5	34	35	36	45	46	55	56	57	58	59	66	68	77	79	90	101	102	152	#
132	1094.04	5	15	24	25	26	27	34	35	36	37	38	48	49	59	60	81	92	152	#
133	1092.08	21	33	35	44	45	46	55	56	57	58	59	97	108	109	118	119	120	152	#
134	1028.02	11	12	13	23	24	33	34	35	36	38	39	41	44	45	46	51	57	152	#
135	284.833	57	68	69	78	79	89	99	153	#
136	368.314	58	68	69	70	79	81	82	153	#
137	336.41	55	56	58	67	68	69	78	153	#
138	306.544	77	85	86	88	99	100	111	153	#
139	277.199	47	58	69	78	79	80	89	153	#
140	262.673	67	68	78	79	89	100	101	153	#
141	1440.59	57	67	68	78	79	80	81	89	90	91	92	93	102	103	104	105	107	113	114	115	116	117	118	154	#
142	1618.25	42	57	58	68	69	78	79	80	81	82	89	90	91	92	100	101	102	103	104	105	111	115	117	154	#
143	1498.7	9	10	13	19	20	21	23	24	31	32	35	42	43	53	81	93	104	105	114	115	116	117	118	154	#
144	1481.1	9	79	80	81	82	91	92	93	94	96	97	103	104	105	107	108	109	114	115	116	117	119	120	154	#
145	1474.65	76	81	82	87	91	92	96	97	98	103	104	105	107	108	109	113	114	115	116	117	118	119	120	154	#
146	1467.84	6	9	17	18	19	20	58	69	79	80	81	82	91	92	93	102	103	104	105	114	115	116	117	154	#
147	219.249	4	5	15	16	20	155	#
148	289.902	4	15	16	26	37	155	#
149	156.21	4	5	14	15	16	155	#
150	81.7215	16	#
151	287.773	96	97	107	108	119	156	#
152	342.17	83	84	85	95	96	156	#
153	313.543	96	97	107	117	118	156	#
154	302.79	97	109	118	119	120	156	#
155	279.434	107	108	109	119	120	156	#
156	259.951	107	108	109	118	119	156	#
157	677.054	30	31	41	42	51	52	53	54	63	64	65	157	#
158	797.792	26	27	28	38	39	41	42	51	52	53	62	157	#
159	781.035	31	40	41	42	53	54	62	63	64	65	75	157	#
160	773.861	30	39	40	41	42	51	52	53	54	62	65	157	#
161	746.191	18	19	43	52	53	54	64	65	68	75	86	157	#
162	744.002	30	39	41	42	43	51	52	53	54	62	65	157	#
163	67.4571	89	#
164	480.07	89	90	100	101	102	111	158	#
165	488.178	78	79	80	90	101	102	158	#
166	469.391	91	97	101	102	107	108	158	#
167	378.726	66	77	88	99	100	101	158	#
168	358.466	88	89	99	100	110	111	158	#
169	344.562	53	89	99	110	111	112	158	#
170	989.866	38	39	49	50	79	81	90	91	92	93	102	103	104	115	159	#
171	1204.7	27	38	39	49	50	97	98	107	108	109	116	117	118	119	159	#
172	1076.77	26	27	28	37	38	39	40	48	49	50	58	59	61	69	159	#
173	1062.77	53	81	84	85	92	93	94	95	96	103	104	105	106	117	159	#
174	968.204	15	16	27	36	37	38	39	40	48	49	50	51	59	60	159	#
175	957.578	81	83	92	93	94	95	103	104	105	113	114	115	116	117	159	#
176	251.988	0	1	2	160	#
177	184.206	0	11	12	160	#
178	149.608	1	2	11	160	#
179	136.711	1	2	3	160	#
180	1216.21	0	1	2	3	4	11	12	13	14	15	22	23	24	25	33	36	41	42	44	45	55	56	66	161	#
181	1678.86	29	30	39	40	41	42	43	51	52	53	54	62	63	64	71	72	73	74	75	76	85	86	96	161	#
182	1595.67	6	27	28	29	30	31	38	39	40	41	42	49	50	51	52	53	61	62	63	71	72	73	84	161	#
183	1592.88	0	1	2	3	11	12	13	14	22	24	33	34	85	96	97	107	108	109	116	117	118	119	120	161	#
184	1439.92	0	1	2	3	4	5	11	12	13	14	21	22	24	33	34	35	44	55	97	107	108	109	120	161	#
185	1389.38	1	11	22	23	24	25	33	34	35	36	44	45	55	56	59	67	89	97	98	108	109	119	120	161	#
186	887.567	59	60	61	70	71	81	82	92	93	104	105	116	162	#
187	813.358	70	81	82	92	93	103	104	105	115	116	117	118	162	#
188	783.217	91	92	93	101	102	103	104	105	114	115	116	117	162	#
189	732.943	43	48	54	59	60	70	80	81	82	92	93	104	162	#
190	725.855	81	82	91	92	93	103	104	105	113	114	115	116	162	#
191	712.566	82	90	91	92	93	103	104	105	113	114	117	118	162	#
192	200.483	7	8	9	163	#
193	222.094	7	18	19	163	#
194	194.702	8	9	19	163	#
195	924.616	59	60	61	63	64	70	71	72	73	74	75	80	81	82	83	164	#
196	1052.43	43	50	53	54	61	62	63	64	65	73	74	75	76	84	87	164	#
197	984.814	30	40	41	52	53	54	61	62	63	64	65	73	74	75	76	164	#
198	961.228	28	37	39	48	49	50	59	60	61	62	70	71	73	96	97	164	#
199	945.958	49	60	68	71	72	73	78	79	83	89	94	99	100	101	110	164	#
200	942.715	13	31	32	41	42	43	52	53	54	63	64	65	75	76	86	164	#
201	918.945	13	23	24	25	33	34	35	36	37	45	46	47	48	57	58	59	83	84	95	165	#
202	1372.16	39	40	50	53	54	57	58	59	60	61	64	65	68	69	71	76	79	80	87	165	#
203	1269.22	36	45	46	47	48	56	57	58	59	60	61	62	68	69	70	71	72	73	124	165	#
204	1231.75	30	40	60	62	63	64	65	71	72	73	74	75	83	84	85	86	95	96	97	165	#
205	1211.17	58	59	69	70	80	81	82	84	92	93	94	95	96	103	104	105	106	115	116	165	#
206	1141.3	62	63	69	70	71	72	73	74	75	76	79	83	84	85	86	87	94	95	96	165	#
207	142.313	93	94	104	115	116	#
208	121.706	91	92	#
209	151.228	109	120	166	#
210	131.647	119	120	166	#
211	1104.32	35	46	55	56	57	58	66	67	68	69	70	77	78	79	80	81	88	89	91	92	93	99	100	101	110	111	112	167	#
212	1581.37	44	46	48	49	56	57	59	60	61	67	68	69	70	71	78	79	81	82	88	89	92	93	99	100	104	105	117	167	#
213	1527.76	3	4	5	14	15	16	37	38	39	48	49	68	69	70	71	79	81	82	91	92	93	101	102	103	104	114	115	167	#
214	1500.65	33	44	45	55	56	66	67	68	69	70	71	72	73	77	78	79	81	88	89	92	99	100	101	103	110	111	112	167	#
215	1496.01	57	60	67	68	69	70	71	72	73	78	79	80	81	82	84	85	89	91	92	93	102	103	104	113	114	115	116	167	#
216	1467.98	35	41	44	45	46	51	52	53	55	56	57	62	63	64	66	67	68	73	74	77	78	79	85	86	88	89	96	167	#
217	166.937	33	44	45	168	#
218	189.219	35	36	45	168	#
219	159.797	33	44	55	168	#
220	209.938	40	41	51	52	169	#
221	302.725	29	30	40	51	169	#
222	294.601	51	52	63	64	169	#
223	236.584	39	40	41	42	169	#
224	789.887	73	74	75	83	84	85	86	94	95	96	97	106	108	109	170	#
225	1073.11	41	43	52	53	54	62	63	64	65	73	74	75	86	92	170	#
226	1062.72	61	62	63	74	81	83	84	85	93	94	95	96	103	104	170	#
227	1035.86	41	50	51	52	61	62	73	84	86	95	96	97	107	108	170	#
228	1024.3	28	53	54	63	64	65	73	74	75	84	85	95	96	97	170	#
229	987.09	61	62	63	73	74	84	85	93	94	95	96	106	113	116	170	#
230	153.78	60	61	171	#
231	135.126	50	61	171	#
232	119.896	60	71	171	#
233	383.655	0	1	2	3	11	12	13	23	172	#
234	431.344	2	3	4	5	13	14	15	16	172	#
235	389.922	0	1	2	11	12	22	23	34	172	#
236	374.058	1	2	3	4	11	12	13	14	172	#
237	368.512	0	1	2	3	11	12	22	23	172	#
238	362.136	0	1	11	12	13	22	23	24	172	#
239	562.026	30	41	42	43	52	53	54	63	64	65	74	75	76	173	#
240	766.792	13	20	21	23	24	31	32	43	53	54	64	65	76	173	#
241	766.04	51	52	62	63	65	74	75	76	85	86	96	97	109	173	#
242	735.368	52	53	63	64	65	73	74	75	76	84	85	86	87	173	#
243	730.545	51	53	61	62	63	64	65	73	74	75	76	84	87	173	#
244	713.957	28	29	30	31	39	40	41	42	51	52	63	95	106	173	#
245	107.47	92	103	174	#
246	157.755	81	92	174	#
247	310.626	47	57	58	68	69	115	175	#
248	448.052	103	104	105	114	115	116	175	#
249	285.857	45	47	56	57	58	68	175	#
250	274.362	35	45	46	47	55	66	175	#
251	269.433	57	58	59	68	69	79	175	#
252	264.865	26	37	48	67	68	78	175	#
253	342.655	9	20	21	32	176	#
254	453.531	21	32	36	48	176	#
255	222.411	9	10	20	21	176	#
256	219.476	9	10	19	20	176	#
257	399.956	91	92	93	94	104	105	115	177	#
258	535.835	87	98	104	109	115	116	120	177	#
259	451.364	104	105	107	115	116	117	118	177	#
260	397.584	82	92	93	104	105	115	116	177	#
261	291.555	91	92	93	101	102	103	104	177	#
262	278.913	82	84	93	94	95	96	106	177	#
263	349.416	1	11	22	23	33	178	#
264	373.123	0	1	11	12	23	178	#
265	277.014	1	11	12	22	23	178	#
266	273.604	12	22	23	33	34	178	#
267	264.191	0	1	2	3	11	178	#
268	29.9462	30	41	#
269	657.941	27	36	37	38	39	48	49	179	#
270	650.584	38	39	50	51	52	62	63	179	#
271	647.749	27	36	38	48	49	50	71	179	#
272	641.175	4	5	15	16	26	27	38	179	#
273	491.703	36	37	38	39	47	49	60	179	#
274	489.175	23	24	25	36	37	48	49	179	#
275	242.526	103	113	114	115	180	#
276	357.19	104	115	116	117	180	#
277	301.981	39	53	65	114	180	#
278	198.297	92	103	113	114	180	#
279	193.091	92	103	104	113	180	#
280	1542.52	6	7	8	9	10	17	18	19	20	21	28	29	30	31	32	39	40	41	42	51	52	53	54	62	63	65	74	76	181	#
281	1906.92	0	9	10	18	19	20	21	31	32	39	40	41	42	43	51	52	53	54	62	64	65	73	75	76	83	84	86	94	181	#
282	1776.8	7	8	9	10	18	19	20	21	30	31	32	38	39	40	41	42	43	50	51	52	53	54	60	61	62	65	73	76	181	#
283	1750.7	5	17	18	27	28	29	30	31	32	38	39	40	41	42	43	51	52	53	54	62	63	64	65	73	75	76	84	86	181	#
284	1731.5	30	31	32	39	40	41	42	43	51	52	53	54	62	63	64	65	72	73	74	75	76	83	84	85	86	87	95	98	181	#
285	1711.01	8	9	10	18	19	20	21	28	29	30	31	32	38	39	40	41	42	43	50	51	52	53	54	61	62	64	65	76	181	#
286	623.261	10	23	34	35	44	45	46	47	55	56	57	66	67	68	182	#
287	877.091	47	56	58	59	67	68	69	78	79	80	90	91	101	102	182	#
288	838.12	67	68	69	78	79	80	81	90	91	92	101	102	103	104	182	#
289	760.409	18	25	28	29	34	36	44	45	46	47	56	57	58	66	182	#
290	751.956	34	44	45	46	47	55	56	57	66	67	77	78	79	123	182	#
291	728.606	17	18	29	44	45	46	55	56	62	63	66	67	68	74	182	#
292	715.792	80	81	92	93	94	95	101	102	103	104	113	114	115	183	#
293	885.209	1	15	25	26	36	37	47	48	80	81	90	91	102	183	#
294	767.885	29	30	40	41	78	79	80	89	90	99	100	101	102	183	#
295	764.634	81	91	92	101	102	103	104	105	113	114	115	116	117	183	#
296	757.748	7	8	18	19	20	70	80	81	91	92	103	104	115	183	#
297	679.697	90	91	92	100	101	102	103	104	105	113	114	115	116	183	#
298	1724.73	23	27	28	29	30	39	40	41	42	51	52	53	65	81	83	84	85	92	93	94	95	96	106	117	118	127	184	#
299	1970.61	10	18	19	20	21	28	29	31	32	40	41	42	43	50	51	52	53	54	60	61	62	63	64	65	75	76	184	#
300	1947.7	1	9	18	19	20	21	28	29	30	31	32	38	39	40	41	42	43	50	51	52	53	54	62	64	65	126	184	#
301	1915.53	9	10	18	19	20	21	29	30	31	32	40	41	42	43	51	52	53	54	63	64	65	75	76	87	98	127	184	#
302	1879.95	9	10	20	21	29	30	31	32	39	40	41	42	43	50	51	52	53	54	61	62	63	64	65	73	75	76	184	#
303	1803.89	27	28	29	30	31	38	39	40	41	42	49	50	51	52	53	54	61	81	82	92	93	103	104	105	114	117	184	#
304	260.686	62	73	74	85	185	#
305	329.182	61	62	73	84	185	#
306	199.686	51	62	73	74	185	#
307	174.615	2	73	74	85	185	#
308	150.367	74	84	85	86	185	#
309	1028.71	7	8	9	10	18	19	20	21	31	32	42	43	52	53	54	65	186	#
310	1237.6	9	10	19	20	21	31	32	84	91	95	96	101	102	108	109	119	186	#
311	1109.76	6	7	8	9	10	17	18	19	20	21	28	29	30	31	32	40	186	#
312	1098.62	10	19	20	21	31	32	42	43	53	54	61	62	63	64	65	76	186	#
313	1095.47	7	8	9	10	17	18	19	91	92	103	104	105	114	115	116	117	186	#
314	1089.68	29	30	31	32	39	40	41	42	43	51	52	53	54	63	65	76	186	#
315	612.712	28	38	39	48	49	50	59	60	61	187	#
316	728.735	27	38	48	49	60	93	104	105	117	187	#
317	640.005	28	38	39	49	51	59	60	61	71	187	#
318	527.186	24	25	36	37	38	48	59	70	81	187	#
319	523.566	5	16	17	18	26	27	28	29	39	187	#
320	520.571	26	27	37	38	48	49	50	61	62	187	#
321	203.169	107	114	117	118	188	#
322	179.653	97	107	108	119	188	#
323	126.468	63	102	103	114	188	#
324	397.733	97	98	108	109	119	120	189	#
325	568.736	107	108	117	118	119	120	189	#
326	497.069	71	107	117	118	119	120	189	#
327	467.908	2	97	107	109	118	120	189	#
328	446.812	97	98	109	118	119	120	189	#
329	388.926	97	107	108	109	119	120	189	#
330	357.372	89	90	91	100	101	102	190	#
331	453.462	57	58	69	78	79	90	190	#
332	446.15	91	101	102	107	108	109	190	#
333	293.662	78	89	100	101	102	111	190	#
334	277.095	91	92	93	102	103	115	190	#
335	249.855	88	89	99	100	110	111	190	#
336	228.041	71	72	73	191	#
337	170.797	73	74	84	191	#
338	155.84	60	71	72	191	#
339	122.514	71	89	99	191	#
340	166.792	59	60	192	#
341	168.859	58	59	192	#
342	89.7703	49	60	192	#
343	124.692	33	79	193	#
344	178.759	33	34	193	#
345	98.2714	78	79	193	#
346	39.6726	2	#
347	1205.23	3	4	5	15	16	27	38	84	95	96	97	106	107	108	109	118	119	194	#
348	1476.23	78	79	80	84	85	95	96	97	105	106	107	108	109	116	117	118	119	194	#
349	1453.76	84	87	92	96	97	98	103	104	105	107	108	109	116	117	118	119	120	194	#
350	1429.46	76	84	87	92	96	97	98	104	105	107	108	109	116	117	118	119	120	194	#
351	1394.45	83	84	85	95	96	97	98	105	106	107	108	109	116	117	118	119	120	194	#
352	1242.97	53	63	64	73	74	75	84	85	86	95	96	97	107	108	109	119	120	194	#
353	638.055	4	5	15	16	25	26	27	28	37	38	39	40	49	50	195	#
354	919.072	4	5	8	9	15	16	19	26	27	28	37	38	39	50	195	#
355	897.223	4	15	16	26	27	36	37	48	64	65	75	76	86	87	195	#
356	865.079	5	9	15	16	20	21	26	27	31	32	37	38	39	42	195	#
357	824.879	4	14	15	16	26	27	28	37	38	39	40	48	50	61	195	#
358	805.28	4	5	14	15	16	25	26	27	36	37	47	48	59	101	195	#
359	576.884	47	57	58	59	68	69	70	78	79	80	81	90	196	#
360	786.026	10	21	57	58	59	68	69	70	79	80	90	91	196	#
361	721.402	9	57	68	69	70	78	79	89	90	91	100	101	196	#
362	705.703	57	59	67	68	69	70	78	79	80	81	89	90	196	#
363	652.934	68	69	70	78	79	80	89	90	91	100	101	102	196	#
364	605.311	57	58	69	78	79	80	91	92	93	103	104	113	196	#
365	378.271	89	90	99	100	101	197	#
366	340.672	89	99	100	101	111	197	#
367	325.627	57	68	78	79	90	197	#
368	265.9	77	88	89	99	110	197	#
369	249.399	78	89	99	100	110	197	#
370	190.68	100	101	102	110	111	197	#
371	367.564	90	91	92	102	198	#
372	362.244	91	92	101	102	198	#
373	324.039	91	102	103	104	198	#
374	320.584	90	91	101	102	198	#
375	288.824	80	91	92	93	198	#
376	497.093	55	66	77	88	89	99	100	110	111	112	199	#
377	563.406	55	66	68	70	71	79	80	81	82	93	199	#
378	551.403	44	45	56	57	66	77	88	89	99	110	199	#
379	523.51	79	88	89	90	99	100	101	110	111	112	199	#
380	519.589	88	89	90	99	100	101	102	110	111	112	199	#
381	513.768	44	55	56	66	67	68	77	78	79	88	199	#
382	446.276	40	41	51	52	62	63	200	#
383	537.648	39	40	51	52	62	63	200	#
384	457.717	51	52	53	54	62	63	200	#
385	349.837	41	42	52	53	63	65	200	#
386	348.445	62	63	73	74	84	85	200	#
387	307.108	30	40	41	42	51	52	200	#
388	631.279	27	28	29	30	39	40	41	51	52	201	#
389	737.403	29	30	40	41	51	52	62	72	73	201	#
390	733.276	29	30	39	40	41	42	51	52	53	201	#
391	708.254	28	29	30	39	40	41	51	52	53	201	#
392	695.139	29	30	40	41	42	51	52	53	65	201	#
393	665.128	40	41	42	51	52	53	54	64	65	201	#
394	831.474	0	44	55	56	57	58	66	67	68	69	77	78	79	80	89	202	#
395	822.8	35	36	38	46	48	56	57	58	59	62	66	73	84	96	97	202	#
396	818.862	32	43	47	57	58	59	67	68	69	70	71	78	79	80	81	202	#
397	807.237	16	26	27	28	36	37	38	47	48	49	60	61	69	79	80	202	#
398	778.681	27	34	35	44	45	46	55	56	57	58	59	66	67	73	84	202	#
399	774.595	67	68	77	78	79	80	81	88	89	93	99	100	110	111	112	202	#
400	120.259	95	#
401	157.883	88	99	111	203	#
402	219.247	89	99	100	203	#
403	158.322	100	111	#
404	138.252	69	79	204	#
405	115.718	79	80	204	#
406	361.343	53	54	64	65	205	#
407	418.668	53	64	65	75	205	#
408	345.773	52	53	64	65	205	#
409	342.203	43	54	65	76	205	#
410	358.086	81	82	83	84	93	94	95	96	206	#
411	535.532	79	80	81	82	92	93	104	115	206	#
412	447.286	30	40	51	73	83	84	94	95	206	#
413	388.076	47	50	60	61	71	72	73	84	206	#
414	348.895	73	84	85	86	94	95	96	106	206	#
415	325.882	72	73	83	84	93	94	95	96	206	#
416	288.59	8	9	19	207	#
417	254.344	9	19	20	207	#
418	185.246	8	9	20	207	#
419	225.149	25	35	36	46	48	208	#
420	245.213	34	35	36	48	49	208	#
421	214.588	23	24	25	26	36	208	#
422	205.515	24	35	36	37	46	208	#
423	193.497	25	36	48	49	50	208	#
424	358.997	56	57	58	59	60	68	78	209	#
425	424.139	45	46	56	57	58	59	60	209	#
426	417.148	36	46	47	48	58	59	101	209	#
427	407.529	68	69	78	79	89	90	91	209	#
428	390.954	49	59	60	70	71	72	83	209	#
429	365.186	26	27	38	48	58	59	70	209	#
430	657.253	53	54	63	64	65	73	74	75	76	87	210	#
431	822.173	53	64	65	73	74	75	84	85	86	95	210	#
432	811.602	62	73	74	75	76	85	86	87	96	98	210	#
433	774.515	53	64	65	74	75	76	85	86	87	98	210	#
434	744.406	52	53	54	64	65	75	76	85	86	87	210	#
435	744.399	53	54	65	76	87	90	91	101	102	103	210	#
436	266.589	2	3	4	14	15	211	#
437	386.734	4	5	15	26	92	211	#
438	385.535	4	5	14	15	26	211	#
439	299.765	3	4	5	14	15	211	#
440	207.477	3	4	14	15	16	211	#
441	662.627	9	20	31	32	42	43	53	54	63	64	65	75	212	#
442	799.414	30	40	41	52	63	64	65	74	75	76	87	98	212	#
443	766.465	8	9	18	19	40	41	51	52	53	59	64	65	212	#
444	759.237	42	51	52	53	63	64	65	74	75	76	86	87	212	#
445	752.055	7	8	9	10	12	18	19	20	21	22	33	34	212	#
446	746.498	42	43	52	53	54	62	63	64	65	74	75	76	212	#
447	1152.61	45	56	66	68	77	78	79	80	88	89	90	99	100	101	102	103	104	110	111	112	213	#
448	1322.17	38	39	49	50	51	60	61	62	68	77	78	79	88	89	99	100	101	110	111	112	213	#
449	1269.31	45	46	57	68	69	70	79	80	81	90	91	92	93	100	101	102	103	111	112	113	213	#
450	1251.71	57	68	69	70	78	79	80	81	90	91	92	93	99	100	101	102	103	110	111	117	213	#
451	1168.94	47	48	58	59	68	69	70	79	80	81	82	90	91	92	93	94	101	102	103	104	213	#
452	1168.22	23	33	34	44	45	46	56	57	67	68	69	79	80	90	91	103	114	115	116	117	213	#
453	330.791	84	95	96	97	107	108	109	119	214	#
454	452.169	38	49	50	60	107	118	119	120	214	#
455	409.494	95	96	97	107	108	109	119	120	214	#
456	331.547	92	93	94	95	96	102	103	106	214	#
457	320.761	73	83	84	85	86	94	95	96	214	#
458	2279.15	1	25	26	28	29	36	37	39	48	49	50	58	59	60	61	67	68	69	70	71	72	79	80	81	83	90	91	92	93	94	101	102	103	104	115	215	#
459	2587.36	28	37	38	39	48	49	50	58	59	60	62	69	70	71	72	73	79	81	82	83	84	85	90	92	93	94	95	96	104	105	106	117	118	119	120	215	#
460	2521.41	1	2	11	12	13	18	22	23	24	25	26	27	29	33	35	36	37	38	48	49	52	59	60	62	63	71	72	73	83	84	85	95	96	97	123	215	#
461	2387.2	31	35	36	42	43	51	52	53	54	60	62	65	71	72	73	81	82	83	84	90	91	92	93	94	95	96	102	103	104	105	106	114	115	116	117	215	#
462	2374.45	25	26	28	36	37	38	39	48	49	50	51	58	59	60	61	63	68	69	70	71	72	73	74	75	81	82	83	84	85	92	93	96	97	104	107	215	#
463	2349.43	3	4	5	8	9	15	16	18	19	25	26	27	28	29	30	35	37	38	39	46	48	49	50	51	52	58	59	60	61	71	72	88	89	99	122	215	#
464	349.258	30	40	56	57	66	77	216	#
465	450.759	45	46	55	56	66	77	216	#
466	422.563	45	55	56	57	66	77	216	#
467	412.734	44	45	55	56	66	77	216	#
468	226.89	0	11	27	28	30	41	216	#
469	197.2	24	35	45	46	56	57	216	#
470	72.2725	9	19	20	#
471	140.896	72	73	#
472	254.973	32	42	43	53	217	#
473	291.206	40	41	42	51	217	#
474	279.378	31	32	42	43	217	#
475	193.203	53	63	64	99	217	#
476	190.672	21	32	43	54	217	#
477	482.188	103	104	105	114	115	116	117	218	#
478	479.076	70	81	82	92	103	104	113	218	#
479	476.821	80	91	92	101	102	103	115	218	#
480	457.948	93	102	103	104	105	115	116	218	#
481	435.26	92	102	103	104	113	114	115	218	#
482	422.311	91	92	93	102	103	104	115	218	#
483	1175.38	38	45	55	56	66	67	68	69	77	78	79	88	89	99	100	101	102	110	111	112	219	#
484	1344.02	28	37	38	39	48	49	59	60	71	79	88	89	90	91	99	100	101	102	111	112	219	#
485	1269.46	33	34	56	67	68	69	78	79	80	81	88	89	90	91	99	100	101	102	103	111	219	#
486	1254.21	59	60	61	67	68	69	70	71	78	79	80	81	89	90	91	92	102	103	104	115	219	#
487	1237.73	7	8	9	10	17	18	19	66	68	77	78	88	89	99	100	101	102	110	111	112	219	#
488	1236.03	79	80	88	89	90	91	92	93	94	99	100	101	102	103	104	105	111	112	114	116	219	#
489	135.418	44	55	220	#
490	187.933	55	56	220	#
491	54.1518	127	#
492	974.304	68	69	79	80	90	91	92	100	101	102	103	104	110	111	113	114	115	116	221	#
493	1130.08	9	10	15	16	20	21	26	27	31	32	37	38	42	43	53	54	101	102	221	#
494	1113.22	55	66	67	68	75	76	77	78	79	88	89	90	99	100	101	110	111	112	221	#
495	1078.87	48	59	68	69	70	80	81	91	92	100	101	102	103	104	113	114	115	120	221	#
496	1047.3	4	5	15	77	78	79	88	89	90	91	92	99	100	101	102	110	111	112	221	#
497	1006.12	69	77	78	79	80	81	88	89	90	91	92	93	99	100	101	102	103	104	221	#
498	1976.54	5	15	16	26	27	69	70	71	72	73	74	75	81	82	83	84	85	86	87	93	94	95	96	97	98	104	107	108	109	118	120	222	#
499	2093.34	17	18	29	38	39	40	51	52	61	62	71	72	73	83	84	85	87	93	94	95	96	97	98	107	108	109	116	117	118	119	120	222	#
500	2083.62	51	52	61	62	63	64	65	71	72	73	74	75	76	83	84	85	86	87	94	95	96	97	98	106	107	108	109	117	118	119	120	222	#
501	2046.88	16	39	50	61	62	63	64	65	71	72	73	74	75	76	83	84	85	86	87	95	96	97	98	107	108	109	116	117	118	119	120	222	#
502	2008.8	31	42	52	53	60	61	62	63	64	65	71	72	73	74	75	76	83	84	85	86	87	94	95	96	97	98	106	107	108	109	120	222	#
503	1951.72	7	9	10	18	19	20	29	30	38	39	40	41	42	49	51	52	53	54	62	63	64	65	72	73	74	75	76	83	84	85	87	222	#
504	217.475	75	76	87	223	#
505	290.059	87	98	126	223	#
506	236.848	75	76	86	223	#
507	151.583	9	20	75	223	#
508	571.509	11	12	13	22	23	33	34	35	224	#
509	536.806	33	34	35	36	45	46	56	57	224	#
510	482.624	1	11	12	22	33	34	45	89	224	#
511	479.908	12	22	23	44	55	80	91	102	224	#
512	473.525	23	24	33	34	35	44	45	46	224	#
513	430.444	3	22	23	33	34	35	44	45	224	#
514	675.874	12	13	14	23	24	25	35	36	37	47	57	58	68	225	#
515	871.977	15	26	27	28	35	36	37	46	48	49	57	68	79	225	#
516	855.128	45	46	47	57	58	59	68	69	70	71	79	80	91	225	#
517	792.304	15	24	25	26	36	37	38	46	47	48	57	58	69	225	#
518	758.744	13	24	25	35	36	46	47	56	57	58	59	70	122	225	#
519	754.303	22	33	44	45	46	56	57	66	67	68	78	79	89	225	#
520	215.61	44	46	47	55	56	67	226	#
521	233.417	44	46	50	55	56	67	226	#
522	198.877	47	56	57	58	66	67	226	#
523	96.1885	35	36	44	45	46	47	226	#
524	82.4469	24	25	35	36	46	56	226	#
525	214.919	53	54	64	65	227	#
526	308.913	43	54	64	65	227	#
527	275.62	42	52	53	64	227	#
528	182.176	42	43	53	54	227	#
529	1017.68	1	12	18	31	32	42	43	52	53	54	62	63	64	65	73	228	#
530	1090.67	20	21	31	32	39	40	41	42	43	50	51	52	53	65	101	228	#
531	1077.02	9	10	18	19	20	21	31	32	41	42	43	52	53	65	76	228	#
532	1050.98	21	31	32	41	42	43	51	52	53	54	63	64	65	76	87	228	#
533	1045.11	40	41	42	51	52	53	64	65	93	94	104	105	115	116	127	228	#
534	1028.51	20	21	32	42	43	52	53	54	62	63	64	65	74	75	76	228	#
535	80.3	123	#
536	249.299	82	93	104	115	229	#
537	312.193	81	91	92	104	229	#
538	218.475	81	82	93	94	229	#
539	216.12	82	93	94	104	229	#
540	191.664	103	113	115	116	229	#
541	968.506	4	14	97	98	104	105	107	108	109	116	117	118	119	120	230	#
542	1016.15	73	83	84	94	95	96	97	98	107	108	109	117	118	120	230	#
543	1006.82	83	84	85	95	96	97	98	107	108	109	117	118	119	120	230	#
544	1006.36	93	96	97	104	105	107	108	109	115	116	117	118	119	120	230	#
545	992.966	84	96	97	103	105	107	108	109	115	116	117	118	119	120	230	#
546	963.701	62	63	73	83	84	85	95	96	97	107	108	109	119	120	230	#
547	161.096	92	93	103	104	113	114	231	#
548	146.55	6	17	103	113	114	115	231	#
549	131.778	80	81	82	91	92	93	231	#
550	1277.89	44	45	46	55	56	57	66	67	68	69	70	77	78	79	88	89	99	100	101	102	110	111	112	232	#
551	1655.05	36	37	38	39	47	48	49	50	57	58	59	60	61	69	70	71	72	78	79	80	81	88	89	232	#
552	1448.83	9	10	21	23	24	26	27	34	35	36	37	44	45	47	48	55	56	58	66	67	68	69	70	232	#
553	1440.39	23	25	26	33	34	35	36	44	45	46	47	55	56	57	58	66	67	68	69	70	78	79	80	232	#
554	1432.09	57	58	60	61	67	68	69	70	71	78	79	80	88	89	90	91	99	100	101	102	110	111	112	232	#
555	1403.51	24	35	45	46	47	55	56	57	58	59	66	68	69	70	71	78	79	80	87	91	92	98	106	232	#
556	123.757	81	127	233	#
557	104.788	81	92	233	#
558	79.1744	23	127	233	#
559	989.981	49	53	57	58	59	60	61	62	63	64	65	70	71	72	73	74	234	#
560	1192.06	25	35	36	45	46	48	55	56	57	58	59	60	61	62	66	67	234	#
561	1143.41	39	40	41	52	63	64	65	73	74	75	76	84	85	87	95	111	234	#
562	1116.84	39	50	51	59	60	61	62	63	69	70	71	72	73	74	80	81	234	#
563	1116.13	24	60	62	63	64	71	72	73	74	75	84	85	95	96	106	117	234	#
564	1080.95	44	45	46	52	55	63	72	73	74	83	84	85	94	95	96	106	234	#
565	1834.27	6	7	17	18	28	29	30	39	40	41	42	43	50	51	52	53	54	60	61	62	63	64	65	73	74	76	84	87	98	235	#
566	2077.4	39	40	51	52	53	54	61	62	63	64	65	72	73	74	75	76	83	84	85	86	94	95	96	97	106	107	108	119	120	235	#
567	2017.37	39	41	51	52	62	65	73	74	75	82	83	84	85	86	90	91	92	93	94	95	96	97	101	102	103	104	105	106	115	235	#
568	1997.13	29	30	40	41	42	43	51	52	53	54	61	62	63	64	65	73	74	75	76	84	85	86	87	96	97	98	107	109	121	235	#
569	1967.66	30	39	40	41	42	43	51	52	53	54	60	61	62	63	64	65	72	73	74	75	76	83	84	85	86	87	95	96	98	235	#
570	1944.3	28	29	30	39	40	41	48	49	50	51	52	53	55	61	63	64	65	72	73	74	75	76	84	85	86	87	95	96	97	235	#
571	165.19	81	82	93	236	#
572	180.059	70	81	82	236	#
573	2070.34	1	2	3	4	5	11	12	13	14	15	16	22	24	25	26	27	28	29	30	35	36	37	38	39	40	41	42	43	45	50	51	52	53	61	63	64	65	91	102	237	#
574	2499.96	0	1	2	3	4	5	11	12	13	14	15	22	23	24	25	26	27	33	34	35	36	45	46	47	56	57	58	66	69	85	87	95	96	97	98	107	108	109	124	237	#
575	2441.8	0	1	2	3	4	11	12	13	14	22	23	24	25	26	27	33	34	36	38	44	45	46	47	48	49	50	55	56	57	59	60	61	69	70	71	72	73	79	80	237	#
576	2421.64	50	59	60	61	66	68	69	70	71	72	77	78	79	80	81	82	88	89	90	91	92	93	99	100	101	102	103	104	105	110	111	112	113	114	115	116	117	118	119	237	#
577	2420.38	0	1	2	3	5	11	12	13	14	15	16	22	23	24	25	26	27	28	29	35	36	37	38	39	40	47	48	49	59	60	97	98	108	109	116	117	118	119	120	237	#
578	2389.6	9	16	18	19	20	21	26	27	28	29	30	31	32	37	38	39	40	41	42	43	49	50	51	52	53	54	60	61	62	63	70	71	72	74	75	87	89	98	99	237	#
579	623.88	18	19	28	29	30	39	40	41	42	238	#
580	822.667	29	30	39	40	41	42	51	52	62	238	#
581	756.282	28	30	39	40	41	42	51	52	62	238	#
582	730.194	38	39	51	52	69	80	81	91	92	238	#
583	648.332	6	7	17	18	28	29	30	39	40	238	#
584	614.7	18	19	28	29	30	39	40	41	52	238	#
585	51.3464	98	#
586	415.285	4	5	12	13	14	15	16	23	24	126	239	#
587	554.735	4	12	13	14	15	22	23	25	26	90	239	#
588	495.499	11	22	23	24	25	34	35	36	45	46	239	#
589	444.334	1	2	3	4	5	13	14	15	16	27	239	#
590	430.753	4	11	12	13	14	23	24	34	35	78	239	#
591	384.113	3	4	5	14	15	26	27	70	81	93	239	#
592	700.575	40	41	52	53	54	64	65	74	75	76	86	87	240	#
593	877.067	54	65	72	74	75	76	87	96	97	98	108	109	240	#
594	840.562	64	65	74	75	76	86	87	97	98	107	108	109	240	#
595	767.327	29	31	40	41	42	43	51	52	53	54	63	74	240	#
596	764.332	29	30	36	40	41	51	52	53	54	62	63	64	240	#
597	756.974	27	28	51	62	63	64	65	73	74	75	85	86	240	#
598	400.916	67	68	78	79	80	90	101	241	#
599	499.603	68	69	70	78	79	81	90	241	#
600	494.009	6	68	79	90	100	101	102	241	#
601	374.714	46	57	79	80	90	91	101	241	#
602	364.708	67	68	69	78	79	80	90	241	#
603	362.216	57	67	68	69	70	71	78	241	#
604	435.975	2	13	25	36	62	107	118	242	#
605	484.395	97	107	108	117	118	119	120	242	#
606	482.58	97	107	108	116	117	118	119	242	#
607	437.738	52	62	63	64	72	73	83	242	#
608	422.022	0	1	2	3	11	12	13	242	#
609	406.206	1	2	11	13	25	26	37	242	#
610	1477.7	58	59	67	68	69	70	71	72	73	74	75	78	79	80	81	83	85	90	91	92	93	94	102	103	104	105	117	243	#
611	1784.31	42	43	53	54	65	71	75	76	80	81	84	85	86	87	90	91	92	93	94	95	96	97	98	102	103	106	115	243	#
612	1715.9	57	59	68	69	70	78	79	80	81	82	83	84	89	90	91	92	93	94	95	96	100	101	104	105	106	115	116	243	#
613	1702.12	3	4	5	15	45	46	48	55	56	57	59	67	68	69	70	71	72	78	79	80	81	90	91	92	93	103	104	243	#
614	1690.78	35	45	47	48	56	57	58	59	66	67	68	69	70	71	78	79	80	81	82	89	90	91	92	93	101	102	104	243	#
615	1669.46	33	54	62	63	64	65	68	73	74	75	76	78	79	83	84	85	86	88	89	93	94	95	96	99	100	101	111	243	#
616	232.574	69	80	103	115	244	#
617	287.742	67	68	69	99	244	#
618	258.216	80	90	91	102	244	#
619	188.332	103	104	113	115	244	#
620	150.286	81	92	103	113	244	#
621	312.775	39	49	50	61	245	#
622	318.393	59	60	61	62	245	#
623	284.162	39	40	41	51	245	#
624	271.498	26	37	38	49	245	#
625	258.003	39	49	50	51	245	#
626	992.483	28	39	49	50	61	62	63	71	72	73	74	75	83	84	85	94	95	96	246	#
627	1244.33	27	28	29	37	38	39	40	49	50	61	62	90	97	98	107	108	109	119	246	#
628	1234.8	72	83	84	85	86	87	92	93	94	95	96	97	98	104	105	107	108	117	246	#
629	1209.19	52	53	54	61	62	63	64	65	73	75	76	83	84	85	86	94	95	96	246	#
630	1154.71	15	26	27	28	36	37	38	39	48	49	57	58	59	63	68	69	74	79	246	#
631	1148.02	46	48	49	50	56	57	58	59	60	61	62	68	69	70	71	73	79	80	246	#
632	301.586	73	74	84	85	86	96	247	#
633	420.754	65	74	75	76	85	96	247	#
634	362.204	40	41	51	57	58	86	247	#
635	345.96	84	94	95	96	97	108	247	#
636	341.182	62	63	73	74	75	85	247	#
637	338.096	74	85	96	97	108	109	247	#
638	687.56	92	93	103	104	105	107	108	116	117	118	248	#
639	734.787	84	85	95	96	97	106	107	108	109	118	248	#
640	696.538	84	94	95	96	97	107	108	109	117	118	248	#
641	654.578	1	12	13	14	15	25	26	105	117	118	248	#
642	627.333	81	103	104	105	113	114	115	116	117	118	248	#
643	612.969	74	83	84	85	88	96	105	115	116	117	248	#
644	713.312	84	85	96	97	107	109	117	118	119	120	249	#
645	826.84	87	97	98	105	108	109	117	118	119	120	249	#
646	811.45	103	104	105	108	109	113	116	117	118	119	249	#
647	784.471	98	105	107	108	109	116	117	118	119	120	249	#
648	734.385	77	78	83	84	85	88	89	95	99	100	249	#
649	707.823	97	105	107	108	109	116	117	118	119	120	249	#
650	267.847	108	118	119	250	#
651	216.997	97	108	119	250	#
652	160.531	107	118	119	250	#
653	146.9	109	119	120	250	#
654	241.269	97	107	108	109	251	#
655	315.135	97	108	109	120	251	#
656	249.97	97	107	108	119	251	#
657	248.643	96	97	107	108	251	#
658	211.026	97	98	107	109	251	#
659	212.973	3	4	5	14	16	121	252	#
660	262.299	83	94	95	99	121	125	252	#
661	261.104	3	4	5	15	16	27	252	#
662	257.191	2	3	4	5	15	16	252	#
663	255.732	3	4	13	14	15	24	252	#
664	539.14	35	45	46	55	56	57	68	121	253	#
665	532.161	35	45	46	47	55	56	57	58	253	#
666	528.24	22	33	34	35	45	46	56	57	253	#
667	499.501	4	55	56	57	66	67	68	69	253	#
668	443.378	15	23	24	25	26	35	46	57	253	#
669	441.812	0	35	36	45	46	47	57	110	253	#
670	381.305	64	73	74	75	85	254	#
671	408.997	52	53	63	64	65	254	#
672	398.975	54	62	63	74	85	254	#
673	386.894	73	74	85	95	96	254	#
674	355.292	54	73	84	96	97	254	#
675	328.224	63	74	75	76	86	254	#
676	1165.11	29	30	42	43	46	47	52	53	54	56	57	63	64	65	67	68	69	76	78	79	80	81	89	255	#
677	1633.07	29	32	40	41	42	43	51	52	53	54	61	62	63	64	65	76	87	96	97	98	107	108	109	255	#
678	1623.73	9	10	18	20	21	29	31	32	39	40	42	43	51	52	53	54	63	64	65	75	76	86	87	255	#
679	1598.35	9	10	20	21	30	31	32	40	41	42	43	51	52	53	54	63	64	65	74	76	85	87	98	255	#
680	1514.77	30	41	42	57	59	68	69	70	71	72	79	80	81	90	91	92	93	101	102	103	104	105	115	255	#
681	1509.49	18	20	23	29	30	31	32	34	35	38	39	40	41	42	43	46	51	52	53	54	57	64	65	255	#
682	422.495	31	42	52	53	54	64	75	256	#
683	494.123	21	31	32	39	41	42	51	256	#
684	359.589	29	30	40	41	51	52	53	256	#
685	357.976	42	52	53	54	63	64	65	256	#
686	357.198	42	43	52	53	54	64	65	256	#
687	353.823	9	18	19	20	21	31	42	256	#
688	684.062	39	40	49	50	51	60	61	62	72	73	74	257	#
689	776.663	38	39	40	49	50	51	52	62	72	73	101	257	#
690	746.021	29	39	40	50	51	61	62	63	64	75	113	257	#
691	690.424	41	52	62	63	71	72	73	74	75	76	85	257	#
692	629.292	40	41	42	43	51	52	61	62	63	73	74	257	#
693	625.204	8	9	19	49	60	71	92	101	102	103	104	257	#
694	1569.53	20	57	58	59	60	68	69	70	71	72	78	79	80	88	89	90	91	99	100	101	102	103	104	111	112	115	116	258	#
695	1848.91	7	8	9	10	17	18	19	20	21	27	28	29	30	31	32	39	40	41	42	43	51	52	53	54	62	65	105	258	#
696	1807.71	56	57	61	62	63	68	69	70	71	72	73	78	79	80	81	83	84	88	89	90	93	99	100	101	110	111	112	258	#
697	1744.31	28	29	39	41	47	51	52	57	58	62	63	68	69	71	72	73	74	75	78	79	80	83	84	85	86	95	96	258	#
698	1680.97	58	60	67	68	69	70	71	72	73	78	79	80	81	82	84	88	89	90	91	92	93	94	95	100	101	102	104	258	#
699	1660.57	33	34	45	46	56	57	62	66	67	68	72	73	78	83	84	88	89	93	94	95	96	99	100	101	110	111	112	258	#
700	643.729	73	83	84	85	93	94	95	96	97	104	107	109	259	#
701	794.259	6	84	95	96	97	98	107	108	109	118	119	120	259	#
702	778.591	49	59	60	61	62	71	72	73	83	84	85	89	259	#
703	712.906	66	77	84	95	96	97	98	107	108	109	119	120	259	#
704	709.489	21	32	62	72	73	83	84	94	95	96	118	119	259	#
705	707.914	4	5	14	70	71	81	82	92	93	94	104	115	259	#
706	1724.38	48	49	52	59	60	61	62	63	64	72	73	74	75	76	92	93	102	103	104	105	115	116	117	260	#
707	1792.3	7	18	19	20	28	29	30	38	39	40	41	49	50	51	52	58	59	60	61	62	63	69	73	260	#
708	1782.14	35	36	38	39	40	48	49	50	51	52	56	57	58	59	60	61	62	63	69	73	79	80	81	260	#
709	1768.81	30	31	32	39	40	41	42	43	51	52	53	54	62	63	64	65	73	74	75	76	85	87	98	260	#
710	1718.31	42	53	64	65	72	73	74	75	76	84	85	86	87	97	98	105	107	108	109	117	118	119	120	260	#
711	1714.05	6	7	17	18	29	30	38	39	40	41	50	51	52	61	62	63	64	72	73	83	84	96	123	260	#
712	684.369	1	11	12	22	33	44	45	46	55	56	57	58	67	68	69	261	#
713	849.883	47	58	59	60	68	69	78	79	80	81	82	89	90	91	118	261	#
714	834.898	11	12	18	22	23	33	44	45	56	66	77	90	91	92	98	261	#
715	775.298	23	34	44	45	46	47	55	56	57	66	67	68	77	88	89	261	#
716	761.067	23	32	34	41	42	43	44	45	46	55	56	66	67	77	127	261	#
717	748.391	0	1	3	11	12	13	14	22	23	24	25	33	34	44	55	261	#
718	314.491	4	5	15	16	26	262	#
719	445.56	26	27	37	38	49	262	#
720	428.396	5	15	26	88	89	262	#
721	352.31	15	16	26	27	37	262	#
722	315.475	2	3	4	5	15	262	#
723	531.455	34	35	44	45	46	47	57	58	67	68	69	70	79	81	82	93	263	#
724	787.95	24	31	34	35	36	41	42	45	46	53	54	57	64	65	78	89	263	#
725	780.154	6	13	17	24	34	35	46	47	56	57	58	59	66	68	69	79	263	#
726	611.822	59	70	79	80	81	82	92	93	94	99	100	103	104	110	111	115	263	#
727	575.137	26	34	35	37	45	46	47	56	57	67	68	69	70	78	79	81	263	#
728	524.938	1	2	12	13	22	23	24	25	26	33	34	35	44	45	46	47	263	#
729	1175.1	30	40	41	42	43	51	52	53	54	62	63	64	65	70	71	72	75	76	87	264	#
730	1579.05	18	19	28	29	39	40	41	42	51	52	62	63	74	75	84	85	95	96	106	264	#
731	1530.37	10	20	21	28	29	31	32	39	40	41	42	43	51	52	53	54	63	64	65	264	#
732	1527.57	53	61	62	63	64	65	72	73	74	75	76	83	84	85	95	104	105	117	118	264	#
733	1527.22	28	29	32	40	42	43	51	52	53	54	61	62	63	64	65	73	74	75	76	264	#
734	1444.33	21	30	31	32	41	42	43	51	52	53	54	62	63	64	73	74	75	84	103	264	#
735	480.466	39	50	51	52	62	265	#
736	460.995	39	51	52	53	65	265	#
737	327.184	28	38	39	50	51	265	#
738	321.52	51	60	61	62	63	265	#
739	290.19	30	39	40	51	107	265	#
740	256.159	30	41	42	51	52	265	#
741	104.461	45	56	266	#
742	78.0123	56	67	266	#
743	546.076	63	73	74	75	85	86	90	91	92	267	#
744	706.403	80	88	90	91	92	99	102	104	105	267	#
745	591.783	53	54	64	65	75	76	86	87	98	267	#
746	543.682	63	64	65	73	74	75	84	85	86	267	#
747	503.249	53	63	64	65	74	75	84	85	86	267	#
748	476.281	52	62	63	64	73	74	75	76	86	267	#
749	600.933	0	1	11	12	13	22	23	25	33	268	#
750	584.405	0	1	11	12	22	23	33	34	44	268	#
751	580.353	1	2	12	13	23	24	25	26	27	268	#
752	508.345	12	22	23	33	56	67	78	89	100	268	#
753	495.589	0	1	2	11	12	22	23	33	34	268	#
754	486.272	0	1	11	12	13	22	23	24	25	268	#
755	532.922	3	4	5	13	14	15	16	26	27	37	269	#
756	606.782	2	3	4	5	13	14	15	39	50	100	269	#
757	605.205	4	5	15	16	25	26	27	28	38	39	269	#
758	586.19	15	25	26	27	28	29	30	37	38	40	269	#
759	569.427	3	4	5	14	15	16	26	27	28	39	269	#
760	569.387	4	5	13	14	15	16	26	27	36	37	269	#
761	135.469	46	56	67	270	#
762	188.004	44	45	46	270	#
763	183.554	56	57	66	270	#
764	155.747	67	78	79	270	#
765	241.979	35	45	46	123	271	#
766	229.969	35	44	45	46	271	#
767	161.546	35	36	46	47	271	#
768	109.54	25	35	36	47	271	#
769	1249.25	53	65	75	76	87	92	93	98	103	104	105	109	114	115	116	272	#
770	1181.08	87	96	97	98	103	104	108	109	114	115	116	117	118	119	120	272	#
771	1154.27	42	43	53	54	64	75	76	86	87	97	98	107	108	109	120	272	#
772	1054.42	80	81	82	91	92	101	102	103	104	105	113	114	115	116	117	272	#
773	1047.17	73	76	84	85	87	95	96	97	98	107	108	109	118	119	120	272	#
774	990.873	51	52	53	54	62	63	64	65	74	75	76	85	86	87	98	272	#
775	444.873	7	8	9	10	18	19	20	21	31	273	#
776	559.009	8	9	10	19	21	34	43	54	65	273	#
777	534.698	7	8	17	18	29	40	104	114	115	273	#
778	528.126	8	9	10	31	32	41	42	43	53	273	#
779	480.178	9	10	20	21	31	42	43	53	54	273	#
780	471.092	8	9	10	18	19	20	21	31	32	273	#
781	457.263	84	95	96	97	106	108	109	274	#
782	608.285	87	95	96	97	98	108	109	274	#
783	465.989	96	97	98	107	108	109	120	274	#
784	463.527	85	95	96	97	106	108	109	274	#
785	456.871	87	97	98	107	108	109	119	274	#
786	446.99	85	86	94	95	96	97	106	274	#
787	75.7202	108	#
788	1468.24	47	58	59	67	68	69	70	71	77	78	79	80	81	88	89	90	91	92	93	99	100	101	102	103	110	111	275	#
789	1740.79	13	23	24	25	34	35	36	37	38	47	48	81	82	92	93	94	100	101	102	103	104	105	114	115	119	120	275	#
790	1713.3	33	44	55	56	57	66	68	69	70	77	78	79	80	81	88	89	90	91	92	93	99	100	101	102	111	112	275	#
791	1699.76	24	25	30	35	40	41	46	47	51	55	56	57	58	59	69	77	80	81	88	89	99	100	101	110	111	121	275	#
792	1696.48	28	29	30	37	38	39	40	41	42	48	50	51	62	63	73	74	77	79	84	88	89	90	99	100	101	110	275	#
793	1662.73	33	44	47	55	57	58	66	67	68	69	70	77	78	79	80	81	88	89	90	92	99	100	101	110	111	112	275	#
794	176.65	68	69	78	79	276	#
795	178.271	57	58	69	80	276	#
796	143.737	57	58	67	68	276	#
797	120.509	67	78	89	99	276	#
798	967.033	0	1	2	3	11	12	13	22	23	24	25	33	34	35	36	45	47	48	56	277	#
799	1301.79	13	15	22	23	24	25	26	33	34	35	36	44	46	56	57	68	78	89	101	277	#
800	1252.41	1	2	3	11	12	13	23	33	34	35	44	45	46	55	56	57	66	68	81	277	#
801	1160.51	34	45	46	47	56	57	58	59	66	68	69	73	74	80	81	91	92	93	104	277	#
802	1102.94	2	13	23	24	25	34	35	36	45	46	47	48	56	57	58	68	89	99	100	277	#
803	1100.09	2	13	22	23	24	33	34	35	36	44	45	46	47	55	56	66	67	68	78	277	#
804	578.652	81	82	91	92	93	103	104	114	115	278	#
805	674.442	59	60	70	71	81	82	92	93	104	278	#
806	608.024	81	82	93	97	98	107	108	109	120	278	#
807	596.697	92	102	103	104	114	115	116	117	118	278	#
808	562.196	93	102	103	104	105	115	116	117	118	278	#
809	546.687	92	102	103	104	105	114	115	116	117	278	#
810	396.378	70	81	91	92	93	104	279	#
811	439.381	69	80	90	91	101	102	279	#
812	369.853	92	93	104	115	116	117	279	#
813	340.045	69	70	71	80	81	93	279	#
814	293.871	70	81	92	93	94	95	279	#
815	220.3	70	71	81	92	93	94	279	#
816	265.106	59	70	71	72	80	280	#
817	358.723	60	71	72	73	84	280	#
818	355.305	70	71	79	80	81	280	#
819	332.505	59	69	70	80	81	280	#
820	217.378	68	69	79	80	91	280	#
821	262.886	81	82	91	92	93	94	103	104	116	281	#
822	343.304	69	80	81	90	91	92	93	94	103	281	#
823	334.889	80	81	82	90	91	92	93	94	123	281	#
824	293.344	3	4	81	82	91	92	93	103	114	281	#
825	267.106	58	69	70	80	81	83	92	93	94	281	#
826	156.504	70	81	82	83	92	93	94	103	104	281	#
827	1190.79	72	73	74	80	81	82	83	84	85	91	92	93	94	95	96	97	102	103	104	105	106	113	115	116	117	282	#
828	1698.78	19	20	21	29	31	32	40	41	42	43	51	52	53	62	72	73	83	84	85	94	95	96	97	106	107	282	#
829	1618.92	38	39	49	50	51	52	53	54	62	63	64	65	73	74	75	76	83	84	85	86	87	94	95	96	97	282	#
830	1585.94	28	39	40	41	51	53	54	61	62	63	64	65	72	73	74	83	84	85	86	90	91	95	96	102	125	282	#
831	1561.16	61	62	63	71	72	73	74	75	81	83	84	85	86	92	93	94	96	103	104	105	108	115	116	119	120	282	#
832	1522.52	40	49	50	51	52	53	54	60	61	62	63	64	65	73	74	75	76	83	84	85	86	94	95	96	97	282	#
833	409.169	3	4	73	74	75	84	85	86	283	#
834	596.839	37	38	52	53	65	75	76	87	283	#
835	555.801	62	73	74	75	76	85	86	87	283	#
836	511.063	65	73	74	75	76	84	85	86	283	#
837	502.594	4	5	15	16	26	27	38	49	283	#
838	437.377	1	2	3	4	13	14	114	115	283	#
839	183.758	84	95	96	284	#
840	205.018	84	85	95	284	#
841	154.135	94	95	96	284	#
842	122.374	5	16	84	284	#
843	1286.3	42	51	53	54	62	63	64	65	72	73	74	75	76	83	84	85	86	87	96	285	#
844	1395.6	28	29	30	38	39	40	48	49	50	51	59	60	61	62	70	71	75	81	93	285	#
845	1358.45	31	38	39	40	41	42	49	51	52	53	54	63	64	74	75	85	86	96	97	285	#
846	1357.48	1	2	3	11	13	14	31	32	41	42	43	52	53	54	62	63	64	65	75	285	#
847	1354.76	31	33	38	39	40	41	42	43	44	51	52	53	54	55	64	65	75	76	116	285	#
848	1331.15	4	49	59	60	69	70	71	74	75	76	83	84	85	86	87	95	96	106	123	285	#
849	852.975	2	13	22	23	24	25	28	35	38	39	40	45	46	49	57	286	#
850	926.354	24	35	36	37	44	46	47	48	55	56	57	59	67	68	78	286	#
851	887.4	27	28	29	30	31	38	39	40	41	42	51	52	61	62	63	286	#
852	843.82	35	36	37	38	39	48	49	50	51	55	56	57	58	59	61	286	#
853	839.38	27	36	37	38	39	40	45	47	48	49	50	51	52	60	63	286	#
854	832.654	28	29	30	38	39	40	41	42	49	50	51	52	53	61	123	286	#
855	923.692	1	2	11	12	13	20	21	22	23	24	31	33	34	35	36	42	43	47	54	287	#
856	1193.6	6	7	8	9	10	17	19	20	21	31	32	42	43	54	65	76	84	95	106	287	#
857	1186.86	6	7	9	10	18	19	20	21	31	32	42	43	53	54	65	75	76	101	102	287	#
858	1147.2	9	10	19	20	21	30	31	32	40	41	42	43	51	52	54	61	62	64	75	287	#
859	1071.59	1	2	12	13	23	24	25	32	33	34	35	36	42	43	45	46	47	56	57	287	#
860	1060.76	0	1	2	3	4	5	11	12	13	14	15	22	23	24	25	33	36	48	49	287	#
861	177.454	25	26	27	36	37	67	288	#
862	123.144	24	25	26	36	37	48	288	#
863	111.246	16	25	26	27	28	37	288	#
864	275.351	84	96	97	108	109	119	120	289	#
865	406.788	98	107	108	109	118	119	120	289	#
866	388.337	63	73	74	83	84	85	86	289	#
867	387.004	73	84	85	94	95	96	97	289	#
868	368.359	87	97	98	107	109	119	120	289	#
869	325.661	96	97	107	108	118	119	120	289	#
870	567.732	35	46	56	58	59	67	68	69	70	71	78	79	80	81	290	#
871	851.33	8	45	46	55	56	57	58	66	67	68	77	78	88	89	290	#
872	836.348	18	24	29	30	33	34	35	40	41	45	51	52	62	73	290	#
873	825.609	48	57	58	59	60	68	69	70	71	79	80	81	82	91	290	#
874	770.108	26	36	37	47	48	49	59	60	61	62	71	72	73	84	290	#
875	767.509	57	58	59	60	61	68	69	70	71	72	79	83	90	91	290	#
876	779.665	57	67	68	69	77	78	79	88	89	99	100	105	110	111	112	291	#
877	908.648	57	66	67	68	77	78	79	88	89	90	99	100	101	110	111	291	#
878	907.882	66	67	68	69	77	78	79	88	89	90	99	100	101	111	112	291	#
879	904.887	23	34	35	44	45	46	55	56	57	66	67	68	69	78	79	291	#
880	897.067	56	67	68	69	78	79	80	81	89	90	91	92	100	101	102	291	#
881	885.353	26	37	48	59	67	68	78	79	80	88	89	90	99	100	111	291	#
882	1630.42	26	27	37	48	49	59	60	61	71	72	73	84	85	92	93	95	96	103	104	105	114	115	292	#
883	1643.85	2	13	14	15	24	25	26	36	37	38	47	48	49	57	58	59	60	62	63	68	69	71	292	#
884	1493.82	7	8	9	19	20	27	28	31	38	49	50	59	60	61	62	70	71	72	73	81	93	112	292	#
885	1492.47	27	30	38	39	40	41	51	62	63	64	72	73	74	83	84	85	86	94	95	96	97	107	292	#
886	1490.91	11	12	22	23	33	34	44	45	46	47	51	55	57	58	59	62	68	69	71	72	79	95	292	#
887	1453.56	58	59	68	69	70	72	74	75	81	82	83	84	85	86	92	93	94	95	96	97	104	106	292	#
888	1067.07	6	7	8	17	18	19	20	21	29	31	40	98	109	119	120	293	#
889	1169.58	7	8	9	10	17	18	19	20	29	38	39	40	50	51	61	293	#
890	1152.48	6	7	8	9	17	18	19	20	21	29	32	38	39	40	50	293	#
891	1119.74	10	13	19	20	21	31	32	39	40	41	42	43	52	54	123	293	#
892	1064.15	6	7	8	9	10	18	19	20	21	28	29	31	32	40	51	293	#
893	1058.92	16	26	27	28	29	30	35	36	38	39	40	41	48	51	62	293	#
894	237.911	13	24	25	33	34	35	294	#
895	289.255	11	22	23	33	34	35	294	#
896	259.37	34	35	45	46	56	57	294	#
897	208.97	2	11	12	13	14	24	294	#
898	176.907	3	4	13	14	24	25	294	#
899	135.3	12	13	22	23	25	36	294	#
900	604.375	53	97	103	104	107	108	113	114	118	295	#
901	586.575	97	104	105	107	108	116	117	118	119	295	#
902	545.841	2	92	101	102	103	104	105	114	115	295	#
903	540.679	90	100	101	102	103	104	113	114	115	295	#
904	527.198	96	97	98	107	108	109	118	119	120	295	#
905	510.769	41	42	49	50	51	52	53	54	65	295	#
906	132.157	99	100	101	#
907	369.099	41	51	52	62	63	72	73	74	297	#
908	545.573	25	29	30	39	40	41	51	52	297	#
909	544.34	30	39	40	41	51	52	53	64	297	#
910	520.895	71	72	73	83	84	95	96	114	297	#
911	469.318	72	73	74	83	84	85	94	96	297	#
912	420.554	40	51	52	53	63	64	73	74	297	#
913	87.8412	72	83	#
914	107.983	34	45	298	#
915	149.816	23	34	298	#
916	133.405	45	56	298	#
917	900.829	25	36	37	38	39	40	48	50	51	52	61	62	63	64	65	74	75	299	#
918	1089.81	9	10	19	20	53	54	62	64	68	69	72	73	79	80	81	83	90	299	#
919	1082.69	27	35	36	37	38	46	48	49	59	60	65	69	70	71	76	87	98	299	#
920	1071.78	32	43	51	52	53	54	62	63	64	65	73	74	75	76	85	87	98	299	#
921	1006.72	36	40	48	49	50	51	52	53	59	60	61	62	63	64	74	76	120	299	#
922	1003.81	8	9	15	26	30	37	38	39	40	48	49	50	51	59	60	61	62	299	#
923	681.246	29	40	41	51	52	61	62	63	64	73	74	300	#
924	829.053	30	38	39	40	41	42	49	51	52	53	126	300	#
925	805.101	28	29	30	37	38	39	40	41	49	51	52	300	#
926	802.654	29	30	31	39	40	41	42	51	52	61	62	300	#
927	783.248	6	17	18	19	28	29	38	39	40	49	51	300	#
928	772.805	21	29	30	34	40	41	42	52	53	64	65	300	#
929	431.643	9	20	31	32	42	43	54	65	301	#
930	612.418	32	42	43	53	64	74	75	85	301	#
931	568.595	32	41	43	51	52	53	54	65	301	#
932	549.851	7	8	9	19	20	21	31	32	301	#
933	547.073	8	9	10	19	20	31	32	42	301	#
934	501.739	20	21	31	32	42	43	53	62	301	#
935	2545.22	0	1	3	4	11	12	13	14	15	22	23	24	25	26	27	33	34	35	36	37	38	45	46	47	48	49	50	55	56	57	58	59	60	61	62	66	67	68	69	70	71	77	79	80	88	99	100	110	111	302	#
936	3152.31	21	31	32	37	44	46	47	48	49	50	55	56	57	58	59	60	61	62	63	67	68	69	70	71	72	73	74	78	79	80	81	83	89	90	91	92	93	94	95	100	101	102	103	107	113	114	115	118	122	302	#
937	3122.57	23	33	34	37	38	44	45	46	47	49	50	55	56	57	58	59	60	61	66	67	68	69	70	71	72	77	78	79	80	81	83	88	89	90	91	92	99	100	101	102	103	104	105	110	111	112	115	116	117	302	#
938	3109.97	26	27	37	38	39	40	41	42	49	50	51	52	53	57	58	59	60	61	62	63	64	65	68	69	70	71	72	73	74	75	76	78	79	80	81	82	83	84	85	86	90	92	93	94	95	96	104	105	106	302	#
939	3098.03	22	23	30	34	35	36	40	41	42	43	44	45	46	47	48	49	50	51	52	53	54	55	56	57	58	59	60	61	62	64	65	66	67	68	69	71	73	74	75	79	80	81	85	86	90	91	92	93	102	302	#
940	3025.49	4	30	33	34	39	40	41	44	45	46	47	48	49	50	51	55	56	57	58	59	60	61	66	67	68	69	70	71	72	73	77	78	79	80	81	82	84	85	90	91	92	93	95	96	101	102	103	104	114	302	#
941	186.274	79	90	303	#
942	197.943	90	101	303	#
943	103.844	78	79	303	#
944	893.696	77	78	88	89	90	91	92	99	100	101	102	103	104	110	111	304	#
945	1028.67	42	43	52	53	54	62	63	64	65	74	75	77	86	88	89	304	#
946	1018.98	63	64	68	74	75	77	78	79	80	88	89	99	100	101	110	304	#
947	1003.71	33	44	55	56	57	58	66	68	77	78	88	89	99	100	110	304	#
948	919.131	55	66	73	77	79	88	89	90	91	99	100	101	110	111	112	304	#
949	917.461	1	2	3	57	58	59	68	69	70	78	79	80	81	90	101	304	#
950	564.535	23	33	34	44	45	46	55	56	57	305	#
951	659.095	12	22	23	24	33	34	45	108	109	305	#
952	602.877	0	11	12	13	22	23	24	33	34	305	#
953	494.772	0	1	12	13	14	22	23	24	41	305	#
954	411.084	25	29	33	34	35	36	44	45	46	305	#
955	408.817	34	35	36	45	46	47	55	56	57	305	#
956	40.9535	53	#
957	1317.74	0	1	2	3	4	11	12	13	14	15	16	22	23	24	25	26	27	33	34	35	36	37	44	45	47	124	306	#
958	1550.76	1	2	3	11	12	13	22	23	24	25	26	31	32	33	34	35	36	37	45	46	47	48	49	59	99	111	306	#
959	1546.66	25	26	29	30	36	37	38	39	40	41	42	46	47	48	51	52	53	54	56	61	62	63	64	65	76	124	306	#
960	1535.78	1	2	5	11	12	13	15	16	22	23	24	25	26	27	28	31	32	33	34	35	38	43	44	46	49	54	306	#
961	1507.86	0	1	2	3	4	11	12	13	14	15	16	22	23	24	25	26	27	33	34	36	45	46	47	48	49	59	306	#
962	1472.36	1	4	5	12	13	14	15	16	25	26	36	37	39	47	48	50	59	68	69	70	79	80	81	92	93	104	306	#
963	780.98	78	81	82	88	89	91	92	99	100	101	102	307	#
964	834.38	68	69	70	78	79	80	81	90	91	101	102	307	#
965	823.912	88	89	90	91	92	99	100	101	104	111	112	307	#
966	719.444	88	89	90	91	99	100	101	102	110	111	112	307	#
967	688.449	81	90	91	92	93	101	102	103	104	105	116	307	#
968	677.058	38	80	81	90	91	92	93	97	101	102	109	307	#
969	79.6707	90	91	308	#
970	110.259	43	90	308	#
971	203.396	6	7	18	29	309	#
972	259.507	28	29	30	102	309	#
973	208.599	7	8	18	19	309	#
974	156.435	6	7	8	17	309	#
975	98.2498	6	7	17	18	309	#
976	681.7	12	13	22	24	25	35	36	37	47	48	59	98	310	#
977	874.809	0	1	11	12	13	22	23	25	33	34	35	36	310	#
978	803.923	76	87	93	97	98	104	107	108	109	118	119	120	310	#
979	791.47	0	1	2	3	4	11	12	13	14	22	23	33	310	#
980	722.77	36	47	58	59	60	68	69	70	79	80	81	93	310	#
981	720.953	12	13	23	25	36	37	38	48	49	59	60	71	310	#
982	780.054	58	69	79	80	81	90	91	92	93	101	102	103	104	113	114	311	#
983	991.195	4	5	58	69	78	79	80	81	88	89	91	92	102	103	104	311	#
984	956.177	72	80	81	82	83	84	92	93	94	95	96	103	104	106	118	311	#
985	922.389	6	7	91	92	93	102	103	104	105	114	115	116	117	118	119	311	#
986	904.235	58	68	69	78	79	80	90	91	99	100	101	102	103	104	114	311	#
987	891.57	30	31	41	42	52	53	54	61	62	63	73	74	81	91	92	311	#
988	295.467	48	49	59	60	61	70	71	312	#
989	416.896	49	50	59	60	71	72	73	312	#
990	405.509	47	49	58	59	60	61	62	312	#
991	395.141	49	50	59	60	61	62	70	312	#
992	384.126	60	70	71	80	81	92	93	312	#
993	330.643	25	36	38	47	48	49	60	312	#
994	531.214	4	5	16	49	50	59	60	61	70	71	313	#
995	740.082	10	25	36	37	38	47	48	59	60	61	313	#
996	687.815	48	57	58	59	60	61	62	70	71	72	313	#
997	674.63	46	47	48	57	58	59	60	69	95	106	313	#
998	666.938	37	39	48	50	51	58	59	60	61	71	313	#
999	618.371	5	15	16	25	26	27	36	37	38	49	313	#
