%% File generated by CATS v.2.1Thu May  9 12:54:33 2024

%% The CATS webpage is http://robotics.stanford.edu/CATS

%% PARAMETER SETTINGS:
% Goods: 128; Bids: 1000; Distribution: regions; Runs: 1; Seed: 16
% Regions Distribution Parameters:
% Max Substitutable Bids = 5
% Removing HV Neighbor   = 0.1
% Adding DIAG Neighbor   = 0.2
% Additional Location    = 0.9
% Jump Probability       = 0.05
% Additivity             = 0.2
% Budget Factor          = 1.5
% Resale Factor          = 0.5
% Uniform Private Value:
%   Deviation            = 0.5
%   Max Good Value       = 100



goods 128
bids 1002
dummy 183

0	490.482	23	24	35	45	46	55	56	128	#
1	449.066	24	35	45	46	55	56	104	128	#
2	414.032	3	12	13	14	23	24	35	128	#
3	397.148	35	45	46	55	56	66	67	128	#
4	363.801	45	55	56	67	68	79	80	128	#
5	338.91	2	12	13	14	23	24	25	128	#
6	640.287	14	24	25	35	36	37	38	46	129	#
7	680.559	12	24	25	35	36	37	38	45	129	#
8	662.749	24	25	26	35	36	37	38	46	129	#
9	661.111	14	25	27	28	36	37	38	39	129	#
10	626.741	13	24	25	35	36	37	45	46	129	#
11	614.582	13	19	20	24	25	36	37	48	129	#
12	1372.72	26	27	36	37	38	39	41	49	50	51	52	57	61	62	63	72	73	83	84	94	130	#
13	1309.62	50	55	56	57	61	66	69	70	71	72	80	81	82	83	84	93	94	95	103	106	130	#
14	1309.52	5	7	16	17	18	26	27	28	29	30	36	37	38	39	40	41	48	50	51	52	130	#
15	1278.16	28	30	39	41	50	51	61	62	72	73	83	84	85	86	94	95	96	103	105	114	130	#
16	1260.78	5	17	28	29	39	41	49	50	51	52	61	62	63	64	72	73	74	75	83	84	130	#
17	1234.17	42	43	61	64	72	73	74	75	83	84	85	86	94	95	96	97	105	106	107	108	130	#
18	240.044	1	2	3	12	13	24	131	#
19	342.663	12	13	22	24	35	46	131	#
20	322.464	3	4	13	14	15	27	131	#
21	308.284	1	12	13	66	78	89	131	#
22	304.127	1	2	13	56	57	59	131	#
23	298.596	1	12	14	15	24	25	131	#
24	61.6893	4	#
25	697.207	76	86	87	97	102	108	111	112	132	#
26	824.337	64	75	76	86	87	97	98	109	132	#
27	813.703	75	76	86	87	97	98	108	109	132	#
28	755.19	76	86	87	97	98	108	109	119	132	#
29	614.703	77	78	88	89	90	99	110	111	132	#
30	547.065	96	97	98	107	108	109	119	120	132	#
31	83.8132	84	#
32	1367.55	5	14	15	16	25	26	27	37	38	45	46	47	48	55	56	57	58	59	69	70	133	#
33	1488.24	11	15	22	23	24	25	26	35	37	38	46	47	48	51	52	53	54	64	75	86	133	#
34	1467.5	37	45	46	47	48	56	57	58	59	64	66	67	68	69	77	78	79	88	89	90	133	#
35	1425.69	24	25	26	35	36	37	45	46	47	48	56	59	66	67	68	77	78	79	88	89	133	#
36	1395.29	8	20	21	45	46	47	48	56	57	58	59	66	67	68	77	78	79	88	89	90	133	#
37	1377.09	3	4	15	24	25	26	27	37	46	47	48	56	57	58	59	62	69	70	71	82	133	#
38	225.795	77	78	88	89	100	134	#
39	330.89	66	77	78	88	99	134	#
40	304.915	21	66	67	77	78	134	#
41	286.591	88	99	108	118	119	134	#
42	254.285	78	88	89	99	100	134	#
43	923	62	63	72	73	74	82	83	84	93	94	103	105	135	#
44	972.782	30	41	50	51	60	61	62	63	65	74	75	76	135	#
45	911.125	28	29	30	31	39	81	82	83	91	92	99	110	135	#
46	879.342	94	103	104	105	106	107	108	109	115	116	117	118	135	#
47	879.126	11	22	33	71	72	83	94	104	105	106	115	116	135	#
48	827.94	41	51	60	63	71	72	73	74	82	84	85	86	135	#
49	500.565	25	36	37	38	39	48	49	50	136	#
50	678.995	2	12	13	24	25	26	27	37	136	#
51	581.724	27	28	39	48	49	50	51	61	136	#
52	572.782	12	13	22	24	25	26	36	37	136	#
53	559.138	2	28	38	39	49	50	61	74	136	#
54	524.188	40	41	48	49	50	51	61	63	136	#
55	234.586	93	94	103	104	114	137	#
56	335.443	102	111	112	113	114	137	#
57	309.546	59	70	104	108	119	137	#
58	273.737	101	102	103	104	115	137	#
59	238.572	50	61	72	83	93	137	#
60	598.311	92	93	101	102	103	104	112	113	114	138	#
61	838.107	90	91	92	101	102	103	110	111	112	138	#
62	791.925	91	92	102	103	104	110	111	112	114	138	#
63	707.964	78	89	90	92	101	102	111	112	113	138	#
64	673.601	92	93	101	102	103	104	114	115	116	138	#
65	652.952	91	92	101	102	103	111	112	113	114	138	#
66	342.502	15	26	37	47	48	139	#
67	495.995	16	26	27	37	38	139	#
68	472.384	15	17	26	27	28	139	#
69	406.695	15	16	26	27	37	139	#
70	345.073	37	46	47	48	49	139	#
71	172.184	46	47	58	59	60	139	#
72	1266.44	26	27	28	35	36	37	38	39	45	46	47	48	49	55	56	58	59	140	#
73	1246.03	26	27	28	35	36	37	38	39	45	46	47	48	49	58	59	60	69	140	#
74	1182.69	26	27	28	35	36	37	45	46	47	48	55	56	67	68	79	90	101	140	#
75	1158.73	15	17	25	26	27	28	35	36	37	38	39	45	46	48	49	72	83	140	#
76	1148.03	26	27	35	36	37	38	39	45	46	47	48	49	55	58	69	80	81	140	#
77	1134.09	12	13	14	15	16	23	24	26	27	28	35	36	38	39	45	46	49	140	#
78	807.156	3	4	14	15	20	21	63	84	95	106	117	141	#
79	874.928	10	19	20	21	30	31	32	42	43	53	64	141	#
80	769.433	10	19	20	21	31	32	43	84	95	96	106	141	#
81	762.022	39	49	50	51	52	53	61	62	63	64	75	141	#
82	737.656	2	3	4	12	13	14	15	25	26	27	37	141	#
83	722.182	1	2	3	4	12	13	14	15	24	98	109	141	#
84	1525.72	1	2	3	4	5	6	7	9	10	15	16	17	18	20	21	26	27	28	29	30	31	40	142	#
85	1682.92	5	6	7	9	10	16	17	18	20	21	25	26	27	28	29	30	31	32	40	41	42	43	142	#
86	1659.9	1	2	3	5	6	11	12	13	15	16	17	22	26	27	28	33	42	53	64	65	75	76	142	#
87	1612.66	5	6	9	10	17	18	19	20	21	25	26	27	28	29	30	31	40	41	42	43	52	53	142	#
88	1579.08	2	3	5	6	7	15	16	17	18	25	26	27	28	29	37	38	39	49	50	59	60	61	142	#
89	1548.32	1	2	3	4	5	6	12	13	14	15	16	17	18	26	27	28	29	53	55	64	66	75	142	#
90	122.864	47	48	58	143	#
91	174.635	42	43	58	143	#
92	58.9397	58	#
93	78.0757	9	#
94	310.49	66	67	68	78	80	109	144	#
95	381.139	57	67	68	77	78	89	144	#
96	320.071	55	56	57	58	67	68	144	#
97	317.989	56	66	67	77	78	90	144	#
98	304.372	17	65	68	75	76	80	144	#
99	163.581	67	68	69	78	80	81	144	#
100	565.329	1	11	12	22	23	24	33	34	60	93	103	114	145	#
101	827.679	11	12	13	14	22	24	33	35	36	45	46	56	145	#
102	723.396	49	50	59	60	61	70	71	81	82	83	92	93	145	#
103	707.263	11	12	13	22	23	24	33	34	35	36	46	47	145	#
104	697.215	0	1	2	11	12	13	22	23	24	34	35	46	145	#
105	694.855	82	92	93	102	103	104	112	113	114	115	116	117	145	#
106	348.369	9	10	19	20	31	42	146	#
107	366.381	20	30	31	32	42	43	146	#
108	322.646	9	10	19	20	21	32	146	#
109	320.147	9	10	20	30	31	32	146	#
110	315.481	20	31	32	42	43	53	146	#
111	292.663	9	10	19	20	21	31	146	#
112	256.911	77	78	79	90	118	119	120	147	#
113	317.082	67	77	78	88	89	90	99	147	#
114	286.844	79	80	90	91	101	102	112	147	#
115	249.684	23	34	66	77	78	88	90	147	#
116	712.358	64	72	73	74	75	76	84	85	86	87	148	#
117	673.194	64	65	72	73	74	75	84	85	86	95	148	#
118	651.621	73	74	75	76	84	85	86	87	94	95	148	#
119	586.442	60	61	64	72	73	74	75	84	85	95	148	#
120	579.029	52	53	54	64	73	74	75	76	85	86	148	#
121	560.475	53	60	64	71	73	74	75	84	85	86	148	#
122	1090.84	12	13	23	24	52	53	61	64	72	73	74	75	83	84	85	86	87	98	149	#
123	1317.18	2	6	7	13	22	23	24	25	26	27	33	34	35	36	37	38	49	50	149	#
124	1300.8	35	36	44	45	46	47	55	56	66	72	73	74	83	84	99	110	111	112	149	#
125	1262.32	13	23	24	25	34	35	36	37	45	46	47	48	55	56	58	59	66	69	149	#
126	1218.99	62	63	64	65	74	75	76	87	96	98	106	107	108	109	115	116	117	118	149	#
127	1184.06	49	50	59	61	62	63	70	71	72	73	74	75	76	84	85	86	87	95	149	#
128	596.867	104	105	107	108	115	116	117	118	119	150	#
129	704.949	86	97	98	107	108	109	117	118	119	150	#
130	598.1	97	105	106	107	108	116	117	118	119	150	#
131	565.872	91	102	103	104	105	106	112	116	117	150	#
132	511.144	11	93	94	104	105	106	116	117	118	150	#
133	502.625	87	96	98	107	108	109	117	118	119	150	#
134	48.4371	14	#
135	640.34	29	47	48	58	59	67	68	69	70	80	81	82	94	151	#
136	938.229	35	37	44	45	46	47	48	55	58	59	60	61	70	151	#
137	898.453	28	35	36	39	45	46	47	55	58	59	69	81	92	151	#
138	884.118	45	46	47	48	58	59	60	69	70	81	91	92	102	151	#
139	839.921	37	38	46	47	48	49	50	58	59	60	69	70	80	151	#
140	836.695	37	47	48	49	58	59	60	69	70	80	85	96	107	151	#
141	640.125	61	71	72	74	82	83	84	85	93	152	#
142	784.268	21	48	59	70	71	72	81	82	93	152	#
143	679.973	69	70	71	72	82	83	93	94	105	152	#
144	649.998	39	50	61	72	83	84	93	94	105	152	#
145	590.963	72	73	74	82	83	91	92	93	102	152	#
146	553.913	57	68	80	81	91	92	93	101	102	152	#
147	958.658	9	10	19	20	21	31	32	42	43	53	54	65	153	#
148	1060.3	16	27	28	32	43	53	54	64	65	76	86	87	153	#
149	1017.55	19	20	21	31	32	42	43	53	54	64	65	76	153	#
150	991.081	20	21	30	31	32	42	43	53	54	64	65	76	153	#
151	976.137	9	19	20	21	31	32	42	43	53	54	64	65	153	#
152	975.477	19	20	21	30	31	32	40	41	43	53	54	65	153	#
153	132.708	106	107	117	118	154	#
154	193.549	106	107	116	117	154	#
155	171.422	107	116	117	118	154	#
156	472.27	28	36	37	38	39	47	48	50	155	#
157	642.813	17	27	28	59	60	70	71	72	155	#
158	590.141	45	46	47	48	49	56	57	68	155	#
159	541.436	25	26	35	36	37	48	49	50	155	#
160	513.166	26	27	35	36	37	38	45	83	155	#
161	494.933	15	26	37	38	48	49	50	61	155	#
162	529.7	46	51	52	53	57	63	68	73	74	80	85	156	#
163	785.954	34	41	51	52	62	63	73	74	75	76	84	156	#
164	772.09	51	52	53	63	64	65	73	74	75	76	86	156	#
165	722.165	35	46	47	48	57	67	68	78	79	89	90	156	#
166	706.008	30	41	51	61	62	63	73	74	75	84	95	156	#
167	693.625	35	36	46	57	68	77	78	79	80	89	90	156	#
168	427.313	45	55	66	77	78	88	89	100	157	#
169	546.817	15	35	45	46	47	48	55	66	157	#
170	472.796	35	45	46	47	57	68	80	81	157	#
171	467.969	44	45	55	66	77	78	88	90	157	#
172	449.556	45	55	66	67	77	78	89	100	157	#
173	441.665	78	88	89	90	99	100	109	110	157	#
174	689.132	35	36	45	47	48	55	56	57	58	158	#
175	798.449	24	25	35	45	46	47	56	57	67	158	#
176	695.865	35	44	45	55	56	66	67	77	78	158	#
177	652.948	37	47	48	56	57	58	59	60	69	158	#
178	647.59	35	36	37	45	48	55	56	67	79	158	#
179	625.323	12	14	23	24	25	34	35	36	45	158	#
180	598.681	30	41	57	68	80	81	92	101	102	159	#
181	729.294	17	18	28	29	30	31	38	39	42	159	#
182	630.804	29	30	31	40	41	45	56	57	67	159	#
183	628.747	56	57	58	67	68	69	80	81	92	159	#
184	570.141	58	67	68	69	80	81	92	93	103	159	#
185	553.093	13	24	35	74	75	80	81	86	92	159	#
186	40.0796	51	52	#
187	407.254	8	9	10	20	21	87	160	#
188	448.011	9	20	21	30	31	42	160	#
189	445.175	9	10	19	20	21	31	160	#
190	425.698	8	9	10	19	20	21	160	#
191	388.708	8	9	10	20	21	31	160	#
192	353.228	73	74	75	76	85	87	160	#
193	1354.6	9	19	20	21	29	30	31	32	41	42	43	51	52	53	62	63	73	74	84	85	161	#
194	1652.9	5	16	17	19	20	21	27	28	29	30	31	32	38	39	42	43	52	53	115	116	161	#
195	1637.34	19	20	21	28	29	30	31	32	42	43	51	52	53	57	62	63	105	116	117	118	161	#
196	1555.16	5	8	9	16	17	19	20	21	27	28	29	30	31	32	39	41	42	43	52	53	161	#
197	1500.35	8	9	10	17	19	20	21	28	29	30	31	32	39	41	42	43	51	52	53	63	161	#
198	1467.19	9	10	19	20	21	24	25	29	30	31	32	41	42	43	51	52	53	63	110	111	161	#
199	1009.07	2	13	14	24	25	26	35	44	45	55	56	162	#
200	968.006	0	1	2	3	12	24	25	26	35	37	45	162	#
201	937.902	1	2	9	12	24	25	35	37	45	46	56	162	#
202	929.107	24	25	26	27	35	37	46	48	101	102	103	162	#
203	913.78	28	35	45	46	55	56	65	66	77	78	89	162	#
204	898.501	13	21	24	35	44	45	55	56	66	77	78	162	#
205	704.441	37	38	92	93	94	104	105	106	107	115	116	163	#
206	775.44	13	14	15	25	26	37	48	49	59	66	78	163	#
207	755.525	35	45	55	56	93	94	103	104	105	114	115	163	#
208	719.215	11	22	33	97	104	105	106	107	108	117	119	163	#
209	697.337	92	93	94	103	104	105	106	107	114	115	116	163	#
210	664.146	17	28	37	38	39	48	49	50	51	66	121	163	#
211	97.2775	46	#
212	952.203	47	58	68	69	72	78	79	80	81	82	83	84	88	89	90	91	92	101	102	112	113	164	#
213	1402.38	12	13	24	25	35	45	46	47	55	56	58	59	66	69	70	71	80	82	84	85	86	164	#
214	1294.41	72	74	75	82	83	84	85	86	93	94	95	96	97	102	103	104	106	107	108	109	118	164	#
215	1251.02	80	81	82	83	84	90	91	92	93	94	95	101	102	103	111	112	113	114	115	116	122	164	#
216	1210.58	12	13	24	35	36	44	45	55	56	66	67	68	77	78	79	89	90	91	101	102	113	164	#
217	1206.17	80	83	84	85	89	90	91	92	93	94	95	96	101	102	103	107	110	111	112	113	115	164	#
218	200.121	117	118	119	120	165	#
219	266.961	115	116	117	118	165	#
220	254.771	106	107	117	118	165	#
221	169.03	106	107	118	119	165	#
222	84.0698	60	#
223	1388.78	82	90	92	93	96	98	101	102	103	104	105	106	107	109	112	113	114	115	116	117	118	166	#
224	1451.04	28	39	82	90	93	101	102	103	104	105	106	107	108	111	112	113	114	115	116	117	118	166	#
225	1437.09	25	26	35	36	37	41	43	48	52	53	54	64	65	75	76	86	87	97	98	108	109	166	#
226	1385.93	81	90	92	93	94	95	96	97	98	101	102	104	105	106	107	108	109	115	116	117	118	166	#
227	1300.62	12	17	18	22	23	55	80	81	92	93	102	103	104	105	106	107	113	115	116	117	118	166	#
228	1289.7	71	82	85	86	93	94	95	96	97	103	104	105	106	107	108	109	115	116	117	118	119	166	#
229	248.412	103	107	113	114	117	118	167	#
230	331.752	80	91	92	102	112	113	167	#
231	328.212	85	86	95	97	106	107	167	#
232	263.067	95	96	105	106	116	117	167	#
233	189.332	104	105	112	113	114	115	167	#
234	184.792	93	102	103	104	114	115	167	#
235	373.167	67	78	88	89	99	100	110	111	168	#
236	494.971	45	55	66	67	78	79	89	90	168	#
237	466.967	91	101	102	110	111	112	113	114	168	#
238	448.835	78	79	89	90	99	100	110	111	168	#
239	418.432	55	66	67	78	79	88	89	90	168	#
240	358.108	55	66	67	77	78	79	88	89	168	#
241	830.349	55	56	66	67	78	88	89	90	99	100	127	169	#
242	870.718	44	55	56	66	67	78	88	89	90	99	100	169	#
243	813.418	55	66	67	68	78	88	99	102	110	113	114	169	#
244	748.99	46	47	48	49	58	59	60	69	70	71	127	169	#
245	744.247	66	77	78	88	89	99	100	102	110	111	112	169	#
246	736.415	44	54	55	65	66	67	76	78	88	105	116	169	#
247	561.594	56	66	67	78	88	89	90	170	#
248	636.043	44	55	66	67	78	89	90	170	#
249	616.016	10	66	77	88	89	90	99	170	#
250	529.009	54	55	66	77	78	89	90	170	#
251	513.209	67	79	89	90	101	112	113	170	#
252	507.692	44	51	55	56	66	67	77	170	#
253	367.911	11	12	13	22	23	24	34	171	#
254	454.739	11	12	22	23	24	74	75	171	#
255	446.372	11	12	13	22	23	24	35	171	#
256	413.434	2	12	13	22	23	24	35	171	#
257	386.584	2	12	13	23	24	34	35	171	#
258	380.234	12	13	23	24	34	35	50	171	#
259	188.414	2	12	13	172	#
260	198.025	12	13	23	172	#
261	194.612	12	22	33	172	#
262	102.149	1	2	3	172	#
263	2100.24	4	11	12	13	14	15	16	22	23	24	25	26	27	28	33	34	35	36	37	38	39	45	46	47	48	49	56	59	83	84	94	173	#
264	2345.87	3	4	11	15	16	17	18	22	23	24	25	26	27	28	29	30	33	35	39	40	41	50	51	52	61	62	63	72	83	84	124	173	#
265	2118.85	2	3	11	12	13	14	15	16	22	23	24	25	26	27	28	33	34	35	36	37	40	41	51	52	63	84	85	95	96	106	107	173	#
266	2106.43	2	3	4	5	6	14	15	16	17	18	22	23	24	25	26	27	28	29	35	36	37	38	39	40	41	45	48	49	50	52	56	173	#
267	2085.06	1	2	3	4	11	12	13	14	15	16	22	23	24	25	26	27	33	34	35	36	37	45	47	48	56	67	92	102	103	115	116	173	#
268	2072.62	4	6	11	12	13	14	15	16	17	22	23	24	25	26	27	28	29	33	35	36	37	38	39	45	46	47	48	59	106	117	123	173	#
269	664.49	4	15	16	25	26	27	36	37	48	174	#
270	801.541	24	25	26	27	35	36	37	38	49	174	#
271	775.41	24	25	26	36	37	38	98	108	109	174	#
272	705.88	15	16	25	26	27	35	36	37	46	174	#
273	699.803	5	15	16	25	26	27	36	37	38	174	#
274	662.362	25	26	27	28	35	36	37	38	39	174	#
275	151.189	99	100	#
276	955.846	59	60	68	69	71	79	80	81	82	83	93	101	112	175	#
277	1090.37	28	55	66	67	78	88	89	90	99	101	110	111	112	175	#
278	1043.08	25	26	27	35	36	37	45	47	48	56	59	111	112	175	#
279	1042.41	71	76	82	83	85	86	87	93	94	95	105	106	107	175	#
280	1016.01	57	66	67	68	75	78	79	88	89	90	101	112	124	175	#
281	955.51	37	48	49	59	60	70	71	80	81	82	83	93	94	175	#
282	202.485	26	27	176	#
283	261.817	16	27	176	#
284	151.789	26	37	176	#
285	129.836	26	#
286	187.202	89	90	#
287	514.298	31	42	43	53	54	65	102	177	#
288	619.105	20	31	32	42	43	53	54	177	#
289	555.315	31	32	42	43	53	54	65	177	#
290	551.23	21	31	32	42	43	53	54	177	#
291	422.11	8	9	19	20	30	31	42	177	#
292	415.794	90	91	92	101	102	103	104	177	#
293	189.811	99	110	#
294	248.281	110	111	112	113	126	241	#
295	817.774	12	13	14	22	23	24	25	26	33	35	36	37	45	46	47	57	179	#
296	1163.68	10	19	20	21	25	26	32	68	69	78	79	80	89	90	91	92	179	#
297	1070.38	3	12	15	16	17	22	23	24	25	26	27	28	35	36	59	126	179	#
298	1018.77	11	12	22	23	24	33	35	45	46	47	105	106	107	116	118	120	179	#
299	1013.55	14	25	26	27	28	37	47	48	58	59	60	66	78	89	90	119	179	#
300	1010.26	35	45	57	66	68	69	78	79	80	88	89	90	91	101	102	113	179	#
301	1501.17	13	24	35	41	45	46	47	51	55	56	57	58	66	67	68	77	78	79	85	88	89	95	96	99	110	180	#
302	1752.92	23	24	25	35	38	41	46	47	48	49	50	51	52	53	54	57	58	59	60	61	63	64	71	75	82	180	#
303	1711.77	13	24	25	35	36	37	45	46	47	53	54	57	58	59	60	64	65	69	76	87	97	98	109	110	111	180	#
304	1708.79	1	2	3	4	5	6	12	13	15	16	17	22	23	24	25	26	27	34	35	46	77	88	99	110	111	180	#
305	1685.84	12	13	16	23	24	25	26	27	35	36	71	80	81	82	83	92	93	94	95	101	102	110	111	112	113	180	#
306	1681.29	2	3	5	12	13	15	16	23	24	25	26	27	34	35	38	39	44	45	49	50	55	61	66	72	73	180	#
307	409.651	10	19	20	21	181	#
308	364.47	9	19	20	21	181	#
309	351.165	19	20	21	32	181	#
310	345.423	9	10	20	21	181	#
311	258.837	8	9	10	21	181	#
312	165.988	3	4	14	15	182	#
313	237.624	3	4	5	6	182	#
314	235.31	2	3	13	14	15	183	#
315	315.534	3	14	15	26	27	183	#
316	312.484	2	3	14	15	27	183	#
317	234.443	1	2	3	14	15	183	#
318	162.693	12	13	14	15	24	183	#
319	80.4521	19	73	184	#
320	120.592	72	73	184	#
321	119.095	19	20	184	#
322	440.601	103	104	105	114	115	116	185	#
323	497.094	94	103	104	105	115	116	185	#
324	451.976	83	94	104	105	115	116	185	#
325	409.592	92	102	103	113	114	115	185	#
326	355.799	73	90	101	102	103	112	185	#
327	350.164	85	94	95	103	104	105	185	#
328	284.73	0	1	2	12	23	28	186	#
329	346.249	0	1	2	12	22	23	186	#
330	321.675	1	12	13	22	23	33	186	#
331	262.158	5	17	18	28	29	40	186	#
332	219.041	0	1	2	12	13	14	186	#
333	927.462	52	53	64	65	66	75	76	78	85	86	87	89	93	96	100	187	#
334	1085.59	44	55	56	66	67	68	77	78	79	88	89	90	99	100	101	187	#
335	1062.48	48	49	50	61	62	65	72	73	74	75	76	83	84	85	94	187	#
336	1059.69	55	56	57	66	67	68	77	78	79	88	89	90	99	100	101	187	#
337	1054.8	44	55	56	66	67	68	77	78	79	80	81	88	89	99	122	187	#
338	1038.5	55	56	66	67	68	77	78	79	88	89	90	99	100	101	110	187	#
339	464.296	9	10	19	20	21	31	32	42	43	53	188	#
340	586.911	8	9	10	19	20	21	32	80	81	82	188	#
341	572.829	5	6	7	17	18	42	53	64	74	85	188	#
342	546.674	8	9	10	19	20	21	32	42	43	125	188	#
343	541.467	8	9	10	19	20	21	32	42	43	53	188	#
344	532.344	8	9	10	19	20	21	31	32	42	43	188	#
345	617.958	19	20	21	31	32	42	43	54	65	189	#
346	590.097	8	9	20	21	32	43	53	54	65	189	#
347	550.894	9	10	19	20	21	30	31	32	43	189	#
348	533.795	19	20	29	31	32	40	42	43	54	189	#
349	531.502	9	19	20	21	31	32	42	43	110	189	#
350	510.881	31	32	42	43	52	53	54	64	65	189	#
351	441.873	3	4	15	25	26	27	35	36	37	67	190	#
352	661.428	4	15	16	24	25	26	27	28	37	108	190	#
353	608.01	14	22	23	24	25	26	27	35	37	38	190	#
354	602.07	3	4	5	6	14	15	16	17	26	27	190	#
355	577.849	3	4	5	14	15	16	24	25	26	37	190	#
356	556.51	44	45	49	55	56	66	67	77	78	79	190	#
357	2180.51	9	10	20	21	30	31	32	41	42	43	51	52	53	60	61	62	71	72	73	74	81	83	84	85	86	92	93	94	95	96	102	103	104	105	106	107	108	115	116	117	191	#
358	2823.58	24	25	26	27	31	32	35	36	37	42	43	44	45	53	55	56	57	64	65	67	68	75	76	78	80	85	86	87	95	96	97	98	105	106	107	108	109	116	117	118	191	#
359	2742.56	5	6	7	8	9	10	16	17	19	20	21	31	32	41	42	43	44	51	52	53	55	56	59	60	61	62	64	65	66	67	68	70	72	75	76	86	87	98	108	109	191	#
360	2614.01	14	20	24	25	29	36	37	40	41	50	51	55	58	59	60	61	62	64	65	66	67	68	69	70	72	73	75	76	78	80	81	86	87	91	97	98	101	102	108	109	191	#
361	2566.08	8	14	23	24	25	26	35	36	37	44	45	47	55	56	58	66	67	68	77	78	79	81	88	89	90	91	92	93	101	102	103	104	111	112	113	114	115	116	117	122	191	#
362	2564.79	8	9	10	12	13	14	15	19	20	21	23	24	25	26	31	32	35	36	37	42	43	44	45	46	47	53	54	55	56	64	65	67	68	76	78	79	88	89	90	101	191	#
363	127.881	6	#
364	350.466	2	3	14	15	104	105	116	192	#
365	475.969	4	82	83	94	104	105	116	192	#
366	353.779	1	2	12	22	23	33	34	192	#
367	283.902	3	4	14	25	26	36	37	192	#
368	282.344	3	14	15	16	47	48	58	192	#
369	205.685	2	3	4	5	14	15	16	192	#
370	612.267	45	48	55	56	57	58	59	193	#
371	601.115	43	45	46	55	56	57	58	193	#
372	589.244	44	55	56	57	58	59	70	193	#
373	556.94	45	55	56	57	66	67	78	193	#
374	522.209	35	45	46	55	56	67	78	193	#
375	456.524	9	10	36	37	48	58	59	193	#
376	601.527	60	61	62	73	101	102	111	112	113	194	#
377	727.679	99	101	102	110	111	112	113	114	115	194	#
378	726.641	52	59	60	61	62	63	71	82	93	194	#
379	689.357	16	74	80	91	101	102	110	111	112	194	#
380	594.66	48	49	50	60	61	70	71	81	82	194	#
381	557.285	80	91	101	102	111	112	113	114	115	194	#
382	45.6082	78	#
383	445.726	75	85	86	87	95	97	98	109	195	#
384	624.496	24	64	75	76	86	97	98	108	195	#
385	600.393	4	14	15	26	27	28	37	86	195	#
386	599.152	75	76	86	97	98	108	109	119	195	#
387	581.258	65	75	76	86	87	97	98	109	195	#
388	535.637	73	74	75	76	86	87	97	98	195	#
389	915.066	41	42	51	52	53	54	64	65	74	75	76	87	97	98	196	#
390	1128.45	9	10	21	29	30	31	32	42	43	52	54	65	75	76	196	#
391	1096.55	10	18	20	21	29	30	31	32	41	42	43	52	53	54	196	#
392	1093.46	18	28	29	30	31	32	39	40	41	42	43	51	52	62	196	#
393	1071.04	32	42	43	54	57	64	65	68	75	76	80	87	97	98	196	#
394	1041.89	20	31	32	42	43	54	64	65	74	75	76	87	97	98	196	#
395	683.544	18	21	28	29	30	31	32	40	197	#
396	748.424	6	17	27	28	29	40	41	71	197	#
397	731.135	18	28	29	30	31	32	43	54	197	#
398	659.732	3	14	15	17	26	27	28	29	197	#
399	600.511	9	10	20	21	30	31	32	43	197	#
400	581.672	5	6	17	18	28	29	30	39	197	#
401	741.507	29	30	41	51	52	55	62	63	66	73	198	#
402	707.849	21	32	46	55	56	57	66	67	79	90	198	#
403	696.52	9	30	31	39	41	49	50	51	52	63	198	#
404	692.548	30	31	41	51	52	60	61	62	63	73	198	#
405	672.476	5	17	18	29	30	31	41	42	51	53	198	#
406	656.621	35	45	46	55	56	66	67	68	79	111	198	#
407	163.507	28	39	199	#
408	106.132	28	125	199	#
409	502.85	4	5	15	16	17	26	28	200	#
410	556.827	17	18	28	29	39	49	50	200	#
411	486.746	4	15	16	35	46	57	124	200	#
412	464.785	3	4	15	16	24	25	26	200	#
413	452.983	5	6	16	17	27	28	88	200	#
414	452.688	5	17	18	28	29	39	50	200	#
415	253.415	31	32	42	201	#
416	236.496	21	31	32	201	#
417	212.119	30	31	42	201	#
418	202.197	20	31	42	201	#
419	230.005	24	35	45	202	#
420	272.835	35	45	55	202	#
421	250.527	45	55	66	202	#
422	146.458	12	24	25	202	#
423	1172.76	8	9	10	21	32	41	42	43	48	51	52	53	54	63	65	76	87	110	111	203	#
424	1314.92	8	9	10	19	20	21	32	41	43	51	52	53	54	63	64	65	75	76	86	203	#
425	1309.12	10	18	21	29	38	39	40	41	43	49	50	51	52	53	54	63	64	65	75	203	#
426	1305.39	6	7	17	18	28	29	40	41	51	52	53	54	63	64	65	75	76	90	101	203	#
427	1305.37	8	9	10	19	20	21	32	43	52	53	54	63	64	65	72	75	76	83	84	203	#
428	1284.87	17	27	28	29	39	40	41	42	43	51	52	53	54	63	64	65	74	75	76	203	#
429	112.268	118	119	204	#
430	145.589	108	119	204	#
431	3428.07	10	19	20	21	31	32	41	42	43	50	51	53	54	59	60	61	62	63	64	65	69	70	71	72	73	74	75	76	81	82	83	84	85	86	87	93	95	96	97	98	103	104	105	106	107	108	109	114	115	116	117	118	119	205	#
432	3980.6	19	20	21	31	32	38	39	42	43	48	49	50	54	61	62	63	64	65	67	71	73	74	75	76	78	79	81	82	83	84	85	86	88	89	90	93	94	95	96	97	98	99	100	103	106	107	108	109	110	111	116	117	118	205	#
433	3816.59	1	11	12	22	23	28	29	32	33	34	37	38	39	42	43	49	50	51	54	59	60	61	62	63	64	65	71	72	73	74	75	76	82	83	84	85	86	92	93	94	96	97	98	103	104	105	106	107	108	109	116	117	118	205	#
434	3802.58	51	59	62	63	64	65	67	68	69	70	71	72	73	74	75	76	79	80	81	82	83	84	85	86	88	89	90	91	92	93	94	96	97	98	99	101	102	103	104	105	106	107	108	109	110	111	112	113	114	115	116	117	118	205	#
435	3793.96	6	15	17	25	26	27	28	33	35	36	37	38	39	49	50	51	52	61	62	63	64	65	71	73	74	75	76	80	81	82	83	84	85	86	91	92	93	94	95	96	97	101	102	103	104	105	106	107	108	114	116	117	118	205	#
436	3778.37	31	32	38	39	42	43	49	50	51	54	55	61	62	63	64	65	66	67	68	69	70	71	72	73	74	75	76	77	79	80	81	82	83	84	85	86	88	89	90	92	93	96	97	98	99	100	104	107	108	114	115	118	127	205	#
437	1576.28	5	6	7	15	16	17	25	26	27	28	37	39	51	56	62	66	67	68	71	72	73	77	78	79	81	88	92	93	118	206	#
438	2090.83	39	48	49	50	51	54	59	60	62	63	65	70	71	72	73	74	75	76	85	86	87	94	98	103	104	105	109	110	111	206	#
439	1844.37	3	15	16	25	26	27	35	36	37	45	48	59	85	87	95	96	98	102	103	104	105	107	109	114	115	116	117	118	119	206	#
440	1843.79	5	6	17	18	27	28	29	31	39	41	42	43	48	49	50	51	52	53	54	62	63	74	75	76	85	86	87	98	109	206	#
441	1836.44	20	21	25	26	32	36	37	42	43	47	48	49	50	51	53	54	58	59	60	62	63	69	70	71	72	73	74	75	76	206	#
442	1835.35	35	36	44	45	46	47	48	49	54	55	56	57	58	59	65	67	68	76	78	79	90	93	94	101	104	105	114	115	116	206	#
443	1235.09	44	65	67	78	88	89	90	91	92	93	99	100	101	102	103	104	105	110	111	112	207	#
444	1345.23	7	18	29	30	40	41	49	50	52	61	62	63	91	92	102	103	104	111	112	115	207	#
445	1315.12	8	9	10	21	25	26	35	36	37	38	44	45	55	56	66	67	68	77	78	90	207	#
446	1313.77	73	74	84	91	92	93	94	95	102	103	104	105	106	107	108	109	111	112	117	118	207	#
447	1269.55	5	16	45	55	56	66	67	68	77	78	79	86	88	89	90	99	100	110	111	112	207	#
448	1261.86	1	55	56	66	67	78	79	88	89	90	91	92	99	100	101	102	105	110	111	112	207	#
449	119.072	73	83	84	208	#
450	173.829	82	83	84	208	#
451	159.213	84	85	96	208	#
452	153.454	72	73	84	208	#
453	135.534	68	69	80	209	#
454	201.311	58	69	70	209	#
455	166.815	57	58	68	209	#
456	100.368	68	80	81	209	#
457	1742.52	30	31	42	51	53	62	63	64	65	74	75	76	82	83	85	86	87	93	94	95	96	97	105	210	#
458	1773.83	53	54	63	64	65	74	75	76	83	85	86	87	93	94	95	97	105	106	108	109	117	119	120	210	#
459	1689.79	63	64	65	73	74	75	76	83	85	86	87	94	95	96	97	105	106	107	108	109	116	117	119	210	#
460	1661.26	51	62	63	64	65	73	74	75	76	84	85	86	87	95	96	97	98	105	106	107	108	109	119	210	#
461	1656.45	64	65	74	75	76	82	83	85	86	87	93	94	95	97	98	104	105	106	109	115	116	117	118	210	#
462	1620.23	19	20	21	30	31	41	42	43	51	52	53	62	63	64	65	73	74	75	76	86	87	97	108	210	#
463	1090.87	10	19	20	21	28	29	30	31	32	39	40	41	111	112	211	#
464	1099.52	5	10	14	15	16	17	21	24	25	26	28	29	39	40	211	#
465	1045.36	10	19	20	21	29	30	31	32	42	43	53	54	64	65	211	#
466	1027.45	3	4	10	12	14	15	19	20	21	24	25	26	31	37	211	#
467	1014.58	18	28	29	30	38	39	41	50	51	60	61	62	63	73	211	#
468	1014.17	5	6	15	16	17	18	27	28	29	30	31	39	40	93	211	#
469	1675.67	28	30	35	38	39	41	45	46	47	48	49	50	51	52	58	59	61	62	69	70	71	72	98	109	212	#
470	1851.75	2	3	13	14	15	17	25	26	27	28	29	30	31	37	38	40	42	48	71	72	82	99	110	111	212	#
471	1775.92	18	29	30	35	40	41	51	54	63	71	72	76	82	83	84	85	86	87	95	97	98	99	108	109	212	#
472	1726.85	2	3	4	5	14	15	16	17	26	27	28	38	39	49	50	61	71	72	81	82	83	94	105	116	212	#
473	1724.13	14	15	17	18	25	27	28	29	30	37	38	39	41	48	49	50	51	58	59	63	69	70	81	122	212	#
474	1703.54	5	15	16	17	26	27	28	29	35	45	46	47	48	49	50	58	59	70	91	92	102	103	116	119	212	#
475	971.565	74	75	85	93	95	96	102	103	104	105	106	107	112	113	114	115	116	118	213	#
476	1368.37	30	41	50	51	59	60	61	62	63	74	75	76	84	85	86	87	95	96	213	#
477	1241.69	25	37	38	67	74	75	76	84	85	86	87	94	95	96	104	105	107	116	213	#
478	1196.09	53	54	62	63	64	65	74	75	76	84	85	86	87	89	95	96	106	107	213	#
479	1192.38	74	75	76	84	85	86	87	92	93	94	95	96	104	105	106	107	118	119	213	#
480	1189.86	35	45	46	57	65	74	75	76	85	86	87	93	94	95	96	103	104	105	213	#
481	159.282	46	57	68	214	#
482	234.003	35	46	57	214	#
483	200.109	56	67	68	214	#
484	146.82	103	114	#
485	38.963	20	#
486	114.05	18	29	#
487	1251.78	0	1	2	3	11	12	13	15	22	23	24	25	35	36	37	48	50	61	75	76	87	215	#
488	1691.22	5	6	12	16	17	23	24	25	26	27	28	36	37	48	53	64	65	75	76	86	87	215	#
489	1591.62	1	2	11	12	15	22	23	24	25	26	33	36	37	38	43	48	51	53	54	63	64	215	#
490	1471.25	0	1	2	12	23	43	53	54	64	65	74	75	76	84	85	86	87	95	97	98	109	215	#
491	1433.51	1	2	11	12	22	23	24	25	26	28	35	36	37	38	39	45	48	49	50	51	59	215	#
492	1414.29	1	2	3	4	5	11	15	16	22	23	24	25	26	27	36	37	38	48	59	60	61	215	#
493	698.518	1	2	11	12	13	22	23	24	25	33	34	101	112	216	#
494	973.183	37	38	39	48	49	50	89	99	100	101	110	111	112	216	#
495	950.479	45	55	66	67	78	89	90	99	100	101	110	111	112	216	#
496	892.275	6	17	25	26	28	29	36	37	38	39	40	48	49	216	#
497	826.84	0	1	2	11	12	22	23	24	25	26	33	34	37	216	#
498	760.448	1	2	11	12	13	22	23	24	25	26	33	34	35	216	#
499	937.383	2	3	12	13	14	22	23	24	25	26	27	33	37	47	48	119	217	#
500	1156.3	12	13	14	20	21	23	24	30	31	32	42	43	54	64	65	66	217	#
501	1142.53	26	27	28	29	30	37	38	46	47	48	49	57	58	59	69	70	217	#
502	1142.15	26	27	35	37	45	46	47	48	55	56	57	58	59	69	101	112	217	#
503	1070.47	5	6	7	16	17	18	26	27	28	29	38	39	40	48	49	50	217	#
504	1047.21	37	38	48	49	58	59	60	61	68	69	70	71	79	80	81	91	217	#
505	1385.3	55	66	67	78	82	85	87	92	93	94	95	96	98	103	104	105	106	107	108	109	117	218	#
506	1506.02	22	26	27	33	37	44	48	49	55	59	60	66	67	71	77	78	79	89	90	99	100	218	#
507	1426.49	49	84	85	88	89	90	92	93	94	95	96	99	100	103	104	105	106	107	110	114	117	218	#
508	1405.61	55	66	67	76	78	79	87	89	90	96	98	100	101	105	106	107	108	109	116	119	120	218	#
509	1390.47	39	55	66	77	82	84	85	92	93	94	95	96	103	104	105	106	107	113	114	115	116	218	#
510	1368.85	71	82	84	85	91	92	93	94	95	96	102	103	104	105	106	114	115	116	117	118	119	218	#
511	668.43	3	15	25	26	27	28	37	38	39	219	#
512	693.424	14	15	16	17	25	26	27	28	39	219	#
513	670.574	7	17	18	27	28	38	39	49	50	219	#
514	663.834	13	15	24	25	26	35	36	37	38	219	#
515	599.82	2	13	14	25	37	38	39	50	61	219	#
516	599.677	3	14	15	16	19	25	26	36	37	219	#
517	405.347	3	4	13	14	15	16	27	220	#
518	591.538	5	16	17	18	26	27	28	220	#
519	568.153	2	3	14	15	25	27	28	220	#
520	535.974	2	3	5	15	16	17	27	220	#
521	526.552	3	14	15	16	26	27	34	220	#
522	366.462	3	12	13	14	24	25	37	220	#
523	647.671	93	103	104	105	110	111	113	114	115	116	221	#
524	791.999	71	82	93	103	104	105	114	115	116	117	221	#
525	721.554	66	78	88	89	90	99	110	111	112	113	221	#
526	642.831	44	45	55	56	66	92	101	102	112	113	221	#
527	621.762	59	70	71	92	101	102	110	111	112	113	221	#
528	569.454	92	93	101	102	104	105	113	114	115	116	221	#
529	647.643	59	69	70	80	81	91	92	93	102	222	#
530	756.456	39	48	49	50	59	60	69	70	71	222	#
531	698.714	47	48	49	59	60	69	70	71	80	222	#
532	668.997	90	91	92	93	101	102	103	113	115	222	#
533	626.24	90	92	93	101	102	103	104	112	113	222	#
534	596.483	69	70	77	80	91	92	101	102	103	222	#
535	563.261	70	71	72	73	81	82	83	84	95	223	#
536	687.827	70	71	72	81	82	91	92	102	112	223	#
537	608.19	59	60	70	71	80	81	82	92	102	223	#
538	607.498	70	72	74	81	82	83	84	85	92	223	#
539	573.682	62	72	73	74	82	84	85	93	95	223	#
540	559.889	59	60	62	71	72	73	81	82	83	223	#
541	550.392	31	42	52	53	64	65	75	85	86	224	#
542	716.403	63	64	65	74	75	76	85	86	87	224	#
543	661.426	62	63	73	74	75	84	85	95	96	224	#
544	647.052	21	30	31	32	42	43	53	54	64	224	#
545	626.958	36	53	63	64	73	74	75	84	85	224	#
546	593.695	43	52	53	54	64	65	75	85	86	224	#
547	485.02	34	66	77	78	79	88	89	90	100	225	#
548	682.677	35	36	44	45	55	56	66	77	78	225	#
549	673.721	44	45	55	56	66	77	78	88	90	225	#
550	639.486	1	2	12	13	22	23	24	33	34	225	#
551	570.919	44	55	66	78	79	88	90	101	112	225	#
552	555.681	44	45	46	47	55	58	66	78	88	225	#
553	781.017	73	75	76	84	85	86	94	95	96	105	106	107	108	117	118	119	226	#
554	1080.05	11	12	22	33	75	76	86	87	88	98	99	100	108	109	110	119	226	#
555	995.971	20	31	42	43	51	52	53	54	63	75	76	85	86	87	97	108	226	#
556	986.759	10	43	51	52	53	54	65	75	76	85	86	87	94	95	96	98	226	#
557	928.052	3	4	5	6	7	15	17	28	29	39	84	94	105	106	107	117	226	#
558	907.822	52	53	54	63	64	65	74	75	76	85	86	87	95	96	98	109	226	#
559	161.149	65	76	#
560	328.966	73	84	85	94	95	96	106	227	#
561	480.175	93	94	104	105	106	116	117	227	#
562	476.892	62	63	73	84	95	96	106	227	#
563	459.214	82	83	84	85	94	96	107	227	#
564	401.586	51	61	62	73	84	85	95	227	#
565	380.029	56	83	84	85	96	106	107	227	#
566	1369.66	8	9	10	19	20	21	28	29	30	31	32	40	41	42	43	51	52	53	61	62	63	74	85	228	#
567	1614.66	5	6	7	14	15	16	17	18	26	27	28	29	30	40	41	43	51	52	53	54	63	64	74	228	#
568	1601.41	8	9	10	17	18	19	20	21	25	26	27	28	29	30	31	32	39	40	41	51	52	62	63	228	#
569	1552.21	6	8	9	10	17	18	19	20	21	28	29	30	31	39	40	41	42	43	50	52	53	54	122	228	#
570	1545.9	3	6	7	14	15	16	17	18	26	27	28	29	30	40	41	42	43	51	52	53	54	65	91	228	#
571	1534.1	9	10	17	19	20	21	28	29	30	31	39	40	41	51	82	92	93	103	104	112	113	114	115	228	#
572	1258.91	44	45	46	55	57	66	67	68	77	78	79	81	88	89	90	92	93	101	102	103	104	112	113	229	#
573	1641.74	5	6	16	17	55	64	66	68	75	76	77	78	79	89	90	99	100	101	102	110	111	112	113	229	#
574	1595.13	44	45	46	55	57	66	68	77	78	88	89	90	93	94	99	104	105	106	107	108	109	110	118	229	#
575	1577.45	41	50	51	52	60	61	62	63	66	71	73	77	78	84	88	89	90	99	100	101	110	111	112	229	#
576	1540.06	44	45	46	55	66	68	77	78	79	88	89	90	91	92	93	99	100	101	102	110	111	112	113	229	#
577	1500.63	5	16	17	44	45	46	55	57	58	66	68	77	78	79	88	89	90	99	100	101	110	111	112	229	#
578	75.9561	95	106	230	#
579	99.2917	106	117	230	#
580	1590.21	56	59	67	68	70	71	72	73	79	80	82	83	91	92	93	99	101	102	103	104	110	111	112	113	114	115	231	#
581	1839.49	5	6	7	16	17	25	26	27	28	55	66	67	68	78	79	88	90	98	99	100	102	110	111	112	113	114	231	#
582	1785.87	2	11	12	22	23	34	45	46	55	56	67	78	79	80	88	90	91	92	99	100	101	102	103	110	111	112	231	#
583	1777.48	24	35	44	45	46	47	55	56	57	58	59	66	67	68	70	77	78	79	80	88	90	99	100	110	111	112	231	#
584	1719.57	20	26	31	32	35	37	38	45	46	47	48	49	50	51	56	57	58	59	60	61	62	70	71	72	73	82	231	#
585	1694.69	36	40	41	45	46	51	52	56	62	63	71	72	73	74	82	84	85	86	93	95	103	109	112	113	114	115	231	#
586	406.799	16	17	27	28	232	#
587	400.299	17	27	28	39	232	#
588	279.299	14	15	27	28	232	#
589	266.336	15	16	26	27	232	#
590	317.586	28	29	30	40	233	#
591	287.523	28	29	30	96	233	#
592	275.824	29	30	40	41	233	#
593	249.793	28	29	38	39	233	#
594	243.629	30	31	40	41	233	#
595	44.5913	121	#
596	18.127	80	#
597	1754.26	42	43	53	54	62	64	65	73	74	75	76	83	84	85	86	94	95	96	98	105	107	108	109	118	119	120	234	#
598	1755.65	43	53	54	55	62	64	65	73	74	75	76	83	84	85	86	87	95	96	97	102	107	108	109	111	112	119	234	#
599	1739.36	28	29	30	31	32	42	43	52	53	54	64	65	74	75	76	83	84	85	86	87	95	96	97	108	109	119	234	#
600	1732.67	39	42	43	50	53	54	61	62	64	65	73	74	75	76	83	84	85	86	93	94	95	96	97	107	108	109	234	#
601	1713.9	53	54	62	64	65	73	74	75	76	82	83	84	85	86	95	96	97	105	107	108	109	116	117	118	119	120	234	#
602	1696.4	42	43	53	54	63	64	65	73	74	75	76	83	84	85	86	93	94	95	96	97	105	107	108	110	116	119	234	#
603	775.273	81	91	92	93	94	101	102	103	104	105	111	112	113	114	235	#
604	895.668	56	66	67	77	79	90	92	93	101	102	111	112	113	114	235	#
605	888.285	80	89	90	91	92	101	102	103	110	111	112	113	114	115	235	#
606	866.211	81	82	90	92	93	101	102	103	104	105	111	112	113	114	235	#
607	851.992	19	20	21	31	42	80	81	91	92	102	103	104	112	114	235	#
608	851.258	19	20	21	91	93	101	102	103	104	111	112	113	114	115	235	#
609	461.319	35	44	46	55	56	57	67	236	#
610	435.432	55	56	57	66	67	68	79	236	#
611	432.003	56	57	66	67	68	79	80	236	#
612	428.574	13	14	24	35	46	94	105	236	#
613	405.898	47	57	58	59	60	71	72	236	#
614	361.216	55	56	67	68	78	79	90	236	#
615	73.6752	123	#
616	7.93192	12	#
617	295.883	15	25	26	27	39	237	#
618	421.753	24	25	26	35	36	237	#
619	378.004	15	16	26	27	37	237	#
620	347.273	12	15	24	25	26	237	#
621	346.531	18	27	28	29	39	237	#
622	136.854	80	91	238	#
623	190.405	91	92	238	#
624	73.1439	68	80	238	#
625	588.808	46	72	73	76	84	85	86	87	95	96	106	107	108	117	118	119	239	#
626	876.979	32	41	43	50	51	52	53	54	61	62	63	72	73	74	81	82	239	#
627	807.77	62	64	73	75	76	83	84	85	86	87	96	106	107	117	118	119	239	#
628	692.923	52	53	62	63	73	74	76	85	86	87	96	106	107	117	118	119	239	#
629	813.448	62	64	65	73	74	75	84	85	86	87	94	95	240	#
630	847.043	60	61	62	72	81	82	91	92	93	94	102	113	240	#
631	842.104	74	85	86	87	95	96	97	98	106	108	109	117	240	#
632	796.869	1	12	22	23	24	33	72	73	74	82	84	85	240	#
633	788.404	0	39	42	51	52	53	62	63	64	73	74	84	240	#
634	785.813	42	43	53	54	64	74	75	85	86	87	96	97	240	#
635	275.052	5	15	16	17	126	241	#
636	373.1	4	5	16	27	28	241	#
637	361.586	2	3	15	16	27	241	#
638	339.206	5	7	17	18	29	241	#
639	322.079	4	5	15	16	27	241	#
640	620.083	5	10	21	39	50	51	52	61	62	63	242	#
641	745.274	2	3	4	5	13	16	17	21	27	32	242	#
642	643.172	8	9	10	19	20	21	32	42	43	54	242	#
643	613.673	17	18	28	39	49	50	51	59	70	81	242	#
644	579.245	39	49	50	51	52	59	60	61	62	63	242	#
645	575.505	0	9	10	21	45	46	55	56	57	67	242	#
646	438.269	8	9	10	20	21	243	#
647	375.754	20	21	30	31	32	243	#
648	356.008	9	10	21	102	113	243	#
649	352.79	9	19	20	107	118	243	#
650	333.211	8	9	20	87	98	243	#
651	172.569	101	102	112	244	#
652	205.044	93	102	103	244	#
653	92.3437	101	112	113	244	#
654	594.802	40	41	51	52	62	63	73	74	84	85	95	96	245	#
655	852.555	50	51	61	62	63	74	75	76	86	87	88	89	245	#
656	813.097	73	76	84	85	86	87	95	96	97	98	106	107	245	#
657	748.799	41	73	82	84	93	94	95	96	105	106	107	118	245	#
658	748.771	51	60	61	62	63	71	72	73	74	82	84	85	245	#
659	746.134	31	40	41	42	51	52	61	62	63	72	74	82	245	#
660	626.705	3	15	17	18	27	28	29	39	49	50	246	#
661	708.125	27	28	37	38	39	49	50	60	61	72	246	#
662	691.801	17	18	27	28	29	40	77	88	99	110	246	#
663	683.903	37	38	39	47	48	49	50	59	61	75	246	#
664	651.692	4	14	15	16	25	27	28	94	105	106	246	#
665	620.044	5	15	16	17	18	27	28	29	39	50	246	#
666	426.624	46	55	56	57	66	67	77	78	247	#
667	568.304	48	55	56	57	58	59	66	67	247	#
668	534.222	30	37	46	47	48	56	57	58	247	#
669	460.128	56	66	67	77	78	88	89	90	247	#
670	419.083	56	57	58	66	67	77	78	88	247	#
671	410.866	55	66	67	77	78	88	89	99	247	#
672	181.839	111	112	248	#
673	225.883	110	111	248	#
674	638.466	11	12	22	23	24	53	64	75	114	115	249	#
675	861.56	32	43	54	64	65	75	76	86	87	98	249	#
676	785.542	0	1	2	11	12	22	23	24	98	109	249	#
677	775.927	52	53	54	64	65	76	86	87	89	98	249	#
678	685.209	8	9	52	53	54	64	65	74	75	76	249	#
679	647.677	11	12	14	15	22	23	24	33	34	55	249	#
680	598.181	101	102	103	110	111	112	113	114	250	#
681	706.192	90	92	101	102	110	111	112	113	250	#
682	657.118	91	92	101	102	110	111	112	113	250	#
683	615.718	91	92	101	102	111	112	113	114	250	#
684	595.094	51	52	63	102	103	104	114	115	250	#
685	592.521	71	80	81	82	91	92	93	102	250	#
686	766.026	21	74	75	86	97	98	108	109	119	251	#
687	719.896	9	10	19	20	21	31	32	42	43	251	#
688	690.727	5	17	28	37	38	39	108	109	119	251	#
689	652.884	3	97	98	106	107	108	109	119	120	251	#
690	638.89	74	75	85	86	97	98	107	108	109	251	#
691	614.601	53	63	64	65	74	75	85	86	97	251	#
692	207.415	65	76	252	#
693	175.284	64	65	252	#
694	538.177	57	91	93	102	103	104	105	114	115	253	#
695	659.885	48	56	57	58	59	68	69	70	71	253	#
696	571.852	30	31	32	42	43	52	53	93	104	253	#
697	549.526	35	46	47	57	58	69	103	104	115	253	#
698	537.706	8	92	93	103	104	105	114	115	116	253	#
699	530	91	92	93	102	103	104	112	113	114	253	#
700	191.865	92	102	113	254	#
701	259.098	92	102	103	254	#
702	177.031	91	102	113	254	#
703	149.073	102	112	113	254	#
704	274.376	91	102	112	113	255	#
705	369.81	102	110	111	112	255	#
706	314.052	92	102	112	113	255	#
707	276.567	91	92	93	104	255	#
708	252.454	92	93	102	113	255	#
709	375.258	65	72	76	87	98	256	#
710	396.455	64	65	75	76	86	256	#
711	334.276	64	75	76	86	87	256	#
712	332.276	76	86	87	97	98	256	#
713	328.701	75	76	87	97	98	256	#
714	316.214	72	83	84	85	86	256	#
715	513.996	68	77	78	79	88	89	90	99	257	#
716	607.167	44	55	56	78	88	89	90	99	257	#
717	460.004	68	71	78	79	80	81	82	90	257	#
718	455.531	55	66	67	77	78	88	89	99	257	#
719	449.651	67	68	77	78	79	89	90	101	257	#
720	439.185	67	68	77	78	79	88	89	90	257	#
721	342.32	5	6	16	27	258	#
722	407.603	17	26	27	28	258	#
723	286.027	6	7	17	18	258	#
724	262.45	5	6	7	17	258	#
725	195.063	14	15	16	27	258	#
726	1245.24	8	9	10	19	20	21	25	30	31	32	36	37	38	39	42	47	48	49	59	259	#
727	1396.94	8	9	17	18	19	20	24	28	29	30	31	39	40	41	42	52	53	62	63	259	#
728	1310.64	8	9	10	19	20	21	28	29	30	31	32	40	41	42	51	52	53	63	64	259	#
729	1301.34	8	9	10	19	20	30	31	32	41	42	43	52	53	54	62	63	64	65	111	259	#
730	1283.69	9	17	18	19	20	21	28	29	30	31	39	40	41	42	51	52	62	63	73	259	#
731	1278.86	5	8	9	10	16	17	18	20	28	29	30	31	38	39	40	41	51	52	62	259	#
732	858.326	69	70	71	80	81	82	90	91	92	93	101	102	103	113	114	115	116	260	#
733	1168.24	26	37	38	48	49	59	60	70	71	81	82	93	103	104	105	114	115	260	#
734	1060	81	82	93	94	95	96	103	105	106	108	114	115	116	117	118	119	120	260	#
735	985.244	30	33	41	51	52	55	63	66	68	77	78	79	88	89	90	100	101	260	#
736	981.782	60	61	70	71	75	81	82	85	86	92	93	94	95	96	103	105	114	260	#
737	924.148	70	78	79	80	81	82	88	89	90	91	93	101	102	103	111	112	115	260	#
738	220.327	94	95	105	261	#
739	141.586	85	94	95	261	#
740	75.939	98	#
741	529.664	15	16	26	27	28	262	#
742	534.585	5	15	16	27	28	262	#
743	463.237	5	17	27	28	39	262	#
744	459.757	4	15	16	26	27	262	#
745	434.649	14	15	25	26	27	262	#
746	418.501	14	15	16	25	26	262	#
747	1781.43	1	9	12	19	20	21	23	24	25	26	30	31	32	35	37	43	45	46	55	56	57	58	59	66	67	68	69	70	77	80	81	82	88	263	#
748	2136.33	8	9	10	21	30	31	32	41	43	46	50	51	53	54	57	64	65	68	69	74	75	76	80	87	91	92	98	102	110	111	112	113	114	263	#
749	2080.74	44	45	46	53	54	55	56	57	58	59	60	64	66	67	68	69	70	75	76	78	79	80	81	82	86	87	88	90	91	93	97	98	99	263	#
750	2078.49	0	1	2	3	4	6	7	11	12	14	15	16	17	22	23	24	25	26	27	28	34	35	36	37	38	46	49	50	51	57	63	88	99	263	#
751	2049.76	5	6	7	15	16	17	18	46	51	55	56	57	58	59	60	62	63	68	69	70	71	72	73	80	81	82	93	98	102	103	104	105	115	263	#
752	2048.73	3	4	15	46	57	58	59	68	69	70	71	72	79	80	81	82	91	92	93	94	99	101	102	103	104	110	111	112	113	114	115	116	117	263	#
753	103.001	49	50	264	#
754	127.118	48	49	264	#
755	507.331	42	43	52	53	64	119	120	265	#
756	606.453	21	31	32	42	43	53	54	265	#
757	529.268	42	48	52	53	54	65	76	265	#
758	523.833	31	42	43	52	53	54	63	265	#
759	492.677	39	43	53	54	64	65	75	265	#
760	465.253	87	98	108	109	118	119	120	265	#
761	1024.33	50	56	57	60	61	66	67	68	69	70	71	78	79	80	88	89	90	99	266	#
762	1253.24	33	45	55	56	57	66	67	68	78	79	80	88	90	91	99	101	110	111	266	#
763	1237.41	60	61	69	70	71	72	82	92	93	94	95	104	105	106	114	115	116	117	266	#
764	1224.38	5	15	16	25	26	27	35	36	37	38	46	47	49	50	105	115	116	117	266	#
765	1214.18	34	45	55	56	57	58	66	67	68	78	79	88	89	90	99	101	111	112	266	#
766	1192.43	58	60	61	69	70	71	72	82	83	84	92	93	94	95	104	105	115	116	266	#
767	636.867	56	61	66	67	68	72	73	83	84	93	94	267	#
768	893.611	35	45	46	47	55	56	57	58	107	118	119	267	#
769	822.749	35	45	56	57	58	59	60	66	67	68	69	267	#
770	713.061	20	35	44	45	55	56	66	67	78	79	90	267	#
771	699.132	18	29	40	91	92	93	102	103	104	105	115	267	#
772	635.625	39	81	92	93	94	95	96	104	105	106	107	267	#
773	1815.2	5	13	14	15	16	17	23	24	25	26	27	28	35	36	37	38	44	45	46	47	48	55	56	58	67	268	#
774	1952.01	4	5	6	14	15	16	17	18	24	25	26	27	28	29	30	35	36	37	38	39	41	46	49	50	74	268	#
775	1898.81	2	3	4	5	6	13	14	15	16	17	18	21	24	25	26	27	28	29	32	36	37	38	40	49	50	268	#
776	1834.55	5	13	14	15	16	17	23	24	25	26	27	28	29	37	38	39	48	49	50	86	97	98	106	107	108	268	#
777	1830.51	2	3	4	5	6	13	14	15	16	17	18	24	25	26	27	28	29	30	35	36	37	38	39	49	50	268	#
778	1815.01	3	4	5	14	15	16	17	18	23	24	25	26	27	28	29	30	32	36	37	39	43	49	50	54	61	268	#
779	172.645	73	74	84	#
780	195.862	58	59	69	70	81	269	#
781	240.995	58	59	69	70	71	269	#
782	236.141	47	58	59	60	61	269	#
783	232.541	70	80	81	82	117	269	#
784	221.145	70	72	80	81	82	269	#
785	1141.37	0	1	4	11	12	13	14	15	16	22	23	24	25	26	27	33	34	35	36	270	#
786	1500.13	5	14	15	16	25	26	27	28	29	38	39	60	61	62	63	69	70	71	72	270	#
787	1442.54	3	4	5	11	13	14	16	24	25	26	27	28	29	30	35	36	37	38	49	270	#
788	1409.18	4	5	6	7	14	15	16	17	24	25	26	27	28	29	30	36	37	39	50	270	#
789	1368.43	5	6	7	14	15	16	17	23	24	25	26	27	28	35	36	37	38	39	69	270	#
790	1352.12	3	4	5	14	15	16	17	18	24	25	26	28	29	35	36	37	75	93	104	270	#
791	842.852	27	28	38	39	48	49	50	61	62	73	271	#
792	835.561	27	28	37	38	39	46	47	48	49	50	271	#
793	793.565	17	27	28	38	39	49	50	61	62	88	271	#
794	775.937	28	37	39	41	48	49	50	51	61	62	271	#
795	759.465	28	30	39	41	50	51	52	61	62	73	271	#
796	755.226	45	46	47	48	49	55	56	58	67	69	271	#
797	817.922	41	51	52	59	60	61	62	63	71	72	73	82	83	93	272	#
798	964.742	41	42	51	52	53	54	63	64	65	74	75	76	86	110	272	#
799	926.853	41	42	50	51	52	53	54	63	64	65	73	74	75	85	272	#
800	841.728	39	41	49	50	51	52	53	54	61	63	64	65	74	85	272	#
801	821.818	61	70	71	72	73	74	81	82	83	84	85	92	93	102	272	#
802	817.684	41	51	52	53	62	63	73	74	75	84	85	95	96	107	272	#
803	75.7791	2	#
804	299.173	48	59	60	71	82	273	#
805	376.467	24	25	35	37	48	273	#
806	290.172	42	53	60	71	72	273	#
807	269.937	50	51	60	61	71	273	#
808	235.425	81	82	92	93	102	273	#
809	230.923	58	59	60	71	72	273	#
810	492.649	32	42	43	52	53	54	274	#
811	535.957	6	17	21	32	33	43	274	#
812	496.878	42	43	52	53	54	65	274	#
813	493.376	42	43	53	54	64	75	274	#
814	457.771	42	43	51	52	53	63	274	#
815	450.842	32	42	43	53	66	77	274	#
816	58.7407	96	#
817	44.6939	125	#
818	365.142	2	13	24	25	26	36	37	275	#
819	449.574	14	25	26	36	37	48	59	275	#
820	421.56	2	3	6	17	28	29	39	275	#
821	398.289	24	25	26	35	36	37	46	275	#
822	383.479	11	12	13	22	23	24	25	275	#
823	371.655	15	26	27	30	36	37	41	275	#
824	557.873	60	61	71	72	73	80	81	82	83	84	93	94	95	103	104	276	#
825	828.314	37	47	48	59	60	61	69	70	71	72	81	82	83	84	92	276	#
826	825.539	71	72	73	82	83	84	85	86	94	95	96	105	106	116	117	276	#
827	805.993	35	36	46	47	61	72	83	84	85	86	95	96	104	105	106	276	#
828	786.183	60	61	70	71	72	81	82	83	84	91	92	93	94	103	105	276	#
829	775.443	59	81	92	93	94	95	103	104	105	106	114	115	116	117	126	276	#
830	1482.62	15	26	27	28	35	36	37	48	59	60	69	70	71	72	80	81	82	92	102	103	113	277	#
831	1634.12	4	5	6	15	16	19	24	25	26	27	35	36	37	45	46	47	48	59	114	115	116	277	#
832	1596.61	3	4	5	13	14	15	16	24	25	26	27	35	36	37	46	48	49	59	60	70	71	277	#
833	1540.6	4	5	6	15	16	18	25	26	27	28	29	30	36	37	39	41	48	50	51	60	61	277	#
834	1459.44	7	15	16	18	26	27	28	29	39	48	50	51	58	59	63	68	70	71	80	81	92	277	#
835	1445.64	3	4	5	12	13	14	15	16	24	25	26	27	28	29	35	36	37	45	46	47	48	277	#
836	97.554	25	116	278	#
837	79.3277	116	117	278	#
838	402.601	68	79	81	82	88	89	90	101	279	#
839	572.137	88	89	90	99	100	110	111	114	279	#
840	505.866	29	40	41	52	53	64	88	99	279	#
841	492.447	79	88	89	90	99	101	112	113	279	#
842	456.734	60	70	71	74	75	81	82	93	279	#
843	414.479	67	79	89	90	101	112	113	114	279	#
844	1404.94	36	37	52	63	84	91	93	94	95	102	103	104	105	106	107	108	109	114	115	118	119	280	#
845	1622.11	12	13	14	15	16	22	23	24	25	26	27	35	36	37	45	46	48	53	56	57	68	280	#
846	1510.3	4	14	15	16	24	25	26	27	37	48	94	97	105	106	107	108	116	117	118	119	120	280	#
847	1499.99	28	29	30	39	40	50	84	86	93	94	95	98	104	105	106	107	108	109	116	118	119	280	#
848	1488.45	2	3	12	13	14	22	23	24	36	37	71	82	91	92	93	102	103	104	105	106	107	280	#
849	1452.87	1	2	3	12	13	14	22	23	24	25	26	35	36	37	38	45	46	48	55	56	57	280	#
850	740.324	24	25	35	36	37	45	46	47	48	56	57	58	59	68	281	#
851	898.25	45	46	55	56	57	66	68	79	80	81	82	91	92	93	281	#
852	878.318	14	15	16	24	25	26	27	35	36	37	45	46	48	59	281	#
853	828.671	28	37	38	39	48	49	50	59	70	71	72	81	82	83	281	#
854	826.243	14	15	25	26	27	36	37	45	46	47	48	49	59	60	281	#
855	784.405	23	24	25	26	35	36	37	46	47	48	49	57	59	73	281	#
856	1263.13	1	3	11	12	14	15	16	22	23	24	25	34	35	36	37	38	45	46	282	#
857	1409.31	3	11	13	14	22	23	24	25	33	34	35	37	38	45	46	57	58	69	282	#
858	1350.8	13	14	17	18	24	25	26	29	30	35	40	41	45	46	56	57	67	69	282	#
859	1348.15	3	13	14	15	22	23	24	25	26	33	34	35	37	45	46	48	57	59	282	#
860	1301	3	5	14	15	16	17	18	25	26	27	28	29	39	52	53	54	64	75	282	#
861	1300.49	3	11	12	15	22	23	24	33	34	35	45	46	56	57	68	71	72	73	282	#
862	63.5654	64	#
863	514.862	97	107	108	109	118	119	120	283	#
864	668.895	97	107	108	109	116	119	120	283	#
865	589.803	75	86	95	97	106	107	108	283	#
866	554.618	75	86	96	97	106	107	108	283	#
867	534.305	95	96	97	107	108	109	119	283	#
868	523.583	96	106	107	108	109	115	119	283	#
869	646.051	84	85	95	96	106	107	108	116	117	118	119	284	#
870	770.138	90	97	98	101	102	107	108	117	118	119	120	284	#
871	763.782	56	67	68	96	107	108	116	117	118	119	120	284	#
872	752.243	64	75	95	96	97	106	107	108	118	119	120	284	#
873	738.267	25	36	95	96	105	106	107	115	116	117	118	284	#
874	717.199	84	85	95	96	106	107	116	117	118	119	120	284	#
875	334.843	93	103	104	113	114	115	116	285	#
876	472.323	94	103	105	106	114	115	116	285	#
877	437.982	10	93	103	113	114	115	116	285	#
878	406.856	71	72	83	84	93	94	95	285	#
879	383.226	57	67	68	79	80	113	114	285	#
880	371.689	93	94	103	104	114	115	116	285	#
881	136.163	81	82	93	104	286	#
882	168.919	59	70	80	81	286	#
883	125.936	92	93	102	104	286	#
884	1349.44	12	14	22	23	24	25	26	27	35	36	37	47	48	58	59	64	75	86	87	287	#
885	1345.75	5	16	17	19	26	27	28	29	34	40	41	42	51	52	53	63	64	75	86	287	#
886	1299.21	3	12	14	16	18	23	24	25	26	27	28	29	35	36	37	45	46	57	106	287	#
887	1232.67	4	14	15	24	25	26	27	28	30	35	36	37	38	48	49	50	59	72	83	287	#
888	1227.89	8	9	10	13	14	20	24	25	26	27	28	29	31	35	36	37	47	48	99	287	#
889	1205.48	3	4	6	7	14	15	16	18	25	26	27	28	29	30	40	41	42	52	53	287	#
890	273.03	76	87	97	98	288	#
891	344.098	75	76	87	98	288	#
892	297.054	75	76	86	87	288	#
893	276.044	86	97	98	109	288	#
894	147.031	7	51	63	289	#
895	210.478	41	51	63	289	#
896	191.571	6	7	18	289	#
897	129.262	85	86	290	#
898	109.932	74	85	290	#
899	1600.9	57	58	59	63	64	69	72	73	74	75	76	82	83	86	87	94	97	98	104	105	106	109	291	#
900	1620.63	26	27	37	38	48	49	50	51	52	59	62	63	73	74	75	76	94	105	106	107	115	116	291	#
901	1592.07	51	54	62	63	64	65	73	74	75	76	85	86	87	92	96	102	103	104	107	111	112	113	291	#
902	1530.96	49	50	51	60	61	62	63	65	72	73	74	75	76	82	83	84	85	86	87	96	97	111	291	#
903	1520.8	20	31	35	42	43	45	51	53	54	57	62	63	64	65	72	73	74	75	76	85	86	87	291	#
904	1516.63	44	50	51	55	61	62	63	64	65	66	72	73	74	75	76	82	83	84	85	87	94	123	291	#
905	871.23	41	49	50	51	52	60	61	62	63	72	83	292	#
906	911.072	17	28	39	41	49	50	51	52	62	63	73	292	#
907	906.009	30	39	41	47	48	49	50	51	52	62	63	292	#
908	889.67	40	41	48	49	50	51	52	62	63	72	73	292	#
909	886.433	41	50	51	52	62	63	64	74	75	86	97	292	#
910	875.467	48	49	50	52	59	60	61	62	63	72	83	292	#
911	332.006	3	4	13	14	15	16	27	65	293	#
912	453.536	3	14	15	25	26	27	41	65	293	#
913	418.712	3	4	14	15	16	25	27	28	293	#
914	397.034	3	4	15	16	25	26	27	36	293	#
915	374.639	2	13	14	22	23	24	25	36	293	#
916	337.413	1	2	3	4	15	27	28	29	293	#
917	189.477	62	73	109	294	#
918	243.498	97	108	109	294	#
919	214.068	51	62	63	294	#
920	201.43	73	84	106	294	#
921	99.2871	24	25	295	#
922	63.1249	13	24	295	#
923	145.76	84	85	296	#
924	125.789	85	95	296	#
925	1122.27	38	49	50	51	58	59	60	61	62	69	70	71	72	81	82	83	92	93	297	#
926	1357.3	15	16	18	24	25	26	27	28	29	37	38	40	46	47	48	57	58	59	297	#
927	1232.95	28	29	40	41	50	51	52	53	64	92	93	94	102	103	104	112	113	114	297	#
928	1218.51	59	60	61	69	70	71	82	83	84	92	93	94	102	103	104	105	106	116	297	#
929	1215.81	24	35	44	46	47	57	58	59	60	69	70	71	76	80	81	82	87	93	297	#
930	1175.83	24	35	45	46	47	57	58	59	60	61	69	70	71	72	73	81	82	93	297	#
931	1368.35	5	6	7	15	16	17	18	26	27	28	29	35	36	37	38	39	45	48	50	51	55	56	123	298	#
932	1697.04	24	35	36	44	45	46	55	56	57	66	67	77	78	79	88	89	90	99	100	101	110	111	112	298	#
933	1685.11	20	31	35	42	45	55	56	57	58	66	67	68	69	77	78	79	80	81	88	89	90	91	99	298	#
934	1523.61	3	4	5	15	17	27	28	35	45	46	55	56	57	58	66	67	68	69	78	79	88	89	99	298	#
935	1494.97	12	13	14	23	24	35	36	44	45	46	55	56	57	66	67	68	77	78	79	80	88	89	90	298	#
936	1492.66	3	5	6	7	13	14	15	16	17	24	25	26	27	28	35	36	37	38	39	45	48	91	92	298	#
937	742.273	88	89	92	99	100	102	110	111	112	299	#
938	670.183	88	89	90	99	100	101	110	111	112	299	#
939	658.06	92	102	103	105	112	113	114	115	116	299	#
940	650.037	90	92	93	101	102	103	104	105	112	299	#
941	637.927	88	92	99	100	102	110	111	112	113	299	#
942	635.144	88	89	90	99	100	101	102	110	112	299	#
943	293.663	93	103	104	114	115	300	#
944	318.6	104	110	113	114	115	300	#
945	311.711	103	104	114	115	116	300	#
946	309.521	102	103	104	112	114	300	#
947	277.111	71	82	83	93	103	300	#
948	268.814	103	104	113	114	115	300	#
949	204.853	6	17	301	#
950	103.44	5	17	301	#
951	1466.9	9	20	30	31	32	41	42	43	50	51	52	53	54	61	62	63	64	65	73	74	75	85	86	97	98	302	#
952	1836.96	15	26	27	28	37	39	47	48	49	50	51	58	59	60	61	62	63	69	70	71	72	73	82	84	95	302	#
953	1835.7	0	8	9	10	19	20	21	26	27	28	29	30	31	32	39	40	41	42	50	51	52	53	54	62	63	302	#
954	1825.69	15	20	26	27	28	30	31	32	38	39	40	41	42	43	49	50	51	52	53	54	62	63	64	65	75	302	#
955	1811.02	17	27	28	29	37	38	39	49	50	51	58	59	60	61	62	63	68	69	70	71	72	73	80	82	91	302	#
956	1777.25	8	9	10	17	18	19	20	21	27	28	29	30	31	32	41	42	43	44	52	53	54	55	64	65	75	302	#
957	831.025	85	86	87	94	95	96	97	98	106	107	108	109	117	118	119	303	#
958	1066.62	52	53	85	86	95	96	97	98	105	106	107	108	109	116	117	303	#
959	1058.79	29	30	41	84	85	86	87	94	95	97	106	107	108	109	119	303	#
960	968.659	86	97	98	103	104	105	106	107	108	109	115	116	117	118	119	303	#
961	931.016	72	73	74	84	85	86	87	95	97	98	106	107	108	109	118	303	#
962	914.843	66	67	68	79	80	84	85	86	87	95	97	98	108	109	119	303	#
963	165.999	5	6	73	304	#
964	136.909	61	62	73	304	#
965	125.502	4	5	17	304	#
966	1875.7	15	25	26	27	37	38	39	48	49	50	51	52	53	54	60	61	62	63	64	70	71	72	73	74	75	82	83	84	85	305	#
967	2141.87	2	3	4	12	13	14	15	16	18	22	24	25	26	27	28	29	30	31	35	36	37	38	42	43	46	48	49	54	109	305	#
968	2040.09	3	11	13	14	15	16	22	23	24	25	26	27	28	33	35	36	37	38	39	45	46	47	48	49	56	58	59	69	70	305	#
969	2010.85	51	52	53	54	60	62	63	65	71	72	73	74	82	83	84	85	86	87	93	94	95	96	103	104	105	107	108	109	115	305	#
970	1997.29	3	11	12	13	14	15	16	22	23	24	25	26	27	34	35	36	37	38	39	45	46	48	49	55	56	57	66	77	78	305	#
971	1974.97	3	11	12	13	14	15	16	22	24	25	26	27	35	36	37	38	45	46	47	48	49	55	57	58	59	60	69	70	81	305	#
972	1866.04	1	2	3	4	5	11	12	13	14	15	22	23	24	25	26	33	34	35	37	38	39	46	47	48	49	56	57	68	79	80	91	306	#
973	2194.43	24	25	35	36	44	45	46	47	48	55	56	57	66	67	68	78	79	80	88	89	90	91	92	93	94	99	101	102	105	110	112	306	#
974	2099.6	1	2	3	5	12	13	14	15	16	24	25	26	27	35	37	45	46	47	48	55	56	57	66	67	78	88	89	90	94	101	105	306	#
975	2063.13	0	1	2	3	5	7	12	13	14	15	16	18	23	24	25	26	27	28	29	35	37	39	44	45	46	55	56	57	68	77	78	306	#
976	2062.23	2	3	4	5	12	13	14	15	16	22	24	25	26	33	35	36	37	38	39	45	46	48	49	50	56	57	61	67	68	69	80	306	#
977	2061.2	3	10	14	15	21	25	26	27	32	35	36	37	38	39	42	43	48	49	50	54	65	80	91	92	93	101	102	103	104	105	115	306	#
978	2175.64	0	1	2	4	11	12	13	14	15	16	22	23	24	26	27	33	34	35	36	37	44	45	49	50	55	56	57	61	62	77	78	89	307	#
979	2520.53	16	27	28	29	30	31	37	38	39	40	41	43	46	47	48	49	50	51	52	53	54	57	59	60	61	62	63	64	65	70	74	75	307	#
980	2386.18	12	13	23	24	29	30	31	35	36	37	38	39	40	41	43	46	48	49	50	51	52	53	54	60	61	62	63	64	65	74	75	85	307	#
981	2315.54	2	4	12	13	14	15	16	22	23	24	25	26	27	28	29	36	37	38	39	41	48	49	50	51	52	53	62	63	74	75	85	95	307	#
982	2292.6	26	29	30	31	32	37	38	39	40	41	42	43	49	50	51	52	53	54	59	60	61	62	63	64	73	74	75	81	85	92	95	126	307	#
983	2256.81	1	2	11	12	13	14	15	16	22	23	24	25	26	27	28	33	34	36	37	38	39	41	48	49	50	51	52	53	64	65	75	76	307	#
984	710.824	54	62	63	64	65	73	74	75	76	86	87	308	#
985	809.349	47	48	51	59	62	63	64	70	73	74	75	308	#
986	806.306	6	7	17	28	38	39	50	62	73	74	75	308	#
987	773.217	51	54	62	63	64	65	73	74	75	76	86	308	#
988	769.45	40	41	51	62	63	73	74	102	111	112	113	308	#
989	762.712	32	42	43	54	63	64	65	74	75	76	87	308	#
990	1235.55	73	83	84	85	86	87	94	96	97	105	106	107	108	116	117	119	120	309	#
991	1458.66	80	83	86	91	92	93	94	96	97	105	106	107	108	109	116	117	119	309	#
992	1432.99	62	71	72	73	74	82	84	85	86	96	97	105	106	107	108	117	119	309	#
993	1336.23	71	74	76	82	83	84	85	86	87	95	96	97	107	108	109	119	120	309	#
994	1333.16	22	69	71	73	80	81	82	84	85	86	91	96	107	108	109	119	120	309	#
995	1272.71	70	71	72	76	81	85	86	87	96	97	98	106	107	108	109	119	120	309	#
996	1064.37	37	48	85	91	92	93	94	95	96	105	106	107	108	109	117	119	120	310	#
997	1157.2	84	93	94	95	96	98	103	104	105	106	107	108	109	115	117	119	120	310	#
998	1143.62	84	93	94	95	96	98	104	105	106	107	108	109	115	116	117	119	120	310	#
999	1103.5	42	53	84	92	93	94	95	104	105	106	107	108	109	115	117	118	119	310	#
1000	1079.69	92	93	94	95	96	98	105	106	107	108	109	115	116	117	118	119	120	310	#
1001	1070.45	73	84	87	94	95	98	104	105	106	107	108	109	115	117	118	119	120	310	#
