%% File generated by CATS v.2.1Thu May  9 12:55:03 2024

%% The CATS webpage is http://robotics.stanford.edu/CATS

%% PARAMETER SETTINGS:
% Goods: 128; Bids: 1000; Distribution: regions; Runs: 1; Seed: 39
% Regions Distribution Parameters:
% Max Substitutable Bids = 5
% Removing HV Neighbor   = 0.1
% Adding DIAG Neighbor   = 0.2
% Additional Location    = 0.9
% Jump Probability       = 0.05
% Additivity             = 0.2
% Budget Factor          = 1.5
% Resale Factor          = 0.5
% Normal Private Value:
%   Mean                 = 0
%   Standard Deviation   = 30



goods 128
bids 1001
dummy 185

0	1801.02	5	8	13	16	19	23	24	26	27	28	29	30	34	35	36	37	38	39	40	41	46	47	48	49	50	58	59	105	106	112	116	128	#
1	2206.39	0	2	3	4	5	11	12	13	14	15	16	22	23	24	25	26	33	34	35	36	37	44	46	47	48	58	59	70	71	99	110	128	#
2	2163.34	2	3	4	5	11	12	13	14	15	22	23	24	25	26	34	36	37	38	39	40	41	44	48	49	59	60	68	69	79	80	90	128	#
3	2101.57	4	5	11	12	13	14	15	22	23	24	25	26	27	33	34	35	36	37	38	39	44	45	46	47	48	49	50	51	59	67	68	128	#
4	2041.21	2	3	4	11	12	13	14	15	22	23	24	25	34	35	36	45	46	47	48	49	56	58	59	60	67	68	69	70	71	79	80	128	#
5	2011.65	22	23	24	33	34	35	36	37	38	44	45	46	47	48	49	55	56	58	68	69	70	71	80	81	82	93	94	104	115	118	122	128	#
6	1353.91	4	5	6	7	8	15	16	17	18	19	27	28	29	30	31	38	39	40	41	49	50	129	#
7	1647.12	28	34	38	39	41	49	50	51	56	79	80	81	90	91	92	99	100	101	102	103	110	129	#
8	1435.19	3	4	5	14	15	26	37	38	39	40	41	72	83	84	94	95	103	104	105	106	116	129	#
9	1422.19	4	5	6	15	16	17	24	25	26	27	28	30	31	36	37	38	39	40	41	49	50	129	#
10	1404.87	4	5	6	16	17	18	22	23	24	28	33	34	35	44	72	83	84	94	95	105	106	129	#
11	1313.18	3	4	5	6	15	16	17	18	19	25	26	27	28	36	37	38	39	47	48	49	60	129	#
12	285.742	13	14	15	24	25	26	130	#
13	409.002	13	14	23	24	25	35	130	#
14	343.757	26	37	38	45	49	50	130	#
15	300.063	14	15	24	25	26	37	130	#
16	299.352	13	14	24	25	78	116	130	#
17	121.016	77	#
18	923.937	56	57	58	67	68	69	70	71	77	78	79	80	81	89	90	100	111	112	131	#
19	1286.01	9	10	20	21	31	32	43	44	55	56	57	67	68	77	78	79	89	90	131	#
20	1234.16	44	55	56	57	66	67	68	69	78	79	81	82	89	90	91	92	100	103	131	#
21	1216.34	9	20	36	37	47	57	58	59	67	68	69	70	71	79	80	91	92	103	131	#
22	1213.44	44	45	54	55	56	57	65	66	67	68	69	77	78	79	88	89	90	99	131	#
23	1199.6	76	79	86	87	89	90	91	93	100	101	102	103	104	111	112	113	114	115	131	#
24	53.1034	122	#
25	481.456	8	9	10	19	20	21	32	42	43	132	#
26	669.515	7	8	9	10	21	31	32	42	43	132	#
27	585.434	9	10	20	21	31	32	41	43	124	132	#
28	533.152	32	42	43	53	54	63	64	65	76	132	#
29	518.034	6	7	8	9	10	17	18	19	20	132	#
30	516.307	7	8	9	10	19	20	21	30	31	132	#
31	230.842	56	67	68	78	88	133	#
32	305.684	78	88	89	99	110	133	#
33	275.659	77	78	89	90	100	133	#
34	258.901	67	68	77	78	79	133	#
35	219.652	30	44	55	56	57	133	#
36	171.823	56	57	68	69	80	133	#
37	171.105	45	55	56	57	58	134	#
38	213.05	35	45	46	56	57	134	#
39	205.541	33	44	55	56	66	134	#
40	186.879	34	46	55	56	57	134	#
41	128	4	#
42	1277.96	82	84	85	92	93	94	95	96	101	102	103	104	105	106	107	113	115	135	#
43	1378.81	72	74	75	82	83	84	85	87	92	93	94	95	96	98	103	105	106	135	#
44	1306.08	0	28	29	39	40	41	82	83	84	85	93	94	95	104	105	106	115	135	#
45	1260.82	71	82	83	90	91	92	93	94	95	102	103	104	105	106	114	115	116	135	#
46	1212.67	13	24	35	90	91	92	93	101	102	103	104	105	112	113	114	115	116	135	#
47	1207.9	49	60	71	82	90	91	92	93	94	95	102	103	104	105	106	113	115	135	#
48	534.546	54	64	65	74	75	76	86	87	98	109	136	#
49	774.866	65	74	76	83	84	85	86	87	93	94	136	#
50	576.053	52	53	64	65	72	73	74	75	76	85	136	#
51	573.173	20	61	62	72	74	84	85	86	87	96	136	#
52	562.937	13	87	96	97	98	107	108	109	119	120	136	#
53	560.467	54	65	74	76	86	87	98	109	118	119	136	#
54	614.216	52	63	64	65	75	76	85	86	87	137	#
55	713.881	28	40	62	65	74	75	76	86	87	137	#
56	635.721	1	52	63	65	74	76	86	87	98	137	#
57	523.576	50	51	52	53	63	64	65	75	86	137	#
58	510.802	57	58	65	69	74	75	76	85	86	137	#
59	505.462	52	53	54	64	65	75	76	86	121	137	#
60	544.214	87	97	98	108	109	119	120	138	#
61	635.001	76	86	87	98	108	109	120	138	#
62	539.305	76	86	87	97	98	108	118	138	#
63	516.785	87	97	98	107	108	109	120	138	#
64	512.671	35	46	98	108	109	119	120	138	#
65	441.264	40	85	96	106	107	108	118	138	#
66	558.07	18	21	29	30	31	32	41	42	139	#
67	631.454	20	31	32	40	41	42	43	53	139	#
68	614.887	7	18	73	74	84	85	86	95	139	#
69	573.684	29	30	31	40	41	48	59	83	139	#
70	559.438	7	8	9	20	21	31	32	43	139	#
71	523.343	18	19	28	29	30	40	41	42	139	#
72	345.261	22	23	34	35	36	140	#
73	393.189	22	33	34	35	44	140	#
74	364.529	23	24	25	35	36	140	#
75	355.829	13	22	23	24	35	140	#
76	336.53	11	22	23	34	35	140	#
77	233.144	8	19	22	33	34	140	#
78	49.668	15	26	#
79	87.1252	18	19	#
80	607.521	4	5	6	13	14	15	17	18	65	75	76	225	#
81	211.481	112	113	114	115	142	#
82	220.209	114	115	116	117	142	#
83	213.675	103	113	114	115	142	#
84	186.152	102	112	113	114	142	#
85	184.786	111	112	113	114	142	#
86	419.645	24	29	35	41	45	46	47	48	57	58	143	#
87	627.231	45	46	47	55	56	58	67	68	69	70	143	#
88	621.678	35	36	37	45	46	47	56	58	70	87	143	#
89	616.388	15	23	24	25	26	27	28	36	37	38	143	#
90	595.711	17	37	38	47	48	49	57	58	59	68	143	#
91	542.047	16	17	18	28	29	41	42	79	90	91	143	#
92	521.17	68	69	78	79	88	89	90	100	101	102	144	#
93	631.315	88	89	90	91	99	100	101	102	103	114	144	#
94	599.792	45	46	56	58	68	69	70	71	80	102	144	#
95	585.034	78	79	89	90	91	92	100	102	103	104	144	#
96	507.098	79	89	90	91	100	101	102	103	111	112	144	#
97	500.06	69	78	79	80	81	82	88	89	90	120	144	#
98	217.714	89	90	100	101	145	#
99	273.138	67	78	79	90	145	#
100	263.53	78	89	90	100	145	#
101	211.205	101	102	103	112	145	#
102	142.809	40	#
103	556.56	34	35	36	37	45	46	47	57	58	59	146	#
104	731.588	13	14	23	24	25	26	35	36	37	47	146	#
105	716.983	15	26	27	35	36	37	38	48	49	59	146	#
106	631.765	36	37	47	48	49	58	59	69	70	71	146	#
107	602.99	47	48	58	59	69	70	71	79	80	91	146	#
108	593.146	13	23	24	25	26	34	35	46	58	119	146	#
109	162.515	45	56	68	147	#
110	129.761	56	57	68	147	#
111	98.4787	55	56	66	147	#
112	41.9713	30	#
113	475.379	70	71	82	83	93	94	95	125	148	#
114	638.383	74	75	83	84	85	94	95	105	148	#
115	629.705	73	74	83	84	85	93	94	104	148	#
116	619.955	40	41	92	93	95	104	105	106	148	#
117	503.949	47	48	58	59	69	70	71	80	148	#
118	503.398	38	47	48	49	50	59	71	125	148	#
119	238.782	0	3	12	13	14	149	#
120	273.059	14	15	24	25	54	149	#
121	266.946	2	3	4	5	14	149	#
122	613.604	44	45	46	47	55	56	57	66	67	68	78	79	88	150	#
123	856.064	48	56	59	68	69	70	71	72	79	80	82	91	93	150	#
124	835.427	44	45	55	56	66	67	68	69	77	78	79	88	99	150	#
125	804.53	27	28	38	39	49	67	68	69	79	80	89	90	100	150	#
126	749.408	42	44	45	52	53	55	56	62	63	64	65	66	67	150	#
127	669.352	45	56	57	66	67	68	69	70	71	78	79	80	89	150	#
128	712.275	3	4	13	14	15	24	25	63	74	85	96	151	#
129	807.989	3	4	5	6	9	10	16	20	27	44	110	151	#
130	784.195	2	3	4	14	24	25	26	36	101	102	113	151	#
131	766.752	12	13	14	15	16	17	24	25	26	27	37	151	#
132	739.261	11	12	13	14	15	22	23	24	25	33	35	151	#
133	738.404	9	12	13	14	25	26	36	37	47	115	116	151	#
134	103.28	93	94	152	#
135	136.447	94	95	152	#
136	109.689	92	93	152	#
137	278.804	18	19	20	21	29	30	31	32	39	41	153	#
138	415.16	19	20	30	31	39	40	41	42	43	54	153	#
139	379.578	10	19	20	21	28	29	30	31	32	39	153	#
140	378.44	8	9	19	20	21	29	30	31	32	41	153	#
141	325.816	8	17	18	19	28	29	39	40	41	50	153	#
142	316.769	7	8	17	18	19	20	52	53	63	123	153	#
143	348.784	53	54	61	62	63	65	73	154	#
144	440.026	65	75	76	85	86	87	96	154	#
145	341.197	40	51	52	53	63	64	65	154	#
146	296.882	28	29	40	51	52	63	64	154	#
147	285.52	61	62	63	71	72	73	74	154	#
148	271.526	42	43	53	54	63	65	76	154	#
149	327.234	85	96	108	119	120	155	#
150	388.138	84	85	95	96	106	155	#
151	365.576	83	84	85	94	96	155	#
152	232.953	97	108	109	119	120	155	#
153	176.953	97	108	109	118	119	155	#
154	152.156	97	98	108	117	119	155	#
155	1089.92	3	4	14	15	25	26	27	35	36	37	46	47	48	49	50	57	58	59	69	156	#
156	1361.36	0	2	3	4	5	11	12	13	14	15	16	22	23	24	25	26	27	28	38	156	#
157	1304.55	4	5	6	16	17	26	27	28	29	37	38	39	40	49	50	51	52	53	65	156	#
158	1266.38	0	12	13	24	33	44	46	47	56	57	58	59	67	68	69	70	78	79	104	156	#
159	1202.84	3	4	5	13	14	15	22	23	24	25	34	35	36	37	46	47	57	58	70	156	#
160	1179.37	22	23	24	25	33	34	35	36	44	46	47	55	56	57	58	66	67	68	70	156	#
161	1122.59	2	3	4	8	9	10	14	17	18	19	20	21	28	29	30	31	32	40	41	56	68	157	#
162	1433.36	4	5	6	17	27	28	29	30	31	38	41	42	49	50	91	92	102	103	105	114	115	157	#
163	1419.04	14	25	26	36	37	44	46	47	48	55	56	57	58	59	67	68	79	90	91	92	93	157	#
164	1376.75	3	4	5	13	14	15	16	18	24	25	26	27	28	29	35	36	37	38	47	48	127	157	#
165	1314.69	4	5	6	13	14	15	16	17	24	25	26	27	28	37	38	39	40	49	50	60	107	157	#
166	1282.25	5	15	16	17	18	25	26	27	28	29	36	37	38	62	72	73	74	75	76	85	87	157	#
167	895.612	47	55	56	57	58	59	66	67	68	69	70	71	79	80	89	90	101	112	158	#
168	1097.62	55	56	66	68	79	80	88	89	90	94	95	96	99	100	101	102	106	117	158	#
169	1082.83	24	33	34	35	36	46	47	57	58	60	69	70	71	82	91	101	102	113	158	#
170	1072.94	8	23	24	33	34	35	36	44	45	46	47	55	56	57	58	66	67	68	158	#
171	1001.02	56	59	60	68	69	70	71	72	79	80	81	82	83	91	95	102	105	106	158	#
172	998.138	62	68	69	70	73	78	79	80	88	90	91	99	100	101	102	111	112	113	158	#
173	102.18	85	#
174	211.091	74	75	76	86	159	#
175	278.903	75	76	87	98	159	#
176	272.965	64	75	76	87	159	#
177	252.446	62	74	76	86	159	#
178	217.849	74	75	85	86	159	#
179	1585.22	2	3	4	5	6	7	8	9	10	15	16	17	18	19	20	21	24	26	28	29	30	31	32	35	40	43	160	#
180	1665.93	4	5	6	31	32	42	43	53	54	60	65	71	72	73	74	75	81	82	83	84	85	93	94	95	103	104	160	#
181	1579.5	7	8	9	10	18	19	20	21	28	29	30	31	32	37	38	39	40	41	42	49	59	60	61	71	90	91	160	#
182	1577.57	8	9	10	11	12	13	17	18	19	20	21	22	23	24	29	30	31	33	35	36	41	42	53	64	101	117	160	#
183	1490.75	0	6	7	8	9	10	11	12	13	16	17	18	19	20	21	22	26	27	29	30	31	32	40	41	42	43	160	#
184	1478.7	7	8	9	10	15	17	18	19	20	21	26	27	28	29	30	32	39	40	43	53	54	64	75	76	83	94	160	#
185	131.121	69	70	71	80	161	#
186	188.476	47	58	70	71	161	#
187	51.2868	69	70	79	80	161	#
188	159.421	52	62	63	74	85	96	162	#
189	181.629	52	53	54	63	64	65	162	#
190	180.454	45	61	62	63	74	75	162	#
191	165.745	85	95	96	106	107	108	162	#
192	965.272	52	53	61	62	63	64	72	73	74	75	76	83	84	85	86	94	121	163	#
193	1167.15	62	63	69	73	74	75	76	80	85	86	87	90	91	97	98	101	102	163	#
194	1098.96	38	39	48	49	50	59	60	61	71	82	95	105	116	117	118	119	121	163	#
195	1094.42	38	39	40	48	49	50	51	52	53	59	60	61	62	63	65	73	74	163	#
196	1089.58	38	49	60	61	62	63	72	73	74	75	76	84	85	86	87	95	96	163	#
197	1033.05	42	52	53	54	63	64	65	73	74	75	76	84	85	86	87	96	98	163	#
198	297.098	35	36	37	47	164	#
199	293.665	34	35	36	46	164	#
200	279.952	13	25	36	47	164	#
201	241.073	35	46	47	48	164	#
202	168.331	36	37	47	58	164	#
203	768.277	7	8	9	10	18	19	20	21	30	31	41	42	165	#
204	766.939	7	8	9	10	18	19	20	42	53	54	63	65	165	#
205	746.75	9	10	19	20	21	29	32	42	43	53	54	65	165	#
206	706.208	6	8	9	10	16	17	18	19	20	21	30	32	165	#
207	695.762	6	7	8	16	17	18	19	20	21	27	31	32	165	#
208	686.905	7	8	9	18	19	20	21	29	30	31	32	41	165	#
209	251.106	45	51	52	63	166	#
210	281.706	45	56	67	68	166	#
211	257.343	40	51	52	53	166	#
212	249.226	51	52	63	74	166	#
213	226.006	40	50	51	52	166	#
214	203.67	52	53	54	62	63	64	65	167	#
215	300.191	42	43	52	53	62	63	64	167	#
216	294.187	43	53	54	65	94	95	105	167	#
217	293.966	53	63	64	65	76	86	87	167	#
218	217.734	52	54	62	63	64	65	75	167	#
219	1432.18	3	4	6	9	10	17	18	19	20	21	28	29	30	31	32	42	43	53	63	74	85	86	168	#
220	1565.62	4	5	6	7	8	9	10	16	17	18	19	20	21	27	29	30	31	32	41	42	43	54	168	#
221	1563.44	7	8	9	10	18	19	20	21	31	32	42	43	53	54	63	65	73	74	75	76	86	126	168	#
222	1504.8	4	5	6	11	17	18	22	28	29	33	34	39	40	44	50	51	55	57	61	66	72	126	168	#
223	1495.44	2	3	4	5	6	12	13	14	15	16	17	23	24	25	27	34	38	97	98	108	119	120	168	#
224	1476.78	6	7	8	9	10	17	18	19	20	21	27	28	29	30	31	32	38	41	43	53	54	65	168	#
225	315.098	63	64	73	74	75	169	#
226	465.769	10	73	74	85	107	169	#
227	393.01	73	74	75	85	86	169	#
228	301.892	62	73	74	76	86	169	#
229	274.99	42	43	53	63	64	169	#
230	271.238	43	53	54	63	64	169	#
231	131.576	53	63	64	65	75	76	170	#
232	165.114	3	53	54	64	65	75	170	#
233	146.752	52	53	62	63	64	74	170	#
234	460.643	24	91	92	99	100	102	103	171	#
235	459.226	13	23	24	25	35	46	47	171	#
236	440.01	91	92	93	94	103	104	114	171	#
237	389.01	91	92	93	103	104	114	115	171	#
238	382.196	77	78	88	89	99	100	110	171	#
239	361.971	91	92	102	103	112	113	123	171	#
240	979.689	0	1	2	3	4	5	11	12	13	14	23	24	35	122	172	#
241	1078.02	0	1	11	12	22	24	33	34	35	40	46	47	51	57	172	#
242	1053.38	0	1	11	12	13	16	22	23	24	25	26	27	28	38	172	#
243	1019.12	0	1	11	12	13	14	22	23	33	34	35	46	57	68	172	#
244	1009.68	0	1	11	12	13	82	92	93	94	95	104	105	106	117	172	#
245	938.358	0	1	3	11	12	13	14	22	24	25	33	35	36	47	172	#
246	652.528	7	8	9	18	19	78	79	88	89	90	99	100	173	#
247	721.361	68	78	79	89	90	91	92	100	101	102	103	114	173	#
248	677.697	40	41	42	50	51	78	89	90	91	92	100	103	173	#
249	648.93	67	69	78	79	80	88	89	90	91	99	100	103	173	#
250	611.06	6	7	8	17	18	19	28	29	30	40	41	42	173	#
251	551.135	67	77	78	88	89	90	91	92	99	100	101	110	173	#
252	1377.37	1	42	51	52	53	54	61	62	63	64	65	71	72	73	74	75	76	83	84	85	86	87	94	95	96	97	98	106	109	174	#
253	1939.38	16	26	27	28	35	36	37	38	51	52	53	61	62	63	64	65	73	74	76	84	85	86	87	98	102	107	108	109	118	174	#
254	1734.83	61	62	65	73	74	76	84	85	86	87	92	93	94	95	96	97	98	104	105	106	107	108	109	115	117	118	119	120	121	174	#
255	1695.39	42	43	51	52	53	54	62	63	64	65	73	74	75	76	79	80	84	85	86	87	89	90	95	97	98	107	108	109	120	174	#
256	1693.65	28	40	51	52	53	54	61	62	63	65	72	73	74	75	76	84	85	86	87	95	96	97	98	100	108	109	118	119	120	174	#
257	1675.68	30	31	32	37	43	53	54	63	64	65	75	76	85	86	87	92	97	98	103	104	105	108	109	114	115	116	117	119	120	174	#
258	573.131	84	95	97	105	106	107	108	116	117	118	119	120	175	#
259	771.916	93	94	95	102	103	104	105	106	115	116	117	118	175	#
260	726.777	74	75	76	85	86	87	97	98	108	118	119	120	175	#
261	668.5	72	83	93	94	95	96	104	105	106	116	117	118	175	#
262	642.817	85	95	96	104	105	106	107	116	117	118	119	120	175	#
263	639.837	65	76	86	87	97	98	107	108	109	118	119	120	175	#
264	212.811	34	35	46	176	#
265	280.068	46	57	68	176	#
266	165.199	23	33	34	176	#
267	2717.57	2	3	4	5	9	10	13	14	15	16	19	20	21	25	27	28	29	30	31	37	38	39	40	41	42	43	49	50	53	54	61	62	64	65	75	76	91	92	102	113	177	#
268	2761.17	5	6	9	16	17	19	20	21	26	27	28	29	30	31	32	37	38	39	40	41	42	43	48	49	51	52	53	54	61	62	63	64	72	73	74	84	90	91	101	102	177	#
269	2744.95	0	1	11	12	13	17	23	24	25	26	27	28	35	36	37	38	39	40	42	49	50	51	52	53	54	57	58	61	62	63	64	65	70	73	74	75	76	85	86	87	177	#
270	2743.92	0	1	5	11	12	13	15	16	19	25	26	27	28	29	30	36	37	38	39	40	41	45	46	49	56	57	58	66	67	68	69	78	79	88	89	90	99	100	101	122	177	#
271	2743.7	4	5	6	12	13	16	17	24	25	26	27	28	36	37	38	39	40	49	80	83	91	92	94	95	96	97	98	102	103	104	105	106	107	108	109	115	116	118	119	120	177	#
272	2730.5	7	8	9	16	17	19	20	21	25	26	27	28	29	30	31	32	34	35	36	37	38	39	40	41	42	45	46	51	52	53	55	56	57	63	64	65	67	68	69	121	177	#
273	497.008	82	83	94	104	105	106	116	178	#
274	469.371	93	94	104	105	106	115	116	178	#
275	468.27	105	106	107	115	116	117	118	178	#
276	460.447	93	94	95	105	106	107	116	178	#
277	440.586	82	83	92	93	94	104	115	178	#
278	425.001	91	92	102	103	104	114	115	178	#
279	243.288	0	1	121	179	#
280	204.299	114	121	125	179	#
281	184.741	0	1	12	179	#
282	190.406	55	56	57	180	#
283	123.927	55	66	67	180	#
284	64.6943	2	45	56	180	#
285	42.7761	97	108	181	#
286	8.5611	98	108	181	#
287	332.426	43	51	52	53	54	182	#
288	454.389	28	40	41	51	52	182	#
289	308.238	42	43	53	54	65	182	#
290	302.12	31	42	43	54	124	182	#
291	295.374	43	52	53	54	65	182	#
292	158.517	42	51	52	53	63	182	#
293	166.506	29	40	41	183	#
294	222.719	30	41	42	183	#
295	167.17	5	29	41	183	#
296	228.156	0	79	80	90	124	184	#
297	342.024	0	11	12	13	14	184	#
298	297.036	7	8	9	18	90	184	#
299	256.205	10	69	70	80	81	184	#
300	140.743	79	80	90	100	101	184	#
301	688.592	92	93	94	104	105	106	115	116	117	118	185	#
302	946.411	91	92	94	102	103	104	105	113	114	115	185	#
303	888.888	74	91	102	103	104	105	113	114	115	116	185	#
304	865.971	91	93	102	103	104	105	113	114	115	116	185	#
305	792.144	18	83	92	93	94	103	104	105	115	116	185	#
306	757.582	82	93	94	103	104	105	114	115	116	117	185	#
307	129.036	125	#
308	724.044	7	9	10	18	19	20	21	28	29	30	31	32	41	42	186	#
309	972.121	1	7	12	18	28	29	36	38	39	40	41	49	50	51	186	#
310	965.93	18	19	24	29	30	31	35	39	40	41	42	43	46	57	186	#
311	885.523	7	18	19	20	21	28	29	30	31	38	39	40	41	51	186	#
312	802.05	7	17	18	19	20	28	29	38	39	40	41	42	50	53	186	#
313	799.448	9	10	19	20	21	27	28	29	30	31	32	42	43	106	186	#
314	750.328	29	78	88	90	91	102	103	104	105	187	#
315	805.539	46	80	83	90	91	102	103	104	113	187	#
316	680.97	84	94	95	96	104	105	106	107	116	187	#
317	675.353	93	95	103	104	105	106	107	115	116	187	#
318	663.434	48	91	92	101	102	103	108	112	113	187	#
319	644.861	73	77	78	79	83	84	90	94	119	187	#
320	34.402	94	#
321	131.849	99	110	#
322	1058.31	33	34	35	44	45	51	52	55	56	57	58	62	63	66	67	68	69	78	79	80	81	90	91	188	#
323	1525.33	13	22	23	24	26	27	28	33	34	35	36	37	44	46	47	48	58	59	70	71	80	90	91	188	#
324	1503.72	17	40	41	50	51	60	61	62	71	72	73	81	82	83	84	85	93	94	95	103	104	105	116	188	#
325	1401.79	44	55	56	66	68	69	70	79	80	91	92	94	95	96	104	105	106	107	108	115	116	117	118	188	#
326	1389.89	56	57	66	67	68	69	70	73	77	78	79	80	84	85	89	90	91	95	96	105	106	107	118	188	#
327	1388.34	23	24	27	34	35	36	37	38	46	47	48	49	57	58	59	69	70	79	80	90	91	92	99	188	#
328	933.929	32	61	62	72	73	74	75	76	84	85	86	95	189	#
329	1097.9	62	64	73	74	75	76	84	85	86	87	89	124	189	#
330	1002.19	73	74	75	85	86	94	95	96	105	106	107	116	189	#
331	1001.9	64	73	74	75	76	82	83	84	85	86	96	107	189	#
332	995.775	38	48	49	59	61	70	71	72	82	83	84	94	189	#
333	848.466	72	82	83	84	85	94	95	105	106	107	116	117	189	#
334	767.272	7	8	9	18	19	20	21	28	29	30	31	65	76	86	87	98	190	#
335	1019.56	4	10	21	30	31	32	42	43	53	54	63	64	65	75	76	87	190	#
336	973.967	21	32	43	53	54	62	63	64	65	74	75	76	84	85	86	87	190	#
337	942.103	53	54	62	63	64	65	74	75	76	84	85	86	87	98	109	120	190	#
338	936.057	3	4	7	8	9	10	13	14	19	20	21	29	30	31	32	43	190	#
339	930.571	61	62	63	64	65	66	72	73	74	75	76	83	85	86	87	98	190	#
340	219.203	102	112	113	114	115	191	#
341	261.384	93	94	104	114	115	191	#
342	254.018	91	102	103	112	113	191	#
343	214.051	80	91	101	102	112	191	#
344	164.926	101	103	112	113	114	191	#
345	1151.11	0	1	11	12	13	14	24	25	34	35	36	37	38	39	48	49	50	60	61	192	#
346	1319.44	0	1	11	12	13	14	15	22	23	24	25	26	27	33	34	35	36	38	44	192	#
347	1314.82	0	11	12	22	23	33	70	71	72	73	81	82	83	84	93	94	95	104	115	192	#
348	1216.53	0	1	11	12	13	22	23	24	33	34	75	76	85	86	87	97	98	108	109	192	#
349	1196.47	0	1	11	12	13	14	15	22	23	24	25	26	27	33	34	35	36	37	46	192	#
350	1155.75	24	25	26	27	35	36	37	38	39	46	48	49	60	76	87	97	98	108	120	192	#
351	98.3962	71	72	73	193	#
352	87.3634	62	63	73	193	#
353	188.19	5	6	194	#
354	129.874	5	39	194	#
355	27.928	45	56	#
356	645.451	16	17	27	38	49	84	95	105	195	#
357	669.254	5	16	17	27	28	37	38	40	195	#
358	649.049	5	16	27	38	39	40	49	60	195	#
359	615.691	93	94	103	104	105	106	115	117	195	#
360	586.437	83	84	85	95	104	105	115	116	195	#
361	513.865	33	39	47	48	49	50	51	60	195	#
362	2058.37	1	2	3	4	5	6	7	11	12	13	14	15	16	17	18	19	23	24	25	26	29	30	34	35	36	41	45	46	47	48	49	56	57	58	67	68	113	114	121	196	#
363	2760.39	2	3	4	5	10	12	13	14	15	16	21	22	23	24	25	26	27	28	31	32	33	34	35	36	37	43	44	45	46	47	48	55	58	59	60	69	70	71	82	196	#
364	2647.44	0	1	2	3	4	11	12	13	14	15	22	23	24	25	33	34	35	36	37	48	83	93	94	95	96	102	104	105	106	107	111	112	113	114	115	116	117	118	119	196	#
365	2600.83	13	14	24	25	39	40	50	51	52	53	54	61	62	63	64	65	73	74	75	76	84	85	86	87	90	94	95	96	97	98	101	104	105	106	107	108	109	119	121	196	#
366	2551.89	2	3	4	5	13	14	15	16	25	26	27	28	33	34	36	37	38	39	40	44	46	47	48	49	50	55	56	57	58	59	60	61	69	70	71	72	113	114	115	196	#
367	2546.94	2	3	4	5	13	15	22	23	24	25	26	34	35	36	37	38	46	47	48	57	58	59	68	69	70	71	72	82	83	93	94	95	103	104	105	106	114	115	116	196	#
368	297.846	45	56	68	69	197	#
369	336.556	58	68	69	103	197	#
370	315.569	58	68	69	70	197	#
371	310.08	56	57	67	68	197	#
372	171.363	23	34	45	46	197	#
373	136.815	26	27	198	#
374	184.792	16	27	198	#
375	527.994	23	35	38	45	46	55	56	57	66	67	78	199	#
376	742.383	46	55	56	57	58	62	66	68	69	73	74	199	#
377	723.314	5	6	16	17	28	38	39	40	41	42	50	199	#
378	697.198	44	45	55	56	57	58	66	67	68	69	78	199	#
379	656.016	45	55	56	57	58	66	67	68	69	70	78	199	#
380	585.434	13	23	24	25	33	34	35	44	45	46	55	199	#
381	502.48	35	46	47	57	58	59	68	69	79	125	200	#
382	704.972	56	57	68	69	79	90	91	101	102	113	200	#
383	632.429	0	56	58	68	69	79	80	81	91	102	200	#
384	592.896	80	91	100	101	102	111	112	113	114	125	200	#
385	567.531	23	33	34	35	46	56	57	58	68	70	200	#
386	528.845	55	56	66	67	68	69	70	79	80	85	200	#
387	845.513	68	70	79	80	88	89	90	91	92	99	100	101	102	103	104	201	#
388	1167.35	84	85	92	93	94	95	96	97	98	102	103	105	106	107	113	201	#
389	1109.63	31	42	82	84	92	93	94	95	101	103	104	105	106	107	114	201	#
390	1036.67	49	57	58	59	60	62	70	71	72	73	74	81	82	84	86	201	#
391	966.425	11	55	56	57	58	59	67	68	69	79	80	89	90	91	101	201	#
392	912.36	3	4	15	26	37	38	48	59	71	82	83	93	104	105	115	201	#
393	846.101	4	15	24	25	26	27	28	34	38	62	63	64	74	86	87	202	#
394	1029.35	32	43	51	52	53	54	63	64	65	74	75	76	84	85	86	202	#
395	991.025	53	62	63	64	73	74	76	84	85	86	87	96	98	109	120	202	#
396	978.203	53	54	62	63	64	65	74	75	76	85	86	87	98	109	120	202	#
397	945.725	52	62	63	64	65	73	74	75	76	83	84	85	86	95	96	202	#
398	943.093	3	4	5	14	15	16	24	25	35	36	37	62	70	71	72	202	#
399	498.139	5	6	16	27	38	203	#
400	413.039	27	38	49	81	82	203	#
401	393.688	5	6	16	26	27	203	#
402	375.107	4	5	16	17	28	203	#
403	313.79	14	25	26	27	38	203	#
404	129.137	16	17	55	66	67	78	#
405	281.136	46	58	59	71	72	83	204	#
406	419.091	25	34	35	36	37	46	204	#
407	390.879	58	59	70	71	81	82	204	#
408	352.047	48	49	58	59	60	71	204	#
409	317.989	71	72	83	84	85	96	204	#
410	252.267	34	45	46	47	58	59	204	#
411	596.279	0	1	11	12	22	23	33	34	205	#
412	655.596	13	22	23	24	25	33	34	35	205	#
413	565.386	0	1	11	12	13	22	23	35	205	#
414	547.807	11	12	22	33	34	44	45	46	205	#
415	534.351	0	1	11	12	13	14	22	25	205	#
416	515.917	22	23	24	33	34	35	46	57	205	#
417	434.942	38	47	49	57	58	59	60	69	206	#
418	641.082	28	38	39	40	49	50	51	61	206	#
419	517.062	27	36	37	38	39	49	60	71	206	#
420	506.719	36	37	38	47	48	59	71	82	206	#
421	463.525	34	36	46	47	48	58	59	71	206	#
422	451.435	42	48	59	60	70	71	72	73	206	#
423	1113.44	23	24	25	35	52	53	54	64	65	74	75	76	84	85	86	87	207	#
424	1209.07	0	1	10	11	12	13	21	22	23	24	25	33	34	35	36	44	207	#
425	1171.63	19	30	31	49	50	61	62	73	74	75	76	84	85	86	87	95	207	#
426	1017.13	51	52	53	62	63	64	65	73	74	84	85	86	87	95	96	126	207	#
427	1013.6	13	22	23	24	25	26	27	33	34	35	36	37	38	44	46	47	207	#
428	974.153	43	54	64	65	74	75	76	83	84	85	86	94	95	96	105	106	207	#
429	1017.52	2	3	4	12	13	14	15	23	24	25	26	34	35	36	59	208	#
430	1193.34	4	13	15	24	25	26	27	36	37	48	49	59	60	71	82	208	#
431	1180.24	13	22	23	24	33	34	35	36	44	46	48	57	58	59	68	208	#
432	1106.65	12	13	14	22	23	24	25	31	34	35	36	46	57	58	69	208	#
433	1100.34	0	11	12	13	14	22	23	24	25	34	35	36	37	48	115	208	#
434	1030.83	0	1	11	12	13	14	23	24	25	34	35	36	37	38	47	208	#
435	247.342	39	48	49	50	61	209	#
436	344.352	50	61	71	72	82	209	#
437	339.528	49	50	59	60	71	209	#
438	304.202	27	38	39	50	61	209	#
439	284.76	26	36	37	47	48	209	#
440	227.322	27	37	38	39	50	209	#
441	2394.23	39	46	49	56	57	58	60	67	68	69	70	71	72	73	78	79	80	81	82	83	88	89	90	91	92	93	94	95	101	102	103	104	105	106	107	111	112	113	114	115	116	117	210	#
442	2689.58	60	68	69	71	74	75	76	79	80	81	82	83	84	86	87	89	90	91	92	93	94	95	96	97	100	101	102	103	104	105	106	108	109	112	113	114	115	116	117	118	119	120	210	#
443	2686.9	7	8	18	19	45	56	57	62	64	65	71	72	73	74	75	82	83	84	85	86	87	90	91	92	93	94	95	96	103	104	105	106	107	108	109	114	115	116	117	118	119	120	210	#
444	2622.85	6	31	32	42	43	53	54	60	62	64	70	71	72	73	74	80	81	82	83	84	85	86	90	91	92	93	94	95	96	98	102	103	104	105	106	107	108	112	113	114	115	116	210	#
445	2602.09	31	51	52	61	62	63	71	72	73	74	75	76	82	83	84	85	86	87	92	93	94	95	96	97	98	103	104	105	106	107	108	109	111	112	113	114	115	116	117	118	119	120	210	#
446	2592.82	1	5	6	14	16	17	25	36	45	47	51	52	56	67	68	77	78	79	81	82	83	84	88	89	90	91	92	93	94	97	99	100	101	102	103	104	105	111	112	113	114	115	210	#
447	70.9786	24	#
448	160.898	118	119	120	212	#
449	126.728	108	109	119	212	#
450	122.633	82	119	120	212	#
451	113.34	107	118	119	212	#
452	189.441	13	14	24	213	#
453	247.227	13	23	24	213	#
454	215.673	13	24	114	213	#
455	135.582	13	14	15	213	#
456	675.407	17	18	19	20	27	28	29	30	38	39	40	41	93	214	#
457	974.674	16	17	27	28	29	39	40	50	51	103	104	114	115	214	#
458	973.961	28	39	40	41	51	57	58	59	68	70	71	80	91	214	#
459	939.601	13	14	15	25	26	27	35	36	37	38	46	47	115	214	#
460	925.646	5	6	16	17	18	26	27	28	29	38	40	48	49	214	#
461	792.881	71	72	82	83	93	94	95	96	105	106	107	108	120	214	#
462	1118.12	5	7	8	9	10	16	17	18	19	20	21	29	30	31	32	41	42	43	54	215	#
463	1504.57	5	6	7	16	17	18	19	27	28	29	31	38	39	40	41	42	50	51	61	215	#
464	1472.86	0	1	7	11	12	16	17	18	19	20	22	27	28	29	31	38	40	41	83	215	#
465	1422.92	6	7	10	16	17	18	19	20	21	27	28	29	30	31	32	38	40	41	42	215	#
466	1333.28	7	8	9	10	19	21	30	31	73	74	76	82	83	84	85	86	94	105	116	215	#
467	1321.26	4	5	6	7	16	17	18	19	20	21	26	27	28	29	30	31	38	39	41	215	#
468	215.11	99	110	216	#
469	115.422	99	100	216	#
470	2865.83	23	24	25	31	34	35	36	41	42	46	47	48	52	53	56	57	58	59	61	65	67	68	69	70	72	76	77	78	79	80	81	82	83	84	87	88	89	90	91	94	95	99	100	101	102	103	105	110	114	217	#
471	3048.86	0	1	3	4	11	12	13	14	15	16	22	23	24	25	26	27	33	34	35	36	37	44	45	46	47	48	55	56	57	58	59	64	65	67	68	69	70	71	75	76	80	81	86	87	98	102	113	114	115	217	#
472	3044.49	0	1	3	4	5	6	11	12	13	14	15	16	17	18	20	22	23	24	25	26	27	28	29	31	32	33	34	35	36	37	38	39	40	41	42	43	44	45	46	47	48	49	50	51	53	56	67	68	69	217	#
473	3041.11	0	1	2	3	4	5	11	12	13	14	15	16	17	22	23	24	25	26	27	28	33	34	35	36	37	39	40	44	45	46	47	48	49	50	51	56	57	58	59	61	68	69	70	71	98	107	108	119	120	217	#
474	3016.28	3	4	11	12	13	14	15	22	23	24	25	26	27	33	34	35	36	37	38	39	44	45	46	47	48	49	50	55	56	57	58	59	66	67	68	69	70	76	78	79	86	87	89	90	91	98	108	109	120	217	#
475	3016.18	1	2	3	4	5	11	12	13	14	15	22	23	24	25	26	27	28	33	36	37	38	47	49	67	77	78	79	88	89	90	91	92	93	95	96	99	100	101	102	103	104	105	106	112	113	114	115	116	117	217	#
476	1116.4	63	72	73	74	75	82	83	84	85	93	94	95	96	100	105	106	117	118	218	#
477	1259.54	58	59	70	71	73	82	83	84	85	93	94	95	96	105	106	107	117	118	218	#
478	1257.69	61	62	63	71	72	73	74	75	83	84	85	86	94	95	103	105	106	116	218	#
479	1241.35	52	61	62	63	64	71	72	73	74	75	83	84	85	86	87	95	96	105	218	#
480	1229.67	20	21	31	32	42	43	52	53	54	63	64	65	73	74	75	76	84	86	218	#
481	1203.49	61	62	63	73	74	76	83	84	85	86	95	96	105	106	107	117	118	119	218	#
482	873.623	7	8	9	10	17	18	19	20	21	28	29	30	31	32	219	#
483	942.309	7	8	9	10	16	18	19	20	21	27	28	29	40	41	219	#
484	906.11	7	9	19	20	29	31	42	56	67	68	69	78	79	115	219	#
485	885.45	8	9	10	18	19	20	21	29	30	31	40	41	42	43	219	#
486	860.826	18	28	29	31	32	36	37	41	42	43	48	52	53	54	219	#
487	844.718	8	9	10	17	18	19	20	21	29	30	31	32	42	125	219	#
488	1399.76	3	4	5	11	12	13	14	15	17	18	24	25	26	27	28	29	36	37	38	46	47	48	49	50	51	60	220	#
489	1864.85	2	3	13	14	15	24	25	31	40	42	43	44	51	52	53	54	55	62	63	64	65	66	74	75	85	86	220	#
490	1755.47	3	4	5	6	13	14	15	16	17	23	24	25	26	27	28	33	34	35	36	37	38	47	58	70	108	119	220	#
491	1742.96	0	1	2	3	4	11	12	13	14	15	16	17	22	23	24	25	26	27	28	29	33	34	35	36	40	47	220	#
492	1704.2	2	3	4	5	6	13	14	15	16	17	24	27	71	72	82	83	84	85	91	93	94	96	101	102	103	104	220	#
493	1699.55	3	4	5	6	9	10	13	14	16	17	18	19	20	21	25	28	29	30	31	32	39	40	41	42	43	51	220	#
494	743.307	61	62	64	72	74	75	76	85	86	87	101	112	221	#
495	841.536	11	12	64	72	75	76	85	86	87	98	108	109	221	#
496	795.437	62	63	73	74	76	85	86	87	94	95	96	105	221	#
497	772.137	59	61	62	63	71	72	73	74	84	85	95	105	221	#
498	763.948	62	70	71	72	73	74	75	83	84	85	86	95	221	#
499	716.343	22	33	34	44	55	56	89	90	101	111	112	113	221	#
500	529.299	45	47	56	57	58	67	68	69	70	79	80	222	#
501	789.337	56	59	60	67	68	69	70	71	80	81	82	222	#
502	774.424	56	58	59	67	68	69	70	71	80	81	82	222	#
503	743.873	47	48	49	55	56	57	58	59	67	68	69	222	#
504	710.546	58	59	68	69	70	79	80	90	92	93	101	222	#
505	639.753	56	58	59	67	68	69	70	78	79	80	81	222	#
506	490.392	83	94	95	96	103	104	105	106	223	#
507	521.088	95	96	104	105	106	107	118	119	223	#
508	505.324	91	92	93	94	103	104	105	106	223	#
509	505.314	84	85	94	95	104	105	106	117	223	#
510	479.1	59	80	91	92	102	103	113	114	223	#
511	461.504	72	73	83	84	95	96	104	105	223	#
512	1440.71	11	12	13	16	22	23	24	25	27	28	29	30	31	33	34	39	40	41	42	44	45	46	47	55	56	57	66	67	224	#
513	1926	27	28	30	37	38	39	40	41	48	49	50	51	52	59	61	62	63	71	72	73	74	75	82	83	84	85	94	96	224	#
514	1804.59	4	5	6	7	8	9	10	16	17	18	19	20	21	26	27	28	29	30	32	38	39	40	41	43	51	52	53	54	224	#
515	1775.29	3	4	5	6	11	13	14	15	16	22	23	24	25	26	27	33	34	35	36	37	38	39	46	47	48	50	109	120	224	#
516	1750.17	0	1	3	4	11	12	13	14	15	22	23	24	25	26	27	33	34	35	36	37	38	45	46	48	56	59	118	119	224	#
517	1692.09	4	5	7	8	14	15	16	17	18	19	25	26	27	28	29	30	36	40	41	42	43	51	52	53	64	65	75	76	224	#
518	18.5745	62	#
519	83.6236	14	15	#
520	692.194	0	1	11	12	13	14	22	23	24	25	33	225	#
521	830.168	13	22	23	24	25	26	33	35	36	38	102	225	#
522	710.648	0	11	12	13	14	15	25	106	107	116	123	225	#
523	631.024	14	16	22	23	24	25	26	27	36	37	47	225	#
524	619.512	0	1	11	12	22	23	33	34	63	74	85	225	#
525	663.356	33	34	35	45	46	48	56	57	58	59	67	68	226	#
526	970.659	12	13	24	25	26	27	35	36	45	46	57	68	226	#
527	947.798	9	23	24	25	26	36	37	46	47	48	57	68	226	#
528	833.448	0	1	48	49	58	59	70	71	72	80	91	102	226	#
529	796.157	44	45	55	56	57	66	67	68	77	78	79	90	226	#
530	766.202	12	23	24	33	34	35	36	44	46	56	57	68	226	#
531	699.225	13	14	15	22	23	24	25	34	35	36	45	46	47	227	#
532	878.54	2	3	12	13	14	23	24	25	36	37	38	47	48	227	#
533	829.73	11	13	22	23	24	25	30	31	33	34	35	36	46	227	#
534	823.921	2	3	12	13	14	22	23	24	34	35	36	47	110	227	#
535	809.154	22	23	34	35	36	37	46	47	57	58	70	80	81	227	#
536	789.064	0	1	11	12	13	14	22	23	24	25	34	35	46	227	#
537	564.723	5	15	16	26	27	28	29	37	39	40	228	#
538	715.157	4	5	15	24	25	26	27	37	47	48	228	#
539	649.13	27	28	38	39	40	41	42	50	51	52	228	#
540	613.235	8	9	10	18	19	20	29	31	37	47	228	#
541	584.437	4	5	16	17	18	26	27	28	39	97	228	#
542	536.417	19	26	27	28	29	39	40	50	51	61	228	#
543	260.809	13	15	25	26	37	229	#
544	355.119	13	25	36	109	120	229	#
545	351.617	15	26	27	28	39	229	#
546	288.628	19	20	37	38	49	229	#
547	240.904	14	15	24	25	26	229	#
548	142.397	3	4	13	14	15	229	#
549	93.3216	84	#
550	1013.91	13	22	23	25	33	34	35	36	44	45	46	47	55	56	57	58	67	68	230	#
551	1274.27	0	1	11	12	13	22	23	33	34	35	37	44	48	59	101	111	112	113	230	#
552	1201.74	3	4	5	12	13	14	15	24	25	33	44	45	55	56	66	67	68	97	230	#
553	1165.7	33	36	37	44	45	46	47	48	49	55	56	57	58	59	66	69	70	71	230	#
554	1112.94	4	5	6	23	24	33	34	35	36	37	44	45	46	47	55	58	66	69	230	#
555	1095.39	22	23	33	34	35	36	44	46	47	48	49	55	56	57	58	68	69	102	230	#
556	498.561	9	17	18	19	20	28	29	30	31	41	42	231	#
557	743.181	29	30	31	41	42	43	52	53	95	96	106	231	#
558	699.803	7	8	9	18	19	20	29	30	40	41	51	231	#
559	695.261	17	18	19	27	28	29	30	37	38	39	50	231	#
560	691.444	19	21	28	29	30	31	32	40	41	42	43	231	#
561	686.95	9	19	20	21	30	31	32	40	41	42	51	231	#
562	2126	6	7	8	9	17	18	19	20	21	27	28	29	30	31	32	39	40	41	42	43	50	51	52	53	54	62	63	64	65	73	74	75	76	84	85	86	98	108	109	119	120	232	#
563	2679.68	1	11	12	13	14	15	16	27	37	38	39	40	48	49	50	52	53	54	62	63	64	65	72	73	74	75	76	80	81	84	86	87	91	92	93	94	102	103	104	114	115	232	#
564	2553.23	0	5	6	7	8	9	11	16	17	18	19	20	22	27	28	29	30	31	33	34	35	38	39	40	41	44	46	47	48	49	50	51	52	58	59	61	62	71	72	78	88	232	#
565	2540.54	4	5	6	8	9	16	17	18	19	20	27	28	29	30	31	33	34	35	36	37	38	39	41	45	46	47	48	49	50	51	58	59	61	62	66	92	95	96	106	116	117	232	#
566	2494.54	4	5	6	7	11	12	13	14	15	16	17	18	19	20	21	25	26	27	28	29	30	31	32	36	37	38	41	42	52	53	95	101	102	103	104	105	106	107	114	118	119	232	#
567	2490.72	5	7	9	10	11	12	16	17	18	19	20	21	27	28	29	30	31	32	37	38	39	40	41	42	43	49	50	51	52	53	54	61	62	63	64	65	71	72	73	74	75	232	#
568	748.339	2	3	4	5	6	13	14	15	25	26	37	233	#
569	858.374	2	3	4	11	12	13	14	15	25	26	40	233	#
570	800.233	0	2	3	4	5	11	12	13	14	15	26	233	#
571	794.041	2	3	4	5	6	15	24	25	26	27	36	233	#
572	773.317	13	23	24	25	26	27	35	36	37	47	48	233	#
573	711.565	16	25	26	27	37	47	48	49	56	57	59	233	#
574	48.2414	48	#
575	53.9824	110	#
576	26.3921	29	#
577	506.612	0	1	11	12	13	15	22	24	25	26	234	#
578	677.592	0	1	11	12	13	22	25	85	86	87	234	#
579	663.674	0	1	27	28	38	39	40	41	45	50	234	#
580	632.14	0	1	11	12	13	22	24	25	115	116	234	#
581	624.321	0	1	11	12	13	23	24	25	26	35	234	#
582	571.32	3	4	5	6	14	15	24	25	26	27	234	#
583	167.208	102	113	114	235	#
584	202.582	101	102	103	235	#
585	152.361	103	113	114	235	#
586	52.6512	19	29	236	#
587	39.5315	29	30	236	#
588	664.237	6	90	91	92	102	103	104	113	114	115	237	#
589	731.185	80	81	91	92	93	102	103	104	114	115	237	#
590	722.308	79	80	82	90	91	92	93	102	103	104	237	#
591	721.038	79	80	90	91	92	102	103	104	113	124	237	#
592	700.886	91	92	102	103	104	111	112	113	114	115	237	#
593	683.095	69	80	89	90	91	92	93	101	103	104	237	#
594	695.969	73	83	84	85	86	95	96	106	107	117	238	#
595	832.591	62	72	73	74	84	85	94	95	105	106	238	#
596	733.503	83	94	95	104	105	106	115	116	117	118	238	#
597	700.886	50	61	62	72	83	84	85	94	95	96	238	#
598	694.04	58	68	69	78	79	80	83	84	91	102	238	#
599	663.289	85	95	96	106	107	108	117	118	119	120	238	#
600	69.5831	35	#
601	1232.35	0	3	11	12	13	14	15	22	23	24	25	26	36	45	55	56	57	66	67	68	69	70	78	80	239	#
602	1587.72	0	1	2	3	4	5	11	12	13	14	15	22	23	24	25	34	35	46	57	58	59	69	70	122	239	#
603	1529.03	4	5	13	14	15	23	24	25	26	27	28	35	36	37	38	39	40	46	47	48	50	57	58	59	239	#
604	1496.91	0	1	3	4	5	11	12	13	14	16	22	24	25	33	42	53	54	63	64	65	75	97	108	109	239	#
605	1483.72	0	1	9	11	12	13	14	20	21	22	23	24	25	31	32	33	34	35	36	42	43	46	53	54	239	#
606	1474.85	0	1	2	3	4	5	6	10	12	13	14	15	16	20	21	25	26	27	31	32	41	42	43	53	239	#
607	801.801	56	57	68	69	79	80	81	90	91	101	102	103	114	240	#
608	834.411	68	69	80	81	91	92	94	103	104	105	113	114	115	240	#
609	820.962	27	28	29	39	40	41	51	69	70	71	80	81	82	240	#
610	815.763	42	52	53	54	63	65	76	80	87	91	101	102	112	240	#
611	756.066	57	58	59	60	69	70	71	80	91	102	103	113	122	240	#
612	742.014	80	81	90	91	92	101	102	103	104	105	112	113	114	240	#
613	263.947	29	72	73	83	84	241	#
614	267.277	72	73	83	84	95	241	#
615	252.832	81	82	83	93	94	241	#
616	191.138	25	26	37	62	73	241	#
617	131.465	2	3	13	14	242	#
618	142.793	13	14	25	26	242	#
619	120.724	2	3	83	94	242	#
620	107.39	28	#
621	296.021	97	108	109	120	243	#
622	324.165	108	109	119	120	243	#
623	271.555	76	87	97	98	243	#
624	239.001	98	107	108	109	243	#
625	210.812	25	26	27	108	243	#
626	918.698	6	16	17	18	28	39	40	41	49	50	51	61	72	73	244	#
627	948.388	4	5	6	17	18	26	27	28	29	40	41	51	73	121	244	#
628	947.637	50	61	62	70	71	72	73	74	82	85	86	87	92	93	244	#
629	873.222	48	49	50	61	62	72	73	74	75	76	84	85	86	95	244	#
630	869.021	6	17	18	19	27	28	30	35	39	40	41	48	49	50	244	#
631	856.233	5	6	16	17	18	19	27	28	29	30	31	39	40	41	244	#
632	555.552	94	95	104	105	106	115	116	117	245	#
633	556.446	95	96	104	105	106	115	116	117	245	#
634	553.945	23	95	105	106	107	116	117	118	245	#
635	529.173	84	85	95	96	104	105	106	107	245	#
636	503.775	73	74	83	84	94	95	105	106	245	#
637	502.251	92	102	103	104	105	113	114	115	245	#
638	540.634	15	26	27	28	29	38	41	49	246	#
639	647.108	27	28	32	38	39	40	41	42	246	#
640	568.844	15	24	25	26	36	37	48	49	246	#
641	501.641	5	16	17	27	28	29	38	39	246	#
642	470.002	18	20	28	29	30	31	40	41	246	#
643	445.074	17	26	27	28	29	38	39	50	246	#
644	998.292	35	46	58	59	60	68	70	71	79	80	81	82	83	89	90	93	94	104	247	#
645	1317.59	12	13	25	35	36	47	48	57	58	59	62	71	72	73	74	82	83	86	247	#
646	1296.73	11	12	13	14	15	22	23	24	25	26	33	34	35	36	37	44	48	104	247	#
647	1246.47	17	23	24	25	33	34	35	36	37	44	45	46	47	48	57	58	59	70	247	#
648	1194.25	3	13	14	15	25	26	71	81	82	92	93	94	95	103	104	114	115	116	247	#
649	1161.85	19	71	73	81	82	83	84	85	86	87	93	94	97	98	105	108	109	119	247	#
650	174.829	65	76	87	248	#
651	182.566	74	76	86	248	#
652	131.839	42	53	65	248	#
653	96.7239	87	97	98	248	#
654	2027.72	11	12	22	23	33	34	35	44	55	56	66	67	68	78	79	88	89	90	91	100	102	103	112	113	114	249	#
655	1966.22	7	18	55	66	67	68	69	70	71	77	78	79	80	88	89	90	91	99	100	101	102	103	110	112	113	249	#
656	1962.24	39	44	66	67	68	77	78	79	80	88	89	90	91	99	100	101	102	103	104	111	112	113	114	115	116	249	#
657	1919.01	4	11	12	13	14	15	25	40	41	56	67	68	77	78	88	89	90	91	99	100	101	102	103	110	113	249	#
658	1916.66	50	51	57	59	61	67	68	69	70	71	72	78	79	80	82	83	89	90	91	102	103	104	113	114	115	249	#
659	1898.99	20	28	44	55	56	57	66	67	68	70	71	77	78	79	80	88	89	90	91	101	102	103	104	112	126	249	#
660	318.365	34	46	56	57	58	67	68	70	250	#
661	470.709	45	46	47	57	58	59	73	84	250	#
662	450.378	24	35	46	57	68	78	79	90	250	#
663	442.511	58	59	60	69	70	71	80	109	250	#
664	423.557	36	37	47	57	58	68	69	70	250	#
665	355.001	34	35	45	46	57	58	69	70	250	#
666	123.673	58	69	#
667	115.804	115	116	251	#
668	124.112	105	116	251	#
669	96.8402	7	#
670	113.222	123	#
671	60.7139	104	#
672	534.628	92	101	102	103	104	111	112	113	114	252	#
673	604.021	89	90	99	100	101	102	103	110	113	252	#
674	590.974	90	91	101	102	103	112	113	114	115	252	#
675	534.215	80	91	92	93	102	103	104	113	114	252	#
676	530.785	92	100	101	102	103	111	112	113	114	252	#
677	515.704	62	73	91	92	102	103	108	113	114	252	#
678	193.887	63	74	85	253	#
679	201.488	24	25	85	253	#
680	190.091	62	63	74	253	#
681	89.1207	72	73	74	253	#
682	1141.78	69	70	73	80	84	91	92	103	104	106	107	108	115	116	117	118	125	254	#
683	1268.15	61	62	71	72	73	74	75	83	84	85	86	87	94	95	96	107	108	254	#
684	1250.34	5	15	16	17	18	26	27	28	37	38	39	48	49	50	59	60	125	254	#
685	1186.33	89	90	91	92	93	94	95	96	103	104	105	106	107	114	115	116	117	254	#
686	1173.24	28	39	61	62	71	72	73	74	75	83	84	85	94	95	96	105	107	254	#
687	1117.18	25	26	36	47	48	57	58	59	68	70	73	84	94	95	105	106	107	254	#
688	282.709	24	25	26	36	255	#
689	310.656	13	23	24	34	255	#
690	302.584	25	26	27	28	255	#
691	299.528	25	26	27	36	255	#
692	165.492	14	25	36	47	255	#
693	353.898	69	70	71	80	81	82	256	#
694	345.962	81	82	83	94	95	105	256	#
695	306.829	70	71	79	80	81	82	256	#
696	269.671	71	72	82	93	100	101	256	#
697	249.699	58	69	70	79	80	81	256	#
698	244.255	58	69	70	71	79	80	256	#
699	56.3237	78	79	90	257	#
700	76.7506	78	79	88	257	#
701	473.017	27	62	72	73	74	82	83	84	93	258	#
702	695.739	39	50	61	71	72	73	83	84	85	258	#
703	654.65	61	62	72	73	74	83	84	85	95	258	#
704	636.762	50	52	53	61	62	63	65	71	72	258	#
705	585.703	81	82	84	93	94	95	104	105	107	258	#
706	560.833	62	71	72	73	82	83	84	85	96	258	#
707	248.007	16	17	18	28	259	#
708	250.496	28	29	39	41	259	#
709	221.247	6	17	56	57	259	#
710	1359.68	4	5	6	14	16	17	18	25	26	27	28	36	37	38	39	40	41	49	50	51	60	71	260	#
711	1671.74	4	5	6	7	16	17	18	21	27	28	32	37	38	39	40	41	42	43	45	48	56	68	260	#
712	1556.38	7	8	18	19	26	27	28	29	37	38	39	40	41	49	50	51	60	61	62	71	72	110	260	#
713	1551.61	18	26	27	28	29	35	36	37	38	39	40	48	49	50	51	59	60	61	62	71	72	83	260	#
714	1549.01	7	17	18	19	28	29	30	31	32	37	38	39	40	41	42	43	50	51	52	54	61	62	260	#
715	1535.86	7	8	9	10	17	18	19	20	21	26	27	28	29	30	32	37	38	39	40	41	42	110	260	#
716	507.918	20	21	29	30	31	32	43	261	#
717	544.235	19	21	29	30	31	32	43	261	#
718	525.897	17	28	29	30	39	40	51	261	#
719	515.885	19	20	21	31	32	42	43	261	#
720	364.252	8	9	19	20	30	31	32	261	#
721	337.865	32	42	43	52	53	54	64	261	#
722	767.133	74	85	93	94	95	96	105	106	107	108	117	118	119	120	262	#
723	1109.97	64	65	73	74	75	76	84	85	86	94	95	105	106	116	262	#
724	958.816	0	1	4	5	12	13	15	16	17	97	98	108	109	120	262	#
725	922.62	76	85	86	87	97	98	105	106	107	108	109	118	119	120	262	#
726	883.987	81	82	91	92	93	94	95	98	102	105	107	108	118	119	262	#
727	878.34	87	95	96	98	105	106	107	108	109	116	117	118	119	120	262	#
728	17.2204	19	20	21	#
729	323.418	20	30	31	44	55	56	66	67	263	#
730	466.42	45	55	56	66	67	68	69	79	263	#
731	463.407	46	55	56	57	58	67	68	69	263	#
732	422.349	46	55	56	57	66	67	68	69	263	#
733	414.561	8	9	10	19	20	31	42	43	263	#
734	393.912	19	30	31	39	40	41	50	51	263	#
735	231.391	0	12	264	#
736	152.92	0	1	264	#
737	150.787	1	12	264	#
738	510.237	53	54	63	64	65	95	105	106	265	#
739	535.196	83	84	94	95	96	105	106	107	265	#
740	518.223	42	53	54	63	64	65	75	76	265	#
741	513.91	84	95	96	105	106	107	116	117	265	#
742	505.049	42	43	53	54	63	65	76	87	265	#
743	504.291	73	83	84	93	94	95	105	106	265	#
744	869.045	31	42	51	52	53	54	61	62	63	64	65	74	85	266	#
745	1080.77	4	38	52	53	54	64	65	74	76	85	86	87	96	266	#
746	1055.19	16	17	27	28	36	37	38	40	41	49	50	51	52	266	#
747	1028.61	51	52	53	62	63	64	65	74	75	76	85	86	87	266	#
748	943.952	63	64	65	73	74	75	76	84	85	86	87	95	96	266	#
749	908.136	51	52	53	54	63	64	65	74	76	85	86	95	96	266	#
750	148.843	16	19	29	30	267	#
751	197.946	18	29	30	41	267	#
752	89.4969	8	19	30	100	267	#
753	461.263	85	102	103	113	114	115	268	#
754	540.177	91	102	103	104	105	115	268	#
755	534.631	84	85	94	95	96	106	268	#
756	489.71	92	103	104	105	115	116	268	#
757	450.978	93	102	103	104	113	114	268	#
758	427.335	23	69	80	90	91	102	268	#
759	2050.84	28	29	30	36	37	38	39	40	41	45	46	47	48	49	50	51	55	56	57	58	59	60	61	62	66	67	68	69	70	71	72	78	79	80	81	82	83	84	91	92	93	103	104	105	269	#
760	2787.92	5	6	7	8	9	16	17	18	19	20	26	27	28	29	37	38	39	40	48	49	50	51	52	57	58	59	60	61	62	63	64	65	73	74	75	76	84	85	86	94	95	96	104	105	269	#
761	2593.51	0	1	3	4	5	6	11	12	13	14	15	16	22	23	24	25	26	82	84	85	87	88	89	92	93	94	95	98	100	101	103	104	105	106	107	108	109	114	115	116	117	118	119	120	269	#
762	2588.15	4	5	6	7	8	9	13	14	15	16	17	22	23	24	25	26	27	28	33	34	35	36	37	38	39	40	45	46	47	48	50	51	56	57	58	59	60	67	70	71	77	78	79	124	269	#
763	2575.4	6	11	15	16	17	22	23	24	25	26	27	28	34	35	36	37	38	39	40	42	48	49	50	51	52	53	59	61	62	63	64	65	71	72	73	74	75	76	82	83	84	85	86	93	269	#
764	2544.76	0	1	4	11	12	13	15	22	23	24	26	27	35	36	37	38	48	49	50	56	58	59	60	62	66	67	71	72	73	77	78	79	82	83	84	85	89	90	92	94	95	96	102	103	269	#
765	475.572	46	77	78	88	89	99	100	101	110	111	112	113	270	#
766	694.655	4	5	6	67	77	78	79	88	89	90	91	99	270	#
767	675.167	14	25	36	46	47	48	56	57	58	59	70	71	270	#
768	660.419	24	68	78	79	80	81	90	91	101	111	112	113	270	#
769	647.441	79	88	89	90	91	93	100	102	103	104	113	115	270	#
770	642.837	57	67	68	78	88	89	99	100	101	110	111	112	270	#
771	665.354	58	69	70	79	80	82	89	90	91	92	93	100	101	102	103	271	#
772	918.122	45	68	71	72	79	80	81	82	83	91	92	93	94	95	104	271	#
773	883.784	70	71	72	73	74	80	81	82	83	84	85	86	91	94	126	271	#
774	883.549	80	81	82	83	84	91	92	93	94	95	96	104	105	106	107	271	#
775	879.607	82	91	92	93	101	102	103	104	105	106	112	113	114	115	116	271	#
776	837.171	4	5	15	16	17	64	65	75	76	86	90	91	92	102	113	271	#
777	717.119	1	12	90	91	101	102	103	112	113	114	272	#
778	840.405	90	91	92	101	102	103	112	113	114	115	272	#
779	743.035	59	79	90	91	92	100	101	102	103	112	272	#
780	687.247	89	90	101	102	103	111	112	113	114	124	272	#
781	686.876	0	1	11	12	13	22	23	33	34	35	272	#
782	672.836	0	1	11	12	13	22	23	33	34	44	272	#
783	1141.45	3	4	5	6	7	8	9	10	17	18	19	20	21	28	29	30	31	32	41	42	43	53	54	64	65	273	#
784	1680.4	7	8	9	16	18	19	20	27	28	29	30	31	39	40	41	51	52	56	57	58	68	69	102	103	113	273	#
785	1653.39	0	2	3	4	5	6	11	12	13	14	15	22	25	26	27	36	37	38	91	92	93	94	103	104	121	273	#
786	1607.42	6	17	26	27	28	29	37	38	39	40	41	48	49	50	51	59	61	106	107	108	115	116	117	118	119	273	#
787	1590.13	6	8	17	19	20	27	28	29	30	31	32	38	39	40	41	43	49	50	51	52	63	84	95	105	116	273	#
788	1589.84	7	8	9	10	17	18	19	20	27	28	29	30	31	32	38	39	40	41	42	43	48	49	50	51	53	273	#
789	947.487	0	3	11	12	13	14	24	39	40	48	49	50	51	59	274	#
790	945.385	3	4	5	12	13	14	22	23	24	25	34	35	36	46	274	#
791	923.13	0	1	11	12	13	22	23	24	25	33	34	35	46	57	274	#
792	922.838	39	40	42	49	50	51	52	53	61	62	63	64	65	76	274	#
793	892.75	0	1	11	12	13	22	23	33	34	46	48	59	60	71	274	#
794	890.979	38	39	48	49	50	59	61	62	63	72	73	83	84	85	274	#
795	2317.08	0	1	3	4	5	11	13	14	15	22	23	24	25	26	27	33	34	35	36	37	46	47	48	49	56	58	60	67	68	69	70	71	78	80	91	275	#
796	2562.97	0	8	11	12	13	22	23	24	25	33	34	35	36	37	38	44	45	46	47	48	49	56	57	58	59	67	68	69	70	71	72	78	80	81	82	275	#
797	2545.18	25	26	27	28	31	37	38	39	40	42	43	45	46	47	48	49	50	53	54	58	59	60	63	64	65	68	69	70	71	74	76	85	86	116	117	275	#
798	2525.52	0	1	5	11	12	13	14	22	23	24	25	27	28	33	34	35	36	37	38	39	44	45	46	47	48	55	56	57	58	59	67	68	71	72	73	275	#
799	2524.56	0	11	12	23	24	35	46	47	55	56	58	59	60	67	68	69	70	71	72	77	78	79	80	81	83	88	89	90	91	92	94	102	103	104	105	275	#
800	2439.85	0	1	3	11	12	13	14	15	22	23	24	25	33	34	35	36	37	38	44	45	46	47	48	49	55	56	57	58	59	68	69	70	102	113	114	275	#
801	81.1606	111	112	113	276	#
802	43.5864	112	113	114	276	#
803	463.695	0	1	12	13	14	25	277	#
804	540.687	0	12	24	35	36	37	277	#
805	433.553	3	4	13	14	15	25	277	#
806	425.873	0	1	11	12	22	23	277	#
807	406.613	3	13	14	15	25	36	277	#
808	361.392	0	1	11	12	13	14	277	#
809	103.121	121	#
810	1059.16	67	68	69	78	79	88	89	90	91	99	100	101	104	110	111	112	113	114	115	116	278	#
811	1093.9	37	53	54	65	87	89	90	91	92	99	100	101	102	103	110	111	112	113	114	115	278	#
812	1086.44	80	84	85	90	91	92	94	95	96	101	102	103	104	105	106	107	112	114	115	116	278	#
813	1029.92	11	92	93	94	95	96	102	103	104	105	106	107	111	112	113	114	115	116	117	118	278	#
814	1020.95	47	57	58	68	69	77	78	79	88	89	90	99	100	101	102	103	110	111	112	113	278	#
815	1008.91	77	78	79	80	88	89	90	91	99	100	101	102	103	104	111	112	113	114	115	116	278	#
816	353.278	53	54	65	75	76	87	279	#
817	503.627	76	87	88	89	99	110	279	#
818	393.952	49	50	65	76	87	122	279	#
819	390.759	75	76	85	86	87	106	279	#
820	263.363	52	53	54	63	64	65	279	#
821	250.263	30	31	42	53	54	65	279	#
822	88.7973	95	#
823	611.187	93	102	103	104	112	113	114	115	126	280	#
824	664.789	89	91	94	100	101	102	103	104	105	280	#
825	647.146	90	91	101	102	103	104	113	114	124	280	#
826	641.163	91	92	101	102	103	111	112	113	114	280	#
827	606.026	89	90	91	100	101	102	111	112	113	280	#
828	576.561	12	92	103	105	106	113	114	115	116	280	#
829	487.453	1	17	28	29	30	40	41	42	124	127	281	#
830	710.766	16	26	27	28	29	37	38	39	40	49	281	#
831	627.565	29	39	40	41	42	50	83	85	86	87	281	#
832	604.716	7	18	19	29	91	92	93	94	105	127	281	#
833	577.968	31	39	40	41	42	50	51	52	53	63	281	#
834	573.803	16	17	18	19	28	29	38	39	40	49	281	#
835	126.479	31	32	282	#
836	126.145	30	31	282	#
837	986.498	3	10	13	14	15	21	24	25	26	27	35	37	46	47	94	283	#
838	1282.23	7	12	13	14	22	23	24	25	33	34	35	36	47	58	59	283	#
839	1192.8	0	12	13	23	24	25	26	34	35	36	46	47	48	98	109	283	#
840	1153.02	13	14	15	24	25	26	27	28	29	37	38	39	47	48	49	283	#
841	1111.31	0	3	4	12	13	14	15	23	24	25	26	35	36	47	48	283	#
842	1100.83	0	2	3	12	13	14	15	24	25	26	36	37	47	48	51	283	#
843	340.21	65	74	75	76	86	284	#
844	433.201	64	75	76	85	86	284	#
845	401.322	64	65	75	76	87	284	#
846	360.337	53	54	64	65	76	284	#
847	352.973	35	62	73	74	75	284	#
848	1712.82	0	1	11	12	13	25	36	42	43	53	54	62	63	64	65	73	74	75	76	84	85	86	87	98	108	285	#
849	1701.35	5	6	7	8	9	16	17	18	19	28	29	39	40	41	54	60	64	65	74	75	76	85	86	87	98	285	#
850	1695.76	0	1	3	4	11	12	13	14	22	23	24	25	28	33	34	35	36	39	40	44	46	47	48	107	118	285	#
851	1594.25	16	17	28	29	31	39	40	41	42	53	54	64	65	75	76	86	87	97	98	107	108	109	118	119	120	285	#
852	1565.15	16	17	20	21	24	26	27	28	29	30	31	32	36	37	38	39	40	41	42	43	49	50	51	54	104	285	#
853	1527.3	0	1	3	4	5	11	12	13	14	15	22	23	24	25	33	34	35	36	44	45	46	47	57	58	69	285	#
854	436.919	102	103	104	114	115	286	#
855	453.188	9	10	104	114	115	286	#
856	423.378	90	91	92	103	104	286	#
857	346.835	8	9	114	115	116	286	#
858	314.829	94	95	104	105	116	286	#
859	271.08	90	91	100	101	102	286	#
860	390.53	4	5	6	17	18	19	28	29	287	#
861	515.15	6	16	17	18	28	40	41	115	287	#
862	445.35	4	5	6	15	16	17	27	123	287	#
863	397.402	5	6	16	17	27	28	29	41	287	#
864	395.33	4	5	6	14	15	25	26	37	287	#
865	360.557	5	16	17	18	19	27	28	29	287	#
866	918.213	34	46	49	57	58	59	60	70	71	72	73	80	81	82	83	84	93	94	95	106	288	#
867	1332.08	27	28	29	38	39	40	48	49	50	51	59	60	61	62	71	73	74	75	85	125	288	#
868	1323.13	11	22	24	33	34	35	36	37	38	45	46	47	48	56	57	68	69	76	80	81	288	#
869	1252.43	15	26	27	28	37	38	39	48	49	59	60	62	71	72	73	74	81	82	83	125	288	#
870	1229.7	12	13	14	22	23	24	25	33	34	35	36	37	42	43	46	47	54	64	65	75	288	#
871	1215.51	52	62	63	64	73	74	75	76	82	83	84	85	86	90	91	92	93	94	95	105	288	#
872	281.63	18	19	20	21	32	67	289	#
873	370.734	31	32	42	43	53	65	289	#
874	351.175	9	10	20	21	32	43	289	#
875	312.5	7	8	18	19	20	30	289	#
876	301.142	8	19	20	29	40	41	289	#
877	121.537	55	56	67	68	77	78	289	#
878	142.081	105	106	290	#
879	45.3857	94	105	290	#
880	301.912	91	101	103	112	113	114	291	#
881	399.28	79	89	90	91	103	114	291	#
882	374.655	91	92	102	103	104	113	291	#
883	364.935	92	103	112	113	114	115	291	#
884	358.222	79	91	92	102	103	113	291	#
885	326.145	99	100	101	102	112	113	291	#
886	313.247	7	8	9	18	19	20	292	#
887	400.318	9	10	20	21	30	31	292	#
888	395.299	8	9	10	19	20	21	292	#
889	324.091	18	28	29	40	41	42	292	#
890	300.852	8	9	19	30	31	50	292	#
891	271.971	7	8	19	29	30	41	292	#
892	804.129	57	58	59	68	69	70	71	80	81	82	83	84	91	293	#
893	968.58	59	61	62	71	72	73	74	75	82	83	84	85	93	293	#
894	904.332	61	62	63	70	71	72	73	74	75	76	84	85	86	293	#
895	842.873	59	61	70	71	72	73	82	83	84	93	94	104	105	293	#
896	833.132	58	69	76	80	81	82	87	91	93	94	102	103	104	293	#
897	751.611	45	46	47	48	55	56	57	58	59	67	68	69	80	293	#
898	481.497	16	17	28	39	40	51	294	#
899	522.047	16	17	23	27	28	39	294	#
900	479.186	16	17	18	27	28	40	294	#
901	461.572	16	17	26	27	28	40	294	#
902	453.022	27	28	39	40	41	51	294	#
903	421.004	28	29	38	39	40	50	294	#
904	549.185	23	62	63	72	73	74	83	84	85	295	#
905	717.228	72	83	84	93	94	104	105	106	115	295	#
906	655.307	51	52	62	63	73	74	75	76	85	295	#
907	602.263	50	61	62	72	73	74	83	84	85	295	#
908	595.293	52	53	64	74	75	76	85	86	87	295	#
909	583.823	48	49	59	70	71	72	73	74	83	295	#
910	546.461	48	59	60	61	71	72	296	#
911	510.037	37	38	48	49	59	71	296	#
912	492.016	59	60	71	82	83	93	296	#
913	486.258	62	72	73	82	83	125	296	#
914	475.15	60	70	71	72	82	83	296	#
915	393.952	61	62	63	72	73	74	296	#
916	1875.2	22	27	28	33	34	37	38	39	40	44	45	46	47	48	49	55	56	57	58	59	66	67	68	69	70	79	85	96	107	110	121	297	#
917	2170.41	3	4	5	6	14	15	16	17	18	23	24	25	26	27	28	36	37	38	39	40	48	49	50	51	59	60	61	70	71	72	80	297	#
918	2120.26	5	6	12	13	14	15	16	17	23	25	26	27	28	35	36	37	38	39	40	47	49	50	60	72	73	83	84	85	94	95	96	297	#
919	2069.45	0	1	3	4	5	11	12	13	14	15	16	17	22	23	24	25	26	27	28	33	34	35	36	37	38	44	45	55	56	66	67	297	#
920	2042.34	16	23	25	26	27	28	33	34	35	36	37	40	44	45	46	47	48	55	56	57	58	66	67	68	69	70	71	79	80	90	91	297	#
921	2001.03	0	1	3	11	12	13	14	15	22	23	24	25	26	27	28	33	34	35	36	37	39	40	44	55	66	100	101	102	111	112	113	297	#
922	3570.6	3	4	6	7	8	9	10	14	15	16	17	18	19	20	21	25	26	27	28	29	30	31	32	34	35	36	37	38	39	40	41	42	43	46	47	48	49	50	51	52	53	54	57	58	59	60	61	63	64	65	67	68	69	70	72	73	74	76	79	80	81	82	83	86	87	91	92	105	298	#
923	4035.7	0	1	2	3	4	5	11	12	13	14	15	16	22	23	24	25	26	27	28	29	33	34	35	36	37	38	40	41	44	45	46	47	48	49	53	58	59	60	63	71	72	73	74	75	82	83	84	85	91	92	93	94	95	96	99	100	102	103	104	105	106	107	110	114	115	116	117	118	298	#
924	4018.28	3	4	5	6	8	9	10	12	13	16	17	18	19	20	21	22	23	24	25	26	27	28	29	30	31	32	34	35	36	37	38	39	40	41	42	43	47	48	49	50	51	52	53	54	59	60	61	62	63	64	65	71	72	73	74	75	76	84	85	86	87	94	95	96	104	105	115	116	298	#
925	3969.31	0	1	2	3	4	5	6	11	12	13	14	15	16	20	23	24	25	30	31	35	40	41	42	46	51	52	53	60	61	62	63	64	65	71	72	73	74	75	76	82	83	84	85	86	87	90	91	92	93	94	95	96	97	98	102	103	104	105	106	107	108	109	112	115	116	118	120	122	298	#
926	3921.13	1	2	3	4	5	6	7	8	9	10	11	12	13	14	15	16	17	18	19	20	21	24	25	26	27	28	29	30	31	35	36	37	38	39	40	41	42	43	47	48	49	50	51	59	60	61	62	71	72	73	74	79	82	83	84	86	90	91	92	93	94	101	102	103	112	113	114	124	298	#
927	3910.84	0	1	3	4	9	11	12	13	14	15	17	18	20	21	22	23	24	25	26	27	28	29	30	31	32	33	34	35	36	37	38	39	40	41	42	43	44	45	46	47	48	49	50	51	52	53	57	58	59	60	61	63	64	65	68	69	70	72	76	77	78	79	80	92	94	102	103	125	298	#
928	216.161	13	25	36	299	#
929	246.039	25	62	73	299	#
930	228.194	0	12	13	299	#
931	34.0239	89	#
932	286.438	85	86	96	107	108	126	300	#
933	426.876	97	98	108	109	119	120	300	#
934	385.571	89	99	100	101	102	126	300	#
935	381.962	76	85	86	87	96	98	300	#
936	329.978	85	95	96	105	106	107	300	#
937	287.83	95	96	106	107	108	118	300	#
938	408.614	0	1	11	12	13	25	301	#
939	579.58	1	12	13	24	25	125	301	#
940	555.454	12	13	24	25	26	37	301	#
941	538.643	1	11	12	13	23	24	301	#
942	377.848	0	1	11	12	13	22	301	#
943	342.215	0	1	12	13	14	25	301	#
944	131.788	74	75	302	#
945	170.412	31	74	302	#
946	184.512	29	30	41	44	55	56	303	#
947	258.917	33	44	45	55	56	66	303	#
948	251.763	56	57	67	77	78	95	303	#
949	512.711	52	63	64	65	74	75	86	87	97	98	109	304	#
950	707.132	39	40	41	42	51	52	53	63	64	74	85	304	#
951	593.171	51	52	53	62	63	64	74	75	76	85	86	304	#
952	586.145	61	62	65	73	74	76	86	87	98	109	120	304	#
953	580.012	74	86	87	97	98	107	108	109	117	118	120	304	#
954	575.579	7	18	87	98	107	108	109	117	118	119	120	304	#
955	1493.54	4	5	6	7	8	9	10	16	17	18	19	20	21	27	28	29	30	32	38	41	42	43	80	305	#
956	1641.24	5	7	8	16	17	18	19	20	21	27	28	38	39	44	50	55	66	75	76	87	98	108	109	305	#
957	1551.84	13	28	38	39	49	50	51	52	60	61	62	70	71	76	79	80	81	82	91	92	93	94	103	305	#
958	1507.81	2	3	4	5	6	13	14	15	16	17	18	23	24	25	26	27	28	36	38	39	49	76	87	305	#
959	1455.13	7	8	13	16	17	18	19	20	23	24	25	26	27	28	29	30	36	37	39	40	41	50	51	305	#
960	1442.53	7	8	17	18	19	27	28	29	30	31	38	39	40	41	42	49	50	51	52	53	56	67	68	305	#
961	241.692	25	34	35	36	306	#
962	259.416	23	24	33	34	306	#
963	242.883	24	35	36	46	306	#
964	216.802	35	36	46	47	306	#
965	207.65	15	25	26	37	306	#
966	321.226	21	31	32	42	53	307	#
967	353.326	31	32	42	43	54	307	#
968	301.785	42	43	53	54	65	307	#
969	297.473	9	10	20	21	27	307	#
970	263.691	5	6	20	31	42	307	#
971	868.691	73	84	85	86	94	95	96	106	117	118	308	#
972	815.556	73	74	84	85	86	94	95	96	111	112	308	#
973	771.78	84	85	86	87	96	107	108	109	118	119	308	#
974	746.499	62	63	72	73	74	76	84	86	87	95	308	#
975	631.819	84	93	94	95	96	105	106	107	117	118	308	#
976	630.233	62	64	73	74	75	76	86	87	97	98	308	#
977	339.77	0	1	11	12	22	309	#
978	389.653	0	1	11	12	13	309	#
979	362.921	11	12	13	24	25	309	#
980	354.698	11	22	33	34	44	309	#
981	324.149	22	23	24	35	46	309	#
982	292.668	1	12	13	24	79	309	#
983	258.628	77	78	79	80	88	90	101	112	310	#
984	368.078	35	46	58	69	70	71	79	80	310	#
985	352.486	70	80	90	91	92	102	103	114	310	#
986	339.34	56	68	69	70	78	79	80	88	310	#
987	267.945	99	100	101	110	111	112	113	114	310	#
988	266.776	67	68	78	79	88	89	101	112	310	#
989	523.528	28	40	42	51	52	53	54	311	#
990	676.04	24	25	26	27	28	40	51	311	#
991	458.765	11	12	22	31	41	42	43	311	#
992	413.66	53	54	65	75	76	86	87	311	#
993	406.113	49	50	51	52	53	63	65	311	#
994	372.27	51	52	53	61	62	63	74	311	#
995	648.385	55	66	98	105	106	107	108	109	115	116	117	118	119	120	312	#
996	958.975	79	90	91	92	93	101	102	103	104	113	114	115	116	117	312	#
997	928.15	83	91	94	95	96	102	103	104	105	106	107	113	114	117	312	#
998	829.975	22	33	34	35	44	45	55	56	57	66	67	68	78	89	312	#
999	828.706	82	84	90	93	94	95	101	104	105	106	113	114	115	117	312	#
1000	736.171	87	96	97	98	101	102	107	108	109	116	117	118	119	120	312	#
