%% File generated by CATS v.2.1Thu May  9 13:09:11 2024

%% The CATS webpage is http://robotics.stanford.edu/CATS

%% PARAMETER SETTINGS:
% Goods: 128; Bids: 1000; Distribution: scheduling; Runs: 1; Seed: 18
% Scheduling Distribution Parameters:
% max_length                = 10
% deviation                 = 0.500000
% prob_additional_deadline  = 0.700000
% additivity                = 0.200000



goods 128
bids 1116
dummy 11

0	10.7724	0	1	2	3	4	5	6	7	128	#
1	10.7724	1	2	3	4	5	6	7	8	128	#
2	10.7724	2	3	4	5	6	7	8	9	128	#
3	10.7724	3	4	5	6	7	8	9	10	128	#
4	10.7724	4	5	6	7	8	9	10	11	128	#
5	10.7724	5	6	7	8	9	10	11	12	128	#
6	10.7724	6	7	8	9	10	11	12	13	128	#
7	10.7724	7	8	9	10	11	12	13	14	128	#
8	10.7724	8	9	10	11	12	13	14	15	128	#
9	10.7724	9	10	11	12	13	14	15	16	128	#
10	10.7724	10	11	12	13	14	15	16	17	128	#
11	10.7724	11	12	13	14	15	16	17	18	128	#
12	10.7724	12	13	14	15	16	17	18	19	128	#
13	10.7724	13	14	15	16	17	18	19	20	128	#
14	10.7724	14	15	16	17	18	19	20	21	128	#
15	10.7724	15	16	17	18	19	20	21	22	128	#
16	10.7724	16	17	18	19	20	21	22	23	128	#
17	10.7724	17	18	19	20	21	22	23	24	128	#
18	10.7724	18	19	20	21	22	23	24	25	128	#
19	10.7724	19	20	21	22	23	24	25	26	128	#
20	10.7724	20	21	22	23	24	25	26	27	128	#
21	10.7724	21	22	23	24	25	26	27	28	128	#
22	10.7724	22	23	24	25	26	27	28	29	128	#
23	10.7724	23	24	25	26	27	28	29	30	128	#
24	10.7724	24	25	26	27	28	29	30	31	128	#
25	10.7724	25	26	27	28	29	30	31	32	128	#
26	10.7724	26	27	28	29	30	31	32	33	128	#
27	10.7724	27	28	29	30	31	32	33	34	128	#
28	10.7724	28	29	30	31	32	33	34	35	128	#
29	10.7724	29	30	31	32	33	34	35	36	128	#
30	10.7724	30	31	32	33	34	35	36	37	128	#
31	10.7724	31	32	33	34	35	36	37	38	128	#
32	10.7724	32	33	34	35	36	37	38	39	128	#
33	10.7724	33	34	35	36	37	38	39	40	128	#
34	10.7724	34	35	36	37	38	39	40	41	128	#
35	10.7724	35	36	37	38	39	40	41	42	128	#
36	10.7724	36	37	38	39	40	41	42	43	128	#
37	10.7724	37	38	39	40	41	42	43	44	128	#
38	10.7724	38	39	40	41	42	43	44	45	128	#
39	10.7724	39	40	41	42	43	44	45	46	128	#
40	10.7724	40	41	42	43	44	45	46	47	128	#
41	10.7724	41	42	43	44	45	46	47	48	128	#
42	10.7724	42	43	44	45	46	47	48	49	128	#
43	10.7724	43	44	45	46	47	48	49	50	128	#
44	10.7724	44	45	46	47	48	49	50	51	128	#
45	4.36026	45	46	47	48	49	50	51	52	128	#
46	4.36026	46	47	48	49	50	51	52	53	128	#
47	4.36026	47	48	49	50	51	52	53	54	128	#
48	4.36026	48	49	50	51	52	53	54	55	128	#
49	4.36026	49	50	51	52	53	54	55	56	128	#
50	4.36026	50	51	52	53	54	55	56	57	128	#
51	4.36026	51	52	53	54	55	56	57	58	128	#
52	4.36026	52	53	54	55	56	57	58	59	128	#
53	4.36026	53	54	55	56	57	58	59	60	128	#
54	4.36026	54	55	56	57	58	59	60	61	128	#
55	4.36026	55	56	57	58	59	60	61	62	128	#
56	4.36026	56	57	58	59	60	61	62	63	128	#
57	4.36026	57	58	59	60	61	62	63	64	128	#
58	4.36026	58	59	60	61	62	63	64	65	128	#
59	4.36026	59	60	61	62	63	64	65	66	128	#
60	4.36026	60	61	62	63	64	65	66	67	128	#
61	4.36026	61	62	63	64	65	66	67	68	128	#
62	4.36026	62	63	64	65	66	67	68	69	128	#
63	4.36026	63	64	65	66	67	68	69	70	128	#
64	4.36026	64	65	66	67	68	69	70	71	128	#
65	4.36026	65	66	67	68	69	70	71	72	128	#
66	4.36026	66	67	68	69	70	71	72	73	128	#
67	4.36026	67	68	69	70	71	72	73	74	128	#
68	4.36026	68	69	70	71	72	73	74	75	128	#
69	4.36026	69	70	71	72	73	74	75	76	128	#
70	4.36026	70	71	72	73	74	75	76	77	128	#
71	4.36026	71	72	73	74	75	76	77	78	128	#
72	4.36026	72	73	74	75	76	77	78	79	128	#
73	4.36026	73	74	75	76	77	78	79	80	128	#
74	4.36026	74	75	76	77	78	79	80	81	128	#
75	4.36026	75	76	77	78	79	80	81	82	128	#
76	4.36026	76	77	78	79	80	81	82	83	128	#
77	4.36026	77	78	79	80	81	82	83	84	128	#
78	4.36026	78	79	80	81	82	83	84	85	128	#
79	4.36026	79	80	81	82	83	84	85	86	128	#
80	4.36026	80	81	82	83	84	85	86	87	128	#
81	4.36026	81	82	83	84	85	86	87	88	128	#
82	4.36026	82	83	84	85	86	87	88	89	128	#
83	4.36026	83	84	85	86	87	88	89	90	128	#
84	4.36026	84	85	86	87	88	89	90	91	128	#
85	4.36026	85	86	87	88	89	90	91	92	128	#
86	4.36026	86	87	88	89	90	91	92	93	128	#
87	4.36026	87	88	89	90	91	92	93	94	128	#
88	4.36026	88	89	90	91	92	93	94	95	128	#
89	4.36026	89	90	91	92	93	94	95	96	128	#
90	4.36026	90	91	92	93	94	95	96	97	128	#
91	4.36026	91	92	93	94	95	96	97	98	128	#
92	4.36026	92	93	94	95	96	97	98	99	128	#
93	4.36026	93	94	95	96	97	98	99	100	128	#
94	4.36026	94	95	96	97	98	99	100	101	128	#
95	4.36026	95	96	97	98	99	100	101	102	128	#
96	4.36026	96	97	98	99	100	101	102	103	128	#
97	4.36026	97	98	99	100	101	102	103	104	128	#
98	4.36026	98	99	100	101	102	103	104	105	128	#
99	4.36026	99	100	101	102	103	104	105	106	128	#
100	4.36026	100	101	102	103	104	105	106	107	128	#
101	4.36026	101	102	103	104	105	106	107	108	128	#
102	4.36026	102	103	104	105	106	107	108	109	128	#
103	4.36026	103	104	105	106	107	108	109	110	128	#
104	4.36026	104	105	106	107	108	109	110	111	128	#
105	4.36026	105	106	107	108	109	110	111	112	128	#
106	4.36026	106	107	108	109	110	111	112	113	128	#
107	4.36026	107	108	109	110	111	112	113	114	128	#
108	4.36026	108	109	110	111	112	113	114	115	128	#
109	4.36026	109	110	111	112	113	114	115	116	128	#
110	4.36026	110	111	112	113	114	115	116	117	128	#
111	4.36026	111	112	113	114	115	116	117	118	128	#
112	4.36026	112	113	114	115	116	117	118	119	128	#
113	4.36026	113	114	115	116	117	118	119	120	128	#
114	4.36026	114	115	116	117	118	119	120	121	128	#
115	4.36026	115	116	117	118	119	120	121	122	128	#
116	4.36026	116	117	118	119	120	121	122	123	128	#
117	4.36026	117	118	119	120	121	122	123	124	128	#
118	4.36026	118	119	120	121	122	123	124	125	128	#
119	4.36026	119	120	121	122	123	124	125	126	128	#
120	4.32592	120	121	122	123	124	125	126	127	128	#
121	7.5281	0	1	2	3	129	#
122	7.5281	1	2	3	4	129	#
123	7.5281	2	3	4	5	129	#
124	7.5281	3	4	5	6	129	#
125	7.5281	4	5	6	7	129	#
126	7.5281	5	6	7	8	129	#
127	7.5281	6	7	8	9	129	#
128	7.5281	7	8	9	10	129	#
129	7.5281	8	9	10	11	129	#
130	7.5281	9	10	11	12	129	#
131	7.5281	10	11	12	13	129	#
132	7.5281	11	12	13	14	129	#
133	7.5281	12	13	14	15	129	#
134	7.5281	13	14	15	16	129	#
135	7.5281	14	15	16	17	129	#
136	7.5281	15	16	17	18	129	#
137	7.5281	16	17	18	19	129	#
138	7.5281	17	18	19	20	129	#
139	7.5281	18	19	20	21	129	#
140	7.5281	19	20	21	22	129	#
141	7.5281	20	21	22	23	129	#
142	7.5281	21	22	23	24	129	#
143	7.5281	22	23	24	25	129	#
144	7.5281	23	24	25	26	129	#
145	7.5281	24	25	26	27	129	#
146	7.5281	25	26	27	28	129	#
147	7.5281	26	27	28	29	129	#
148	7.5281	27	28	29	30	129	#
149	7.5281	28	29	30	31	129	#
150	7.5281	29	30	31	32	129	#
151	7.5281	30	31	32	33	129	#
152	7.5281	31	32	33	34	129	#
153	7.5281	32	33	34	35	129	#
154	7.5281	33	34	35	36	129	#
155	7.5281	34	35	36	37	129	#
156	7.5281	35	36	37	38	129	#
157	7.5281	36	37	38	39	129	#
158	7.5281	37	38	39	40	129	#
159	7.5281	38	39	40	41	129	#
160	7.5281	39	40	41	42	129	#
161	7.5281	40	41	42	43	129	#
162	7.5281	41	42	43	44	129	#
163	7.5281	42	43	44	45	129	#
164	7.5281	43	44	45	46	129	#
165	7.5281	44	45	46	47	129	#
166	7.5281	45	46	47	48	129	#
167	7.5281	46	47	48	49	129	#
168	7.5281	47	48	49	50	129	#
169	7.5281	48	49	50	51	129	#
170	7.5281	49	50	51	52	129	#
171	7.5281	50	51	52	53	129	#
172	7.5281	51	52	53	54	129	#
173	7.5281	52	53	54	55	129	#
174	4.09946	53	54	55	56	129	#
175	4.09946	54	55	56	57	129	#
176	4.09946	55	56	57	58	129	#
177	4.09946	56	57	58	59	129	#
178	4.09946	57	58	59	60	129	#
179	4.09946	58	59	60	61	129	#
180	4.09946	59	60	61	62	129	#
181	4.09946	60	61	62	63	129	#
182	4.09946	61	62	63	64	129	#
183	4.09946	62	63	64	65	129	#
184	4.09946	63	64	65	66	129	#
185	4.09946	64	65	66	67	129	#
186	4.09946	65	66	67	68	129	#
187	4.09946	66	67	68	69	129	#
188	4.09946	67	68	69	70	129	#
189	4.09946	68	69	70	71	129	#
190	4.09946	69	70	71	72	129	#
191	4.09946	70	71	72	73	129	#
192	4.09946	71	72	73	74	129	#
193	4.09946	72	73	74	75	129	#
194	4.09946	73	74	75	76	129	#
195	4.09946	74	75	76	77	129	#
196	4.09946	75	76	77	78	129	#
197	4.09946	76	77	78	79	129	#
198	4.09946	77	78	79	80	129	#
199	4.09946	78	79	80	81	129	#
200	4.09946	79	80	81	82	129	#
201	4.09946	80	81	82	83	129	#
202	4.09946	81	82	83	84	129	#
203	4.09946	82	83	84	85	129	#
204	4.09946	83	84	85	86	129	#
205	4.09946	84	85	86	87	129	#
206	4.09946	85	86	87	88	129	#
207	4.09946	86	87	88	89	129	#
208	4.09946	87	88	89	90	129	#
209	4.09946	88	89	90	91	129	#
210	4.09946	89	90	91	92	129	#
211	4.09946	90	91	92	93	129	#
212	4.09946	91	92	93	94	129	#
213	4.09946	92	93	94	95	129	#
214	4.09946	93	94	95	96	129	#
215	4.09946	94	95	96	97	129	#
216	4.09946	95	96	97	98	129	#
217	4.09946	96	97	98	99	129	#
218	4.09946	97	98	99	100	129	#
219	4.09946	98	99	100	101	129	#
220	3.47343	0	1	2	3	130	#
221	3.47343	1	2	3	4	130	#
222	3.47343	2	3	4	5	130	#
223	3.47343	3	4	5	6	130	#
224	3.47343	4	5	6	7	130	#
225	3.47343	5	6	7	8	130	#
226	3.47343	6	7	8	9	130	#
227	3.47343	7	8	9	10	130	#
228	3.47343	8	9	10	11	130	#
229	3.47343	9	10	11	12	130	#
230	3.47343	10	11	12	13	130	#
231	3.47343	11	12	13	14	130	#
232	3.47343	12	13	14	15	130	#
233	3.47343	13	14	15	16	130	#
234	3.47343	14	15	16	17	130	#
235	3.47343	15	16	17	18	130	#
236	3.47343	16	17	18	19	130	#
237	3.47343	17	18	19	20	130	#
238	3.47343	18	19	20	21	130	#
239	3.47343	19	20	21	22	130	#
240	3.47343	20	21	22	23	130	#
241	3.47343	21	22	23	24	130	#
242	3.47343	22	23	24	25	130	#
243	3.47343	23	24	25	26	130	#
244	3.47343	24	25	26	27	130	#
245	3.47343	25	26	27	28	130	#
246	3.47343	26	27	28	29	130	#
247	3.47343	27	28	29	30	130	#
248	3.47343	28	29	30	31	130	#
249	3.47343	29	30	31	32	130	#
250	3.47343	30	31	32	33	130	#
251	3.47343	31	32	33	34	130	#
252	3.47343	32	33	34	35	130	#
253	3.47343	33	34	35	36	130	#
254	3.47343	34	35	36	37	130	#
255	3.47343	35	36	37	38	130	#
256	3.47343	36	37	38	39	130	#
257	3.47343	37	38	39	40	130	#
258	3.47343	38	39	40	41	130	#
259	3.47343	39	40	41	42	130	#
260	3.47343	40	41	42	43	130	#
261	3.47343	41	42	43	44	130	#
262	3.47343	42	43	44	45	130	#
263	3.47343	43	44	45	46	130	#
264	3.47343	44	45	46	47	130	#
265	3.47343	45	46	47	48	130	#
266	3.47343	46	47	48	49	130	#
267	3.47343	47	48	49	50	130	#
268	3.47343	48	49	50	51	130	#
269	3.47343	49	50	51	52	130	#
270	3.47343	50	51	52	53	130	#
271	3.47343	51	52	53	54	130	#
272	3.47343	52	53	54	55	130	#
273	3.47343	53	54	55	56	130	#
274	3.47343	54	55	56	57	130	#
275	3.47343	55	56	57	58	130	#
276	3.47343	56	57	58	59	130	#
277	3.47343	57	58	59	60	130	#
278	3.47343	58	59	60	61	130	#
279	3.47343	59	60	61	62	130	#
280	3.47343	60	61	62	63	130	#
281	3.47343	61	62	63	64	130	#
282	3.47343	62	63	64	65	130	#
283	3.47343	63	64	65	66	130	#
284	3.47343	64	65	66	67	130	#
285	3.47343	65	66	67	68	130	#
286	3.47343	66	67	68	69	130	#
287	3.47343	67	68	69	70	130	#
288	3.47343	68	69	70	71	130	#
289	3.47343	69	70	71	72	130	#
290	3.47343	70	71	72	73	130	#
291	3.47343	71	72	73	74	130	#
292	3.47343	72	73	74	75	130	#
293	3.47343	73	74	75	76	130	#
294	3.47343	74	75	76	77	130	#
295	3.47343	75	76	77	78	130	#
296	3.47343	76	77	78	79	130	#
297	3.47343	77	78	79	80	130	#
298	3.47343	78	79	80	81	130	#
299	3.47343	79	80	81	82	130	#
300	3.47343	80	81	82	83	130	#
301	3.47343	81	82	83	84	130	#
302	3.47343	82	83	84	85	130	#
303	3.47343	83	84	85	86	130	#
304	2.35208	84	85	86	87	130	#
305	2.35208	85	86	87	88	130	#
306	2.35208	86	87	88	89	130	#
307	2.35208	87	88	89	90	130	#
308	2.35208	88	89	90	91	130	#
309	2.35208	89	90	91	92	130	#
310	2.35208	90	91	92	93	130	#
311	2.35208	91	92	93	94	130	#
312	2.35208	92	93	94	95	130	#
313	2.35208	93	94	95	96	130	#
314	2.35208	94	95	96	97	130	#
315	2.35208	95	96	97	98	130	#
316	2.35208	96	97	98	99	130	#
317	2.35208	97	98	99	100	130	#
318	2.35208	98	99	100	101	130	#
319	2.35208	99	100	101	102	130	#
320	2.35208	100	101	102	103	130	#
321	2.35208	101	102	103	104	130	#
322	2.35208	102	103	104	105	130	#
323	2.35208	103	104	105	106	130	#
324	2.35208	104	105	106	107	130	#
325	2.35208	105	106	107	108	130	#
326	2.35208	106	107	108	109	130	#
327	2.35208	107	108	109	110	130	#
328	2.35208	108	109	110	111	130	#
329	2.35208	109	110	111	112	130	#
330	2.35208	110	111	112	113	130	#
331	2.35208	111	112	113	114	130	#
332	2.35208	112	113	114	115	130	#
333	2.35208	113	114	115	116	130	#
334	2.35208	114	115	116	117	130	#
335	2.35208	115	116	117	118	130	#
336	2.35208	116	117	118	119	130	#
337	2.35208	117	118	119	120	130	#
338	2.35208	118	119	120	121	130	#
339	2.35208	119	120	121	122	130	#
340	2.35208	120	121	122	123	130	#
341	2.35208	121	122	123	124	130	#
342	2.35208	122	123	124	125	130	#
343	2.35208	123	124	125	126	130	#
344	2.35208	124	125	126	127	130	#
345	5.33288	0	1	2	131	#
346	5.33288	1	2	3	131	#
347	5.33288	2	3	4	131	#
348	5.33288	3	4	5	131	#
349	5.33288	4	5	6	131	#
350	5.33288	5	6	7	131	#
351	5.33288	6	7	8	131	#
352	5.33288	7	8	9	131	#
353	5.33288	8	9	10	131	#
354	5.33288	9	10	11	131	#
355	5.33288	10	11	12	131	#
356	5.33288	11	12	13	131	#
357	5.33288	12	13	14	131	#
358	5.33288	13	14	15	131	#
359	5.33288	14	15	16	131	#
360	5.33288	15	16	17	131	#
361	5.33288	16	17	18	131	#
362	5.33288	17	18	19	131	#
363	5.33288	18	19	20	131	#
364	5.33288	19	20	21	131	#
365	5.33288	20	21	22	131	#
366	5.33288	21	22	23	131	#
367	5.33288	22	23	24	131	#
368	5.33288	23	24	25	131	#
369	1.70926	24	25	26	131	#
370	1.70926	25	26	27	131	#
371	1.70926	26	27	28	131	#
372	1.70926	27	28	29	131	#
373	1.70926	28	29	30	131	#
374	1.70926	29	30	31	131	#
375	1.70926	30	31	32	131	#
376	1.70926	31	32	33	131	#
377	1.70926	32	33	34	131	#
378	1.70926	33	34	35	131	#
379	1.70926	34	35	36	131	#
380	1.70926	35	36	37	131	#
381	1.70926	36	37	38	131	#
382	1.70926	37	38	39	131	#
383	1.70926	38	39	40	131	#
384	1.70926	39	40	41	131	#
385	1.70926	40	41	42	131	#
386	1.70926	41	42	43	131	#
387	1.70926	42	43	44	131	#
388	1.70926	43	44	45	131	#
389	1.70926	44	45	46	131	#
390	1.70926	45	46	47	131	#
391	1.70926	46	47	48	131	#
392	1.70926	47	48	49	131	#
393	1.70926	48	49	50	131	#
394	1.70926	49	50	51	131	#
395	1.70926	50	51	52	131	#
396	1.70926	51	52	53	131	#
397	1.70926	52	53	54	131	#
398	1.70926	53	54	55	131	#
399	1.70926	54	55	56	131	#
400	1.70926	55	56	57	131	#
401	1.70926	56	57	58	131	#
402	1.70926	57	58	59	131	#
403	1.70926	58	59	60	131	#
404	1.70926	59	60	61	131	#
405	1.70926	60	61	62	131	#
406	1.70926	61	62	63	131	#
407	1.70926	62	63	64	131	#
408	1.70926	63	64	65	131	#
409	1.70926	64	65	66	131	#
410	1.70926	65	66	67	131	#
411	1.70926	66	67	68	131	#
412	1.70926	67	68	69	131	#
413	1.70926	68	69	70	131	#
414	1.70926	69	70	71	131	#
415	1.70926	70	71	72	131	#
416	1.70926	71	72	73	131	#
417	1.70926	72	73	74	131	#
418	1.70926	73	74	75	131	#
419	1.70926	74	75	76	131	#
420	1.70926	75	76	77	131	#
421	1.70926	76	77	78	131	#
422	10.7735	0	1	2	3	4	5	6	7	132	#
423	10.7735	1	2	3	4	5	6	7	8	132	#
424	10.7735	2	3	4	5	6	7	8	9	132	#
425	10.7735	3	4	5	6	7	8	9	10	132	#
426	10.7735	4	5	6	7	8	9	10	11	132	#
427	10.7735	5	6	7	8	9	10	11	12	132	#
428	10.7735	6	7	8	9	10	11	12	13	132	#
429	10.7735	7	8	9	10	11	12	13	14	132	#
430	10.7735	8	9	10	11	12	13	14	15	132	#
431	10.7735	9	10	11	12	13	14	15	16	132	#
432	10.7735	10	11	12	13	14	15	16	17	132	#
433	10.7735	11	12	13	14	15	16	17	18	132	#
434	10.7735	12	13	14	15	16	17	18	19	132	#
435	10.7735	13	14	15	16	17	18	19	20	132	#
436	10.7735	14	15	16	17	18	19	20	21	132	#
437	10.7735	15	16	17	18	19	20	21	22	132	#
438	10.7735	16	17	18	19	20	21	22	23	132	#
439	10.7735	17	18	19	20	21	22	23	24	132	#
440	10.7735	18	19	20	21	22	23	24	25	132	#
441	10.7735	19	20	21	22	23	24	25	26	132	#
442	10.7735	20	21	22	23	24	25	26	27	132	#
443	10.7735	21	22	23	24	25	26	27	28	132	#
444	10.7735	22	23	24	25	26	27	28	29	132	#
445	10.7735	23	24	25	26	27	28	29	30	132	#
446	10.7735	24	25	26	27	28	29	30	31	132	#
447	10.7735	25	26	27	28	29	30	31	32	132	#
448	10.7735	26	27	28	29	30	31	32	33	132	#
449	10.7735	27	28	29	30	31	32	33	34	132	#
450	10.7735	28	29	30	31	32	33	34	35	132	#
451	10.7735	29	30	31	32	33	34	35	36	132	#
452	10.7735	30	31	32	33	34	35	36	37	132	#
453	10.7735	31	32	33	34	35	36	37	38	132	#
454	10.7735	32	33	34	35	36	37	38	39	132	#
455	10.7735	33	34	35	36	37	38	39	40	132	#
456	10.7735	34	35	36	37	38	39	40	41	132	#
457	10.7735	35	36	37	38	39	40	41	42	132	#
458	10.7735	36	37	38	39	40	41	42	43	132	#
459	10.7735	37	38	39	40	41	42	43	44	132	#
460	10.7735	38	39	40	41	42	43	44	45	132	#
461	10.7735	39	40	41	42	43	44	45	46	132	#
462	10.7735	40	41	42	43	44	45	46	47	132	#
463	10.7735	41	42	43	44	45	46	47	48	132	#
464	10.7735	42	43	44	45	46	47	48	49	132	#
465	10.7735	43	44	45	46	47	48	49	50	132	#
466	10.7735	44	45	46	47	48	49	50	51	132	#
467	10.7735	45	46	47	48	49	50	51	52	132	#
468	10.7735	46	47	48	49	50	51	52	53	132	#
469	10.7735	47	48	49	50	51	52	53	54	132	#
470	10.7735	48	49	50	51	52	53	54	55	132	#
471	10.7735	49	50	51	52	53	54	55	56	132	#
472	10.7735	50	51	52	53	54	55	56	57	132	#
473	10.7735	51	52	53	54	55	56	57	58	132	#
474	10.7735	52	53	54	55	56	57	58	59	132	#
475	10.7735	53	54	55	56	57	58	59	60	132	#
476	10.7735	54	55	56	57	58	59	60	61	132	#
477	10.7735	55	56	57	58	59	60	61	62	132	#
478	10.7735	56	57	58	59	60	61	62	63	132	#
479	10.7735	57	58	59	60	61	62	63	64	132	#
480	10.7735	58	59	60	61	62	63	64	65	132	#
481	10.7735	59	60	61	62	63	64	65	66	132	#
482	10.7735	60	61	62	63	64	65	66	67	132	#
483	10.7735	61	62	63	64	65	66	67	68	132	#
484	10.7735	62	63	64	65	66	67	68	69	132	#
485	10.7735	63	64	65	66	67	68	69	70	132	#
486	10.7735	64	65	66	67	68	69	70	71	132	#
487	10.7735	65	66	67	68	69	70	71	72	132	#
488	10.7735	66	67	68	69	70	71	72	73	132	#
489	10.7735	67	68	69	70	71	72	73	74	132	#
490	10.7735	68	69	70	71	72	73	74	75	132	#
491	10.7735	69	70	71	72	73	74	75	76	132	#
492	10.7735	70	71	72	73	74	75	76	77	132	#
493	10.7735	71	72	73	74	75	76	77	78	132	#
494	10.7735	72	73	74	75	76	77	78	79	132	#
495	10.7735	73	74	75	76	77	78	79	80	132	#
496	10.7735	74	75	76	77	78	79	80	81	132	#
497	10.7735	75	76	77	78	79	80	81	82	132	#
498	10.7735	76	77	78	79	80	81	82	83	132	#
499	10.7735	77	78	79	80	81	82	83	84	132	#
500	10.7735	78	79	80	81	82	83	84	85	132	#
501	10.7735	79	80	81	82	83	84	85	86	132	#
502	10.7735	80	81	82	83	84	85	86	87	132	#
503	10.7735	81	82	83	84	85	86	87	88	132	#
504	10.7735	82	83	84	85	86	87	88	89	132	#
505	10.7735	83	84	85	86	87	88	89	90	132	#
506	10.7735	84	85	86	87	88	89	90	91	132	#
507	10.7735	85	86	87	88	89	90	91	92	132	#
508	10.7735	86	87	88	89	90	91	92	93	132	#
509	10.7735	87	88	89	90	91	92	93	94	132	#
510	10.7735	88	89	90	91	92	93	94	95	132	#
511	10.7735	89	90	91	92	93	94	95	96	132	#
512	10.7735	90	91	92	93	94	95	96	97	132	#
513	10.7735	91	92	93	94	95	96	97	98	132	#
514	10.7735	92	93	94	95	96	97	98	99	132	#
515	10.7735	93	94	95	96	97	98	99	100	132	#
516	10.7735	94	95	96	97	98	99	100	101	132	#
517	10.7735	95	96	97	98	99	100	101	102	132	#
518	10.7735	96	97	98	99	100	101	102	103	132	#
519	10.7735	97	98	99	100	101	102	103	104	132	#
520	10.7735	98	99	100	101	102	103	104	105	132	#
521	10.7735	99	100	101	102	103	104	105	106	132	#
522	10.7735	100	101	102	103	104	105	106	107	132	#
523	10.7735	101	102	103	104	105	106	107	108	132	#
524	10.7735	102	103	104	105	106	107	108	109	132	#
525	10.7735	103	104	105	106	107	108	109	110	132	#
526	8.67696	0	1	2	3	4	5	6	7	8	9	133	#
527	8.67696	1	2	3	4	5	6	7	8	9	10	133	#
528	8.67696	2	3	4	5	6	7	8	9	10	11	133	#
529	8.67696	3	4	5	6	7	8	9	10	11	12	133	#
530	8.67696	4	5	6	7	8	9	10	11	12	13	133	#
531	8.67696	5	6	7	8	9	10	11	12	13	14	133	#
532	8.67696	6	7	8	9	10	11	12	13	14	15	133	#
533	8.67696	7	8	9	10	11	12	13	14	15	16	133	#
534	8.67696	8	9	10	11	12	13	14	15	16	17	133	#
535	8.67696	9	10	11	12	13	14	15	16	17	18	133	#
536	8.67696	10	11	12	13	14	15	16	17	18	19	133	#
537	8.67696	11	12	13	14	15	16	17	18	19	20	133	#
538	8.67696	12	13	14	15	16	17	18	19	20	21	133	#
539	8.67696	13	14	15	16	17	18	19	20	21	22	133	#
540	8.67696	14	15	16	17	18	19	20	21	22	23	133	#
541	8.67696	15	16	17	18	19	20	21	22	23	24	133	#
542	8.67696	16	17	18	19	20	21	22	23	24	25	133	#
543	8.67696	17	18	19	20	21	22	23	24	25	26	133	#
544	8.67696	18	19	20	21	22	23	24	25	26	27	133	#
545	8.67696	19	20	21	22	23	24	25	26	27	28	133	#
546	8.67696	20	21	22	23	24	25	26	27	28	29	133	#
547	8.67696	21	22	23	24	25	26	27	28	29	30	133	#
548	8.67696	22	23	24	25	26	27	28	29	30	31	133	#
549	8.67696	23	24	25	26	27	28	29	30	31	32	133	#
550	8.67696	24	25	26	27	28	29	30	31	32	33	133	#
551	8.67696	25	26	27	28	29	30	31	32	33	34	133	#
552	8.67696	26	27	28	29	30	31	32	33	34	35	133	#
553	8.67696	27	28	29	30	31	32	33	34	35	36	133	#
554	8.67696	28	29	30	31	32	33	34	35	36	37	133	#
555	8.67696	29	30	31	32	33	34	35	36	37	38	133	#
556	8.67696	30	31	32	33	34	35	36	37	38	39	133	#
557	8.67696	31	32	33	34	35	36	37	38	39	40	133	#
558	8.67696	32	33	34	35	36	37	38	39	40	41	133	#
559	8.67696	33	34	35	36	37	38	39	40	41	42	133	#
560	8.67696	34	35	36	37	38	39	40	41	42	43	133	#
561	8.67696	35	36	37	38	39	40	41	42	43	44	133	#
562	8.67696	36	37	38	39	40	41	42	43	44	45	133	#
563	8.67696	37	38	39	40	41	42	43	44	45	46	133	#
564	8.67696	38	39	40	41	42	43	44	45	46	47	133	#
565	8.67696	39	40	41	42	43	44	45	46	47	48	133	#
566	8.67696	40	41	42	43	44	45	46	47	48	49	133	#
567	8.67696	41	42	43	44	45	46	47	48	49	50	133	#
568	8.67696	42	43	44	45	46	47	48	49	50	51	133	#
569	8.67696	43	44	45	46	47	48	49	50	51	52	133	#
570	8.67696	44	45	46	47	48	49	50	51	52	53	133	#
571	8.67696	45	46	47	48	49	50	51	52	53	54	133	#
572	8.67696	46	47	48	49	50	51	52	53	54	55	133	#
573	8.67696	47	48	49	50	51	52	53	54	55	56	133	#
574	8.67696	48	49	50	51	52	53	54	55	56	57	133	#
575	8.67696	49	50	51	52	53	54	55	56	57	58	133	#
576	8.67696	50	51	52	53	54	55	56	57	58	59	133	#
577	8.67696	51	52	53	54	55	56	57	58	59	60	133	#
578	13.9223	0	1	2	3	4	5	6	134	#
579	13.9223	1	2	3	4	5	6	7	134	#
580	13.9223	2	3	4	5	6	7	8	134	#
581	13.9223	3	4	5	6	7	8	9	134	#
582	13.9223	4	5	6	7	8	9	10	134	#
583	13.9223	5	6	7	8	9	10	11	134	#
584	13.9223	6	7	8	9	10	11	12	134	#
585	13.9223	7	8	9	10	11	12	13	134	#
586	13.9223	8	9	10	11	12	13	14	134	#
587	13.9223	9	10	11	12	13	14	15	134	#
588	13.9223	10	11	12	13	14	15	16	134	#
589	13.9223	11	12	13	14	15	16	17	134	#
590	13.9223	12	13	14	15	16	17	18	134	#
591	13.9223	13	14	15	16	17	18	19	134	#
592	13.9223	14	15	16	17	18	19	20	134	#
593	13.9223	15	16	17	18	19	20	21	134	#
594	13.9223	16	17	18	19	20	21	22	134	#
595	13.9223	17	18	19	20	21	22	23	134	#
596	13.9223	18	19	20	21	22	23	24	134	#
597	13.9223	19	20	21	22	23	24	25	134	#
598	13.9223	20	21	22	23	24	25	26	134	#
599	13.9223	21	22	23	24	25	26	27	134	#
600	13.9223	22	23	24	25	26	27	28	134	#
601	13.9223	23	24	25	26	27	28	29	134	#
602	13.9223	24	25	26	27	28	29	30	134	#
603	13.9223	25	26	27	28	29	30	31	134	#
604	13.9223	26	27	28	29	30	31	32	134	#
605	13.9223	27	28	29	30	31	32	33	134	#
606	13.9223	28	29	30	31	32	33	34	134	#
607	13.9223	29	30	31	32	33	34	35	134	#
608	13.9223	30	31	32	33	34	35	36	134	#
609	13.9223	31	32	33	34	35	36	37	134	#
610	13.9223	32	33	34	35	36	37	38	134	#
611	13.9223	33	34	35	36	37	38	39	134	#
612	13.9223	34	35	36	37	38	39	40	134	#
613	13.9223	35	36	37	38	39	40	41	134	#
614	13.9223	36	37	38	39	40	41	42	134	#
615	13.9223	37	38	39	40	41	42	43	134	#
616	13.9223	38	39	40	41	42	43	44	134	#
617	13.9223	39	40	41	42	43	44	45	134	#
618	13.9223	40	41	42	43	44	45	46	134	#
619	13.9223	41	42	43	44	45	46	47	134	#
620	13.9223	42	43	44	45	46	47	48	134	#
621	13.9223	43	44	45	46	47	48	49	134	#
622	13.9223	44	45	46	47	48	49	50	134	#
623	13.9223	45	46	47	48	49	50	51	134	#
624	13.9223	46	47	48	49	50	51	52	134	#
625	7.86914	47	48	49	50	51	52	53	134	#
626	7.86914	48	49	50	51	52	53	54	134	#
627	7.86914	49	50	51	52	53	54	55	134	#
628	7.86914	50	51	52	53	54	55	56	134	#
629	7.86914	51	52	53	54	55	56	57	134	#
630	7.86914	52	53	54	55	56	57	58	134	#
631	7.86914	53	54	55	56	57	58	59	134	#
632	7.86914	54	55	56	57	58	59	60	134	#
633	7.86914	55	56	57	58	59	60	61	134	#
634	7.86914	56	57	58	59	60	61	62	134	#
635	7.86914	57	58	59	60	61	62	63	134	#
636	7.86914	58	59	60	61	62	63	64	134	#
637	7.86914	59	60	61	62	63	64	65	134	#
638	7.86914	60	61	62	63	64	65	66	134	#
639	7.86914	61	62	63	64	65	66	67	134	#
640	7.86914	62	63	64	65	66	67	68	134	#
641	7.86914	63	64	65	66	67	68	69	134	#
642	7.86914	64	65	66	67	68	69	70	134	#
643	7.86914	65	66	67	68	69	70	71	134	#
644	7.86914	66	67	68	69	70	71	72	134	#
645	7.86914	67	68	69	70	71	72	73	134	#
646	7.86914	68	69	70	71	72	73	74	134	#
647	7.86914	69	70	71	72	73	74	75	134	#
648	7.86914	70	71	72	73	74	75	76	134	#
649	7.86914	71	72	73	74	75	76	77	134	#
650	7.86914	72	73	74	75	76	77	78	134	#
651	7.86914	73	74	75	76	77	78	79	134	#
652	7.86914	74	75	76	77	78	79	80	134	#
653	7.86914	75	76	77	78	79	80	81	134	#
654	7.86914	76	77	78	79	80	81	82	134	#
655	7.86914	77	78	79	80	81	82	83	134	#
656	7.86914	78	79	80	81	82	83	84	134	#
657	7.86914	79	80	81	82	83	84	85	134	#
658	7.86914	80	81	82	83	84	85	86	134	#
659	7.86914	81	82	83	84	85	86	87	134	#
660	7.86914	82	83	84	85	86	87	88	134	#
661	7.86914	83	84	85	86	87	88	89	134	#
662	7.86914	84	85	86	87	88	89	90	134	#
663	7.86914	85	86	87	88	89	90	91	134	#
664	7.86914	86	87	88	89	90	91	92	134	#
665	7.70171	87	88	89	90	91	92	93	134	#
666	7.70171	88	89	90	91	92	93	94	134	#
667	6.96116	89	90	91	92	93	94	95	134	#
668	6.96116	90	91	92	93	94	95	96	134	#
669	6.96116	91	92	93	94	95	96	97	134	#
670	6.96116	92	93	94	95	96	97	98	134	#
671	6.96116	93	94	95	96	97	98	99	134	#
672	6.96116	94	95	96	97	98	99	100	134	#
673	6.96116	95	96	97	98	99	100	101	134	#
674	6.96116	96	97	98	99	100	101	102	134	#
675	6.96116	97	98	99	100	101	102	103	134	#
676	6.96116	98	99	100	101	102	103	104	134	#
677	6.46394	99	100	101	102	103	104	105	134	#
678	6.46394	100	101	102	103	104	105	106	134	#
679	6.46394	101	102	103	104	105	106	107	134	#
680	6.46394	102	103	104	105	106	107	108	134	#
681	6.46394	103	104	105	106	107	108	109	134	#
682	6.46394	104	105	106	107	108	109	110	134	#
683	6.46394	105	106	107	108	109	110	111	134	#
684	6.46394	106	107	108	109	110	111	112	134	#
685	17.0173	0	1	2	3	4	5	6	7	8	135	#
686	17.0173	1	2	3	4	5	6	7	8	9	135	#
687	17.0173	2	3	4	5	6	7	8	9	10	135	#
688	17.0173	3	4	5	6	7	8	9	10	11	135	#
689	17.0173	4	5	6	7	8	9	10	11	12	135	#
690	17.0173	5	6	7	8	9	10	11	12	13	135	#
691	17.0173	6	7	8	9	10	11	12	13	14	135	#
692	17.0173	7	8	9	10	11	12	13	14	15	135	#
693	17.0173	8	9	10	11	12	13	14	15	16	135	#
694	17.0173	9	10	11	12	13	14	15	16	17	135	#
695	17.0173	10	11	12	13	14	15	16	17	18	135	#
696	17.0173	11	12	13	14	15	16	17	18	19	135	#
697	17.0173	12	13	14	15	16	17	18	19	20	135	#
698	17.0173	13	14	15	16	17	18	19	20	21	135	#
699	17.0173	14	15	16	17	18	19	20	21	22	135	#
700	17.0173	15	16	17	18	19	20	21	22	23	135	#
701	17.0173	16	17	18	19	20	21	22	23	24	135	#
702	17.0173	17	18	19	20	21	22	23	24	25	135	#
703	17.0173	18	19	20	21	22	23	24	25	26	135	#
704	17.0173	19	20	21	22	23	24	25	26	27	135	#
705	17.0173	20	21	22	23	24	25	26	27	28	135	#
706	17.0173	21	22	23	24	25	26	27	28	29	135	#
707	17.0173	22	23	24	25	26	27	28	29	30	135	#
708	17.0173	23	24	25	26	27	28	29	30	31	135	#
709	17.0173	24	25	26	27	28	29	30	31	32	135	#
710	17.0173	25	26	27	28	29	30	31	32	33	135	#
711	17.0173	26	27	28	29	30	31	32	33	34	135	#
712	17.0173	27	28	29	30	31	32	33	34	35	135	#
713	17.0173	28	29	30	31	32	33	34	35	36	135	#
714	17.0173	29	30	31	32	33	34	35	36	37	135	#
715	17.0173	30	31	32	33	34	35	36	37	38	135	#
716	17.0173	31	32	33	34	35	36	37	38	39	135	#
717	17.0173	32	33	34	35	36	37	38	39	40	135	#
718	17.0173	33	34	35	36	37	38	39	40	41	135	#
719	17.0173	34	35	36	37	38	39	40	41	42	135	#
720	17.0173	35	36	37	38	39	40	41	42	43	135	#
721	17.0173	36	37	38	39	40	41	42	43	44	135	#
722	17.0173	37	38	39	40	41	42	43	44	45	135	#
723	17.0173	38	39	40	41	42	43	44	45	46	135	#
724	17.0173	39	40	41	42	43	44	45	46	47	135	#
725	17.0173	40	41	42	43	44	45	46	47	48	135	#
726	17.0173	41	42	43	44	45	46	47	48	49	135	#
727	17.0173	42	43	44	45	46	47	48	49	50	135	#
728	17.0173	43	44	45	46	47	48	49	50	51	135	#
729	17.0173	44	45	46	47	48	49	50	51	52	135	#
730	17.0173	45	46	47	48	49	50	51	52	53	135	#
731	17.0173	46	47	48	49	50	51	52	53	54	135	#
732	17.0173	47	48	49	50	51	52	53	54	55	135	#
733	17.0173	48	49	50	51	52	53	54	55	56	135	#
734	17.0173	49	50	51	52	53	54	55	56	57	135	#
735	17.0173	50	51	52	53	54	55	56	57	58	135	#
736	17.0173	51	52	53	54	55	56	57	58	59	135	#
737	17.0173	52	53	54	55	56	57	58	59	60	135	#
738	17.0173	53	54	55	56	57	58	59	60	61	135	#
739	17.0173	54	55	56	57	58	59	60	61	62	135	#
740	17.0173	55	56	57	58	59	60	61	62	63	135	#
741	17.0173	56	57	58	59	60	61	62	63	64	135	#
742	17.0173	57	58	59	60	61	62	63	64	65	135	#
743	17.0173	58	59	60	61	62	63	64	65	66	135	#
744	17.0173	59	60	61	62	63	64	65	66	67	135	#
745	17.0173	60	61	62	63	64	65	66	67	68	135	#
746	17.0173	61	62	63	64	65	66	67	68	69	135	#
747	17.0173	62	63	64	65	66	67	68	69	70	135	#
748	17.0173	63	64	65	66	67	68	69	70	71	135	#
749	17.0173	64	65	66	67	68	69	70	71	72	135	#
750	17.0173	65	66	67	68	69	70	71	72	73	135	#
751	17.0173	66	67	68	69	70	71	72	73	74	135	#
752	17.0173	67	68	69	70	71	72	73	74	75	135	#
753	17.0173	68	69	70	71	72	73	74	75	76	135	#
754	17.0173	69	70	71	72	73	74	75	76	77	135	#
755	17.0173	70	71	72	73	74	75	76	77	78	135	#
756	17.0173	71	72	73	74	75	76	77	78	79	135	#
757	17.0173	72	73	74	75	76	77	78	79	80	135	#
758	17.0173	73	74	75	76	77	78	79	80	81	135	#
759	17.0173	74	75	76	77	78	79	80	81	82	135	#
760	17.0173	75	76	77	78	79	80	81	82	83	135	#
761	17.0173	76	77	78	79	80	81	82	83	84	135	#
762	17.0173	77	78	79	80	81	82	83	84	85	135	#
763	17.0173	78	79	80	81	82	83	84	85	86	135	#
764	17.0173	79	80	81	82	83	84	85	86	87	135	#
765	17.0173	80	81	82	83	84	85	86	87	88	135	#
766	17.0173	81	82	83	84	85	86	87	88	89	135	#
767	17.0173	82	83	84	85	86	87	88	89	90	135	#
768	17.0173	83	84	85	86	87	88	89	90	91	135	#
769	17.0173	84	85	86	87	88	89	90	91	92	135	#
770	17.0173	85	86	87	88	89	90	91	92	93	135	#
771	17.0173	86	87	88	89	90	91	92	93	94	135	#
772	17.0173	87	88	89	90	91	92	93	94	95	135	#
773	17.0173	88	89	90	91	92	93	94	95	96	135	#
774	17.0173	89	90	91	92	93	94	95	96	97	135	#
775	17.0173	90	91	92	93	94	95	96	97	98	135	#
776	17.0173	91	92	93	94	95	96	97	98	99	135	#
777	10.0849	0	1	2	3	4	5	6	7	8	9	136	#
778	10.0849	1	2	3	4	5	6	7	8	9	10	136	#
779	10.0849	2	3	4	5	6	7	8	9	10	11	136	#
780	10.0849	3	4	5	6	7	8	9	10	11	12	136	#
781	10.0849	4	5	6	7	8	9	10	11	12	13	136	#
782	10.0849	5	6	7	8	9	10	11	12	13	14	136	#
783	10.0849	6	7	8	9	10	11	12	13	14	15	136	#
784	10.0849	7	8	9	10	11	12	13	14	15	16	136	#
785	10.0849	8	9	10	11	12	13	14	15	16	17	136	#
786	10.0849	9	10	11	12	13	14	15	16	17	18	136	#
787	10.0849	10	11	12	13	14	15	16	17	18	19	136	#
788	10.0849	11	12	13	14	15	16	17	18	19	20	136	#
789	10.0849	12	13	14	15	16	17	18	19	20	21	136	#
790	10.0849	13	14	15	16	17	18	19	20	21	22	136	#
791	10.0849	14	15	16	17	18	19	20	21	22	23	136	#
792	10.0849	15	16	17	18	19	20	21	22	23	24	136	#
793	10.0849	16	17	18	19	20	21	22	23	24	25	136	#
794	10.0849	17	18	19	20	21	22	23	24	25	26	136	#
795	10.0849	18	19	20	21	22	23	24	25	26	27	136	#
796	10.0849	19	20	21	22	23	24	25	26	27	28	136	#
797	10.0849	20	21	22	23	24	25	26	27	28	29	136	#
798	10.0849	21	22	23	24	25	26	27	28	29	30	136	#
799	10.0849	22	23	24	25	26	27	28	29	30	31	136	#
800	10.0849	23	24	25	26	27	28	29	30	31	32	136	#
801	10.0849	24	25	26	27	28	29	30	31	32	33	136	#
802	10.0849	25	26	27	28	29	30	31	32	33	34	136	#
803	10.0849	26	27	28	29	30	31	32	33	34	35	136	#
804	10.0849	27	28	29	30	31	32	33	34	35	36	136	#
805	10.0849	28	29	30	31	32	33	34	35	36	37	136	#
806	10.0849	29	30	31	32	33	34	35	36	37	38	136	#
807	10.0849	30	31	32	33	34	35	36	37	38	39	136	#
808	10.0849	31	32	33	34	35	36	37	38	39	40	136	#
809	10.0849	32	33	34	35	36	37	38	39	40	41	136	#
810	10.0849	33	34	35	36	37	38	39	40	41	42	136	#
811	4.36665	34	35	36	37	38	39	40	41	42	43	136	#
812	4.36665	35	36	37	38	39	40	41	42	43	44	136	#
813	4.36665	36	37	38	39	40	41	42	43	44	45	136	#
814	4.36665	37	38	39	40	41	42	43	44	45	46	136	#
815	4.36665	38	39	40	41	42	43	44	45	46	47	136	#
816	4.36665	39	40	41	42	43	44	45	46	47	48	136	#
817	4.36665	40	41	42	43	44	45	46	47	48	49	136	#
818	4.36665	41	42	43	44	45	46	47	48	49	50	136	#
819	4.36665	42	43	44	45	46	47	48	49	50	51	136	#
820	4.36665	43	44	45	46	47	48	49	50	51	52	136	#
821	4.36665	44	45	46	47	48	49	50	51	52	53	136	#
822	4.36665	45	46	47	48	49	50	51	52	53	54	136	#
823	4.36665	46	47	48	49	50	51	52	53	54	55	136	#
824	4.36665	47	48	49	50	51	52	53	54	55	56	136	#
825	4.36665	48	49	50	51	52	53	54	55	56	57	136	#
826	4.36665	49	50	51	52	53	54	55	56	57	58	136	#
827	4.36665	50	51	52	53	54	55	56	57	58	59	136	#
828	4.36665	51	52	53	54	55	56	57	58	59	60	136	#
829	4.36665	52	53	54	55	56	57	58	59	60	61	136	#
830	4.36665	53	54	55	56	57	58	59	60	61	62	136	#
831	4.36665	54	55	56	57	58	59	60	61	62	63	136	#
832	4.36665	55	56	57	58	59	60	61	62	63	64	136	#
833	4.36665	56	57	58	59	60	61	62	63	64	65	136	#
834	4.36665	57	58	59	60	61	62	63	64	65	66	136	#
835	4.36665	58	59	60	61	62	63	64	65	66	67	136	#
836	4.36665	59	60	61	62	63	64	65	66	67	68	136	#
837	4.36665	60	61	62	63	64	65	66	67	68	69	136	#
838	4.36665	61	62	63	64	65	66	67	68	69	70	136	#
839	4.36665	62	63	64	65	66	67	68	69	70	71	136	#
840	4.36665	63	64	65	66	67	68	69	70	71	72	136	#
841	4.36665	64	65	66	67	68	69	70	71	72	73	136	#
842	4.36665	65	66	67	68	69	70	71	72	73	74	136	#
843	4.36665	66	67	68	69	70	71	72	73	74	75	136	#
844	4.36665	67	68	69	70	71	72	73	74	75	76	136	#
845	4.36665	68	69	70	71	72	73	74	75	76	77	136	#
846	4.36665	69	70	71	72	73	74	75	76	77	78	136	#
847	4.36665	70	71	72	73	74	75	76	77	78	79	136	#
848	4.36665	71	72	73	74	75	76	77	78	79	80	136	#
849	4.36665	72	73	74	75	76	77	78	79	80	81	136	#
850	4.36665	73	74	75	76	77	78	79	80	81	82	136	#
851	4.36665	74	75	76	77	78	79	80	81	82	83	136	#
852	4.36665	75	76	77	78	79	80	81	82	83	84	136	#
853	4.36665	76	77	78	79	80	81	82	83	84	85	136	#
854	4.36665	77	78	79	80	81	82	83	84	85	86	136	#
855	4.36665	78	79	80	81	82	83	84	85	86	87	136	#
856	4.36665	79	80	81	82	83	84	85	86	87	88	136	#
857	4.36665	80	81	82	83	84	85	86	87	88	89	136	#
858	4.36665	81	82	83	84	85	86	87	88	89	90	136	#
859	4.36665	82	83	84	85	86	87	88	89	90	91	136	#
860	4.36665	83	84	85	86	87	88	89	90	91	92	136	#
861	4.36665	84	85	86	87	88	89	90	91	92	93	136	#
862	4.36665	85	86	87	88	89	90	91	92	93	94	136	#
863	4.36665	86	87	88	89	90	91	92	93	94	95	136	#
864	4.36665	87	88	89	90	91	92	93	94	95	96	136	#
865	4.36665	88	89	90	91	92	93	94	95	96	97	136	#
866	13.8348	0	1	2	3	4	5	6	137	#
867	13.8348	1	2	3	4	5	6	7	137	#
868	13.8348	2	3	4	5	6	7	8	137	#
869	13.8348	3	4	5	6	7	8	9	137	#
870	13.8348	4	5	6	7	8	9	10	137	#
871	13.8348	5	6	7	8	9	10	11	137	#
872	13.8348	6	7	8	9	10	11	12	137	#
873	13.8348	7	8	9	10	11	12	13	137	#
874	13.8348	8	9	10	11	12	13	14	137	#
875	13.8348	9	10	11	12	13	14	15	137	#
876	13.8348	10	11	12	13	14	15	16	137	#
877	13.8348	11	12	13	14	15	16	17	137	#
878	13.8348	12	13	14	15	16	17	18	137	#
879	13.8348	13	14	15	16	17	18	19	137	#
880	13.8348	14	15	16	17	18	19	20	137	#
881	13.8348	15	16	17	18	19	20	21	137	#
882	13.8348	16	17	18	19	20	21	22	137	#
883	13.8348	17	18	19	20	21	22	23	137	#
884	13.8348	18	19	20	21	22	23	24	137	#
885	13.8348	19	20	21	22	23	24	25	137	#
886	13.8348	20	21	22	23	24	25	26	137	#
887	13.8348	21	22	23	24	25	26	27	137	#
888	13.8348	22	23	24	25	26	27	28	137	#
889	13.8348	23	24	25	26	27	28	29	137	#
890	13.8348	24	25	26	27	28	29	30	137	#
891	13.8348	25	26	27	28	29	30	31	137	#
892	13.8348	26	27	28	29	30	31	32	137	#
893	13.8348	27	28	29	30	31	32	33	137	#
894	13.8348	28	29	30	31	32	33	34	137	#
895	13.8348	29	30	31	32	33	34	35	137	#
896	13.8348	30	31	32	33	34	35	36	137	#
897	13.8348	31	32	33	34	35	36	37	137	#
898	13.8348	32	33	34	35	36	37	38	137	#
899	13.8348	33	34	35	36	37	38	39	137	#
900	13.8348	34	35	36	37	38	39	40	137	#
901	13.8348	35	36	37	38	39	40	41	137	#
902	13.8348	36	37	38	39	40	41	42	137	#
903	13.8348	37	38	39	40	41	42	43	137	#
904	13.8348	38	39	40	41	42	43	44	137	#
905	13.8348	39	40	41	42	43	44	45	137	#
906	13.8348	40	41	42	43	44	45	46	137	#
907	13.8348	41	42	43	44	45	46	47	137	#
908	13.8348	42	43	44	45	46	47	48	137	#
909	13.8348	43	44	45	46	47	48	49	137	#
910	13.8348	44	45	46	47	48	49	50	137	#
911	13.8348	45	46	47	48	49	50	51	137	#
912	13.8348	46	47	48	49	50	51	52	137	#
913	13.8348	47	48	49	50	51	52	53	137	#
914	13.8348	48	49	50	51	52	53	54	137	#
915	13.8348	49	50	51	52	53	54	55	137	#
916	5.99145	50	51	52	53	54	55	56	137	#
917	5.99145	51	52	53	54	55	56	57	137	#
918	5.99145	52	53	54	55	56	57	58	137	#
919	5.99145	53	54	55	56	57	58	59	137	#
920	5.99145	54	55	56	57	58	59	60	137	#
921	5.99145	55	56	57	58	59	60	61	137	#
922	5.99145	56	57	58	59	60	61	62	137	#
923	5.99145	57	58	59	60	61	62	63	137	#
924	5.99145	58	59	60	61	62	63	64	137	#
925	5.99145	59	60	61	62	63	64	65	137	#
926	5.99145	60	61	62	63	64	65	66	137	#
927	5.99145	61	62	63	64	65	66	67	137	#
928	5.99145	62	63	64	65	66	67	68	137	#
929	5.99145	63	64	65	66	67	68	69	137	#
930	5.99145	64	65	66	67	68	69	70	137	#
931	5.99145	65	66	67	68	69	70	71	137	#
932	5.99145	66	67	68	69	70	71	72	137	#
933	5.99145	67	68	69	70	71	72	73	137	#
934	5.99145	68	69	70	71	72	73	74	137	#
935	5.99145	69	70	71	72	73	74	75	137	#
936	5.99145	70	71	72	73	74	75	76	137	#
937	5.99145	71	72	73	74	75	76	77	137	#
938	5.99145	72	73	74	75	76	77	78	137	#
939	5.99145	73	74	75	76	77	78	79	137	#
940	5.99145	74	75	76	77	78	79	80	137	#
941	5.99145	75	76	77	78	79	80	81	137	#
942	5.99145	76	77	78	79	80	81	82	137	#
943	5.99145	77	78	79	80	81	82	83	137	#
944	5.99145	78	79	80	81	82	83	84	137	#
945	5.99145	79	80	81	82	83	84	85	137	#
946	5.99145	80	81	82	83	84	85	86	137	#
947	5.99145	81	82	83	84	85	86	87	137	#
948	5.99145	82	83	84	85	86	87	88	137	#
949	5.99145	83	84	85	86	87	88	89	137	#
950	5.99145	84	85	86	87	88	89	90	137	#
951	5.99145	85	86	87	88	89	90	91	137	#
952	5.99145	86	87	88	89	90	91	92	137	#
953	5.99145	87	88	89	90	91	92	93	137	#
954	5.99145	88	89	90	91	92	93	94	137	#
955	5.99145	89	90	91	92	93	94	95	137	#
956	5.99145	90	91	92	93	94	95	96	137	#
957	5.99145	91	92	93	94	95	96	97	137	#
958	5.99145	92	93	94	95	96	97	98	137	#
959	5.99145	93	94	95	96	97	98	99	137	#
960	5.99145	94	95	96	97	98	99	100	137	#
961	5.99145	95	96	97	98	99	100	101	137	#
962	5.99145	96	97	98	99	100	101	102	137	#
963	5.99145	97	98	99	100	101	102	103	137	#
964	5.99145	98	99	100	101	102	103	104	137	#
965	5.99145	99	100	101	102	103	104	105	137	#
966	5.99145	100	101	102	103	104	105	106	137	#
967	5.99145	101	102	103	104	105	106	107	137	#
968	5.99145	102	103	104	105	106	107	108	137	#
969	5.99145	103	104	105	106	107	108	109	137	#
970	5.99145	104	105	106	107	108	109	110	137	#
971	5.99145	105	106	107	108	109	110	111	137	#
972	5.99145	106	107	108	109	110	111	112	137	#
973	5.99145	107	108	109	110	111	112	113	137	#
974	5.99145	108	109	110	111	112	113	114	137	#
975	5.99145	109	110	111	112	113	114	115	137	#
976	5.99145	110	111	112	113	114	115	116	137	#
977	5.99145	111	112	113	114	115	116	117	137	#
978	5.99145	112	113	114	115	116	117	118	137	#
979	5.99145	113	114	115	116	117	118	119	137	#
980	5.99145	114	115	116	117	118	119	120	137	#
981	5.99145	115	116	117	118	119	120	121	137	#
982	5.99145	116	117	118	119	120	121	122	137	#
983	5.99145	117	118	119	120	121	122	123	137	#
984	5.99145	118	119	120	121	122	123	124	137	#
985	5.99145	119	120	121	122	123	124	125	137	#
986	5.99145	120	121	122	123	124	125	126	137	#
987	5.99145	121	122	123	124	125	126	127	137	#
988	1.0896	0	138	#
989	1.0896	1	138	#
990	1.0896	2	138	#
991	0.017717	3	138	#
992	0.017717	4	138	#
993	0.017717	5	138	#
994	0.017717	6	138	#
995	0.017717	7	138	#
996	0.017717	8	138	#
997	0.017717	9	138	#
998	0.017717	10	138	#
999	0.017717	11	138	#
1000	0.017717	12	138	#
1001	0.017717	13	138	#
1002	0.017717	14	138	#
1003	0.017717	15	138	#
1004	0.017717	16	138	#
1005	0.017717	17	138	#
1006	0.017717	18	138	#
1007	0.017717	19	138	#
1008	0.017717	20	138	#
1009	0.017717	21	138	#
1010	0.017717	22	138	#
1011	0.017717	23	138	#
1012	0.017717	24	138	#
1013	0.017717	25	138	#
1014	0.017717	26	138	#
1015	0.017717	27	138	#
1016	0.017717	28	138	#
1017	0.017717	29	138	#
1018	0.017717	30	138	#
1019	0.017717	31	138	#
1020	0.017717	32	138	#
1021	0.017717	33	138	#
1022	0.017717	34	138	#
1023	0.017717	35	138	#
1024	0.017717	36	138	#
1025	0.017717	37	138	#
1026	0.017717	38	138	#
1027	0.017717	39	138	#
1028	0.017717	40	138	#
1029	0.017717	41	138	#
1030	0.017717	42	138	#
1031	0.017717	43	138	#
1032	0.017717	44	138	#
1033	0.017717	45	138	#
1034	0.017717	46	138	#
1035	0.017717	47	138	#
1036	0.017717	48	138	#
1037	0.017717	49	138	#
1038	0.017717	50	138	#
1039	0.017717	51	138	#
1040	0.017717	52	138	#
1041	0.017717	53	138	#
1042	0.017717	54	138	#
1043	0.017717	55	138	#
1044	0.017717	56	138	#
1045	0.017717	57	138	#
1046	0.017717	58	138	#
1047	0.017717	59	138	#
1048	0.017717	60	138	#
1049	0.017717	61	138	#
1050	0.017717	62	138	#
1051	0.017717	63	138	#
1052	0.017717	64	138	#
1053	0.017717	65	138	#
1054	0.017717	66	138	#
1055	0.017717	67	138	#
1056	0.017717	68	138	#
1057	0.017717	69	138	#
1058	0.017717	70	138	#
1059	0.017717	71	138	#
1060	0.017717	72	138	#
1061	0.017717	73	138	#
1062	0.017717	74	138	#
1063	0.017717	75	138	#
1064	0.017717	76	138	#
1065	0.017717	77	138	#
1066	0.017717	78	138	#
1067	0.017717	79	138	#
1068	0.017717	80	138	#
1069	0.017717	81	138	#
1070	0.017717	82	138	#
1071	0.017717	83	138	#
1072	0.017717	84	138	#
1073	0.017717	85	138	#
1074	0.017717	86	138	#
1075	0.017717	87	138	#
1076	0.017717	88	138	#
1077	0.017717	89	138	#
1078	0.017717	90	138	#
1079	0.017717	91	138	#
1080	0.017717	92	138	#
1081	0.017717	93	138	#
1082	0.017717	94	138	#
1083	0.017717	95	138	#
1084	0.017717	96	138	#
1085	0.017717	97	138	#
1086	0.017717	98	138	#
1087	0.017717	99	138	#
1088	0.017717	100	138	#
1089	0.017717	101	138	#
1090	0.017717	102	138	#
1091	0.017717	103	138	#
1092	0.017717	104	138	#
1093	0.017717	105	138	#
1094	0.017717	106	138	#
1095	0.017717	107	138	#
1096	0.017717	108	138	#
1097	0.017717	109	138	#
1098	0.017717	110	138	#
1099	0.017717	111	138	#
1100	0.017717	112	138	#
1101	0.017717	113	138	#
1102	0.017717	114	138	#
1103	0.017717	115	138	#
1104	0.017717	116	138	#
1105	0.017717	117	138	#
1106	0.017717	118	138	#
1107	0.017717	119	138	#
1108	0.017717	120	138	#
1109	0.017717	121	138	#
1110	0.017717	122	138	#
1111	0.017717	123	138	#
1112	0.0175741	124	138	#
1113	0.017159	125	138	#
1114	0.017159	126	138	#
1115	0.017159	127	138	#
