%% File generated by CATS v.2.1Thu May  9 13:09:11 2024

%% The CATS webpage is http://robotics.stanford.edu/CATS

%% PARAMETER SETTINGS:
% Goods: 128; Bids: 1000; Distribution: scheduling; Runs: 1; Seed: 10
% Scheduling Distribution Parameters:
% max_length                = 10
% deviation                 = 0.500000
% prob_additional_deadline  = 0.700000
% additivity                = 0.200000



goods 128
bids 1028
dummy 11

0	8.4212	0	1	2	3	4	5	128	#
1	8.4212	1	2	3	4	5	6	128	#
2	8.4212	2	3	4	5	6	7	128	#
3	8.4212	3	4	5	6	7	8	128	#
4	8.4212	4	5	6	7	8	9	128	#
5	8.4212	5	6	7	8	9	10	128	#
6	8.4212	6	7	8	9	10	11	128	#
7	8.4212	7	8	9	10	11	12	128	#
8	8.4212	8	9	10	11	12	13	128	#
9	8.4212	9	10	11	12	13	14	128	#
10	8.4212	10	11	12	13	14	15	128	#
11	8.4212	11	12	13	14	15	16	128	#
12	8.4212	12	13	14	15	16	17	128	#
13	8.4212	13	14	15	16	17	18	128	#
14	8.4212	14	15	16	17	18	19	128	#
15	8.4212	15	16	17	18	19	20	128	#
16	8.4212	16	17	18	19	20	21	128	#
17	8.4212	17	18	19	20	21	22	128	#
18	8.4212	18	19	20	21	22	23	128	#
19	8.4212	19	20	21	22	23	24	128	#
20	8.4212	20	21	22	23	24	25	128	#
21	8.4212	21	22	23	24	25	26	128	#
22	8.4212	22	23	24	25	26	27	128	#
23	8.4212	23	24	25	26	27	28	128	#
24	8.4212	24	25	26	27	28	29	128	#
25	8.4212	25	26	27	28	29	30	128	#
26	8.4212	26	27	28	29	30	31	128	#
27	8.4212	27	28	29	30	31	32	128	#
28	8.4212	28	29	30	31	32	33	128	#
29	8.4212	29	30	31	32	33	34	128	#
30	2.38601	30	31	32	33	34	35	128	#
31	2.38601	31	32	33	34	35	36	128	#
32	2.38601	32	33	34	35	36	37	128	#
33	2.38601	33	34	35	36	37	38	128	#
34	2.38601	34	35	36	37	38	39	128	#
35	2.38601	35	36	37	38	39	40	128	#
36	2.38601	36	37	38	39	40	41	128	#
37	2.38601	37	38	39	40	41	42	128	#
38	2.38601	38	39	40	41	42	43	128	#
39	2.38601	39	40	41	42	43	44	128	#
40	2.38601	40	41	42	43	44	45	128	#
41	2.38601	41	42	43	44	45	46	128	#
42	2.38601	42	43	44	45	46	47	128	#
43	2.38601	43	44	45	46	47	48	128	#
44	2.38601	44	45	46	47	48	49	128	#
45	2.38601	45	46	47	48	49	50	128	#
46	2.38601	46	47	48	49	50	51	128	#
47	2.38601	47	48	49	50	51	52	128	#
48	2.38601	48	49	50	51	52	53	128	#
49	2.38601	49	50	51	52	53	54	128	#
50	2.38601	50	51	52	53	54	55	128	#
51	2.38601	51	52	53	54	55	56	128	#
52	2.38601	52	53	54	55	56	57	128	#
53	2.38601	53	54	55	56	57	58	128	#
54	2.38601	54	55	56	57	58	59	128	#
55	2.38601	55	56	57	58	59	60	128	#
56	2.38601	56	57	58	59	60	61	128	#
57	2.38601	57	58	59	60	61	62	128	#
58	2.38601	58	59	60	61	62	63	128	#
59	2.38601	59	60	61	62	63	64	128	#
60	2.38601	60	61	62	63	64	65	128	#
61	2.38601	61	62	63	64	65	66	128	#
62	2.38601	62	63	64	65	66	67	128	#
63	2.38601	63	64	65	66	67	68	128	#
64	2.38601	64	65	66	67	68	69	128	#
65	2.38601	65	66	67	68	69	70	128	#
66	2.38601	66	67	68	69	70	71	128	#
67	2.38601	67	68	69	70	71	72	128	#
68	2.38601	68	69	70	71	72	73	128	#
69	2.38601	69	70	71	72	73	74	128	#
70	2.38601	70	71	72	73	74	75	128	#
71	2.38601	71	72	73	74	75	76	128	#
72	2.38601	72	73	74	75	76	77	128	#
73	2.38601	73	74	75	76	77	78	128	#
74	2.38601	74	75	76	77	78	79	128	#
75	2.38601	75	76	77	78	79	80	128	#
76	2.38601	76	77	78	79	80	81	128	#
77	2.38601	77	78	79	80	81	82	128	#
78	2.38601	78	79	80	81	82	83	128	#
79	2.38601	79	80	81	82	83	84	128	#
80	2.38601	80	81	82	83	84	85	128	#
81	2.38601	81	82	83	84	85	86	128	#
82	2.38601	82	83	84	85	86	87	128	#
83	2.38601	83	84	85	86	87	88	128	#
84	2.38601	84	85	86	87	88	89	128	#
85	2.38601	85	86	87	88	89	90	128	#
86	2.38601	86	87	88	89	90	91	128	#
87	2.38601	87	88	89	90	91	92	128	#
88	2.38601	88	89	90	91	92	93	128	#
89	2.38601	89	90	91	92	93	94	128	#
90	2.38601	90	91	92	93	94	95	128	#
91	2.38601	91	92	93	94	95	96	128	#
92	2.38601	92	93	94	95	96	97	128	#
93	2.38601	93	94	95	96	97	98	128	#
94	2.38601	94	95	96	97	98	99	128	#
95	2.38601	95	96	97	98	99	100	128	#
96	2.38601	96	97	98	99	100	101	128	#
97	2.38601	97	98	99	100	101	102	128	#
98	2.38601	98	99	100	101	102	103	128	#
99	2.38601	99	100	101	102	103	104	128	#
100	2.38601	100	101	102	103	104	105	128	#
101	2.38601	101	102	103	104	105	106	128	#
102	2.38601	102	103	104	105	106	107	128	#
103	2.38601	103	104	105	106	107	108	128	#
104	2.38601	104	105	106	107	108	109	128	#
105	2.38601	105	106	107	108	109	110	128	#
106	2.38601	106	107	108	109	110	111	128	#
107	2.38601	107	108	109	110	111	112	128	#
108	2.38601	108	109	110	111	112	113	128	#
109	2.38601	109	110	111	112	113	114	128	#
110	2.38601	110	111	112	113	114	115	128	#
111	2.38601	111	112	113	114	115	116	128	#
112	2.38601	112	113	114	115	116	117	128	#
113	2.38601	113	114	115	116	117	118	128	#
114	2.38601	114	115	116	117	118	119	128	#
115	2.38601	115	116	117	118	119	120	128	#
116	2.34689	116	117	118	119	120	121	128	#
117	2.34689	117	118	119	120	121	122	128	#
118	2.30904	118	119	120	121	122	123	128	#
119	2.30904	119	120	121	122	123	124	128	#
120	2.29057	120	121	122	123	124	125	128	#
121	5.51286	0	1	2	3	129	#
122	5.51286	1	2	3	4	129	#
123	5.51286	2	3	4	5	129	#
124	5.51286	3	4	5	6	129	#
125	5.51286	4	5	6	7	129	#
126	5.51286	5	6	7	8	129	#
127	5.51286	6	7	8	9	129	#
128	5.51286	7	8	9	10	129	#
129	5.51286	8	9	10	11	129	#
130	5.51286	9	10	11	12	129	#
131	5.51286	10	11	12	13	129	#
132	5.51286	11	12	13	14	129	#
133	5.51286	12	13	14	15	129	#
134	5.51286	13	14	15	16	129	#
135	5.51286	14	15	16	17	129	#
136	5.51286	15	16	17	18	129	#
137	5.51286	16	17	18	19	129	#
138	5.51286	17	18	19	20	129	#
139	5.51286	18	19	20	21	129	#
140	5.51286	19	20	21	22	129	#
141	5.51286	20	21	22	23	129	#
142	5.51286	21	22	23	24	129	#
143	5.51286	22	23	24	25	129	#
144	5.51286	23	24	25	26	129	#
145	5.51286	24	25	26	27	129	#
146	5.51286	25	26	27	28	129	#
147	5.51286	26	27	28	29	129	#
148	5.51286	27	28	29	30	129	#
149	5.51286	28	29	30	31	129	#
150	5.51286	29	30	31	32	129	#
151	5.51286	30	31	32	33	129	#
152	5.51286	31	32	33	34	129	#
153	5.51286	32	33	34	35	129	#
154	5.51286	33	34	35	36	129	#
155	5.51286	34	35	36	37	129	#
156	5.51286	35	36	37	38	129	#
157	5.51286	36	37	38	39	129	#
158	5.51286	37	38	39	40	129	#
159	5.51286	38	39	40	41	129	#
160	5.51286	39	40	41	42	129	#
161	5.51286	40	41	42	43	129	#
162	5.51286	41	42	43	44	129	#
163	5.51286	42	43	44	45	129	#
164	5.51286	43	44	45	46	129	#
165	5.51286	44	45	46	47	129	#
166	5.51286	45	46	47	48	129	#
167	5.51286	46	47	48	49	129	#
168	5.51286	47	48	49	50	129	#
169	5.51286	48	49	50	51	129	#
170	5.51286	49	50	51	52	129	#
171	9.7972	0	1	2	3	4	5	6	7	8	9	130	#
172	9.7972	1	2	3	4	5	6	7	8	9	10	130	#
173	9.7972	2	3	4	5	6	7	8	9	10	11	130	#
174	9.7972	3	4	5	6	7	8	9	10	11	12	130	#
175	9.7972	4	5	6	7	8	9	10	11	12	13	130	#
176	9.7972	5	6	7	8	9	10	11	12	13	14	130	#
177	9.7972	6	7	8	9	10	11	12	13	14	15	130	#
178	9.7972	7	8	9	10	11	12	13	14	15	16	130	#
179	9.7972	8	9	10	11	12	13	14	15	16	17	130	#
180	9.7972	9	10	11	12	13	14	15	16	17	18	130	#
181	9.7972	10	11	12	13	14	15	16	17	18	19	130	#
182	9.7972	11	12	13	14	15	16	17	18	19	20	130	#
183	9.7972	12	13	14	15	16	17	18	19	20	21	130	#
184	9.7972	13	14	15	16	17	18	19	20	21	22	130	#
185	9.7972	14	15	16	17	18	19	20	21	22	23	130	#
186	9.7972	15	16	17	18	19	20	21	22	23	24	130	#
187	9.7972	16	17	18	19	20	21	22	23	24	25	130	#
188	9.7972	17	18	19	20	21	22	23	24	25	26	130	#
189	9.7972	18	19	20	21	22	23	24	25	26	27	130	#
190	9.7972	19	20	21	22	23	24	25	26	27	28	130	#
191	9.7972	20	21	22	23	24	25	26	27	28	29	130	#
192	9.7972	21	22	23	24	25	26	27	28	29	30	130	#
193	8.90654	22	23	24	25	26	27	28	29	30	31	130	#
194	8.90654	23	24	25	26	27	28	29	30	31	32	130	#
195	8.90654	24	25	26	27	28	29	30	31	32	33	130	#
196	3.97184	25	26	27	28	29	30	31	32	33	34	130	#
197	3.97184	26	27	28	29	30	31	32	33	34	35	130	#
198	3.97184	27	28	29	30	31	32	33	34	35	36	130	#
199	3.97184	28	29	30	31	32	33	34	35	36	37	130	#
200	3.97184	29	30	31	32	33	34	35	36	37	38	130	#
201	3.97184	30	31	32	33	34	35	36	37	38	39	130	#
202	3.97184	31	32	33	34	35	36	37	38	39	40	130	#
203	3.97184	32	33	34	35	36	37	38	39	40	41	130	#
204	3.97184	33	34	35	36	37	38	39	40	41	42	130	#
205	3.97184	34	35	36	37	38	39	40	41	42	43	130	#
206	3.97184	35	36	37	38	39	40	41	42	43	44	130	#
207	3.97184	36	37	38	39	40	41	42	43	44	45	130	#
208	3.97184	37	38	39	40	41	42	43	44	45	46	130	#
209	3.97184	38	39	40	41	42	43	44	45	46	47	130	#
210	3.97184	39	40	41	42	43	44	45	46	47	48	130	#
211	3.97184	40	41	42	43	44	45	46	47	48	49	130	#
212	3.97184	41	42	43	44	45	46	47	48	49	50	130	#
213	3.97184	42	43	44	45	46	47	48	49	50	51	130	#
214	3.97184	43	44	45	46	47	48	49	50	51	52	130	#
215	3.97184	44	45	46	47	48	49	50	51	52	53	130	#
216	3.97184	45	46	47	48	49	50	51	52	53	54	130	#
217	3.97184	46	47	48	49	50	51	52	53	54	55	130	#
218	3.97184	47	48	49	50	51	52	53	54	55	56	130	#
219	3.97184	48	49	50	51	52	53	54	55	56	57	130	#
220	3.97184	49	50	51	52	53	54	55	56	57	58	130	#
221	3.97184	50	51	52	53	54	55	56	57	58	59	130	#
222	3.97184	51	52	53	54	55	56	57	58	59	60	130	#
223	3.97184	52	53	54	55	56	57	58	59	60	61	130	#
224	3.97184	53	54	55	56	57	58	59	60	61	62	130	#
225	3.97184	54	55	56	57	58	59	60	61	62	63	130	#
226	3.97184	55	56	57	58	59	60	61	62	63	64	130	#
227	3.97184	56	57	58	59	60	61	62	63	64	65	130	#
228	3.97184	57	58	59	60	61	62	63	64	65	66	130	#
229	3.97184	58	59	60	61	62	63	64	65	66	67	130	#
230	3.97184	59	60	61	62	63	64	65	66	67	68	130	#
231	3.97184	60	61	62	63	64	65	66	67	68	69	130	#
232	3.97184	61	62	63	64	65	66	67	68	69	70	130	#
233	3.97184	62	63	64	65	66	67	68	69	70	71	130	#
234	3.97184	63	64	65	66	67	68	69	70	71	72	130	#
235	3.97184	64	65	66	67	68	69	70	71	72	73	130	#
236	3.97184	65	66	67	68	69	70	71	72	73	74	130	#
237	2.3143	66	67	68	69	70	71	72	73	74	75	130	#
238	2.3143	67	68	69	70	71	72	73	74	75	76	130	#
239	2.3143	68	69	70	71	72	73	74	75	76	77	130	#
240	2.3143	69	70	71	72	73	74	75	76	77	78	130	#
241	2.3143	70	71	72	73	74	75	76	77	78	79	130	#
242	2.3143	71	72	73	74	75	76	77	78	79	80	130	#
243	2.3143	72	73	74	75	76	77	78	79	80	81	130	#
244	2.3143	73	74	75	76	77	78	79	80	81	82	130	#
245	2.3143	74	75	76	77	78	79	80	81	82	83	130	#
246	2.3143	75	76	77	78	79	80	81	82	83	84	130	#
247	2.3143	76	77	78	79	80	81	82	83	84	85	130	#
248	2.3143	77	78	79	80	81	82	83	84	85	86	130	#
249	2.3143	78	79	80	81	82	83	84	85	86	87	130	#
250	2.3143	79	80	81	82	83	84	85	86	87	88	130	#
251	2.3143	80	81	82	83	84	85	86	87	88	89	130	#
252	2.3143	81	82	83	84	85	86	87	88	89	90	130	#
253	2.3143	82	83	84	85	86	87	88	89	90	91	130	#
254	2.3143	83	84	85	86	87	88	89	90	91	92	130	#
255	2.3143	84	85	86	87	88	89	90	91	92	93	130	#
256	2.3143	85	86	87	88	89	90	91	92	93	94	130	#
257	2.3143	86	87	88	89	90	91	92	93	94	95	130	#
258	2.3143	87	88	89	90	91	92	93	94	95	96	130	#
259	2.3143	88	89	90	91	92	93	94	95	96	97	130	#
260	2.3143	89	90	91	92	93	94	95	96	97	98	130	#
261	2.3143	90	91	92	93	94	95	96	97	98	99	130	#
262	2.3143	91	92	93	94	95	96	97	98	99	100	130	#
263	2.3143	92	93	94	95	96	97	98	99	100	101	130	#
264	2.3143	93	94	95	96	97	98	99	100	101	102	130	#
265	2.3143	94	95	96	97	98	99	100	101	102	103	130	#
266	2.3143	95	96	97	98	99	100	101	102	103	104	130	#
267	2.3143	96	97	98	99	100	101	102	103	104	105	130	#
268	2.3143	97	98	99	100	101	102	103	104	105	106	130	#
269	2.3143	98	99	100	101	102	103	104	105	106	107	130	#
270	2.3143	99	100	101	102	103	104	105	106	107	108	130	#
271	2.3143	100	101	102	103	104	105	106	107	108	109	130	#
272	2.3143	101	102	103	104	105	106	107	108	109	110	130	#
273	2.3143	102	103	104	105	106	107	108	109	110	111	130	#
274	2.3143	103	104	105	106	107	108	109	110	111	112	130	#
275	2.3143	104	105	106	107	108	109	110	111	112	113	130	#
276	2.3143	105	106	107	108	109	110	111	112	113	114	130	#
277	2.3143	106	107	108	109	110	111	112	113	114	115	130	#
278	2.3143	107	108	109	110	111	112	113	114	115	116	130	#
279	2.3143	108	109	110	111	112	113	114	115	116	117	130	#
280	2.3143	109	110	111	112	113	114	115	116	117	118	130	#
281	2.3143	110	111	112	113	114	115	116	117	118	119	130	#
282	2.3143	111	112	113	114	115	116	117	118	119	120	130	#
283	2.3143	112	113	114	115	116	117	118	119	120	121	130	#
284	2.3143	113	114	115	116	117	118	119	120	121	122	130	#
285	2.3143	114	115	116	117	118	119	120	121	122	123	130	#
286	2.3143	115	116	117	118	119	120	121	122	123	124	130	#
287	2.3143	116	117	118	119	120	121	122	123	124	125	130	#
288	2.3143	117	118	119	120	121	122	123	124	125	126	130	#
289	2.3143	118	119	120	121	122	123	124	125	126	127	130	#
290	13.9444	0	1	2	3	4	5	6	7	131	#
291	13.9444	1	2	3	4	5	6	7	8	131	#
292	13.9444	2	3	4	5	6	7	8	9	131	#
293	13.9444	3	4	5	6	7	8	9	10	131	#
294	13.9444	4	5	6	7	8	9	10	11	131	#
295	13.9444	5	6	7	8	9	10	11	12	131	#
296	13.9444	6	7	8	9	10	11	12	13	131	#
297	13.9444	7	8	9	10	11	12	13	14	131	#
298	13.9444	8	9	10	11	12	13	14	15	131	#
299	13.9444	9	10	11	12	13	14	15	16	131	#
300	13.9444	10	11	12	13	14	15	16	17	131	#
301	13.9444	11	12	13	14	15	16	17	18	131	#
302	13.9444	12	13	14	15	16	17	18	19	131	#
303	13.9444	13	14	15	16	17	18	19	20	131	#
304	13.9444	14	15	16	17	18	19	20	21	131	#
305	13.9444	15	16	17	18	19	20	21	22	131	#
306	13.9444	16	17	18	19	20	21	22	23	131	#
307	13.9444	17	18	19	20	21	22	23	24	131	#
308	13.9444	18	19	20	21	22	23	24	25	131	#
309	13.9444	19	20	21	22	23	24	25	26	131	#
310	13.9444	20	21	22	23	24	25	26	27	131	#
311	13.9444	21	22	23	24	25	26	27	28	131	#
312	13.9444	22	23	24	25	26	27	28	29	131	#
313	13.9444	23	24	25	26	27	28	29	30	131	#
314	13.9444	24	25	26	27	28	29	30	31	131	#
315	13.9444	25	26	27	28	29	30	31	32	131	#
316	13.9444	26	27	28	29	30	31	32	33	131	#
317	13.9444	27	28	29	30	31	32	33	34	131	#
318	13.9444	28	29	30	31	32	33	34	35	131	#
319	13.9444	29	30	31	32	33	34	35	36	131	#
320	13.9444	30	31	32	33	34	35	36	37	131	#
321	13.9444	31	32	33	34	35	36	37	38	131	#
322	13.9444	32	33	34	35	36	37	38	39	131	#
323	13.9444	33	34	35	36	37	38	39	40	131	#
324	13.9444	34	35	36	37	38	39	40	41	131	#
325	13.9444	35	36	37	38	39	40	41	42	131	#
326	13.9444	36	37	38	39	40	41	42	43	131	#
327	13.9444	37	38	39	40	41	42	43	44	131	#
328	13.9444	38	39	40	41	42	43	44	45	131	#
329	13.9444	39	40	41	42	43	44	45	46	131	#
330	13.9444	40	41	42	43	44	45	46	47	131	#
331	13.9444	41	42	43	44	45	46	47	48	131	#
332	13.9444	42	43	44	45	46	47	48	49	131	#
333	13.9444	43	44	45	46	47	48	49	50	131	#
334	13.9444	44	45	46	47	48	49	50	51	131	#
335	13.9444	45	46	47	48	49	50	51	52	131	#
336	13.9444	46	47	48	49	50	51	52	53	131	#
337	13.9444	47	48	49	50	51	52	53	54	131	#
338	13.9444	48	49	50	51	52	53	54	55	131	#
339	13.9444	49	50	51	52	53	54	55	56	131	#
340	13.9444	50	51	52	53	54	55	56	57	131	#
341	13.9444	51	52	53	54	55	56	57	58	131	#
342	13.9444	52	53	54	55	56	57	58	59	131	#
343	13.9444	53	54	55	56	57	58	59	60	131	#
344	13.9444	54	55	56	57	58	59	60	61	131	#
345	13.9444	55	56	57	58	59	60	61	62	131	#
346	13.9444	56	57	58	59	60	61	62	63	131	#
347	13.9444	57	58	59	60	61	62	63	64	131	#
348	13.9444	58	59	60	61	62	63	64	65	131	#
349	13.9444	59	60	61	62	63	64	65	66	131	#
350	13.9444	60	61	62	63	64	65	66	67	131	#
351	13.9444	61	62	63	64	65	66	67	68	131	#
352	13.9444	62	63	64	65	66	67	68	69	131	#
353	13.9444	63	64	65	66	67	68	69	70	131	#
354	13.9444	64	65	66	67	68	69	70	71	131	#
355	13.9444	65	66	67	68	69	70	71	72	131	#
356	13.9444	66	67	68	69	70	71	72	73	131	#
357	13.9444	67	68	69	70	71	72	73	74	131	#
358	13.9444	68	69	70	71	72	73	74	75	131	#
359	13.9444	69	70	71	72	73	74	75	76	131	#
360	13.9444	70	71	72	73	74	75	76	77	131	#
361	12.4851	71	72	73	74	75	76	77	78	131	#
362	12.4851	72	73	74	75	76	77	78	79	131	#
363	12.4851	73	74	75	76	77	78	79	80	131	#
364	12.4851	74	75	76	77	78	79	80	81	131	#
365	12.4851	75	76	77	78	79	80	81	82	131	#
366	12.4851	76	77	78	79	80	81	82	83	131	#
367	12.4851	77	78	79	80	81	82	83	84	131	#
368	12.4851	78	79	80	81	82	83	84	85	131	#
369	12.4851	79	80	81	82	83	84	85	86	131	#
370	3.30224	0	1	132	#
371	3.30224	1	2	132	#
372	3.30224	2	3	132	#
373	3.30224	3	4	132	#
374	3.30224	4	5	132	#
375	3.30224	5	6	132	#
376	3.30224	6	7	132	#
377	3.30224	7	8	132	#
378	3.30224	8	9	132	#
379	3.30224	9	10	132	#
380	3.30224	10	11	132	#
381	3.30224	11	12	132	#
382	3.30224	12	13	132	#
383	3.30224	13	14	132	#
384	3.30224	14	15	132	#
385	3.30224	15	16	132	#
386	3.30224	16	17	132	#
387	3.30224	17	18	132	#
388	3.30224	18	19	132	#
389	3.30224	19	20	132	#
390	3.30224	20	21	132	#
391	3.30224	21	22	132	#
392	3.30224	22	23	132	#
393	3.30224	23	24	132	#
394	3.30224	24	25	132	#
395	3.30224	25	26	132	#
396	3.30224	26	27	132	#
397	3.30224	27	28	132	#
398	3.30224	28	29	132	#
399	3.30224	29	30	132	#
400	3.30224	30	31	132	#
401	3.30224	31	32	132	#
402	3.30224	32	33	132	#
403	3.30224	33	34	132	#
404	3.30224	34	35	132	#
405	3.30224	35	36	132	#
406	3.30224	36	37	132	#
407	3.30224	37	38	132	#
408	3.30224	38	39	132	#
409	3.30224	39	40	132	#
410	3.30224	40	41	132	#
411	3.30224	41	42	132	#
412	3.30224	42	43	132	#
413	3.30224	43	44	132	#
414	3.30224	44	45	132	#
415	3.30224	45	46	132	#
416	3.30224	46	47	132	#
417	3.30224	47	48	132	#
418	3.30224	48	49	132	#
419	3.30224	49	50	132	#
420	3.30224	50	51	132	#
421	3.30224	51	52	132	#
422	3.30224	52	53	132	#
423	3.30224	53	54	132	#
424	3.30224	54	55	132	#
425	3.30224	55	56	132	#
426	3.30224	56	57	132	#
427	3.30224	57	58	132	#
428	3.30224	58	59	132	#
429	3.30224	59	60	132	#
430	3.30224	60	61	132	#
431	3.30224	61	62	132	#
432	3.30224	62	63	132	#
433	3.30224	63	64	132	#
434	3.30224	64	65	132	#
435	3.30224	65	66	132	#
436	3.30224	66	67	132	#
437	3.30224	67	68	132	#
438	3.30224	68	69	132	#
439	3.30224	69	70	132	#
440	3.30224	70	71	132	#
441	3.30224	71	72	132	#
442	3.30224	72	73	132	#
443	3.30224	73	74	132	#
444	3.30224	74	75	132	#
445	3.30224	75	76	132	#
446	3.30224	76	77	132	#
447	3.30224	77	78	132	#
448	3.30224	78	79	132	#
449	3.30224	79	80	132	#
450	3.30224	80	81	132	#
451	3.30224	81	82	132	#
452	3.30224	82	83	132	#
453	2.58572	83	84	132	#
454	2.58572	84	85	132	#
455	2.58572	85	86	132	#
456	2.58572	86	87	132	#
457	2.58572	87	88	132	#
458	2.58572	88	89	132	#
459	2.58572	89	90	132	#
460	2.58572	90	91	132	#
461	2.58572	91	92	132	#
462	2.58572	92	93	132	#
463	2.58572	93	94	132	#
464	2.58572	94	95	132	#
465	2.58572	95	96	132	#
466	2.58572	96	97	132	#
467	2.58572	97	98	132	#
468	2.58572	98	99	132	#
469	2.58572	99	100	132	#
470	2.58572	100	101	132	#
471	2.58572	101	102	132	#
472	2.58572	102	103	132	#
473	2.58572	103	104	132	#
474	2.58572	104	105	132	#
475	2.58572	105	106	132	#
476	2.22834	106	107	132	#
477	2.22834	107	108	132	#
478	2.22834	108	109	132	#
479	2.22834	109	110	132	#
480	2.22834	110	111	132	#
481	2.22834	111	112	132	#
482	2.22834	112	113	132	#
483	2.22834	113	114	132	#
484	2.22834	114	115	132	#
485	2.22834	115	116	132	#
486	2.22834	116	117	132	#
487	2.22834	117	118	132	#
488	2.22834	118	119	132	#
489	2.22834	119	120	132	#
490	2.22834	120	121	132	#
491	2.22834	121	122	132	#
492	2.22834	122	123	132	#
493	2.19269	123	124	132	#
494	2.19269	124	125	132	#
495	8.4066	0	1	2	3	4	5	6	7	133	#
496	8.4066	1	2	3	4	5	6	7	8	133	#
497	8.4066	2	3	4	5	6	7	8	9	133	#
498	8.4066	3	4	5	6	7	8	9	10	133	#
499	8.4066	4	5	6	7	8	9	10	11	133	#
500	8.4066	5	6	7	8	9	10	11	12	133	#
501	8.4066	6	7	8	9	10	11	12	13	133	#
502	8.4066	7	8	9	10	11	12	13	14	133	#
503	8.4066	8	9	10	11	12	13	14	15	133	#
504	8.4066	9	10	11	12	13	14	15	16	133	#
505	8.4066	10	11	12	13	14	15	16	17	133	#
506	8.4066	11	12	13	14	15	16	17	18	133	#
507	8.4066	12	13	14	15	16	17	18	19	133	#
508	8.4066	13	14	15	16	17	18	19	20	133	#
509	8.4066	14	15	16	17	18	19	20	21	133	#
510	8.4066	15	16	17	18	19	20	21	22	133	#
511	8.4066	16	17	18	19	20	21	22	23	133	#
512	8.4066	17	18	19	20	21	22	23	24	133	#
513	8.4066	18	19	20	21	22	23	24	25	133	#
514	8.4066	19	20	21	22	23	24	25	26	133	#
515	8.4066	20	21	22	23	24	25	26	27	133	#
516	8.4066	21	22	23	24	25	26	27	28	133	#
517	8.4066	22	23	24	25	26	27	28	29	133	#
518	8.4066	23	24	25	26	27	28	29	30	133	#
519	8.4066	24	25	26	27	28	29	30	31	133	#
520	8.4066	25	26	27	28	29	30	31	32	133	#
521	8.4066	26	27	28	29	30	31	32	33	133	#
522	8.4066	27	28	29	30	31	32	33	34	133	#
523	8.4066	28	29	30	31	32	33	34	35	133	#
524	8.4066	29	30	31	32	33	34	35	36	133	#
525	8.4066	30	31	32	33	34	35	36	37	133	#
526	8.4066	31	32	33	34	35	36	37	38	133	#
527	8.4066	32	33	34	35	36	37	38	39	133	#
528	8.4066	33	34	35	36	37	38	39	40	133	#
529	8.4066	34	35	36	37	38	39	40	41	133	#
530	8.4066	35	36	37	38	39	40	41	42	133	#
531	8.4066	36	37	38	39	40	41	42	43	133	#
532	8.4066	37	38	39	40	41	42	43	44	133	#
533	8.4066	38	39	40	41	42	43	44	45	133	#
534	8.4066	39	40	41	42	43	44	45	46	133	#
535	8.4066	40	41	42	43	44	45	46	47	133	#
536	8.4066	41	42	43	44	45	46	47	48	133	#
537	8.4066	42	43	44	45	46	47	48	49	133	#
538	8.4066	43	44	45	46	47	48	49	50	133	#
539	8.4066	44	45	46	47	48	49	50	51	133	#
540	8.4066	45	46	47	48	49	50	51	52	133	#
541	8.4066	46	47	48	49	50	51	52	53	133	#
542	8.4066	47	48	49	50	51	52	53	54	133	#
543	8.4066	48	49	50	51	52	53	54	55	133	#
544	8.4066	49	50	51	52	53	54	55	56	133	#
545	8.4066	50	51	52	53	54	55	56	57	133	#
546	8.4066	51	52	53	54	55	56	57	58	133	#
547	8.4066	52	53	54	55	56	57	58	59	133	#
548	8.4066	53	54	55	56	57	58	59	60	133	#
549	8.4066	54	55	56	57	58	59	60	61	133	#
550	8.4066	55	56	57	58	59	60	61	62	133	#
551	8.4066	56	57	58	59	60	61	62	63	133	#
552	8.4066	57	58	59	60	61	62	63	64	133	#
553	8.4066	58	59	60	61	62	63	64	65	133	#
554	8.4066	59	60	61	62	63	64	65	66	133	#
555	8.4066	60	61	62	63	64	65	66	67	133	#
556	8.4066	61	62	63	64	65	66	67	68	133	#
557	8.4066	62	63	64	65	66	67	68	69	133	#
558	8.4066	63	64	65	66	67	68	69	70	133	#
559	8.4066	64	65	66	67	68	69	70	71	133	#
560	8.4066	65	66	67	68	69	70	71	72	133	#
561	8.4066	66	67	68	69	70	71	72	73	133	#
562	8.4066	67	68	69	70	71	72	73	74	133	#
563	8.4066	68	69	70	71	72	73	74	75	133	#
564	8.4066	69	70	71	72	73	74	75	76	133	#
565	8.4066	70	71	72	73	74	75	76	77	133	#
566	8.4066	71	72	73	74	75	76	77	78	133	#
567	8.4066	72	73	74	75	76	77	78	79	133	#
568	8.4066	73	74	75	76	77	78	79	80	133	#
569	8.4066	74	75	76	77	78	79	80	81	133	#
570	8.4066	75	76	77	78	79	80	81	82	133	#
571	8.4066	76	77	78	79	80	81	82	83	133	#
572	8.4066	77	78	79	80	81	82	83	84	133	#
573	8.4066	78	79	80	81	82	83	84	85	133	#
574	8.4066	79	80	81	82	83	84	85	86	133	#
575	8.4066	80	81	82	83	84	85	86	87	133	#
576	8.4066	81	82	83	84	85	86	87	88	133	#
577	8.4066	82	83	84	85	86	87	88	89	133	#
578	8.4066	83	84	85	86	87	88	89	90	133	#
579	8.4066	84	85	86	87	88	89	90	91	133	#
580	8.4066	85	86	87	88	89	90	91	92	133	#
581	12.199	0	1	2	3	4	5	134	#
582	12.199	1	2	3	4	5	6	134	#
583	12.199	2	3	4	5	6	7	134	#
584	12.199	3	4	5	6	7	8	134	#
585	12.199	4	5	6	7	8	9	134	#
586	12.199	5	6	7	8	9	10	134	#
587	12.199	6	7	8	9	10	11	134	#
588	12.199	7	8	9	10	11	12	134	#
589	12.199	8	9	10	11	12	13	134	#
590	12.199	9	10	11	12	13	14	134	#
591	12.199	10	11	12	13	14	15	134	#
592	12.199	11	12	13	14	15	16	134	#
593	12.199	12	13	14	15	16	17	134	#
594	12.199	13	14	15	16	17	18	134	#
595	12.199	14	15	16	17	18	19	134	#
596	12.199	15	16	17	18	19	20	134	#
597	12.199	16	17	18	19	20	21	134	#
598	12.199	17	18	19	20	21	22	134	#
599	12.199	18	19	20	21	22	23	134	#
600	12.199	19	20	21	22	23	24	134	#
601	12.199	20	21	22	23	24	25	134	#
602	12.199	21	22	23	24	25	26	134	#
603	12.199	22	23	24	25	26	27	134	#
604	12.199	23	24	25	26	27	28	134	#
605	12.199	24	25	26	27	28	29	134	#
606	12.199	25	26	27	28	29	30	134	#
607	12.199	26	27	28	29	30	31	134	#
608	12.199	27	28	29	30	31	32	134	#
609	12.199	28	29	30	31	32	33	134	#
610	12.199	29	30	31	32	33	34	134	#
611	12.199	30	31	32	33	34	35	134	#
612	12.199	31	32	33	34	35	36	134	#
613	12.199	32	33	34	35	36	37	134	#
614	12.199	33	34	35	36	37	38	134	#
615	12.199	34	35	36	37	38	39	134	#
616	12.199	35	36	37	38	39	40	134	#
617	12.199	36	37	38	39	40	41	134	#
618	12.199	37	38	39	40	41	42	134	#
619	12.199	38	39	40	41	42	43	134	#
620	12.199	39	40	41	42	43	44	134	#
621	12.199	40	41	42	43	44	45	134	#
622	12.199	41	42	43	44	45	46	134	#
623	12.199	42	43	44	45	46	47	134	#
624	12.199	43	44	45	46	47	48	134	#
625	12.199	44	45	46	47	48	49	134	#
626	12.199	45	46	47	48	49	50	134	#
627	12.199	46	47	48	49	50	51	134	#
628	12.199	47	48	49	50	51	52	134	#
629	12.199	48	49	50	51	52	53	134	#
630	12.199	49	50	51	52	53	54	134	#
631	12.199	50	51	52	53	54	55	134	#
632	12.199	51	52	53	54	55	56	134	#
633	12.199	52	53	54	55	56	57	134	#
634	12.199	53	54	55	56	57	58	134	#
635	12.199	54	55	56	57	58	59	134	#
636	12.199	55	56	57	58	59	60	134	#
637	12.199	56	57	58	59	60	61	134	#
638	12.199	57	58	59	60	61	62	134	#
639	12.199	58	59	60	61	62	63	134	#
640	12.199	59	60	61	62	63	64	134	#
641	12.199	60	61	62	63	64	65	134	#
642	12.199	61	62	63	64	65	66	134	#
643	12.199	62	63	64	65	66	67	134	#
644	12.199	63	64	65	66	67	68	134	#
645	12.199	64	65	66	67	68	69	134	#
646	12.199	65	66	67	68	69	70	134	#
647	12.199	66	67	68	69	70	71	134	#
648	12.199	67	68	69	70	71	72	134	#
649	12.199	68	69	70	71	72	73	134	#
650	12.199	69	70	71	72	73	74	134	#
651	12.199	70	71	72	73	74	75	134	#
652	12.199	71	72	73	74	75	76	134	#
653	12.199	72	73	74	75	76	77	134	#
654	12.199	73	74	75	76	77	78	134	#
655	12.199	74	75	76	77	78	79	134	#
656	12.199	75	76	77	78	79	80	134	#
657	12.199	76	77	78	79	80	81	134	#
658	12.199	77	78	79	80	81	82	134	#
659	12.199	78	79	80	81	82	83	134	#
660	12.199	79	80	81	82	83	84	134	#
661	12.199	80	81	82	83	84	85	134	#
662	12.199	81	82	83	84	85	86	134	#
663	12.199	82	83	84	85	86	87	134	#
664	12.199	83	84	85	86	87	88	134	#
665	12.199	84	85	86	87	88	89	134	#
666	12.199	85	86	87	88	89	90	134	#
667	12.199	86	87	88	89	90	91	134	#
668	12.199	87	88	89	90	91	92	134	#
669	12.199	88	89	90	91	92	93	134	#
670	10.2208	89	90	91	92	93	94	134	#
671	10.2208	90	91	92	93	94	95	134	#
672	10.2208	91	92	93	94	95	96	134	#
673	10.2208	92	93	94	95	96	97	134	#
674	10.2208	93	94	95	96	97	98	134	#
675	10.2208	94	95	96	97	98	99	134	#
676	10.2208	95	96	97	98	99	100	134	#
677	10.2208	96	97	98	99	100	101	134	#
678	10.2208	97	98	99	100	101	102	134	#
679	10.2208	98	99	100	101	102	103	134	#
680	10.2208	99	100	101	102	103	104	134	#
681	10.2208	100	101	102	103	104	105	134	#
682	10.2208	101	102	103	104	105	106	134	#
683	10.2208	102	103	104	105	106	107	134	#
684	10.2208	103	104	105	106	107	108	134	#
685	10.2208	104	105	106	107	108	109	134	#
686	10.2208	105	106	107	108	109	110	134	#
687	10.2208	106	107	108	109	110	111	134	#
688	3.20949	0	1	135	#
689	3.20949	1	2	135	#
690	3.20949	2	3	135	#
691	3.20949	3	4	135	#
692	3.20949	4	5	135	#
693	3.20949	5	6	135	#
694	3.20949	6	7	135	#
695	3.20949	7	8	135	#
696	3.20949	8	9	135	#
697	3.20949	9	10	135	#
698	3.20949	10	11	135	#
699	3.20949	11	12	135	#
700	3.20949	12	13	135	#
701	3.20949	13	14	135	#
702	3.20949	14	15	135	#
703	19.5514	0	1	2	3	4	5	6	7	8	9	136	#
704	19.5514	1	2	3	4	5	6	7	8	9	10	136	#
705	19.5514	2	3	4	5	6	7	8	9	10	11	136	#
706	19.5514	3	4	5	6	7	8	9	10	11	12	136	#
707	19.5514	4	5	6	7	8	9	10	11	12	13	136	#
708	19.5514	5	6	7	8	9	10	11	12	13	14	136	#
709	19.5514	6	7	8	9	10	11	12	13	14	15	136	#
710	19.5514	7	8	9	10	11	12	13	14	15	16	136	#
711	19.5514	8	9	10	11	12	13	14	15	16	17	136	#
712	19.5514	9	10	11	12	13	14	15	16	17	18	136	#
713	19.5514	10	11	12	13	14	15	16	17	18	19	136	#
714	19.5514	11	12	13	14	15	16	17	18	19	20	136	#
715	19.5514	12	13	14	15	16	17	18	19	20	21	136	#
716	19.5514	13	14	15	16	17	18	19	20	21	22	136	#
717	19.5514	14	15	16	17	18	19	20	21	22	23	136	#
718	19.5514	15	16	17	18	19	20	21	22	23	24	136	#
719	19.5514	16	17	18	19	20	21	22	23	24	25	136	#
720	19.5514	17	18	19	20	21	22	23	24	25	26	136	#
721	19.5514	18	19	20	21	22	23	24	25	26	27	136	#
722	19.5514	19	20	21	22	23	24	25	26	27	28	136	#
723	19.5514	20	21	22	23	24	25	26	27	28	29	136	#
724	19.5514	21	22	23	24	25	26	27	28	29	30	136	#
725	19.5514	22	23	24	25	26	27	28	29	30	31	136	#
726	19.5514	23	24	25	26	27	28	29	30	31	32	136	#
727	19.5514	24	25	26	27	28	29	30	31	32	33	136	#
728	19.5514	25	26	27	28	29	30	31	32	33	34	136	#
729	19.5514	26	27	28	29	30	31	32	33	34	35	136	#
730	19.5514	27	28	29	30	31	32	33	34	35	36	136	#
731	19.5514	28	29	30	31	32	33	34	35	36	37	136	#
732	19.5514	29	30	31	32	33	34	35	36	37	38	136	#
733	19.5514	30	31	32	33	34	35	36	37	38	39	136	#
734	19.5514	31	32	33	34	35	36	37	38	39	40	136	#
735	19.5514	32	33	34	35	36	37	38	39	40	41	136	#
736	19.5514	33	34	35	36	37	38	39	40	41	42	136	#
737	19.5514	34	35	36	37	38	39	40	41	42	43	136	#
738	19.5514	35	36	37	38	39	40	41	42	43	44	136	#
739	19.5514	36	37	38	39	40	41	42	43	44	45	136	#
740	19.5514	37	38	39	40	41	42	43	44	45	46	136	#
741	19.5514	38	39	40	41	42	43	44	45	46	47	136	#
742	19.5514	39	40	41	42	43	44	45	46	47	48	136	#
743	19.5514	40	41	42	43	44	45	46	47	48	49	136	#
744	19.5514	41	42	43	44	45	46	47	48	49	50	136	#
745	19.5514	42	43	44	45	46	47	48	49	50	51	136	#
746	19.5514	43	44	45	46	47	48	49	50	51	52	136	#
747	19.5514	44	45	46	47	48	49	50	51	52	53	136	#
748	19.5514	45	46	47	48	49	50	51	52	53	54	136	#
749	19.5514	46	47	48	49	50	51	52	53	54	55	136	#
750	19.5514	47	48	49	50	51	52	53	54	55	56	136	#
751	19.5514	48	49	50	51	52	53	54	55	56	57	136	#
752	19.5514	49	50	51	52	53	54	55	56	57	58	136	#
753	19.5514	50	51	52	53	54	55	56	57	58	59	136	#
754	19.5514	51	52	53	54	55	56	57	58	59	60	136	#
755	19.5514	52	53	54	55	56	57	58	59	60	61	136	#
756	19.5514	53	54	55	56	57	58	59	60	61	62	136	#
757	19.5514	54	55	56	57	58	59	60	61	62	63	136	#
758	19.5514	55	56	57	58	59	60	61	62	63	64	136	#
759	19.5514	56	57	58	59	60	61	62	63	64	65	136	#
760	19.5514	57	58	59	60	61	62	63	64	65	66	136	#
761	19.5514	58	59	60	61	62	63	64	65	66	67	136	#
762	19.5514	59	60	61	62	63	64	65	66	67	68	136	#
763	19.5514	60	61	62	63	64	65	66	67	68	69	136	#
764	19.5514	61	62	63	64	65	66	67	68	69	70	136	#
765	19.5514	62	63	64	65	66	67	68	69	70	71	136	#
766	19.5514	63	64	65	66	67	68	69	70	71	72	136	#
767	19.5514	64	65	66	67	68	69	70	71	72	73	136	#
768	19.5514	65	66	67	68	69	70	71	72	73	74	136	#
769	19.5514	66	67	68	69	70	71	72	73	74	75	136	#
770	19.5514	67	68	69	70	71	72	73	74	75	76	136	#
771	19.5514	68	69	70	71	72	73	74	75	76	77	136	#
772	19.5514	69	70	71	72	73	74	75	76	77	78	136	#
773	19.5514	70	71	72	73	74	75	76	77	78	79	136	#
774	19.5514	71	72	73	74	75	76	77	78	79	80	136	#
775	19.5514	72	73	74	75	76	77	78	79	80	81	136	#
776	19.5514	73	74	75	76	77	78	79	80	81	82	136	#
777	0.622327	0	137	#
778	0.622327	1	137	#
779	0.622327	2	137	#
780	0.622327	3	137	#
781	0.622327	4	137	#
782	0.622327	5	137	#
783	0.622327	6	137	#
784	0.622327	7	137	#
785	0.622327	8	137	#
786	0.622327	9	137	#
787	0.622327	10	137	#
788	0.622327	11	137	#
789	0.622327	12	137	#
790	0.622327	13	137	#
791	0.622327	14	137	#
792	0.622327	15	137	#
793	0.622327	16	137	#
794	0.622327	17	137	#
795	0.622327	18	137	#
796	0.622327	19	137	#
797	0.622327	20	137	#
798	0.622327	21	137	#
799	0.622327	22	137	#
800	0.622327	23	137	#
801	0.622327	24	137	#
802	0.622327	25	137	#
803	0.622327	26	137	#
804	0.622327	27	137	#
805	0.350059	28	137	#
806	0.350059	29	137	#
807	0.350059	30	137	#
808	0.350059	31	137	#
809	0.350059	32	137	#
810	0.350059	33	137	#
811	0.350059	34	137	#
812	0.350059	35	137	#
813	0.350059	36	137	#
814	0.350059	37	137	#
815	0.350059	38	137	#
816	0.350059	39	137	#
817	0.350059	40	137	#
818	0.350059	41	137	#
819	0.350059	42	137	#
820	0.350059	43	137	#
821	0.350059	44	137	#
822	0.350059	45	137	#
823	0.350059	46	137	#
824	0.350059	47	137	#
825	0.350059	48	137	#
826	0.243519	49	137	#
827	0.243519	50	137	#
828	0.243519	51	137	#
829	0.243519	52	137	#
830	0.243519	53	137	#
831	0.243519	54	137	#
832	0.243519	55	137	#
833	0.243519	56	137	#
834	0.243519	57	137	#
835	0.243519	58	137	#
836	0.243519	59	137	#
837	0.243519	60	137	#
838	0.243519	61	137	#
839	0.243519	62	137	#
840	0.243519	63	137	#
841	0.243519	64	137	#
842	0.243519	65	137	#
843	0.243519	66	137	#
844	0.243519	67	137	#
845	0.243519	68	137	#
846	0.243519	69	137	#
847	0.171457	70	137	#
848	0.171457	71	137	#
849	0.171457	72	137	#
850	0.171457	73	137	#
851	0.171457	74	137	#
852	0.171457	75	137	#
853	0.171457	76	137	#
854	0.171457	77	137	#
855	0.171457	78	137	#
856	0.171457	79	137	#
857	0.171457	80	137	#
858	0.171457	81	137	#
859	0.171457	82	137	#
860	0.171457	83	137	#
861	0.171457	84	137	#
862	0.171457	85	137	#
863	0.171457	86	137	#
864	0.171457	87	137	#
865	0.171457	88	137	#
866	0.171457	89	137	#
867	0.171457	90	137	#
868	0.171457	91	137	#
869	0.171457	92	137	#
870	0.171457	93	137	#
871	0.171457	94	137	#
872	0.171457	95	137	#
873	0.171457	96	137	#
874	0.171457	97	137	#
875	0.171457	98	137	#
876	0.134423	99	137	#
877	0.134423	100	137	#
878	0.134423	101	137	#
879	0.134423	102	137	#
880	0.134423	103	137	#
881	0.134423	104	137	#
882	0.134423	105	137	#
883	0.134423	106	137	#
884	0.134423	107	137	#
885	0.134423	108	137	#
886	0.134423	109	137	#
887	0.134423	110	137	#
888	0.134423	111	137	#
889	0.134423	112	137	#
890	0.134423	113	137	#
891	0.134423	114	137	#
892	0.134423	115	137	#
893	0.134423	116	137	#
894	0.134423	117	137	#
895	0.134423	118	137	#
896	0.134423	119	137	#
897	0.134423	120	137	#
898	0.134423	121	137	#
899	0.134423	122	137	#
900	0.134423	123	137	#
901	0.134423	124	137	#
902	0.134423	125	137	#
903	0.133356	126	137	#
904	0.132306	127	137	#
905	11.4886	0	1	2	3	4	5	138	#
906	11.4886	1	2	3	4	5	6	138	#
907	11.4886	2	3	4	5	6	7	138	#
908	11.4886	3	4	5	6	7	8	138	#
909	11.4886	4	5	6	7	8	9	138	#
910	11.4886	5	6	7	8	9	10	138	#
911	11.4886	6	7	8	9	10	11	138	#
912	11.4886	7	8	9	10	11	12	138	#
913	11.4886	8	9	10	11	12	13	138	#
914	11.4886	9	10	11	12	13	14	138	#
915	11.4886	10	11	12	13	14	15	138	#
916	11.4886	11	12	13	14	15	16	138	#
917	11.4886	12	13	14	15	16	17	138	#
918	11.4886	13	14	15	16	17	18	138	#
919	11.4886	14	15	16	17	18	19	138	#
920	11.4886	15	16	17	18	19	20	138	#
921	11.4886	16	17	18	19	20	21	138	#
922	11.4886	17	18	19	20	21	22	138	#
923	11.4886	18	19	20	21	22	23	138	#
924	11.4886	19	20	21	22	23	24	138	#
925	11.4886	20	21	22	23	24	25	138	#
926	11.4886	21	22	23	24	25	26	138	#
927	11.4886	22	23	24	25	26	27	138	#
928	11.4886	23	24	25	26	27	28	138	#
929	11.4886	24	25	26	27	28	29	138	#
930	11.4886	25	26	27	28	29	30	138	#
931	11.4886	26	27	28	29	30	31	138	#
932	11.4886	27	28	29	30	31	32	138	#
933	11.4886	28	29	30	31	32	33	138	#
934	11.4886	29	30	31	32	33	34	138	#
935	11.4886	30	31	32	33	34	35	138	#
936	11.4886	31	32	33	34	35	36	138	#
937	11.4886	32	33	34	35	36	37	138	#
938	11.4886	33	34	35	36	37	38	138	#
939	11.4886	34	35	36	37	38	39	138	#
940	11.4886	35	36	37	38	39	40	138	#
941	11.4886	36	37	38	39	40	41	138	#
942	11.4886	37	38	39	40	41	42	138	#
943	11.4886	38	39	40	41	42	43	138	#
944	11.4886	39	40	41	42	43	44	138	#
945	11.4886	40	41	42	43	44	45	138	#
946	11.4886	41	42	43	44	45	46	138	#
947	11.4886	42	43	44	45	46	47	138	#
948	11.4886	43	44	45	46	47	48	138	#
949	11.4886	44	45	46	47	48	49	138	#
950	11.4886	45	46	47	48	49	50	138	#
951	11.4886	46	47	48	49	50	51	138	#
952	11.4886	47	48	49	50	51	52	138	#
953	11.4886	48	49	50	51	52	53	138	#
954	11.4886	49	50	51	52	53	54	138	#
955	11.4886	50	51	52	53	54	55	138	#
956	11.4886	51	52	53	54	55	56	138	#
957	11.4886	52	53	54	55	56	57	138	#
958	11.4886	53	54	55	56	57	58	138	#
959	11.4886	54	55	56	57	58	59	138	#
960	11.4886	55	56	57	58	59	60	138	#
961	11.4886	56	57	58	59	60	61	138	#
962	11.4886	57	58	59	60	61	62	138	#
963	11.4886	58	59	60	61	62	63	138	#
964	8.93558	59	60	61	62	63	64	138	#
965	8.93558	60	61	62	63	64	65	138	#
966	8.93558	61	62	63	64	65	66	138	#
967	8.93558	62	63	64	65	66	67	138	#
968	8.93558	63	64	65	66	67	68	138	#
969	8.93558	64	65	66	67	68	69	138	#
970	8.93558	65	66	67	68	69	70	138	#
971	8.93558	66	67	68	69	70	71	138	#
972	8.93558	67	68	69	70	71	72	138	#
973	8.93558	68	69	70	71	72	73	138	#
974	8.93558	69	70	71	72	73	74	138	#
975	8.93558	70	71	72	73	74	75	138	#
976	8.93558	71	72	73	74	75	76	138	#
977	8.93558	72	73	74	75	76	77	138	#
978	8.93558	73	74	75	76	77	78	138	#
979	8.93558	74	75	76	77	78	79	138	#
980	8.93558	75	76	77	78	79	80	138	#
981	8.93558	76	77	78	79	80	81	138	#
982	7.0959	77	78	79	80	81	82	138	#
983	7.0959	78	79	80	81	82	83	138	#
984	7.0959	79	80	81	82	83	84	138	#
985	7.0959	80	81	82	83	84	85	138	#
986	7.0959	81	82	83	84	85	86	138	#
987	7.0959	82	83	84	85	86	87	138	#
988	7.0959	83	84	85	86	87	88	138	#
989	7.0959	84	85	86	87	88	89	138	#
990	7.0959	85	86	87	88	89	90	138	#
991	7.0959	86	87	88	89	90	91	138	#
992	7.0959	87	88	89	90	91	92	138	#
993	7.0959	88	89	90	91	92	93	138	#
994	7.0959	89	90	91	92	93	94	138	#
995	7.0959	90	91	92	93	94	95	138	#
996	7.0959	91	92	93	94	95	96	138	#
997	7.0959	92	93	94	95	96	97	138	#
998	7.0959	93	94	95	96	97	98	138	#
999	7.0959	94	95	96	97	98	99	138	#
1000	7.0959	95	96	97	98	99	100	138	#
1001	7.0959	96	97	98	99	100	101	138	#
1002	7.0959	97	98	99	100	101	102	138	#
1003	5.83695	98	99	100	101	102	103	138	#
1004	5.83695	99	100	101	102	103	104	138	#
1005	5.83695	100	101	102	103	104	105	138	#
1006	5.83695	101	102	103	104	105	106	138	#
1007	5.83695	102	103	104	105	106	107	138	#
1008	5.83695	103	104	105	106	107	108	138	#
1009	5.83695	104	105	106	107	108	109	138	#
1010	5.83695	105	106	107	108	109	110	138	#
1011	5.83695	106	107	108	109	110	111	138	#
1012	5.83695	107	108	109	110	111	112	138	#
1013	5.83695	108	109	110	111	112	113	138	#
1014	5.83695	109	110	111	112	113	114	138	#
1015	5.83695	110	111	112	113	114	115	138	#
1016	5.83695	111	112	113	114	115	116	138	#
1017	5.83695	112	113	114	115	116	117	138	#
1018	5.83695	113	114	115	116	117	118	138	#
1019	5.83695	114	115	116	117	118	119	138	#
1020	5.83695	115	116	117	118	119	120	138	#
1021	5.83695	116	117	118	119	120	121	138	#
1022	5.83695	117	118	119	120	121	122	138	#
1023	5.83695	118	119	120	121	122	123	138	#
1024	5.83695	119	120	121	122	123	124	138	#
1025	5.69907	120	121	122	123	124	125	138	#
1026	5.69907	121	122	123	124	125	126	138	#
1027	5.69907	122	123	124	125	126	127	138	#
