%% File generated by CATS v.2.1Thu May  9 13:09:12 2024

%% The CATS webpage is http://robotics.stanford.edu/CATS

%% PARAMETER SETTINGS:
% Goods: 128; Bids: 1000; Distribution: scheduling; Runs: 1; Seed: 70
% Scheduling Distribution Parameters:
% max_length                = 10
% deviation                 = 0.500000
% prob_additional_deadline  = 0.700000
% additivity                = 0.200000



goods 128
bids 1050
dummy 11

0	2.95804	0	1	128	#
1	2.95804	1	2	128	#
2	2.95804	2	3	128	#
3	2.95804	3	4	128	#
4	2.95804	4	5	128	#
5	2.95804	5	6	128	#
6	2.95804	6	7	128	#
7	2.95804	7	8	128	#
8	2.95804	8	9	128	#
9	2.95804	9	10	128	#
10	2.95804	10	11	128	#
11	2.95804	11	12	128	#
12	2.95804	12	13	128	#
13	2.95804	13	14	128	#
14	2.95804	14	15	128	#
15	2.95804	15	16	128	#
16	2.95804	16	17	128	#
17	2.95804	17	18	128	#
18	2.95804	18	19	128	#
19	2.95804	19	20	128	#
20	2.95804	20	21	128	#
21	2.95804	21	22	128	#
22	2.95804	22	23	128	#
23	2.95804	23	24	128	#
24	2.95804	24	25	128	#
25	2.95804	25	26	128	#
26	2.95804	26	27	128	#
27	2.95804	27	28	128	#
28	2.95804	28	29	128	#
29	2.95804	29	30	128	#
30	2.95804	30	31	128	#
31	2.95804	31	32	128	#
32	2.95804	32	33	128	#
33	2.95804	33	34	128	#
34	2.95804	34	35	128	#
35	2.95804	35	36	128	#
36	2.95804	36	37	128	#
37	2.95804	37	38	128	#
38	2.95804	38	39	128	#
39	2.95804	39	40	128	#
40	2.95804	40	41	128	#
41	2.95804	41	42	128	#
42	2.95804	42	43	128	#
43	2.95804	43	44	128	#
44	2.95804	44	45	128	#
45	2.95804	45	46	128	#
46	2.95804	46	47	128	#
47	2.95804	47	48	128	#
48	2.95804	48	49	128	#
49	2.95804	49	50	128	#
50	2.95804	50	51	128	#
51	2.95804	51	52	128	#
52	2.95804	52	53	128	#
53	2.95804	53	54	128	#
54	2.95804	54	55	128	#
55	2.95804	55	56	128	#
56	2.95804	56	57	128	#
57	2.95804	57	58	128	#
58	2.95804	58	59	128	#
59	2.95804	59	60	128	#
60	2.95804	60	61	128	#
61	2.95804	61	62	128	#
62	2.95804	62	63	128	#
63	2.95804	63	64	128	#
64	2.95804	64	65	128	#
65	2.95804	65	66	128	#
66	2.95804	66	67	128	#
67	2.95804	67	68	128	#
68	2.95804	68	69	128	#
69	2.95804	69	70	128	#
70	2.95804	70	71	128	#
71	2.95804	71	72	128	#
72	2.95804	72	73	128	#
73	2.95804	73	74	128	#
74	7.31278	0	1	2	3	129	#
75	7.31278	1	2	3	4	129	#
76	7.31278	2	3	4	5	129	#
77	7.31278	3	4	5	6	129	#
78	7.31278	4	5	6	7	129	#
79	7.31278	5	6	7	8	129	#
80	7.31278	6	7	8	9	129	#
81	7.31278	7	8	9	10	129	#
82	7.31278	8	9	10	11	129	#
83	7.31278	9	10	11	12	129	#
84	7.31278	10	11	12	13	129	#
85	7.31278	11	12	13	14	129	#
86	7.31278	12	13	14	15	129	#
87	7.31278	13	14	15	16	129	#
88	7.31278	14	15	16	17	129	#
89	7.31278	15	16	17	18	129	#
90	7.31278	16	17	18	19	129	#
91	7.31278	17	18	19	20	129	#
92	7.31278	18	19	20	21	129	#
93	7.31278	19	20	21	22	129	#
94	7.31278	20	21	22	23	129	#
95	7.31278	21	22	23	24	129	#
96	7.31278	22	23	24	25	129	#
97	7.31278	23	24	25	26	129	#
98	7.31278	24	25	26	27	129	#
99	7.31278	25	26	27	28	129	#
100	7.31278	26	27	28	29	129	#
101	7.31278	27	28	29	30	129	#
102	7.31278	28	29	30	31	129	#
103	7.31278	29	30	31	32	129	#
104	7.31278	30	31	32	33	129	#
105	7.31278	31	32	33	34	129	#
106	7.31278	32	33	34	35	129	#
107	7.31278	33	34	35	36	129	#
108	7.31278	34	35	36	37	129	#
109	7.31278	35	36	37	38	129	#
110	7.31278	36	37	38	39	129	#
111	7.31278	37	38	39	40	129	#
112	7.31278	38	39	40	41	129	#
113	7.31278	39	40	41	42	129	#
114	7.31278	40	41	42	43	129	#
115	7.31278	41	42	43	44	129	#
116	7.31278	42	43	44	45	129	#
117	7.31278	43	44	45	46	129	#
118	7.31278	44	45	46	47	129	#
119	7.31278	45	46	47	48	129	#
120	3.94397	46	47	48	49	129	#
121	3.94397	47	48	49	50	129	#
122	3.94397	48	49	50	51	129	#
123	3.94397	49	50	51	52	129	#
124	3.94397	50	51	52	53	129	#
125	3.94397	51	52	53	54	129	#
126	3.94397	52	53	54	55	129	#
127	3.94397	53	54	55	56	129	#
128	3.94397	54	55	56	57	129	#
129	3.94397	55	56	57	58	129	#
130	3.94397	56	57	58	59	129	#
131	3.94397	57	58	59	60	129	#
132	3.94397	58	59	60	61	129	#
133	3.94397	59	60	61	62	129	#
134	3.94397	60	61	62	63	129	#
135	3.94397	61	62	63	64	129	#
136	3.94397	62	63	64	65	129	#
137	3.94397	63	64	65	66	129	#
138	3.94397	64	65	66	67	129	#
139	3.94397	65	66	67	68	129	#
140	3.94397	66	67	68	69	129	#
141	3.94397	67	68	69	70	129	#
142	3.94397	68	69	70	71	129	#
143	3.94397	69	70	71	72	129	#
144	3.94397	70	71	72	73	129	#
145	3.94397	71	72	73	74	129	#
146	3.94397	72	73	74	75	129	#
147	3.94397	73	74	75	76	129	#
148	3.94397	74	75	76	77	129	#
149	3.94397	75	76	77	78	129	#
150	3.94397	76	77	78	79	129	#
151	3.94397	77	78	79	80	129	#
152	3.94397	78	79	80	81	129	#
153	3.94397	79	80	81	82	129	#
154	3.94397	80	81	82	83	129	#
155	3.94397	81	82	83	84	129	#
156	3.94397	82	83	84	85	129	#
157	3.94397	83	84	85	86	129	#
158	3.94397	84	85	86	87	129	#
159	3.94397	85	86	87	88	129	#
160	3.94397	86	87	88	89	129	#
161	3.18966	0	1	2	130	#
162	3.18966	1	2	3	130	#
163	3.18966	2	3	4	130	#
164	3.18966	3	4	5	130	#
165	3.18966	4	5	6	130	#
166	3.18966	5	6	7	130	#
167	3.18966	6	7	8	130	#
168	3.18966	7	8	9	130	#
169	3.18966	8	9	10	130	#
170	3.18966	9	10	11	130	#
171	3.18966	10	11	12	130	#
172	3.18966	11	12	13	130	#
173	3.18966	12	13	14	130	#
174	3.18966	13	14	15	130	#
175	3.18966	14	15	16	130	#
176	3.18966	15	16	17	130	#
177	3.18966	16	17	18	130	#
178	3.18966	17	18	19	130	#
179	3.18966	18	19	20	130	#
180	3.18966	19	20	21	130	#
181	3.18966	20	21	22	130	#
182	3.18966	21	22	23	130	#
183	3.18966	22	23	24	130	#
184	3.18966	23	24	25	130	#
185	3.18966	24	25	26	130	#
186	3.18966	25	26	27	130	#
187	3.18966	26	27	28	130	#
188	3.18966	27	28	29	130	#
189	3.18966	28	29	30	130	#
190	3.18966	29	30	31	130	#
191	3.18966	30	31	32	130	#
192	3.18966	31	32	33	130	#
193	3.18966	32	33	34	130	#
194	3.18966	33	34	35	130	#
195	3.18966	34	35	36	130	#
196	3.18966	35	36	37	130	#
197	3.18966	36	37	38	130	#
198	3.18966	37	38	39	130	#
199	3.18966	38	39	40	130	#
200	3.18966	39	40	41	130	#
201	1.4371	40	41	42	130	#
202	1.4371	41	42	43	130	#
203	1.4371	42	43	44	130	#
204	1.4371	43	44	45	130	#
205	1.4371	44	45	46	130	#
206	1.4371	45	46	47	130	#
207	1.4371	46	47	48	130	#
208	1.4371	47	48	49	130	#
209	1.4371	48	49	50	130	#
210	1.4371	49	50	51	130	#
211	1.4371	50	51	52	130	#
212	1.4371	51	52	53	130	#
213	1.4371	52	53	54	130	#
214	1.4371	53	54	55	130	#
215	1.4371	54	55	56	130	#
216	1.4371	55	56	57	130	#
217	1.4371	56	57	58	130	#
218	1.4371	57	58	59	130	#
219	1.4371	58	59	60	130	#
220	1.4371	59	60	61	130	#
221	1.4371	60	61	62	130	#
222	1.4371	61	62	63	130	#
223	1.4371	62	63	64	130	#
224	1.4371	63	64	65	130	#
225	1.4371	64	65	66	130	#
226	1.4371	65	66	67	130	#
227	1.4371	66	67	68	130	#
228	1.4371	67	68	69	130	#
229	1.4371	68	69	70	130	#
230	1.4371	69	70	71	130	#
231	1.4371	70	71	72	130	#
232	1.4371	71	72	73	130	#
233	1.4371	72	73	74	130	#
234	1.4371	73	74	75	130	#
235	1.4371	74	75	76	130	#
236	1.4371	75	76	77	130	#
237	1.4371	76	77	78	130	#
238	1.4371	77	78	79	130	#
239	1.4371	78	79	80	130	#
240	1.4371	79	80	81	130	#
241	1.4371	80	81	82	130	#
242	1.4371	81	82	83	130	#
243	1.4371	82	83	84	130	#
244	1.4371	83	84	85	130	#
245	1.4371	84	85	86	130	#
246	1.4371	85	86	87	130	#
247	1.4371	86	87	88	130	#
248	1.4371	87	88	89	130	#
249	1.4371	88	89	90	130	#
250	1.4371	89	90	91	130	#
251	1.0898	90	91	92	130	#
252	1.0898	91	92	93	130	#
253	1.0898	92	93	94	130	#
254	1.0898	93	94	95	130	#
255	1.0898	94	95	96	130	#
256	1.0898	95	96	97	130	#
257	1.0898	96	97	98	130	#
258	1.0898	97	98	99	130	#
259	1.0898	98	99	100	130	#
260	1.0898	99	100	101	130	#
261	1.0898	100	101	102	130	#
262	1.0898	101	102	103	130	#
263	1.0898	102	103	104	130	#
264	1.0898	103	104	105	130	#
265	1.0898	104	105	106	130	#
266	1.0898	105	106	107	130	#
267	1.0898	106	107	108	130	#
268	1.0898	107	108	109	130	#
269	1.0898	108	109	110	130	#
270	1.0898	109	110	111	130	#
271	1.0898	110	111	112	130	#
272	1.0898	111	112	113	130	#
273	1.0898	112	113	114	130	#
274	1.0898	113	114	115	130	#
275	1.0898	114	115	116	130	#
276	1.0898	115	116	117	130	#
277	1.0898	116	117	118	130	#
278	1.0898	117	118	119	130	#
279	1.0898	118	119	120	130	#
280	1.02973	119	120	121	130	#
281	1.02973	120	121	122	130	#
282	1.02973	121	122	123	130	#
283	1.02973	122	123	124	130	#
284	1.02973	123	124	125	130	#
285	1.02973	124	125	126	130	#
286	1.02973	125	126	127	130	#
287	4.64643	0	1	2	3	4	131	#
288	4.64643	1	2	3	4	5	131	#
289	4.64643	2	3	4	5	6	131	#
290	4.64643	3	4	5	6	7	131	#
291	4.64643	4	5	6	7	8	131	#
292	4.64643	5	6	7	8	9	131	#
293	4.64643	6	7	8	9	10	131	#
294	4.64643	7	8	9	10	11	131	#
295	4.64643	8	9	10	11	12	131	#
296	4.64643	9	10	11	12	13	131	#
297	4.64643	10	11	12	13	14	131	#
298	4.64643	11	12	13	14	15	131	#
299	4.64643	12	13	14	15	16	131	#
300	4.64643	13	14	15	16	17	131	#
301	4.64643	14	15	16	17	18	131	#
302	4.64643	15	16	17	18	19	131	#
303	4.64643	16	17	18	19	20	131	#
304	4.64643	17	18	19	20	21	131	#
305	4.64643	18	19	20	21	22	131	#
306	4.64643	19	20	21	22	23	131	#
307	4.64643	20	21	22	23	24	131	#
308	1.02307	21	22	23	24	25	131	#
309	1.02307	22	23	24	25	26	131	#
310	1.02307	23	24	25	26	27	131	#
311	1.02307	24	25	26	27	28	131	#
312	1.02307	25	26	27	28	29	131	#
313	1.02307	26	27	28	29	30	131	#
314	1.02307	27	28	29	30	31	131	#
315	1.02307	28	29	30	31	32	131	#
316	1.02307	29	30	31	32	33	131	#
317	1.02307	30	31	32	33	34	131	#
318	1.02307	31	32	33	34	35	131	#
319	1.02307	32	33	34	35	36	131	#
320	1.02307	33	34	35	36	37	131	#
321	1.02307	34	35	36	37	38	131	#
322	1.02307	35	36	37	38	39	131	#
323	1.02307	36	37	38	39	40	131	#
324	1.02307	37	38	39	40	41	131	#
325	1.02307	38	39	40	41	42	131	#
326	1.02307	39	40	41	42	43	131	#
327	1.02307	40	41	42	43	44	131	#
328	1.02307	41	42	43	44	45	131	#
329	1.02307	42	43	44	45	46	131	#
330	1.02307	43	44	45	46	47	131	#
331	1.02307	44	45	46	47	48	131	#
332	1.02307	45	46	47	48	49	131	#
333	1.02307	46	47	48	49	50	131	#
334	1.02307	47	48	49	50	51	131	#
335	1.02307	48	49	50	51	52	131	#
336	1.02307	49	50	51	52	53	131	#
337	1.02307	50	51	52	53	54	131	#
338	1.02307	51	52	53	54	55	131	#
339	1.02307	52	53	54	55	56	131	#
340	1.02307	53	54	55	56	57	131	#
341	1.02307	54	55	56	57	58	131	#
342	1.02307	55	56	57	58	59	131	#
343	1.02307	56	57	58	59	60	131	#
344	1.02307	57	58	59	60	61	131	#
345	1.02307	58	59	60	61	62	131	#
346	1.02307	59	60	61	62	63	131	#
347	1.02307	60	61	62	63	64	131	#
348	1.02307	61	62	63	64	65	131	#
349	1.02307	62	63	64	65	66	131	#
350	1.02307	63	64	65	66	67	131	#
351	1.02307	64	65	66	67	68	131	#
352	1.02307	65	66	67	68	69	131	#
353	1.02307	66	67	68	69	70	131	#
354	1.02307	67	68	69	70	71	131	#
355	1.02307	68	69	70	71	72	131	#
356	1.02307	69	70	71	72	73	131	#
357	1.02307	70	71	72	73	74	131	#
358	1.02307	71	72	73	74	75	131	#
359	1.02307	72	73	74	75	76	131	#
360	1.02307	73	74	75	76	77	131	#
361	1.02307	74	75	76	77	78	131	#
362	1.02307	75	76	77	78	79	131	#
363	1.02307	76	77	78	79	80	131	#
364	1.02307	77	78	79	80	81	131	#
365	1.02307	78	79	80	81	82	131	#
366	1.02307	79	80	81	82	83	131	#
367	1.02307	80	81	82	83	84	131	#
368	1.02307	81	82	83	84	85	131	#
369	1.02307	82	83	84	85	86	131	#
370	1.02307	83	84	85	86	87	131	#
371	1.02307	84	85	86	87	88	131	#
372	1.02307	85	86	87	88	89	131	#
373	1.02307	86	87	88	89	90	131	#
374	1.02307	87	88	89	90	91	131	#
375	1.02307	88	89	90	91	92	131	#
376	1.02307	89	90	91	92	93	131	#
377	1.02307	90	91	92	93	94	131	#
378	1.02307	91	92	93	94	95	131	#
379	1.02307	92	93	94	95	96	131	#
380	1.02307	93	94	95	96	97	131	#
381	1.02307	94	95	96	97	98	131	#
382	1.02307	95	96	97	98	99	131	#
383	1.02307	96	97	98	99	100	131	#
384	1.02307	97	98	99	100	101	131	#
385	1.02307	98	99	100	101	102	131	#
386	1.02307	99	100	101	102	103	131	#
387	1.02307	100	101	102	103	104	131	#
388	1.02307	101	102	103	104	105	131	#
389	1.02307	102	103	104	105	106	131	#
390	1.02307	103	104	105	106	107	131	#
391	1.02307	104	105	106	107	108	131	#
392	1.02307	105	106	107	108	109	131	#
393	1.00463	106	107	108	109	110	131	#
394	1.00463	107	108	109	110	111	131	#
395	1.39935	0	132	#
396	1.39935	1	132	#
397	1.39935	2	132	#
398	1.39935	3	132	#
399	1.39935	4	132	#
400	1.39935	5	132	#
401	1.39935	6	132	#
402	1.39935	7	132	#
403	1.39935	8	132	#
404	1.39935	9	132	#
405	1.39935	10	132	#
406	1.39935	11	132	#
407	1.39935	12	132	#
408	1.39935	13	132	#
409	1.39935	14	132	#
410	1.39935	15	132	#
411	1.39935	16	132	#
412	1.39935	17	132	#
413	1.39935	18	132	#
414	1.39935	19	132	#
415	1.39935	20	132	#
416	1.39935	21	132	#
417	1.39935	22	132	#
418	1.39935	23	132	#
419	1.39935	24	132	#
420	1.39935	25	132	#
421	1.39935	26	132	#
422	1.39935	27	132	#
423	1.39935	28	132	#
424	1.39935	29	132	#
425	1.39935	30	132	#
426	1.39935	31	132	#
427	1.39935	32	132	#
428	1.39935	33	132	#
429	1.39935	34	132	#
430	1.39935	35	132	#
431	1.39935	36	132	#
432	1.39935	37	132	#
433	1.39935	38	132	#
434	1.39935	39	132	#
435	1.39935	40	132	#
436	1.39935	41	132	#
437	1.39935	42	132	#
438	1.39935	43	132	#
439	1.39935	44	132	#
440	1.39935	45	132	#
441	1.39935	46	132	#
442	1.39935	47	132	#
443	1.39935	48	132	#
444	1.39935	49	132	#
445	1.39935	50	132	#
446	1.39935	51	132	#
447	1.39935	52	132	#
448	1.39935	53	132	#
449	1.39935	54	132	#
450	1.39935	55	132	#
451	1.39935	56	132	#
452	1.39935	57	132	#
453	1.39935	58	132	#
454	1.39935	59	132	#
455	1.39935	60	132	#
456	1.39935	61	132	#
457	1.39935	62	132	#
458	1.39935	63	132	#
459	1.39935	64	132	#
460	1.39935	65	132	#
461	0.866267	66	132	#
462	0.866267	67	132	#
463	0.866267	68	132	#
464	0.866267	69	132	#
465	0.866267	70	132	#
466	0.866267	71	132	#
467	0.866267	72	132	#
468	0.866267	73	132	#
469	0.866267	74	132	#
470	0.866267	75	132	#
471	0.866267	76	132	#
472	0.866267	77	132	#
473	0.866267	78	132	#
474	0.866267	79	132	#
475	0.866267	80	132	#
476	0.866267	81	132	#
477	0.866267	82	132	#
478	0.866267	83	132	#
479	0.866267	84	132	#
480	0.866267	85	132	#
481	0.866267	86	132	#
482	0.866267	87	132	#
483	0.866267	88	132	#
484	0.866267	89	132	#
485	0.866267	90	132	#
486	0.866267	91	132	#
487	0.866267	92	132	#
488	0.866267	93	132	#
489	0.866267	94	132	#
490	0.866267	95	132	#
491	0.866267	96	132	#
492	0.866267	97	132	#
493	0.866267	98	132	#
494	0.866267	99	132	#
495	0.866267	100	132	#
496	0.866267	101	132	#
497	0.866267	102	132	#
498	0.866267	103	132	#
499	0.866267	104	132	#
500	0.866267	105	132	#
501	0.777419	106	132	#
502	0.777419	107	132	#
503	0.777419	108	132	#
504	0.777419	109	132	#
505	0.777419	110	132	#
506	0.777419	111	132	#
507	0.777419	112	132	#
508	0.777419	113	132	#
509	0.777419	114	132	#
510	0.777419	115	132	#
511	0.777419	116	132	#
512	0.777419	117	132	#
513	0.770831	118	132	#
514	0.764353	119	132	#
515	0.716205	120	132	#
516	0.716205	121	132	#
517	0.716205	122	132	#
518	0.716205	123	132	#
519	0.716205	124	132	#
520	0.716205	125	132	#
521	0.716205	126	132	#
522	0.716205	127	132	#
523	3.73819	0	1	2	3	4	133	#
524	3.73819	1	2	3	4	5	133	#
525	3.73819	2	3	4	5	6	133	#
526	3.73819	3	4	5	6	7	133	#
527	3.73819	4	5	6	7	8	133	#
528	3.73819	5	6	7	8	9	133	#
529	3.73819	6	7	8	9	10	133	#
530	3.73819	7	8	9	10	11	133	#
531	3.73819	8	9	10	11	12	133	#
532	3.73819	9	10	11	12	13	133	#
533	3.73819	10	11	12	13	14	133	#
534	3.73819	11	12	13	14	15	133	#
535	3.73819	12	13	14	15	16	133	#
536	3.73819	13	14	15	16	17	133	#
537	3.73819	14	15	16	17	18	133	#
538	3.73819	15	16	17	18	19	133	#
539	3.73819	16	17	18	19	20	133	#
540	3.73819	17	18	19	20	21	133	#
541	3.73819	18	19	20	21	22	133	#
542	3.73819	19	20	21	22	23	133	#
543	3.73819	20	21	22	23	24	133	#
544	3.73819	21	22	23	24	25	133	#
545	3.73819	22	23	24	25	26	133	#
546	3.73819	23	24	25	26	27	133	#
547	3.73819	24	25	26	27	28	133	#
548	3.73819	25	26	27	28	29	133	#
549	3.73819	26	27	28	29	30	133	#
550	3.73819	27	28	29	30	31	133	#
551	3.73819	28	29	30	31	32	133	#
552	3.73819	29	30	31	32	33	133	#
553	3.73819	30	31	32	33	34	133	#
554	3.73819	31	32	33	34	35	133	#
555	3.73819	32	33	34	35	36	133	#
556	3.73819	33	34	35	36	37	133	#
557	3.73819	34	35	36	37	38	133	#
558	3.73819	35	36	37	38	39	133	#
559	3.73819	36	37	38	39	40	133	#
560	3.73819	37	38	39	40	41	133	#
561	3.73819	38	39	40	41	42	133	#
562	3.73819	39	40	41	42	43	133	#
563	3.73819	40	41	42	43	44	133	#
564	3.73819	41	42	43	44	45	133	#
565	3.73819	42	43	44	45	46	133	#
566	3.73819	43	44	45	46	47	133	#
567	3.73819	44	45	46	47	48	133	#
568	3.73819	45	46	47	48	49	133	#
569	3.73819	46	47	48	49	50	133	#
570	3.73819	47	48	49	50	51	133	#
571	3.73819	48	49	50	51	52	133	#
572	3.73819	49	50	51	52	53	133	#
573	3.73819	50	51	52	53	54	133	#
574	3.73819	51	52	53	54	55	133	#
575	3.73819	52	53	54	55	56	133	#
576	3.73819	53	54	55	56	57	133	#
577	3.73819	54	55	56	57	58	133	#
578	3.73819	55	56	57	58	59	133	#
579	3.73819	56	57	58	59	60	133	#
580	3.73819	57	58	59	60	61	133	#
581	3.73819	58	59	60	61	62	133	#
582	3.73819	59	60	61	62	63	133	#
583	3.73819	60	61	62	63	64	133	#
584	3.73819	61	62	63	64	65	133	#
585	3.73819	62	63	64	65	66	133	#
586	3.73819	63	64	65	66	67	133	#
587	3.73819	64	65	66	67	68	133	#
588	3.73819	65	66	67	68	69	133	#
589	3.73819	66	67	68	69	70	133	#
590	3.73819	67	68	69	70	71	133	#
591	3.73819	68	69	70	71	72	133	#
592	3.73819	69	70	71	72	73	133	#
593	3.73819	70	71	72	73	74	133	#
594	3.73819	71	72	73	74	75	133	#
595	3.73819	72	73	74	75	76	133	#
596	3.73819	73	74	75	76	77	133	#
597	3.73819	74	75	76	77	78	133	#
598	3.73819	75	76	77	78	79	133	#
599	3.73819	76	77	78	79	80	133	#
600	3.73819	77	78	79	80	81	133	#
601	3.73819	78	79	80	81	82	133	#
602	3.73819	79	80	81	82	83	133	#
603	3.73819	80	81	82	83	84	133	#
604	3.73819	81	82	83	84	85	133	#
605	3.73819	82	83	84	85	86	133	#
606	3.73819	83	84	85	86	87	133	#
607	3.73819	84	85	86	87	88	133	#
608	3.73819	85	86	87	88	89	133	#
609	3.73819	86	87	88	89	90	133	#
610	3.73819	87	88	89	90	91	133	#
611	3.73819	88	89	90	91	92	133	#
612	3.73819	89	90	91	92	93	133	#
613	3.73819	90	91	92	93	94	133	#
614	3.73819	91	92	93	94	95	133	#
615	3.73819	92	93	94	95	96	133	#
616	3.73819	93	94	95	96	97	133	#
617	3.73819	94	95	96	97	98	133	#
618	3.73819	95	96	97	98	99	133	#
619	3.73819	96	97	98	99	100	133	#
620	3.73819	97	98	99	100	101	133	#
621	1.90785	0	1	2	134	#
622	1.90785	1	2	3	134	#
623	1.90785	2	3	4	134	#
624	1.90785	3	4	5	134	#
625	1.90785	4	5	6	134	#
626	1.90785	5	6	7	134	#
627	1.90785	6	7	8	134	#
628	0.897813	7	8	9	134	#
629	0.897813	8	9	10	134	#
630	0.897813	9	10	11	134	#
631	0.897813	10	11	12	134	#
632	0.897813	11	12	13	134	#
633	0.897813	12	13	14	134	#
634	0.897813	13	14	15	134	#
635	0.897813	14	15	16	134	#
636	0.897813	15	16	17	134	#
637	7.29486	0	1	2	3	4	5	6	7	135	#
638	7.29486	1	2	3	4	5	6	7	8	135	#
639	7.29486	2	3	4	5	6	7	8	9	135	#
640	7.29486	3	4	5	6	7	8	9	10	135	#
641	7.29486	4	5	6	7	8	9	10	11	135	#
642	7.29486	5	6	7	8	9	10	11	12	135	#
643	7.29486	6	7	8	9	10	11	12	13	135	#
644	7.29486	7	8	9	10	11	12	13	14	135	#
645	7.29486	8	9	10	11	12	13	14	15	135	#
646	7.29486	9	10	11	12	13	14	15	16	135	#
647	7.29486	10	11	12	13	14	15	16	17	135	#
648	7.29486	11	12	13	14	15	16	17	18	135	#
649	7.29486	12	13	14	15	16	17	18	19	135	#
650	7.29486	13	14	15	16	17	18	19	20	135	#
651	7.29486	14	15	16	17	18	19	20	21	135	#
652	7.29486	15	16	17	18	19	20	21	22	135	#
653	7.29486	16	17	18	19	20	21	22	23	135	#
654	7.29486	17	18	19	20	21	22	23	24	135	#
655	7.29486	18	19	20	21	22	23	24	25	135	#
656	7.29486	19	20	21	22	23	24	25	26	135	#
657	7.29486	20	21	22	23	24	25	26	27	135	#
658	7.29486	21	22	23	24	25	26	27	28	135	#
659	7.29486	22	23	24	25	26	27	28	29	135	#
660	7.29486	23	24	25	26	27	28	29	30	135	#
661	7.29486	24	25	26	27	28	29	30	31	135	#
662	7.29486	25	26	27	28	29	30	31	32	135	#
663	7.29486	26	27	28	29	30	31	32	33	135	#
664	7.29486	27	28	29	30	31	32	33	34	135	#
665	7.29486	28	29	30	31	32	33	34	35	135	#
666	7.29486	29	30	31	32	33	34	35	36	135	#
667	7.29486	30	31	32	33	34	35	36	37	135	#
668	7.29486	31	32	33	34	35	36	37	38	135	#
669	7.29486	32	33	34	35	36	37	38	39	135	#
670	7.29486	33	34	35	36	37	38	39	40	135	#
671	7.29486	34	35	36	37	38	39	40	41	135	#
672	7.29486	35	36	37	38	39	40	41	42	135	#
673	7.29486	36	37	38	39	40	41	42	43	135	#
674	7.29486	37	38	39	40	41	42	43	44	135	#
675	7.29486	38	39	40	41	42	43	44	45	135	#
676	7.29486	39	40	41	42	43	44	45	46	135	#
677	7.29486	40	41	42	43	44	45	46	47	135	#
678	7.29486	41	42	43	44	45	46	47	48	135	#
679	7.29486	42	43	44	45	46	47	48	49	135	#
680	7.29486	43	44	45	46	47	48	49	50	135	#
681	7.29486	44	45	46	47	48	49	50	51	135	#
682	7.29486	45	46	47	48	49	50	51	52	135	#
683	7.29486	46	47	48	49	50	51	52	53	135	#
684	7.29486	47	48	49	50	51	52	53	54	135	#
685	7.29486	48	49	50	51	52	53	54	55	135	#
686	7.29486	49	50	51	52	53	54	55	56	135	#
687	7.29486	50	51	52	53	54	55	56	57	135	#
688	7.29486	51	52	53	54	55	56	57	58	135	#
689	7.29486	52	53	54	55	56	57	58	59	135	#
690	7.29486	53	54	55	56	57	58	59	60	135	#
691	7.29486	54	55	56	57	58	59	60	61	135	#
692	7.29486	55	56	57	58	59	60	61	62	135	#
693	4.52281	56	57	58	59	60	61	62	63	135	#
694	4.52281	57	58	59	60	61	62	63	64	135	#
695	4.52281	58	59	60	61	62	63	64	65	135	#
696	4.52281	59	60	61	62	63	64	65	66	135	#
697	4.52281	60	61	62	63	64	65	66	67	135	#
698	4.52281	61	62	63	64	65	66	67	68	135	#
699	4.52281	62	63	64	65	66	67	68	69	135	#
700	4.52281	63	64	65	66	67	68	69	70	135	#
701	4.52281	64	65	66	67	68	69	70	71	135	#
702	4.52281	65	66	67	68	69	70	71	72	135	#
703	4.52281	66	67	68	69	70	71	72	73	135	#
704	4.52281	67	68	69	70	71	72	73	74	135	#
705	4.52281	68	69	70	71	72	73	74	75	135	#
706	4.52281	69	70	71	72	73	74	75	76	135	#
707	4.52281	70	71	72	73	74	75	76	77	135	#
708	4.52281	71	72	73	74	75	76	77	78	135	#
709	4.52281	72	73	74	75	76	77	78	79	135	#
710	4.52281	73	74	75	76	77	78	79	80	135	#
711	4.52281	74	75	76	77	78	79	80	81	135	#
712	4.52281	75	76	77	78	79	80	81	82	135	#
713	4.52281	76	77	78	79	80	81	82	83	135	#
714	4.52281	77	78	79	80	81	82	83	84	135	#
715	4.52281	78	79	80	81	82	83	84	85	135	#
716	4.52281	79	80	81	82	83	84	85	86	135	#
717	4.52281	80	81	82	83	84	85	86	87	135	#
718	4.52281	81	82	83	84	85	86	87	88	135	#
719	4.52281	82	83	84	85	86	87	88	89	135	#
720	4.52281	83	84	85	86	87	88	89	90	135	#
721	4.52281	84	85	86	87	88	89	90	91	135	#
722	4.52281	85	86	87	88	89	90	91	92	135	#
723	4.52281	86	87	88	89	90	91	92	93	135	#
724	4.52281	87	88	89	90	91	92	93	94	135	#
725	4.52281	88	89	90	91	92	93	94	95	135	#
726	4.52281	89	90	91	92	93	94	95	96	135	#
727	4.52281	90	91	92	93	94	95	96	97	135	#
728	4.52281	91	92	93	94	95	96	97	98	135	#
729	4.52281	92	93	94	95	96	97	98	99	135	#
730	4.52281	93	94	95	96	97	98	99	100	135	#
731	1.76674	0	1	136	#
732	1.76674	1	2	136	#
733	1.76674	2	3	136	#
734	1.76674	3	4	136	#
735	1.76674	4	5	136	#
736	1.76674	5	6	136	#
737	1.76674	6	7	136	#
738	1.76674	7	8	136	#
739	1.76674	8	9	136	#
740	1.76674	9	10	136	#
741	1.76674	10	11	136	#
742	1.76674	11	12	136	#
743	1.76674	12	13	136	#
744	1.76674	13	14	136	#
745	1.76674	14	15	136	#
746	1.76674	15	16	136	#
747	1.76674	16	17	136	#
748	1.76674	17	18	136	#
749	1.76674	18	19	136	#
750	1.76674	19	20	136	#
751	1.76674	20	21	136	#
752	1.76674	21	22	136	#
753	1.76674	22	23	136	#
754	1.76674	23	24	136	#
755	1.76674	24	25	136	#
756	1.76674	25	26	136	#
757	1.76674	26	27	136	#
758	1.76674	27	28	136	#
759	1.76674	28	29	136	#
760	1.76674	29	30	136	#
761	1.76674	30	31	136	#
762	1.76674	31	32	136	#
763	1.76674	32	33	136	#
764	1.76674	33	34	136	#
765	1.76674	34	35	136	#
766	1.76674	35	36	136	#
767	1.76674	36	37	136	#
768	1.76674	37	38	136	#
769	1.76674	38	39	136	#
770	1.76674	39	40	136	#
771	1.76674	40	41	136	#
772	1.76674	41	42	136	#
773	1.76674	42	43	136	#
774	1.76674	43	44	136	#
775	1.76674	44	45	136	#
776	1.76674	45	46	136	#
777	1.76674	46	47	136	#
778	1.76674	47	48	136	#
779	1.76674	48	49	136	#
780	1.76674	49	50	136	#
781	1.76674	50	51	136	#
782	1.76674	51	52	136	#
783	1.76674	52	53	136	#
784	1.76674	53	54	136	#
785	1.76674	54	55	136	#
786	1.76674	55	56	136	#
787	1.76674	56	57	136	#
788	1.76674	57	58	136	#
789	1.76674	58	59	136	#
790	1.76674	59	60	136	#
791	1.76674	60	61	136	#
792	1.76674	61	62	136	#
793	1.76674	62	63	136	#
794	1.76674	63	64	136	#
795	1.76674	64	65	136	#
796	1.76674	65	66	136	#
797	1.76674	66	67	136	#
798	1.76674	67	68	136	#
799	1.76674	68	69	136	#
800	1.76674	69	70	136	#
801	1.76674	70	71	136	#
802	1.76674	71	72	136	#
803	1.76674	72	73	136	#
804	1.59224	73	74	136	#
805	1.59224	74	75	136	#
806	1.59224	75	76	136	#
807	1.59224	76	77	136	#
808	1.59224	77	78	136	#
809	1.59224	78	79	136	#
810	1.59224	79	80	136	#
811	1.59224	80	81	136	#
812	1.24011	81	82	136	#
813	1.24011	82	83	136	#
814	1.24011	83	84	136	#
815	1.24011	84	85	136	#
816	1.24011	85	86	136	#
817	1.24011	86	87	136	#
818	1.24011	87	88	136	#
819	1.24011	88	89	136	#
820	1.24011	89	90	136	#
821	1.24011	90	91	136	#
822	1.24011	91	92	136	#
823	1.24011	92	93	136	#
824	1.24011	93	94	136	#
825	1.24011	94	95	136	#
826	1.24011	95	96	136	#
827	1.24011	96	97	136	#
828	1.24011	97	98	136	#
829	1.24011	98	99	136	#
830	1.24011	99	100	136	#
831	1.24011	100	101	136	#
832	1.24011	101	102	136	#
833	1.24011	102	103	136	#
834	1.24011	103	104	136	#
835	1.16191	104	105	136	#
836	1.16191	105	106	136	#
837	1.16191	106	107	136	#
838	1.16191	107	108	136	#
839	1.16191	108	109	136	#
840	1.16191	109	110	136	#
841	1.16191	110	111	136	#
842	3.02883	0	1	2	137	#
843	3.02883	1	2	3	137	#
844	3.02883	2	3	4	137	#
845	3.02883	3	4	5	137	#
846	3.02883	4	5	6	137	#
847	3.02883	5	6	7	137	#
848	3.02883	6	7	8	137	#
849	3.02883	7	8	9	137	#
850	3.02883	8	9	10	137	#
851	3.02883	9	10	11	137	#
852	3.02883	10	11	12	137	#
853	3.02883	11	12	13	137	#
854	3.02883	12	13	14	137	#
855	3.02883	13	14	15	137	#
856	3.02883	14	15	16	137	#
857	3.02883	15	16	17	137	#
858	3.02883	16	17	18	137	#
859	3.02883	17	18	19	137	#
860	3.02883	18	19	20	137	#
861	3.02883	19	20	21	137	#
862	3.02883	20	21	22	137	#
863	3.02883	21	22	23	137	#
864	3.02883	22	23	24	137	#
865	3.02883	23	24	25	137	#
866	3.02883	24	25	26	137	#
867	3.02883	25	26	27	137	#
868	3.02883	26	27	28	137	#
869	3.02883	27	28	29	137	#
870	3.02883	28	29	30	137	#
871	3.02883	29	30	31	137	#
872	3.02883	30	31	32	137	#
873	3.02883	31	32	33	137	#
874	3.02883	32	33	34	137	#
875	3.02883	33	34	35	137	#
876	3.02883	34	35	36	137	#
877	3.02883	35	36	37	137	#
878	3.02883	36	37	38	137	#
879	3.02883	37	38	39	137	#
880	3.02883	38	39	40	137	#
881	3.02883	39	40	41	137	#
882	3.02883	40	41	42	137	#
883	3.02883	41	42	43	137	#
884	3.02883	42	43	44	137	#
885	3.02883	43	44	45	137	#
886	3.02883	44	45	46	137	#
887	3.02883	45	46	47	137	#
888	3.02883	46	47	48	137	#
889	3.02883	47	48	49	137	#
890	3.02883	48	49	50	137	#
891	3.02883	49	50	51	137	#
892	3.02883	50	51	52	137	#
893	3.02883	51	52	53	137	#
894	3.02883	52	53	54	137	#
895	3.02883	53	54	55	137	#
896	3.02883	54	55	56	137	#
897	3.02883	55	56	57	137	#
898	3.02883	56	57	58	137	#
899	3.02883	57	58	59	137	#
900	3.02883	58	59	60	137	#
901	3.02883	59	60	61	137	#
902	3.02883	60	61	62	137	#
903	3.02883	61	62	63	137	#
904	3.02883	62	63	64	137	#
905	3.02883	63	64	65	137	#
906	3.02883	64	65	66	137	#
907	3.02883	65	66	67	137	#
908	3.02883	66	67	68	137	#
909	3.02883	67	68	69	137	#
910	3.02883	68	69	70	137	#
911	3.02883	69	70	71	137	#
912	3.02883	70	71	72	137	#
913	2.5656	71	72	73	137	#
914	2.5656	72	73	74	137	#
915	2.5656	73	74	75	137	#
916	2.5656	74	75	76	137	#
917	2.5656	75	76	77	137	#
918	2.5656	76	77	78	137	#
919	2.5656	77	78	79	137	#
920	2.5656	78	79	80	137	#
921	2.5656	79	80	81	137	#
922	2.5656	80	81	82	137	#
923	2.5656	81	82	83	137	#
924	2.5656	82	83	84	137	#
925	2.5656	83	84	85	137	#
926	6.88166	0	1	2	3	4	138	#
927	6.88166	1	2	3	4	5	138	#
928	6.88166	2	3	4	5	6	138	#
929	6.88166	3	4	5	6	7	138	#
930	6.88166	4	5	6	7	8	138	#
931	6.88166	5	6	7	8	9	138	#
932	6.88166	6	7	8	9	10	138	#
933	6.88166	7	8	9	10	11	138	#
934	6.88166	8	9	10	11	12	138	#
935	6.88166	9	10	11	12	13	138	#
936	6.88166	10	11	12	13	14	138	#
937	6.88166	11	12	13	14	15	138	#
938	6.88166	12	13	14	15	16	138	#
939	6.88166	13	14	15	16	17	138	#
940	6.88166	14	15	16	17	18	138	#
941	6.88166	15	16	17	18	19	138	#
942	6.88166	16	17	18	19	20	138	#
943	6.88166	17	18	19	20	21	138	#
944	6.88166	18	19	20	21	22	138	#
945	6.88166	19	20	21	22	23	138	#
946	6.88166	20	21	22	23	24	138	#
947	6.88166	21	22	23	24	25	138	#
948	6.88166	22	23	24	25	26	138	#
949	6.88166	23	24	25	26	27	138	#
950	6.88166	24	25	26	27	28	138	#
951	6.88166	25	26	27	28	29	138	#
952	6.88166	26	27	28	29	30	138	#
953	6.88166	27	28	29	30	31	138	#
954	6.88166	28	29	30	31	32	138	#
955	6.88166	29	30	31	32	33	138	#
956	6.88166	30	31	32	33	34	138	#
957	6.88166	31	32	33	34	35	138	#
958	6.88166	32	33	34	35	36	138	#
959	6.88166	33	34	35	36	37	138	#
960	6.88166	34	35	36	37	38	138	#
961	6.88166	35	36	37	38	39	138	#
962	6.88166	36	37	38	39	40	138	#
963	6.88166	37	38	39	40	41	138	#
964	6.88166	38	39	40	41	42	138	#
965	6.88166	39	40	41	42	43	138	#
966	6.88166	40	41	42	43	44	138	#
967	6.88166	41	42	43	44	45	138	#
968	6.88166	42	43	44	45	46	138	#
969	6.88166	43	44	45	46	47	138	#
970	6.88166	44	45	46	47	48	138	#
971	6.88166	45	46	47	48	49	138	#
972	6.88166	46	47	48	49	50	138	#
973	6.88166	47	48	49	50	51	138	#
974	6.88166	48	49	50	51	52	138	#
975	6.88166	49	50	51	52	53	138	#
976	6.88166	50	51	52	53	54	138	#
977	6.88166	51	52	53	54	55	138	#
978	6.88166	52	53	54	55	56	138	#
979	6.88166	53	54	55	56	57	138	#
980	6.88166	54	55	56	57	58	138	#
981	6.88166	55	56	57	58	59	138	#
982	6.88166	56	57	58	59	60	138	#
983	6.88166	57	58	59	60	61	138	#
984	6.88166	58	59	60	61	62	138	#
985	6.88166	59	60	61	62	63	138	#
986	6.88166	60	61	62	63	64	138	#
987	6.88166	61	62	63	64	65	138	#
988	6.88166	62	63	64	65	66	138	#
989	6.88166	63	64	65	66	67	138	#
990	6.88166	64	65	66	67	68	138	#
991	6.88166	65	66	67	68	69	138	#
992	6.88166	66	67	68	69	70	138	#
993	6.88166	67	68	69	70	71	138	#
994	6.88166	68	69	70	71	72	138	#
995	6.88166	69	70	71	72	73	138	#
996	6.88166	70	71	72	73	74	138	#
997	6.88166	71	72	73	74	75	138	#
998	6.88166	72	73	74	75	76	138	#
999	6.88166	73	74	75	76	77	138	#
1000	6.88166	74	75	76	77	78	138	#
1001	6.88166	75	76	77	78	79	138	#
1002	6.88166	76	77	78	79	80	138	#
1003	6.88166	77	78	79	80	81	138	#
1004	6.88166	78	79	80	81	82	138	#
1005	6.88166	79	80	81	82	83	138	#
1006	6.88166	80	81	82	83	84	138	#
1007	6.88166	81	82	83	84	85	138	#
1008	6.88166	82	83	84	85	86	138	#
1009	6.88166	83	84	85	86	87	138	#
1010	6.88166	84	85	86	87	88	138	#
1011	6.88166	85	86	87	88	89	138	#
1012	6.88166	86	87	88	89	90	138	#
1013	6.88166	87	88	89	90	91	138	#
1014	6.88166	88	89	90	91	92	138	#
1015	6.88166	89	90	91	92	93	138	#
1016	6.88166	90	91	92	93	94	138	#
1017	6.88166	91	92	93	94	95	138	#
1018	6.88166	92	93	94	95	96	138	#
1019	6.88166	93	94	95	96	97	138	#
1020	6.88166	94	95	96	97	98	138	#
1021	6.88166	95	96	97	98	99	138	#
1022	6.88166	96	97	98	99	100	138	#
1023	6.88166	97	98	99	100	101	138	#
1024	6.26169	98	99	100	101	102	138	#
1025	6.26169	99	100	101	102	103	138	#
1026	6.26169	100	101	102	103	104	138	#
1027	6.26169	101	102	103	104	105	138	#
1028	6.26169	102	103	104	105	106	138	#
1029	6.26169	103	104	105	106	107	138	#
1030	6.26169	104	105	106	107	108	138	#
1031	6.26169	105	106	107	108	109	138	#
1032	6.26169	106	107	108	109	110	138	#
1033	6.26169	107	108	109	110	111	138	#
1034	5.47282	108	109	110	111	112	138	#
1035	5.47282	109	110	111	112	113	138	#
1036	5.47282	110	111	112	113	114	138	#
1037	5.47282	111	112	113	114	115	138	#
1038	5.47282	112	113	114	115	116	138	#
1039	5.47282	113	114	115	116	117	138	#
1040	5.47282	114	115	116	117	118	138	#
1041	5.47282	115	116	117	118	119	138	#
1042	5.47282	116	117	118	119	120	138	#
1043	5.47282	117	118	119	120	121	138	#
1044	5.47282	118	119	120	121	122	138	#
1045	5.47282	119	120	121	122	123	138	#
1046	5.47282	120	121	122	123	124	138	#
1047	5.47282	121	122	123	124	125	138	#
1048	5.47282	122	123	124	125	126	138	#
1049	5.47282	123	124	125	126	127	138	#
