%% File generated by CATS v.2.1Thu May  9 13:09:11 2024

%% The CATS webpage is http://robotics.stanford.edu/CATS

%% PARAMETER SETTINGS:
% Goods: 128; Bids: 1000; Distribution: scheduling; Runs: 1; Seed: 13
% Scheduling Distribution Parameters:
% max_length                = 10
% deviation                 = 0.500000
% prob_additional_deadline  = 0.700000
% additivity                = 0.200000



goods 128
bids 1032
dummy 13

0	12.3569	0	1	2	3	4	5	6	128	#
1	12.3569	1	2	3	4	5	6	7	128	#
2	12.3569	2	3	4	5	6	7	8	128	#
3	12.3569	3	4	5	6	7	8	9	128	#
4	12.3569	4	5	6	7	8	9	10	128	#
5	12.3569	5	6	7	8	9	10	11	128	#
6	12.3569	6	7	8	9	10	11	12	128	#
7	12.3569	7	8	9	10	11	12	13	128	#
8	12.3569	8	9	10	11	12	13	14	128	#
9	12.3569	9	10	11	12	13	14	15	128	#
10	12.3569	10	11	12	13	14	15	16	128	#
11	12.3569	11	12	13	14	15	16	17	128	#
12	12.3569	12	13	14	15	16	17	18	128	#
13	12.3569	13	14	15	16	17	18	19	128	#
14	12.3569	14	15	16	17	18	19	20	128	#
15	12.3569	15	16	17	18	19	20	21	128	#
16	12.3569	16	17	18	19	20	21	22	128	#
17	12.3569	17	18	19	20	21	22	23	128	#
18	12.3569	18	19	20	21	22	23	24	128	#
19	12.3569	19	20	21	22	23	24	25	128	#
20	12.3569	20	21	22	23	24	25	26	128	#
21	12.3569	21	22	23	24	25	26	27	128	#
22	12.3569	22	23	24	25	26	27	28	128	#
23	12.3569	23	24	25	26	27	28	29	128	#
24	12.3569	24	25	26	27	28	29	30	128	#
25	12.3569	25	26	27	28	29	30	31	128	#
26	12.3569	26	27	28	29	30	31	32	128	#
27	12.3569	27	28	29	30	31	32	33	128	#
28	12.3569	28	29	30	31	32	33	34	128	#
29	12.3569	29	30	31	32	33	34	35	128	#
30	12.3569	30	31	32	33	34	35	36	128	#
31	12.3569	31	32	33	34	35	36	37	128	#
32	12.3569	32	33	34	35	36	37	38	128	#
33	12.3569	33	34	35	36	37	38	39	128	#
34	12.3569	34	35	36	37	38	39	40	128	#
35	12.3569	35	36	37	38	39	40	41	128	#
36	12.3569	36	37	38	39	40	41	42	128	#
37	12.3569	37	38	39	40	41	42	43	128	#
38	12.3569	38	39	40	41	42	43	44	128	#
39	12.3569	39	40	41	42	43	44	45	128	#
40	12.3569	40	41	42	43	44	45	46	128	#
41	12.3569	41	42	43	44	45	46	47	128	#
42	12.3569	42	43	44	45	46	47	48	128	#
43	12.3569	43	44	45	46	47	48	49	128	#
44	12.3569	44	45	46	47	48	49	50	128	#
45	12.3569	45	46	47	48	49	50	51	128	#
46	12.3569	46	47	48	49	50	51	52	128	#
47	12.3569	47	48	49	50	51	52	53	128	#
48	12.3569	48	49	50	51	52	53	54	128	#
49	12.3569	49	50	51	52	53	54	55	128	#
50	12.3569	50	51	52	53	54	55	56	128	#
51	12.3569	51	52	53	54	55	56	57	128	#
52	12.3569	52	53	54	55	56	57	58	128	#
53	12.3569	53	54	55	56	57	58	59	128	#
54	12.3569	54	55	56	57	58	59	60	128	#
55	12.3569	55	56	57	58	59	60	61	128	#
56	12.3569	56	57	58	59	60	61	62	128	#
57	12.3569	57	58	59	60	61	62	63	128	#
58	12.3569	58	59	60	61	62	63	64	128	#
59	12.3569	59	60	61	62	63	64	65	128	#
60	12.3569	60	61	62	63	64	65	66	128	#
61	12.3569	61	62	63	64	65	66	67	128	#
62	12.3569	62	63	64	65	66	67	68	128	#
63	12.3569	63	64	65	66	67	68	69	128	#
64	12.3569	64	65	66	67	68	69	70	128	#
65	12.3569	65	66	67	68	69	70	71	128	#
66	12.3569	66	67	68	69	70	71	72	128	#
67	12.3569	67	68	69	70	71	72	73	128	#
68	12.3569	68	69	70	71	72	73	74	128	#
69	12.3569	69	70	71	72	73	74	75	128	#
70	12.3569	70	71	72	73	74	75	76	128	#
71	12.3569	71	72	73	74	75	76	77	128	#
72	12.3569	72	73	74	75	76	77	78	128	#
73	12.3569	73	74	75	76	77	78	79	128	#
74	12.3569	74	75	76	77	78	79	80	128	#
75	12.3569	75	76	77	78	79	80	81	128	#
76	12.3569	76	77	78	79	80	81	82	128	#
77	12.3569	77	78	79	80	81	82	83	128	#
78	12.3569	78	79	80	81	82	83	84	128	#
79	12.3569	79	80	81	82	83	84	85	128	#
80	12.3569	80	81	82	83	84	85	86	128	#
81	12.3569	81	82	83	84	85	86	87	128	#
82	12.3569	82	83	84	85	86	87	88	128	#
83	12.3569	83	84	85	86	87	88	89	128	#
84	12.3569	84	85	86	87	88	89	90	128	#
85	12.3569	85	86	87	88	89	90	91	128	#
86	12.3569	86	87	88	89	90	91	92	128	#
87	12.3569	87	88	89	90	91	92	93	128	#
88	12.3569	88	89	90	91	92	93	94	128	#
89	12.3569	89	90	91	92	93	94	95	128	#
90	12.3569	90	91	92	93	94	95	96	128	#
91	12.3569	91	92	93	94	95	96	97	128	#
92	12.3569	92	93	94	95	96	97	98	128	#
93	12.3569	93	94	95	96	97	98	99	128	#
94	12.3569	94	95	96	97	98	99	100	128	#
95	12.3569	95	96	97	98	99	100	101	128	#
96	12.3569	96	97	98	99	100	101	102	128	#
97	12.3569	97	98	99	100	101	102	103	128	#
98	12.3569	98	99	100	101	102	103	104	128	#
99	12.3569	99	100	101	102	103	104	105	128	#
100	12.3569	100	101	102	103	104	105	106	128	#
101	12.3569	101	102	103	104	105	106	107	128	#
102	10.7495	102	103	104	105	106	107	108	128	#
103	10.7495	103	104	105	106	107	108	109	128	#
104	10.7495	104	105	106	107	108	109	110	128	#
105	10.7495	105	106	107	108	109	110	111	128	#
106	10.7495	106	107	108	109	110	111	112	128	#
107	10.7495	107	108	109	110	111	112	113	128	#
108	10.7495	108	109	110	111	112	113	114	128	#
109	10.7495	109	110	111	112	113	114	115	128	#
110	10.7495	110	111	112	113	114	115	116	128	#
111	10.7495	111	112	113	114	115	116	117	128	#
112	10.7495	112	113	114	115	116	117	118	128	#
113	10.7495	113	114	115	116	117	118	119	128	#
114	10.7495	114	115	116	117	118	119	120	128	#
115	10.7495	115	116	117	118	119	120	121	128	#
116	10.7495	116	117	118	119	120	121	122	128	#
117	10.7495	117	118	119	120	121	122	123	128	#
118	10.5775	118	119	120	121	122	123	124	128	#
119	10.5775	119	120	121	122	123	124	125	128	#
120	10.4109	120	121	122	123	124	125	126	128	#
121	10.4109	121	122	123	124	125	126	127	128	#
122	0.708748	0	129	#
123	0.708748	1	129	#
124	0.708748	2	129	#
125	0.708748	3	129	#
126	0.708748	4	129	#
127	0.708748	5	129	#
128	0.708748	6	129	#
129	0.708748	7	129	#
130	0.708748	8	129	#
131	0.708748	9	129	#
132	0.708748	10	129	#
133	0.708748	11	129	#
134	0.708748	12	129	#
135	0.708748	13	129	#
136	0.708748	14	129	#
137	0.708748	15	129	#
138	0.708748	16	129	#
139	0.708748	17	129	#
140	0.708748	18	129	#
141	0.708748	19	129	#
142	0.708748	20	129	#
143	0.708748	21	129	#
144	0.708748	22	129	#
145	0.708748	23	129	#
146	0.708748	24	129	#
147	0.708748	25	129	#
148	0.708748	26	129	#
149	0.708748	27	129	#
150	0.708748	28	129	#
151	0.708748	29	129	#
152	0.708748	30	129	#
153	0.708748	31	129	#
154	0.708748	32	129	#
155	0.708748	33	129	#
156	0.708748	34	129	#
157	0.708748	35	129	#
158	0.708748	36	129	#
159	0.708748	37	129	#
160	0.708748	38	129	#
161	0.708748	39	129	#
162	0.708748	40	129	#
163	0.708748	41	129	#
164	0.708748	42	129	#
165	0.708748	43	129	#
166	0.708748	44	129	#
167	0.708748	45	129	#
168	0.708748	46	129	#
169	0.708748	47	129	#
170	0.708748	48	129	#
171	0.708748	49	129	#
172	0.708748	50	129	#
173	0.708748	51	129	#
174	0.708748	52	129	#
175	0.708748	53	129	#
176	0.708748	54	129	#
177	0.708748	55	129	#
178	0.708748	56	129	#
179	0.708748	57	129	#
180	0.708748	58	129	#
181	0.708748	59	129	#
182	0.708748	60	129	#
183	0.708748	61	129	#
184	0.708748	62	129	#
185	0.708748	63	129	#
186	0.708748	64	129	#
187	0.708748	65	129	#
188	0.708748	66	129	#
189	0.708748	67	129	#
190	0.708748	68	129	#
191	0.708748	69	129	#
192	0.708748	70	129	#
193	0.708748	71	129	#
194	0.708748	72	129	#
195	0.708748	73	129	#
196	0.708748	74	129	#
197	0.708748	75	129	#
198	0.708748	76	129	#
199	0.708748	77	129	#
200	0.708748	78	129	#
201	0.708748	79	129	#
202	0.708748	80	129	#
203	0.708748	81	129	#
204	0.708748	82	129	#
205	0.708748	83	129	#
206	0.708748	84	129	#
207	0.708748	85	129	#
208	0.708748	86	129	#
209	0.708748	87	129	#
210	0.708748	88	129	#
211	0.708748	89	129	#
212	0.708748	90	129	#
213	0.708748	91	129	#
214	0.708748	92	129	#
215	0.708748	93	129	#
216	0.708748	94	129	#
217	0.708748	95	129	#
218	0.708748	96	129	#
219	0.708748	97	129	#
220	0.708748	98	129	#
221	0.708748	99	129	#
222	0.708748	100	129	#
223	0.708748	101	129	#
224	0.708748	102	129	#
225	0.708748	103	129	#
226	0.708748	104	129	#
227	0.708748	105	129	#
228	0.708748	106	129	#
229	0.708748	107	129	#
230	0.708748	108	129	#
231	0.708748	109	129	#
232	0.708748	110	129	#
233	0.708748	111	129	#
234	0.708748	112	129	#
235	6.62284	0	1	2	3	4	130	#
236	6.62284	1	2	3	4	5	130	#
237	6.62284	2	3	4	5	6	130	#
238	6.62284	3	4	5	6	7	130	#
239	6.62284	4	5	6	7	8	130	#
240	6.62284	5	6	7	8	9	130	#
241	6.62284	6	7	8	9	10	130	#
242	6.62284	7	8	9	10	11	130	#
243	6.62284	8	9	10	11	12	130	#
244	6.62284	9	10	11	12	13	130	#
245	6.62284	10	11	12	13	14	130	#
246	6.62284	11	12	13	14	15	130	#
247	6.62284	12	13	14	15	16	130	#
248	6.62284	13	14	15	16	17	130	#
249	6.62284	14	15	16	17	18	130	#
250	6.62284	15	16	17	18	19	130	#
251	6.62284	16	17	18	19	20	130	#
252	6.62284	17	18	19	20	21	130	#
253	6.62284	18	19	20	21	22	130	#
254	6.62284	19	20	21	22	23	130	#
255	6.62284	20	21	22	23	24	130	#
256	6.62284	21	22	23	24	25	130	#
257	6.62284	22	23	24	25	26	130	#
258	6.62284	23	24	25	26	27	130	#
259	6.62284	24	25	26	27	28	130	#
260	6.62284	25	26	27	28	29	130	#
261	6.62284	26	27	28	29	30	130	#
262	6.62284	27	28	29	30	31	130	#
263	6.62284	28	29	30	31	32	130	#
264	6.62284	29	30	31	32	33	130	#
265	6.62284	30	31	32	33	34	130	#
266	6.62284	31	32	33	34	35	130	#
267	6.62284	32	33	34	35	36	130	#
268	11.1829	0	1	2	3	4	5	6	7	131	#
269	11.1829	1	2	3	4	5	6	7	8	131	#
270	11.1829	2	3	4	5	6	7	8	9	131	#
271	11.1829	3	4	5	6	7	8	9	10	131	#
272	11.1829	4	5	6	7	8	9	10	11	131	#
273	11.1829	5	6	7	8	9	10	11	12	131	#
274	11.1829	6	7	8	9	10	11	12	13	131	#
275	11.1829	7	8	9	10	11	12	13	14	131	#
276	11.1829	8	9	10	11	12	13	14	15	131	#
277	11.1829	9	10	11	12	13	14	15	16	131	#
278	11.1829	10	11	12	13	14	15	16	17	131	#
279	11.1829	11	12	13	14	15	16	17	18	131	#
280	11.1829	12	13	14	15	16	17	18	19	131	#
281	11.1829	13	14	15	16	17	18	19	20	131	#
282	11.1829	14	15	16	17	18	19	20	21	131	#
283	11.1829	15	16	17	18	19	20	21	22	131	#
284	11.1829	16	17	18	19	20	21	22	23	131	#
285	11.1829	17	18	19	20	21	22	23	24	131	#
286	11.1829	18	19	20	21	22	23	24	25	131	#
287	11.1829	19	20	21	22	23	24	25	26	131	#
288	11.1829	20	21	22	23	24	25	26	27	131	#
289	11.1829	21	22	23	24	25	26	27	28	131	#
290	11.1829	22	23	24	25	26	27	28	29	131	#
291	11.1829	23	24	25	26	27	28	29	30	131	#
292	11.1829	24	25	26	27	28	29	30	31	131	#
293	11.1829	25	26	27	28	29	30	31	32	131	#
294	11.1829	26	27	28	29	30	31	32	33	131	#
295	11.1829	27	28	29	30	31	32	33	34	131	#
296	11.1829	28	29	30	31	32	33	34	35	131	#
297	11.1829	29	30	31	32	33	34	35	36	131	#
298	11.1829	30	31	32	33	34	35	36	37	131	#
299	11.1829	31	32	33	34	35	36	37	38	131	#
300	11.1829	32	33	34	35	36	37	38	39	131	#
301	11.1829	33	34	35	36	37	38	39	40	131	#
302	11.1829	34	35	36	37	38	39	40	41	131	#
303	11.1829	35	36	37	38	39	40	41	42	131	#
304	11.1829	36	37	38	39	40	41	42	43	131	#
305	11.1829	37	38	39	40	41	42	43	44	131	#
306	11.1829	38	39	40	41	42	43	44	45	131	#
307	11.1829	39	40	41	42	43	44	45	46	131	#
308	11.1829	40	41	42	43	44	45	46	47	131	#
309	11.1829	41	42	43	44	45	46	47	48	131	#
310	11.1829	42	43	44	45	46	47	48	49	131	#
311	11.1829	43	44	45	46	47	48	49	50	131	#
312	11.1829	44	45	46	47	48	49	50	51	131	#
313	11.1829	45	46	47	48	49	50	51	52	131	#
314	11.1829	46	47	48	49	50	51	52	53	131	#
315	11.1829	47	48	49	50	51	52	53	54	131	#
316	11.1829	48	49	50	51	52	53	54	55	131	#
317	11.1829	49	50	51	52	53	54	55	56	131	#
318	11.1829	50	51	52	53	54	55	56	57	131	#
319	11.1829	51	52	53	54	55	56	57	58	131	#
320	11.1829	52	53	54	55	56	57	58	59	131	#
321	11.1829	53	54	55	56	57	58	59	60	131	#
322	11.1829	54	55	56	57	58	59	60	61	131	#
323	11.1829	55	56	57	58	59	60	61	62	131	#
324	11.1829	56	57	58	59	60	61	62	63	131	#
325	11.1829	57	58	59	60	61	62	63	64	131	#
326	11.1829	58	59	60	61	62	63	64	65	131	#
327	11.1829	59	60	61	62	63	64	65	66	131	#
328	11.1829	60	61	62	63	64	65	66	67	131	#
329	11.1829	61	62	63	64	65	66	67	68	131	#
330	11.1829	62	63	64	65	66	67	68	69	131	#
331	11.1829	63	64	65	66	67	68	69	70	131	#
332	11.1829	64	65	66	67	68	69	70	71	131	#
333	11.1829	65	66	67	68	69	70	71	72	131	#
334	11.1829	66	67	68	69	70	71	72	73	131	#
335	11.1829	67	68	69	70	71	72	73	74	131	#
336	11.1829	68	69	70	71	72	73	74	75	131	#
337	11.1829	69	70	71	72	73	74	75	76	131	#
338	11.1829	70	71	72	73	74	75	76	77	131	#
339	11.1829	71	72	73	74	75	76	77	78	131	#
340	11.1829	72	73	74	75	76	77	78	79	131	#
341	11.1829	73	74	75	76	77	78	79	80	131	#
342	11.1829	74	75	76	77	78	79	80	81	131	#
343	11.1829	75	76	77	78	79	80	81	82	131	#
344	11.1829	76	77	78	79	80	81	82	83	131	#
345	11.1829	77	78	79	80	81	82	83	84	131	#
346	11.1829	78	79	80	81	82	83	84	85	131	#
347	11.1829	79	80	81	82	83	84	85	86	131	#
348	11.1829	80	81	82	83	84	85	86	87	131	#
349	11.1829	81	82	83	84	85	86	87	88	131	#
350	11.1829	82	83	84	85	86	87	88	89	131	#
351	11.1829	83	84	85	86	87	88	89	90	131	#
352	11.1829	84	85	86	87	88	89	90	91	131	#
353	11.1829	85	86	87	88	89	90	91	92	131	#
354	11.1829	86	87	88	89	90	91	92	93	131	#
355	11.1829	87	88	89	90	91	92	93	94	131	#
356	11.1829	88	89	90	91	92	93	94	95	131	#
357	11.1829	89	90	91	92	93	94	95	96	131	#
358	11.1829	90	91	92	93	94	95	96	97	131	#
359	11.1829	91	92	93	94	95	96	97	98	131	#
360	11.1829	92	93	94	95	96	97	98	99	131	#
361	11.1829	93	94	95	96	97	98	99	100	131	#
362	11.1829	94	95	96	97	98	99	100	101	131	#
363	11.1829	95	96	97	98	99	100	101	102	131	#
364	11.1829	96	97	98	99	100	101	102	103	131	#
365	11.1829	97	98	99	100	101	102	103	104	131	#
366	11.1829	98	99	100	101	102	103	104	105	131	#
367	11.1829	99	100	101	102	103	104	105	106	131	#
368	11.1829	100	101	102	103	104	105	106	107	131	#
369	11.1829	101	102	103	104	105	106	107	108	131	#
370	11.1829	102	103	104	105	106	107	108	109	131	#
371	11.1829	103	104	105	106	107	108	109	110	131	#
372	11.1829	104	105	106	107	108	109	110	111	131	#
373	11.1829	105	106	107	108	109	110	111	112	131	#
374	11.1829	106	107	108	109	110	111	112	113	131	#
375	11.1829	107	108	109	110	111	112	113	114	131	#
376	1.54252	0	1	132	#
377	1.54252	1	2	132	#
378	1.54252	2	3	132	#
379	1.54252	3	4	132	#
380	1.54252	4	5	132	#
381	1.54252	5	6	132	#
382	1.54252	6	7	132	#
383	1.54252	7	8	132	#
384	1.54252	8	9	132	#
385	1.54252	9	10	132	#
386	1.54252	10	11	132	#
387	1.54252	11	12	132	#
388	1.54252	12	13	132	#
389	1.54252	13	14	132	#
390	1.54252	14	15	132	#
391	1.54252	15	16	132	#
392	1.54252	16	17	132	#
393	1.54252	17	18	132	#
394	1.54252	18	19	132	#
395	1.54252	19	20	132	#
396	1.54252	20	21	132	#
397	1.54252	21	22	132	#
398	1.54252	22	23	132	#
399	1.54252	23	24	132	#
400	1.54252	24	25	132	#
401	1.54252	25	26	132	#
402	1.54252	26	27	132	#
403	1.54252	27	28	132	#
404	1.54252	28	29	132	#
405	1.54252	29	30	132	#
406	1.54252	30	31	132	#
407	1.54252	31	32	132	#
408	1.54252	32	33	132	#
409	1.54252	33	34	132	#
410	1.54252	34	35	132	#
411	1.54252	35	36	132	#
412	1.54252	36	37	132	#
413	1.54252	37	38	132	#
414	1.54252	38	39	132	#
415	1.54252	39	40	132	#
416	1.54252	40	41	132	#
417	1.54252	41	42	132	#
418	1.54252	42	43	132	#
419	1.54252	43	44	132	#
420	1.54252	44	45	132	#
421	1.54252	45	46	132	#
422	1.54252	46	47	132	#
423	1.54252	47	48	132	#
424	1.54252	48	49	132	#
425	1.54252	49	50	132	#
426	1.54252	50	51	132	#
427	1.54252	51	52	132	#
428	1.54252	52	53	132	#
429	1.54252	53	54	132	#
430	1.54252	54	55	132	#
431	1.54252	55	56	132	#
432	1.54252	56	57	132	#
433	1.54252	57	58	132	#
434	1.54252	58	59	132	#
435	1.54252	59	60	132	#
436	1.54252	60	61	132	#
437	1.54252	61	62	132	#
438	1.54252	62	63	132	#
439	1.54252	63	64	132	#
440	1.54252	64	65	132	#
441	1.54252	65	66	132	#
442	1.54252	66	67	132	#
443	1.54252	67	68	132	#
444	4.63697	0	1	2	133	#
445	4.63697	1	2	3	133	#
446	4.63697	2	3	4	133	#
447	4.63697	3	4	5	133	#
448	4.63697	4	5	6	133	#
449	4.63697	5	6	7	133	#
450	4.63697	6	7	8	133	#
451	4.63697	7	8	9	133	#
452	4.63697	8	9	10	133	#
453	4.63697	9	10	11	133	#
454	4.63697	10	11	12	133	#
455	4.63697	11	12	13	133	#
456	4.63697	12	13	14	133	#
457	4.63697	13	14	15	133	#
458	4.63697	14	15	16	133	#
459	4.63697	15	16	17	133	#
460	4.63697	16	17	18	133	#
461	4.63697	17	18	19	133	#
462	4.63697	18	19	20	133	#
463	4.63697	19	20	21	133	#
464	4.63697	20	21	22	133	#
465	4.63697	21	22	23	133	#
466	4.63697	22	23	24	133	#
467	4.63697	23	24	25	133	#
468	4.63697	24	25	26	133	#
469	4.63697	25	26	27	133	#
470	4.63697	26	27	28	133	#
471	4.63697	27	28	29	133	#
472	4.63697	28	29	30	133	#
473	4.63697	29	30	31	133	#
474	4.63697	30	31	32	133	#
475	4.63697	31	32	33	133	#
476	4.63697	32	33	34	133	#
477	4.63697	33	34	35	133	#
478	4.63697	34	35	36	133	#
479	4.63697	35	36	37	133	#
480	4.63697	36	37	38	133	#
481	4.63697	37	38	39	133	#
482	4.63697	38	39	40	133	#
483	4.63697	39	40	41	133	#
484	4.63697	40	41	42	133	#
485	4.63697	41	42	43	133	#
486	4.63697	42	43	44	133	#
487	4.63697	43	44	45	133	#
488	4.63697	44	45	46	133	#
489	4.63697	45	46	47	133	#
490	4.63697	46	47	48	133	#
491	4.63697	47	48	49	133	#
492	4.63697	48	49	50	133	#
493	4.63697	49	50	51	133	#
494	4.63697	50	51	52	133	#
495	4.63697	51	52	53	133	#
496	4.63697	52	53	54	133	#
497	4.63697	53	54	55	133	#
498	4.63697	54	55	56	133	#
499	4.63697	55	56	57	133	#
500	4.63697	56	57	58	133	#
501	4.63697	57	58	59	133	#
502	4.63697	58	59	60	133	#
503	4.63697	59	60	61	133	#
504	4.63697	60	61	62	133	#
505	4.63697	61	62	63	133	#
506	4.63697	62	63	64	133	#
507	4.63697	63	64	65	133	#
508	4.63697	64	65	66	133	#
509	4.63697	65	66	67	133	#
510	4.63697	66	67	68	133	#
511	4.63697	67	68	69	133	#
512	4.63697	68	69	70	133	#
513	4.63697	69	70	71	133	#
514	3.74119	70	71	72	133	#
515	3.74119	71	72	73	133	#
516	3.74119	72	73	74	133	#
517	3.74119	73	74	75	133	#
518	3.74119	74	75	76	133	#
519	3.74119	75	76	77	133	#
520	3.74119	76	77	78	133	#
521	3.74119	77	78	79	133	#
522	3.74119	78	79	80	133	#
523	3.74119	79	80	81	133	#
524	3.74119	80	81	82	133	#
525	3.74119	81	82	83	133	#
526	3.74119	82	83	84	133	#
527	3.74119	83	84	85	133	#
528	3.74119	84	85	86	133	#
529	3.74119	85	86	87	133	#
530	3.74119	86	87	88	133	#
531	3.19636	87	88	89	133	#
532	3.19636	88	89	90	133	#
533	3.19636	89	90	91	133	#
534	3.19636	90	91	92	133	#
535	3.19636	91	92	93	133	#
536	3.19636	92	93	94	133	#
537	3.19636	93	94	95	133	#
538	3.19636	94	95	96	133	#
539	3.19636	95	96	97	133	#
540	3.19636	96	97	98	133	#
541	3.19636	97	98	99	133	#
542	3.19636	98	99	100	133	#
543	3.19636	99	100	101	133	#
544	3.19636	100	101	102	133	#
545	3.19636	101	102	103	133	#
546	5.95458	0	1	2	3	4	5	134	#
547	5.95458	1	2	3	4	5	6	134	#
548	5.95458	2	3	4	5	6	7	134	#
549	5.95458	3	4	5	6	7	8	134	#
550	5.95458	4	5	6	7	8	9	134	#
551	5.95458	5	6	7	8	9	10	134	#
552	5.95458	6	7	8	9	10	11	134	#
553	5.95458	7	8	9	10	11	12	134	#
554	5.95458	8	9	10	11	12	13	134	#
555	5.95458	9	10	11	12	13	14	134	#
556	5.95458	10	11	12	13	14	15	134	#
557	5.95458	11	12	13	14	15	16	134	#
558	5.95458	12	13	14	15	16	17	134	#
559	5.95458	13	14	15	16	17	18	134	#
560	5.95458	14	15	16	17	18	19	134	#
561	5.95458	15	16	17	18	19	20	134	#
562	5.95458	16	17	18	19	20	21	134	#
563	5.95458	17	18	19	20	21	22	134	#
564	5.95458	18	19	20	21	22	23	134	#
565	5.95458	19	20	21	22	23	24	134	#
566	5.95458	20	21	22	23	24	25	134	#
567	5.95458	21	22	23	24	25	26	134	#
568	5.95458	22	23	24	25	26	27	134	#
569	5.95458	23	24	25	26	27	28	134	#
570	5.95458	24	25	26	27	28	29	134	#
571	19.4414	0	1	2	3	4	5	6	7	8	135	#
572	19.4414	1	2	3	4	5	6	7	8	9	135	#
573	19.4414	2	3	4	5	6	7	8	9	10	135	#
574	19.4414	3	4	5	6	7	8	9	10	11	135	#
575	19.4414	4	5	6	7	8	9	10	11	12	135	#
576	19.4414	5	6	7	8	9	10	11	12	13	135	#
577	19.4414	6	7	8	9	10	11	12	13	14	135	#
578	19.4414	7	8	9	10	11	12	13	14	15	135	#
579	19.4414	8	9	10	11	12	13	14	15	16	135	#
580	19.4414	9	10	11	12	13	14	15	16	17	135	#
581	19.4414	10	11	12	13	14	15	16	17	18	135	#
582	19.4414	11	12	13	14	15	16	17	18	19	135	#
583	19.4414	12	13	14	15	16	17	18	19	20	135	#
584	19.4414	13	14	15	16	17	18	19	20	21	135	#
585	19.4414	14	15	16	17	18	19	20	21	22	135	#
586	19.4414	15	16	17	18	19	20	21	22	23	135	#
587	19.4414	16	17	18	19	20	21	22	23	24	135	#
588	19.4414	17	18	19	20	21	22	23	24	25	135	#
589	19.4414	18	19	20	21	22	23	24	25	26	135	#
590	19.4414	19	20	21	22	23	24	25	26	27	135	#
591	19.4414	20	21	22	23	24	25	26	27	28	135	#
592	19.4414	21	22	23	24	25	26	27	28	29	135	#
593	19.4414	22	23	24	25	26	27	28	29	30	135	#
594	19.4414	23	24	25	26	27	28	29	30	31	135	#
595	19.4414	24	25	26	27	28	29	30	31	32	135	#
596	19.4414	25	26	27	28	29	30	31	32	33	135	#
597	19.4414	26	27	28	29	30	31	32	33	34	135	#
598	19.4414	27	28	29	30	31	32	33	34	35	135	#
599	19.4414	28	29	30	31	32	33	34	35	36	135	#
600	19.4414	29	30	31	32	33	34	35	36	37	135	#
601	19.4414	30	31	32	33	34	35	36	37	38	135	#
602	19.4414	31	32	33	34	35	36	37	38	39	135	#
603	19.4414	32	33	34	35	36	37	38	39	40	135	#
604	19.4414	33	34	35	36	37	38	39	40	41	135	#
605	19.4414	34	35	36	37	38	39	40	41	42	135	#
606	19.4414	35	36	37	38	39	40	41	42	43	135	#
607	19.4414	36	37	38	39	40	41	42	43	44	135	#
608	19.4414	37	38	39	40	41	42	43	44	45	135	#
609	19.4414	38	39	40	41	42	43	44	45	46	135	#
610	19.4414	39	40	41	42	43	44	45	46	47	135	#
611	17.2405	40	41	42	43	44	45	46	47	48	135	#
612	17.2405	41	42	43	44	45	46	47	48	49	135	#
613	17.2405	42	43	44	45	46	47	48	49	50	135	#
614	17.2405	43	44	45	46	47	48	49	50	51	135	#
615	17.2405	44	45	46	47	48	49	50	51	52	135	#
616	17.2405	45	46	47	48	49	50	51	52	53	135	#
617	10.75	46	47	48	49	50	51	52	53	54	135	#
618	10.75	47	48	49	50	51	52	53	54	55	135	#
619	10.75	48	49	50	51	52	53	54	55	56	135	#
620	10.75	49	50	51	52	53	54	55	56	57	135	#
621	10.75	50	51	52	53	54	55	56	57	58	135	#
622	10.75	51	52	53	54	55	56	57	58	59	135	#
623	10.75	52	53	54	55	56	57	58	59	60	135	#
624	10.75	53	54	55	56	57	58	59	60	61	135	#
625	10.75	54	55	56	57	58	59	60	61	62	135	#
626	10.75	55	56	57	58	59	60	61	62	63	135	#
627	10.75	56	57	58	59	60	61	62	63	64	135	#
628	10.75	57	58	59	60	61	62	63	64	65	135	#
629	10.75	58	59	60	61	62	63	64	65	66	135	#
630	10.75	59	60	61	62	63	64	65	66	67	135	#
631	10.75	60	61	62	63	64	65	66	67	68	135	#
632	10.75	61	62	63	64	65	66	67	68	69	135	#
633	10.75	62	63	64	65	66	67	68	69	70	135	#
634	10.75	63	64	65	66	67	68	69	70	71	135	#
635	10.75	64	65	66	67	68	69	70	71	72	135	#
636	10.75	65	66	67	68	69	70	71	72	73	135	#
637	10.75	66	67	68	69	70	71	72	73	74	135	#
638	10.75	67	68	69	70	71	72	73	74	75	135	#
639	10.75	68	69	70	71	72	73	74	75	76	135	#
640	10.75	69	70	71	72	73	74	75	76	77	135	#
641	10.75	70	71	72	73	74	75	76	77	78	135	#
642	10.75	71	72	73	74	75	76	77	78	79	135	#
643	10.75	72	73	74	75	76	77	78	79	80	135	#
644	10.75	73	74	75	76	77	78	79	80	81	135	#
645	10.75	74	75	76	77	78	79	80	81	82	135	#
646	10.75	75	76	77	78	79	80	81	82	83	135	#
647	10.75	76	77	78	79	80	81	82	83	84	135	#
648	10.75	77	78	79	80	81	82	83	84	85	135	#
649	9.82524	78	79	80	81	82	83	84	85	86	135	#
650	9.82524	79	80	81	82	83	84	85	86	87	135	#
651	9.82524	80	81	82	83	84	85	86	87	88	135	#
652	9.82524	81	82	83	84	85	86	87	88	89	135	#
653	9.82524	82	83	84	85	86	87	88	89	90	135	#
654	9.82524	83	84	85	86	87	88	89	90	91	135	#
655	9.82524	84	85	86	87	88	89	90	91	92	135	#
656	9.82524	85	86	87	88	89	90	91	92	93	135	#
657	14.8945	0	1	2	3	4	5	6	136	#
658	14.8945	1	2	3	4	5	6	7	136	#
659	14.8945	2	3	4	5	6	7	8	136	#
660	14.8945	3	4	5	6	7	8	9	136	#
661	14.8945	4	5	6	7	8	9	10	136	#
662	14.8945	5	6	7	8	9	10	11	136	#
663	14.8945	6	7	8	9	10	11	12	136	#
664	14.8945	7	8	9	10	11	12	13	136	#
665	14.8945	8	9	10	11	12	13	14	136	#
666	14.8945	9	10	11	12	13	14	15	136	#
667	14.8945	10	11	12	13	14	15	16	136	#
668	14.8945	11	12	13	14	15	16	17	136	#
669	14.8945	12	13	14	15	16	17	18	136	#
670	14.8945	13	14	15	16	17	18	19	136	#
671	14.8945	14	15	16	17	18	19	20	136	#
672	14.8945	15	16	17	18	19	20	21	136	#
673	14.8945	16	17	18	19	20	21	22	136	#
674	14.8945	17	18	19	20	21	22	23	136	#
675	14.8945	18	19	20	21	22	23	24	136	#
676	14.8945	19	20	21	22	23	24	25	136	#
677	14.8945	20	21	22	23	24	25	26	136	#
678	14.8945	21	22	23	24	25	26	27	136	#
679	14.8945	22	23	24	25	26	27	28	136	#
680	14.8945	23	24	25	26	27	28	29	136	#
681	14.8945	24	25	26	27	28	29	30	136	#
682	14.8945	25	26	27	28	29	30	31	136	#
683	14.8945	26	27	28	29	30	31	32	136	#
684	14.8945	27	28	29	30	31	32	33	136	#
685	14.8945	28	29	30	31	32	33	34	136	#
686	14.8945	29	30	31	32	33	34	35	136	#
687	14.8945	30	31	32	33	34	35	36	136	#
688	14.8945	31	32	33	34	35	36	37	136	#
689	14.8945	32	33	34	35	36	37	38	136	#
690	14.8945	33	34	35	36	37	38	39	136	#
691	14.8945	34	35	36	37	38	39	40	136	#
692	14.8945	35	36	37	38	39	40	41	136	#
693	14.8945	36	37	38	39	40	41	42	136	#
694	14.8945	37	38	39	40	41	42	43	136	#
695	14.8945	38	39	40	41	42	43	44	136	#
696	14.8945	39	40	41	42	43	44	45	136	#
697	14.8945	40	41	42	43	44	45	46	136	#
698	14.8945	41	42	43	44	45	46	47	136	#
699	14.8945	42	43	44	45	46	47	48	136	#
700	14.8945	43	44	45	46	47	48	49	136	#
701	14.8945	44	45	46	47	48	49	50	136	#
702	14.8945	45	46	47	48	49	50	51	136	#
703	14.8945	46	47	48	49	50	51	52	136	#
704	14.8945	47	48	49	50	51	52	53	136	#
705	14.8945	48	49	50	51	52	53	54	136	#
706	14.8945	49	50	51	52	53	54	55	136	#
707	14.8945	50	51	52	53	54	55	56	136	#
708	14.8945	51	52	53	54	55	56	57	136	#
709	14.8945	52	53	54	55	56	57	58	136	#
710	14.8945	53	54	55	56	57	58	59	136	#
711	14.8945	54	55	56	57	58	59	60	136	#
712	14.8945	55	56	57	58	59	60	61	136	#
713	14.8945	56	57	58	59	60	61	62	136	#
714	14.8945	57	58	59	60	61	62	63	136	#
715	14.8945	58	59	60	61	62	63	64	136	#
716	14.8945	59	60	61	62	63	64	65	136	#
717	14.8945	60	61	62	63	64	65	66	136	#
718	14.4564	61	62	63	64	65	66	67	136	#
719	14.4564	62	63	64	65	66	67	68	136	#
720	12.603	63	64	65	66	67	68	69	136	#
721	12.603	64	65	66	67	68	69	70	136	#
722	12.603	65	66	67	68	69	70	71	136	#
723	12.603	66	67	68	69	70	71	72	136	#
724	12.603	67	68	69	70	71	72	73	136	#
725	12.603	68	69	70	71	72	73	74	136	#
726	12.603	69	70	71	72	73	74	75	136	#
727	12.603	70	71	72	73	74	75	76	136	#
728	12.603	71	72	73	74	75	76	77	136	#
729	12.603	72	73	74	75	76	77	78	136	#
730	2.96661	0	1	137	#
731	2.96661	1	2	137	#
732	2.96661	2	3	137	#
733	2.96661	3	4	137	#
734	2.96661	4	5	137	#
735	2.96661	5	6	137	#
736	2.96661	6	7	137	#
737	2.96661	7	8	137	#
738	2.96661	8	9	137	#
739	2.96661	9	10	137	#
740	2.96661	10	11	137	#
741	2.96661	11	12	137	#
742	2.96661	12	13	137	#
743	2.96661	13	14	137	#
744	2.96661	14	15	137	#
745	2.96661	15	16	137	#
746	2.96661	16	17	137	#
747	2.96661	17	18	137	#
748	2.96661	18	19	137	#
749	2.96661	19	20	137	#
750	2.96661	20	21	137	#
751	2.96661	21	22	137	#
752	2.96661	22	23	137	#
753	2.96661	23	24	137	#
754	2.96661	24	25	137	#
755	2.96661	25	26	137	#
756	2.96661	26	27	137	#
757	2.96661	27	28	137	#
758	2.96661	28	29	137	#
759	2.96661	29	30	137	#
760	2.96661	30	31	137	#
761	2.96661	31	32	137	#
762	2.96661	32	33	137	#
763	2.96661	33	34	137	#
764	2.96661	34	35	137	#
765	2.96661	35	36	137	#
766	2.96661	36	37	137	#
767	2.96661	37	38	137	#
768	2.96661	38	39	137	#
769	2.96661	39	40	137	#
770	2.96661	40	41	137	#
771	2.96661	41	42	137	#
772	2.96661	42	43	137	#
773	2.96661	43	44	137	#
774	2.96661	44	45	137	#
775	2.96661	45	46	137	#
776	2.96661	46	47	137	#
777	2.96661	47	48	137	#
778	2.96661	48	49	137	#
779	2.96661	49	50	137	#
780	2.96661	50	51	137	#
781	2.96661	51	52	137	#
782	2.96661	52	53	137	#
783	2.96661	53	54	137	#
784	2.96661	54	55	137	#
785	2.96661	55	56	137	#
786	2.96661	56	57	137	#
787	2.96661	57	58	137	#
788	2.96661	58	59	137	#
789	2.96661	59	60	137	#
790	2.96661	60	61	137	#
791	2.96661	61	62	137	#
792	2.96661	62	63	137	#
793	2.96661	63	64	137	#
794	2.96661	64	65	137	#
795	2.96661	65	66	137	#
796	2.96661	66	67	137	#
797	2.96661	67	68	137	#
798	2.96661	68	69	137	#
799	2.96661	69	70	137	#
800	2.96661	70	71	137	#
801	2.96661	71	72	137	#
802	2.96661	72	73	137	#
803	2.96661	73	74	137	#
804	2.96661	74	75	137	#
805	2.96661	75	76	137	#
806	2.96661	76	77	137	#
807	2.96661	77	78	137	#
808	2.96661	78	79	137	#
809	2.96661	79	80	137	#
810	2.96661	80	81	137	#
811	2.96661	81	82	137	#
812	2.96661	82	83	137	#
813	2.96661	83	84	137	#
814	2.96661	84	85	137	#
815	2.96661	85	86	137	#
816	2.96661	86	87	137	#
817	2.96661	87	88	137	#
818	2.96661	88	89	137	#
819	2.96661	89	90	137	#
820	2.96661	90	91	137	#
821	2.96661	91	92	137	#
822	2.96661	92	93	137	#
823	2.96661	93	94	137	#
824	2.96661	94	95	137	#
825	2.96661	95	96	137	#
826	2.96661	96	97	137	#
827	2.96661	97	98	137	#
828	2.96661	98	99	137	#
829	2.96661	99	100	137	#
830	2.96661	100	101	137	#
831	2.96661	101	102	137	#
832	2.96661	102	103	137	#
833	2.96661	103	104	137	#
834	2.96661	104	105	137	#
835	2.96661	105	106	137	#
836	2.96661	106	107	137	#
837	2.96661	107	108	137	#
838	2.96661	108	109	137	#
839	2.96661	109	110	137	#
840	2.96661	110	111	137	#
841	2.96661	111	112	137	#
842	2.96661	112	113	137	#
843	2.96661	113	114	137	#
844	2.96661	114	115	137	#
845	2.96661	115	116	137	#
846	2.96661	116	117	137	#
847	2.96661	117	118	137	#
848	2.96661	118	119	137	#
849	2.96661	119	120	137	#
850	2.96661	120	121	137	#
851	2.96661	121	122	137	#
852	2.96661	122	123	137	#
853	2.96661	123	124	137	#
854	2.96661	124	125	137	#
855	2.96661	125	126	137	#
856	14.2709	0	1	2	3	4	5	6	7	138	#
857	14.2709	1	2	3	4	5	6	7	8	138	#
858	14.2709	2	3	4	5	6	7	8	9	138	#
859	14.2709	3	4	5	6	7	8	9	10	138	#
860	14.2709	4	5	6	7	8	9	10	11	138	#
861	14.2709	5	6	7	8	9	10	11	12	138	#
862	14.2709	6	7	8	9	10	11	12	13	138	#
863	14.2709	7	8	9	10	11	12	13	14	138	#
864	14.2709	8	9	10	11	12	13	14	15	138	#
865	14.2709	9	10	11	12	13	14	15	16	138	#
866	14.2709	10	11	12	13	14	15	16	17	138	#
867	14.2709	11	12	13	14	15	16	17	18	138	#
868	14.2709	12	13	14	15	16	17	18	19	138	#
869	14.2709	13	14	15	16	17	18	19	20	138	#
870	14.2709	14	15	16	17	18	19	20	21	138	#
871	14.2709	15	16	17	18	19	20	21	22	138	#
872	14.2709	16	17	18	19	20	21	22	23	138	#
873	14.2709	17	18	19	20	21	22	23	24	138	#
874	14.2709	18	19	20	21	22	23	24	25	138	#
875	14.2709	19	20	21	22	23	24	25	26	138	#
876	14.2709	20	21	22	23	24	25	26	27	138	#
877	14.2709	21	22	23	24	25	26	27	28	138	#
878	14.2709	22	23	24	25	26	27	28	29	138	#
879	14.2709	23	24	25	26	27	28	29	30	138	#
880	14.2709	24	25	26	27	28	29	30	31	138	#
881	14.2709	25	26	27	28	29	30	31	32	138	#
882	14.2709	26	27	28	29	30	31	32	33	138	#
883	14.2709	27	28	29	30	31	32	33	34	138	#
884	14.2709	28	29	30	31	32	33	34	35	138	#
885	14.2709	29	30	31	32	33	34	35	36	138	#
886	14.2709	30	31	32	33	34	35	36	37	138	#
887	14.2709	31	32	33	34	35	36	37	38	138	#
888	14.2709	32	33	34	35	36	37	38	39	138	#
889	14.2709	33	34	35	36	37	38	39	40	138	#
890	14.2709	34	35	36	37	38	39	40	41	138	#
891	14.2709	35	36	37	38	39	40	41	42	138	#
892	14.2709	36	37	38	39	40	41	42	43	138	#
893	14.2709	37	38	39	40	41	42	43	44	138	#
894	14.2709	38	39	40	41	42	43	44	45	138	#
895	14.2709	39	40	41	42	43	44	45	46	138	#
896	0.893984	0	139	#
897	0.893984	1	139	#
898	0.893984	2	139	#
899	0.893984	3	139	#
900	0.893984	4	139	#
901	0.893984	5	139	#
902	0.893984	6	139	#
903	0.893984	7	139	#
904	0.893984	8	139	#
905	0.893984	9	139	#
906	0.893984	10	139	#
907	0.893984	11	139	#
908	3.17281	0	1	140	#
909	3.17281	1	2	140	#
910	3.17281	2	3	140	#
911	3.17281	3	4	140	#
912	3.17281	4	5	140	#
913	3.17281	5	6	140	#
914	3.17281	6	7	140	#
915	3.17281	7	8	140	#
916	3.17281	8	9	140	#
917	3.17281	9	10	140	#
918	3.17281	10	11	140	#
919	3.17281	11	12	140	#
920	3.17281	12	13	140	#
921	3.17281	13	14	140	#
922	3.17281	14	15	140	#
923	3.17281	15	16	140	#
924	3.17281	16	17	140	#
925	3.17281	17	18	140	#
926	1.00194	18	19	140	#
927	1.00194	19	20	140	#
928	1.00194	20	21	140	#
929	1.00194	21	22	140	#
930	1.00194	22	23	140	#
931	1.00194	23	24	140	#
932	1.00194	24	25	140	#
933	1.00194	25	26	140	#
934	1.00194	26	27	140	#
935	1.00194	27	28	140	#
936	1.00194	28	29	140	#
937	1.00194	29	30	140	#
938	1.00194	30	31	140	#
939	1.00194	31	32	140	#
940	1.00194	32	33	140	#
941	1.00194	33	34	140	#
942	1.00194	34	35	140	#
943	1.00194	35	36	140	#
944	1.00194	36	37	140	#
945	1.00194	37	38	140	#
946	1.00194	38	39	140	#
947	1.00194	39	40	140	#
948	1.00194	40	41	140	#
949	1.00194	41	42	140	#
950	1.00194	42	43	140	#
951	1.00194	43	44	140	#
952	1.00194	44	45	140	#
953	1.00194	45	46	140	#
954	1.00194	46	47	140	#
955	1.00194	47	48	140	#
956	1.00194	48	49	140	#
957	1.00194	49	50	140	#
958	1.00194	50	51	140	#
959	1.00194	51	52	140	#
960	1.00194	52	53	140	#
961	1.00194	53	54	140	#
962	1.00194	54	55	140	#
963	1.00194	55	56	140	#
964	1.00194	56	57	140	#
965	0.500969	57	58	140	#
966	0.500969	58	59	140	#
967	0.500969	59	60	140	#
968	0.500969	60	61	140	#
969	0.500969	61	62	140	#
970	0.500969	62	63	140	#
971	0.500969	63	64	140	#
972	0.500969	64	65	140	#
973	0.500969	65	66	140	#
974	0.500969	66	67	140	#
975	0.500969	67	68	140	#
976	0.500969	68	69	140	#
977	0.500969	69	70	140	#
978	0.500969	70	71	140	#
979	0.500969	71	72	140	#
980	0.500969	72	73	140	#
981	0.500969	73	74	140	#
982	0.500969	74	75	140	#
983	0.500969	75	76	140	#
984	0.500969	76	77	140	#
985	0.500969	77	78	140	#
986	0.500969	78	79	140	#
987	0.500969	79	80	140	#
988	0.500969	80	81	140	#
989	0.500969	81	82	140	#
990	0.500969	82	83	140	#
991	0.500969	83	84	140	#
992	0.500969	84	85	140	#
993	0.500969	85	86	140	#
994	0.500969	86	87	140	#
995	0.500969	87	88	140	#
996	0.500969	88	89	140	#
997	0.500969	89	90	140	#
998	0.500969	90	91	140	#
999	0.500969	91	92	140	#
1000	0.500969	92	93	140	#
1001	0.500969	93	94	140	#
1002	0.500969	94	95	140	#
1003	0.500969	95	96	140	#
1004	0.500969	96	97	140	#
1005	0.500969	97	98	140	#
1006	0.500969	98	99	140	#
1007	0.500969	99	100	140	#
1008	0.500969	100	101	140	#
1009	0.500969	101	102	140	#
1010	0.500969	102	103	140	#
1011	0.500969	103	104	140	#
1012	0.500969	104	105	140	#
1013	0.500969	105	106	140	#
1014	0.500969	106	107	140	#
1015	0.500969	107	108	140	#
1016	0.500969	108	109	140	#
1017	0.500969	109	110	140	#
1018	0.500969	110	111	140	#
1019	0.500969	111	112	140	#
1020	0.500969	112	113	140	#
1021	0.500969	113	114	140	#
1022	0.464313	114	115	140	#
1023	0.464313	115	116	140	#
1024	0.464313	116	117	140	#
1025	0.464313	117	118	140	#
1026	0.464313	118	119	140	#
1027	0.464313	119	120	140	#
1028	0.464313	120	121	140	#
1029	0.464313	121	122	140	#
1030	0.464313	122	123	140	#
1031	0.460569	123	124	140	#
