%% File generated by CATS v.2.1Thu May  9 12:43:35 2024

%% The CATS webpage is http://robotics.stanford.edu/CATS

%% PARAMETER SETTINGS:
% Goods: 256; Bids: 1000; Distribution: arbitrary; Runs: 1; Seed: 69
% Arbitrary Distribution Parameters:
% Max Substitutable Bids = 5
% Removing HV Neighbor   = 0.1
% Adding DIAG Neighbor   = 0.2
% Additional Location    = 0.9
% Additivity             = 0.2
% Budget Factor          = 1.5
% Resale Factor          = 0.5
% Uniform Private Value:
%   Deviation            = 0.5
%   Max Good Value       = 100



goods 256
bids 1005
dummy 182

0	1066.19	1	2	10	44	56	63	68	105	108	109	127	132	154	167	184	191	204	213	214	226	246	256	#
1	1579.74	11	24	27	58	63	66	68	79	82	86	91	94	96	97	105	161	176	183	230	249	255	256	#
2	1577.32	1	9	10	11	31	34	41	45	58	60	66	94	99	109	113	114	137	194	201	203	214	256	#
3	1515.4	1	7	9	11	15	58	61	76	96	102	108	109	150	155	159	161	187	219	220	231	253	256	#
4	1477.78	41	45	51	54	72	87	114	119	127	132	150	169	176	181	198	201	202	213	214	240	255	256	#
5	1451.93	1	2	23	26	67	79	86	107	115	116	141	168	173	179	199	202	214	225	235	238	253	256	#
6	1090.92	10	21	26	29	32	37	42	52	64	69	108	118	125	144	148	171	211	244	249	257	#
7	1581.87	0	2	7	14	56	71	78	115	118	128	134	142	161	181	182	196	199	201	212	257	#
8	1558.21	50	54	60	66	69	71	148	157	167	171	196	200	201	232	235	236	240	241	242	257	#
9	1534.59	12	29	36	56	60	63	97	112	142	156	158	182	184	213	217	220	233	248	250	257	#
10	1456.91	3	10	42	53	64	66	70	100	141	171	174	183	188	190	192	203	220	232	240	257	#
11	1452.1	11	19	28	31	54	56	64	137	142	144	168	175	183	199	233	245	246	248	249	257	#
12	584.476	19	34	43	81	117	119	120	200	258	#
13	644.936	61	70	82	93	95	109	120	200	258	#
14	633.539	22	43	84	122	127	163	210	231	258	#
15	627.958	5	22	33	37	86	117	125	148	258	#
16	517.912	0	6	119	135	166	167	186	214	258	#
17	454.3	2	5	19	35	57	126	160	254	258	#
18	576.91	7	11	16	77	101	134	137	182	201	215	259	#
19	759.921	11	22	27	51	62	111	144	191	212	241	259	#
20	752.529	30	31	62	142	146	154	195	215	216	219	259	#
21	675.902	3	33	37	71	134	157	167	181	211	213	259	#
22	675.296	27	49	53	77	135	168	171	201	223	250	259	#
23	661.945	1	7	21	77	139	168	183	214	232	244	259	#
24	725.687	24	73	91	106	115	199	213	232	242	260	#
25	761.145	17	25	51	143	167	212	213	218	242	260	#
26	749.151	14	51	66	91	113	185	198	210	227	260	#
27	691.712	11	45	52	121	154	158	173	199	216	260	#
28	593.705	55	56	68	73	87	100	113	216	219	260	#
29	584.845	8	14	55	148	153	157	169	227	242	260	#
30	446.963	18	78	118	119	255	261	#
31	512.279	98	116	119	206	228	261	#
32	491.609	3	41	118	139	209	261	#
33	415.767	18	24	55	73	96	261	#
34	306.592	4	75	78	93	176	261	#
35	260.212	34	54	124	234	255	261	#
36	156.135	18	45	262	#
37	183.604	18	151	262	#
38	135.524	45	70	262	#
39	1195.6	34	37	46	68	74	87	101	102	103	109	125	135	152	153	186	196	198	263	#
40	1487.8	1	22	37	65	69	72	74	117	131	143	165	176	182	198	200	224	251	263	#
41	1306.54	9	14	37	48	66	67	81	102	138	142	144	159	179	180	193	198	211	263	#
42	1292.82	19	29	41	48	51	57	74	80	83	98	105	137	143	145	153	176	241	263	#
43	1274.86	19	22	37	45	65	79	93	143	169	177	186	195	206	225	231	238	248	263	#
44	1251.5	6	24	47	49	52	66	82	89	97	98	145	173	186	196	201	226	235	263	#
45	287.769	86	111	146	164	217	219	264	#
46	431.481	16	22	117	148	176	217	264	#
47	359.216	17	83	164	180	210	226	264	#
48	338.711	10	50	100	189	206	219	264	#
49	261.71	15	86	110	166	177	190	264	#
50	3794.07	1	8	9	10	13	15	17	25	30	31	34	39	46	49	51	68	69	79	81	88	89	90	97	106	112	117	118	120	122	125	128	131	137	145	148	150	152	161	169	170	173	174	175	179	187	193	198	199	200	211	221	222	235	240	245	255	265	#
51	4273.83	3	8	11	17	18	28	31	34	39	46	47	56	62	63	67	68	79	81	82	92	93	94	102	107	113	116	121	128	136	137	143	145	146	147	150	159	161	169	178	189	191	192	200	203	207	210	213	214	220	231	233	237	239	245	248	255	265	#
52	4173.63	6	7	9	11	22	27	32	44	47	56	64	79	82	83	91	92	93	95	106	107	117	123	127	133	141	147	148	155	170	173	178	179	183	189	192	194	200	203	208	210	211	212	214	220	223	226	230	233	235	238	241	242	245	249	254	255	265	#
53	4168.68	0	1	6	8	9	14	24	30	36	39	44	47	56	73	79	82	87	91	92	93	95	97	101	112	117	128	129	132	135	140	141	148	149	152	165	170	175	184	187	189	193	198	203	204	207	211	217	220	225	231	234	236	239	240	249	254	265	#
54	4100.05	1	10	15	17	20	21	25	31	36	39	40	47	48	49	61	69	73	81	82	89	95	98	103	107	117	131	133	137	145	149	159	162	168	169	170	179	183	193	196	203	205	210	213	217	218	220	229	231	233	237	238	239	242	243	245	255	265	#
55	4066.81	8	15	23	24	28	32	37	44	47	51	52	55	57	62	63	67	69	70	73	79	87	90	91	95	103	117	118	120	125	129	131	135	146	151	162	170	172	173	174	175	178	183	191	192	193	196	207	210	211	214	221	225	237	239	242	254	265	#
56	546.595	19	42	98	152	169	196	198	246	266	#
57	634.452	1	112	127	138	169	190	226	234	266	#
58	554.484	4	46	187	198	207	243	246	255	266	#
59	510.479	50	54	59	68	69	98	163	221	266	#
60	472.373	36	41	72	152	190	191	195	236	266	#
61	466.353	10	19	28	40	125	164	176	185	266	#
62	892.881	15	39	44	65	94	115	156	165	188	199	230	236	239	242	248	267	#
63	1207.78	18	48	56	60	70	85	113	116	132	134	167	218	219	220	239	267	#
64	1027	3	12	15	49	50	51	56	65	70	74	89	102	125	132	208	267	#
65	983.391	28	31	47	48	53	58	90	139	156	158	164	168	191	216	255	267	#
66	979.379	7	14	35	39	48	52	64	79	108	109	116	140	160	162	203	267	#
67	964.242	19	35	36	46	52	53	55	68	84	100	206	232	242	244	255	267	#
68	716.832	6	10	47	58	117	125	132	148	232	240	268	#
69	720.74	12	18	40	63	95	98	158	218	232	255	268	#
70	663.705	2	6	20	33	107	108	114	203	240	248	268	#
71	659.094	29	36	67	83	98	125	148	165	188	209	268	#
72	657.557	10	44	54	83	140	188	199	223	226	241	268	#
73	636.285	9	34	105	110	116	132	171	181	196	213	268	#
74	1452.26	4	5	11	32	38	42	61	114	123	127	154	156	159	162	180	182	210	216	241	246	249	252	269	#
75	1742.86	17	21	55	59	80	82	92	93	113	115	138	141	143	176	204	206	218	219	223	226	246	249	269	#
76	1699.07	31	59	68	69	77	92	113	123	147	155	159	179	185	202	206	217	226	235	236	247	251	255	269	#
77	1677.44	2	17	21	28	31	52	59	61	74	78	94	128	148	175	177	185	206	208	216	234	235	248	269	#
78	1619.47	8	35	61	71	72	99	100	104	109	121	147	155	157	158	162	170	179	181	208	210	213	231	269	#
79	1605.19	0	5	32	36	49	62	66	104	113	123	125	127	134	146	149	162	174	179	190	201	218	249	269	#
80	2120.81	1	2	3	5	37	52	56	74	76	82	89	114	125	129	132	138	143	146	155	160	164	172	173	174	178	194	196	202	235	245	246	270	#
81	2412.75	3	22	29	32	46	54	56	57	58	60	74	76	83	86	96	132	139	145	146	158	159	160	161	174	176	192	208	211	239	241	243	270	#
82	2379.92	5	32	37	53	62	67	74	98	99	108	125	130	134	137	139	141	148	153	155	158	166	178	179	183	216	221	223	238	239	240	244	270	#
83	2285.9	6	11	16	23	31	47	52	63	64	72	74	86	87	92	96	109	115	121	129	132	143	155	159	173	188	204	225	228	240	250	254	270	#
84	2279.71	11	22	31	37	47	60	62	63	64	73	74	80	82	88	99	105	129	132	136	143	148	153	159	167	184	195	209	216	222	224	235	270	#
85	2242.86	6	13	16	39	60	66	76	77	88	100	103	111	114	116	125	129	143	147	148	153	172	174	200	203	207	208	218	237	238	241	254	270	#
86	904.498	19	29	83	101	108	162	171	189	191	200	213	234	249	252	271	#
87	1091.97	18	34	84	89	130	155	178	182	183	192	193	200	202	247	271	#
88	977.554	3	21	65	66	73	76	114	115	145	154	157	162	215	251	271	#
89	946.387	15	68	83	92	105	114	144	158	166	171	183	194	197	200	271	#
90	940.541	8	55	71	99	120	123	128	129	177	179	180	191	231	245	271	#
91	937.749	9	19	29	34	91	94	110	130	158	160	165	174	237	252	271	#
92	429.304	13	29	63	130	131	232	272	#
93	605.072	13	83	101	175	206	223	272	#
94	553.203	22	37	162	180	232	246	272	#
95	395.395	39	79	94	121	130	191	272	#
96	274.165	75	111	118	131	150	194	272	#
97	272.997	24	63	108	214	219	228	272	#
98	2665.33	9	10	14	23	38	39	40	47	50	53	57	60	63	69	73	82	97	103	104	106	108	113	120	121	123	129	130	132	138	146	163	169	170	177	187	193	196	198	200	205	209	216	239	245	273	#
99	3543.04	1	3	8	10	14	16	23	29	40	47	49	50	51	52	53	56	59	79	89	91	94	97	99	103	108	118	122	130	131	136	147	151	155	159	162	168	175	180	182	190	204	212	218	254	273	#
100	3252.83	1	3	8	25	27	31	53	57	58	59	69	72	75	76	82	83	89	102	106	108	111	119	120	123	147	149	150	159	163	170	174	177	180	182	186	187	193	197	198	200	229	242	248	252	273	#
101	3147.62	6	16	17	23	24	30	34	38	47	60	73	75	91	92	93	101	109	124	125	131	138	142	145	148	151	153	155	158	170	173	174	180	182	185	197	200	202	204	214	218	225	232	242	244	273	#
102	3122.13	3	4	7	15	16	29	43	49	53	57	60	68	76	93	94	101	104	105	107	108	111	117	118	120	124	125	128	132	138	145	146	147	155	161	168	172	177	182	184	185	200	217	237	242	273	#
103	3109.51	8	9	17	36	51	52	60	61	63	79	80	91	93	94	99	103	107	110	111	112	118	120	125	128	130	137	146	151	152	155	162	165	178	179	182	185	192	195	205	206	209	212	233	254	273	#
104	365.932	125	187	205	209	210	215	274	#
105	530.42	17	70	109	114	187	199	274	#
106	442.552	121	164	196	199	210	232	274	#
107	406.165	179	209	223	243	253	254	274	#
108	366.434	6	26	211	215	247	248	274	#
109	358.695	20	64	125	150	160	225	274	#
110	1067.26	3	33	40	66	69	76	93	94	127	131	137	141	205	209	240	244	252	275	#
111	1309.47	59	67	84	91	92	93	103	160	163	179	181	182	185	191	211	215	223	275	#
112	1307.87	11	40	51	75	109	127	132	138	139	159	167	173	190	191	198	241	251	275	#
113	1267.45	40	44	63	70	71	72	96	117	148	158	174	209	212	219	244	248	254	275	#
114	1219.19	6	20	33	43	46	52	63	71	74	76	99	108	109	127	144	175	194	275	#
115	1212.16	20	33	49	59	61	71	77	135	140	167	177	184	197	231	232	233	235	275	#
116	1699.59	7	12	13	65	73	76	91	94	101	109	110	114	119	122	128	137	139	147	149	217	228	234	276	#
117	1782.06	10	61	64	65	72	77	86	94	95	97	108	130	142	150	163	183	186	190	192	200	212	242	276	#
118	1700.46	15	17	20	32	62	63	68	72	79	95	109	114	124	132	136	138	139	146	151	155	234	246	276	#
119	1686.39	34	35	37	38	63	65	69	71	73	76	80	82	135	146	148	154	187	199	203	220	234	246	276	#
120	1648.23	18	21	74	85	106	111	122	134	148	149	152	154	155	163	171	178	183	187	190	199	217	234	276	#
121	1643.34	13	17	18	35	36	51	54	72	74	106	124	126	134	135	139	147	182	188	192	208	228	255	276	#
122	66.395	215	#
123	453.577	61	71	146	177	182	277	#
124	503.821	11	61	69	174	219	277	#
125	439.372	71	73	99	127	220	277	#
126	379.904	5	17	124	177	254	277	#
127	328.916	16	72	178	182	188	277	#
128	279.652	15	115	127	146	252	277	#
129	719.369	71	114	132	148	153	177	217	226	238	278	#
130	744.889	53	54	111	114	143	161	173	203	221	278	#
131	673.739	2	4	15	56	133	152	161	216	238	278	#
132	630.792	54	74	86	143	148	158	172	182	197	278	#
133	600.421	62	71	78	94	123	140	152	179	212	278	#
134	585.109	6	32	53	121	177	181	226	251	253	278	#
135	427.75	9	96	113	209	211	279	#
136	407.113	81	96	180	191	249	279	#
137	327.993	76	91	113	129	200	279	#
138	326.826	19	34	96	131	209	279	#
139	320.575	22	147	162	167	211	279	#
140	294.626	8	9	108	219	226	279	#
141	1181.19	8	11	29	97	101	103	110	113	128	133	138	147	175	204	213	228	245	280	#
142	1331.34	10	26	29	35	57	59	67	101	109	119	128	146	168	206	222	233	239	280	#
143	1296.81	10	35	78	80	90	116	133	138	148	158	181	187	188	194	204	209	239	280	#
144	1255.96	11	28	44	57	59	71	96	97	172	181	191	194	210	215	228	241	245	280	#
145	1242.9	2	4	86	103	106	111	138	148	149	155	161	178	181	189	191	201	236	280	#
146	1239.27	16	37	65	77	79	87	95	103	106	116	146	147	171	204	223	241	245	280	#
147	523.369	27	100	102	133	141	167	204	226	281	#
148	752.084	9	27	47	55	95	161	179	221	281	#
149	629.236	66	84	109	116	129	141	247	250	281	#
150	539.63	60	88	105	167	169	240	246	254	281	#
151	502.096	9	57	66	103	115	195	204	224	281	#
152	465.439	9	15	50	70	102	181	226	246	281	#
153	95.7633	243	#
154	956.574	0	44	71	80	81	83	85	100	121	128	155	156	168	194	214	234	282	#
155	1303.03	8	16	81	91	115	116	117	136	142	151	154	164	190	203	237	241	282	#
156	1161.39	3	10	75	97	116	124	125	154	155	157	165	197	199	203	216	252	282	#
157	1161.33	16	59	69	87	92	100	104	124	146	174	182	198	201	202	211	249	282	#
158	1120.26	1	48	85	87	98	142	165	168	185	191	192	216	231	232	250	255	282	#
159	1098.23	13	14	16	87	134	142	146	168	174	182	187	193	204	216	234	250	282	#
160	133.029	65	92	283	#
161	191.289	92	138	283	#
162	683.015	16	25	37	62	76	91	107	130	143	157	173	244	245	284	#
163	1010.93	27	58	76	78	155	170	171	194	210	215	217	220	229	284	#
164	998.147	22	29	37	67	91	101	149	157	169	171	192	204	239	284	#
165	852.424	30	93	110	150	170	173	205	206	209	210	231	243	246	284	#
166	828.204	5	36	58	60	62	100	166	171	176	204	207	212	250	284	#
167	827.769	25	35	37	58	73	95	151	188	200	208	219	221	244	284	#
168	722.904	32	37	49	68	95	96	100	151	163	205	225	253	285	#
169	969.858	31	80	84	100	104	132	139	145	156	198	218	251	285	#
170	944.58	34	42	45	51	101	116	148	158	163	202	205	250	285	#
171	944.537	3	5	57	71	81	86	100	113	124	151	205	224	285	#
172	890.511	32	56	70	72	80	93	96	159	179	221	222	224	285	#
173	826.413	32	36	48	68	88	171	185	190	191	202	222	254	285	#
174	986.026	10	22	50	96	132	197	199	200	202	203	207	226	238	251	252	286	#
175	1168.9	11	43	53	71	81	83	91	112	147	168	177	207	241	244	252	286	#
176	1121.29	10	11	18	32	44	51	54	61	64	75	132	150	203	206	248	286	#
177	1105.5	4	34	43	54	79	80	86	96	118	128	142	162	202	210	227	286	#
178	1094.67	10	18	22	54	72	98	114	136	150	159	165	170	175	193	219	286	#
179	1065.54	10	22	63	70	72	88	94	119	138	159	200	204	211	236	248	286	#
180	470.535	3	40	105	108	180	184	211	287	#
181	541.174	0	38	52	105	119	173	225	287	#
182	491.215	21	37	40	68	82	182	215	287	#
183	464.38	94	99	105	150	184	238	244	287	#
184	446.893	4	46	83	85	108	202	227	287	#
185	446.352	3	15	93	121	135	231	238	287	#
186	127.295	121	133	288	#
187	92.6871	124	133	288	#
188	63.7314	98	121	288	#
189	53.8774	252	#
190	980.862	37	73	85	93	105	138	145	160	182	209	237	250	289	#
191	994.193	2	14	63	93	125	138	187	206	209	211	234	254	289	#
192	958.165	0	2	13	27	83	86	93	174	189	212	213	253	289	#
193	864.944	55	61	79	85	94	112	145	195	203	209	215	254	289	#
194	851.088	13	45	55	57	96	100	105	106	110	156	224	241	289	#
195	813.8	73	93	97	100	105	107	123	125	130	173	206	250	289	#
196	184.062	9	39	91	108	290	#
197	235.167	108	218	227	235	290	#
198	196.165	70	91	204	246	290	#
199	126.463	39	222	234	249	290	#
200	642.724	9	75	91	114	154	188	207	223	291	#
201	710.249	82	146	150	156	179	193	204	207	291	#
202	633.032	2	9	60	64	100	117	158	254	291	#
203	593.995	11	26	85	114	137	150	203	234	291	#
204	590.363	123	128	139	154	182	194	209	251	291	#
205	531.678	91	95	127	158	165	166	231	249	291	#
206	246.813	54	73	254	292	#
207	296.953	73	105	220	292	#
208	207.915	21	54	89	292	#
209	174.362	44	251	254	292	#
210	108.079	15	#
211	606.437	6	8	11	23	41	88	150	201	209	219	293	#
212	828.034	10	11	23	56	86	94	121	134	195	225	293	#
213	767.931	22	31	109	171	178	190	191	199	200	201	293	#
214	751.882	6	47	115	155	166	180	184	202	242	253	293	#
215	694.517	7	23	55	58	137	152	164	180	210	226	293	#
216	681.492	8	19	41	67	79	123	199	228	232	252	293	#
217	113.351	3	#
218	256.958	1	16	45	93	125	144	229	294	#
219	281.107	16	53	83	135	164	167	219	294	#
220	608.79	16	97	127	137	143	145	164	171	189	191	239	240	253	295	#
221	905.965	28	68	71	78	97	101	110	117	118	135	168	185	212	295	#
222	899.801	13	28	72	92	117	127	135	137	142	191	197	220	244	295	#
223	892.11	50	70	97	118	119	125	170	175	182	189	191	211	243	295	#
224	885.495	43	62	70	82	100	122	125	148	164	188	207	217	239	295	#
225	828.711	20	51	67	83	96	119	145	149	163	164	227	228	229	295	#
226	324.886	61	128	174	296	#
227	286.619	98	174	196	296	#
228	252.939	61	118	144	296	#
229	207.605	17	82	128	296	#
230	1568.23	7	21	31	78	82	85	94	101	110	112	118	119	130	151	153	154	191	194	195	213	227	235	297	#
231	1900.36	3	19	24	31	36	45	46	71	74	86	94	105	118	140	150	151	174	185	190	191	230	246	297	#
232	1783.28	7	17	32	47	54	58	73	103	110	144	147	150	153	154	161	170	176	180	184	185	200	204	297	#
233	1713.76	28	31	36	37	41	47	54	71	83	101	103	126	135	157	161	174	176	180	200	206	213	216	297	#
234	1678.34	33	50	54	57	64	72	118	126	151	161	170	173	185	195	200	206	210	227	232	239	240	253	297	#
235	1659.1	3	20	33	43	45	71	78	103	105	118	119	147	151	156	161	171	179	181	184	186	187	228	297	#
236	295.19	18	51	223	298	#
237	313.959	18	51	52	298	#
238	171.939	19	51	153	298	#
239	160.974	72	223	228	298	#
240	199.096	96	148	299	#
241	190.276	96	192	299	#
242	153.8	148	222	299	#
243	819.608	8	10	14	21	33	67	70	80	101	107	109	120	160	168	211	245	300	#
244	1132.83	11	20	21	29	33	93	104	117	126	136	157	173	198	215	217	229	300	#
245	1108.98	6	10	36	49	69	102	138	147	148	164	176	182	195	200	204	213	300	#
246	1081.28	15	36	79	98	118	124	157	160	173	191	200	204	205	219	234	251	300	#
247	1076.54	11	19	40	49	52	68	70	72	130	132	144	197	207	211	248	254	300	#
248	1072.08	8	10	11	41	51	64	67	79	105	132	153	175	185	200	201	208	300	#
249	1571.78	25	48	53	74	83	95	97	105	114	148	150	152	159	169	171	197	206	208	210	250	252	301	#
250	1680.92	3	26	27	47	51	74	85	101	106	141	143	145	169	172	176	181	182	198	207	222	231	301	#
251	1674.59	11	35	50	55	59	69	70	93	95	101	126	147	157	169	170	177	180	191	203	218	254	301	#
252	1549.47	6	17	35	42	66	79	89	93	114	115	117	147	162	176	188	212	214	218	223	225	232	301	#
253	1548.36	16	56	62	74	76	83	93	97	126	127	139	141	159	163	164	169	172	188	213	220	242	301	#
254	1536.64	2	6	24	43	55	67	69	87	95	109	123	138	148	163	169	215	220	234	238	242	254	301	#
255	313.07	79	99	160	179	200	302	#
256	358.115	29	34	51	67	79	302	#
257	353.414	16	53	86	99	240	302	#
258	294.635	98	100	114	158	200	302	#
259	243.945	35	103	160	184	254	302	#
260	220.987	71	117	123	159	179	302	#
261	1582.52	13	30	57	79	80	81	90	100	107	110	119	143	150	181	186	192	197	204	208	220	221	229	235	236	244	250	252	255	303	#
262	2344.18	21	37	48	55	59	69	79	89	90	93	94	95	113	132	142	149	159	167	168	182	184	194	198	212	218	223	232	244	303	#
263	2206.19	8	11	22	27	30	46	52	60	74	89	91	111	113	117	148	162	163	168	169	176	182	188	202	204	236	237	240	250	303	#
264	2150.2	4	6	10	25	27	32	47	63	69	75	95	98	111	127	141	142	167	169	171	182	183	186	194	197	198	212	223	226	303	#
265	2112.51	26	27	28	30	51	71	75	79	86	87	113	116	119	127	130	143	151	154	164	168	171	172	198	206	210	236	251	253	303	#
266	2053.04	16	21	39	48	51	60	74	81	83	95	107	110	119	126	133	145	148	157	162	168	170	175	195	197	200	211	220	248	303	#
267	142.741	18	77	304	#
268	192.321	18	122	304	#
269	61.4923	77	207	304	#
270	116.226	59	#
271	496.145	113	120	140	180	200	206	219	305	#
272	600.354	6	37	116	120	153	186	234	305	#
273	576.623	14	68	72	140	204	218	234	305	#
274	566.906	4	109	116	120	147	206	217	305	#
275	565.767	33	96	125	176	207	219	224	305	#
276	516.03	33	43	98	113	138	198	247	305	#
277	1923.47	1	2	16	23	33	71	75	77	87	91	106	110	121	138	139	142	155	169	172	174	175	182	201	205	224	229	237	306	#
278	2168.97	1	4	22	44	47	55	68	73	82	96	102	104	116	149	161	163	168	186	189	199	206	210	230	231	237	248	255	306	#
279	2097.9	4	6	7	10	22	23	26	27	28	31	42	44	63	82	86	87	91	116	138	154	174	203	204	210	220	230	249	306	#
280	2078.98	16	22	23	27	28	31	43	44	61	65	81	82	108	119	124	126	138	142	162	203	210	227	228	237	249	253	254	306	#
281	2027.27	4	6	16	44	58	65	67	71	82	91	92	117	124	142	147	149	152	173	176	191	194	196	199	200	202	207	246	306	#
282	1972.57	5	6	8	12	26	47	77	91	93	96	102	103	106	116	118	144	149	152	162	164	174	176	179	184	199	241	243	306	#
283	772.543	23	71	86	116	129	178	181	189	211	234	307	#
284	879.699	109	125	126	143	155	181	192	204	211	232	307	#
285	800.295	7	23	68	79	106	115	137	157	183	208	307	#
286	737.714	7	22	88	125	147	181	192	201	212	249	307	#
287	729.185	5	76	96	116	120	137	147	216	223	244	307	#
288	716.148	0	71	74	84	86	92	109	174	192	248	307	#
289	165.549	47	88	179	308	#
290	178.927	4	47	215	308	#
291	175.394	9	120	179	308	#
292	1017.72	27	36	74	75	99	122	126	165	175	188	195	197	206	207	211	309	#
293	1299.63	5	16	20	27	31	53	60	71	130	156	175	182	184	231	250	309	#
294	1195.02	1	5	6	18	20	59	74	81	117	132	192	201	202	207	217	309	#
295	1149.03	32	35	57	59	101	108	113	146	165	180	192	201	206	239	240	309	#
296	1143.97	11	22	37	71	109	116	124	126	135	173	182	195	204	225	231	309	#
297	1113.29	74	81	92	97	124	154	165	188	195	206	210	213	218	239	246	309	#
298	862.425	1	30	44	45	67	94	99	131	179	206	229	236	255	310	#
299	1083.96	16	53	60	79	92	100	142	148	179	186	192	199	236	310	#
300	1031.71	3	22	37	41	45	53	116	143	146	199	209	211	226	310	#
301	1010.46	7	14	30	85	94	99	105	132	140	151	180	199	217	310	#
302	999.404	61	77	119	122	131	138	144	149	186	192	229	243	254	310	#
303	903.538	41	64	76	80	89	113	121	169	196	202	206	209	225	310	#
304	231.534	34	79	146	311	#
305	254.41	79	207	235	311	#
306	190.216	17	140	146	311	#
307	170.039	22	34	231	311	#
308	528.54	8	55	63	77	91	106	108	238	247	252	312	#
309	734.136	8	9	18	81	88	117	124	154	176	201	312	#
310	724.127	76	77	95	164	169	170	179	188	229	239	312	#
311	627.674	45	63	103	128	144	160	189	229	233	247	312	#
312	614.751	12	19	23	70	108	127	155	179	237	249	312	#
313	611.593	20	27	68	76	102	113	148	160	224	252	312	#
314	80.3382	157	#
315	1841.93	1	6	7	10	28	29	31	41	42	85	106	118	133	134	137	173	179	181	183	192	199	221	224	229	235	237	243	244	313	#
316	2161.2	19	29	44	47	48	56	62	65	68	80	82	88	94	101	118	119	129	144	146	155	157	163	174	182	185	223	224	233	313	#
317	2112.95	3	12	26	28	46	60	70	89	116	122	123	132	137	139	146	148	156	158	167	176	180	195	199	209	224	225	238	255	313	#
318	2091.34	1	2	3	5	21	34	40	41	42	56	65	69	77	106	114	118	129	131	140	144	151	176	178	186	192	193	199	253	313	#
319	2029.21	1	45	50	56	71	73	75	80	84	85	96	97	105	111	119	126	132	134	137	144	157	168	180	181	189	193	220	255	313	#
320	2016.74	0	10	17	23	26	28	43	45	50	52	53	58	59	61	75	85	118	140	155	160	179	181	211	222	224	229	241	245	313	#
321	1589.94	1	10	30	36	39	47	63	65	89	97	101	103	142	147	172	191	193	224	227	234	237	239	240	243	245	314	#
322	1999.39	18	22	24	33	46	72	79	86	98	101	109	113	123	151	161	163	179	188	202	210	212	234	245	250	251	314	#
323	1999.19	1	7	13	19	22	31	55	90	98	105	116	131	132	143	157	159	173	181	191	196	235	238	239	242	255	314	#
324	1975.21	2	25	37	38	40	60	71	90	97	98	102	142	157	162	163	168	181	189	190	196	202	238	242	243	245	314	#
325	1972	13	19	24	31	56	70	83	92	101	131	138	142	160	170	173	175	176	185	190	200	233	234	238	240	241	314	#
326	1943.29	10	16	18	31	36	46	47	60	72	91	94	121	130	146	162	182	186	193	197	204	208	212	231	244	245	314	#
327	438.876	7	43	124	186	197	230	315	#
328	495.005	27	30	121	124	199	247	315	#
329	449.42	66	99	117	186	239	241	315	#
330	380.39	8	51	166	185	211	230	315	#
331	357.757	4	31	43	69	192	219	315	#
332	284.655	7	25	60	109	157	201	315	#
333	773.424	10	32	47	74	102	140	159	163	212	221	225	316	#
334	975.883	9	23	39	71	94	104	111	122	184	221	252	316	#
335	942.352	7	33	45	100	102	118	130	149	175	201	225	316	#
336	849.386	18	26	27	50	54	55	189	212	224	225	235	316	#
337	839.82	17	23	58	66	70	72	97	111	159	179	241	316	#
338	819.666	15	64	68	69	74	165	181	189	210	216	232	316	#
339	1938.49	17	19	71	73	95	103	111	115	118	124	130	139	145	148	161	169	185	190	202	204	207	208	245	246	247	317	#
340	2239.58	26	30	51	56	59	61	73	85	89	95	111	131	136	148	185	193	197	208	215	223	224	239	243	244	254	317	#
341	1990.68	13	14	30	33	35	50	71	78	82	106	127	132	161	174	180	188	192	202	205	208	209	226	248	250	254	317	#
342	1937.57	11	51	56	59	61	64	69	98	107	111	119	126	142	145	151	184	190	205	208	219	238	239	247	250	253	317	#
343	1901.75	15	41	95	105	112	127	128	131	136	137	142	147	158	161	173	174	188	196	202	208	216	218	226	250	254	317	#
344	1874.05	2	7	13	19	26	38	41	43	54	55	56	64	90	91	111	151	162	204	206	207	211	219	237	241	248	317	#
345	594.657	25	50	62	87	89	130	171	228	229	230	238	318	#
346	851.751	0	13	27	30	41	62	68	162	174	179	201	318	#
347	829.432	4	45	50	85	113	116	199	202	213	225	237	318	#
348	709.789	19	24	25	27	72	106	164	174	194	201	228	318	#
349	698.354	11	29	56	96	107	126	229	236	238	239	250	318	#
350	657.254	12	21	30	38	67	89	172	186	207	224	248	318	#
351	1185.52	7	23	31	53	56	61	69	84	89	125	145	171	194	199	215	231	243	319	#
352	1297.86	0	7	10	17	36	52	63	85	89	132	148	162	164	165	168	201	239	319	#
353	1272.09	9	31	33	39	53	63	94	96	99	136	145	162	172	200	231	241	242	319	#
354	1256.15	7	16	33	58	61	85	88	105	123	162	163	180	184	186	197	200	231	319	#
355	1242.38	7	20	31	45	55	61	63	71	81	96	99	184	192	196	201	204	238	319	#
356	1236.48	9	52	68	71	85	86	93	95	132	135	136	140	171	184	212	233	254	319	#
357	488.532	29	56	58	126	170	193	214	230	320	#
358	722.336	69	82	154	162	170	178	190	233	320	#
359	709.52	9	79	148	178	196	197	214	250	320	#
360	653.014	23	32	33	41	124	193	210	217	320	#
361	644.604	22	33	109	126	157	178	246	250	320	#
362	569.39	29	35	56	58	72	178	248	250	320	#
363	1133.36	7	59	71	90	95	97	133	161	180	202	219	225	321	#
364	993.771	32	48	66	94	95	97	106	133	185	194	221	255	321	#
365	949.353	15	73	74	81	83	86	95	107	109	167	221	225	321	#
366	932	42	59	70	74	96	97	104	118	131	186	220	250	321	#
367	912.061	30	72	96	97	109	161	174	189	202	204	248	250	321	#
368	895.778	7	28	31	59	102	153	168	176	178	186	207	229	321	#
369	543.926	51	137	151	162	178	322	#
370	440.437	58	105	137	141	204	322	#
371	355.433	23	88	117	119	151	322	#
372	1435.15	10	35	49	54	57	59	66	72	84	105	115	140	153	168	182	196	200	213	218	227	254	255	323	#
373	1964.74	8	29	31	54	59	62	106	112	127	135	137	155	168	175	194	201	217	218	220	223	225	240	323	#
374	1812.51	29	33	42	54	59	71	83	94	99	107	155	156	159	178	182	189	234	235	236	243	249	255	323	#
375	1767.57	8	10	22	25	30	59	61	71	75	85	88	144	162	168	173	182	187	190	197	208	217	219	323	#
376	1736.68	6	8	33	76	85	112	133	155	157	159	164	181	187	198	213	218	220	223	228	235	244	251	323	#
377	1726.84	8	30	35	52	54	83	85	89	96	101	129	131	178	182	189	200	205	206	213	218	220	234	323	#
378	406.204	80	148	165	171	204	324	#
379	338.32	41	80	124	150	155	324	#
380	331.857	30	57	68	116	204	324	#
381	304.023	99	149	165	170	215	324	#
382	295.928	24	33	105	171	215	324	#
383	291.356	2	45	148	163	226	324	#
384	123.32	80	127	181	325	#
385	161.301	105	164	181	325	#
386	112.627	28	66	127	325	#
387	97.3216	35	80	235	325	#
388	129.239	79	#
389	129.58	145	164	221	326	#
390	158.511	95	164	224	326	#
391	148.957	10	111	145	326	#
392	93.2238	141	205	221	326	#
393	732.682	6	28	45	85	91	116	129	168	253	327	#
394	919.206	19	31	71	95	116	147	173	199	214	327	#
395	786.538	31	95	108	116	132	168	192	213	229	327	#
396	725.791	8	15	31	45	53	59	63	203	253	327	#
397	716.692	89	129	133	145	162	167	170	180	209	327	#
398	663.429	33	77	79	91	104	137	182	197	216	327	#
399	179.189	21	182	218	328	#
400	182.099	23	218	237	328	#
401	242.568	49	59	104	169	253	329	#
402	349.256	7	11	79	147	253	329	#
403	295.633	49	91	106	118	131	329	#
404	288.824	104	162	188	215	253	329	#
405	260.459	13	63	146	169	229	329	#
406	477.049	13	97	98	116	132	242	330	#
407	559.314	47	98	169	181	194	232	330	#
408	550.03	17	95	158	170	180	242	330	#
409	412.941	0	13	37	71	183	199	330	#
410	366.796	13	22	116	119	122	249	330	#
411	350.303	3	12	97	143	190	231	330	#
412	342.966	33	40	65	79	121	138	230	331	#
413	487.904	13	40	117	124	140	157	168	331	#
414	469.358	33	55	123	188	212	232	253	331	#
415	465.014	6	83	121	133	156	223	224	331	#
416	359.039	73	116	201	202	205	210	230	331	#
417	339.44	79	89	135	179	212	214	234	331	#
418	335.063	64	159	210	332	#
419	239.427	64	163	219	332	#
420	185.323	7	159	190	332	#
421	158.586	81	156	210	332	#
422	747.8	57	85	148	167	184	190	198	214	233	246	333	#
423	791.284	42	71	85	110	133	147	169	186	238	252	333	#
424	784.599	82	119	175	181	198	203	212	213	234	250	333	#
425	764.027	35	59	61	109	151	166	169	207	233	250	333	#
426	761.557	16	23	87	138	151	190	191	207	223	230	333	#
427	729.395	53	145	148	162	174	189	202	206	209	255	333	#
428	606.613	15	16	21	31	104	126	157	189	196	209	225	334	#
429	899.986	22	31	97	133	138	192	203	224	227	236	250	334	#
430	710.046	1	2	5	66	67	101	126	153	155	173	180	334	#
431	691.726	17	22	72	75	131	149	157	176	189	216	245	334	#
432	687.692	16	17	27	73	127	157	185	220	222	228	252	334	#
433	627.65	14	15	16	57	58	129	131	135	230	250	254	334	#
434	1086.88	3	34	39	52	63	70	75	94	112	125	144	151	153	180	194	203	239	335	#
435	1463.11	3	7	35	63	71	84	87	89	137	151	174	176	198	205	208	209	229	335	#
436	1284.04	11	20	39	75	133	136	155	169	174	194	199	207	208	224	244	250	252	335	#
437	1278.75	3	30	32	55	66	71	75	85	114	133	143	149	194	205	210	213	228	335	#
438	1273.16	7	11	15	75	77	93	101	107	122	125	127	135	168	176	194	200	220	335	#
439	1263.31	49	67	70	82	88	91	104	119	126	147	176	180	191	199	223	249	250	335	#
440	48.858	36	#
441	481.512	6	31	54	140	154	170	204	336	#
442	544.781	11	79	127	140	145	183	231	336	#
443	484.595	31	54	86	115	116	203	231	336	#
444	481.221	4	6	86	99	156	173	228	336	#
445	417.033	25	37	58	162	183	204	211	336	#
446	411.889	10	31	75	81	231	238	246	336	#
447	305.581	126	158	194	337	#
448	267.198	39	158	239	337	#
449	244.073	126	128	187	337	#
450	190.275	14	21	194	337	#
451	142.372	14	102	144	338	#
452	124.894	74	80	102	338	#
453	698.421	8	71	80	104	122	173	189	198	206	228	231	339	#
454	864.17	4	17	36	37	55	74	91	100	122	214	241	339	#
455	833.64	36	39	113	155	178	181	194	198	222	226	251	339	#
456	813.157	23	26	35	38	61	71	123	155	163	195	205	339	#
457	810.246	1	17	29	38	75	94	159	185	205	206	208	339	#
458	744.748	6	37	42	45	80	113	132	158	214	221	254	339	#
459	278.185	6	155	243	248	340	#
460	371.311	118	139	142	155	340	#
461	264.174	6	42	85	248	340	#
462	251.118	6	82	106	251	340	#
463	209.546	17	202	243	252	340	#
464	758.57	34	43	44	58	69	147	160	170	181	225	228	251	341	#
465	953.22	14	26	43	57	94	116	157	177	179	181	202	233	341	#
466	952.289	22	44	45	55	74	80	111	147	197	203	208	234	341	#
467	909.784	3	38	55	108	181	182	201	204	225	226	234	247	341	#
468	840.906	5	33	35	87	106	114	119	147	203	234	240	248	341	#
469	801.556	56	58	71	85	106	120	146	152	157	202	208	230	341	#
470	107.273	146	168	342	#
471	55.1197	140	146	342	#
472	2130.92	4	16	20	23	38	51	57	60	66	93	94	95	98	123	124	126	137	140	148	149	159	165	183	184	195	211	224	228	232	236	239	243	343	#
473	2597.85	0	4	14	15	30	43	51	54	57	58	66	72	83	87	91	94	110	111	118	119	134	137	149	151	159	205	206	219	232	234	239	246	343	#
474	2508.5	3	15	16	19	29	33	38	43	45	58	72	94	98	100	104	107	111	118	129	142	144	149	153	170	183	191	194	198	202	208	230	243	343	#
475	2431.19	22	48	50	74	81	82	87	107	109	115	118	119	122	126	136	138	147	149	150	157	175	184	189	191	199	208	209	210	221	239	242	251	343	#
476	2417.67	0	5	16	20	38	56	59	69	71	74	89	98	100	104	117	123	124	127	134	137	151	157	178	188	199	205	208	218	232	233	238	255	343	#
477	2399.77	23	33	38	51	65	66	81	87	98	100	107	114	124	126	128	134	136	142	144	153	164	175	181	195	197	199	208	210	215	225	238	249	343	#
478	291.658	72	132	173	197	211	344	#
479	390.566	93	132	196	197	231	344	#
480	386.182	44	196	211	232	254	344	#
481	307.949	9	13	58	72	216	344	#
482	249.865	83	173	197	221	231	344	#
483	1795.38	0	1	7	13	15	35	38	58	59	99	104	110	112	113	128	129	146	168	176	185	186	196	203	208	217	224	245	251	252	255	345	#
484	2286.41	3	26	42	49	53	58	61	71	77	90	91	101	112	114	124	127	129	139	148	151	161	169	183	186	190	194	196	242	248	249	345	#
485	2202.43	0	10	11	13	34	48	56	60	61	68	69	70	77	88	98	100	120	135	146	150	181	185	204	207	208	210	221	223	227	254	345	#
486	2179.88	6	35	37	56	66	73	80	91	97	121	159	160	175	178	180	181	193	194	196	198	199	204	209	213	214	224	247	251	254	255	345	#
487	2169.08	13	14	33	53	67	69	77	86	87	96	99	119	120	142	150	151	156	164	174	181	194	196	198	201	204	219	225	242	251	255	345	#
488	2121.39	10	18	25	33	48	59	60	68	69	79	84	86	100	103	104	124	125	134	139	142	148	149	151	173	182	198	207	230	235	246	345	#
489	708.455	53	113	134	166	208	216	225	232	234	346	#
490	762.747	6	11	89	100	154	194	232	244	254	346	#
491	726.946	6	85	104	113	155	191	194	211	246	346	#
492	671.312	49	53	124	125	136	137	138	175	178	346	#
493	630.412	3	22	53	121	149	154	162	183	234	346	#
494	611.41	57	61	112	138	141	223	225	237	255	346	#
495	428.605	69	101	175	177	238	347	#
496	459.602	45	71	161	177	180	347	#
497	418.939	21	54	62	101	210	347	#
498	410.978	37	165	177	238	249	347	#
499	398.623	63	161	175	190	212	347	#
500	284.602	69	103	105	210	244	347	#
501	243.947	23	125	134	207	253	348	#
502	330.768	46	50	98	193	253	348	#
503	309.877	20	23	96	103	111	348	#
504	297.759	81	85	207	233	246	348	#
505	260.072	6	12	36	134	214	348	#
506	230.784	12	34	125	246	254	348	#
507	2492.9	1	12	13	22	25	26	30	31	39	40	45	55	56	60	67	83	84	90	91	113	122	123	126	132	135	137	139	144	148	151	167	174	180	198	200	205	211	216	244	247	252	349	#
508	3281.17	4	10	11	17	28	39	41	47	56	59	61	64	67	68	71	74	79	91	97	100	122	126	128	144	154	158	161	167	175	192	200	207	208	213	214	216	225	228	229	232	240	349	#
509	3089.12	9	16	26	36	48	49	51	55	56	64	77	80	85	86	93	97	103	108	119	124	126	127	139	144	151	152	154	161	167	175	176	183	184	191	197	205	208	216	218	231	233	349	#
510	3083.71	1	11	25	26	27	31	40	51	58	79	84	87	91	97	100	116	119	124	126	127	135	140	144	146	148	151	156	159	167	168	170	177	180	192	200	206	218	233	237	250	254	349	#
511	3012.13	0	23	35	38	45	47	53	55	64	83	90	91	92	94	97	106	127	128	130	139	140	143	151	153	161	165	170	174	177	181	187	196	205	208	223	224	231	238	241	244	254	349	#
512	3010.78	1	15	21	36	44	47	48	51	55	58	63	67	71	83	92	93	100	102	108	116	119	121	122	124	130	137	141	142	168	175	180	183	191	192	203	207	208	216	222	229	235	349	#
513	396.646	23	82	100	178	201	246	350	#
514	525.446	53	82	101	119	238	241	350	#
515	465.833	33	36	54	56	74	100	350	#
516	403.992	23	38	55	201	209	216	350	#
517	388.236	20	23	60	85	107	239	350	#
518	290.29	11	37	108	149	159	178	350	#
519	679.948	37	73	80	87	96	111	112	114	227	230	232	242	351	#
520	992.374	9	17	22	23	26	37	40	48	130	179	242	254	351	#
521	839.516	20	22	38	60	114	129	145	150	162	199	203	255	351	#
522	804.503	3	37	38	42	70	96	113	151	155	164	169	233	351	#
523	725.806	6	12	14	18	102	112	152	167	194	229	243	246	351	#
524	717.631	57	59	73	76	84	97	99	124	151	157	160	204	351	#
525	89.128	31	#
526	817.347	16	31	69	82	113	116	162	183	199	226	231	352	#
527	898.52	26	31	91	112	142	162	165	177	196	211	239	352	#
528	858.939	62	69	107	112	115	116	134	155	178	186	190	352	#
529	845.784	21	29	30	42	82	100	138	151	240	248	250	352	#
530	801.409	42	110	125	131	138	151	162	195	203	249	250	352	#
531	754.126	8	55	75	76	114	129	133	182	183	227	233	352	#
532	102.545	118	#
533	157.966	179	242	353	#
534	176.234	179	212	353	#
535	173.993	233	242	353	#
536	1079.28	21	23	35	70	78	90	96	108	134	147	154	165	170	183	184	196	206	247	354	#
537	1395.02	0	15	30	33	35	43	46	78	93	119	147	179	181	205	234	237	247	254	354	#
538	1370.21	0	15	69	89	97	107	108	128	154	160	163	186	190	226	231	232	244	254	354	#
539	1362.62	19	23	29	43	53	55	60	63	95	100	102	125	134	139	167	206	215	254	354	#
540	1352.72	1	26	53	55	61	79	92	116	140	154	175	182	188	196	213	216	235	249	354	#
541	1346.49	12	21	30	36	55	68	72	78	93	107	122	145	180	182	185	206	225	252	354	#
542	303.21	130	150	156	213	239	355	#
543	440.645	119	137	156	192	231	355	#
544	304.938	3	28	78	88	239	355	#
545	304.432	0	83	120	130	178	355	#
546	217.733	10	75	199	213	250	355	#
547	815.322	46	54	135	148	164	166	176	199	211	216	235	238	253	356	#
548	1071.51	50	69	85	95	103	135	136	155	174	182	189	198	216	356	#
549	1067.59	12	45	67	79	122	148	151	176	178	189	212	216	242	356	#
550	1022.1	2	8	57	60	67	85	128	131	148	174	199	218	225	356	#
551	1018.2	9	21	24	88	110	115	118	122	141	148	151	199	249	356	#
552	938.282	23	52	103	118	150	151	159	161	192	205	211	219	253	356	#
553	496.44	49	64	115	156	206	223	253	357	#
554	468.726	33	50	64	95	137	172	185	357	#
555	419.265	11	49	80	126	140	170	204	357	#
556	408.275	2	53	89	120	157	206	246	357	#
557	389.73	17	26	105	156	177	184	230	357	#
558	384.256	28	31	68	88	97	223	230	357	#
559	287.116	59	74	174	201	358	#
560	339.585	59	132	211	216	358	#
561	250.597	2	13	45	174	358	#
562	227.992	74	76	159	187	358	#
563	203.402	20	91	174	201	358	#
564	110.345	65	76	359	#
565	163.176	76	196	359	#
566	57.0506	65	244	359	#
567	599.978	20	21	24	54	88	90	95	103	123	186	197	219	226	246	360	#
568	863.853	19	57	94	112	123	143	154	163	187	207	209	213	223	245	360	#
569	857.5	21	30	39	49	62	76	86	106	166	172	183	198	224	237	360	#
570	845.644	18	28	51	62	87	95	97	144	167	202	210	232	246	253	360	#
571	1136.21	0	19	25	35	55	63	71	76	99	106	107	111	130	174	188	189	207	247	361	#
572	1505.27	3	19	30	44	53	60	69	127	148	154	163	164	181	186	192	207	220	235	361	#
573	1358.16	3	37	42	43	57	70	72	82	106	108	127	134	163	199	200	204	224	229	361	#
574	1303.07	3	19	60	63	64	69	105	124	134	151	163	169	194	205	209	244	252	254	361	#
575	1273.75	2	59	71	85	91	93	104	133	155	169	196	198	205	215	218	223	246	255	361	#
576	1271.54	2	55	71	121	130	133	137	138	142	162	169	198	208	209	233	236	242	244	361	#
577	1048.27	1	21	38	45	61	78	122	147	148	150	178	183	191	194	229	241	362	#
578	1316.78	3	19	21	33	35	44	60	67	81	82	130	183	185	199	202	229	362	#
579	1186.61	4	14	32	44	76	78	79	82	94	115	195	209	215	232	235	241	362	#
580	1140.41	7	26	72	96	99	106	111	113	128	137	178	181	187	199	202	221	362	#
581	1128.96	38	41	46	51	63	82	90	94	108	120	121	183	186	196	217	242	362	#
582	1063.11	13	59	86	106	107	115	117	122	125	136	148	149	160	170	190	212	362	#
583	346.178	98	128	134	152	250	363	#
584	355.842	5	56	98	185	196	363	#
585	352.029	83	107	134	152	225	363	#
586	318.09	8	44	102	128	221	363	#
587	239.831	16	110	152	192	233	363	#
588	200.5	99	121	245	250	253	363	#
589	362.333	29	60	62	77	160	182	364	#
590	436.678	62	88	126	232	240	243	364	#
591	423.585	34	60	102	104	142	208	364	#
592	421.558	18	94	109	134	160	232	364	#
593	373.947	33	56	77	98	121	209	364	#
594	333.012	38	99	126	134	164	182	364	#
595	342.453	61	115	154	157	197	365	#
596	389.262	16	57	61	105	215	365	#
597	270.412	9	157	159	164	219	365	#
598	259.733	10	29	149	154	174	365	#
599	192.676	53	135	197	240	253	365	#
600	164.751	49	60	115	177	214	365	#
601	298.343	75	80	132	174	227	366	#
602	385.76	26	68	174	202	224	366	#
603	369.554	43	80	91	133	193	366	#
604	347.294	73	107	187	227	232	366	#
605	324.064	132	163	192	222	228	366	#
606	272.388	53	75	113	134	204	366	#
607	587.373	48	83	97	159	177	185	232	246	367	#
608	657.241	83	92	132	168	180	210	213	235	367	#
609	614.835	48	52	148	149	172	207	211	235	367	#
610	598.04	4	46	65	70	92	178	185	241	367	#
611	515.796	15	31	64	80	97	224	229	246	367	#
612	486.277	2	15	30	60	77	159	202	253	367	#
613	278.747	51	137	201	227	248	368	#
614	413.024	71	115	151	196	227	368	#
615	400.6	32	74	137	158	241	368	#
616	367.85	48	51	185	187	216	368	#
617	366.892	17	85	127	191	248	368	#
618	364.834	60	66	88	146	201	368	#
619	231.513	18	33	369	#
620	218.76	12	33	369	#
621	159.483	18	46	369	#
622	2529.85	0	4	14	15	28	36	41	46	58	68	69	78	80	87	108	109	111	114	118	131	138	139	145	150	169	171	180	187	193	194	197	210	219	226	232	238	242	251	370	#
623	2966.17	2	3	4	12	15	19	22	33	35	63	73	76	85	87	90	95	103	105	107	114	133	136	138	140	150	153	157	169	177	178	180	199	225	229	242	249	251	254	370	#
624	2935.74	4	11	12	21	24	31	36	38	42	48	51	72	77	85	89	91	97	121	122	126	128	139	149	157	161	175	178	181	187	193	197	198	199	202	207	211	220	229	370	#
625	2860.22	3	4	9	10	11	23	31	41	43	45	55	60	74	93	95	101	109	115	117	128	129	143	150	177	178	190	193	219	223	227	231	238	240	245	246	249	250	252	370	#
626	2803.54	4	19	24	37	46	48	59	66	69	74	76	82	89	91	95	107	117	124	131	133	143	165	167	175	178	182	183	190	192	194	204	209	227	229	234	238	245	255	370	#
627	2725	3	14	18	23	26	33	48	50	59	65	66	68	72	88	89	90	92	93	104	105	106	107	108	114	125	137	178	198	222	225	227	228	229	231	237	238	240	242	370	#
628	1900.68	17	21	24	52	61	66	71	76	77	79	88	89	95	99	104	113	115	137	160	166	174	176	197	218	225	227	228	249	371	#
629	2152.26	10	22	37	53	66	70	79	91	97	104	127	150	152	157	165	167	176	198	203	211	220	221	222	234	238	239	240	249	371	#
630	2142.37	8	11	21	23	26	38	51	66	76	79	89	91	102	103	120	141	154	173	182	197	198	200	212	220	225	236	239	249	371	#
631	2113.68	9	15	22	35	51	61	70	82	86	90	92	94	120	127	131	150	152	154	166	188	192	194	197	198	203	225	234	255	371	#
632	2110.35	8	9	20	58	60	64	70	72	73	76	79	85	90	97	102	115	125	130	131	141	182	198	205	210	225	237	239	247	371	#
633	2060.09	11	23	26	32	38	46	61	65	71	72	78	79	80	83	85	88	92	111	160	162	166	173	180	205	222	237	239	242	371	#
634	848.002	91	113	119	137	149	158	174	193	248	372	#
635	744.009	6	67	85	89	119	120	186	249	252	372	#
636	723.697	19	54	85	98	114	116	137	170	251	372	#
637	705.146	22	64	72	87	91	164	186	225	243	372	#
638	675.361	3	34	108	146	153	174	208	215	229	372	#
639	673.642	1	4	42	85	131	149	164	199	244	372	#
640	131.058	72	#
641	251.653	23	139	233	373	#
642	259.041	139	202	207	373	#
643	246.178	21	23	242	373	#
644	218.669	64	144	233	373	#
645	336.738	22	83	137	193	374	#
646	402.795	22	48	130	179	374	#
647	333.225	83	156	168	179	374	#
648	289.401	3	17	137	253	374	#
649	255.439	16	82	102	193	374	#
650	296.028	26	86	105	120	249	375	#
651	408.063	8	30	95	193	249	375	#
652	341.869	67	105	159	193	247	375	#
653	341.155	26	77	181	235	238	375	#
654	225.671	120	121	173	216	218	375	#
655	188.74	6	86	112	150	156	375	#
656	1315.8	6	24	51	53	59	65	77	82	133	143	151	164	213	224	225	230	236	239	376	#
657	1522.91	51	55	68	82	83	103	106	107	109	118	143	155	168	176	210	215	234	252	376	#
658	1464.88	4	17	30	55	59	65	70	89	146	168	174	183	189	193	203	231	233	252	376	#
659	1435.98	27	41	42	113	118	120	132	133	141	152	157	190	193	199	223	231	241	246	376	#
660	1428.21	17	23	31	45	64	65	68	83	150	151	175	192	194	200	222	235	241	249	376	#
661	1368.95	19	20	45	53	65	66	77	82	83	102	184	202	203	207	209	222	234	244	376	#
662	829.766	50	69	95	111	131	134	158	163	164	180	231	236	239	246	377	#
663	1220.02	31	52	66	93	120	131	150	158	163	174	175	198	213	216	377	#
664	1142.52	42	51	75	86	91	134	146	149	168	180	185	215	217	234	377	#
665	1123.16	17	48	51	64	83	113	146	150	158	164	204	225	236	250	377	#
666	1102.4	4	41	54	73	95	106	117	142	156	182	200	203	217	254	377	#
667	1095.44	4	6	17	18	36	50	54	71	108	156	173	213	216	232	377	#
668	111.531	2	117	183	378	#
669	131.083	2	166	192	378	#
670	115.18	42	117	250	378	#
671	122.659	121	126	195	379	#
672	114.73	195	208	227	379	#
673	2057.16	3	5	6	10	14	28	33	34	37	40	56	79	91	98	112	115	135	138	150	152	157	162	170	187	191	194	196	217	220	221	244	251	380	#
674	2603.62	3	20	27	37	41	52	64	71	75	76	84	111	116	131	137	139	151	152	156	157	162	175	178	180	182	188	194	198	208	211	227	239	380	#
675	2445.4	2	3	5	7	15	53	64	72	83	105	106	135	136	146	148	149	156	168	169	170	177	180	190	192	193	196	206	212	223	225	235	245	380	#
676	2422.08	16	20	32	55	57	59	74	98	99	105	113	120	126	135	139	145	156	157	158	175	176	192	194	196	201	208	211	216	220	228	232	239	380	#
677	2403.95	0	1	6	10	19	28	29	32	33	38	39	41	47	55	64	81	83	101	103	114	121	139	150	151	158	170	190	191	198	208	241	244	380	#
678	2330.56	1	3	13	29	33	39	41	55	64	72	74	106	111	117	135	138	142	146	154	156	162	167	172	193	196	198	208	211	222	233	248	252	380	#
679	310.339	27	104	169	191	381	#
680	416.946	15	27	51	175	381	#
681	353.922	104	182	223	255	381	#
682	258.262	79	169	189	235	381	#
683	215.953	10	30	171	191	381	#
684	383.565	8	23	71	172	382	#
685	409.845	59	71	96	118	382	#
686	342.125	79	101	136	172	382	#
687	291.833	8	67	87	180	382	#
688	289.399	23	54	83	206	382	#
689	654.095	17	92	113	140	142	188	195	205	211	238	253	383	#
690	977.011	11	15	44	83	86	113	151	160	168	207	211	383	#
691	923.57	29	40	75	113	152	166	177	198	207	210	223	383	#
692	737.674	58	69	81	86	126	142	169	219	238	241	251	383	#
693	733.113	11	19	65	69	75	101	155	198	236	247	253	383	#
694	730.753	35	56	92	99	105	140	142	148	209	211	241	383	#
695	422.355	45	69	94	210	230	233	242	246	384	#
696	633.158	52	54	76	138	160	161	223	242	384	#
697	492.943	6	55	69	108	115	120	144	224	384	#
698	478.814	12	21	121	125	210	212	239	241	384	#
699	457.965	2	83	87	116	138	149	208	230	384	#
700	415.221	0	68	86	131	146	233	240	254	384	#
701	104.914	5	73	385	#
702	119.971	73	194	385	#
703	70.2071	5	54	385	#
704	1673.18	7	13	18	21	26	32	34	36	41	42	45	49	55	70	71	83	84	88	100	138	164	168	170	191	200	208	214	216	238	243	386	#
705	2333.66	13	21	47	49	67	82	85	93	100	101	114	132	133	141	147	154	159	168	174	179	183	186	191	193	198	199	203	224	249	251	386	#
706	2233.86	1	5	12	32	49	53	61	71	78	97	107	116	122	124	127	150	153	154	163	175	183	187	191	200	214	222	228	232	234	254	386	#
707	2213.4	6	17	21	31	53	63	73	83	84	93	100	111	117	146	153	154	162	165	167	182	189	194	198	199	204	207	208	224	228	231	386	#
708	2197.61	6	29	40	53	55	59	63	69	72	96	97	111	118	123	133	143	149	169	171	175	181	191	193	197	198	211	235	238	249	252	386	#
709	2102.21	0	13	15	25	30	36	45	47	50	59	61	64	70	99	100	105	141	143	155	160	162	171	174	178	180	191	202	207	216	244	386	#
710	448.834	9	22	55	139	216	233	387	#
711	619.403	9	22	31	72	86	175	387	#
712	517.53	55	64	156	168	178	254	387	#
713	516.209	66	125	177	216	225	238	387	#
714	458.001	11	22	93	139	187	208	387	#
715	444.277	94	125	152	170	181	233	387	#
716	857.813	31	48	63	65	69	147	150	203	213	250	254	388	#
717	999.759	32	39	63	79	89	165	178	182	185	198	249	388	#
718	868.621	26	62	108	114	131	172	186	206	213	225	237	388	#
719	837.035	56	69	77	114	118	123	129	137	225	235	254	388	#
720	814.591	8	19	25	36	48	86	182	203	221	228	255	388	#
721	749.372	4	13	36	51	85	90	147	169	182	202	203	388	#
722	48.7617	229	#
723	152.845	0	42	109	177	389	#
724	212.608	4	60	130	177	389	#
725	184.787	0	4	58	101	389	#
726	139.781	2	42	63	248	389	#
727	759.688	10	35	74	88	120	127	144	168	197	206	222	244	390	#
728	1055.16	19	48	52	55	94	163	191	220	232	243	244	245	390	#
729	926.588	33	35	70	106	116	133	144	152	166	184	190	206	390	#
730	922.511	55	60	93	103	133	152	159	168	186	201	243	249	390	#
731	834.342	1	10	55	68	84	128	149	168	174	182	215	222	390	#
732	800.273	2	18	68	70	127	170	174	175	187	203	214	244	390	#
733	1845.25	0	4	12	21	27	49	61	65	69	75	84	88	91	106	112	116	123	124	157	162	169	180	190	198	209	236	245	249	254	255	391	#
734	2467.06	0	1	27	30	33	50	52	63	71	72	73	94	96	127	135	142	151	162	171	175	192	195	204	214	239	241	246	249	254	255	391	#
735	2227.99	5	6	19	25	49	54	56	70	72	73	74	80	86	99	112	139	141	145	162	170	176	181	182	189	196	203	207	223	226	255	391	#
736	2220.77	20	27	30	34	56	59	96	97	99	109	110	111	116	124	127	132	141	147	158	159	170	176	180	196	201	216	218	226	236	241	391	#
737	2119.53	1	5	6	12	36	43	45	60	64	72	76	81	93	116	124	127	128	135	153	158	167	175	182	191	209	218	227	237	247	254	391	#
738	2111.53	0	4	9	12	14	15	17	27	32	45	55	86	98	109	110	112	122	124	127	143	144	158	179	186	201	205	206	216	233	244	391	#
739	444.083	48	76	79	82	184	392	#
740	451.333	27	69	80	116	184	392	#
741	433.379	65	75	79	130	173	392	#
742	416.068	48	75	120	177	182	392	#
743	370.098	37	76	92	177	244	392	#
744	359.16	45	82	112	154	167	392	#
745	375.138	88	118	139	168	247	393	#
746	406.943	65	71	168	170	239	393	#
747	386.131	113	118	143	224	227	393	#
748	252.449	4	65	110	139	253	393	#
749	240.123	68	79	87	196	247	393	#
750	236.832	6	84	88	92	143	393	#
751	1503.48	36	59	65	79	98	116	132	166	168	174	177	194	201	207	208	210	227	240	247	248	251	394	#
752	1688.57	8	11	18	19	35	43	61	63	76	105	138	139	152	157	159	174	176	182	201	228	236	394	#
753	1666.49	1	4	23	26	31	36	52	103	111	118	141	174	177	188	202	204	210	214	228	235	246	394	#
754	1640.53	2	3	29	55	59	64	66	69	76	111	139	166	170	176	183	185	199	214	236	240	251	394	#
755	1558.32	33	59	66	73	76	78	83	98	103	149	166	171	179	188	189	198	199	207	235	243	251	394	#
756	1538.23	2	3	24	43	54	65	71	84	97	98	105	141	149	155	167	177	194	201	211	216	241	394	#
757	2073.11	9	18	24	30	47	49	54	59	62	64	69	84	103	120	144	147	152	155	171	205	220	223	228	235	241	254	395	#
758	2001.98	1	7	14	17	19	52	64	68	69	75	77	83	95	119	122	127	129	144	155	158	159	163	220	224	234	253	395	#
759	1947.87	9	13	14	17	30	32	42	61	64	75	78	79	81	89	91	99	104	117	120	158	159	166	182	224	232	247	395	#
760	1943.49	4	29	49	64	68	79	80	86	90	94	99	113	124	142	154	167	168	174	182	190	192	202	205	209	243	254	395	#
761	1878.53	18	19	27	47	56	61	64	86	94	97	110	120	149	163	169	170	181	188	194	197	214	224	233	235	238	249	395	#
762	1836.1	8	11	14	25	34	47	62	69	86	97	98	99	110	120	144	147	149	158	167	176	192	198	229	233	243	252	395	#
763	81.4206	33	#
764	414.916	18	30	60	112	165	167	214	241	396	#
765	569.566	30	54	76	93	130	174	194	209	396	#
766	558.191	0	89	95	111	112	162	189	209	396	#
767	517.029	42	90	97	109	155	212	214	225	396	#
768	501.903	21	26	93	127	150	167	189	203	396	#
769	477.635	0	15	18	28	93	107	153	165	396	#
770	58.413	125	#
771	2280.35	16	18	27	37	42	48	64	67	68	71	88	94	118	120	127	135	139	142	146	150	154	168	169	170	174	179	184	209	217	242	397	#
772	2213.66	11	19	27	37	46	49	60	68	88	89	95	108	115	129	139	143	158	159	164	166	174	185	191	210	215	223	227	233	246	255	397	#
773	2153.97	0	9	20	28	29	30	47	59	61	72	75	78	93	95	97	106	111	113	115	119	127	131	138	139	146	150	191	192	223	224	397	#
774	2150.03	1	4	8	17	29	30	48	52	70	76	85	89	97	105	112	126	135	151	164	167	168	170	171	177	184	195	208	217	224	246	397	#
775	2128.59	0	9	11	27	33	35	36	37	59	65	93	95	100	104	108	111	114	119	130	145	146	150	193	194	205	207	209	210	217	225	397	#
776	2124.19	4	7	12	17	18	26	54	57	60	64	69	72	74	75	94	101	105	115	117	127	144	146	182	184	210	222	224	225	232	246	397	#
777	1013.68	13	18	79	85	97	119	127	154	166	199	206	220	398	#
778	1060.3	10	46	69	79	91	108	133	174	192	193	204	207	398	#
779	1005.99	18	44	61	91	108	113	118	151	158	169	176	197	398	#
780	946.503	8	17	25	44	97	104	129	151	200	218	242	249	398	#
781	905	7	18	79	98	121	154	155	170	207	218	220	245	398	#
782	902.631	31	63	81	85	100	106	132	141	200	206	210	242	398	#
783	1344.34	5	10	12	21	24	25	48	52	71	73	135	141	149	160	165	181	182	184	199	205	221	231	239	251	399	#
784	1780.23	40	49	69	71	87	90	93	99	122	124	129	141	143	144	167	173	182	190	193	198	216	230	235	240	399	#
785	1739.28	21	23	33	44	49	63	64	91	94	99	104	107	133	148	169	181	183	193	224	230	234	235	239	242	399	#
786	1718.85	1	5	82	90	101	103	104	122	126	128	146	161	166	167	175	182	183	187	195	203	219	239	253	255	399	#
787	1676.96	5	7	25	31	53	85	93	94	99	105	109	111	122	123	135	154	159	182	195	211	223	238	240	243	399	#
788	1667.25	27	38	42	56	60	64	72	73	92	109	121	132	135	139	162	167	170	182	198	210	240	243	254	255	399	#
789	400.62	60	62	73	95	244	400	#
790	446.172	52	60	73	95	210	400	#
791	393.122	15	28	33	73	244	400	#
792	351.184	7	23	58	142	244	400	#
793	350.717	22	28	33	95	184	400	#
794	307.551	23	62	75	121	123	400	#
795	10.9891	42	#
796	2965.43	11	21	30	32	36	37	47	55	73	92	97	105	113	119	148	153	159	161	162	164	169	178	180	185	187	188	192	196	197	203	204	221	227	242	246	249	250	401	#
797	2866.22	8	10	18	31	38	51	53	59	62	73	94	96	104	116	119	139	148	153	158	165	167	180	182	184	185	187	188	204	205	210	214	216	218	227	236	237	239	401	#
798	2811.77	16	17	31	33	35	37	42	47	50	56	57	62	81	94	95	120	135	147	149	155	158	164	182	191	196	197	202	208	209	211	216	218	224	225	227	239	246	401	#
799	2784.41	8	10	11	12	20	21	26	31	32	33	34	36	37	56	67	72	81	94	101	110	111	112	113	115	122	126	169	175	182	189	192	197	199	204	206	221	238	401	#
800	2673.62	3	22	26	28	36	42	43	46	50	53	60	67	72	75	78	94	95	113	129	133	149	152	153	155	179	180	181	196	198	199	202	210	225	237	242	249	255	401	#
801	2659.98	10	12	13	22	24	34	47	56	59	73	74	92	94	105	108	116	120	125	127	133	140	147	148	158	169	179	181	185	187	189	201	211	221	229	230	252	253	401	#
802	1533.89	5	13	14	35	51	52	57	71	82	110	111	117	122	129	148	179	201	220	246	254	402	#
803	1645.87	6	11	33	52	75	80	92	101	127	161	163	173	175	198	212	220	226	235	240	251	402	#
804	1625.45	1	8	13	24	37	38	45	48	51	52	71	114	119	177	188	198	208	220	232	234	402	#
805	1548.76	2	6	10	31	32	105	114	119	132	150	161	171	182	190	194	196	203	240	246	251	402	#
806	1540.18	3	13	34	37	57	80	82	90	96	99	110	117	122	124	162	167	171	198	232	245	402	#
807	1534.33	17	37	44	62	88	101	111	115	128	148	149	154	157	175	182	190	201	226	239	251	402	#
808	1721.83	14	18	20	21	31	33	74	99	101	108	113	127	130	135	154	155	158	159	167	180	183	210	217	227	233	237	249	403	#
809	2150.75	3	13	15	18	27	34	46	55	57	87	105	115	124	134	147	148	159	165	180	182	186	191	210	217	224	228	252	403	#
810	2121.16	13	25	27	33	42	49	74	84	87	102	105	116	123	134	141	143	154	175	186	189	206	207	210	211	216	217	223	403	#
811	2029.52	4	8	25	27	31	49	79	90	92	116	119	133	144	146	161	164	170	174	178	191	201	206	211	220	225	232	244	403	#
812	1997.74	1	27	30	33	69	70	111	113	125	126	133	150	154	166	168	174	175	177	193	207	220	229	230	233	252	253	254	403	#
813	1994.57	13	14	18	35	44	59	65	69	71	74	83	87	104	119	174	176	177	182	187	202	209	210	213	214	233	237	244	403	#
814	134.797	45	81	404	#
815	80.3774	81	164	404	#
816	1309.29	7	15	42	44	74	93	94	128	149	164	168	172	176	177	202	208	209	225	243	245	251	253	405	#
817	1739.7	23	45	59	61	63	66	74	87	92	99	100	130	131	147	167	170	173	177	187	191	219	238	405	#
818	1684.58	1	42	57	59	60	79	92	100	115	117	128	159	161	176	191	196	202	227	228	239	252	254	405	#
819	1652.86	7	17	31	35	62	98	101	110	117	122	150	157	181	191	202	208	219	225	226	233	243	252	405	#
820	1636.64	9	15	17	60	66	68	72	74	89	92	101	134	140	145	157	169	170	184	193	218	220	254	405	#
821	1620.17	3	19	23	31	35	43	57	62	79	86	99	111	113	121	140	147	163	182	189	198	202	209	405	#
822	2241.44	10	13	14	15	22	29	31	37	38	40	45	50	61	65	71	84	112	119	132	143	147	155	166	184	198	206	212	219	225	226	227	233	236	241	243	244	246	406	#
823	2760.74	7	8	12	14	15	27	31	33	50	51	52	59	60	65	89	95	96	98	99	108	109	112	116	125	137	148	159	161	166	177	181	182	201	239	243	247	254	406	#
824	2730.17	7	9	20	31	38	43	48	54	59	61	73	78	84	118	119	122	136	137	140	141	142	143	153	155	159	181	186	190	203	204	210	225	227	229	239	241	247	406	#
825	2690.95	7	9	17	29	32	33	38	61	72	73	74	78	105	106	117	121	122	137	141	150	163	166	174	177	178	180	186	193	200	205	207	208	209	219	233	248	250	406	#
826	2684.13	4	7	8	10	13	31	33	35	43	65	71	74	94	95	105	114	115	117	142	149	161	168	175	177	178	188	193	206	219	221	229	230	231	235	242	245	250	406	#
827	2655.22	4	7	21	27	28	31	43	52	74	84	91	108	114	117	122	130	132	136	137	142	150	151	156	157	164	165	175	187	190	191	198	200	218	219	230	243	245	406	#
828	741.463	29	35	39	43	45	97	100	150	166	176	230	246	407	#
829	922.114	26	45	69	72	86	92	99	130	137	235	248	251	407	#
830	909.622	50	67	78	92	96	122	149	154	176	210	226	234	407	#
831	898.652	18	56	89	121	137	150	158	208	211	229	232	249	407	#
832	856.075	11	29	67	100	106	134	139	166	202	225	231	239	407	#
833	855.058	19	31	39	67	72	85	97	168	183	190	231	246	407	#
834	29.8408	150	#
835	747.566	16	17	18	39	59	146	158	169	205	213	234	235	251	408	#
836	1103.97	37	110	140	154	157	158	180	182	191	203	224	227	249	408	#
837	1080	8	19	31	35	51	56	59	93	113	155	179	205	212	408	#
838	987.841	17	24	37	49	75	78	80	95	96	118	150	164	209	408	#
839	941.899	53	60	78	94	138	141	155	164	166	188	193	213	235	408	#
840	925.425	19	24	86	96	103	111	146	179	207	210	225	226	249	408	#
841	243.105	75	169	194	409	#
842	351.28	91	151	194	409	#
843	167.971	63	75	178	409	#
844	142.501	76	120	169	409	#
845	61.0617	40	#
846	444.525	16	28	108	115	125	149	150	182	202	219	410	#
847	652.453	8	30	36	62	94	120	125	150	174	234	410	#
848	620.915	10	13	58	118	147	170	182	183	190	206	410	#
849	603.713	29	126	140	148	150	153	170	230	235	242	410	#
850	548.338	3	28	124	125	133	134	149	202	219	240	410	#
851	524.889	0	5	9	44	86	100	181	201	202	240	410	#
852	25.0769	78	#
853	719.302	9	40	57	80	114	125	140	175	213	215	248	411	#
854	898.891	34	55	75	85	86	114	118	153	175	206	248	411	#
855	860.77	1	11	22	42	51	52	53	57	130	175	236	411	#
856	856.522	1	40	72	75	81	90	97	119	132	179	224	411	#
857	753.741	22	87	97	109	114	129	132	140	150	166	176	411	#
858	741.26	6	41	57	72	78	89	118	141	213	236	252	411	#
859	1407.66	1	16	20	46	56	97	101	137	139	155	161	166	169	173	188	192	195	204	225	226	228	246	249	412	#
860	1776.27	1	2	29	39	40	60	101	105	117	139	140	141	151	169	180	187	189	199	208	220	225	232	242	412	#
861	1679.18	4	22	44	47	58	72	80	101	102	132	139	150	175	178	188	195	210	215	219	225	234	240	244	412	#
862	1660.69	6	23	24	35	46	62	65	87	89	91	108	111	119	133	147	151	173	176	185	199	205	225	248	412	#
863	1647.98	1	4	12	22	39	72	102	103	110	111	141	147	161	169	176	182	187	194	219	223	232	242	255	412	#
864	1647.58	1	2	14	39	56	60	79	92	94	101	113	170	174	186	193	195	208	213	220	229	230	236	241	412	#
865	327.046	57	67	83	96	97	221	413	#
866	419.035	16	97	158	169	196	247	413	#
867	416.349	57	97	114	149	208	222	413	#
868	353.012	67	145	176	224	248	250	413	#
869	311.781	47	92	110	135	168	221	413	#
870	291.819	24	83	89	111	115	164	413	#
871	384.817	82	139	199	414	#
872	308.481	82	180	249	414	#
873	257.406	85	199	228	414	#
874	975.894	12	13	42	90	91	101	107	112	142	147	194	223	224	237	252	415	#
875	1179.7	51	52	68	74	86	91	106	111	125	171	194	199	207	223	242	415	#
876	1079.46	5	43	45	52	72	90	97	119	138	143	149	165	176	189	198	415	#
877	1024.49	0	13	33	47	98	103	108	150	157	161	176	205	218	238	244	415	#
878	1012.42	16	45	52	64	91	106	134	166	192	196	209	224	229	240	254	415	#
879	993.265	19	39	83	85	90	97	104	105	107	118	167	177	188	221	247	415	#
880	242.861	53	109	229	239	416	#
881	298.388	96	180	211	239	416	#
882	268.265	26	32	53	59	416	#
883	175.547	84	109	152	215	416	#
884	427.388	6	43	56	97	254	417	#
885	467.109	20	56	90	142	199	417	#
886	438.277	6	56	140	213	232	417	#
887	423.021	1	6	18	43	208	417	#
888	345.878	72	97	133	195	230	417	#
889	244.759	0	10	48	194	254	417	#
890	408.927	52	119	208	220	418	#
891	314.084	52	151	185	205	418	#
892	272.573	1	57	119	172	418	#
893	217.935	43	85	220	235	418	#
894	496.657	85	101	139	221	231	419	#
895	560.81	182	186	198	231	239	419	#
896	504.634	31	61	85	138	243	419	#
897	499.815	98	139	193	208	224	419	#
898	369.567	9	57	94	101	240	419	#
899	541.528	12	86	92	154	176	185	206	243	420	#
900	687.932	110	137	154	157	168	185	205	216	420	#
901	672.875	72	86	98	117	125	150	185	243	420	#
902	646.758	28	77	119	134	208	218	224	243	420	#
903	612.716	12	104	119	158	166	186	217	239	420	#
904	530.43	2	10	89	141	186	193	206	244	420	#
905	142.34	65	107	421	#
906	171.664	4	65	421	#
907	151.268	107	232	421	#
908	502.885	35	60	66	71	108	134	136	167	422	#
909	608.938	56	60	83	111	121	162	181	214	422	#
910	582.209	18	38	39	48	108	128	237	244	422	#
911	471.556	25	37	46	72	167	219	224	229	422	#
912	468.356	6	72	80	136	194	204	205	250	422	#
913	459.045	5	38	41	71	109	135	162	200	422	#
914	477.272	12	77	80	113	176	235	423	#
915	414.893	92	149	165	176	213	246	423	#
916	400.29	70	171	175	183	219	235	423	#
917	395.914	56	80	183	218	226	250	423	#
918	390.874	12	22	149	185	229	246	423	#
919	388.271	1	60	80	98	113	129	423	#
920	848.494	11	41	168	182	190	191	196	218	223	252	424	#
921	836.388	8	53	55	119	132	146	149	167	180	196	424	#
922	794.143	11	113	114	175	182	187	189	194	223	238	424	#
923	781.125	32	59	94	105	175	180	190	219	227	234	424	#
924	765.364	11	45	52	64	147	186	202	205	208	248	424	#
925	743.74	69	75	97	119	142	161	177	205	224	252	424	#
926	58.8952	248	#
927	482.917	0	18	76	90	93	95	107	124	425	#
928	696.819	27	52	61	76	90	169	197	213	425	#
929	614.018	0	61	78	95	107	197	204	246	425	#
930	521.302	65	76	95	105	127	133	179	237	425	#
931	505.79	3	7	12	23	93	99	134	231	425	#
932	486.028	7	18	80	81	168	191	205	215	425	#
933	48.077	28	#
934	119.28	85	#
935	535.264	8	88	128	132	152	219	238	241	426	#
936	650.512	8	26	74	79	165	198	207	231	426	#
937	608.71	33	66	88	140	162	166	196	214	426	#
938	589.908	81	97	101	120	156	180	219	241	426	#
939	554.129	67	91	116	175	187	196	219	249	426	#
940	552.316	51	63	84	132	159	186	219	238	426	#
941	91.1059	80	98	427	#
942	109.334	80	142	427	#
943	86.0586	57	98	427	#
944	2067.8	10	11	25	43	56	67	80	103	106	110	112	126	141	145	153	160	161	163	169	177	190	197	200	224	225	231	233	235	239	240	241	242	428	#
945	2407.54	1	7	17	23	27	43	47	51	63	69	85	87	102	105	106	119	126	151	156	166	167	177	182	184	195	213	214	231	239	241	243	248	428	#
946	2387.3	1	22	23	24	35	40	43	50	52	63	69	91	110	114	121	122	123	126	129	136	154	161	182	184	203	217	220	232	233	237	239	240	428	#
947	2375.32	16	27	31	36	63	70	90	103	105	108	117	129	132	144	148	161	167	170	178	180	186	191	196	200	201	204	208	212	223	232	252	255	428	#
948	2347.86	3	10	22	24	27	43	45	56	57	69	103	105	114	120	124	126	143	145	150	156	161	174	182	189	200	213	218	221	225	229	239	248	428	#
949	2259.18	4	20	23	26	32	40	44	57	61	85	86	89	91	101	103	110	114	121	133	151	166	167	179	191	197	212	224	227	233	237	240	242	428	#
950	283.424	29	127	130	160	178	429	#
951	409.514	8	40	127	177	218	429	#
952	354.533	62	160	185	190	228	429	#
953	307.807	20	30	114	130	251	429	#
954	114.779	29	45	77	153	236	429	#
955	26.2403	81	#
956	961.706	4	5	17	85	112	113	162	167	171	182	191	192	228	255	430	#
957	1156.29	8	9	68	72	75	91	113	124	152	185	196	223	236	254	430	#
958	1139.33	44	52	64	75	82	119	128	162	208	214	215	232	234	255	430	#
959	1092.8	17	45	60	65	85	101	102	128	139	165	173	189	212	232	430	#
960	1071.74	4	28	34	49	112	142	157	168	182	199	216	225	228	232	430	#
961	1044.05	44	61	64	65	67	72	82	86	97	109	179	210	228	246	430	#
962	842.145	0	38	81	90	95	149	150	154	155	165	187	193	222	237	431	#
963	1129.75	4	15	72	100	121	122	130	135	149	177	218	236	241	248	431	#
964	1124.26	13	20	44	71	91	105	110	125	130	139	151	154	218	223	431	#
965	1070.6	4	34	62	68	82	102	117	122	155	157	158	177	196	244	431	#
966	1003.71	10	14	26	31	59	85	88	107	180	197	206	217	236	237	431	#
967	1000.42	6	11	78	89	100	105	122	150	163	193	200	209	236	240	431	#
968	945.049	7	11	17	20	72	109	124	131	138	160	203	236	242	432	#
969	980.664	2	3	11	17	21	55	74	94	170	207	212	241	244	432	#
970	927.195	7	8	36	57	59	61	112	171	187	215	218	237	250	432	#
971	875.644	8	20	28	72	108	146	149	155	187	206	207	209	215	432	#
972	874.176	33	66	106	109	116	123	134	145	153	210	242	248	255	432	#
973	802.09	7	12	14	25	52	79	109	136	152	161	163	250	255	432	#
974	749.967	6	23	36	58	62	85	121	147	174	211	433	#
975	972.776	5	36	56	127	128	136	168	174	176	192	433	#
976	878.34	15	27	73	77	117	119	147	174	202	238	433	#
977	715.773	6	33	107	123	132	141	161	172	173	247	433	#
978	693.631	37	38	42	54	111	121	142	168	202	203	433	#
979	681.29	36	44	67	123	132	136	147	151	204	205	433	#
980	592.59	2	18	46	57	61	122	129	177	252	434	#
981	847.255	12	46	59	108	158	161	169	176	181	434	#
982	618.688	8	42	61	107	114	177	218	226	236	434	#
983	592.979	18	31	46	90	134	149	168	171	236	434	#
984	553.742	10	30	49	61	134	169	195	200	225	434	#
985	525.325	47	55	59	129	164	169	183	199	248	434	#
986	441.533	76	116	117	139	201	202	435	#
987	562.574	79	82	147	193	202	228	435	#
988	520.253	11	30	49	117	178	236	435	#
989	496.762	4	107	116	178	204	208	435	#
990	403.609	21	50	77	132	139	228	435	#
991	304.629	66	78	115	141	198	201	435	#
992	491.575	23	28	137	156	199	212	214	230	436	#
993	674.877	5	116	161	170	177	223	230	233	436	#
994	648.7	22	61	93	116	127	162	199	214	436	#
995	575.203	22	85	102	124	137	193	205	231	436	#
996	549.985	12	41	73	88	113	133	152	212	436	#
997	480.356	14	28	48	51	112	120	196	221	436	#
998	82.0059	115	#
999	1702	0	6	13	15	22	28	61	78	89	100	118	134	154	162	184	195	211	212	216	221	228	238	239	242	437	#
1000	2045.97	17	25	41	70	77	80	83	85	113	114	118	119	121	124	134	150	162	168	186	192	203	225	239	242	437	#
1001	1879.26	0	47	58	75	88	89	93	95	100	118	120	121	135	139	150	159	175	177	181	217	219	227	231	234	437	#
1002	1879.19	0	3	15	42	44	48	53	62	105	117	120	121	154	162	168	170	179	196	198	219	228	231	242	249	437	#
1003	1866.26	1	6	26	33	55	62	65	69	72	100	115	116	119	128	138	139	143	155	184	186	188	214	222	232	437	#
1004	1822.84	2	6	11	23	26	47	66	74	85	90	93	119	131	135	139	144	152	165	174	196	210	219	238	244	437	#
