%% File generated by CATS v.2.1Thu May  9 12:49:17 2024

%% The CATS webpage is http://robotics.stanford.edu/CATS

%% PARAMETER SETTINGS:
% Goods: 256; Bids: 1000; Distribution: paths; Runs: 1; Seed: 94
% Paths Distribution Parameters:
% Initial connections:       = 2
% Edge density:              = 3.000000
% Shipping cost factor:      = 1.500000
% Max bid set size:          = 5
% Building penalty:          = 1.700000



goods 256
bids 1002
dummy 477

0	0.120988	83	85	#
1	0.322055	4	5	31	111	#
2	1.00941	188	256	#
3	1.00941	13	14	51	66	112	171	256	#
4	1.00941	10	11	13	14	51	66	171	256	#
5	1.00941	10	51	91	230	252	256	#
6	1.00941	10	51	91	178	230	246	256	#
7	0.407883	0	141	#
8	0.577561	45	148	#
9	0.893182	79	120	167	235	257	#
10	0.893182	69	79	119	167	235	257	#
11	0.893182	20	21	120	209	254	257	#
12	0.893182	79	80	120	137	235	254	257	#
13	0.893182	20	21	69	119	209	254	257	#
14	0.901463	52	56	231	246	258	#
15	0.901463	33	37	46	52	68	123	180	203	258	#
16	0.901463	46	47	52	231	246	258	#
17	0.901463	34	37	46	52	68	78	123	180	203	258	#
18	0.901463	53	56	84	231	246	258	#
19	1.04611	5	15	85	194	219	259	#
20	1.04611	5	15	62	85	121	219	259	#
21	1.04611	5	15	61	83	85	121	219	259	#
22	1.04611	5	15	37	68	133	205	259	#
23	1.04611	5	6	7	83	85	113	234	259	#
24	0.959429	21	226	260	#
25	0.959429	20	21	68	86	149	154	260	#
26	0.959429	20	21	36	37	68	149	154	260	#
27	0.959429	40	125	226	260	#
28	0.959429	20	40	68	86	125	149	154	260	#
29	1.01583	71	72	161	261	#
30	1.01583	6	12	105	106	250	261	#
31	1.01583	40	97	161	254	261	#
32	1.01583	15	105	157	250	261	#
33	1.01583	40	69	70	161	254	261	#
34	1.00848	45	153	262	#
35	1.00848	45	91	173	230	262	#
36	1.00848	60	173	241	262	#
37	1.00848	59	91	173	241	262	#
38	1.00848	7	13	14	45	77	181	262	#
39	0.452977	5	205	#
40	0.521861	99	105	107	157	263	#
41	0.521861	43	100	105	107	157	263	#
42	0.521861	25	26	99	224	263	#
43	0.521861	6	99	105	106	107	113	263	#
44	1.0908	40	220	264	#
45	1.0908	20	21	149	163	228	264	#
46	0.506385	221	#
47	0.841167	36	53	163	180	255	265	#
48	0.841167	36	52	84	163	180	255	265	#
49	0.841167	122	175	255	265	#
50	1.19653	22	110	119	151	266	#
51	1.19653	22	73	74	119	151	266	#
52	1.19653	17	73	119	151	213	266	#
53	1.19653	16	17	110	119	151	266	#
54	1.19653	22	74	120	193	254	266	#
55	0.887543	35	206	267	#
56	0.887543	18	19	206	267	#
57	0.887543	35	156	176	218	267	#
58	0.887543	2	35	208	218	267	#
59	0.887543	18	19	156	176	218	267	#
60	0.576629	49	180	205	268	#
61	0.576629	48	52	180	205	268	#
62	0.00532815	52	#
63	0.902225	4	5	143	205	269	#
64	0.902225	4	55	249	269	#
65	0.902225	55	91	115	127	138	246	269	#
66	0.902225	41	102	146	236	269	#
67	0.902225	4	5	54	111	135	269	#
68	1.16575	13	14	31	32	43	66	177	270	#
69	1.16575	13	14	43	66	78	165	253	270	#
70	1.16575	13	14	43	105	106	107	181	270	#
71	1.16575	43	50	51	98	177	270	#
72	1.16575	13	14	31	32	43	67	102	177	270	#
73	1.34697	90	99	164	177	271	#
74	1.34697	61	90	189	248	271	#
75	1.34697	89	99	134	177	271	#
76	1.34697	83	85	90	111	164	189	271	#
77	1.34697	61	62	85	90	111	164	189	271	#
78	0.661409	50	199	272	#
79	0.661409	38	67	117	146	197	272	#
80	0.661409	38	66	102	117	146	197	272	#
81	0.661409	35	79	80	146	235	272	#
82	0.661409	18	38	67	118	146	197	272	#
83	0.694467	70	155	273	#
84	0.694467	69	97	155	273	#
85	0.636893	13	14	45	66	253	274	#
86	0.636893	13	14	45	67	102	253	274	#
87	0.636893	63	217	253	274	#
88	0.636893	63	96	102	253	274	#
89	0.636893	63	66	67	96	253	274	#
90	0.630543	30	128	235	275	#
91	0.630543	64	209	275	#
92	0.579179	89	170	276	#
93	0.579179	53	114	255	276	#
94	0.256975	9	194	277	#
95	0.256975	9	62	121	277	#
96	0.256975	9	61	83	121	277	#
97	0.256975	8	201	277	#
98	0.674152	19	57	156	221	278	#
99	0.674152	18	35	57	156	221	278	#
100	0.674152	24	33	123	145	278	#
101	0.674152	23	34	123	145	278	#
102	0.674152	23	33	78	123	145	278	#
103	0.746161	20	125	135	279	#
104	0.746161	31	32	66	239	279	#
105	0.663657	110	200	201	280	#
106	0.663657	22	62	130	280	#
107	0.663657	73	74	200	201	280	#
108	0.663657	22	61	83	130	280	#
109	0.663657	16	17	62	130	280	#
110	0.787317	5	73	85	200	201	281	#
111	0.787317	5	73	85	101	194	200	281	#
112	0.787317	5	8	9	73	85	194	200	281	#
113	0.787317	5	62	73	85	101	121	200	281	#
114	0.787317	5	61	73	83	85	101	121	200	281	#
115	0.40288	29	30	168	#
116	0.554763	3	5	205	#
117	0.627684	114	255	282	#
118	0.627684	53	89	170	282	#
119	0.627684	52	84	89	170	282	#
120	1.17901	25	138	202	283	#
121	1.17901	41	102	146	160	283	#
122	1.17901	4	5	31	32	111	160	283	#
123	1.17901	41	66	67	146	160	283	#
124	1.17901	31	32	41	98	160	283	#
125	0.225108	102	146	#
126	1.15244	43	59	202	224	284	#
127	1.15244	42	59	81	202	224	284	#
128	1.15244	59	99	100	202	224	284	#
129	0.653551	10	21	35	137	232	#
130	1.00105	1	48	100	176	210	285	#
131	1.00105	1	49	52	100	176	210	285	#
132	1.00105	0	42	48	100	176	210	285	#
133	1.00105	1	43	48	99	176	210	285	#
134	1.00105	0	42	49	52	100	176	210	285	#
135	0.132814	109	#
136	0.537314	39	243	286	#
137	0.537314	32	39	66	197	286	#
138	0.537314	38	95	243	286	#
139	0.537314	32	39	67	102	197	286	#
140	0.537314	38	94	104	243	286	#
141	0.905287	36	53	163	180	228	287	#
142	0.905287	36	52	84	163	180	228	287	#
143	0.905287	122	175	228	287	#
144	0.905287	36	53	82	180	244	287	#
145	0.905287	36	52	82	84	180	244	287	#
146	0.711816	159	#
147	0.0458589	33	#
148	0.973347	12	47	185	203	288	#
149	0.973347	12	46	56	185	203	288	#
150	0.336085	31	32	66	85	111	#
151	0.920662	1	49	176	210	289	#
152	0.920662	1	48	52	176	210	289	#
153	0.978776	73	222	290	#
154	0.978776	35	95	117	206	290	#
155	0.978776	19	95	118	206	290	#
156	0.978776	18	35	95	118	206	290	#
157	0.978776	18	19	95	117	206	290	#
158	0.915587	20	72	125	135	291	#
159	0.915587	31	32	66	72	239	291	#
160	0.915587	20	21	40	72	135	291	#
161	0.915587	31	32	67	72	102	239	291	#
162	0.915587	20	31	32	72	102	125	209	291	#
163	0.885347	2	64	149	218	292	#
164	0.885347	29	49	53	122	128	176	218	292	#
165	0.885347	29	48	84	122	128	176	218	292	#
166	0.885347	29	48	52	53	122	128	176	218	292	#
167	0.885347	29	49	52	84	122	128	176	218	292	#
168	0.628895	51	91	127	230	246	293	#
169	0.628895	51	53	91	126	230	246	293	#
170	0.628895	45	51	126	255	293	#
171	0.628895	51	52	84	91	126	230	246	293	#
172	0.536582	54	64	95	118	191	294	#
173	0.536582	18	54	64	95	117	191	294	#
174	0.536582	54	64	94	104	118	191	294	#
175	0.536582	30	35	54	64	79	80	95	117	128	294	#
176	0.536582	18	54	64	94	104	117	191	294	#
177	0.52161	237	#
178	0.646239	58	93	196	295	#
179	0.646239	48	57	93	196	295	#
180	0.646239	49	52	57	93	196	295	#
181	0.646239	5	52	180	205	295	#
182	0.646239	52	92	196	246	295	#
183	0.728824	78	192	296	#
184	0.728824	33	34	192	296	#
185	0.728824	20	21	78	149	174	296	#
186	0.728824	20	21	34	68	86	123	149	296	#
187	0.728824	20	21	34	36	37	68	123	149	296	#
188	1.10317	35	206	233	297	#
189	1.10317	28	35	208	244	297	#
190	1.10317	27	35	163	208	228	297	#
191	1.10317	18	19	206	233	297	#
192	1.10317	18	19	28	208	244	297	#
193	0.126943	24	33	298	#
194	0.126943	23	34	298	#
195	0.126943	23	33	78	298	#
196	0.126943	24	34	78	298	#
197	0.845247	12	66	132	299	#
198	0.845247	12	67	102	132	299	#
199	0.845247	185	253	299	#
200	0.845247	6	66	181	299	#
201	0.845247	15	66	113	132	299	#
202	0.987259	85	158	205	300	#
203	0.987259	20	72	85	111	125	135	300	#
204	0.987259	62	72	125	245	300	#
205	0.987259	31	32	66	72	85	111	239	300	#
206	0.987259	61	72	83	125	245	300	#
207	0.747942	20	125	149	163	301	#
208	0.747942	20	21	40	149	163	301	#
209	0.747942	20	29	64	125	128	175	301	#
210	0.747942	20	21	29	40	64	128	175	301	#
211	0.997689	8	73	148	200	302	#
212	0.997689	13	14	31	32	66	73	85	111	200	201	302	#
213	0.997689	22	74	183	302	#
214	0.997689	17	183	213	302	#
215	0.997689	22	73	110	183	302	#
216	0.268744	6	7	12	#
217	0.438216	24	253	303	#
218	0.438216	23	78	253	303	#
219	0.71814	71	155	304	#
220	0.71814	20	29	53	64	72	122	125	128	246	304	#
221	0.71814	20	72	92	125	207	304	#
222	0.71814	20	29	52	64	72	84	122	125	128	246	304	#
223	0.71814	20	21	29	40	53	64	72	122	128	246	304	#
224	0.979055	29	30	129	#
225	0.415859	63	94	212	#
226	1.08593	46	223	305	#
227	1.08593	103	185	203	305	#
228	1.08593	47	56	223	305	#
229	1.08593	12	179	185	203	305	#
230	0.0569481	19	306	#
231	0.0569481	18	35	306	#
232	0.321618	69	198	#
233	1.14974	22	74	97	193	254	307	#
234	1.14974	17	97	193	213	254	307	#
235	1.14974	22	70	110	151	307	#
236	1.14974	22	70	73	74	151	307	#
237	1.14974	17	70	73	151	213	307	#
238	0.559524	95	115	126	251	308	#
239	0.559524	94	104	115	126	251	308	#
240	0.559524	39	52	115	127	169	308	#
241	0.559524	53	95	115	127	251	308	#
242	0.559524	39	84	115	126	169	308	#
243	0.671074	171	#
244	0.603133	56	172	#
245	0.71218	33	37	68	109	123	143	309	#
246	0.71218	24	33	37	68	108	123	143	309	#
247	0.71218	23	34	37	68	108	123	143	309	#
248	0.71218	34	37	68	78	109	123	143	309	#
249	0.71218	23	33	37	68	78	108	123	143	309	#
250	0.996461	31	32	177	310	#
251	0.996461	78	165	253	310	#
252	0.797333	94	125	229	232	311	#
253	0.797333	21	35	95	117	137	232	311	#
254	0.797333	10	95	216	251	311	#
255	0.797333	19	21	95	118	137	232	311	#
256	0.797333	95	112	115	126	211	251	311	#
257	0.0401524	43	#
258	0.724697	57	108	156	221	312	#
259	0.724697	109	174	208	312	#
260	0.724697	33	68	86	109	123	208	312	#
261	0.724697	33	36	37	68	109	123	208	312	#
262	0.117535	1	313	#
263	0.117535	0	42	313	#
264	0.164613	29	30	122	#
265	0.635491	28	73	116	213	233	314	#
266	0.635491	16	28	110	116	233	314	#
267	0.635491	16	28	73	74	116	233	314	#
268	0.635491	27	73	82	116	213	233	314	#
269	0.635491	16	27	82	110	116	233	314	#
270	1.13173	186	212	315	#
271	1.13173	38	44	104	172	243	315	#
272	1.13173	32	44	172	212	217	315	#
273	1.13173	32	44	96	102	172	212	315	#
274	1.13173	39	44	94	172	243	315	#
275	0.8774	25	195	#
276	0.373128	67	235	#
277	0.561176	49	57	178	316	#
278	0.561176	52	58	178	316	#
279	0.561176	48	52	57	178	316	#
280	0.561176	49	53	57	216	316	#
281	0.561176	58	84	216	316	#
282	0.600756	8	73	200	317	#
283	0.600756	9	73	101	200	317	#
284	0.600756	73	87	88	200	317	#
285	0.600756	8	74	110	200	317	#
286	0.996659	6	12	79	80	105	106	237	318	#
287	0.996659	40	137	161	318	#
288	0.996659	6	12	19	105	106	147	318	#
289	0.996659	6	12	18	35	105	106	147	318	#
290	0.996659	15	79	80	105	157	237	318	#
291	0.827921	97	123	238	319	#
292	0.827921	68	71	123	139	319	#
293	0.827921	37	68	71	123	158	319	#
294	0.827921	69	70	123	238	319	#
295	0.827921	37	68	97	123	143	198	319	#
296	0.581859	65	149	163	#
297	0.49127	37	52	68	123	180	320	#
298	0.49127	37	53	68	84	123	180	320	#
299	0.49127	37	48	49	68	123	180	320	#
300	0.49127	36	52	68	86	123	180	320	#
301	1.06643	31	32	76	111	171	321	#
302	1.06643	76	115	127	180	205	211	321	#
303	1.06643	53	76	115	126	180	205	211	321	#
304	1.06643	5	76	211	249	321	#
305	1.06643	52	76	84	115	126	180	205	211	321	#
306	0.963395	2	64	110	149	218	322	#
307	0.963395	2	64	73	74	149	218	322	#
308	0.963395	29	49	53	110	122	128	176	218	322	#
309	0.963395	29	48	84	110	122	128	176	218	322	#
310	0.963395	29	48	52	53	110	122	128	176	218	322	#
311	1.02609	33	37	68	123	143	203	323	#
312	1.02609	46	55	142	323	#
313	1.02609	61	121	190	242	323	#
314	1.02609	34	37	68	78	123	143	203	323	#
315	1.02609	36	143	174	203	323	#
316	0.514153	37	52	68	123	180	324	#
317	0.514153	37	53	68	84	123	180	324	#
318	0.514153	37	48	49	68	123	180	324	#
319	0.514153	36	52	68	86	123	180	324	#
320	0.514153	36	53	68	84	86	123	180	324	#
321	0.267388	174	#
322	1.05236	97	154	238	325	#
323	1.05236	68	71	139	154	325	#
324	1.05236	37	68	71	154	158	325	#
325	1.05236	69	70	154	238	325	#
326	1.05236	37	68	97	143	154	198	325	#
327	0.911709	19	73	206	326	#
328	0.911709	18	35	73	206	326	#
329	0.911709	19	73	156	176	218	326	#
330	0.911709	18	35	73	156	176	218	326	#
331	0.911709	2	19	73	208	218	326	#
332	0.706292	21	137	232	327	#
333	0.706292	40	125	137	232	327	#
334	0.706292	20	30	64	79	80	128	232	327	#
335	0.706292	19	20	64	191	232	327	#
336	0.706292	18	20	35	64	191	232	327	#
337	0.710518	97	250	328	#
338	0.710518	69	70	250	328	#
339	1.00662	11	102	146	171	329	#
340	1.00662	10	102	112	146	171	329	#
341	1.00662	10	50	188	329	#
342	1.00662	11	66	67	146	171	329	#
343	1.00662	10	66	67	112	146	171	329	#
344	1.00542	21	193	213	330	#
345	1.00542	16	21	74	193	330	#
346	1.00542	2	20	73	149	213	218	330	#
347	1.00542	2	16	20	110	149	218	330	#
348	1.00542	16	21	73	110	193	330	#
349	0.191449	30	35	79	80	#
350	0.273677	20	30	64	128	#
351	0.394182	21	35	117	137	331	#
352	0.394182	19	21	118	137	331	#
353	0.394182	18	21	35	118	137	331	#
354	0.394182	18	19	21	117	137	331	#
355	0.394182	20	64	118	191	331	#
356	0.563946	139	#
357	0.285054	29	30	35	79	80	117	#
358	0.995236	50	140	332	#
359	0.995236	51	153	332	#
360	0.995236	51	91	173	230	332	#
361	0.995236	50	77	83	85	98	111	234	332	#
362	0.995236	50	61	62	77	85	98	111	234	332	#
363	1.1118	91	138	155	333	#
364	1.1118	59	60	138	155	333	#
365	1.1118	4	5	70	166	333	#
366	1.1118	4	92	155	196	333	#
367	1.1118	41	79	97	146	167	235	333	#
368	0.714253	25	78	103	185	334	#
369	0.714253	26	78	113	185	334	#
370	0.714253	12	25	78	179	185	334	#
371	0.714253	12	15	26	78	185	334	#
372	0.714253	25	33	34	103	185	334	#
373	0.507041	15	133	#
374	0.917178	6	7	12	77	79	80	237	335	#
375	0.917178	6	7	12	19	77	147	335	#
376	0.917178	6	7	12	18	35	77	147	335	#
377	0.917178	35	77	117	184	335	#
378	0.917178	19	77	118	184	335	#
379	0.913133	13	14	66	112	171	336	#
380	0.913133	10	11	13	14	66	171	336	#
381	0.913133	10	91	230	252	336	#
382	0.913133	10	91	178	230	246	336	#
383	0.913133	10	53	91	216	230	246	336	#
384	0.635491	28	73	116	213	233	337	#
385	0.635491	16	28	110	116	233	337	#
386	0.635491	16	28	73	74	116	233	337	#
387	0.635491	27	73	82	116	213	233	337	#
388	0.635491	16	27	82	110	116	233	337	#
389	0.621484	13	14	45	66	78	253	338	#
390	0.621484	13	14	45	67	78	102	253	338	#
391	0.591163	14	66	109	253	339	#
392	0.591163	14	24	66	108	253	339	#
393	0.591163	14	23	66	78	108	253	339	#
394	0.591163	14	67	102	109	253	339	#
395	0.591163	14	31	32	66	111	247	339	#
396	0.507646	38	104	243	340	#
397	0.507646	32	212	217	340	#
398	0.507646	32	96	102	212	340	#
399	0.507646	39	94	243	340	#
400	0.802118	34	68	123	139	341	#
401	0.802118	33	68	78	123	139	341	#
402	0.802118	34	37	68	123	158	341	#
403	0.802118	33	37	68	78	123	158	341	#
404	0.802118	40	72	78	192	341	#
405	0.660536	34	123	145	342	#
406	0.660536	33	78	123	145	342	#
407	0.660536	19	78	174	208	342	#
408	0.660536	18	35	78	174	208	342	#
409	0.660536	19	79	80	150	342	#
410	1.04067	29	30	175	228	343	#
411	1.04067	29	30	36	53	122	163	180	228	343	#
412	1.04067	29	30	36	52	84	122	163	180	228	343	#
413	0.722282	19	187	344	#
414	0.722282	18	35	187	344	#
415	0.722282	31	35	38	85	111	117	243	344	#
416	0.722282	19	31	38	85	111	118	243	344	#
417	0.722282	18	31	35	38	85	111	118	243	344	#
418	0.248119	20	54	125	#
419	0.872059	32	160	#
420	0.500531	33	37	53	68	123	180	345	#
421	0.500531	33	37	52	68	84	123	180	345	#
422	0.500531	34	37	53	68	78	123	180	345	#
423	0.500531	34	37	52	68	78	84	123	180	345	#
424	0.500531	36	53	174	180	345	#
425	1.08773	89	214	346	#
426	1.08773	115	124	127	170	211	346	#
427	1.08773	75	76	115	127	170	211	346	#
428	1.08773	53	115	124	126	170	211	346	#
429	1.08773	53	75	76	115	126	170	211	346	#
430	0.751132	24	25	103	185	347	#
431	0.751132	23	25	78	103	185	347	#
432	0.751132	24	26	113	185	347	#
433	0.751132	12	24	25	179	185	347	#
434	0.751132	12	15	24	26	185	347	#
435	0.886758	13	14	72	239	348	#
436	0.886758	45	63	72	212	229	348	#
437	0.886758	13	14	20	67	72	125	209	348	#
438	0.8204	32	46	172	217	349	#
439	0.8204	32	46	96	102	172	349	#
440	0.8204	121	190	240	349	#
441	0.8204	31	32	85	111	190	194	217	349	#
442	0.8204	31	32	85	96	102	111	190	194	349	#
443	0.33153	30	35	38	79	80	117	#
444	1.07724	6	7	12	70	77	250	350	#
445	1.07724	6	7	12	69	77	97	250	350	#
446	1.07724	6	7	15	70	77	113	250	350	#
447	1.07724	6	7	15	69	77	97	113	250	350	#
448	0.8408	12	133	154	351	#
449	0.8408	8	144	351	#
450	0.8408	12	101	219	351	#
451	0.8408	8	9	12	219	351	#
452	0.8408	8	109	152	185	351	#
453	0.876648	6	7	12	18	147	352	#
454	0.876648	117	184	352	#
455	0.876648	6	7	12	35	79	80	237	352	#
456	0.876648	18	118	184	352	#
457	0.876648	6	7	12	18	19	79	80	237	352	#
458	0.889135	29	30	49	53	73	122	176	218	353	#
459	0.889135	29	30	48	73	84	122	176	218	353	#
460	0.889135	29	30	48	52	53	73	122	176	218	353	#
461	0.889135	29	30	49	52	73	84	122	176	218	353	#
462	0.889135	73	79	80	206	353	#
463	0.481538	19	69	137	254	354	#
464	0.481538	18	35	69	137	254	354	#
465	0.481538	19	69	80	167	354	#
466	0.481538	18	35	69	80	167	354	#
467	0.570277	91	127	230	246	355	#
468	0.570277	53	91	126	230	246	355	#
469	0.570277	45	126	255	355	#
470	0.570277	52	84	91	126	230	246	355	#
471	0.570277	45	53	127	255	355	#
472	0.904053	83	85	189	356	#
473	0.904053	61	62	85	189	356	#
474	0.904053	62	85	99	162	356	#
475	0.904053	99	159	247	356	#
476	0.904053	61	83	85	99	162	356	#
477	0.950461	73	206	357	#
478	0.950461	73	156	176	218	357	#
479	0.950461	2	73	208	218	357	#
480	0.950461	3	36	73	208	218	357	#
481	0.950461	74	110	206	357	#
482	1.38183	49	170	176	210	358	#
483	1.38183	48	52	170	176	210	358	#
484	1.38183	0	89	204	358	#
485	1.38183	0	63	90	225	358	#
486	1.38183	48	53	84	170	176	210	358	#
487	0.0245692	66	#
488	0.587122	93	221	#
489	0.386127	138	#
490	0.900499	92	93	231	359	#
491	0.900499	24	47	203	221	359	#
492	0.900499	24	46	56	203	221	359	#
493	0.900499	49	57	231	246	359	#
494	0.900499	52	58	231	246	359	#
495	0.853061	9	19	187	194	360	#
496	0.853061	9	18	35	187	194	360	#
497	0.853061	35	60	92	117	131	227	360	#
498	0.853061	49	60	131	156	246	360	#
499	0.853061	48	52	60	131	156	246	360	#
500	0.7848	18	41	50	199	361	#
501	0.7848	4	118	196	227	361	#
502	0.7848	4	18	117	196	227	361	#
503	0.7848	91	92	118	138	227	361	#
504	0.7848	18	91	92	117	138	227	361	#
505	1.00294	79	97	146	167	235	362	#
506	1.00294	50	51	91	155	230	362	#
507	1.00294	69	70	79	146	167	235	362	#
508	1.00294	67	71	72	146	239	362	#
509	1.00294	35	50	97	137	199	254	362	#
510	0.31073	45	230	#
511	0.576296	53	170	363	#
512	0.576296	52	84	170	363	#
513	0.576296	90	255	363	#
514	0.708722	33	182	364	#
515	0.708722	34	78	182	364	#
516	0.905565	91	231	365	#
517	0.905565	59	60	231	365	#
518	0.905565	9	47	59	131	190	365	#
519	0.905565	9	46	56	59	131	190	365	#
520	1.0832	89	136	#
521	0.173234	35	38	117	#
522	0.686732	52	115	127	169	211	366	#
523	0.686732	84	115	126	169	211	366	#
524	0.686732	52	53	115	126	169	211	366	#
525	0.686732	53	84	115	127	169	211	366	#
526	0.686732	48	49	115	127	169	211	366	#
527	0.862808	20	21	111	135	367	#
528	0.862808	20	21	36	149	205	367	#
529	0.862808	20	40	111	125	135	367	#
530	0.862808	31	35	38	111	117	137	243	367	#
531	0.862808	31	32	40	66	111	239	367	#
532	0.865488	14	71	72	239	368	#
533	0.865488	14	67	79	97	167	235	368	#
534	0.865488	13	91	155	230	368	#
535	0.865488	14	40	97	239	254	368	#
536	0.399939	41	50	51	#
537	0.924963	1	43	152	159	369	#
538	0.924963	0	8	73	141	200	213	369	#
539	0.924963	0	8	16	110	141	200	369	#
540	0.924963	0	81	152	159	369	#
541	0.924963	0	42	43	152	159	369	#
542	0.885963	66	124	171	370	#
543	0.885963	66	75	76	171	370	#
544	0.927841	20	21	97	135	254	371	#
545	0.927841	20	71	72	125	135	371	#
546	1.219	73	222	233	372	#
547	1.219	35	95	117	206	233	372	#
548	1.219	28	35	95	117	208	244	372	#
549	1.219	19	95	118	206	233	372	#
550	1.219	18	35	95	118	206	233	372	#
551	0.662855	20	149	163	373	#
552	0.662855	20	29	64	128	175	373	#
553	1.12426	193	254	374	#
554	1.12426	69	73	151	374	#
555	1.12426	70	73	97	151	374	#
556	1.12426	40	71	72	97	193	374	#
557	1.12426	2	20	21	73	149	218	254	374	#
558	1.21229	10	215	#
559	0.604392	31	243	39	375	#
560	0.604392	31	32	66	197	39	375	#
561	0.604392	31	243	38	95	375	#
562	0.604392	31	32	102	67	197	39	375	#
563	0.604392	31	243	38	104	94	375	#
564	0.430904	55	198	97	#
565	0.918446	121	61	234	77	376	#
566	0.918446	194	83	234	77	376	#
567	0.918446	194	62	61	234	77	376	#
568	0.918446	121	62	83	234	77	376	#
569	0.918446	219	12	6	7	77	376	#
570	0.590109	8	200	110	22	377	#
571	0.590109	8	200	73	74	22	377	#
572	0.590109	8	200	73	213	17	377	#
573	0.590109	8	200	110	16	17	377	#
574	0.595757	51	230	91	246	52	378	#
575	0.595757	51	230	91	246	53	84	378	#
576	0.595757	51	45	255	84	378	#
577	0.595757	51	45	255	53	52	378	#
578	0.595757	51	230	91	246	49	48	378	#
579	0.75771	1	43	165	379	#
580	0.75771	0	81	165	379	#
581	0.75771	0	42	43	165	379	#
582	0.671709	180	178	10	380	#
583	0.671709	180	53	216	10	380	#
584	0.671709	180	127	115	211	112	380	#
585	0.671709	180	127	115	211	11	10	380	#
586	0.671709	180	52	84	216	10	380	#
587	0.830583	189	381	#
588	0.830583	99	162	61	381	#
589	0.5324	16	141	0	382	#
590	0.5324	16	141	42	1	382	#
591	0.5324	22	17	141	0	382	#
592	0.5324	16	141	81	43	1	382	#
593	0.5324	22	17	141	42	1	382	#
594	0.943908	21	226	383	#
595	0.943908	21	20	149	86	68	154	383	#
596	0.943908	21	20	149	36	37	68	154	383	#
597	1.02395	47	116	28	233	73	213	141	81	384	#
598	1.02395	56	46	116	28	233	73	213	141	81	384	#
599	1.02395	47	116	28	233	73	213	141	42	43	384	#
600	1.02395	56	46	116	28	233	73	213	141	42	43	384	#
601	1.02395	47	116	28	233	110	16	141	81	384	#
602	0.474239	96	212	385	#
603	0.474239	102	217	212	385	#
604	0.474239	67	197	38	104	385	#
605	0.474239	67	197	39	94	385	#
606	0.474239	67	66	217	212	385	#
607	0.044567	49	386	#
608	0.044567	48	52	386	#
609	0.743155	5	111	31	243	39	387	#
610	0.743155	196	227	95	387	#
611	0.743155	5	111	31	32	66	197	39	387	#
612	0.743155	196	227	104	94	387	#
613	0.743155	5	111	31	243	38	95	387	#
614	0.793722	170	180	37	388	#
615	0.793722	170	180	36	86	388	#
616	0.787705	147	118	95	389	#
617	0.787705	147	18	117	95	389	#
618	0.787705	237	79	80	35	117	95	389	#
619	0.787705	147	118	104	94	389	#
620	0.787705	147	18	117	104	94	389	#
621	0.846682	13	14	66	32	172	390	#
622	0.846682	13	14	67	102	32	172	390	#
623	0.846682	13	14	66	32	31	111	85	194	190	46	390	#
624	0.846682	148	9	190	46	390	#
625	0.846682	13	14	66	32	31	111	85	62	121	190	46	390	#
626	0.949776	213	73	206	35	391	#
627	0.949776	16	110	206	35	391	#
628	0.949776	16	74	73	206	35	391	#
629	0.949776	213	73	206	19	18	391	#
630	0.949776	16	110	206	19	18	391	#
631	0.665894	21	20	149	86	68	392	#
632	0.665894	21	20	149	36	37	68	392	#
633	0.665894	40	125	20	149	86	68	392	#
634	0.665894	40	125	20	149	36	37	68	392	#
635	0.984703	66	181	106	393	#
636	0.984703	102	67	181	106	393	#
637	0.984703	66	132	12	6	106	393	#
638	0.984703	102	67	132	12	6	106	393	#
639	0.984703	66	132	15	157	393	#
640	0.548372	51	230	91	246	#
641	0.775792	30	235	102	32	31	111	85	83	394	#
642	0.775792	30	235	102	32	31	111	85	62	61	394	#
643	0.775792	29	122	53	180	205	85	83	394	#
644	0.775792	29	122	53	180	205	85	62	61	394	#
645	0.775792	29	122	84	52	180	205	85	83	394	#
646	0.499422	19	156	176	395	#
647	0.499422	18	35	156	176	395	#
648	0.499422	19	208	2	395	#
649	0.499422	18	35	208	2	395	#
650	1.03774	40	193	396	#
651	1.03774	125	21	193	396	#
652	1.03774	125	20	149	2	218	73	396	#
653	1.03774	40	21	20	149	2	218	73	396	#
654	1.03774	40	137	206	73	396	#
655	1.06808	11	211	249	4	397	#
656	1.06808	10	112	211	249	4	397	#
657	1.06808	252	91	138	397	#
658	1.06808	178	246	91	138	397	#
659	1.06808	216	53	246	91	138	397	#
660	1.15455	105	106	181	67	96	398	#
661	1.15455	105	106	181	66	217	398	#
662	1.15455	105	106	181	66	102	96	398	#
663	1.15455	105	106	181	67	102	217	398	#
664	1.15455	105	106	6	12	132	67	96	398	#
665	0.409391	62	85	111	31	32	102	399	#
666	0.409391	61	83	85	111	31	32	102	399	#
667	0.409391	62	85	111	31	32	66	67	399	#
668	0.409391	61	83	85	111	31	32	66	67	399	#
669	0.905557	57	176	210	#
670	0.246881	102	146	#
671	0.0529525	47	400	#
672	0.0529525	56	46	400	#
673	0.213606	30	128	64	#
674	0.757472	122	53	246	91	138	401	#
675	0.757472	122	84	52	246	91	138	401	#
676	0.757472	122	84	48	49	246	91	138	401	#
677	0.757472	122	53	246	60	59	138	401	#
678	0.757472	122	84	52	246	60	59	138	401	#
679	0.913958	120	254	192	402	#
680	0.913958	120	238	123	33	402	#
681	0.913958	119	69	254	192	402	#
682	0.913958	119	69	238	123	33	402	#
683	0.913958	120	238	123	34	78	402	#
684	0.207862	81	107	403	#
685	0.207862	42	43	107	403	#
686	0.207862	42	100	99	107	403	#
687	0.642221	30	128	64	20	232	404	#
688	0.642221	30	29	122	216	10	404	#
689	0.642221	30	29	122	126	115	211	112	404	#
690	0.642221	30	29	122	126	115	211	11	10	404	#
691	0.642221	30	128	64	54	55	211	112	404	#
692	0.809642	182	33	109	405	#
693	0.809642	182	33	24	108	405	#
694	0.809642	182	34	23	108	405	#
695	0.809642	182	34	78	109	405	#
696	0.809642	182	33	78	23	108	405	#
697	0.938232	35	206	110	406	#
698	0.938232	35	206	73	74	406	#
699	0.938232	18	19	206	110	406	#
700	0.938232	18	19	206	73	74	406	#
701	0.938232	35	206	73	213	16	406	#
702	1.2038	45	13	14	181	106	105	407	#
703	1.2038	45	13	14	132	12	6	106	105	407	#
704	1.2038	164	177	107	407	#
705	1.2038	63	96	67	181	106	105	407	#
706	1.2038	63	217	66	181	106	105	407	#
707	0.6789	66	239	40	408	#
708	0.6789	102	209	20	21	408	#
709	0.6789	102	235	79	80	137	408	#
710	0.6789	66	197	38	117	35	137	408	#
711	0.6789	102	67	239	40	408	#
712	0.947404	85	205	158	#
713	0.792496	190	9	131	59	409	#
714	0.792496	47	231	91	409	#
715	0.792496	46	56	231	91	409	#
716	0.752113	20	209	67	14	13	410	#
717	0.752113	20	209	102	66	14	13	410	#
718	0.752113	20	64	128	30	235	67	14	13	410	#
719	0.752113	20	64	128	30	235	102	66	14	13	410	#
720	0.752113	20	64	128	29	122	53	246	91	230	410	#
721	0.481577	167	97	411	#
722	0.481577	167	69	70	411	#
723	0.481577	80	137	254	97	411	#
724	0.405292	221	#
725	0.652029	201	85	111	164	412	#
726	0.652029	8	148	45	412	#
727	0.652029	101	194	85	111	164	412	#
728	0.652029	101	121	248	412	#
729	0.652029	8	9	194	85	111	164	412	#
730	0.105316	7	#
731	0.612616	185	113	413	#
732	0.612616	185	12	15	413	#
733	0.612616	33	123	133	15	413	#
734	1.09827	19	206	233	414	#
735	1.09827	18	35	206	233	414	#
736	1.09827	19	208	244	28	414	#
737	1.09827	18	35	208	244	28	414	#
738	1.09827	19	208	163	228	27	414	#
739	0.237273	211	#
740	0.697259	227	196	415	#
741	0.697259	38	243	31	111	5	415	#
742	0.697259	38	197	66	32	31	111	5	415	#
743	1.18822	6	185	203	46	44	416	#
744	1.18822	6	185	203	47	56	44	416	#
745	1.18822	7	234	61	121	190	46	44	416	#
746	1.18822	6	12	133	123	33	203	46	44	416	#
747	1.18822	6	12	219	190	46	44	416	#
748	1.07597	134	111	85	194	190	116	417	#
749	1.07597	114	164	111	85	194	190	116	417	#
750	1.07597	114	248	121	190	116	417	#
751	1.07597	134	111	85	62	121	190	116	417	#
752	1.07597	134	111	85	83	61	121	190	116	417	#
753	0.514949	10	216	418	#
754	0.514949	112	211	115	126	418	#
755	0.514949	10	11	211	115	126	418	#
756	0.514949	10	178	53	418	#
757	0.514949	112	211	115	127	53	418	#
758	0.931349	4	249	211	#
759	1.13514	202	230	45	114	419	#
760	1.13514	25	160	66	14	13	45	114	419	#
761	1.13514	179	132	14	13	45	114	419	#
762	1.34172	44	46	203	33	123	68	139	420	#
763	1.34172	44	46	203	33	123	68	37	158	420	#
764	1.34172	44	46	203	192	40	72	420	#
765	1.34172	44	46	203	78	34	123	68	139	420	#
766	1.34172	44	46	203	78	34	123	68	37	158	420	#
767	0.54593	194	190	421	#
768	0.54593	62	121	190	421	#
769	0.54593	83	61	121	190	421	#
770	0.634002	89	170	52	422	#
771	0.634002	114	255	84	422	#
772	0.634002	114	255	53	52	422	#
773	0.634002	89	170	53	84	422	#
774	0.634002	89	170	49	48	422	#
775	0.572191	101	200	423	#
776	0.572191	9	8	200	423	#
777	0.725024	108	159	43	424	#
778	0.725024	23	165	43	424	#
779	0.725024	24	78	165	43	424	#
780	0.987686	167	79	235	146	425	#
781	0.987686	254	137	35	199	50	425	#
782	0.987686	254	21	20	209	146	425	#
783	0.987686	254	137	80	79	235	146	425	#
784	0.987686	254	137	19	18	199	50	425	#
785	0.862621	210	#
786	0.716721	169	52	178	426	#
787	0.716721	169	84	216	426	#
788	0.716721	169	52	53	216	426	#
789	0.716721	169	52	127	115	211	11	426	#
790	1.02841	171	76	427	#
791	1.02841	171	124	75	427	#
792	1.02841	236	55	211	76	427	#
793	1.02841	102	209	54	55	211	76	427	#
794	1.02841	102	235	30	29	122	126	115	211	76	427	#
795	0.318069	201	85	428	#
796	0.318069	101	194	85	428	#
797	0.318069	8	9	194	85	428	#
798	0.318069	101	121	62	85	428	#
799	0.973421	46	116	28	233	73	213	141	429	#
800	0.973421	46	116	28	233	110	16	141	429	#
801	0.973421	46	116	28	233	73	74	16	141	429	#
802	0.973421	46	116	82	27	233	73	213	141	429	#
803	0.973421	46	116	82	27	233	110	16	141	429	#
804	0.759857	250	70	119	430	#
805	0.759857	250	97	120	430	#
806	0.661629	29	168	68	123	33	109	431	#
807	0.661629	29	168	68	123	33	24	108	431	#
808	0.661629	29	168	68	123	34	23	108	431	#
809	0.661629	29	168	68	123	34	78	109	431	#
810	0.661629	29	122	53	49	57	221	108	431	#
811	0.888916	7	6	12	237	79	80	432	#
812	0.888916	7	6	12	147	19	432	#
813	0.888916	7	6	12	147	18	35	432	#
814	0.888916	184	117	35	432	#
815	0.888916	184	118	19	432	#
816	0.812861	64	135	111	5	433	#
817	0.812861	64	207	196	433	#
818	0.812861	64	149	36	205	5	433	#
819	0.812861	128	30	235	102	32	31	111	5	433	#
820	0.812861	128	29	122	53	49	57	93	196	433	#
821	0.856084	121	61	242	434	#
822	0.856084	194	83	242	434	#
823	0.856084	194	85	205	143	434	#
824	0.856084	194	62	61	242	434	#
825	0.856084	121	62	83	242	434	#
826	0.0783719	22	435	#
827	0.0783719	16	17	435	#
828	0.952578	32	171	436	#
829	0.952578	32	236	55	211	436	#
830	0.952578	32	102	209	54	55	211	436	#
831	0.517975	49	178	437	#
832	0.517975	48	52	178	437	#
833	0.517975	49	53	216	437	#
834	0.517975	48	84	216	437	#
835	0.517975	48	52	53	216	437	#
836	1.179	142	44	438	#
837	1.179	115	127	246	231	56	44	438	#
838	1.179	115	126	53	246	231	56	44	438	#
839	1.179	115	127	180	37	68	123	33	203	46	44	438	#
840	1.179	115	126	84	52	246	231	56	44	438	#
841	0.54309	246	91	230	439	#
842	0.54309	53	255	45	439	#
843	0.54309	52	84	255	45	439	#
844	0.54309	246	60	59	230	439	#
845	0.54309	49	57	93	92	91	230	439	#
846	0.468176	20	149	#
847	0.753589	212	240	440	#
848	0.753589	104	38	243	31	111	85	62	440	#
849	0.753589	212	217	32	31	111	85	62	440	#
850	0.753589	212	96	102	32	31	111	85	62	440	#
851	0.753589	94	39	243	31	111	85	62	440	#
852	0.740059	60	252	10	441	#
853	0.740059	60	246	178	10	441	#
854	0.740059	60	246	53	216	10	441	#
855	0.740059	59	91	252	10	441	#
856	0.740059	60	246	127	115	211	112	441	#
857	0.676567	69	254	21	20	149	442	#
858	0.676567	69	198	143	36	442	#
859	0.676567	69	198	54	149	442	#
860	0.676567	70	97	254	21	20	149	442	#
861	0.676567	69	254	40	125	20	149	442	#
862	0.603795	125	20	64	128	29	122	53	246	443	#
863	0.603795	125	20	207	92	443	#
864	0.603795	125	20	64	128	29	122	84	52	246	443	#
865	0.603795	40	21	20	64	128	29	122	53	246	443	#
866	0.603795	40	21	20	207	92	443	#
867	0.960154	50	140	444	#
868	0.960154	51	153	444	#
869	0.487549	49	57	221	445	#
870	0.487549	52	58	221	445	#
871	0.487549	52	48	57	221	445	#
872	0.487549	180	37	68	123	33	24	445	#
873	0.487549	180	37	68	123	34	23	445	#
874	0.482494	14	66	32	31	111	85	62	446	#
875	0.482494	14	66	32	31	111	85	83	61	446	#
876	0.482494	14	67	102	32	31	111	85	62	446	#
877	0.482494	14	67	102	32	31	111	85	83	61	446	#
878	0.558587	236	#
879	0.891618	24	192	254	97	447	#
880	0.891618	24	33	123	238	97	447	#
881	0.891618	23	34	123	238	97	447	#
882	0.891618	23	78	192	254	97	447	#
883	0.891618	23	78	33	123	238	97	447	#
884	0.735437	105	107	159	#
885	0.123223	194	#
886	0.741388	170	53	122	29	128	448	#
887	0.741388	170	52	84	122	29	128	448	#
888	0.972506	159	152	87	449	#
889	0.972506	159	152	8	88	449	#
890	0.972506	81	141	213	73	200	88	449	#
891	0.972506	43	42	141	213	73	200	88	449	#
892	0.972506	162	121	9	87	449	#
893	0.034195	66	#
894	0.658089	116	28	233	110	22	450	#
895	0.658089	116	28	233	73	74	22	450	#
896	0.658089	116	28	233	73	213	17	450	#
897	0.658089	116	28	233	110	16	17	450	#
898	0.658089	116	28	233	73	74	16	17	450	#
899	0.444948	227	92	60	451	#
900	0.444948	227	92	91	59	451	#
901	1.03402	113	185	203	46	452	#
902	1.03402	15	12	185	203	46	452	#
903	1.03402	15	133	123	33	203	46	452	#
904	0.913667	170	53	122	29	128	64	20	453	#
905	0.913667	170	52	84	122	29	128	64	20	453	#
906	0.913667	90	255	122	29	128	64	20	453	#
907	0.913667	170	49	48	84	122	29	128	64	20	453	#
908	0.913667	89	114	255	122	29	128	64	20	453	#
909	0.670171	174	149	20	454	#
910	0.670171	33	123	68	86	149	20	454	#
911	0.670171	33	123	68	37	36	149	20	454	#
912	0.670171	78	34	123	68	86	149	20	454	#
913	0.670171	78	34	123	68	37	36	149	20	454	#
914	0.882787	104	227	92	60	131	8	455	#
915	0.882787	104	38	243	31	111	85	201	455	#
916	0.882787	212	217	32	31	111	85	201	455	#
917	0.882787	212	96	102	32	31	111	85	201	455	#
918	0.882787	94	39	243	31	111	85	201	455	#
919	0.0920319	66	14	#
920	0.459663	235	67	14	456	#
921	0.459663	235	102	66	14	456	#
922	0.561243	79	237	#
923	0.837246	71	250	#
924	0.637524	173	#
925	0.368576	102	235	#
926	1.02253	56	172	32	66	14	13	45	90	457	#
927	1.02253	47	190	194	85	111	164	90	457	#
928	1.02253	56	46	190	194	85	111	164	90	457	#
929	1.02253	47	190	121	248	90	457	#
930	1.02253	56	46	190	121	248	90	457	#
931	1.09684	210	176	156	35	117	458	#
932	1.09684	129	29	30	79	80	35	117	458	#
933	1.09684	210	176	49	53	251	458	#
934	1.09684	210	176	48	84	251	458	#
935	1.09684	210	176	48	52	53	251	458	#
936	0.615959	109	33	123	68	168	459	#
937	0.615959	108	24	33	123	68	168	459	#
938	0.615959	108	23	34	123	68	168	459	#
939	0.615959	109	78	34	123	68	168	459	#
940	0.615959	108	221	57	49	53	122	459	#
941	1.12084	95	117	35	208	244	460	#
942	1.12084	95	118	19	208	244	460	#
943	1.12084	95	118	18	35	208	244	460	#
944	1.12084	39	243	172	46	116	460	#
945	1.12084	95	117	18	19	208	244	460	#
946	0.980682	69	166	85	461	#
947	0.980682	198	242	83	461	#
948	0.980682	198	143	205	85	461	#
949	0.980682	198	242	61	62	461	#
950	0.980682	254	137	19	187	461	#
951	0.885347	218	2	149	64	462	#
952	0.885347	218	176	49	53	122	29	128	462	#
953	0.885347	218	176	48	84	122	29	128	462	#
954	0.885347	218	176	48	52	53	122	29	128	462	#
955	0.885347	218	176	49	52	84	122	29	128	462	#
956	0.70118	109	174	149	463	#
957	0.70118	109	33	123	68	86	149	463	#
958	0.70118	109	33	123	68	37	36	149	463	#
959	0.70118	108	24	174	149	463	#
960	0.70118	108	23	78	174	149	463	#
961	0.830515	25	195	#
962	0.93989	228	163	36	180	464	#
963	0.93989	82	244	36	180	464	#
964	0.93989	228	175	122	53	464	#
965	0.93989	228	175	122	84	52	464	#
966	0.93989	228	163	86	37	180	464	#
967	0.127581	49	127	465	#
968	0.127581	48	52	127	465	#
969	0.127581	49	53	126	465	#
970	0.127581	48	84	126	465	#
971	0.127581	48	52	53	126	465	#
972	0.341609	5	111	31	32	102	#
973	0.509001	98	111	247	#
974	0.139597	102	32	466	#
975	0.139597	67	66	32	466	#
976	0.574918	201	200	73	#
977	0.076643	118	467	#
978	0.076643	18	117	467	#
979	1.16241	8	154	238	120	468	#
980	1.16241	131	60	155	70	119	468	#
981	1.16241	8	154	238	69	119	468	#
982	1.16241	131	60	155	97	120	468	#
983	1.16241	131	59	91	155	70	119	468	#
984	1.166	69	238	154	88	469	#
985	1.166	70	155	60	131	87	469	#
986	1.166	69	238	154	8	87	469	#
987	1.166	70	155	91	59	131	87	469	#
988	1.166	69	97	155	60	131	87	469	#
989	1.06587	71	250	12	6	106	470	#
990	1.06587	72	161	105	470	#
991	1.06587	71	250	15	157	470	#
992	1.06587	71	250	12	113	157	470	#
993	1.06587	71	250	15	113	6	106	470	#
994	0.744393	163	149	20	125	471	#
995	0.744393	163	149	20	21	40	471	#
996	0.744393	175	29	128	64	20	125	471	#
997	0.317912	63	90	#
998	0.882837	6	144	472	#
999	0.882837	7	234	61	121	9	472	#
1000	0.882837	6	12	219	9	472	#
1001	0.882837	6	185	109	152	472	#
