%% File generated by CATS v.2.1Thu May  9 12:49:17 2024

%% The CATS webpage is http://robotics.stanford.edu/CATS

%% PARAMETER SETTINGS:
% Goods: 256; Bids: 1000; Distribution: paths; Runs: 1; Seed: 81
% Paths Distribution Parameters:
% Initial connections:       = 2
% Edge density:              = 3.000000
% Shipping cost factor:      = 1.500000
% Max bid set size:          = 5
% Building penalty:          = 1.700000



goods 256
bids 1002
dummy 474

0	0.0524823	14	#
1	0.849725	19	86	186	250	256	#
2	0.849725	19	86	100	112	250	256	#
3	0.849725	18	86	100	102	250	256	#
4	0.849725	18	86	103	186	250	256	#
5	0.849725	18	86	100	103	112	250	256	#
6	0.056397	32	#
7	0.676043	81	186	205	257	#
8	0.676043	81	100	112	205	257	#
9	0.676043	65	109	183	257	#
10	0.676043	65	99	108	183	257	#
11	0.676043	81	99	101	112	205	257	#
12	0.643432	43	51	106	167	258	#
13	0.643432	51	72	73	106	167	258	#
14	1.08346	178	232	259	#
15	1.08346	66	103	187	212	259	#
16	1.08346	66	102	112	187	212	259	#
17	1.08346	67	68	103	187	212	259	#
18	1.08346	67	68	102	112	187	212	259	#
19	1.03244	116	169	206	260	#
20	1.03244	7	13	38	120	238	260	#
21	1.03244	6	13	30	38	120	238	260	#
22	1.03244	7	12	13	37	120	238	260	#
23	1.03244	6	12	13	30	37	120	238	260	#
24	0.797371	103	212	261	#
25	0.797371	102	112	212	261	#
26	0.65235	10	215	224	#
27	0.485282	9	87	162	#
28	0.155397	13	57	#
29	0.568081	10	40	131	262	#
30	0.568081	10	41	71	131	262	#
31	0.189459	1	7	263	#
32	0.189459	1	6	30	263	#
33	0.189459	0	222	263	#
34	0.189459	0	7	104	263	#
35	0.189459	0	6	30	104	263	#
36	0.730142	104	198	264	#
37	0.730142	0	1	198	264	#
38	0.730142	55	115	146	264	#
39	0.730142	103	110	115	253	264	#
40	0.730142	102	111	115	253	264	#
41	0.867691	34	147	228	229	265	#
42	0.867691	29	49	121	151	228	265	#
43	0.867691	33	147	155	228	229	265	#
44	0.867691	28	29	49	92	155	228	229	265	#
45	0.867691	28	29	33	34	49	92	228	229	265	#
46	0.949787	94	138	266	#
47	0.949787	42	93	138	266	#
48	0.949787	50	73	88	94	98	176	266	#
49	0.949787	50	88	93	98	161	176	266	#
50	0.949787	50	73	89	94	97	176	266	#
51	0.646289	88	133	#
52	1.21202	87	103	154	187	199	208	267	#
53	1.21202	87	102	112	154	187	199	208	267	#
54	1.21202	28	29	92	103	179	187	208	267	#
55	1.21202	28	29	92	102	112	179	187	208	267	#
56	1.21202	20	103	187	208	210	267	#
57	1.02065	55	104	169	206	268	#
58	1.02065	1	56	169	206	268	#
59	1.02065	0	1	55	169	206	268	#
60	1.02065	57	102	146	197	268	#
61	1.02065	57	103	112	146	197	268	#
62	0.961821	46	49	50	88	98	252	269	#
63	0.961821	46	49	50	89	97	252	269	#
64	0.961821	45	49	50	85	88	98	252	269	#
65	0.961821	45	49	50	85	89	97	252	269	#
66	0.961821	46	98	106	194	269	#
67	0.957508	38	238	270	#
68	0.957508	12	37	238	270	#
69	0.415492	30	70	104	203	271	#
70	0.415492	0	1	30	70	203	271	#
71	0.415492	30	69	83	104	203	271	#
72	0.415492	0	1	30	69	83	203	271	#
73	0.415492	6	70	203	222	271	#
74	0.658267	91	242	272	#
75	0.658267	101	197	204	272	#
76	0.658267	91	101	108	197	272	#
77	0.658267	99	100	197	204	272	#
78	0.658267	13	137	272	#
79	1.1185	18	24	28	29	168	208	273	#
80	1.1185	19	24	240	273	#
81	1.1185	25	110	240	273	#
82	1.1185	22	211	273	#
83	1.1185	18	24	103	240	273	#
84	0.737514	18	77	250	#
85	1.11465	103	187	247	274	#
86	1.11465	102	112	187	247	274	#
87	1.11465	44	103	187	212	274	#
88	1.11465	44	102	112	187	212	274	#
89	1.11465	18	19	187	247	274	#
90	0.802918	121	151	228	275	#
91	0.802918	28	92	155	228	229	275	#
92	0.802918	28	33	34	92	228	229	275	#
93	0.802918	14	15	151	228	275	#
94	0.802918	28	32	92	152	155	228	275	#
95	0.234642	208	#
96	0.238013	156	276	#
97	0.238013	12	13	57	276	#
98	0.93569	45	159	#
99	0.879292	2	80	142	#
100	0.534766	40	195	277	#
101	0.534766	41	71	195	277	#
102	0.534766	31	32	41	195	277	#
103	1.13507	239	278	#
104	1.13507	8	153	278	#
105	0.130795	209	#
106	1.00933	18	87	107	154	199	208	279	#
107	1.00933	96	107	129	199	279	#
108	1.00933	21	188	279	#
109	1.00933	20	107	188	279	#
110	1.00933	18	21	208	210	279	#
111	0.776816	81	181	280	#
112	0.776816	81	174	201	280	#
113	0.776816	72	81	241	280	#
114	0.776816	43	73	81	241	280	#
115	1.14064	28	29	49	50	88	90	189	281	#
116	1.14064	28	29	101	102	189	204	208	281	#
117	1.14064	28	29	101	103	112	189	204	208	281	#
118	1.14064	90	98	189	202	281	#
119	1.14064	28	29	91	101	102	108	189	208	281	#
120	0.46111	29	49	50	88	90	#
121	1.13647	3	233	282	#
122	1.13647	2	113	233	282	#
123	1.13647	64	113	226	230	282	#
124	0.0920266	101	#
125	0.985306	2	64	183	226	283	#
126	0.985306	2	65	127	183	226	283	#
127	0.985306	88	90	91	133	283	#
128	0.985306	3	64	113	183	226	283	#
129	0.985306	0	90	91	118	158	203	227	283	#
130	0.869681	135	229	#
131	0.741883	72	176	284	#
132	0.741883	49	106	252	284	#
133	0.741883	43	73	176	284	#
134	0.741883	42	43	161	176	284	#
135	0.741883	43	76	105	161	176	284	#
136	0.811506	81	127	181	285	#
137	0.811506	81	127	174	201	285	#
138	0.811506	64	65	81	181	285	#
139	0.811506	64	65	81	174	201	285	#
140	0.811506	72	81	127	241	285	#
141	0.870078	103	110	154	208	286	#
142	0.870078	102	111	154	208	286	#
143	0.870078	102	110	112	154	208	286	#
144	0.870078	103	111	112	154	208	286	#
145	0.870078	18	19	110	154	208	286	#
146	1.14712	25	166	287	#
147	1.14712	18	24	125	255	287	#
148	1.14712	19	24	125	190	287	#
149	1.14712	25	110	125	190	287	#
150	1.14712	18	24	103	125	190	287	#
151	1.26014	48	73	94	119	160	288	#
152	1.26014	48	93	119	160	161	288	#
153	1.26014	48	60	61	93	114	217	288	#
154	1.26014	47	63	73	94	119	160	288	#
155	1.26014	42	48	73	93	119	160	288	#
156	0.647108	18	115	248	289	#
157	0.647108	95	96	248	289	#
158	0.647108	19	103	115	248	289	#
159	0.647108	19	102	112	115	248	289	#
160	0.647108	19	39	112	231	289	#
161	0.655431	235	290	#
162	0.655431	104	134	290	#
163	0.655431	0	1	134	290	#
164	0.655431	20	104	182	290	#
165	0.655431	0	1	20	182	290	#
166	1.139	31	40	48	73	94	121	200	201	229	291	#
167	1.139	31	40	48	93	121	161	200	201	229	291	#
168	1.139	31	40	47	63	73	94	121	200	201	229	291	#
169	1.139	41	48	73	94	121	152	200	201	291	#
170	1.139	31	40	42	48	73	93	121	200	201	229	291	#
171	0.380868	30	55	104	124	292	#
172	0.380868	1	30	56	124	292	#
173	0.380868	0	1	30	55	124	292	#
174	0.380868	0	30	56	104	124	292	#
175	0.380868	55	123	222	292	#
176	0.972299	1	213	293	#
177	0.972299	0	104	213	293	#
178	0.972299	1	85	165	293	#
179	0.972299	1	45	46	165	293	#
180	0.972299	0	61	184	213	293	#
181	0.253115	13	38	120	294	#
182	0.253115	12	13	37	120	294	#
183	0.489359	2	80	227	295	#
184	0.489359	1	2	30	80	236	295	#
185	0.489359	0	2	30	80	104	236	295	#
186	0.738208	176	296	#
187	0.738208	49	72	106	252	296	#
188	0.738208	31	34	40	147	201	296	#
189	0.738208	32	34	41	147	201	296	#
190	0.738208	32	34	40	71	147	201	296	#
191	0.805708	47	225	#
192	1.22398	239	297	#
193	1.22398	8	153	297	#
194	1.22398	18	26	79	125	255	297	#
195	1.22398	8	9	18	26	125	255	297	#
196	1.22398	19	26	79	125	190	297	#
197	1.10436	18	24	28	29	122	189	208	298	#
198	1.10436	10	18	24	131	234	298	#
199	1.10436	10	18	24	115	131	195	298	#
200	1.10436	10	24	95	96	131	195	298	#
201	1.10436	18	24	28	29	117	128	189	208	298	#
202	0.84166	115	119	146	299	#
203	0.84166	60	61	114	198	299	#
204	0.84166	55	104	119	198	299	#
205	0.84166	1	56	119	198	299	#
206	0.84166	0	1	55	119	198	299	#
207	0.378113	151	#
208	0.308173	48	73	94	300	#
209	0.308173	48	93	161	300	#
210	0.572047	31	34	40	73	94	201	301	#
211	0.572047	31	34	40	93	161	201	301	#
212	0.572047	31	34	40	42	73	93	201	301	#
213	0.572047	32	34	41	73	94	201	301	#
214	0.572047	31	34	40	43	72	94	201	301	#
215	0.738456	13	38	52	57	87	144	302	#
216	0.738456	13	38	51	57	82	87	144	302	#
217	0.738456	37	52	87	144	156	302	#
218	0.738456	37	51	82	87	144	156	302	#
219	0.738456	4	5	121	156	185	302	#
220	0.863988	192	303	#
221	0.863988	81	187	205	303	#
222	0.981036	66	81	192	304	#
223	0.981036	66	187	205	304	#
224	0.981036	67	68	81	192	304	#
225	0.981036	67	68	187	205	304	#
226	0.981036	16	17	66	192	304	#
227	0.90231	127	192	305	#
228	0.90231	64	101	108	112	183	187	305	#
229	0.90231	64	65	192	305	#
230	0.90231	103	187	244	305	#
231	0.90231	102	112	187	244	305	#
232	0.848536	129	306	#
233	0.848536	87	143	154	306	#
234	0.848536	18	87	96	154	208	306	#
235	0.848536	4	5	31	95	121	195	229	306	#
236	0.848536	4	5	29	143	151	306	#
237	0.979989	80	113	142	307	#
238	0.979989	2	3	80	142	307	#
239	0.979989	62	80	113	223	307	#
240	0.979989	58	59	80	113	223	307	#
241	0.979989	2	3	62	80	223	307	#
242	0.813057	102	154	208	308	#
243	0.813057	103	112	154	208	308	#
244	0.813057	18	19	112	154	208	308	#
245	0.97222	10	43	46	106	219	224	309	#
246	0.97222	4	5	20	45	84	163	199	309	#
247	0.97222	10	43	45	85	106	219	224	309	#
248	0.739941	150	310	#
249	0.739941	94	167	245	310	#
250	0.739941	52	75	94	167	310	#
251	0.739941	51	75	82	94	167	310	#
252	0.739941	73	74	94	145	310	#
253	0.384429	90	118	158	#
254	0.923745	4	5	45	163	199	311	#
255	0.923745	46	72	106	145	199	311	#
256	0.923745	46	72	106	107	140	201	311	#
257	0.923745	45	72	85	106	145	199	311	#
258	0.923745	45	72	85	106	107	140	201	311	#
259	0.582571	92	202	312	#
260	0.582571	33	50	88	98	147	312	#
261	1.24359	67	103	131	187	234	313	#
262	1.24359	67	103	115	131	187	195	313	#
263	1.24359	67	102	112	131	187	234	313	#
264	1.24359	67	102	112	115	131	187	195	313	#
265	1.24359	66	68	103	131	187	234	313	#
266	0.275805	63	93	314	#
267	0.275805	47	48	93	314	#
268	0.275805	42	63	94	314	#
269	0.859649	48	73	94	145	315	#
270	0.859649	48	52	87	94	167	315	#
271	0.859649	48	51	82	87	94	167	315	#
272	0.859649	48	93	145	161	315	#
273	0.859649	47	63	73	94	145	315	#
274	0.816024	51	60	114	130	316	#
275	0.816024	51	55	119	130	184	316	#
276	0.816024	52	60	82	114	130	316	#
277	0.816024	0	51	56	119	130	184	316	#
278	0.816024	51	55	61	104	119	130	316	#
279	0.295164	103	187	317	#
280	0.295164	102	112	187	317	#
281	0.0884854	31	40	#
282	0.490254	23	157	#
283	0.727875	31	40	63	73	94	201	229	318	#
284	0.727875	31	40	63	93	161	201	229	318	#
285	0.727875	31	40	47	48	73	94	201	229	318	#
286	0.727875	41	63	73	94	152	201	318	#
287	0.727875	31	40	42	63	73	93	201	229	318	#
288	0.791384	16	76	161	181	319	#
289	0.791384	16	76	161	174	201	319	#
290	0.74004	88	133	320	#
291	0.74004	0	118	158	203	227	320	#
292	0.74004	30	104	118	158	203	236	320	#
293	0.74004	0	1	30	118	158	203	236	320	#
294	0.74004	0	88	89	158	203	227	320	#
295	0.619664	2	54	56	58	80	227	321	#
296	0.619664	0	2	54	55	58	80	227	321	#
297	0.619664	2	53	56	62	80	227	321	#
298	0.619664	0	2	53	55	62	80	227	321	#
299	0.619664	2	53	56	58	59	80	227	321	#
300	0.992331	125	255	322	#
301	0.992331	103	125	190	322	#
302	0.992331	102	112	125	190	322	#
303	0.992331	27	131	234	322	#
304	0.992331	27	115	131	195	322	#
305	0.172136	156	#
306	0.776575	63	94	167	323	#
307	0.776575	47	48	94	167	323	#
308	0.776575	42	63	93	167	323	#
309	0.776575	42	47	48	93	167	323	#
310	0.776575	63	76	93	105	167	323	#
311	0.643269	18	106	115	248	324	#
312	0.643269	95	96	106	248	324	#
313	1.14832	220	251	325	#
314	1.14832	44	117	207	237	325	#
315	1.14832	36	61	177	325	#
316	1.14832	35	44	61	177	325	#
317	1.14832	2	30	36	58	80	172	236	325	#
318	1.04764	23	84	173	326	#
319	1.04764	22	28	29	143	168	326	#
320	1.04764	20	23	84	129	199	326	#
321	1.04764	21	23	84	107	129	199	326	#
322	1.04764	23	84	143	210	326	#
323	0.938632	49	50	87	107	154	199	#
324	0.16108	82	87	327	#
325	0.16108	51	52	87	327	#
326	0.426674	101	102	115	204	328	#
327	0.426674	101	103	112	115	204	328	#
328	0.426674	91	101	102	108	115	328	#
329	0.426674	91	101	103	108	112	115	328	#
330	0.426674	99	100	102	115	204	328	#
331	0.14777	81	127	#
332	0.634113	43	105	106	248	329	#
333	0.634113	42	43	76	106	248	329	#
334	0.634113	72	76	106	161	248	329	#
335	0.634113	72	73	105	106	248	329	#
336	0.634113	42	72	73	76	106	248	329	#
337	0.681142	10	219	#
338	0.256435	20	199	#
339	0.924502	18	24	212	330	#
340	0.924502	19	24	103	212	330	#
341	0.41274	50	88	191	#
342	1.00279	69	121	200	228	331	#
343	1.00279	70	83	121	200	228	331	#
344	1.00279	14	15	69	200	228	331	#
345	1.00279	14	15	70	83	200	228	331	#
346	0.932771	42	164	332	#
347	0.932771	76	105	164	332	#
348	0.932771	40	73	201	214	332	#
349	0.932771	30	42	217	332	#
350	0.932771	93	94	164	332	#
351	0.79965	28	29	64	80	226	246	#
352	1.02152	2	68	133	139	333	#
353	1.02152	2	170	227	333	#
354	1.02152	1	2	30	170	236	333	#
355	1.02152	2	66	67	133	139	333	#
356	1.02152	0	2	203	227	243	333	#
357	0.838791	10	21	77	84	215	224	334	#
358	0.838791	10	20	77	84	107	215	224	334	#
359	0.438047	99	136	#
360	1.10109	28	29	101	102	108	122	189	208	335	#
361	1.10109	28	29	101	103	108	112	122	189	208	335	#
362	1.10109	10	101	102	108	131	234	335	#
363	1.10109	10	101	102	108	115	131	195	335	#
364	1.10109	10	101	103	108	112	131	234	335	#
365	0.531989	31	34	40	147	336	#
366	0.531989	32	34	41	147	336	#
367	0.531989	32	34	40	71	147	336	#
368	0.531989	31	33	40	147	155	336	#
369	0.531989	31	34	41	71	147	336	#
370	0.926659	46	49	50	89	252	337	#
371	0.926659	45	49	50	85	89	252	337	#
372	0.926659	46	50	72	89	106	176	337	#
373	0.926659	46	49	50	88	118	252	337	#
374	1.05858	64	84	157	183	#
375	0.203833	11	126	#
376	0.611486	37	52	144	338	#
377	0.611486	37	51	82	144	338	#
378	0.611486	4	5	87	121	185	338	#
379	0.611486	12	38	52	144	338	#
380	0.611486	12	38	51	82	144	338	#
381	0.087246	96	#
382	0.682114	18	50	89	158	191	339	#
383	0.682114	18	49	50	89	158	208	339	#
384	0.682114	19	50	89	103	158	191	339	#
385	0.682114	19	50	89	102	112	158	191	339	#
386	0.682114	18	50	88	118	158	191	339	#
387	0.677082	29	49	50	151	340	#
388	0.677082	34	50	121	147	229	340	#
389	0.677082	33	50	121	147	155	229	340	#
390	0.169624	31	121	229	#
391	0.970722	7	38	61	238	341	#
392	0.970722	6	30	38	61	238	341	#
393	0.970722	7	12	37	61	238	341	#
394	0.970722	6	12	30	37	61	238	341	#
395	0.970722	38	130	144	341	#
396	0.888438	46	81	106	127	241	342	#
397	0.888438	46	72	81	106	127	181	342	#
398	0.888438	46	72	81	106	127	174	201	342	#
399	0.888438	45	81	85	106	127	241	342	#
400	0.888438	45	72	81	85	106	127	181	342	#
401	0.809194	87	101	102	154	208	343	#
402	0.809194	87	101	103	112	154	208	343	#
403	0.209887	31	40	229	#
404	0.874833	142	344	#
405	0.874833	62	223	344	#
406	0.874833	58	59	223	344	#
407	0.874833	53	54	58	223	344	#
408	0.379283	31	40	92	155	345	#
409	0.379283	31	33	34	40	92	345	#
410	0.379283	32	41	92	155	345	#
411	0.379283	32	33	34	41	92	345	#
412	0.379283	32	40	71	92	155	345	#
413	1.11277	78	88	90	218	346	#
414	1.11277	18	50	86	191	250	346	#
415	1.11277	77	86	88	90	218	346	#
416	1.11277	50	175	176	232	346	#
417	1.11277	18	49	50	86	208	250	346	#
418	0.854304	156	185	228	347	#
419	0.854304	12	13	57	185	228	347	#
420	0.854304	13	38	57	121	180	228	347	#
421	0.854304	37	121	156	180	228	347	#
422	0.854304	12	13	37	57	121	180	228	347	#
423	1.01313	6	13	38	238	348	#
424	1.01313	6	12	13	37	238	348	#
425	1.01313	7	13	30	38	238	348	#
426	1.01313	7	12	13	30	37	238	348	#
427	1.01313	30	57	169	206	348	#
428	1.01906	84	173	349	#
429	1.01906	20	84	129	199	349	#
430	1.01906	21	84	107	129	199	349	#
431	1.01906	84	143	210	349	#
432	1.01906	20	84	87	143	154	199	349	#
433	0.824727	2	62	80	133	350	#
434	0.824727	2	58	59	80	133	350	#
435	0.824727	88	254	350	#
436	0.824727	59	88	249	350	#
437	0.824727	2	53	54	58	80	133	350	#
438	0.881857	13	35	120	132	351	#
439	0.881857	13	35	57	116	132	351	#
440	0.881857	13	36	44	120	132	351	#
441	0.881857	12	35	116	132	156	351	#
442	0.881857	13	36	44	57	116	132	351	#
443	1.02531	9	11	61	209	237	352	#
444	1.02531	9	11	26	27	61	237	352	#
445	1.02531	0	9	171	184	352	#
446	1.02531	9	10	61	128	209	237	352	#
447	1.02531	9	10	26	27	61	128	237	352	#
448	1.13056	162	221	353	#
449	1.13056	26	121	125	193	228	353	#
450	1.13056	26	74	216	221	353	#
451	1.13056	26	83	97	121	125	158	200	228	353	#
452	1.13056	11	117	189	202	209	353	#
453	0.318874	101	204	354	#
454	0.318874	91	101	108	354	#
455	0.318874	99	100	204	354	#
456	0.318874	99	112	186	204	354	#
457	0.318874	91	100	109	354	#
458	0.837747	86	250	355	#
459	0.837747	77	78	250	355	#
460	0.883179	98	249	356	#
461	0.883179	0	2	58	80	97	158	203	227	356	#
462	0.883179	2	30	58	80	97	104	158	203	236	356	#
463	0.883179	0	1	2	30	58	80	97	158	203	236	356	#
464	0.883179	2	58	80	88	98	133	356	#
465	0.454197	18	24	191	357	#
466	0.454197	18	24	49	208	357	#
467	0.454197	19	24	103	191	357	#
468	0.454197	19	24	102	112	191	357	#
469	0.454197	25	103	110	191	357	#
470	0.884063	77	80	142	358	#
471	0.884063	78	80	86	142	358	#
472	0.884063	62	77	80	223	358	#
473	0.884063	58	59	77	80	223	358	#
474	0.925561	8	76	93	149	359	#
475	0.925561	8	94	105	149	359	#
476	0.925561	8	42	76	94	149	359	#
477	0.925561	8	42	93	105	149	359	#
478	0.925561	26	73	79	94	125	148	359	#
479	0.756538	193	360	#
480	0.756538	83	97	158	200	360	#
481	0.756538	92	121	155	202	229	360	#
482	0.756538	33	34	92	121	202	229	360	#
483	0.756538	69	70	97	158	200	360	#
484	0.872429	29	49	50	88	90	151	361	#
485	0.872429	34	50	88	90	121	147	229	361	#
486	0.872429	83	90	118	158	200	361	#
487	0.872429	33	50	88	90	121	147	155	229	361	#
488	0.872429	136	180	204	361	#
489	0.102869	108	#
490	0.686772	122	189	362	#
491	0.686772	117	128	189	362	#
492	0.686772	10	11	117	189	362	#
493	0.849996	55	83	119	200	203	363	#
494	0.849996	0	56	83	119	200	203	363	#
495	0.849996	60	83	114	184	200	203	363	#
496	0.849996	55	69	70	119	200	203	363	#
497	0.849996	60	61	83	104	114	200	203	363	#
498	0.387855	186	187	364	#
499	0.387855	100	112	187	364	#
500	0.387855	99	101	112	187	364	#
501	0.387855	100	102	103	187	364	#
502	0.387855	99	101	102	103	187	364	#
503	0.974396	116	122	141	365	#
504	0.974396	116	117	128	141	365	#
505	0.974396	10	121	126	196	228	365	#
506	1.15436	67	187	103	212	36	366	#
507	1.15436	67	187	112	102	212	36	366	#
508	1.15436	67	187	103	247	35	366	#
509	1.15436	68	178	232	36	366	#
510	1.15436	67	187	112	102	247	35	366	#
511	0.846347	67	187	103	234	71	367	#
512	0.846347	67	187	103	115	195	71	367	#
513	0.846347	67	187	112	102	234	71	367	#
514	0.846347	67	187	112	102	115	195	71	367	#
515	0.846347	68	66	187	103	234	71	367	#
516	0.693196	33	206	61	60	#
517	1.07114	68	178	73	94	63	368	#
518	1.07114	68	178	161	93	63	368	#
519	1.07114	67	187	225	47	368	#
520	1.07114	68	178	73	94	48	47	368	#
521	1.07114	68	66	187	225	47	368	#
522	1.00387	39	106	43	219	10	224	369	#
523	1.00387	39	106	72	201	140	21	84	369	#
524	1.00387	39	106	72	73	219	10	224	369	#
525	1.00387	39	106	72	145	199	20	84	369	#
526	1.00387	39	106	72	148	126	10	224	369	#
527	0.6864	88	50	147	34	31	40	370	#
528	0.6864	88	50	147	34	32	41	370	#
529	0.6864	88	50	147	34	32	71	40	370	#
530	0.6864	88	50	147	33	155	31	40	370	#
531	0.6864	88	50	147	34	31	71	41	370	#
532	1.04352	9	171	56	371	#
533	1.04352	9	171	0	55	371	#
534	1.04352	9	209	11	237	104	55	371	#
535	1.04352	9	26	27	11	237	104	55	371	#
536	1.04352	9	209	11	237	1	56	371	#
537	0.728155	54	58	80	2	236	30	61	60	114	372	#
538	0.728155	53	62	80	2	236	30	61	60	114	372	#
539	0.728155	53	59	58	80	2	236	30	61	60	114	372	#
540	0.728155	54	58	80	2	227	56	119	372	#
541	0.728155	54	58	80	2	227	0	55	119	372	#
542	0.860035	127	81	241	106	373	#
543	0.860035	127	81	181	72	106	373	#
544	0.860035	127	81	174	201	72	106	373	#
545	0.860035	64	65	81	241	106	373	#
546	0.860035	64	65	81	181	72	106	373	#
547	0.834266	182	84	23	22	374	#
548	0.834266	134	20	84	23	22	374	#
549	0.834266	134	107	21	84	23	22	374	#
550	0.834266	104	235	20	84	23	22	374	#
551	0.834266	1	0	235	20	84	23	22	374	#
552	0.917063	21	140	201	72	106	375	#
553	0.917063	20	199	145	72	106	375	#
554	0.917063	20	107	140	201	72	106	375	#
555	0.917063	21	107	199	145	72	106	375	#
556	0.917063	21	140	201	73	43	106	375	#
557	0.711073	39	106	43	167	51	376	#
558	0.711073	39	106	72	73	167	51	376	#
559	0.419048	29	208	18	377	#
560	0.419048	29	208	103	19	377	#
561	0.419048	29	143	96	377	#
562	0.419048	29	208	102	112	19	377	#
563	0.58863	16	174	41	378	#
564	0.58863	16	174	40	71	378	#
565	0.58863	17	81	174	41	378	#
566	0.58863	17	81	174	40	71	378	#
567	0.615783	38	144	52	87	379	#
568	0.615783	38	144	51	82	87	379	#
569	0.615783	12	37	144	52	87	379	#
570	0.615783	12	37	144	51	82	87	379	#
571	0.615783	12	185	121	5	4	379	#
572	0.548547	147	34	229	380	#
573	0.548547	49	29	151	121	380	#
574	0.590665	154	49	#
575	0.633234	50	147	34	31	40	381	#
576	0.633234	50	147	34	32	41	381	#
577	0.633234	50	147	34	32	71	40	381	#
578	0.633234	50	147	33	155	31	40	381	#
579	0.633234	50	147	34	31	71	41	381	#
580	0.36393	29	49	50	88	#
581	0.740373	11	237	382	#
582	0.740373	10	128	237	382	#
583	0.945453	160	161	76	383	#
584	0.945453	160	73	105	383	#
585	0.945453	160	73	42	76	383	#
586	0.889192	22	168	28	384	#
587	0.889192	23	84	20	179	92	28	384	#
588	0.889192	23	84	21	107	179	92	28	384	#
589	0.889192	23	224	122	189	28	384	#
590	0.889192	23	157	64	246	28	384	#
591	0.740765	29	151	121	228	#
592	0.932956	124	30	104	253	110	385	#
593	0.932956	124	30	1	0	253	110	385	#
594	0.932956	124	30	104	253	111	112	385	#
595	0.932956	124	30	1	0	253	111	112	385	#
596	0.932956	123	222	253	110	385	#
597	0.440984	180	5	#
598	0.424278	44	207	#
599	0.0933271	19	112	386	#
600	0.0933271	18	102	386	#
601	0.0933271	18	103	112	386	#
602	1.0959	66	187	19	250	77	387	#
603	1.0959	66	187	103	18	250	77	387	#
604	1.0959	66	187	112	102	18	250	77	387	#
605	1.0959	68	67	187	19	250	77	387	#
606	1.0959	68	67	187	103	18	250	77	387	#
607	0.491913	67	139	88	388	#
608	0.491913	66	68	139	88	388	#
609	0.494978	70	203	104	30	124	#
610	0.699069	4	5	163	45	#
611	0.102534	72	106	#
612	0.721229	161	181	389	#
613	0.721229	161	201	174	389	#
614	0.721229	42	73	181	389	#
615	0.721229	42	73	201	174	389	#
616	0.721229	76	105	73	181	389	#
617	0.105285	46	106	#
618	0.709622	104	182	84	390	#
619	0.709622	235	20	84	390	#
620	0.709622	0	1	182	84	390	#
621	0.709622	104	134	20	84	390	#
622	0.709622	0	1	134	20	84	390	#
623	1.09912	158	83	200	121	228	125	391	#
624	1.09912	158	70	69	200	121	228	125	391	#
625	1.09912	158	83	200	15	14	228	125	391	#
626	1.09912	158	203	104	237	11	27	391	#
627	1.09912	89	50	147	34	229	228	125	391	#
628	0.618518	31	234	103	110	392	#
629	0.618518	31	195	115	103	110	392	#
630	0.618518	31	234	102	111	392	#
631	0.618518	31	195	115	102	111	392	#
632	0.618518	31	234	102	112	110	392	#
633	0.882331	21	140	201	161	76	393	#
634	0.882331	20	199	145	161	76	393	#
635	0.882331	20	107	140	201	161	76	393	#
636	0.882331	21	140	201	73	105	393	#
637	0.882331	21	140	201	73	42	76	393	#
638	0.554049	56	227	2	80	58	394	#
639	0.554049	55	0	227	2	80	58	394	#
640	0.554049	55	104	30	236	2	80	58	394	#
641	0.554049	56	1	30	236	2	80	58	394	#
642	0.554049	55	0	1	30	236	2	80	58	394	#
643	0.92007	48	94	73	181	81	395	#
644	0.92007	48	93	161	181	81	395	#
645	0.92007	48	94	73	201	174	81	395	#
646	0.92007	48	93	161	201	174	81	395	#
647	0.92007	47	63	94	73	181	81	395	#
648	0.577333	36	232	72	106	85	396	#
649	0.577333	36	232	72	106	46	45	396	#
650	0.851947	86	250	18	397	#
651	0.851947	86	250	19	103	397	#
652	0.851947	86	250	19	112	102	397	#
653	0.851947	78	77	250	18	397	#
654	0.851947	78	77	250	19	103	397	#
655	1.25589	169	33	92	246	64	226	113	398	#
656	1.25589	169	33	92	246	64	226	2	3	398	#
657	1.25589	169	206	30	236	3	398	#
658	1.25589	57	13	38	238	6	236	3	398	#
659	1.25589	156	37	238	6	236	3	398	#
660	1.22695	9	26	125	228	121	200	83	158	399	#
661	1.22695	9	171	0	203	158	399	#
662	1.22695	9	162	221	97	399	#
663	1.22695	9	26	125	228	121	200	69	70	158	399	#
664	1.22695	9	26	125	228	14	15	200	83	158	399	#
665	0.451265	29	151	#
666	1.01775	27	11	237	61	60	114	400	#
667	1.01775	27	10	128	237	61	60	114	400	#
668	1.01775	27	11	237	104	55	119	400	#
669	1.01775	27	11	237	1	56	119	400	#
670	1.01775	27	11	237	1	0	55	119	400	#
671	0.705938	102	115	248	106	401	#
672	0.705938	112	103	115	248	106	401	#
673	0.705938	231	39	106	401	#
674	0.705938	112	19	18	115	248	106	401	#
675	0.705938	112	19	96	95	248	106	401	#
676	0.827601	223	402	#
677	0.827601	142	62	402	#
678	0.827601	142	58	59	402	#
679	0.827601	142	58	54	53	402	#
680	0.684792	101	108	183	64	403	#
681	0.684792	102	244	403	#
682	0.684792	112	103	244	403	#
683	0.684792	100	109	183	64	403	#
684	0.684792	112	186	109	183	64	403	#
685	0.0992657	128	404	#
686	0.0992657	10	11	404	#
687	1.02059	11	117	189	202	405	#
688	1.02059	10	122	189	202	405	#
689	0.644839	37	144	52	87	406	#
690	0.644839	37	144	51	82	87	406	#
691	0.644839	185	121	5	4	406	#
692	0.644839	37	180	5	4	406	#
693	0.644839	12	38	144	52	87	406	#
694	0.390488	88	50	49	29	28	#
695	0.0186976	0	#
696	0.0536669	42	#
697	1.04287	60	184	0	165	407	#
698	1.04287	60	61	1	165	407	#
699	1.04287	60	184	0	213	85	407	#
700	1.04287	60	184	0	213	45	46	407	#
701	1.04287	60	61	1	213	85	407	#
702	0.576715	121	200	69	408	#
703	0.576715	121	200	83	70	408	#
704	0.576715	14	15	200	69	408	#
705	0.71814	1	182	84	409	#
706	0.71814	1	134	20	84	409	#
707	0.71814	0	104	182	84	409	#
708	0.71814	0	235	20	84	409	#
709	0.71814	0	104	134	20	84	409	#
710	1.24339	199	87	154	208	103	187	67	410	#
711	1.24339	199	87	154	49	50	139	410	#
712	1.24339	199	87	154	208	102	112	187	67	410	#
713	1.24339	199	87	154	208	103	187	66	68	410	#
714	1.24339	199	87	154	208	102	112	187	66	68	410	#
715	0.980001	184	0	165	411	#
716	0.980001	61	1	165	411	#
717	0.980001	184	0	213	85	411	#
718	0.980001	184	0	213	45	46	411	#
719	0.980001	61	1	213	85	411	#
720	0.825003	161	76	149	412	#
721	0.825003	148	125	26	9	412	#
722	0.825003	73	105	149	412	#
723	0.825003	73	42	76	149	412	#
724	0.825003	72	43	105	149	412	#
725	0.796458	101	102	208	154	413	#
726	0.796458	101	112	103	208	154	413	#
727	0.796458	99	100	102	208	154	413	#
728	0.796458	99	186	103	208	154	413	#
729	0.796458	99	100	112	103	208	154	413	#
730	1.1738	3	233	39	46	414	#
731	1.1738	113	226	127	81	241	106	46	414	#
732	1.1738	3	233	39	85	45	414	#
733	1.1738	113	226	127	81	181	72	106	46	414	#
734	1.1738	113	226	127	81	174	201	72	106	46	414	#
735	0.626291	85	106	43	167	#
736	0.546068	41	174	16	#
737	1.12764	36	212	103	187	415	#
738	1.12764	36	212	102	112	187	415	#
739	1.12764	35	247	103	187	415	#
740	1.12764	35	247	102	112	187	415	#
741	1.12764	35	44	212	103	187	415	#
742	0.501555	3	227	56	416	#
743	0.501555	3	227	0	55	416	#
744	0.501555	3	236	30	104	55	416	#
745	0.501555	3	236	30	1	56	416	#
746	0.501555	3	236	30	1	0	55	416	#
747	1.09267	62	80	226	64	246	28	29	143	417	#
748	1.09267	59	58	80	226	64	246	28	29	143	417	#
749	1.09267	62	80	226	244	18	96	417	#
750	1.09267	59	58	80	226	244	18	96	417	#
751	1.09267	53	54	58	80	226	64	246	28	29	143	417	#
752	0.914812	77	250	418	#
753	0.914812	78	86	250	418	#
754	1.03307	189	28	29	208	18	24	419	#
755	1.03307	189	28	29	208	103	19	24	419	#
756	1.03307	189	28	29	143	96	24	419	#
757	1.03307	189	28	29	208	102	112	19	24	419	#
758	1.03307	189	28	29	208	103	110	25	419	#
759	0.472974	174	#
760	0.575388	51	167	#
761	1.14667	213	1	30	124	420	#
762	1.14667	213	0	104	30	124	420	#
763	1.14667	213	1	7	123	420	#
764	1.14667	213	1	30	6	123	420	#
765	1.14667	213	0	222	123	420	#
766	0.76869	189	117	11	27	421	#
767	0.76869	189	122	10	27	421	#
768	0.76869	92	155	229	228	125	421	#
769	0.76869	92	33	34	229	228	125	421	#
770	0.76869	189	117	128	10	27	421	#
771	0.816024	51	130	60	114	422	#
772	0.816024	51	130	184	55	119	422	#
773	0.816024	82	52	130	60	114	422	#
774	0.816024	51	130	184	0	56	119	422	#
775	0.816024	51	130	61	104	55	119	422	#
776	0.656022	38	144	423	#
777	0.656022	12	37	144	423	#
778	0.572268	174	#
779	0.575998	29	28	246	65	81	#
780	1.07707	38	238	6	236	2	#
781	1.10133	9	26	125	228	185	156	424	#
782	1.10133	9	26	125	228	185	12	13	57	424	#
783	1.10133	9	26	125	228	121	180	38	13	57	424	#
784	1.10133	9	26	125	228	121	180	37	156	424	#
785	1.10133	9	26	125	228	121	180	37	12	13	57	424	#
786	0.738208	176	425	#
787	0.738208	49	252	106	72	425	#
788	0.738208	147	34	31	40	201	425	#
789	0.738208	147	34	32	41	201	425	#
790	0.738208	147	34	32	71	40	201	425	#
791	0.530229	100	197	57	426	#
792	0.530229	186	112	197	57	426	#
793	0.530229	99	101	197	57	426	#
794	1.30097	124	236	2	80	142	77	427	#
795	1.30097	123	6	236	2	80	142	77	427	#
796	1.30097	124	30	251	220	175	86	427	#
797	1.30097	124	236	2	80	142	78	86	427	#
798	1.30097	124	236	2	80	62	223	77	427	#
799	0.700532	146	55	104	428	#
800	0.700532	146	56	1	428	#
801	0.700532	146	55	0	1	428	#
802	0.700532	115	198	428	#
803	0.700532	103	110	253	104	428	#
804	0.384043	26	216	#
805	0.675687	145	161	429	#
806	0.675687	145	73	42	429	#
807	0.675687	87	52	167	42	429	#
808	0.675687	87	82	51	167	42	429	#
809	0.675687	145	73	105	76	429	#
810	1.06826	48	93	76	149	8	430	#
811	1.06826	47	63	93	76	149	8	430	#
812	1.06826	48	94	105	149	8	430	#
813	1.06826	48	94	42	76	149	8	430	#
814	1.06826	47	63	94	105	149	8	430	#
815	0.700532	104	55	146	431	#
816	0.700532	1	56	146	431	#
817	0.700532	1	0	55	146	431	#
818	0.700532	198	115	431	#
819	0.700532	104	253	110	103	431	#
820	1.11998	58	80	2	133	139	68	432	#
821	1.11998	58	80	2	227	170	432	#
822	1.11998	249	88	139	68	432	#
823	1.11998	58	80	2	236	30	1	170	432	#
824	1.11998	58	80	2	133	139	67	66	432	#
825	0.59179	103	234	40	433	#
826	0.59179	103	115	195	40	433	#
827	0.59179	112	102	234	40	433	#
828	0.59179	112	102	115	195	40	433	#
829	0.59179	103	234	71	41	433	#
830	0.140571	115	102	434	#
831	0.140571	115	103	112	434	#
832	0.931106	174	81	127	226	113	435	#
833	0.931106	174	81	127	226	2	3	435	#
834	0.931106	174	81	65	64	226	113	435	#
835	0.931106	174	81	65	64	226	2	3	435	#
836	1.17321	190	187	436	#
837	1.17321	255	103	187	436	#
838	1.17321	255	102	112	187	436	#
839	1.17321	228	121	151	29	208	103	187	436	#
840	1.17321	228	121	151	29	208	102	112	187	436	#
841	0.393707	15	5	4	74	437	#
842	0.393707	14	121	5	4	74	437	#
843	0.359079	232	#
844	0.676415	110	253	104	#
845	0.713245	81	65	183	438	#
846	0.713245	81	127	64	183	438	#
847	0.678309	140	439	#
848	0.678309	107	199	4	5	121	229	31	40	439	#
849	0.678309	107	199	4	5	121	152	41	439	#
850	0.678309	107	199	4	5	121	229	32	41	439	#
851	0.678309	107	199	4	5	121	152	71	40	439	#
852	0.222204	155	32	440	#
853	0.222204	33	34	32	440	#
854	0.344019	4	199	20	#
855	0.131126	13	12	#
856	1.1738	3	233	39	46	441	#
857	1.1738	113	226	127	81	241	106	46	441	#
858	1.1738	3	233	39	85	45	441	#
859	1.1738	113	226	127	81	181	72	106	46	441	#
860	1.1738	113	226	127	81	174	201	72	106	46	441	#
861	0.916793	168	28	29	49	#
862	0.508861	20	199	87	52	442	#
863	0.508861	20	199	87	82	51	442	#
864	0.508861	21	107	199	87	52	442	#
865	0.508861	21	107	199	87	82	51	442	#
866	0.319677	5	121	229	#
867	0.736863	253	443	#
868	0.736863	110	103	146	55	443	#
869	0.736863	111	102	146	55	443	#
870	0.736863	110	112	102	146	55	443	#
871	0.736863	111	112	103	146	55	443	#
872	0.908678	178	66	444	#
873	0.908678	178	68	67	444	#
874	0.908678	72	106	248	115	103	187	444	#
875	0.908678	72	106	248	115	102	112	187	444	#
876	0.908678	72	106	39	231	112	187	444	#
877	0.780982	57	197	112	187	67	445	#
878	0.780982	57	197	112	187	66	68	445	#
879	0.780982	57	197	102	103	187	67	445	#
880	0.932956	110	253	104	30	124	446	#
881	0.932956	110	253	0	1	30	124	446	#
882	0.932956	112	111	253	104	30	124	446	#
883	0.932956	112	111	253	0	1	30	124	446	#
884	0.932956	110	253	222	123	446	#
885	0.5498	227	2	80	62	447	#
886	0.5498	227	2	80	58	59	447	#
887	0.5498	1	30	236	2	80	62	447	#
888	0.5498	1	30	236	2	80	58	59	447	#
889	0.5498	0	104	30	236	2	80	62	447	#
890	1.20596	66	187	190	448	#
891	1.20596	66	187	103	255	448	#
892	1.20596	66	187	112	102	255	448	#
893	1.20596	68	67	187	190	448	#
894	1.20596	66	187	103	208	29	151	121	228	448	#
895	0.424654	180	449	#
896	0.424654	121	185	37	449	#
897	0.106347	83	#
898	0.932771	42	164	450	#
899	0.932771	105	76	164	450	#
900	0.932771	73	201	40	214	450	#
901	0.932771	42	217	30	450	#
902	0.932771	94	93	164	450	#
903	0.62725	209	131	40	451	#
904	0.62725	26	27	131	40	451	#
905	0.62725	26	125	228	229	31	40	451	#
906	0.844065	18	146	119	452	#
907	0.844065	19	103	146	119	452	#
908	0.844065	19	112	102	146	119	452	#
909	0.980413	50	176	73	94	63	453	#
910	0.980413	50	176	161	93	63	453	#
911	0.980413	50	176	73	94	48	47	453	#
912	0.980413	50	176	73	42	93	63	453	#
913	0.980413	50	176	161	93	48	47	453	#
914	1.07114	63	94	73	178	68	454	#
915	1.07114	63	93	161	178	68	454	#
916	1.07114	47	225	187	67	454	#
917	1.07114	47	48	94	73	178	68	454	#
918	1.07114	47	225	187	66	68	454	#
919	1.06677	60	184	0	213	45	455	#
920	1.06677	60	61	1	213	45	455	#
921	1.06677	60	61	104	0	213	45	455	#
922	1.06677	114	119	56	213	45	455	#
923	1.06677	114	119	55	0	213	45	455	#
924	0.321295	119	55	203	#
925	0.712016	183	108	101	111	456	#
926	0.712016	183	108	101	112	110	456	#
927	0.712016	183	109	186	110	456	#
928	0.712016	183	109	100	111	456	#
929	0.712016	183	109	100	112	110	456	#
930	1.06157	187	19	250	86	457	#
931	1.06157	187	103	18	250	86	457	#
932	1.06157	187	112	102	18	250	86	457	#
933	1.06157	187	19	250	77	78	457	#
934	0.955745	110	190	458	#
935	0.955745	111	112	190	458	#
936	0.955745	110	103	255	458	#
937	0.955745	111	102	255	458	#
938	0.955745	110	112	102	255	458	#
939	0.94386	220	251	104	459	#
940	0.94386	220	251	1	0	459	#
941	0.723163	39	106	72	148	#
942	0.146994	113	460	#
943	0.146994	2	3	460	#
944	1.09102	202	189	117	11	461	#
945	1.09102	202	189	122	10	461	#
946	1.09102	202	189	117	128	10	461	#
947	1.09102	193	121	228	126	461	#
948	1.09102	97	158	203	104	237	11	461	#
949	0.934038	124	30	198	95	#
950	1.00592	213	462	#
951	1.00592	85	165	462	#
952	1.00592	45	46	165	462	#
953	0.840874	187	112	231	463	#
954	0.840874	187	103	102	231	463	#
955	0.195453	209	11	464	#
956	0.195453	26	27	11	464	#
957	0.800007	168	22	23	465	#
958	0.800007	92	179	20	84	465	#
959	0.800007	92	179	107	21	84	465	#
960	0.800007	189	122	224	465	#
961	0.800007	246	64	157	465	#
962	1.01115	58	80	226	64	183	109	466	#
963	1.01115	58	80	226	64	183	108	99	466	#
964	1.01115	59	62	80	226	64	183	109	466	#
965	1.01115	59	62	80	226	64	183	108	99	466	#
966	1.01115	58	80	226	64	183	108	101	100	466	#
967	0.171021	126	#
968	1.19971	39	106	72	201	40	31	135	467	#
969	1.19971	39	106	72	201	40	214	124	467	#
970	1.19971	39	106	43	42	164	124	467	#
971	1.19971	39	165	1	30	124	467	#
972	1.19971	39	106	72	201	41	32	135	467	#
973	1.30651	58	80	226	64	246	92	33	169	468	#
974	1.30651	172	132	13	57	468	#
975	1.30651	59	62	80	226	64	246	92	33	169	468	#
976	1.30651	58	80	2	236	30	206	169	468	#
977	1.09874	26	125	190	112	101	469	#
978	1.09874	26	125	255	102	101	469	#
979	1.09874	26	125	255	103	112	101	469	#
980	1.09874	26	125	190	186	99	469	#
981	1.09874	26	125	190	112	100	99	469	#
982	0.918507	39	252	49	50	88	470	#
983	0.918507	39	106	194	470	#
984	0.918507	39	106	72	176	50	88	470	#
985	0.918507	231	101	204	90	470	#
986	0.918507	39	106	43	73	176	50	88	470	#
987	0.91804	163	5	4	199	471	#
988	0.91804	85	106	72	145	199	471	#
989	0.91804	85	106	72	201	140	107	471	#
990	0.91804	45	46	106	72	145	199	471	#
991	0.91804	45	46	106	72	201	140	107	471	#
992	0.946361	108	101	102	247	472	#
993	0.946361	108	101	112	103	247	472	#
994	0.946361	109	100	102	247	472	#
995	0.946361	109	186	103	247	472	#
996	0.946361	109	100	112	103	247	472	#
997	1.19435	187	103	208	29	28	189	122	473	#
998	1.19435	187	112	102	208	29	28	189	122	473	#
999	1.19435	187	103	234	131	10	473	#
1000	1.19435	187	103	115	195	131	10	473	#
1001	1.19435	187	112	102	234	131	10	473	#
