%% File generated by CATS v.2.1Thu May  9 12:49:17 2024

%% The CATS webpage is http://robotics.stanford.edu/CATS

%% PARAMETER SETTINGS:
% Goods: 256; Bids: 1000; Distribution: paths; Runs: 1; Seed: 89
% Paths Distribution Parameters:
% Initial connections:       = 2
% Edge density:              = 3.000000
% Shipping cost factor:      = 1.500000
% Max bid set size:          = 5
% Building penalty:          = 1.700000



goods 256
bids 1001
dummy 528

0	0.881929	85	109	207	256	#
1	0.881929	71	234	256	#
2	0.881929	14	15	85	207	256	#
3	0.881929	70	85	234	256	#
4	0.881929	124	225	256	#
5	0.434166	45	156	#
6	0.691609	72	118	235	257	#
7	0.691609	37	73	118	171	257	#
8	0.691609	30	37	72	118	171	257	#
9	0.691609	30	73	118	235	257	#
10	0.691609	31	37	72	117	118	171	257	#
11	0.736703	11	118	231	258	#
12	0.736703	10	75	118	231	258	#
13	0.736703	11	80	98	131	258	#
14	0.736703	10	75	80	98	131	258	#
15	0.736703	11	53	54	98	131	258	#
16	1.18725	72	82	183	259	#
17	1.18725	30	109	176	239	248	259	#
18	1.18725	30	81	109	124	176	239	259	#
19	1.18725	30	73	82	183	259	#
20	1.18725	14	15	30	176	239	248	259	#
21	0.245468	100	184	260	#
22	0.245468	47	100	115	260	#
23	0.725835	77	79	91	121	233	#
24	0.861741	59	84	193	213	261	#
25	0.861741	59	83	123	193	213	261	#
26	0.861741	39	40	84	193	213	261	#
27	0.861741	39	40	83	123	193	213	261	#
28	0.861741	59	84	111	121	187	213	261	#
29	0.818684	21	224	262	#
30	0.818684	20	88	224	262	#
31	0.658093	16	185	189	263	#
32	0.658093	60	206	263	#
33	0.658093	22	60	160	263	#
34	0.658093	22	65	164	230	263	#
35	0.658093	22	79	91	92	164	263	#
36	0.724741	67	72	117	172	264	#
37	0.724741	6	7	72	117	172	264	#
38	0.724741	31	67	73	172	264	#
39	0.724741	30	31	67	72	172	264	#
40	0.724741	6	7	31	73	172	264	#
41	0.847315	74	120	145	265	#
42	0.847315	55	56	74	145	265	#
43	0.847315	65	66	120	145	265	#
44	0.847315	55	56	65	66	145	265	#
45	0.847315	17	24	164	212	265	#
46	0.855485	70	207	266	#
47	0.855485	109	234	266	#
48	0.855485	71	85	207	266	#
49	0.855485	14	15	234	266	#
50	0.855485	47	170	216	239	266	#
51	0.5866	13	38	56	58	66	149	#
52	0.978554	16	45	97	108	156	169	185	267	#
53	0.978554	16	35	36	45	97	156	169	185	267	#
54	0.978554	35	37	46	63	101	197	267	#
55	0.978554	45	53	108	156	242	245	267	#
56	0.978554	35	36	45	53	156	242	245	267	#
57	0.424206	115	216	#
58	1.04922	30	135	171	268	#
59	1.04922	31	117	135	171	268	#
60	1.04922	72	73	135	171	268	#
61	1.04922	30	51	104	176	177	268	#
62	1.04922	37	135	235	268	#
63	1.03104	93	131	147	269	#
64	1.03104	93	131	157	203	269	#
65	1.03104	67	72	93	117	118	172	203	269	#
66	1.03104	6	7	72	93	117	118	172	203	269	#
67	1.03104	31	67	73	93	118	172	203	269	#
68	0.123463	75	270	#
69	0.123463	10	11	270	#
70	0.331253	192	271	#
71	0.331253	37	38	66	114	271	#
72	0.331253	37	38	66	86	87	271	#
73	0.331253	37	38	65	74	114	271	#
74	0.331253	37	38	65	74	86	87	271	#
75	1.12433	4	22	97	108	126	169	247	272	#
76	1.12433	5	16	97	108	115	156	169	185	272	#
77	1.12433	4	22	35	36	97	126	169	247	272	#
78	1.12433	5	16	35	36	97	115	156	169	185	272	#
79	1.12433	5	35	197	205	272	#
80	0.929252	37	49	94	240	273	#
81	0.929252	37	50	93	240	273	#
82	0.929252	37	93	102	190	240	273	#
83	0.929252	37	38	66	93	185	212	237	273	#
84	0.929252	17	37	38	65	93	164	212	273	#
85	0.728506	60	238	274	#
86	0.728506	58	60	180	274	#
87	0.728506	13	58	60	223	274	#
88	0.747377	2	227	244	275	#
89	0.747377	2	99	244	253	275	#
90	0.747377	2	95	96	244	253	275	#
91	0.792587	47	78	119	170	216	276	#
92	0.792587	79	91	116	119	233	276	#
93	0.792587	0	1	47	78	170	216	276	#
94	0.857059	80	127	245	277	#
95	0.857059	53	54	127	245	277	#
96	0.705444	127	237	278	#
97	0.705444	43	120	127	278	#
98	0.705444	44	56	127	278	#
99	0.705444	43	55	56	127	278	#
100	0.705444	48	74	249	278	#
101	0.941822	5	13	56	66	138	149	279	#
102	0.941822	5	13	55	115	149	199	279	#
103	0.941822	5	13	38	56	66	149	205	279	#
104	0.941822	5	13	55	64	115	149	255	279	#
105	0.941822	5	13	56	65	74	138	149	279	#
106	0.776687	29	42	236	280	#
107	0.776687	29	41	83	236	280	#
108	1.02062	49	229	281	#
109	1.02062	40	49	208	281	#
110	1.02062	39	49	59	208	281	#
111	1.02062	39	49	87	144	213	281	#
112	1.02062	50	93	94	229	281	#
113	0.303273	170	#
114	0.784115	115	156	245	282	#
115	0.784115	47	156	184	245	282	#
116	0.83831	48	127	245	#
117	0.8247	49	94	116	119	153	173	#
118	0.628841	156	185	#
119	0.814174	76	105	128	384	#
120	0.809211	66	86	195	283	#
121	0.809211	65	74	86	195	283	#
122	0.892409	85	207	284	#
123	0.892409	70	71	207	284	#
124	0.892409	71	109	234	284	#
125	0.892409	33	34	207	284	#
126	0.892409	70	85	109	234	284	#
127	0.878361	13	210	285	#
128	0.878361	13	58	226	285	#
129	0.878361	12	107	210	285	#
130	0.878361	12	58	107	226	285	#
131	0.878361	13	26	157	174	252	285	#
132	0.802818	42	136	286	#
133	0.802818	41	83	136	286	#
134	0.802818	84	100	217	286	#
135	0.802818	83	100	123	217	286	#
136	0.802818	41	84	123	136	286	#
137	0.774954	57	58	71	107	140	287	#
138	0.774954	12	13	57	58	71	140	287	#
139	0.774954	57	71	78	238	287	#
140	0.774954	57	58	70	85	107	140	287	#
141	0.774954	12	13	57	58	70	85	140	287	#
142	1.05255	73	171	182	253	288	#
143	1.05255	30	72	171	182	253	288	#
144	1.05255	118	155	159	288	#
145	1.05255	31	72	117	171	182	253	288	#
146	1.05255	2	73	104	176	177	288	#
147	0.63836	2	37	182	253	289	#
148	0.63836	37	51	135	289	#
149	0.63836	47	63	64	101	161	289	#
150	0.63836	2	63	64	101	166	253	289	#
151	0.765746	12	76	163	#
152	0.601835	209	252	290	#
153	0.601835	16	80	97	98	252	290	#
154	0.601835	16	53	54	97	98	252	290	#
155	0.601835	17	22	80	97	98	252	290	#
156	0.601835	17	22	53	54	97	98	252	290	#
157	0.804274	16	36	86	97	169	185	237	291	#
158	0.804274	22	36	74	86	97	164	169	291	#
159	0.804274	16	36	43	86	97	120	169	185	291	#
160	0.804274	36	53	86	237	242	245	291	#
161	0.804274	16	36	44	56	86	97	169	185	291	#
162	1.00562	26	31	67	172	174	292	#
163	1.00562	6	7	26	31	172	174	292	#
164	1.00562	26	30	67	117	172	174	292	#
165	1.00562	6	7	26	30	117	172	174	292	#
166	1.00562	25	31	62	67	172	174	292	#
167	0.414496	38	66	86	213	293	#
168	0.414496	38	65	74	86	213	293	#
169	1.10096	196	220	294	#
170	1.10096	15	35	139	220	294	#
171	1.10096	14	35	109	139	220	294	#
172	1.10096	15	36	108	139	220	294	#
173	1.10096	14	36	108	109	139	220	294	#
174	0.609959	60	64	78	106	216	295	#
175	0.609959	37	38	63	65	91	92	101	105	295	#
176	0.695811	13	55	149	255	296	#
177	0.695811	63	101	107	251	296	#
178	0.695811	12	13	63	101	251	296	#
179	0.695811	13	37	38	56	63	66	101	149	296	#
180	0.695811	13	37	38	56	63	65	74	101	149	296	#
181	0.832309	73	104	176	297	#
182	0.832309	30	72	104	176	297	#
183	0.832309	31	72	104	117	176	297	#
184	0.832309	73	103	116	176	297	#
185	0.832309	30	72	103	116	176	297	#
186	0.255356	213	#
187	0.819765	63	64	200	298	#
188	0.819765	45	57	151	298	#
189	0.819765	45	46	63	200	298	#
190	0.819765	13	55	58	149	199	298	#
191	0.819765	13	55	58	64	149	255	298	#
192	0.370463	83	215	299	#
193	0.370463	59	84	86	213	299	#
194	0.370463	59	83	86	123	213	299	#
195	0.370463	39	40	84	86	213	299	#
196	0.370463	39	40	83	86	123	213	299	#
197	0.878211	22	97	126	247	300	#
198	0.878211	16	69	97	115	156	185	300	#
199	0.878211	22	68	97	121	173	247	300	#
200	0.878211	16	17	97	126	247	300	#
201	0.878211	16	47	69	97	156	184	185	300	#
202	1.12068	5	63	64	115	246	301	#
203	1.12068	5	28	45	115	151	301	#
204	1.12068	5	28	57	63	64	115	200	301	#
205	1.12068	5	29	32	80	115	156	245	301	#
206	1.12068	4	63	64	69	115	246	301	#
207	1.0074	17	91	92	102	164	212	302	#
208	1.0074	74	91	92	102	185	212	237	302	#
209	1.0074	43	74	91	92	102	120	185	212	302	#
210	1.0074	38	65	91	92	190	240	302	#
211	1.0074	74	86	91	92	198	302	#
212	0.761976	38	66	83	182	215	303	#
213	0.761976	59	84	95	186	303	#
214	0.761976	59	83	95	123	186	303	#
215	0.761976	39	40	84	95	186	303	#
216	0.761976	39	40	83	95	123	186	303	#
217	0.958742	31	110	171	205	304	#
218	0.958742	123	132	158	304	#
219	0.958742	30	110	117	171	205	304	#
220	0.958742	31	68	69	171	205	304	#
221	0.958742	83	84	132	158	304	#
222	0.104517	62	#
223	0.959049	23	37	101	190	240	305	#
224	0.959049	24	37	50	101	240	305	#
225	0.959049	23	37	50	101	102	240	305	#
226	0.959049	37	38	66	101	120	145	305	#
227	0.959049	37	38	55	56	66	101	145	305	#
228	0.617597	50	168	#
229	0.84907	48	82	88	202	#
230	0.54688	37	38	65	164	306	#
231	0.54688	37	38	66	74	164	306	#
232	0.774954	57	58	71	107	140	307	#
233	0.774954	12	13	57	58	71	140	307	#
234	0.774954	57	71	78	238	307	#
235	0.774954	57	58	70	85	107	140	307	#
236	0.774954	12	13	57	58	70	85	140	307	#
237	0.206035	237	308	#
238	0.206035	43	120	308	#
239	0.206035	44	56	308	#
240	0.206035	43	55	56	308	#
241	0.158664	0	116	#
242	0.494168	39	118	148	213	#
243	0.886921	3	159	309	#
244	0.886921	2	51	159	309	#
245	0.0702676	103	#
246	0.754562	63	72	101	235	310	#
247	0.754562	37	63	73	101	171	310	#
248	0.754562	30	37	63	72	101	171	310	#
249	0.754562	30	63	73	101	235	310	#
250	0.754562	31	37	63	72	101	117	171	310	#
251	0.457457	38	65	95	182	#
252	0.655273	91	92	105	164	#
253	1.08111	27	109	130	196	311	#
254	1.08111	14	27	35	130	139	311	#
255	0.38527	78	216	#
256	0.474918	109	124	239	312	#
257	0.474918	14	15	124	239	312	#
258	0.672452	111	116	119	121	153	313	#
259	0.672452	76	77	116	119	121	153	313	#
260	0.672452	0	1	111	116	121	153	313	#
261	0.672452	0	1	76	77	116	121	153	313	#
262	0.672452	103	104	111	119	121	153	313	#
263	1.05036	33	49	71	94	141	314	#
264	1.05036	34	49	70	94	141	314	#
265	1.05036	33	49	70	85	94	141	314	#
266	1.05036	33	50	71	93	141	314	#
267	1.05036	34	50	70	93	141	314	#
268	0.991504	63	64	115	194	315	#
269	0.991504	45	46	63	115	194	315	#
270	0.809271	22	29	32	97	98	247	#
271	0.529368	115	199	316	#
272	0.529368	64	115	255	316	#
273	0.529368	43	115	156	316	#
274	0.529368	47	184	199	316	#
275	0.529368	66	120	138	316	#
276	0.673267	38	135	317	#
277	0.673267	3	38	182	253	317	#
278	0.673267	2	38	51	182	253	317	#
279	0.647169	60	160	318	#
280	0.647169	65	164	230	318	#
281	0.647169	79	91	92	164	318	#
282	0.647169	60	61	91	92	164	318	#
283	0.647169	17	185	189	318	#
284	0.322233	216	#
285	1.1072	8	250	319	#
286	1.1072	59	84	213	254	319	#
287	1.1072	59	83	123	213	254	319	#
288	1.1072	39	40	84	213	254	319	#
289	1.1072	39	40	83	123	213	254	319	#
290	1.14153	8	13	44	48	127	149	320	#
291	1.14153	8	13	43	48	55	127	149	320	#
292	1.14153	8	13	56	74	149	249	320	#
293	0.911285	3	12	159	321	#
294	0.911285	2	12	51	159	321	#
295	0.911285	38	56	66	135	149	321	#
296	0.911285	3	13	107	159	321	#
297	0.911285	2	13	51	107	159	321	#
298	1.06399	62	195	213	322	#
299	1.06399	25	26	195	213	322	#
300	1.06399	26	59	222	322	#
301	1.06399	26	39	40	222	322	#
302	1.06399	25	59	62	222	322	#
303	1.02754	250	323	#
304	1.02754	74	83	215	249	323	#
305	1.02754	59	74	84	86	213	249	323	#
306	1.02754	59	74	83	86	123	213	249	323	#
307	1.02754	39	40	74	84	86	213	249	323	#
308	0.935573	31	67	172	203	324	#
309	0.935573	6	7	31	172	203	324	#
310	0.935573	30	67	117	172	203	324	#
311	0.935573	6	7	30	117	172	203	324	#
312	0.935573	16	30	212	219	324	#
313	0.705444	127	237	325	#
314	0.705444	43	120	127	325	#
315	0.705444	44	56	127	325	#
316	0.705444	43	55	56	127	325	#
317	0.705444	48	74	249	325	#
318	0.0450497	2	#
319	0.68975	16	43	97	169	185	326	#
320	0.68975	43	53	242	245	326	#
321	0.68975	16	44	55	97	169	185	326	#
322	0.68975	17	22	43	97	169	185	326	#
323	1.16892	109	176	239	248	327	#
324	1.16892	81	109	124	176	239	327	#
325	1.16892	73	82	183	327	#
326	1.16892	30	72	82	183	327	#
327	1.16892	14	15	176	239	248	327	#
328	0.773574	33	71	78	79	118	175	328	#
329	0.773574	34	70	78	79	118	175	328	#
330	0.773574	33	70	78	79	85	118	175	328	#
331	0.680596	0	165	170	184	329	#
332	0.680596	110	165	214	329	#
333	0.680596	0	110	116	165	173	329	#
334	0.680596	68	69	165	214	329	#
335	0.680596	0	47	115	165	170	329	#
336	1.01265	18	44	127	149	330	#
337	1.01265	18	43	55	127	149	330	#
338	1.01265	19	44	48	127	149	330	#
339	1.01265	19	43	48	55	127	149	330	#
340	0.60121	47	178	331	#
341	0.60121	47	63	64	101	192	331	#
342	0.60121	37	38	47	63	64	66	101	114	331	#
343	0.60121	37	38	47	63	64	66	86	87	101	331	#
344	0.60121	45	46	47	63	101	192	331	#
345	0.904126	6	45	69	115	191	#
346	0.819573	45	80	156	245	332	#
347	0.819573	45	53	54	156	245	332	#
348	0.819573	16	45	97	98	156	185	332	#
349	0.819573	43	46	80	245	255	332	#
350	0.819573	43	46	53	54	245	255	332	#
351	0.244924	71	78	79	#
352	0.842477	6	11	72	117	118	172	333	#
353	0.842477	6	11	31	73	118	172	333	#
354	0.842477	6	11	30	31	72	118	172	333	#
355	0.842477	6	10	72	75	117	118	172	333	#
356	0.842477	6	10	31	73	75	118	172	333	#
357	0.584029	47	51	64	161	334	#
358	0.584029	3	64	166	253	334	#
359	0.584029	2	51	64	166	253	334	#
360	0.80303	74	120	145	335	#
361	0.80303	55	56	74	145	335	#
362	0.80303	65	66	120	145	335	#
363	0.141999	82	#
364	0.984973	63	64	69	115	200	336	#
365	0.984973	45	57	69	115	151	336	#
366	0.984973	45	46	63	69	115	200	336	#
367	0.984973	47	63	64	69	184	200	336	#
368	0.984973	13	56	58	66	69	138	149	336	#
369	1.02462	22	91	92	97	105	164	169	337	#
370	1.02462	97	106	169	206	337	#
371	1.02462	22	97	106	160	169	337	#
372	1.02462	16	17	91	92	97	105	164	169	337	#
373	1.02462	16	74	91	92	97	105	169	185	237	337	#
374	0.534847	46	63	101	192	338	#
375	0.534847	45	178	338	#
376	0.534847	37	38	46	63	66	101	114	338	#
377	0.534847	37	38	46	63	66	86	87	101	338	#
378	0.900758	8	249	339	#
379	0.900758	9	232	339	#
380	0.900758	8	48	74	127	237	339	#
381	0.900758	8	43	48	74	120	127	339	#
382	0.900758	8	44	48	56	74	127	339	#
383	0.591908	28	57	58	220	340	#
384	0.591908	36	53	242	252	340	#
385	0.591908	107	218	340	#
386	0.591908	12	13	218	340	#
387	0.591908	35	53	108	242	252	340	#
388	0.644016	16	44	97	169	185	341	#
389	0.644016	16	43	55	97	169	185	341	#
390	1.15706	13	44	48	58	127	149	342	#
391	1.15706	13	43	48	55	58	127	149	342	#
392	1.15706	13	56	58	74	149	249	342	#
393	1.15706	27	28	57	211	342	#
394	1.15706	13	56	58	65	66	149	249	342	#
395	0.836886	88	117	134	343	#
396	0.836886	30	31	88	134	343	#
397	0.836886	31	72	73	88	134	343	#
398	0.836886	20	21	117	134	343	#
399	0.836886	20	21	30	31	134	343	#
400	0.625616	13	44	89	90	149	344	#
401	0.625616	13	43	55	89	90	149	344	#
402	0.754604	30	104	176	#
403	0.674937	236	#
404	0.803479	6	72	117	118	172	345	#
405	0.803479	6	31	73	118	172	345	#
406	0.803479	6	30	31	72	118	172	345	#
407	0.803479	6	30	73	117	118	172	345	#
408	0.959439	74	92	120	145	346	#
409	0.959439	55	56	74	92	145	346	#
410	0.959439	65	66	92	120	145	346	#
411	0.959439	55	56	65	66	92	145	346	#
412	0.959439	17	24	92	164	212	346	#
413	0.783651	49	57	58	168	347	#
414	0.783651	49	50	147	252	347	#
415	0.631461	52	188	348	#
416	0.631461	52	74	143	348	#
417	0.130874	75	349	#
418	0.130874	10	11	349	#
419	0.818364	37	38	66	120	162	350	#
420	0.818364	72	75	112	118	235	350	#
421	0.818364	37	38	55	56	66	162	350	#
422	0.818364	11	72	113	118	235	350	#
423	0.818364	10	11	72	112	118	235	350	#
424	0.751917	100	217	351	#
425	0.751917	41	123	136	351	#
426	0.751917	42	84	136	351	#
427	0.751917	42	83	123	136	351	#
428	0.751917	41	83	84	136	351	#
429	0.829956	86	93	185	212	237	352	#
430	0.829956	93	102	198	352	#
431	0.829956	43	86	93	120	185	212	352	#
432	0.829956	49	87	94	144	352	#
433	0.829956	44	56	86	93	185	212	352	#
434	0.70869	53	157	174	353	#
435	0.70869	54	80	157	174	353	#
436	1.12865	59	109	124	137	213	354	#
437	1.12865	39	40	109	124	137	213	354	#
438	1.12865	14	15	59	124	137	213	354	#
439	1.12865	14	15	39	40	124	137	213	354	#
440	1.12865	59	74	81	86	213	232	354	#
441	0.488452	181	355	#
442	0.488452	166	216	355	#
443	0.643115	16	43	97	169	185	356	#
444	0.643115	43	53	242	245	356	#
445	0.90949	15	23	142	248	357	#
446	0.90949	15	23	81	124	142	357	#
447	0.90949	14	23	109	142	248	357	#
448	0.90949	14	23	81	109	124	142	357	#
449	0.90949	15	24	102	142	248	357	#
450	0.0232901	14	#
451	0.953864	10	63	64	194	358	#
452	0.953864	10	45	46	63	194	358	#
453	0.953864	63	64	72	75	101	118	235	358	#
454	0.953864	10	11	63	64	72	101	118	235	358	#
455	0.953864	47	75	100	167	358	#
456	0.790228	152	359	#
457	0.790228	3	71	181	253	359	#
458	0.790228	2	51	71	181	253	359	#
459	0.790228	3	70	85	181	253	359	#
460	0.790228	2	51	70	85	181	253	359	#
461	0.750189	2	38	66	86	182	253	360	#
462	0.750189	103	177	187	360	#
463	0.750189	38	51	66	86	135	360	#
464	0.750189	2	38	65	74	86	182	253	360	#
465	0.311323	39	213	361	#
466	0.311323	40	59	213	361	#
467	0.783935	2	227	244	362	#
468	0.783935	2	99	244	253	362	#
469	0.783935	2	95	96	244	253	362	#
470	0.783935	3	51	227	244	362	#
471	0.783935	3	51	99	244	253	362	#
472	0.638068	38	66	135	363	#
473	0.638068	38	65	74	135	363	#
474	0.0320983	57	#
475	0.980485	16	97	108	169	185	189	364	#
476	0.980485	16	35	36	97	169	185	189	364	#
477	0.980485	60	97	108	169	206	364	#
478	0.980485	22	60	97	108	160	169	364	#
479	0.980485	35	36	60	97	169	206	364	#
480	0.754011	62	166	243	253	365	#
481	0.754011	25	26	166	243	253	365	#
482	0.754011	47	62	100	227	243	365	#
483	0.754011	47	62	99	100	243	253	365	#
484	0.754011	25	26	47	100	227	243	365	#
485	0.663373	59	201	366	#
486	0.663373	39	40	201	366	#
487	0.663373	59	86	185	213	237	366	#
488	0.663373	39	40	86	185	213	237	366	#
489	0.908884	23	37	190	240	367	#
490	0.908884	24	37	50	240	367	#
491	0.908884	23	37	50	102	240	367	#
492	0.908884	37	38	66	120	145	367	#
493	0.908884	37	38	55	56	66	145	367	#
494	0.783411	24	185	212	368	#
495	0.783411	23	102	185	212	368	#
496	0.783411	43	145	368	#
497	0.783411	23	50	185	190	212	368	#
498	0.783411	93	154	185	212	368	#
499	0.894091	14	86	137	369	#
500	0.894091	14	86	116	187	239	369	#
501	0.894091	15	86	109	137	369	#
502	0.384121	37	182	#
503	1.30532	75	118	183	370	#
504	1.30532	10	11	118	183	370	#
505	1.30532	43	112	127	162	370	#
506	1.30532	10	43	113	127	162	370	#
507	1.30532	39	75	86	118	127	148	213	237	370	#
508	1.1581	52	241	371	#
509	1.1581	22	97	143	164	169	371	#
510	1.1581	108	228	371	#
511	1.1581	35	36	228	371	#
512	1.1581	16	97	115	156	165	169	185	371	#
513	0.775125	37	240	#
514	0.895189	130	202	#
515	0.85884	74	81	232	372	#
516	0.85884	81	82	127	237	372	#
517	0.85884	65	66	81	232	372	#
518	0.85884	43	81	82	120	127	372	#
519	0.85884	44	56	81	82	127	372	#
520	1.0121	118	129	373	#
521	1.0121	69	73	118	171	205	373	#
522	1.0121	30	69	72	118	171	205	373	#
523	1.0121	69	100	167	184	373	#
524	1.0121	63	64	69	72	101	115	118	235	373	#
525	1.04775	5	13	56	66	90	138	149	374	#
526	1.04775	5	13	55	90	115	149	199	374	#
527	1.04775	5	13	38	56	66	90	149	205	374	#
528	1.04775	5	65	138	146	374	#
529	1.04775	5	38	65	146	205	374	#
530	0.990353	16	36	47	97	156	169	185	375	#
531	0.990353	36	47	53	156	242	245	375	#
532	0.990353	125	161	375	#
533	0.990353	16	35	47	97	108	156	169	185	375	#
534	0.990353	37	47	63	64	101	197	375	#
535	1.06147	49	71	141	376	#
536	1.06147	49	70	85	141	376	#
537	1.06147	33	34	49	70	141	376	#
538	1.06147	50	71	93	94	141	376	#
539	1.06147	49	71	204	216	376	#
540	0.727355	16	97	185	189	377	#
541	0.727355	60	97	206	377	#
542	0.727355	22	60	97	160	377	#
543	0.727355	22	65	97	164	230	377	#
544	0.727355	22	79	91	92	97	164	377	#
545	0.876875	86	109	137	378	#
546	0.876875	14	15	86	137	378	#
547	0.876875	86	109	116	187	239	378	#
548	0.652299	11	80	131	379	#
549	0.652299	10	75	80	131	379	#
550	1.02674	88	133	380	#
551	1.02674	20	21	133	380	#
552	1.02674	72	75	112	117	118	134	380	#
553	1.02674	31	73	75	112	118	134	380	#
554	1.02674	30	31	72	75	112	118	134	380	#
555	0.625705	47	63	64	161	381	#
556	0.625705	2	63	64	166	253	381	#
557	0.625705	2	47	63	64	100	227	381	#
558	0.625705	2	47	63	64	99	100	253	381	#
559	0.625705	2	37	101	182	253	381	#
560	1.02684	44	127	221	382	#
561	1.02684	43	55	127	221	382	#
562	1.02684	127	215	237	382	#
563	1.02684	43	120	127	215	382	#
564	0.814174	77	91	105	121	233	384	#
565	0.508382	47	51	161	383	#
566	0.508382	3	166	253	383	#
567	0.508382	2	51	166	253	383	#
568	0.508382	3	47	100	227	383	#
569	0.508382	2	47	51	100	227	383	#
570	0.814174	150	384	#
571	0.749815	39	45	115	179	385	#
572	0.749815	39	66	86	138	213	385	#
573	0.749815	38	39	66	86	205	213	385	#
574	0.749815	39	65	74	86	138	213	385	#
575	0.749815	38	39	65	74	86	205	213	385	#
576	0.915745	17	92	102	164	212	386	#
577	0.915745	74	92	102	185	212	237	386	#
578	0.915745	43	74	92	102	120	185	212	386	#
579	0.915745	38	65	92	190	240	386	#
580	0.915745	74	86	92	198	386	#
581	0.381953	55	149	#
582	1.00583	13	38	56	66	89	90	149	182	387	#
583	1.00583	38	65	89	146	182	387	#
584	1.00583	13	38	56	58	66	122	149	182	387	#
585	0.7006	54	98	97	22	247	111	388	#
586	0.7006	54	98	97	22	247	77	76	388	#
587	0.7006	53	80	98	97	22	247	111	388	#
588	0.7006	53	80	98	97	22	247	77	76	388	#
589	0.349369	36	220	#
590	0.192216	9	#
591	0.546981	83	215	66	38	37	389	#
592	0.546981	84	59	213	86	66	38	37	389	#
593	0.546981	83	123	59	213	86	66	38	37	389	#
594	0.546981	84	40	39	213	86	66	38	37	389	#
595	0.546981	83	123	40	39	213	86	66	38	37	389	#
596	0.738675	121	233	91	390	#
597	0.738675	111	128	390	#
598	0.738675	77	76	128	390	#
599	0.435853	170	119	391	#
600	0.435853	170	0	1	391	#
601	0.632066	220	28	57	122	89	#
602	0.345263	245	53	#
603	1.03048	227	136	392	#
604	1.03048	253	99	136	392	#
605	1.03048	253	95	96	136	392	#
606	1.03048	253	182	38	66	215	41	392	#
607	1.03048	253	182	38	66	215	83	42	392	#
608	0.761976	83	215	66	38	182	393	#
609	0.761976	84	59	186	95	393	#
610	0.761976	83	123	59	186	95	393	#
611	0.761976	84	40	39	186	95	393	#
612	0.761976	83	123	40	39	186	95	393	#
613	0.448916	13	252	80	98	#
614	0.986477	11	118	73	176	116	394	#
615	0.986477	11	118	72	30	176	116	394	#
616	0.986477	10	75	118	73	176	116	394	#
617	0.986477	10	75	118	72	30	176	116	394	#
618	0.986477	11	118	72	117	31	176	116	394	#
619	0.780351	13	149	55	199	47	395	#
620	0.780351	13	149	55	255	64	47	395	#
621	0.723464	84	59	179	45	396	#
622	0.723464	83	123	59	179	45	396	#
623	0.723464	84	40	39	179	45	396	#
624	0.723464	83	123	40	39	179	45	396	#
625	0.723464	84	217	47	396	#
626	0.925915	154	153	119	116	173	397	#
627	0.925915	24	93	153	119	116	173	397	#
628	0.925915	23	102	93	153	119	116	173	397	#
629	0.925915	154	153	1	214	397	#
630	0.925915	24	93	153	1	214	397	#
631	0.889758	60	189	245	80	32	398	#
632	0.889758	206	97	98	32	398	#
633	0.889758	160	22	97	98	32	398	#
634	0.889758	60	238	57	28	29	398	#
635	0.889758	60	189	245	53	54	32	398	#
636	0.268752	45	115	5	#
637	0.559376	69	115	216	70	399	#
638	0.559376	69	115	216	71	85	399	#
639	0.559376	69	184	47	216	70	399	#
640	0.581897	227	243	400	#
641	0.581897	99	253	243	400	#
642	0.581897	96	95	253	243	400	#
643	1.15784	162	43	127	#
644	1.0691	141	71	33	401	#
645	1.0691	141	70	34	401	#
646	1.0691	141	70	85	33	401	#
647	1.0691	141	71	85	34	401	#
648	0.919625	75	118	73	176	402	#
649	0.919625	75	118	72	30	176	402	#
650	0.919625	10	11	118	73	176	402	#
651	0.919625	10	11	118	72	30	176	402	#
652	0.919625	75	118	72	117	31	176	402	#
653	0.957203	190	240	37	101	403	#
654	0.957203	102	50	240	37	101	403	#
655	0.957203	102	93	94	49	240	37	101	403	#
656	0.957203	102	212	185	237	66	38	37	101	403	#
657	0.957203	190	204	64	63	403	#
658	1.06508	249	92	91	105	404	#
659	1.06508	249	92	91	61	106	404	#
660	1.06508	249	65	230	60	106	404	#
661	1.06508	249	92	91	79	60	106	404	#
662	1.06508	48	127	237	74	92	91	105	404	#
663	0.997366	57	226	243	405	#
664	0.997366	57	58	107	159	405	#
665	0.997366	57	58	13	12	159	405	#
666	0.938164	69	205	171	30	406	#
667	0.938164	69	115	64	63	101	235	406	#
668	0.938164	129	72	406	#
669	0.938164	69	205	171	31	117	406	#
670	0.938164	69	115	64	63	101	37	171	30	406	#
671	1.03157	127	44	221	407	#
672	1.03157	127	43	55	221	407	#
673	1.03157	127	237	215	407	#
674	1.03157	127	43	120	215	407	#
675	0.701305	142	#
676	0.444111	130	27	#
677	0.765108	44	127	408	#
678	0.765108	55	43	127	408	#
679	0.765108	56	237	127	408	#
680	0.765108	56	120	43	127	408	#
681	0.765108	56	74	249	48	408	#
682	1.12079	149	44	127	48	8	409	#
683	1.12079	149	55	43	127	48	8	409	#
684	1.12079	149	56	74	249	8	409	#
685	1.12079	149	56	66	65	249	8	409	#
686	1.12079	149	44	127	82	9	409	#
687	0.919576	67	172	132	41	410	#
688	0.919576	67	172	132	83	42	410	#
689	0.919576	7	6	172	132	41	410	#
690	0.919576	7	6	172	132	83	42	410	#
691	0.910182	115	64	63	200	411	#
692	0.910182	115	45	151	57	411	#
693	0.910182	115	45	46	63	200	411	#
694	0.910182	184	47	64	63	200	411	#
695	0.910182	138	66	56	149	13	58	411	#
696	0.404669	24	203	7	412	#
697	0.404669	23	102	203	7	412	#
698	0.404669	24	203	67	6	412	#
699	0.404669	23	102	203	67	6	412	#
700	0.548164	13	252	209	#
701	1.09153	94	49	208	123	41	413	#
702	1.09153	94	49	208	84	42	413	#
703	1.09153	94	49	208	123	83	42	413	#
704	1.09153	94	49	208	84	83	41	413	#
705	1.09153	94	49	229	40	123	41	413	#
706	0.665017	123	41	236	414	#
707	0.665017	84	42	236	414	#
708	0.665017	123	83	42	236	414	#
709	0.665017	84	83	41	236	414	#
710	0.417891	55	149	13	#
711	0.868934	94	49	144	415	#
712	0.868934	93	50	144	415	#
713	0.868934	93	212	185	237	114	415	#
714	0.868934	93	212	185	237	86	87	415	#
715	0.909246	229	39	416	#
716	0.909246	208	59	416	#
717	0.909246	208	40	39	416	#
718	0.909246	229	40	59	416	#
719	0.909246	144	87	213	416	#
720	1.18725	72	183	82	417	#
721	1.18725	30	176	239	109	248	417	#
722	1.18725	30	176	239	109	124	81	417	#
723	1.18725	30	73	183	82	417	#
724	1.18725	30	176	239	14	15	248	417	#
725	0.516698	149	56	66	38	418	#
726	0.516698	149	56	74	65	38	418	#
727	0.516698	149	55	120	66	38	418	#
728	0.516698	149	55	120	74	65	38	418	#
729	0.516698	12	251	37	418	#
730	0.8032	6	172	132	83	#
731	0.724465	33	71	78	79	175	419	#
732	0.724465	34	70	78	79	175	419	#
733	0.724465	33	85	70	78	79	175	419	#
734	0.724465	33	71	78	60	61	175	419	#
735	0.724465	34	70	78	60	61	175	419	#
736	0.443814	97	98	80	252	#
737	0.76964	194	420	#
738	0.76964	101	235	72	118	11	420	#
739	0.76964	101	235	72	118	75	10	420	#
740	0.105687	59	123	421	#
741	0.105687	39	40	123	421	#
742	0.892477	108	169	97	22	164	92	422	#
743	0.892477	35	36	169	97	22	164	92	422	#
744	0.892477	108	169	97	16	17	164	92	422	#
745	0.892477	35	36	169	97	16	17	164	92	422	#
746	0.892477	108	169	97	16	185	237	74	92	422	#
747	1.0307	33	225	81	82	#
748	0.368882	86	213	39	423	#
749	0.368882	86	213	59	40	423	#
750	0.927094	207	70	78	60	424	#
751	0.927094	109	234	78	60	424	#
752	0.631053	169	97	16	185	425	#
753	0.631053	242	53	245	425	#
754	0.631053	169	97	22	17	185	425	#
755	0.631053	169	98	80	245	425	#
756	0.631053	169	98	54	53	245	425	#
757	0.636162	69	138	66	86	426	#
758	0.636162	69	205	38	66	86	426	#
759	0.636162	69	138	65	74	86	426	#
760	0.636162	69	205	38	65	74	86	426	#
761	0.636162	69	115	64	63	101	37	38	66	86	426	#
762	0.999947	49	208	427	#
763	0.999947	49	229	40	427	#
764	0.999947	49	229	39	59	427	#
765	0.999947	49	144	87	213	59	427	#
766	0.999947	49	144	87	213	39	40	427	#
767	0.713644	80	131	75	428	#
768	0.713644	80	131	11	10	428	#
769	0.713644	54	53	131	75	428	#
770	0.713644	54	53	131	11	10	428	#
771	0.842493	6	172	117	72	118	75	429	#
772	0.842493	6	172	31	73	118	75	429	#
773	0.842493	6	172	31	30	72	118	75	429	#
774	0.842493	6	172	117	72	118	11	10	429	#
775	0.842493	6	172	31	73	118	11	10	429	#
776	0.872747	74	86	137	430	#
777	0.872747	249	130	430	#
778	0.872747	65	66	86	137	430	#
779	0.872747	74	86	187	116	239	430	#
780	1.13841	20	52	143	146	#
781	0.828676	121	247	22	97	169	108	431	#
782	0.828676	121	247	22	97	169	36	35	431	#
783	0.818752	158	59	432	#
784	0.818752	158	40	39	432	#
785	0.818752	110	115	45	179	432	#
786	0.818752	110	138	66	86	213	432	#
787	0.818752	110	205	38	66	86	213	432	#
788	0.282649	108	169	433	#
789	0.282649	35	36	169	433	#
790	1.31332	211	434	#
791	1.31332	29	32	80	245	127	48	27	434	#
792	1.31332	29	32	54	53	245	127	48	27	434	#
793	0.150201	118	72	435	#
794	0.150201	118	73	30	435	#
795	0.408717	248	9	436	#
796	0.408717	124	81	9	436	#
797	0.408717	109	130	8	436	#
798	0.408717	15	14	130	8	436	#
799	0.995579	102	142	14	130	27	#
800	1.19454	112	75	131	157	174	437	#
801	1.19454	112	75	118	72	117	172	67	174	437	#
802	1.19454	112	75	118	72	117	172	6	7	174	437	#
803	1.19454	112	75	118	73	31	172	67	174	437	#
804	1.19454	112	75	118	72	30	31	172	67	174	437	#
805	1.2783	72	183	48	8	438	#
806	1.2783	30	73	183	48	8	438	#
807	1.2783	72	148	39	213	254	438	#
808	1.2783	117	31	73	183	48	8	438	#
809	1.2783	30	176	239	130	8	438	#
810	0.798613	163	77	439	#
811	0.798613	163	76	111	439	#
812	0.53122	30	171	440	#
813	0.53122	117	31	171	440	#
814	1.02234	196	248	82	18	441	#
815	1.02234	196	124	81	82	18	441	#
816	1.02234	196	109	130	19	441	#
817	1.02234	35	139	14	130	19	441	#
818	0.89957	254	442	#
819	0.89957	8	249	74	86	442	#
820	0.89957	8	249	65	66	86	442	#
821	0.89957	8	48	127	237	86	442	#
822	0.114491	63	#
823	0.858276	172	6	443	#
824	0.858276	172	67	7	443	#
825	0.758884	112	75	131	444	#
826	0.758884	113	11	131	444	#
827	0.758884	112	10	11	131	444	#
828	0.758884	113	10	75	131	444	#
829	0.16678	109	124	#
830	0.195589	31	132	83	#
831	1.1597	52	143	146	445	#
832	1.1597	52	188	56	149	13	90	445	#
833	1.1597	52	143	74	56	149	13	90	445	#
834	1.1597	52	143	65	66	56	149	13	90	445	#
835	1.1597	52	188	120	55	149	13	90	445	#
836	0.0200817	88	#
837	0.948336	130	14	142	23	446	#
838	0.948336	130	109	15	142	23	446	#
839	0.948336	130	14	142	102	24	446	#
840	0.948336	48	82	248	15	142	23	446	#
841	0.948336	48	82	81	124	15	142	23	446	#
842	0.788369	249	19	447	#
843	0.788369	249	48	18	447	#
844	0.788369	74	237	127	18	447	#
845	0.195184	29	#
846	0.822354	152	33	448	#
847	0.822354	152	85	34	448	#
848	0.841369	77	247	22	97	169	108	449	#
849	0.841369	77	247	22	97	169	36	35	449	#
850	0.841369	76	111	247	22	97	169	108	449	#
851	0.841369	76	111	247	22	97	169	36	35	449	#
852	0.841369	77	247	17	16	97	169	108	449	#
853	0.899019	232	74	114	450	#
854	0.899019	232	74	86	87	450	#
855	0.899019	82	127	237	114	450	#
856	0.899019	82	127	237	86	87	450	#
857	0.634179	74	56	149	13	58	57	451	#
858	0.634179	65	66	56	149	13	58	57	451	#
859	0.634179	74	120	55	149	13	58	57	451	#
860	0.751668	126	69	165	52	452	#
861	0.751668	121	173	110	165	52	452	#
862	0.751668	121	173	68	69	165	52	452	#
863	0.937304	12	149	56	188	453	#
864	0.937304	12	149	56	74	143	453	#
865	0.937304	12	149	56	66	65	143	453	#
866	0.937304	12	149	55	120	188	453	#
867	0.937304	12	149	55	120	74	143	453	#
868	0.548475	115	216	78	79	#
869	0.201539	80	32	#
870	0.685094	59	179	45	454	#
871	0.685094	40	39	179	45	454	#
872	0.685094	217	47	454	#
873	0.723424	191	7	455	#
874	0.723424	191	6	67	455	#
875	0.920483	93	203	67	172	456	#
876	0.920483	93	203	7	6	172	456	#
877	0.974999	243	226	122	457	#
878	0.974999	159	107	90	89	457	#
879	0.974999	159	12	13	90	89	457	#
880	0.974999	159	107	58	122	457	#
881	0.974999	159	12	13	58	122	457	#
882	0.886401	50	204	45	458	#
883	0.886401	93	153	119	170	47	45	458	#
884	0.886401	203	7	191	458	#
885	0.886401	93	153	1	0	170	47	45	458	#
886	0.886401	203	67	6	191	458	#
887	1.2706	73	183	48	8	459	#
888	1.2706	30	72	183	48	8	459	#
889	1.2706	31	117	72	183	48	8	459	#
890	1.2706	176	239	130	8	459	#
891	1.2706	73	148	39	213	254	459	#
892	1.16667	5	115	199	162	460	#
893	1.16667	5	115	64	255	162	460	#
894	1.16667	5	115	64	63	194	113	460	#
895	1.16667	5	115	64	63	194	10	112	460	#
896	1.16667	4	69	115	199	162	460	#
897	0.905964	81	82	127	44	461	#
898	0.905964	81	82	127	43	55	461	#
899	0.905964	81	232	74	56	461	#
900	0.905964	81	82	127	237	56	461	#
901	0.905964	81	232	65	66	56	461	#
902	0.823867	143	164	#
903	0.706692	13	149	55	199	#
904	0.838474	144	#
905	0.33239	107	90	462	#
906	0.33239	12	13	90	462	#
907	0.772575	52	20	202	#
908	0.0894734	64	#
909	1.02062	49	229	463	#
910	1.02062	49	208	40	463	#
911	1.02062	49	208	59	39	463	#
912	1.02062	49	144	87	213	39	463	#
913	1.02062	94	93	50	229	463	#
914	1.18319	220	196	124	464	#
915	1.18319	220	35	139	15	124	464	#
916	1.18319	220	35	139	14	109	124	464	#
917	1.18319	220	196	248	81	464	#
918	1.18319	220	36	108	139	15	124	464	#
919	1.27018	162	43	127	465	#
920	1.27018	162	55	44	127	465	#
921	1.27018	112	75	118	183	465	#
922	1.27018	113	11	118	183	465	#
923	1.27018	112	10	11	118	183	465	#
924	0.876228	95	182	38	66	56	149	13	466	#
925	0.876228	95	182	38	65	74	56	149	13	466	#
926	0.876228	95	182	38	66	120	55	149	13	466	#
927	0.876228	95	182	37	251	107	466	#
928	0.876228	95	182	38	65	74	120	55	149	13	466	#
929	0.750724	86	66	38	182	253	2	467	#
930	0.750724	187	103	177	467	#
931	0.750724	86	66	38	135	51	467	#
932	0.750724	86	74	65	38	182	253	2	467	#
933	0.750724	86	74	65	38	135	51	467	#
934	1.07187	41	123	222	468	#
935	1.07187	42	84	222	468	#
936	1.07187	42	83	123	222	468	#
937	1.07187	41	83	84	222	468	#
938	1.07187	41	123	59	213	195	25	468	#
939	0.368861	27	130	14	#
940	0.75552	33	71	78	79	175	73	469	#
941	0.75552	33	71	78	79	175	72	30	469	#
942	0.75552	34	70	78	79	175	73	469	#
943	0.75552	34	70	78	79	175	72	30	469	#
944	0.75552	33	85	70	78	79	175	73	469	#
945	0.832113	207	109	470	#
946	0.832113	207	14	15	470	#
947	0.832113	70	234	470	#
948	0.862798	123	158	68	471	#
949	0.862798	123	217	184	69	471	#
950	0.862798	83	84	158	68	471	#
951	0.862798	215	66	138	69	471	#
952	0.862798	83	84	217	184	69	471	#
953	1.11947	121	116	176	73	118	75	112	472	#
954	1.11947	121	116	176	30	72	118	75	112	472	#
955	1.11947	121	116	176	73	118	11	113	472	#
956	1.11947	121	116	176	73	118	11	10	112	472	#
957	1.11947	121	116	176	30	72	118	11	113	472	#
958	0.792146	165	184	161	51	473	#
959	0.792146	165	184	100	227	3	473	#
960	0.792146	165	184	100	227	2	51	473	#
961	0.792146	165	115	47	161	51	473	#
962	0.792146	165	184	100	99	253	3	473	#
963	0.889758	32	80	245	189	60	474	#
964	0.889758	32	98	97	206	474	#
965	0.889758	32	98	97	22	160	474	#
966	0.889758	29	28	57	238	60	474	#
967	0.889758	32	54	53	245	189	60	474	#
968	0.94119	162	255	475	#
969	0.94119	113	194	63	475	#
970	0.94119	112	10	194	63	475	#
971	0.94119	162	120	66	38	37	101	63	475	#
972	0.94119	112	75	118	72	235	101	63	475	#
973	0.560139	109	239	104	476	#
974	0.560139	15	14	239	104	476	#
975	0.560139	109	239	116	103	476	#
976	0.560139	15	14	239	116	103	476	#
977	0.783018	153	119	116	173	477	#
978	0.783018	153	1	214	477	#
979	0.783018	153	1	0	116	173	477	#
980	0.783018	153	119	104	103	173	477	#
981	0.783018	153	1	0	104	103	173	477	#
982	0.724602	165	184	100	227	478	#
983	0.724602	165	184	100	99	253	478	#
984	0.724602	165	115	166	253	478	#
985	0.724602	165	184	100	96	95	253	478	#
986	0.724602	165	184	161	2	478	#
987	0.0549528	40	#
988	0.349572	36	242	479	#
989	0.349572	35	108	242	479	#
990	0.892876	185	43	162	480	#
991	0.892876	16	219	72	118	75	112	480	#
992	0.892876	185	44	55	162	480	#
993	0.892876	16	219	72	118	11	113	480	#
994	0.892876	16	219	72	118	11	10	112	480	#
995	0.351336	38	230	#
996	1.18848	75	131	147	24	481	#
997	1.18848	75	131	147	102	23	481	#
998	1.18848	10	11	131	147	24	481	#
999	1.18848	10	11	131	147	102	23	481	#
1000	1.18848	75	131	157	203	24	481	#
