%% File generated by CATS v.2.1Thu May  9 12:49:17 2024

%% The CATS webpage is http://robotics.stanford.edu/CATS

%% PARAMETER SETTINGS:
% Goods: 256; Bids: 1000; Distribution: paths; Runs: 1; Seed: 97
% Paths Distribution Parameters:
% Initial connections:       = 2
% Edge density:              = 3.000000
% Shipping cost factor:      = 1.500000
% Max bid set size:          = 5
% Building penalty:          = 1.700000



goods 256
bids 1000
dummy 477

0	1.29262	7	12	21	105	106	115	171	188	256	#
1	1.29262	6	12	21	73	105	106	115	171	188	256	#
2	1.29262	42	43	81	218	240	256	#
3	1.29262	12	13	21	115	171	189	247	256	#
4	1.29262	42	43	81	97	129	256	#
5	0.990345	64	95	104	123	140	215	257	#
6	0.990345	60	64	114	140	219	257	#
7	0.990345	20	60	64	104	140	219	257	#
8	0.990345	19	29	60	64	104	140	219	257	#
9	0.990345	64	108	198	242	257	#
10	0.795143	57	235	258	#
11	0.795143	44	238	244	258	#
12	0.795143	14	15	238	244	258	#
13	0.795143	11	173	238	258	#
14	0.795143	14	57	82	88	116	137	255	258	#
15	0.492092	16	18	96	120	#
16	1.08035	16	17	117	167	179	259	#
17	1.08035	15	16	17	18	96	116	117	124	167	259	#
18	1.08035	14	16	17	18	38	96	116	117	124	254	259	#
19	1.08035	118	154	167	259	#
20	1.08035	15	116	120	124	167	185	259	#
21	1.01346	2	7	29	160	228	260	#
22	1.01346	2	7	19	20	160	228	260	#
23	1.01346	2	6	29	73	160	228	260	#
24	1.01346	2	6	19	20	73	160	228	260	#
25	1.01346	3	7	29	160	206	260	#
26	0.928601	0	16	17	18	96	120	200	261	#
27	0.928601	7	123	142	160	261	#
28	0.928601	6	73	123	142	160	261	#
29	0.928601	0	117	185	200	261	#
30	0.928601	16	17	18	72	96	120	121	200	261	#
31	0.558217	117	123	214	262	#
32	0.558217	29	118	214	262	#
33	0.558217	19	20	118	214	262	#
34	0.558217	68	239	262	#
35	0.558217	19	104	114	118	214	262	#
36	0.358053	23	134	263	#
37	0.358053	69	158	263	#
38	0.358053	23	68	158	263	#
39	0.302268	22	248	#
40	0.894521	17	45	52	117	127	213	264	#
41	0.894521	45	51	117	201	213	264	#
42	0.894521	17	45	51	100	117	127	213	264	#
43	0.894521	45	52	100	117	201	213	264	#
44	0.894521	16	17	18	117	251	264	#
45	0.315762	15	63	265	#
46	0.315762	14	208	265	#
47	0.315762	14	44	63	265	#
48	0.570094	51	97	252	#
49	0.825805	7	10	105	106	125	266	#
50	0.825805	6	10	73	105	106	125	266	#
51	0.825805	7	10	42	125	145	266	#
52	0.825805	6	10	42	73	125	145	266	#
53	0.610011	88	124	166	255	267	#
54	0.610011	77	88	120	124	135	255	267	#
55	0.610011	82	168	267	#
56	0.610011	36	37	77	88	120	124	255	267	#
57	0.610011	88	112	113	120	124	135	255	267	#
58	0.512915	5	175	268	#
59	0.512915	4	49	175	268	#
60	0.512915	59	136	175	268	#
61	0.512915	48	58	136	175	268	#
62	0.512915	4	48	75	175	268	#
63	0.417822	131	248	269	#
64	0.417822	1	3	121	248	269	#
65	0.417822	1	2	66	121	248	269	#
66	0.417822	0	1	3	72	248	269	#
67	0.417822	0	1	2	66	72	248	269	#
68	0.488185	14	88	116	255	270	#
69	0.488185	44	89	255	270	#
70	0.488185	14	15	89	255	270	#
71	0.488185	15	44	88	116	255	270	#
72	0.775014	7	87	101	107	125	271	#
73	0.775014	7	10	11	87	107	125	271	#
74	0.775014	6	73	87	101	107	125	271	#
75	0.775014	6	10	11	73	87	107	125	271	#
76	1.19473	14	83	86	88	116	231	245	255	272	#
77	1.19473	40	83	86	150	202	272	#
78	1.19473	14	82	88	116	119	231	245	255	272	#
79	1.19473	44	83	86	89	231	245	255	272	#
80	1.19473	40	82	119	150	202	272	#
81	0.803062	52	189	213	273	#
82	0.803062	51	100	189	213	273	#
83	0.803062	51	73	105	106	109	133	213	273	#
84	0.0790745	75	#
85	0.775852	9	31	42	100	189	224	274	#
86	0.775852	8	23	31	42	100	189	224	274	#
87	0.775852	9	31	68	94	100	178	274	#
88	0.775852	8	31	69	94	100	178	274	#
89	0.775852	8	23	31	68	94	100	178	274	#
90	0.736048	6	14	116	120	124	169	#
91	0.804668	52	83	203	255	275	#
92	0.804668	51	83	100	203	255	275	#
93	0.804668	52	82	87	203	255	275	#
94	0.804668	51	82	87	100	203	255	275	#
95	0.804668	14	83	88	116	191	255	275	#
96	0.972725	7	87	101	105	106	107	125	276	#
97	0.972725	7	10	11	87	105	106	107	125	276	#
98	0.972725	6	73	87	101	105	106	107	125	276	#
99	0.972725	6	10	11	73	87	105	106	107	125	276	#
100	0.972725	7	86	101	105	106	107	119	125	276	#
101	0.620548	3	52	94	165	213	277	#
102	0.620548	2	52	66	94	165	213	277	#
103	0.620548	3	51	94	100	165	213	277	#
104	0.620548	2	51	66	94	100	165	213	277	#
105	0.566639	52	67	94	172	278	#
106	0.566639	52	102	189	278	#
107	0.566639	51	67	94	100	172	278	#
108	0.566639	51	100	102	189	278	#
109	0.566639	52	64	65	94	172	278	#
110	0.863323	89	143	279	#
111	0.863323	15	116	120	124	169	249	279	#
112	0.863323	6	15	55	116	120	122	124	169	279	#
113	0.290565	81	171	#
114	0.486228	2	231	280	#
115	0.486228	3	66	231	280	#
116	0.891575	100	164	203	255	281	#
117	0.891575	133	242	281	#
118	0.891575	83	86	99	100	203	255	281	#
119	0.891575	82	99	100	119	203	255	281	#
120	0.891575	82	86	87	99	100	203	255	281	#
121	0.930492	153	226	#
122	0.828347	7	105	121	142	282	#
123	0.828347	0	7	72	105	142	282	#
124	0.828347	6	73	105	121	142	282	#
125	0.828347	0	6	72	73	105	142	282	#
126	0.828347	72	73	105	169	200	282	#
127	0.848098	38	191	254	283	#
128	0.848098	44	167	191	283	#
129	0.848098	39	50	191	254	283	#
130	0.848098	14	15	167	191	283	#
131	0.848098	193	213	283	#
132	0.74209	97	156	240	284	#
133	0.74209	84	85	156	240	284	#
134	0.74209	36	85	144	156	284	#
135	0.74209	36	84	97	144	156	284	#
136	0.74209	43	68	224	240	284	#
137	1.07861	22	104	123	241	285	#
138	1.07861	7	12	90	104	115	160	188	285	#
139	1.07861	12	13	65	90	94	115	140	247	285	#
140	1.07861	12	65	90	94	100	115	140	222	285	#
141	1.07861	6	12	73	90	104	115	160	188	285	#
142	0.0900482	5	#
143	0.391412	28	76	93	120	135	286	#
144	0.391412	28	36	37	76	93	120	286	#
145	0.391412	27	47	76	93	120	135	286	#
146	0.391412	27	36	37	47	76	93	120	286	#
147	0.391412	28	76	77	93	166	286	#
148	0.888775	12	90	115	188	287	#
149	0.888775	121	142	248	287	#
150	0.888775	0	72	142	248	287	#
151	0.888775	12	21	22	115	188	287	#
152	0.942316	23	25	42	174	224	288	#
153	0.942316	23	24	42	110	174	224	288	#
154	0.942316	25	42	68	69	174	224	288	#
155	0.942316	24	69	162	288	#
156	0.942316	23	24	68	162	288	#
157	0.631032	32	33	176	#
158	0.578845	120	124	135	210	289	#
159	0.578845	36	37	120	124	210	289	#
160	0.578845	77	124	166	210	289	#
161	1.26909	16	17	35	117	217	226	#
162	1.15585	15	159	167	290	#
163	1.15585	14	38	159	254	290	#
164	1.15585	14	44	159	167	290	#
165	1.15585	14	39	50	159	254	290	#
166	1.15585	7	38	102	105	106	170	290	#
167	0.903602	85	114	155	219	291	#
168	0.903602	20	85	104	155	219	291	#
169	0.903602	84	97	114	155	219	291	#
170	0.903602	20	84	97	104	155	219	291	#
171	0.903602	19	29	85	104	155	219	291	#
172	0.571654	14	52	191	292	#
173	0.571654	14	51	100	191	292	#
174	0.719366	195	#
175	0.655226	62	209	293	#
176	0.655226	22	62	74	121	248	293	#
177	0.655226	0	22	62	72	74	248	293	#
178	0.655226	0	21	62	74	78	115	293	#
179	0.630818	1	3	209	294	#
180	0.630818	1	2	66	209	294	#
181	0.630818	22	74	131	248	294	#
182	0.630818	1	3	22	74	121	248	294	#
183	0.630818	1	2	22	66	74	121	248	294	#
184	0.777266	70	71	242	#
185	0.779039	71	86	99	107	148	295	#
186	0.779039	19	71	86	99	139	295	#
187	0.779039	70	87	91	107	148	295	#
188	0.964464	40	64	114	140	202	296	#
189	0.964464	19	40	157	296	#
190	0.964464	20	40	64	104	140	202	296	#
191	0.964464	19	29	40	64	104	140	202	296	#
192	0.964464	40	65	67	114	140	202	296	#
193	0.443046	88	124	166	297	#
194	0.443046	77	88	120	124	135	297	#
195	0.443046	36	37	77	88	120	124	297	#
196	1.03956	9	98	195	224	298	#
197	1.03956	9	53	151	298	#
198	1.03956	8	23	98	195	224	298	#
199	1.03956	8	23	53	151	298	#
200	1.03956	9	53	54	195	224	298	#
201	0.977361	95	164	181	198	299	#
202	0.977361	39	95	164	198	237	299	#
203	0.977361	83	86	95	99	181	198	299	#
204	0.977361	38	50	95	164	198	237	299	#
205	0.977361	82	95	99	119	181	198	299	#
206	0.545113	111	222	300	#
207	0.545113	30	31	222	300	#
208	0.545113	13	100	111	247	300	#
209	0.545113	13	30	31	100	247	300	#
210	0.545113	13	51	52	111	247	300	#
211	0.819798	97	101	232	301	#
212	0.819798	10	11	97	232	301	#
213	0.819798	11	55	56	84	207	301	#
214	0.819798	55	56	84	101	122	125	301	#
215	0.819798	10	11	55	56	84	122	125	301	#
216	0.655884	31	51	191	302	#
217	0.655884	31	52	100	191	302	#
218	0.655884	30	51	111	191	302	#
219	0.919089	45	52	94	178	213	303	#
220	0.919089	45	97	156	213	252	303	#
221	0.919089	45	51	94	100	178	213	303	#
222	0.919089	42	45	52	68	189	213	224	303	#
223	0.919089	42	45	51	68	100	189	213	224	303	#
224	0.545988	12	13	28	76	93	113	115	304	#
225	0.545988	12	13	28	76	77	93	112	115	304	#
226	0.545988	12	13	27	47	76	93	113	115	304	#
227	0.545988	12	13	27	47	76	77	93	112	115	304	#
228	1.1342	80	104	117	123	190	305	#
229	1.1342	79	81	104	117	123	190	305	#
230	1.1342	19	80	114	118	190	305	#
231	1.1342	19	79	81	114	118	190	305	#
232	1.1342	29	80	104	118	190	305	#
233	0.938646	68	195	224	306	#
234	0.938646	23	69	195	224	306	#
235	0.938646	43	97	156	195	306	#
236	0.938646	54	68	151	306	#
237	0.938646	43	84	85	156	195	306	#
238	0.84707	60	198	250	#
239	0.980603	9	195	224	307	#
240	0.980603	8	23	195	224	307	#
241	0.980603	8	68	69	195	224	307	#
242	0.980603	9	54	151	307	#
243	0.980603	8	23	54	151	307	#
244	0.951534	35	163	238	308	#
245	0.951534	34	57	163	238	308	#
246	0.951534	35	93	110	194	308	#
247	0.951534	24	25	35	93	194	308	#
248	0.951534	34	57	93	110	194	308	#
249	0.487416	68	109	230	309	#
250	0.487416	73	109	243	309	#
251	0.487416	68	73	109	145	224	309	#
252	0.487416	6	109	122	158	309	#
253	0.487416	42	68	73	105	106	109	224	309	#
254	0.802713	238	244	310	#
255	0.802713	57	82	89	137	255	310	#
256	0.802713	34	35	82	89	137	255	310	#
257	0.802713	57	83	87	89	137	255	310	#
258	0.802713	11	83	89	107	238	255	310	#
259	0.96887	31	82	91	100	203	255	#
260	0.287877	11	86	99	107	#
261	0.818751	55	141	311	#
262	0.818751	6	45	46	51	109	122	133	213	311	#
263	0.818751	6	45	46	108	109	122	177	311	#
264	0.818751	6	45	46	52	65	94	108	109	122	213	311	#
265	0.818751	6	45	46	51	65	94	100	108	109	122	213	311	#
266	0.644388	32	45	46	177	312	#
267	0.644388	32	45	46	52	65	94	213	312	#
268	0.644388	32	45	46	51	65	94	100	213	312	#
269	0.644388	33	41	64	202	312	#
270	1.00619	12	21	81	115	171	222	313	#
271	1.00619	12	13	21	81	100	115	171	247	313	#
272	1.00619	100	113	218	247	313	#
273	1.00619	77	100	112	218	247	313	#
274	0.454827	58	220	#
275	0.806325	92	140	177	314	#
276	0.806325	52	65	92	94	140	213	314	#
277	0.806325	51	65	92	94	100	140	213	314	#
278	1.01335	21	32	171	176	315	#
279	1.01335	22	32	171	205	248	315	#
280	1.01335	21	32	72	78	115	171	205	315	#
281	1.01335	22	32	45	46	171	183	315	#
282	1.01335	21	32	90	171	205	248	315	#
283	0.761695	15	73	116	120	124	169	316	#
284	0.761695	73	88	89	120	124	169	316	#
285	0.184666	135	317	#
286	0.184666	36	37	317	#
287	0.554343	100	203	#
288	0.581521	2	14	231	318	#
289	0.581521	3	14	66	231	318	#
290	0.581521	2	15	44	231	318	#
291	0.251925	6	109	122	#
292	0.825123	2	14	88	116	231	255	319	#
293	0.825123	2	44	89	231	255	319	#
294	0.825123	2	14	15	89	231	255	319	#
295	0.825123	3	14	66	88	116	231	255	319	#
296	0.825123	2	88	124	186	255	319	#
297	1.01796	43	145	236	320	#
298	1.01796	42	43	105	106	236	320	#
299	1.01796	84	104	155	212	320	#
300	1.01796	7	55	56	84	122	236	320	#
301	1.01796	56	73	84	236	249	320	#
302	0.726782	58	77	135	180	321	#
303	0.726782	36	37	58	77	180	321	#
304	0.726782	58	112	113	135	180	321	#
305	0.726782	36	37	58	112	113	180	321	#
306	0.345256	86	99	101	107	322	#
307	0.345256	10	11	86	99	107	322	#
308	1.07564	196	#
309	0.534631	215	#
310	1.04579	34	197	323	#
311	1.04579	111	117	201	217	323	#
312	1.04579	17	100	111	117	127	217	323	#
313	1.04579	35	110	152	323	#
314	1.04579	24	25	35	152	323	#
315	0.948488	13	76	113	194	324	#
316	0.948488	13	113	135	225	324	#
317	0.948488	13	36	37	113	225	324	#
318	0.948488	13	76	77	112	194	324	#
319	0.948488	13	77	112	135	225	324	#
320	0.476741	19	114	140	325	#
321	0.476741	29	104	140	325	#
322	0.476741	19	20	104	140	325	#
323	0.476741	29	73	108	109	160	325	#
324	0.476741	19	20	73	108	109	160	325	#
325	0.656603	61	253	326	#
326	0.656603	60	95	253	326	#
327	0.889324	116	128	327	#
328	0.889324	43	103	159	327	#
329	0.889324	42	43	102	159	327	#
330	0.889324	97	116	216	327	#
331	0.889324	37	84	116	120	124	144	327	#
332	0.910063	46	173	184	#
333	1.01383	26	47	57	163	238	#
334	1.00495	130	328	#
335	1.00495	20	23	87	139	214	328	#
336	1.00495	69	87	101	107	187	328	#
337	1.00495	10	11	69	87	107	187	328	#
338	1.00495	23	68	87	101	107	187	328	#
339	0.0733806	102	#
340	0.89164	66	70	223	#
341	0.852566	45	46	193	329	#
342	0.852566	32	38	146	329	#
343	0.852566	38	46	184	254	329	#
344	0.852566	32	39	50	146	329	#
345	0.852566	92	193	233	329	#
346	0.755114	16	40	226	#
347	1.14779	50	55	56	122	170	330	#
348	1.14779	38	39	55	56	122	170	330	#
349	0.540666	89	167	331	#
350	0.540666	15	88	116	167	331	#
351	0.540666	14	38	88	116	254	331	#
352	0.811781	52	67	94	172	213	332	#
353	0.811781	52	102	189	213	332	#
354	0.811781	51	67	94	100	172	213	332	#
355	0.811781	51	100	102	189	213	332	#
356	0.811781	64	172	177	332	#
357	0.955721	7	20	160	206	333	#
358	0.955721	1	7	20	142	160	333	#
359	0.955721	6	20	73	160	206	333	#
360	0.955721	114	140	165	177	333	#
361	0.955721	52	65	94	114	140	165	213	333	#
362	0.0915289	92	#
363	1.26278	8	38	204	254	334	#
364	1.26278	9	38	161	254	334	#
365	1.26278	8	23	38	161	254	334	#
366	1.26278	9	23	38	204	254	334	#
367	1.26278	8	44	167	204	334	#
368	0.984789	50	170	335	#
369	0.984789	38	39	170	335	#
370	0.816078	35	73	117	123	160	217	336	#
371	0.816078	34	57	73	117	123	160	217	336	#
372	1.02763	99	119	130	337	#
373	1.02763	86	87	99	130	337	#
374	0.647602	44	45	184	338	#
375	0.647602	15	45	147	338	#
376	0.647602	14	15	45	184	338	#
377	0.647602	14	44	45	147	338	#
378	1.04711	120	135	210	221	339	#
379	1.04711	36	37	120	210	221	339	#
380	0.891575	100	164	203	255	340	#
381	0.891575	133	242	340	#
382	0.891575	83	86	99	100	203	255	340	#
383	0.891575	82	99	100	119	203	255	340	#
384	0.891575	82	86	87	99	100	203	255	340	#
385	0.768317	12	13	67	72	78	94	247	341	#
386	0.768317	12	67	72	78	94	100	222	341	#
387	0.768317	12	13	64	65	72	78	94	247	341	#
388	0.768317	12	64	65	72	78	94	100	222	341	#
389	0.768317	67	72	94	113	211	247	341	#
390	0.778465	82	88	116	137	255	342	#
391	0.778465	15	82	89	137	255	342	#
392	0.778465	14	235	342	#
393	0.778465	83	87	88	116	137	255	342	#
394	0.778465	15	57	238	244	342	#
395	1.01407	122	134	228	343	#
396	1.01407	6	228	230	343	#
397	1.01407	7	145	224	228	343	#
398	1.01407	7	42	105	106	224	228	343	#
399	1.01407	66	122	134	206	343	#
400	0.0772341	20	#
401	0.666365	12	115	222	344	#
402	0.666365	12	13	100	115	247	344	#
403	0.666365	12	13	51	52	115	247	344	#
404	0.190784	255	#
405	0.916981	71	78	115	250	345	#
406	0.916981	71	120	124	200	246	345	#
407	0.916981	70	82	88	91	120	124	200	255	345	#
408	0.689767	5	48	55	56	122	175	346	#
409	0.689767	42	43	75	84	192	346	#
410	0.462797	123	214	#
411	0.477718	109	230	347	#
412	0.477718	73	109	145	224	347	#
413	0.477718	42	73	105	106	109	224	347	#
414	0.477718	6	109	122	134	347	#
415	0.477718	6	7	109	145	224	347	#
416	0.934269	6	15	63	116	120	124	169	348	#
417	0.934269	6	63	88	89	120	124	169	348	#
418	0.934269	6	65	108	109	227	348	#
419	0.934269	6	14	116	120	124	169	208	348	#
420	0.934269	6	14	44	63	116	120	124	169	348	#
421	0.956816	149	349	#
422	0.956816	45	46	59	138	349	#
423	0.956816	45	46	48	58	138	349	#
424	0.956816	45	46	213	229	349	#
425	0.956816	45	46	58	199	213	349	#
426	1.2263	32	33	45	46	70	182	350	#
427	1.2263	53	70	196	350	#
428	1.2263	32	33	46	71	116	147	246	350	#
429	1.2263	32	33	71	176	250	350	#
430	1.2263	14	32	33	46	71	116	184	246	350	#
431	0.936758	42	43	56	84	174	351	#
432	0.936758	35	110	132	217	351	#
433	0.936758	24	25	35	132	217	351	#
434	0.936758	42	43	56	85	97	174	351	#
435	0.936758	34	57	110	132	217	351	#
436	0.968392	9	151	352	#
437	0.968392	8	23	151	352	#
438	0.968392	9	54	195	224	352	#
439	0.968392	8	68	69	151	352	#
440	0.968392	8	23	54	195	224	352	#
441	1.24917	50	68	161	254	353	#
442	1.24917	38	39	68	161	254	353	#
443	1.24917	50	122	158	170	353	#
444	1.24917	38	39	122	158	170	353	#
445	1.24917	50	69	204	254	353	#
446	0.584822	60	253	354	#
447	0.584822	61	95	253	354	#
448	0.94428	31	83	86	100	203	255	355	#
449	0.94428	31	82	100	119	203	255	355	#
450	0.94428	31	82	86	87	100	203	255	355	#
451	0.94428	31	51	52	83	86	203	255	355	#
452	0.94428	31	83	87	100	119	203	255	355	#
453	0.668931	32	45	46	177	356	#
454	0.668931	32	45	46	52	65	94	213	356	#
455	0.668931	32	45	46	51	65	94	100	213	356	#
456	0.668931	33	41	64	202	356	#
457	0.685469	12	13	21	115	247	357	#
458	0.685469	12	21	100	115	222	357	#
459	0.90568	140	165	177	358	#
460	0.90568	52	65	94	140	165	213	358	#
461	0.90568	51	65	94	100	140	165	213	358	#
462	0.90568	7	104	160	206	358	#
463	0.736084	0	6	142	359	#
464	0.736084	169	200	359	#
465	0.736084	6	12	78	188	359	#
466	0.736084	6	72	121	142	359	#
467	1.1784	66	231	235	360	#
468	1.1784	57	66	186	221	360	#
469	1.1784	0	1	57	120	200	221	360	#
470	1.1784	14	66	82	88	116	137	231	255	360	#
471	1.1784	44	66	82	89	137	231	255	360	#
472	1.15744	68	126	224	361	#
473	1.15744	12	90	115	158	234	361	#
474	1.29024	221	120	135	210	233	32	362	#
475	1.29024	221	120	37	36	210	233	32	362	#
476	1.29024	221	120	135	210	92	45	46	32	362	#
477	1.29024	221	120	37	36	210	92	45	46	32	362	#
478	1.29024	57	235	184	46	32	362	#
479	0.421866	205	32	#
480	0.679582	67	94	52	191	363	#
481	0.679582	67	94	100	51	191	363	#
482	0.679582	64	65	94	52	191	363	#
483	0.679582	64	65	94	100	51	191	363	#
484	0.896946	58	180	135	113	13	12	364	#
485	0.896946	58	180	37	36	113	13	12	364	#
486	0.896946	58	180	135	77	112	13	12	364	#
487	0.896946	58	180	37	36	77	112	13	12	364	#
488	0.896946	58	180	200	78	364	#
489	0.905365	70	91	82	255	203	365	#
490	0.905365	71	164	255	203	365	#
491	0.940708	172	202	41	366	#
492	0.940708	172	202	40	54	366	#
493	0.940708	103	195	54	366	#
494	0.940708	102	42	195	54	366	#
495	0.940708	103	195	40	41	366	#
496	0.406308	122	7	160	20	367	#
497	0.406308	122	6	73	160	20	367	#
498	0.406308	122	7	160	29	19	367	#
499	0.406308	122	7	160	104	114	367	#
500	0.406308	122	6	73	160	29	19	367	#
501	0.523062	115	12	13	113	76	368	#
502	0.523062	115	12	13	112	77	76	368	#
503	0.690624	84	240	76	93	369	#
504	0.690624	144	36	76	93	369	#
505	0.0982917	16	#
506	0.827254	124	120	169	73	145	370	#
507	0.827254	124	120	169	73	105	106	42	370	#
508	0.827254	128	43	370	#
509	0.827254	124	120	169	6	7	145	370	#
510	0.827254	124	120	169	6	7	105	106	42	370	#
511	0.364576	93	76	135	120	371	#
512	0.364576	93	76	36	37	120	371	#
513	0.364576	93	76	77	166	371	#
514	1.17795	2	186	221	372	#
515	1.17795	2	231	235	57	372	#
516	1.17795	3	66	186	221	372	#
517	1.17795	131	72	200	120	221	372	#
518	1.17795	3	1	0	200	120	221	372	#
519	0.169528	84	56	#
520	0.8092	212	373	#
521	0.8092	20	139	87	91	373	#
522	0.8092	29	148	107	87	91	373	#
523	0.8092	20	19	148	107	87	91	373	#
524	0.8092	29	19	139	87	91	373	#
525	0.901125	221	166	374	#
526	0.901125	221	120	135	77	374	#
527	0.901125	221	120	37	36	77	374	#
528	0.901125	221	120	135	113	112	374	#
529	0.901125	110	194	76	77	374	#
530	0.884419	92	177	140	114	375	#
531	0.884419	92	213	52	94	65	140	114	375	#
532	0.884419	92	177	140	104	20	375	#
533	0.884419	92	213	51	100	94	65	140	114	375	#
534	0.884419	92	213	52	94	65	140	104	20	375	#
535	0.284137	134	#
536	0.850517	217	117	123	160	7	122	376	#
537	0.850517	217	117	123	160	73	6	122	376	#
538	0.850517	217	132	55	376	#
539	0.850517	217	118	29	160	7	122	376	#
540	0.850517	217	118	19	20	160	7	122	376	#
541	0.900042	234	134	9	377	#
542	0.900042	234	134	23	8	377	#
543	0.900042	188	122	134	9	377	#
544	0.900042	188	6	230	9	377	#
545	0.900042	188	7	145	224	9	377	#
546	0.601416	125	7	105	#
547	0.80805	7	236	378	#
548	0.80805	6	73	236	378	#
549	0.80805	125	101	107	87	91	378	#
550	0.80805	125	10	11	107	87	91	378	#
551	0.74209	240	97	156	379	#
552	0.74209	240	84	85	156	379	#
553	0.74209	36	144	85	156	379	#
554	0.74209	36	144	84	97	156	379	#
555	0.74209	240	43	224	68	379	#
556	1.2116	85	56	55	122	170	50	380	#
557	1.2116	85	56	55	122	170	38	39	380	#
558	1.2116	97	84	56	55	122	170	50	380	#
559	1.2116	97	84	56	55	122	170	38	39	380	#
560	1.2116	85	56	249	6	170	50	380	#
561	0.819994	68	230	169	120	381	#
562	0.819994	243	73	169	120	381	#
563	0.819994	68	224	145	73	169	120	381	#
564	0.819994	156	85	144	37	120	381	#
565	0.819994	158	122	6	169	120	381	#
566	0.35971	52	213	45	382	#
567	0.35971	100	51	213	45	382	#
568	1.00267	21	115	12	234	55	56	383	#
569	1.00267	21	115	12	188	122	55	56	383	#
570	0.945462	231	44	244	10	384	#
571	0.945462	231	173	101	384	#
572	0.945462	231	14	15	244	10	384	#
573	0.945462	231	173	11	10	384	#
574	0.871839	47	93	76	135	120	253	60	385	#
575	0.871839	47	93	76	36	37	120	253	60	385	#
576	0.871839	27	28	93	76	135	120	253	60	385	#
577	0.871839	27	28	93	76	36	37	120	253	60	385	#
578	0.871839	47	93	76	77	166	253	60	385	#
579	0.645797	104	123	117	217	35	386	#
580	0.645797	104	123	117	217	34	57	386	#
581	0.645797	114	19	118	217	35	386	#
582	0.645797	104	29	118	217	35	386	#
583	0.645797	104	20	19	118	217	35	386	#
584	1.04861	70	236	145	387	#
585	1.04861	70	236	105	106	42	387	#
586	0.527785	59	220	88	388	#
587	0.527785	48	58	220	88	388	#
588	0.899387	40	195	224	389	#
589	0.899387	41	151	389	#
590	0.899387	202	172	103	224	389	#
591	0.899387	202	172	102	42	224	389	#
592	0.936379	31	51	191	254	50	390	#
593	0.936379	31	51	191	254	38	39	390	#
594	0.936379	31	100	52	191	254	50	390	#
595	0.936379	31	51	191	44	167	39	390	#
596	0.936379	31	51	191	44	167	38	50	390	#
597	0.649956	45	184	44	391	#
598	0.649956	45	147	15	391	#
599	0.649956	45	184	14	15	391	#
600	0.649956	45	147	14	44	391	#
601	0.649956	165	66	231	44	391	#
602	1.03339	167	179	16	17	117	#
603	0.0685967	70	#
604	0.510221	17	16	18	96	120	#
605	0.773177	21	115	12	222	111	392	#
606	0.773177	21	115	12	222	31	30	392	#
607	0.773177	21	115	12	13	247	100	111	392	#
608	0.682236	181	83	107	393	#
609	0.682236	181	82	87	107	393	#
610	0.621492	94	52	213	45	46	394	#
611	0.621492	94	100	51	213	45	46	394	#
612	0.621492	65	177	45	46	394	#
613	1.41015	80	129	156	68	395	#
614	1.41015	79	81	129	156	68	395	#
615	1.41015	80	190	117	123	214	395	#
616	1.41015	79	81	190	117	123	214	395	#
617	1.41015	80	218	240	97	156	68	395	#
618	0.339014	208	396	#
619	0.339014	44	63	396	#
620	0.339014	14	15	63	396	#
621	0.984554	98	195	224	68	397	#
622	0.984554	53	151	68	397	#
623	0.984554	98	195	224	23	69	397	#
624	0.984554	53	151	23	69	397	#
625	0.984554	98	195	43	97	156	397	#
626	0.728852	255	203	100	#
627	0.651673	120	135	210	92	45	398	#
628	0.651673	120	37	36	210	92	45	398	#
629	0.651673	166	77	210	92	45	398	#
630	0.651673	124	116	147	398	#
631	0.651673	124	116	14	184	398	#
632	0.83956	224	42	174	25	#
633	0.388512	95	198	71	#
634	0.984554	98	195	224	68	399	#
635	0.984554	53	151	68	399	#
636	0.984554	98	195	224	23	69	399	#
637	0.984554	53	151	23	69	399	#
638	0.984554	98	195	43	97	156	399	#
639	0.738064	6	169	120	124	88	400	#
640	0.738064	7	73	169	120	124	88	400	#
641	0.718123	13	112	168	119	401	#
642	0.718123	13	112	168	87	86	401	#
643	0.72263	37	120	124	116	15	167	38	402	#
644	0.72263	37	120	124	116	14	254	402	#
645	0.962971	145	7	228	2	403	#
646	0.962971	42	106	105	7	228	2	403	#
647	0.962971	145	73	6	228	2	403	#
648	0.962971	42	189	52	213	165	3	403	#
649	0.962971	42	189	52	213	165	66	2	403	#
650	0.707206	71	246	124	120	37	404	#
651	0.707206	70	91	82	255	88	124	120	37	404	#
652	0.707206	71	164	255	88	124	120	37	404	#
653	1.14561	25	225	200	72	405	#
654	1.14561	24	221	120	200	72	405	#
655	1.14561	24	110	225	200	72	405	#
656	1.14561	25	110	221	120	200	72	405	#
657	1.14561	25	194	76	211	72	405	#
658	0.701892	246	124	166	406	#
659	0.701892	164	255	88	124	166	406	#
660	0.701892	99	119	168	406	#
661	0.701892	99	86	87	168	406	#
662	0.701892	246	124	120	135	77	406	#
663	0.761212	39	167	15	116	124	96	407	#
664	0.761212	50	38	167	15	116	124	96	407	#
665	0.761212	50	254	14	116	124	96	407	#
666	0.761212	39	38	254	14	116	124	96	407	#
667	0.761212	39	167	89	88	124	96	407	#
668	0.448157	23	214	29	408	#
669	0.448157	23	214	20	19	408	#
670	0.629093	135	120	124	88	255	83	86	409	#
671	0.629093	135	120	124	88	255	82	119	409	#
672	0.629093	36	37	120	124	88	255	83	86	409	#
673	0.629093	135	120	124	88	255	82	87	86	409	#
674	0.629093	36	37	120	124	88	255	82	119	409	#
675	0.176126	99	86	#
676	0.882603	68	224	195	410	#
677	0.882603	69	23	224	195	410	#
678	0.882603	156	97	43	195	410	#
679	0.542308	0	1	66	245	#
680	0.376029	135	120	124	411	#
681	0.376029	36	37	120	124	411	#
682	0.376029	77	166	124	411	#
683	0.559131	32	233	210	36	412	#
684	0.559131	32	46	45	92	210	36	412	#
685	0.556286	48	5	175	122	413	#
686	0.556286	58	136	175	122	413	#
687	0.556286	58	59	5	175	122	413	#
688	0.556286	75	4	175	122	413	#
689	0.556286	48	49	4	175	122	413	#
690	0.804682	87	107	11	207	414	#
691	0.804682	87	107	101	125	122	414	#
692	0.804682	87	107	11	10	125	122	414	#
693	0.979977	114	140	64	202	41	53	415	#
694	0.979977	19	157	41	53	415	#
695	0.979977	20	104	140	64	202	41	53	415	#
696	0.979977	114	140	64	202	40	98	415	#
697	0.979977	19	157	40	98	415	#
698	0.276565	109	73	105	416	#
699	0.276565	109	6	7	105	416	#
700	1.18872	126	224	23	417	#
701	1.18872	90	115	12	234	134	23	417	#
702	1.18872	126	224	68	69	417	#
703	1.18872	90	115	12	188	122	134	23	417	#
704	1.18872	126	224	9	8	417	#
705	0.808262	73	160	123	117	217	418	#
706	0.808262	73	160	29	118	217	418	#
707	0.808262	73	160	20	19	118	217	418	#
708	0.808262	6	7	160	123	117	217	418	#
709	0.808262	6	7	160	29	118	217	418	#
710	0.943959	142	122	55	56	419	#
711	0.943959	142	6	249	56	419	#
712	0.943959	142	7	73	249	56	419	#
713	0.943959	0	211	240	84	419	#
714	0.943959	0	78	12	234	55	56	419	#
715	0.838387	234	134	420	#
716	0.838387	188	122	134	420	#
717	0.838387	188	6	230	420	#
718	0.838387	188	7	145	224	420	#
719	0.838387	188	7	105	106	42	224	420	#
720	0.577698	179	16	#
721	0.45658	67	94	247	112	421	#
722	0.45658	64	65	94	247	112	421	#
723	0.958336	110	174	42	422	#
724	0.958336	24	25	174	42	422	#
725	0.958336	110	174	102	103	422	#
726	0.958336	24	25	174	102	103	422	#
727	0.958336	35	217	117	123	160	145	422	#
728	0.757014	160	123	117	217	34	#
729	0.389039	254	423	#
730	0.389039	44	167	38	423	#
731	0.858154	147	116	88	255	83	424	#
732	0.858154	184	14	116	88	255	83	424	#
733	0.858154	147	116	88	255	82	87	424	#
734	0.858154	184	44	89	255	83	424	#
735	0.858154	184	14	116	88	255	82	87	424	#
736	1.46851	53	41	226	16	17	117	217	34	425	#
737	1.46851	98	40	226	16	17	117	217	34	425	#
738	1.46851	53	33	32	46	184	235	425	#
739	1.46851	196	91	137	425	#
740	1.46851	53	41	226	16	17	117	217	35	57	425	#
741	0.141157	13	112	#
742	0.581994	72	200	120	96	#
743	0.808177	171	21	176	#
744	0.850517	122	7	160	123	117	217	426	#
745	0.850517	122	6	73	160	123	117	217	426	#
746	0.850517	55	132	217	426	#
747	0.850517	122	7	160	29	118	217	426	#
748	0.850517	122	7	160	20	19	118	217	426	#
749	0.659109	20	139	427	#
750	0.659109	29	148	107	427	#
751	0.659109	20	19	148	107	427	#
752	0.659109	29	19	139	427	#
753	0.659109	104	114	139	427	#
754	0.58315	51	252	428	#
755	0.58315	100	189	42	43	428	#
756	0.58315	100	52	252	428	#
757	0.58315	133	109	249	56	84	428	#
758	0.58315	133	109	6	122	55	56	84	428	#
759	0.485776	67	202	#
760	1.40767	81	129	156	68	9	429	#
761	1.40767	81	129	156	69	8	429	#
762	1.40767	81	129	156	68	23	8	429	#
763	1.40767	81	190	117	123	214	9	429	#
764	1.40767	81	190	117	123	214	23	8	429	#
765	0.779246	42	189	52	213	430	#
766	0.779246	42	189	100	51	213	430	#
767	0.700736	18	251	#
768	0.786054	223	66	#
769	0.899362	185	135	113	13	12	431	#
770	0.899362	185	37	36	113	13	12	431	#
771	0.899362	185	135	77	112	13	12	431	#
772	0.899362	185	37	36	77	112	13	12	431	#
773	0.899362	117	17	127	247	13	12	431	#
774	1.2047	170	122	55	56	85	432	#
775	1.2047	170	122	55	56	84	97	432	#
776	1.2047	170	6	249	56	85	432	#
777	1.2047	170	6	249	56	84	97	432	#
778	1.2047	254	191	252	97	432	#
779	0.626814	46	45	213	51	133	433	#
780	0.626814	46	45	177	108	433	#
781	0.626814	46	45	213	52	94	65	108	433	#
782	0.626814	46	45	213	51	100	94	65	108	433	#
783	0.626814	46	45	213	52	100	133	433	#
784	0.873215	105	7	125	101	107	87	434	#
785	0.873215	105	7	125	10	11	107	87	434	#
786	0.873215	105	73	6	125	101	107	87	434	#
787	0.873215	105	73	6	125	10	11	107	87	434	#
788	0.873215	105	7	125	101	107	86	119	434	#
789	0.997591	91	82	255	203	100	31	#
790	0.701692	14	116	88	220	59	435	#
791	0.701692	14	116	88	220	58	48	435	#
792	0.701692	44	89	220	59	435	#
793	0.701692	44	89	220	58	48	435	#
794	0.701692	14	15	89	220	59	435	#
795	0.915832	46	45	177	140	104	436	#
796	0.915832	46	45	213	52	94	65	140	104	436	#
797	0.915832	46	45	213	51	100	94	65	140	104	436	#
798	0.915832	46	45	213	51	133	109	73	160	436	#
799	0.915832	46	45	213	52	94	67	64	140	104	436	#
800	0.652777	44	184	46	437	#
801	0.652777	15	147	46	437	#
802	0.652777	15	14	184	46	437	#
803	0.652777	44	14	147	46	437	#
804	1.17757	7	188	12	115	21	171	81	438	#
805	1.17757	73	6	188	12	115	21	171	81	438	#
806	1.17757	160	123	117	190	438	#
807	1.17757	73	169	135	218	438	#
808	1.17757	73	169	37	36	218	438	#
809	0.0723622	59	439	#
810	0.0723622	48	58	439	#
811	0.537282	233	210	440	#
812	0.537282	46	45	92	210	440	#
813	0.913154	237	164	198	441	#
814	0.913154	39	181	164	198	441	#
815	0.913154	38	50	181	164	198	441	#
816	0.913154	237	83	86	99	198	441	#
817	0.913154	237	82	119	99	198	441	#
818	1.0452	221	120	200	442	#
819	1.0452	110	225	200	442	#
820	1.0452	24	25	225	200	442	#
821	0.509886	222	12	78	#
822	0.908181	70	91	82	150	443	#
823	0.908181	71	242	108	64	443	#
824	0.908181	71	164	150	443	#
825	0.908181	71	99	86	83	150	443	#
826	0.908181	71	99	119	82	150	443	#
827	0.213456	122	6	109	#
828	0.344945	76	113	13	12	444	#
829	0.344945	76	77	112	13	12	444	#
830	0.635017	67	94	247	13	12	445	#
831	0.635017	67	94	100	222	12	445	#
832	0.635017	64	65	94	247	13	12	445	#
833	0.635017	64	65	94	100	222	12	445	#
834	0.635017	67	94	52	51	222	12	445	#
835	1.18124	202	150	83	107	446	#
836	1.18124	41	33	32	46	184	173	446	#
837	0.937522	24	238	244	63	447	#
838	0.937522	24	57	137	82	255	89	63	447	#
839	0.267495	145	73	448	#
840	0.267495	42	106	105	73	448	#
841	0.207661	119	91	449	#
842	0.207661	86	87	91	449	#
843	0.418051	45	213	52	450	#
844	0.418051	45	213	51	100	450	#
845	0.433418	171	79	451	#
846	0.433418	171	81	80	451	#
847	0.411395	211	72	452	#
848	0.411395	113	13	12	78	72	452	#
849	0.411395	77	112	13	12	78	72	452	#
850	0.171338	36	76	93	#
851	0.374269	38	167	15	#
852	1.11642	123	117	190	453	#
853	1.11642	29	118	190	453	#
854	1.11642	20	19	118	190	453	#
855	1.11642	104	114	19	118	190	453	#
856	1.11642	123	241	171	81	453	#
857	0.846098	178	94	52	213	454	#
858	0.846098	156	97	252	213	454	#
859	0.846098	178	94	100	51	213	454	#
860	1.00114	29	160	7	188	12	115	455	#
861	1.00114	19	20	160	7	188	12	115	455	#
862	1.00114	29	160	73	6	188	12	115	455	#
863	1.00114	19	20	160	73	6	188	12	115	455	#
864	1.00114	29	123	241	21	455	#
865	0.353597	135	76	93	47	26	#
866	1.2116	85	56	55	122	170	50	456	#
867	1.2116	85	56	55	122	170	38	39	456	#
868	1.2116	97	84	56	55	122	170	50	456	#
869	1.2116	97	84	56	55	122	170	38	39	456	#
870	1.2116	85	56	249	6	170	50	456	#
871	0.780726	7	160	20	219	457	#
872	0.780726	6	73	160	20	219	457	#
873	0.780726	7	160	29	19	219	457	#
874	0.780726	7	160	104	114	219	457	#
875	0.780726	6	73	160	29	19	219	457	#
876	0.870608	224	42	189	52	213	458	#
877	0.870608	224	42	189	100	51	213	458	#
878	0.870608	68	178	94	52	213	458	#
879	0.870608	68	156	97	252	213	458	#
880	0.870608	68	178	94	100	51	213	458	#
881	0.731684	113	135	180	459	#
882	0.731684	113	36	37	180	459	#
883	0.731684	112	77	135	180	459	#
884	0.731684	112	77	36	37	180	459	#
885	0.818005	128	460	#
886	0.818005	216	97	460	#
887	0.818005	124	120	37	144	84	460	#
888	0.818005	124	120	169	249	56	84	460	#
889	0.818005	124	120	169	6	122	55	56	84	460	#
890	0.529194	137	57	24	461	#
891	0.529194	137	34	35	24	461	#
892	0.529194	87	107	11	238	24	461	#
893	0.35123	96	124	116	#
894	0.738351	97	43	42	192	75	462	#
895	0.738351	97	43	42	192	49	48	462	#
896	0.738351	97	43	42	192	49	59	58	462	#
897	0.738351	85	56	55	122	175	5	48	462	#
898	0.738351	85	84	43	42	192	75	462	#
899	1.01045	56	249	109	242	463	#
900	1.01045	56	55	122	6	109	242	463	#
901	1.01045	56	55	207	11	107	86	99	463	#
902	1.01045	56	55	122	125	101	107	86	99	463	#
903	1.01045	56	55	122	125	10	11	107	86	99	463	#
904	0.728017	55	122	142	#
905	0.5625	11	148	19	#
906	0.298106	74	22	#
907	0.154371	84	56	#
908	0.938986	86	107	101	232	97	464	#
909	0.938986	86	107	11	10	232	97	464	#
910	0.938986	86	107	11	207	55	56	84	464	#
911	0.938986	86	107	101	125	122	55	56	84	464	#
912	0.938986	86	107	11	10	125	122	55	56	84	464	#
913	0.495876	42	189	#
914	0.981631	23	134	122	142	465	#
915	0.981631	23	230	6	142	465	#
916	0.981631	23	224	145	7	142	465	#
917	0.981631	23	224	42	106	105	7	142	465	#
918	0.981631	23	224	145	73	6	142	465	#
919	0.901848	37	120	221	466	#
920	0.901848	37	225	110	466	#
921	0.901848	37	225	25	24	466	#
922	0.901848	36	135	120	221	466	#
923	0.901848	37	120	124	88	255	82	137	57	466	#
924	1.27005	81	171	21	115	12	234	55	467	#
925	1.27005	81	171	21	115	12	188	122	55	467	#
926	1.27005	190	132	467	#
927	1.27005	81	171	21	115	12	188	6	249	467	#
928	1.27005	218	135	169	249	467	#
929	0.512957	89	167	38	468	#
930	0.512957	89	167	39	50	468	#
931	0.457846	113	13	12	115	469	#
932	0.457846	77	112	13	12	115	469	#
933	1.20898	170	122	55	56	470	#
934	1.20898	170	6	249	56	470	#
935	1.20898	38	167	89	143	56	470	#
936	1.20898	170	7	73	249	56	470	#
937	1.20898	254	191	252	84	470	#
938	0.751703	12	13	112	168	#
939	0.76197	206	471	#
940	0.76197	1	142	471	#
941	0.76197	66	228	471	#
942	0.76197	3	2	228	471	#
943	0.76197	165	213	51	133	109	6	471	#
944	0.972102	43	42	174	25	472	#
945	0.972102	43	42	174	110	24	472	#
946	0.972102	43	103	102	174	25	472	#
947	0.972102	84	155	104	123	117	217	35	24	472	#
948	0.972102	97	156	68	224	42	174	25	472	#
949	0.872442	0	200	120	124	88	255	83	473	#
950	0.872442	0	200	120	124	88	255	82	87	473	#
951	0.872442	121	72	200	120	124	88	255	83	473	#
952	0.466675	179	#
953	1.20831	196	91	119	474	#
954	1.20831	196	91	87	86	474	#
955	1.20831	53	33	32	46	147	116	88	255	83	86	474	#
956	1.20831	53	33	32	46	147	116	88	255	82	119	474	#
957	1.20831	53	33	32	46	184	14	116	88	255	83	86	474	#
958	1.29794	226	16	17	117	217	475	#
959	1.29794	157	118	217	475	#
960	1.29794	202	64	140	104	123	117	217	475	#
961	1.29794	202	64	140	114	19	118	217	475	#
962	0.716984	82	255	88	124	120	135	76	93	28	476	#
963	0.716984	82	255	88	124	120	37	36	76	93	28	476	#
964	0.716984	168	77	76	93	28	476	#
965	0.716984	82	255	88	124	120	135	76	93	47	27	476	#
966	0.716984	82	255	88	124	120	37	36	76	93	47	27	476	#
967	0.812129	18	96	120	200	72	477	#
968	0.812129	18	96	120	135	211	72	477	#
969	0.812129	18	96	120	200	0	121	477	#
970	0.812129	18	96	120	37	36	211	72	477	#
971	0.833913	37	225	478	#
972	0.833913	36	76	194	478	#
973	0.833913	36	135	225	478	#
974	0.833913	37	120	221	110	478	#
975	0.833913	37	120	221	24	25	478	#
976	0.156425	45	92	#
977	0.425097	64	140	104	#
978	0.812944	81	171	22	248	131	479	#
979	0.812944	81	171	22	248	121	1	3	479	#
980	0.812944	81	171	22	248	121	1	66	2	479	#
981	0.812944	81	171	22	248	72	0	1	3	479	#
982	0.812944	81	171	22	248	72	0	1	66	2	479	#
983	0.169277	107	83	#
984	0.778848	57	221	120	480	#
985	0.778848	57	110	225	480	#
986	0.778848	57	24	25	225	480	#
987	0.778848	34	35	221	120	480	#
988	0.778848	137	82	255	88	124	120	480	#
989	0.461368	175	#
990	0.0668027	11	#
991	0.661841	189	42	224	23	481	#
992	0.661841	94	178	69	481	#
993	0.661841	94	178	68	23	481	#
994	0.661841	189	42	224	68	69	481	#
995	0.661841	189	42	224	9	8	481	#
996	0.521609	17	123	214	#
997	0.844278	102	174	482	#
998	0.844278	103	42	174	482	#
999	0.593417	60	219	19	#
