%% File generated by CATS v.2.1Thu May  9 12:58:53 2024

%% The CATS webpage is http://robotics.stanford.edu/CATS

%% PARAMETER SETTINGS:
% Goods: 256; Bids: 1000; Distribution: regions; Runs: 1; Seed: 55
% Regions Distribution Parameters:
% Max Substitutable Bids = 5
% Removing HV Neighbor   = 0.1
% Adding DIAG Neighbor   = 0.2
% Additional Location    = 0.9
% Jump Probability       = 0.05
% Additivity             = 0.2
% Budget Factor          = 1.5
% Resale Factor          = 0.5
% Normal Private Value:
%   Mean                 = 0
%   Standard Deviation   = 30



goods 256
bids 1000
dummy 180

0	34.4557	33	48	256	#
1	45.8635	17	33	256	#
2	1138.25	3	4	17	18	19	34	35	107	123	139	140	141	156	157	158	172	233	235	249	250	257	#
3	1555.29	1	2	3	4	5	6	17	18	19	20	21	22	34	35	36	119	120	135	136	152	257	#
4	1459.44	1	2	3	4	5	6	17	18	19	20	21	22	34	35	36	37	51	53	67	69	257	#
5	1361.61	1	2	3	4	5	17	18	19	20	21	22	35	36	37	51	52	53	67	144	161	257	#
6	1355.44	2	3	4	5	16	17	18	19	20	21	22	34	35	36	37	38	51	52	67	180	257	#
7	1349.33	0	1	2	16	17	18	19	34	35	49	50	51	65	66	81	123	125	126	139	140	257	#
8	165.301	29	30	258	#
9	210.388	14	30	258	#
10	129.315	168	183	184	200	259	#
11	190.232	151	152	168	169	259	#
12	173.081	166	167	183	184	259	#
13	137.833	183	198	199	200	259	#
14	167.679	185	186	202	218	260	#
15	213.038	185	202	218	219	260	#
16	99.5299	170	186	187	202	260	#
17	196.103	112	128	129	261	#
18	205.455	128	129	130	261	#
19	196.738	96	112	128	261	#
20	83.5211	112	113	128	261	#
21	324.762	200	215	216	217	230	262	#
22	355.129	214	215	230	231	246	262	#
23	314.244	217	218	219	220	234	262	#
24	273.162	199	200	215	230	231	262	#
25	224.285	198	199	200	214	216	262	#
26	192.392	216	217	231	232	248	262	#
27	1954.01	52	68	69	71	72	77	84	85	86	87	88	93	98	99	100	101	102	104	114	115	116	117	131	132	146	148	263	#
28	2189.27	35	50	51	52	53	66	67	69	70	71	82	83	84	85	86	98	99	100	101	114	115	116	117	131	132	133	263	#
29	2085.62	49	50	52	53	66	67	68	69	82	83	84	85	86	98	99	100	101	115	117	134	135	203	204	205	206	219	263	#
30	2065.35	44	61	77	78	79	90	91	92	93	94	95	98	99	107	108	109	110	111	115	123	125	126	127	140	141	142	263	#
31	2020.41	3	4	16	17	18	19	20	34	35	36	50	51	52	53	54	55	66	67	68	69	70	71	82	83	84	85	263	#
32	2020.4	83	97	98	99	112	113	114	115	116	117	129	130	131	132	133	134	146	147	148	149	162	163	176	177	178	193	263	#
33	1912.9	68	84	85	98	100	115	116	117	118	130	131	132	133	134	146	147	148	149	150	164	179	220	236	237	252	264	#
34	2077.27	40	86	100	102	115	116	117	118	119	131	132	133	134	135	136	148	149	150	152	165	177	192	193	208	209	264	#
35	2037.27	3	19	69	81	83	84	85	96	97	98	99	100	101	113	114	115	117	129	130	146	196	197	213	214	215	264	#
36	1962.14	0	16	85	98	99	100	101	115	116	117	118	131	132	133	134	146	147	148	149	150	162	163	164	166	179	264	#
37	1793.71	4	19	20	21	35	36	37	51	52	53	54	55	67	68	69	70	83	84	85	86	87	88	89	100	103	264	#
38	1788.25	117	118	132	148	149	150	163	164	165	166	179	180	181	182	183	196	197	198	199	213	214	215	228	231	244	264	#
39	433.137	68	83	84	85	100	265	#
40	480.907	83	99	100	115	117	265	#
41	386.669	67	83	84	100	101	265	#
42	367.182	52	68	69	84	85	265	#
43	348.714	82	83	84	182	198	265	#
44	112.87	168	183	184	266	#
45	159.558	168	169	184	266	#
46	130.66	183	199	207	266	#
47	236.71	117	118	119	134	149	150	#
48	132.274	0	#
49	92.4274	15	#
50	58.8245	193	#
51	278.046	200	216	217	231	232	267	#
52	325.616	183	200	215	216	232	267	#
53	316.899	201	202	217	218	233	267	#
54	218.181	229	232	233	247	248	267	#
55	811.79	96	98	112	113	114	115	117	118	128	129	130	131	132	146	268	#
56	1073.67	99	100	115	116	117	118	131	132	133	134	147	148	230	246	268	#
57	1045.96	100	101	116	117	118	119	133	134	150	189	190	203	204	206	268	#
58	1040.97	66	67	81	82	83	97	98	99	100	112	113	114	115	116	268	#
59	1002.92	68	84	99	100	101	102	114	115	116	117	131	132	134	147	268	#
60	981.946	18	34	48	50	64	65	66	81	82	83	98	99	114	174	268	#
61	925.356	30	214	229	230	231	232	233	234	245	246	247	248	249	250	269	#
62	1146.88	5	20	21	22	36	37	54	233	234	235	248	249	250	251	269	#
63	1114.52	149	150	166	182	196	197	198	212	213	214	229	230	244	245	269	#
64	1002.89	182	196	198	199	212	213	214	215	228	230	243	244	246	247	269	#
65	1001.18	84	180	182	196	197	198	212	213	214	215	229	230	231	247	269	#
66	978.923	15	19	29	30	31	43	44	45	47	61	62	63	224	225	269	#
67	670.229	130	131	145	146	147	162	163	177	224	225	240	241	270	#
68	926.846	115	116	117	118	130	131	132	134	145	146	147	150	270	#
69	907.228	113	114	116	128	129	130	131	145	146	147	163	201	270	#
70	880.025	115	116	117	118	129	130	131	132	133	134	149	150	270	#
71	848.531	177	192	193	194	208	209	210	211	224	240	241	242	270	#
72	799.358	97	113	114	115	129	130	131	145	146	147	160	162	270	#
73	337.537	72	87	88	89	90	104	106	271	#
74	399.889	92	105	106	107	108	121	122	271	#
75	397.614	58	59	60	74	89	90	105	271	#
76	308.903	72	87	88	89	90	103	106	271	#
77	296.129	71	87	88	102	103	104	119	271	#
78	274.155	72	86	87	88	103	104	120	271	#
79	360.564	119	120	121	136	137	138	153	155	272	#
80	489.519	40	122	138	139	154	155	171	198	272	#
81	419.708	121	136	137	153	154	169	184	185	272	#
82	410.7	70	71	87	102	103	118	119	203	272	#
83	409.257	121	122	135	136	137	138	153	155	272	#
84	401.331	105	119	121	134	135	136	150	152	272	#
85	264.242	105	121	137	138	139	273	#
86	380.061	121	137	153	154	169	273	#
87	321.275	105	121	122	137	138	273	#
88	307.06	105	106	121	122	138	273	#
89	197.799	105	120	121	138	155	273	#
90	185.025	139	140	154	155	156	273	#
91	197.119	117	118	132	134	274	#
92	218.505	101	117	131	132	274	#
93	183.523	101	117	118	133	274	#
94	175.048	102	118	119	134	274	#
95	845.656	104	105	106	119	120	122	134	135	136	151	152	153	275	#
96	826.768	105	119	121	122	135	136	138	150	151	152	153	168	275	#
97	775.301	116	117	118	119	120	132	133	134	135	148	150	151	275	#
98	760.22	79	95	111	126	127	135	150	151	152	168	184	217	275	#
99	740.153	89	90	106	107	120	121	122	136	137	138	152	153	275	#
100	739.549	74	90	106	107	121	122	123	138	139	153	154	163	275	#
101	735.627	151	162	163	164	165	166	167	177	183	184	199	215	216	276	#
102	883.466	184	197	199	200	201	213	214	215	216	230	231	246	247	276	#
103	850.512	135	151	152	154	166	167	168	169	170	184	185	186	201	276	#
104	839.824	131	145	146	147	148	160	161	162	163	176	177	178	223	276	#
105	785.221	169	183	184	185	198	199	200	201	214	215	216	232	233	276	#
106	757.393	133	147	148	149	163	164	165	180	181	182	196	197	213	276	#
107	570.878	151	166	167	168	183	184	199	200	201	215	277	#
108	755.353	78	79	94	167	182	183	198	199	200	214	277	#
109	729.123	16	32	183	199	200	215	216	230	232	246	277	#
110	654.846	151	152	154	166	167	168	169	182	197	198	277	#
111	620.058	13	168	184	185	199	200	201	215	216	217	277	#
112	619.868	134	149	150	151	152	167	168	182	183	199	277	#
113	564.034	112	128	144	160	161	162	176	177	178	278	#
114	726.115	160	161	162	163	176	177	193	208	209	278	#
115	691.02	12	161	162	163	176	177	185	200	201	278	#
116	668.527	161	162	176	177	178	192	193	194	209	278	#
117	652.602	144	147	160	161	162	163	176	177	192	278	#
118	625.033	112	116	128	129	130	131	144	160	176	278	#
119	1402.03	40	55	56	71	72	73	86	87	88	89	102	103	104	105	117	118	119	120	121	136	152	153	168	279	#
120	1690.37	75	91	103	117	118	119	120	121	134	135	136	137	138	151	152	153	165	166	167	168	182	183	184	279	#
121	1605.65	13	40	55	56	58	69	70	71	72	73	74	85	86	87	88	89	90	103	104	105	106	119	120	279	#
122	1535.91	53	57	69	73	85	86	87	88	89	90	99	100	101	102	103	104	105	117	119	120	135	136	137	279	#
123	1535.55	81	82	83	84	96	97	98	101	102	103	112	113	114	115	116	117	131	132	133	134	147	163	179	279	#
124	1510.28	8	23	24	25	26	38	39	40	41	42	54	55	56	57	72	73	83	99	100	117	133	189	209	279	#
125	163.285	80	86	102	238	239	255	280	#
126	234.174	80	81	216	217	232	233	280	#
127	207.045	221	237	238	252	253	255	280	#
128	1349.63	2	16	17	18	20	21	32	33	34	35	36	37	48	49	50	52	65	66	81	235	236	249	250	251	281	#
129	1770.85	16	32	33	34	35	36	49	50	51	52	53	54	67	68	69	70	71	85	124	125	126	127	140	155	281	#
130	1718.43	12	20	21	33	35	37	38	50	51	52	53	54	65	66	67	68	69	70	84	85	86	101	103	104	281	#
131	1692.24	0	1	2	16	17	18	20	32	33	34	35	48	49	50	51	52	64	65	66	67	81	82	97	98	281	#
132	1684.49	0	1	2	14	15	16	17	18	29	30	31	32	33	34	35	46	47	48	49	50	51	63	65	66	281	#
133	1672.85	0	3	16	17	18	19	32	33	34	35	48	49	50	51	64	65	66	67	80	81	82	96	97	114	281	#
134	1105.02	90	91	92	93	94	107	108	109	110	111	123	124	125	140	141	209	282	#
135	1225.28	75	91	124	125	137	138	139	140	141	154	155	156	157	170	171	173	282	#
136	1160.91	93	109	110	123	124	125	139	140	141	155	156	157	173	189	205	206	282	#
137	1160.05	40	45	60	61	90	91	107	109	110	122	123	124	125	138	140	156	282	#
138	1133.42	79	93	95	109	110	111	121	125	126	136	137	141	142	153	157	169	282	#
139	1125.73	91	106	107	108	110	121	122	123	124	125	136	137	138	140	153	156	282	#
140	71.4351	220	#
141	753.982	65	80	81	82	96	97	98	112	114	115	131	283	#
142	954.198	96	97	98	99	113	114	115	128	129	130	146	283	#
143	922.534	115	116	117	131	132	133	134	135	136	147	149	283	#
144	826.494	65	66	80	81	82	96	97	112	113	128	129	283	#
145	824.886	67	80	81	96	97	98	112	113	114	128	129	283	#
146	801.523	83	84	98	99	100	101	113	114	115	116	117	283	#
147	440.002	137	140	153	154	155	169	284	#
148	462.162	153	154	169	170	186	187	284	#
149	439.662	28	122	137	138	153	154	284	#
150	426.303	140	141	154	155	156	157	284	#
151	308.302	150	151	152	167	168	169	284	#
152	287.271	121	122	138	155	156	172	284	#
153	156.578	42	43	221	285	#
154	176.012	41	42	43	285	#
155	116.153	220	221	237	285	#
156	75.1057	42	43	59	285	#
157	415.923	220	234	235	236	243	251	252	286	#
158	586.587	173	188	189	203	204	205	220	286	#
159	453.298	7	8	23	218	234	249	250	286	#
160	440.511	222	237	238	252	253	254	255	286	#
161	430.758	220	222	236	237	251	252	253	286	#
162	406.408	166	182	197	198	214	220	236	286	#
163	668.13	100	116	132	133	149	163	164	165	166	222	238	287	#
164	956.15	83	98	99	100	114	115	116	117	130	131	133	287	#
165	844.783	87	100	101	102	116	117	130	131	132	133	146	287	#
166	833.503	100	117	133	148	149	150	165	166	182	198	199	287	#
167	757.222	69	83	84	85	99	100	101	116	117	132	148	287	#
168	751.637	116	117	118	131	132	133	134	149	150	151	246	287	#
169	1305.19	59	74	75	90	91	105	106	107	108	109	120	121	122	123	135	136	137	138	154	169	170	171	288	#
170	1501.14	71	72	73	74	89	90	91	98	99	104	105	107	115	130	131	147	192	209	225	226	242	243	288	#
171	1498.29	91	107	108	122	123	124	125	138	140	141	156	157	158	163	166	167	179	180	181	182	183	197	288	#
172	1436.61	107	108	122	123	124	125	138	139	140	152	154	155	156	157	158	159	168	169	171	174	175	184	288	#
173	1397.74	1	2	12	124	138	140	154	155	156	169	170	171	172	186	187	188	189	203	204	205	220	221	288	#
174	1357.91	20	21	22	95	120	121	124	136	137	151	152	153	154	155	168	169	185	196	201	202	211	212	288	#
175	1448.82	25	41	57	58	144	145	160	161	176	177	178	179	192	193	194	195	196	197	209	211	212	213	226	227	228	243	289	#
176	1886.6	153	154	169	170	176	177	178	184	185	192	193	194	195	196	208	209	210	212	213	225	226	227	228	241	242	243	289	#
177	1779.47	129	145	160	176	177	180	192	193	194	195	196	197	208	209	210	211	212	213	215	225	226	227	228	229	230	243	289	#
178	1671.07	85	100	116	117	133	134	148	149	165	178	179	180	181	182	195	196	197	198	211	212	213	214	227	229	230	244	289	#
179	1610.16	26	43	44	75	89	90	91	92	93	94	104	105	106	107	108	122	123	128	129	139	140	144	145	160	161	176	289	#
180	1605.4	178	180	181	182	192	193	194	195	196	197	208	209	210	211	212	213	214	215	224	226	227	228	229	241	243	244	289	#
181	68.0141	87	104	290	#
182	88.3467	87	102	290	#
183	70.8039	104	120	290	#
184	731.456	78	79	92	93	94	108	109	110	124	125	126	291	#
185	822.086	76	77	90	91	92	93	107	108	109	124	125	291	#
186	743.54	93	94	108	109	123	124	125	138	139	140	141	291	#
187	713.373	44	46	47	60	61	62	63	76	77	78	92	291	#
188	708.267	77	78	94	108	109	110	124	125	126	141	157	291	#
189	702.417	95	110	111	124	125	127	140	141	156	157	172	291	#
190	144.025	228	#
191	216.321	7	231	246	247	292	#
192	275.54	7	8	24	25	292	#
193	220.976	215	230	231	246	292	#
194	196.65	230	246	247	248	292	#
195	160.086	230	245	246	247	292	#
196	506.331	20	36	53	54	55	71	293	#
197	529.619	2	3	4	20	21	35	293	#
198	518.081	22	37	38	54	55	136	293	#
199	456.241	35	36	51	53	67	83	293	#
200	398.394	22	38	39	54	55	56	293	#
201	382.322	38	39	54	55	71	87	293	#
202	63.1943	54	#
203	271.246	161	162	178	235	236	294	#
204	340.065	218	219	234	235	236	294	#
205	308.411	144	161	162	177	178	294	#
206	228.267	145	161	162	163	178	294	#
207	199.977	232	233	234	235	250	294	#
208	175.947	178	179	194	195	196	294	#
209	227.841	194	195	196	295	#
210	306.145	196	213	228	295	#
211	242.058	194	195	211	295	#
212	157.888	178	193	194	295	#
213	1105.34	62	76	78	79	91	92	93	94	95	107	108	109	110	111	123	124	125	126	142	296	#
214	1260.01	50	51	61	62	76	77	78	92	93	107	108	109	110	122	123	124	125	140	205	296	#
215	1246.37	88	89	90	106	107	121	122	123	124	125	136	137	138	139	140	153	154	155	170	296	#
216	1218.87	30	46	47	58	59	62	63	75	76	77	78	79	91	92	93	94	107	108	124	296	#
217	1204.02	44	60	75	76	77	78	79	91	93	94	95	107	109	110	123	125	211	212	227	296	#
218	1202.13	91	92	107	108	109	110	122	123	124	125	137	138	139	140	141	154	155	156	157	296	#
219	208.479	44	60	61	297	#
220	152.544	44	45	61	297	#
221	139.586	42	59	60	297	#
222	505.618	183	198	199	200	214	215	230	298	#
223	571.832	182	196	197	198	214	215	230	298	#
224	479.466	181	197	198	214	215	230	250	298	#
225	416.909	44	79	167	182	183	198	199	298	#
226	373.305	214	215	230	231	246	247	248	298	#
227	359.867	199	215	216	217	218	234	247	298	#
228	25.034	7	8	#
229	838.048	9	24	26	27	28	29	30	43	44	45	59	61	143	192	208	299	#
230	1087.92	45	46	47	60	61	81	97	98	100	113	114	115	116	131	147	299	#
231	1044.16	13	29	30	31	44	45	46	47	60	61	62	63	76	78	79	299	#
232	986.507	8	9	10	11	12	25	26	28	185	188	201	202	203	219	220	299	#
233	976.698	11	12	28	29	43	44	45	59	60	61	62	75	76	77	78	299	#
234	967.377	10	11	27	28	29	30	43	44	45	47	59	60	61	63	79	299	#
235	116.735	91	92	300	#
236	102.012	75	91	300	#
237	47.3475	92	93	300	#
238	1053.68	112	113	128	129	130	131	132	144	145	160	161	162	177	301	#
239	1130.54	83	99	115	116	117	118	130	131	132	147	148	163	199	301	#
240	1113.85	100	116	117	129	130	131	132	133	147	148	149	163	165	301	#
241	988.332	85	86	100	101	102	103	117	118	119	133	134	135	162	301	#
242	962.273	96	97	98	112	113	114	115	129	130	131	145	146	147	301	#
243	910.402	96	97	113	129	130	131	144	145	146	147	160	161	163	301	#
244	315.407	13	14	30	47	59	74	75	302	#
245	432.123	42	58	59	68	75	76	91	302	#
246	406.811	14	15	29	30	31	47	63	302	#
247	390.735	13	14	15	29	30	31	47	302	#
248	382.119	12	13	14	27	28	29	44	302	#
249	374.619	42	59	75	90	91	106	107	302	#
250	1969.27	53	70	85	86	87	88	101	102	103	116	117	118	119	132	133	134	135	136	149	150	210	211	212	225	226	227	228	229	241	242	243	244	245	246	247	303	#
251	2306.84	10	11	12	19	20	22	27	28	33	36	37	38	48	49	52	53	54	64	65	67	68	69	80	83	84	85	86	100	101	102	103	118	119	120	141	303	#
252	2285.43	19	20	21	36	37	45	53	70	181	182	194	196	197	198	208	209	210	211	212	213	214	215	225	226	227	228	229	230	231	243	244	245	246	247	248	303	#
253	2277.32	9	11	12	13	25	26	27	28	29	42	43	44	59	60	73	79	214	215	216	217	218	219	220	221	230	231	232	233	234	246	247	248	249	250	251	303	#
254	2273.02	19	20	35	36	51	52	53	67	68	69	70	83	84	85	86	98	99	100	101	115	116	117	118	130	131	133	134	135	136	147	150	151	152	168	239	303	#
255	2184.99	20	21	37	38	52	53	54	55	67	70	72	84	85	86	87	88	100	101	102	103	104	116	117	118	119	120	121	131	133	134	135	136	150	151	152	303	#
256	20.4805	91	#
257	728.085	29	30	31	44	45	46	47	60	61	62	63	77	78	79	94	95	110	304	#
258	1077.25	13	14	15	29	30	31	45	47	63	79	95	204	218	219	220	235	236	304	#
259	1059.66	13	14	15	28	29	30	31	44	45	46	47	60	61	62	63	78	79	304	#
260	1053.98	11	12	13	26	27	28	29	30	40	41	42	44	53	59	60	70	76	304	#
261	1050.08	14	30	46	47	58	59	60	62	63	74	75	76	77	78	79	90	92	304	#
262	952.047	14	15	28	29	30	31	44	45	46	47	61	62	63	77	78	79	93	304	#
263	639.426	23	38	39	55	219	234	235	236	250	251	305	#
264	639.914	38	39	54	55	71	104	105	106	121	122	305	#
265	633.255	27	203	217	218	219	220	233	234	235	251	305	#
266	626.378	21	36	37	38	39	52	53	54	55	69	305	#
267	612.029	22	23	24	38	39	52	53	54	55	152	305	#
268	595.587	202	203	218	219	220	221	234	235	236	251	305	#
269	633.078	219	222	223	235	236	237	238	239	250	251	252	253	254	255	306	#
270	878.03	34	50	51	52	53	65	66	67	83	153	154	211	239	255	306	#
271	752.492	12	158	173	174	189	190	191	205	206	207	221	222	223	238	306	#
272	745.092	203	218	219	220	221	222	234	235	236	237	249	250	251	252	306	#
273	739.707	192	193	194	207	208	209	210	221	222	223	224	225	240	241	306	#
274	735.371	76	189	204	205	219	220	232	233	234	235	236	250	251	252	306	#
275	359.419	48	64	65	66	67	80	307	#
276	389.308	50	66	67	77	82	83	307	#
277	367.771	17	32	33	48	49	65	307	#
278	365.732	51	67	82	83	84	98	307	#
279	249.725	48	64	80	96	112	113	307	#
280	212.216	0	16	32	33	48	50	307	#
281	1697.84	115	116	117	131	132	145	146	147	148	149	161	162	163	164	177	178	179	180	194	195	196	211	212	227	228	229	308	#
282	2089.14	82	97	98	99	143	182	196	197	198	199	200	211	212	213	214	215	216	226	227	228	229	230	242	243	244	246	308	#
283	2031.92	5	82	83	84	85	98	99	100	114	115	116	129	130	131	132	145	146	148	160	161	162	163	164	177	178	193	308	#
284	2029.12	69	84	85	100	101	116	117	128	129	130	131	132	133	144	145	146	147	148	161	162	163	164	177	178	179	193	308	#
285	1932.41	82	83	84	99	100	101	114	115	116	117	130	131	132	145	146	147	148	149	150	163	164	165	166	179	194	195	308	#
286	1906.18	65	66	79	81	82	87	93	96	97	98	99	100	102	103	104	114	115	116	117	118	130	131	132	134	146	150	308	#
287	944.267	41	42	43	58	59	74	75	76	89	90	91	92	105	106	107	115	121	122	181	309	#
288	1325.17	11	27	28	50	65	80	81	82	96	97	98	112	113	115	116	117	131	132	146	309	#
289	1248.72	48	50	65	66	80	81	82	89	90	96	97	98	105	106	107	113	122	123	124	309	#
290	1217.57	88	89	102	103	104	105	107	108	120	121	122	136	137	138	139	140	153	154	155	309	#
291	1205.84	72	73	87	88	90	91	104	105	106	107	108	121	122	123	136	137	138	139	154	309	#
292	1158.82	75	89	90	91	92	93	107	108	164	180	181	182	196	197	212	213	214	228	229	309	#
293	805.494	16	37	50	52	53	64	65	66	67	68	69	70	80	84	86	310	#
294	1082	51	52	53	65	66	67	68	69	82	83	84	100	101	117	126	310	#
295	1048.71	50	52	66	67	68	69	83	84	85	86	100	101	102	117	134	310	#
296	993.576	37	52	53	54	55	56	68	69	70	72	84	85	100	101	211	310	#
297	970.53	68	69	70	71	72	85	86	87	88	101	102	103	104	117	119	310	#
298	931.668	36	37	38	52	53	54	55	68	69	70	84	86	100	101	102	310	#
299	1029.37	78	79	94	95	109	110	111	125	127	143	160	232	233	234	249	311	#
300	1166.02	11	77	78	79	92	93	94	95	109	110	111	126	127	128	129	311	#
301	1054.04	45	61	75	76	77	91	92	93	108	109	110	125	126	127	142	311	#
302	1032.28	94	98	99	100	109	110	111	115	116	125	126	127	141	142	158	311	#
303	990.738	30	31	45	46	47	62	63	76	77	78	79	93	94	95	111	311	#
304	914.762	37	46	61	62	76	77	78	92	93	94	109	110	125	126	140	311	#
305	96.8113	63	#
306	727.092	174	189	190	203	204	205	206	207	220	221	222	223	235	236	237	238	251	252	312	#
307	1007.78	25	29	30	31	47	176	192	205	206	207	218	219	220	221	222	235	237	238	312	#
308	992.064	68	69	84	85	101	102	156	157	172	173	174	186	187	188	189	190	202	206	312	#
309	954.694	38	54	55	73	74	89	90	105	158	174	190	206	207	222	223	237	238	239	312	#
310	947.215	153	169	185	200	201	205	206	207	216	217	222	232	237	238	252	253	254	255	312	#
311	939.75	188	191	203	206	207	220	222	223	235	236	237	238	239	251	252	253	254	255	312	#
312	368.111	141	157	158	159	175	313	#
313	386.88	157	158	159	175	191	313	#
314	361.393	141	157	158	173	174	313	#
315	331.853	159	175	191	207	222	313	#
316	325.574	70	156	157	173	207	313	#
317	235.451	141	142	143	157	158	313	#
318	766.911	196	212	214	228	229	230	243	244	247	314	#
319	848.665	211	212	213	214	226	227	228	229	230	314	#
320	797.573	213	214	228	229	230	231	244	247	248	314	#
321	769.957	215	228	229	230	231	244	245	247	248	314	#
322	708.98	180	194	195	196	197	211	212	228	229	314	#
323	668.909	209	211	224	225	226	227	228	240	243	314	#
324	180.116	63	147	315	#
325	253.502	146	147	315	#
326	138.287	63	240	315	#
327	501.071	9	10	11	12	13	14	26	27	28	29	110	316	#
328	658.589	12	13	14	15	29	30	44	45	47	61	77	316	#
329	610.54	11	12	13	14	15	29	30	31	43	44	47	316	#
330	576.01	4	19	28	29	43	44	45	59	60	61	211	316	#
331	564.016	11	12	25	26	27	28	29	41	42	57	58	316	#
332	527.842	8	9	10	25	26	27	40	41	42	43	58	316	#
333	592.726	93	108	109	110	111	125	126	140	141	317	#
334	727.353	107	122	123	124	125	140	141	156	157	317	#
335	656.599	29	45	46	62	91	92	107	108	122	317	#
336	599.039	91	92	93	94	107	108	109	110	126	317	#
337	597.662	109	110	123	125	126	140	141	156	207	317	#
338	594.109	109	110	125	139	140	141	142	143	155	317	#
339	581.164	0	1	2	3	4	16	17	18	19	34	35	51	318	#
340	763.145	2	3	4	5	17	18	19	20	36	37	52	53	318	#
341	761.128	4	5	16	17	19	20	21	22	32	33	34	35	318	#
342	755.851	20	36	37	51	52	53	67	233	235	249	250	251	318	#
343	697.233	3	4	17	18	19	20	34	35	36	50	51	66	318	#
344	693.932	1	2	16	17	18	19	32	33	34	145	161	162	318	#
345	181.293	40	41	42	57	319	#
346	178.688	23	24	40	56	319	#
347	174.017	26	41	57	108	319	#
348	169.264	27	28	42	51	319	#
349	130.65	41	57	73	102	319	#
350	107.198	60	76	77	320	#
351	79.9915	60	76	92	320	#
352	60.1671	45	60	61	320	#
353	584.785	36	52	53	67	68	69	83	84	100	321	#
354	663.487	21	36	37	38	52	53	68	70	86	321	#
355	568.155	20	21	35	36	51	52	53	67	83	321	#
356	566.692	37	52	53	67	68	70	76	83	84	321	#
357	562.282	68	84	100	101	115	116	130	131	147	321	#
358	535.48	86	100	101	102	116	117	131	132	147	321	#
359	984.271	18	19	34	49	50	52	67	68	69	83	99	115	135	136	137	152	153	168	322	#
360	1341.53	82	83	97	98	99	100	101	114	115	116	117	131	132	133	134	146	147	163	322	#
361	1288.42	48	50	52	53	65	66	67	68	69	80	81	82	83	84	98	100	101	117	322	#
362	1255.89	2	4	16	17	18	19	20	35	36	52	53	69	70	84	230	231	252	253	322	#
363	1246.37	0	1	2	3	4	5	16	17	18	19	20	32	33	34	35	36	48	51	322	#
364	1190.31	36	52	53	66	67	68	69	70	71	83	87	204	205	221	235	236	237	252	322	#
365	715.189	182	183	184	198	199	200	214	215	216	217	218	232	233	248	323	#
366	900.333	167	182	183	184	197	198	199	200	212	213	214	215	228	230	323	#
367	825.549	151	152	166	167	168	182	183	196	197	198	211	212	213	214	323	#
368	816.014	102	180	182	197	213	214	215	216	217	218	230	231	232	233	323	#
369	812.836	162	170	177	183	185	186	200	201	202	203	214	215	216	217	323	#
370	812.497	119	135	136	151	152	165	166	167	168	169	183	198	200	201	323	#
371	568.008	59	70	75	91	92	93	107	108	109	123	324	#
372	716.491	91	92	105	107	108	109	110	122	123	125	324	#
373	710.698	91	107	122	123	138	140	182	196	197	213	324	#
374	631.846	75	91	92	107	108	109	121	122	123	124	324	#
375	628.403	37	38	39	53	55	69	70	71	84	85	324	#
376	520.24	93	94	109	110	124	125	140	141	156	157	324	#
377	585.616	170	186	187	202	203	218	219	233	234	325	#
378	691.649	168	169	170	171	186	187	188	203	204	325	#
379	680.725	188	202	203	204	205	218	219	221	223	325	#
380	625.803	136	137	151	152	153	168	184	218	219	325	#
381	594.386	172	173	187	188	189	202	203	204	218	325	#
382	568.84	187	188	202	203	204	218	219	234	235	325	#
383	465.702	179	180	195	196	211	213	214	228	326	#
384	661.034	182	196	197	198	213	214	215	230	326	#
385	607.952	85	86	87	102	103	213	214	228	326	#
386	606.333	195	209	210	211	226	227	242	243	326	#
387	535.814	211	226	227	228	229	243	244	245	326	#
388	446.096	196	212	213	228	229	230	243	247	326	#
389	1327.28	93	109	110	124	125	126	127	138	139	140	141	142	143	156	157	158	159	162	163	170	171	175	176	177	191	192	209	327	#
390	1755.04	101	114	115	116	117	129	130	131	132	133	134	135	146	147	148	149	163	164	165	179	181	194	195	209	210	225	226	327	#
391	1627.21	31	47	91	92	93	105	107	108	116	122	123	124	125	131	138	139	140	141	150	151	155	156	157	171	172	173	188	327	#
392	1626.85	177	178	179	193	194	200	201	209	213	214	215	216	217	218	225	226	228	229	230	234	241	243	244	245	246	247	250	327	#
393	1587.68	103	104	117	118	119	120	128	129	134	135	136	144	145	146	150	151	160	161	176	177	178	179	192	193	194	209	210	327	#
394	1569.05	47	60	62	63	76	77	78	79	91	92	93	94	95	108	109	110	111	123	125	126	127	140	141	156	157	173	174	327	#
395	270.316	139	140	237	238	253	254	328	#
396	380.923	206	221	222	236	237	238	328	#
397	370.81	238	250	251	252	253	254	328	#
398	322.656	221	237	238	253	254	255	328	#
399	247.414	121	137	138	139	140	155	328	#
400	228.976	140	141	155	156	157	158	328	#
401	1546.4	167	183	184	199	200	213	214	215	216	217	228	229	230	231	232	233	243	244	245	246	247	248	329	#
402	1800.25	182	183	184	199	200	211	214	215	216	217	218	227	228	229	230	231	232	242	243	244	247	248	329	#
403	1635.7	91	106	107	115	116	117	131	132	133	134	148	150	211	213	226	227	228	229	230	243	244	245	329	#
404	1634.15	151	152	167	170	171	182	183	184	186	187	197	198	199	200	201	202	203	213	214	215	217	218	329	#
405	1621.24	115	116	151	167	182	183	184	196	198	199	200	213	214	215	216	227	228	229	230	231	246	248	329	#
406	1618.93	110	125	141	156	157	158	168	172	173	183	184	185	199	200	201	214	215	216	230	231	247	248	329	#
407	178.097	25	41	42	330	#
408	254.017	25	124	140	330	#
409	214.358	26	27	42	330	#
410	209.415	9	25	41	330	#
411	58.074	213	#
412	593.905	83	84	85	99	100	101	117	331	#
413	681.305	100	101	116	117	131	132	134	331	#
414	632.237	84	85	99	100	101	116	117	331	#
415	599.124	84	85	98	99	100	101	116	331	#
416	537.711	69	70	84	85	100	101	117	331	#
417	488.164	69	70	84	85	100	101	102	331	#
418	142.286	103	119	332	#
419	159.968	118	119	332	#
420	99.209	103	160	332	#
421	143.473	121	138	333	#
422	172.546	137	138	333	#
423	87.5729	105	121	333	#
424	2734.61	62	78	79	94	95	104	107	108	109	110	111	119	120	121	122	123	125	126	138	139	140	141	155	156	157	158	159	171	172	173	175	187	188	189	190	191	202	203	204	205	206	218	219	220	221	237	253	334	#
425	3060.08	20	30	36	37	46	47	48	49	50	52	53	62	63	64	65	66	67	69	77	78	79	82	83	84	94	95	98	99	109	110	111	114	115	123	124	125	126	130	139	140	141	146	147	156	188	189	214	334	#
426	3031.9	74	76	90	91	92	105	106	107	108	109	110	114	115	116	121	122	123	124	125	129	130	131	132	138	140	141	146	147	148	154	156	157	161	162	163	164	173	178	179	194	195	205	210	211	220	221	227	334	#
427	3002.86	1	2	36	41	53	62	68	69	70	76	77	78	84	85	89	90	91	92	94	95	101	105	106	107	108	121	122	123	124	138	139	140	154	155	156	197	210	211	212	213	226	227	228	242	243	244	245	334	#
428	2928.28	16	17	18	28	29	33	44	45	48	49	50	51	60	61	65	66	67	76	77	78	79	91	92	93	94	95	106	107	108	109	110	111	122	123	124	125	126	127	138	140	141	142	154	155	156	157	158	334	#
429	2902.58	2	5	7	18	19	20	21	23	24	35	36	37	38	39	53	78	79	91	94	95	107	108	109	110	111	122	123	124	125	126	127	139	140	141	142	143	155	156	157	158	159	172	173	174	175	188	191	334	#
430	92.3699	78	#
431	590.076	85	99	100	101	117	132	133	335	#
432	564.817	99	100	117	118	133	134	150	335	#
433	518.707	84	85	99	100	101	117	118	335	#
434	509.462	96	97	98	99	113	114	115	335	#
435	497.751	84	85	99	100	101	116	117	335	#
436	428.273	117	119	133	134	135	149	165	335	#
437	618.069	190	191	205	206	207	221	222	223	237	238	239	336	#
438	824.649	189	203	204	205	206	220	221	222	236	237	252	336	#
439	778.048	205	206	207	220	221	222	223	236	237	239	253	336	#
440	715.328	205	206	207	221	222	235	236	237	238	252	253	336	#
441	709.383	203	206	220	221	222	223	237	238	239	253	254	336	#
442	702.361	83	99	100	101	102	103	118	223	237	238	239	336	#
443	45.6368	126	#
444	1561.06	57	58	74	187	188	191	203	204	205	206	207	219	220	221	222	223	234	235	236	237	238	239	250	252	253	254	255	337	#
445	2264.08	1	2	3	16	17	18	19	33	34	48	49	50	51	65	66	81	82	83	85	98	100	114	115	204	205	220	234	337	#
446	1904.45	85	100	187	191	203	204	206	207	219	220	221	222	223	231	234	235	236	237	238	239	248	249	250	251	252	253	254	337	#
447	1821.4	100	117	119	131	132	134	135	147	148	149	150	151	163	164	165	190	191	205	206	207	221	222	223	238	239	254	255	337	#
448	1779.01	10	11	12	13	14	26	27	28	29	42	43	44	45	59	190	191	205	206	207	220	221	222	223	237	238	252	253	337	#
449	1629.51	187	200	201	202	203	204	205	216	217	218	219	220	221	222	231	232	233	234	235	236	237	238	248	250	251	252	253	337	#
450	167.506	11	28	338	#
451	131.696	11	27	338	#
452	71.6247	28	29	338	#
453	1536.69	180	189	196	197	198	199	203	204	205	213	214	215	218	219	220	221	230	231	232	233	234	235	236	237	246	247	248	249	250	251	252	339	#
454	2013.76	60	61	76	77	91	92	93	107	108	109	110	114	122	123	124	125	138	140	141	196	199	212	213	214	215	228	229	230	231	244	247	339	#
455	1699.36	115	116	131	146	147	148	149	162	163	164	178	179	180	182	183	184	196	198	199	200	214	215	229	230	231	232	233	246	247	248	249	339	#
456	1641.47	107	123	139	156	157	172	173	178	184	185	189	197	198	199	200	204	214	215	216	226	230	231	232	233	234	235	247	248	249	250	251	339	#
457	1635.38	18	70	71	87	146	148	149	150	162	163	164	166	178	179	180	181	182	194	195	196	197	198	210	211	212	213	214	228	229	244	245	339	#
458	1634.8	16	170	171	184	185	186	187	188	189	190	191	202	203	204	205	206	207	218	219	220	221	222	234	236	237	238	239	252	253	254	255	339	#
459	472.058	4	5	6	7	8	9	23	24	25	340	#
460	613.645	4	5	6	20	21	36	37	144	160	340	#
461	572.817	4	5	6	7	8	9	24	25	26	340	#
462	526.811	4	19	20	21	33	34	48	50	162	340	#
463	517.786	8	9	24	25	26	27	40	41	42	340	#
464	430.068	6	7	8	23	24	40	55	56	73	340	#
465	670.738	83	98	99	100	115	116	131	341	#
466	613.339	68	84	85	99	100	116	131	341	#
467	587.598	80	81	96	97	98	99	115	341	#
468	573.513	80	82	96	97	98	99	115	341	#
469	565.045	99	100	101	116	117	132	133	341	#
470	541.195	116	117	118	131	132	146	147	341	#
471	1249.32	1	3	4	16	17	18	19	32	33	34	45	48	49	50	51	52	65	67	80	83	342	#
472	1542.44	0	1	2	3	4	5	6	16	17	18	19	20	21	22	33	34	35	40	48	49	342	#
473	1507	16	17	18	19	20	32	33	34	35	36	49	50	51	65	68	69	80	81	83	84	342	#
474	1453.03	0	1	2	3	4	16	17	18	19	20	33	34	35	36	37	49	52	53	69	70	342	#
475	1445.19	3	4	5	17	19	20	32	33	34	35	36	48	49	50	64	65	66	67	83	84	342	#
476	1442.99	1	3	4	5	6	7	17	19	20	21	34	35	36	37	52	53	69	147	148	163	342	#
477	71.3718	115	#
478	332.081	101	102	216	231	232	247	248	343	#
479	349.348	84	87	100	101	102	117	118	343	#
480	319.203	52	69	85	86	100	101	102	343	#
481	304.957	32	33	48	64	200	216	217	343	#
482	240.707	230	231	232	247	248	249	254	343	#
483	233.235	217	220	232	233	234	235	236	343	#
484	772.378	36	37	52	53	68	69	84	100	113	129	344	#
485	849.646	52	68	69	84	85	100	101	117	129	130	344	#
486	833.062	52	53	68	69	83	84	85	99	100	101	344	#
487	826.648	36	52	66	67	68	69	82	83	85	99	344	#
488	807.464	0	84	99	100	101	102	116	117	131	134	344	#
489	708.887	67	68	83	84	85	98	99	115	122	131	344	#
490	130.039	103	119	345	#
491	153.715	103	184	345	#
492	50.5064	118	119	345	#
493	710.53	173	174	189	202	203	204	205	218	219	220	221	236	237	251	252	346	#
494	921.164	32	33	48	49	185	186	188	201	202	203	204	205	217	218	219	346	#
495	806.279	54	55	70	219	220	222	223	235	236	237	238	249	250	251	252	346	#
496	770.555	7	8	154	168	169	170	186	187	188	202	203	220	236	251	252	346	#
497	759.628	203	216	217	218	219	220	222	223	233	234	235	236	237	250	251	346	#
498	738.278	170	171	173	174	187	188	189	190	203	204	205	206	219	220	221	346	#
499	1504.87	13	14	17	18	19	34	93	108	109	110	123	124	125	138	139	140	155	206	222	223	238	239	253	254	255	347	#
500	1485.09	3	4	16	17	19	20	32	33	34	35	36	49	50	51	52	65	66	67	68	80	81	97	114	178	194	347	#
501	1471.2	0	1	2	3	4	16	17	18	19	20	33	34	35	48	49	50	51	52	66	67	68	69	70	71	84	347	#
502	1447.94	90	91	105	106	107	108	109	110	120	121	122	123	124	125	136	137	138	139	140	141	152	154	155	172	188	347	#
503	1412.55	185	186	187	201	202	203	204	218	219	220	222	223	234	235	236	237	238	239	249	250	251	252	253	254	255	347	#
504	1402.07	5	6	7	16	17	18	19	20	21	22	24	32	33	34	35	38	48	49	50	52	65	66	67	68	69	347	#
505	220.07	183	197	198	199	200	348	#
506	324.471	197	198	199	200	214	348	#
507	241.88	44	45	183	198	199	348	#
508	223.415	180	197	198	199	200	348	#
509	1035.38	28	75	91	94	95	107	109	110	111	123	125	126	127	139	140	141	156	172	349	#
510	1293.82	77	78	79	83	93	94	95	98	99	109	110	111	114	115	125	126	127	131	349	#
511	1286.09	76	77	89	90	91	92	93	94	106	107	108	109	122	123	124	125	138	208	349	#
512	1228.23	17	32	33	44	49	58	59	60	61	74	75	76	77	92	93	107	108	109	349	#
513	1206.92	89	90	105	106	107	122	123	138	139	140	153	154	155	156	157	170	172	173	349	#
514	1137.61	11	12	13	14	27	28	29	41	42	44	60	61	76	77	78	94	232	245	349	#
515	1837.75	104	115	116	117	118	119	120	121	132	133	134	135	136	137	138	139	140	148	150	154	155	156	170	186	219	234	235	350	#
516	1906.38	68	84	89	100	103	104	105	116	117	118	119	120	121	133	134	135	136	137	138	152	153	154	169	237	238	253	255	350	#
517	1847.43	68	69	84	85	86	87	98	99	100	101	102	103	114	115	116	117	118	119	120	131	132	133	134	135	146	149	150	350	#
518	1826.19	84	85	87	98	100	101	102	103	115	116	117	118	120	121	132	133	135	136	137	211	223	226	238	239	253	254	255	350	#
519	1815.9	15	86	87	103	104	105	119	120	121	128	129	135	136	138	153	154	155	171	172	180	181	182	196	197	212	213	214	350	#
520	1797.92	50	51	52	54	67	68	69	70	84	85	86	88	99	100	101	102	103	115	116	117	118	119	132	133	134	150	166	350	#
521	130.23	152	168	351	#
522	98.6149	168	169	351	#
523	251.626	33	48	49	65	352	#
524	291.987	16	33	34	48	352	#
525	201.542	47	49	50	65	352	#
526	178.58	48	49	64	80	352	#
527	152.478	49	50	65	80	352	#
528	150.127	228	244	353	#
529	181.337	213	228	353	#
530	163.282	243	244	353	#
531	1566.43	81	96	97	98	101	102	112	113	114	115	116	117	128	129	130	132	144	145	160	161	176	354	#
532	1760.23	81	82	83	97	98	99	100	113	114	116	117	118	132	146	147	148	163	165	181	182	197	354	#
533	1666.36	84	85	97	98	99	100	101	113	114	115	116	117	128	129	130	131	132	133	146	148	163	354	#
534	1656.97	33	80	81	82	83	97	98	99	113	114	115	116	128	129	130	131	132	146	147	148	164	354	#
535	1591.55	19	34	35	81	96	97	98	100	112	113	114	115	116	128	129	130	131	144	145	146	161	354	#
536	1559.83	113	128	129	144	145	148	160	161	162	163	164	165	176	177	178	179	192	193	194	208	209	354	#
537	583.525	6	7	8	22	23	24	25	38	39	40	41	57	355	#
538	861.634	22	37	38	53	54	55	70	227	228	229	243	244	355	#
539	809.104	8	23	24	25	40	136	137	138	152	153	154	155	355	#
540	804.311	21	22	36	37	38	39	52	53	54	55	67	70	355	#
541	669.47	3	4	5	6	19	20	21	22	23	38	39	55	355	#
542	642.951	5	6	7	8	21	22	23	24	36	37	38	233	355	#
543	519.973	77	78	79	93	94	95	110	111	125	126	142	356	#
544	779.567	78	79	91	92	93	94	95	109	110	215	231	356	#
545	720.242	28	43	44	59	60	61	62	63	76	77	93	356	#
546	601.629	7	8	24	110	124	125	140	141	142	157	158	356	#
547	590.986	44	57	61	75	76	77	91	92	93	107	115	356	#
548	558.668	78	79	93	94	95	109	110	111	125	126	127	356	#
549	600.167	10	25	26	27	40	41	42	56	57	73	74	75	89	91	357	#
550	890.918	41	54	55	56	57	69	70	71	72	73	74	147	148	163	357	#
551	852.119	0	1	16	74	89	90	91	105	106	121	122	138	155	171	357	#
552	848.281	24	25	26	39	40	41	42	55	56	57	58	73	74	90	357	#
553	843.422	40	56	57	71	72	73	89	90	105	106	107	120	121	122	357	#
554	837.419	38	39	40	41	55	57	58	60	71	72	73	74	75	76	357	#
555	339.561	5	6	22	37	38	358	#
556	397.922	37	54	69	70	71	358	#
557	282.778	22	37	38	39	55	358	#
558	282.438	7	24	38	39	40	358	#
559	273.981	5	6	7	22	23	358	#
560	154.06	4	5	22	23	39	358	#
561	2275.51	76	92	97	113	114	115	116	117	129	130	131	132	133	144	145	146	147	148	160	161	162	164	165	177	178	179	180	181	193	194	195	196	197	210	211	213	229	359	#
562	2792.03	30	31	45	46	47	62	63	71	72	78	82	85	87	97	98	99	100	101	102	103	104	113	114	115	116	117	118	119	130	131	132	133	146	147	148	149	165	359	#
563	2765.43	85	98	99	100	101	115	116	117	118	131	132	146	147	148	162	163	164	165	166	177	178	179	180	181	182	192	193	194	195	196	197	209	210	211	212	213	229	359	#
564	2623.98	68	80	81	82	83	84	96	97	98	99	100	101	112	113	114	115	116	117	128	129	130	131	132	133	144	145	146	149	160	161	162	176	177	178	192	208	209	359	#
565	2611.47	53	69	84	85	99	100	101	102	115	116	117	118	130	131	132	133	146	147	162	163	164	165	166	169	179	180	181	182	185	186	196	197	202	212	213	214	228	359	#
566	2595.6	27	36	37	42	43	51	52	53	57	58	59	69	70	71	81	84	85	97	98	99	100	101	102	103	106	114	115	116	117	118	130	131	132	146	147	149	163	359	#
567	347.498	193	194	208	209	210	224	360	#
568	456.231	193	208	209	210	211	224	360	#
569	422.974	121	136	152	208	224	225	360	#
570	374.849	208	209	210	211	226	227	360	#
571	358.602	178	192	193	208	209	225	360	#
572	228.513	178	193	194	209	225	226	360	#
573	113.989	4	#
574	2437.35	98	99	115	146	147	148	149	150	161	162	163	164	165	166	167	179	180	181	182	183	184	197	198	199	200	201	203	212	213	214	215	216	217	218	219	229	230	247	361	#
575	2566.88	14	15	30	31	69	82	83	84	85	98	99	100	101	102	114	115	116	117	118	131	133	134	147	148	149	150	151	163	164	165	166	167	181	182	183	197	198	199	361	#
576	2533.05	1	2	18	19	20	33	34	36	37	48	49	50	51	52	53	54	66	67	68	70	82	83	84	98	99	115	116	117	130	131	132	133	134	146	147	148	149	164	361	#
577	2528.63	73	75	85	89	91	100	103	104	105	115	116	119	120	121	128	129	131	132	144	145	146	147	148	161	162	175	177	178	192	193	208	209	224	225	226	240	241	242	361	#
578	2451.05	147	148	161	162	163	164	165	166	176	177	178	179	180	181	182	183	193	195	196	197	198	199	208	209	210	211	212	213	214	215	216	224	225	226	227	228	229	243	361	#
579	2449.27	27	43	44	59	100	101	102	116	117	118	133	134	150	155	166	167	171	172	173	174	183	185	187	188	189	201	202	203	204	216	217	218	219	232	233	234	235	248	361	#
580	594.033	119	135	136	149	150	151	152	153	168	362	#
581	714.209	115	116	130	131	132	146	147	148	149	362	#
582	666.93	133	149	150	151	165	166	168	182	197	362	#
583	643.368	130	131	132	148	152	168	183	184	198	362	#
584	591.406	117	133	134	149	150	166	167	183	199	362	#
585	501.551	23	37	38	39	119	120	135	151	165	362	#
586	1573.18	180	181	182	183	196	197	198	199	200	201	213	214	215	216	217	227	228	229	230	231	232	233	241	242	243	244	246	247	363	#
587	1933.56	153	154	169	170	183	184	185	186	187	201	202	213	214	215	216	217	219	220	229	230	231	232	233	244	245	246	247	248	363	#
588	1828.28	137	151	152	153	154	155	166	167	168	169	170	172	176	177	182	183	184	185	186	187	193	197	198	201	202	218	219	234	363	#
589	1804.13	108	109	123	124	125	126	140	141	142	156	158	201	208	214	215	216	217	229	230	231	232	233	245	246	247	248	249	250	363	#
590	1781.71	120	136	137	138	152	153	154	169	170	173	184	185	186	187	188	189	200	201	202	203	204	216	217	218	219	220	232	233	363	#
591	1726.73	121	148	164	180	181	182	192	196	197	198	208	209	211	213	214	225	226	227	228	229	230	231	241	243	244	245	246	247	363	#
592	322.649	63	79	95	111	364	#
593	419.069	61	77	78	79	364	#
594	341.853	46	47	63	79	364	#
595	328.74	46	63	79	95	364	#
596	300.045	95	111	205	206	364	#
597	1852.55	4	5	6	16	17	18	19	20	21	23	27	28	34	36	37	38	39	40	41	42	50	53	55	69	141	157	189	204	220	365	#
598	2081.49	0	1	2	3	4	16	18	19	20	21	22	32	33	34	35	36	37	38	49	50	51	52	53	54	66	67	69	70	85	365	#
599	2053.34	1	2	3	4	5	6	18	19	20	21	22	34	35	36	51	146	147	148	149	163	164	165	179	180	196	197	212	213	214	365	#
600	2020.48	3	4	5	6	20	21	22	34	35	36	37	38	39	52	53	54	55	68	69	71	85	98	99	100	101	113	114	129	130	365	#
601	1993.23	0	1	2	3	4	5	16	17	18	19	20	21	33	34	36	37	49	50	51	52	53	54	66	67	68	69	70	83	99	365	#
602	1988.55	1	2	3	4	5	6	16	17	18	19	21	22	32	33	34	35	38	42	49	50	51	57	58	59	64	65	66	80	81	365	#
603	703.058	18	37	38	39	40	53	54	55	56	57	71	72	73	89	181	366	#
604	1008.93	6	21	22	38	54	55	56	57	68	69	70	71	85	86	87	366	#
605	1000	22	36	37	38	39	40	52	53	54	55	56	69	70	84	85	366	#
606	982.656	5	20	21	22	23	24	35	36	37	38	39	40	54	55	71	366	#
607	887.415	25	26	40	41	53	54	55	56	57	73	74	75	89	90	91	366	#
608	878.151	39	40	56	57	70	71	72	73	74	86	87	88	89	102	103	366	#
609	19.6039	94	#
610	554.971	185	186	187	201	202	203	219	235	367	#
611	643.905	4	19	20	171	187	202	203	219	367	#
612	585.27	218	219	234	235	236	250	251	252	367	#
613	550.489	72	203	204	219	220	235	236	252	367	#
614	549.166	26	42	170	186	202	203	219	220	367	#
615	532.83	169	170	171	186	187	202	217	218	367	#
616	1754.3	16	17	18	32	33	34	75	76	92	108	109	110	165	166	180	181	182	195	196	197	211	212	213	214	225	228	229	230	242	243	247	368	#
617	2355.75	0	1	2	3	4	10	11	12	16	17	18	19	20	26	27	28	32	33	34	35	42	45	48	49	50	51	52	65	67	68	83	368	#
618	2163.57	0	1	2	3	16	17	18	19	20	21	32	33	34	37	48	49	50	51	52	53	60	61	65	66	67	68	69	77	82	83	84	368	#
619	2148.16	0	3	16	17	18	19	20	32	33	34	35	36	50	51	52	65	67	91	100	107	121	123	124	136	137	138	139	140	155	156	157	368	#
620	2115.22	0	3	4	16	17	18	19	32	33	34	35	36	48	49	50	51	52	64	65	67	68	69	80	81	82	96	97	98	99	252	253	368	#
621	2052.35	21	30	37	46	47	60	61	62	63	76	77	78	79	92	93	94	95	106	107	108	109	121	122	123	124	125	126	138	139	140	142	368	#
622	329.028	108	109	110	124	140	369	#
623	407.184	77	78	93	94	109	369	#
624	401.141	44	60	76	92	108	369	#
625	346.495	124	125	140	141	156	369	#
626	274.01	123	139	140	155	156	369	#
627	160.221	79	94	95	110	111	369	#
628	844.992	2	3	4	5	18	22	37	53	54	68	69	70	84	370	#
629	1043.11	1	2	3	4	17	18	19	20	21	34	35	36	37	370	#
630	1034.53	1	2	3	4	17	19	20	36	37	53	54	69	70	370	#
631	977.058	20	21	22	36	37	38	52	53	54	55	69	70	71	370	#
632	958.18	4	19	20	22	35	36	37	38	53	54	70	86	102	370	#
633	956.858	1	2	3	4	17	18	19	20	35	36	51	53	67	370	#
634	556.219	46	130	131	133	147	148	149	163	164	179	371	#
635	751.216	115	116	130	131	132	146	147	148	163	164	371	#
636	732.438	104	119	120	129	130	131	132	134	135	147	371	#
637	729.12	37	54	116	131	146	147	148	163	164	179	371	#
638	600.584	100	117	133	134	149	150	151	152	236	251	371	#
639	468.217	117	118	132	133	148	149	150	163	164	180	371	#
640	4.45963	72	#
641	294.981	180	197	198	212	213	372	#
642	378.823	196	197	198	213	228	372	#
643	320.523	195	196	212	213	228	372	#
644	318.999	180	196	212	213	228	372	#
645	269.386	93	164	179	180	197	372	#
646	249.58	181	182	196	197	198	372	#
647	376.137	222	237	238	239	253	255	373	#
648	485.161	206	207	222	223	237	252	373	#
649	373.371	206	207	222	237	253	254	373	#
650	336.086	65	237	238	239	252	253	373	#
651	310.443	104	105	120	122	239	255	373	#
652	267.268	236	237	238	251	253	255	373	#
653	279.918	207	211	224	225	226	227	240	241	374	#
654	399.575	40	56	224	225	226	241	242	243	374	#
655	375.698	161	224	225	226	240	241	242	243	374	#
656	350.112	194	208	210	224	225	226	240	241	374	#
657	335.947	194	210	211	225	226	227	242	243	374	#
658	221.387	143	159	175	189	191	205	206	207	374	#
659	49.9796	118	119	#
660	413.504	11	20	27	42	43	58	88	171	187	375	#
661	617.422	11	12	13	27	28	29	44	60	61	375	#
662	615.688	10	11	25	26	27	28	41	42	57	375	#
663	613.537	186	187	188	202	203	204	219	220	236	375	#
664	516.468	27	28	29	42	43	44	45	59	61	375	#
665	512.994	25	26	27	41	42	43	58	74	90	375	#
666	183.652	10	11	27	28	376	#
667	251.719	11	27	28	29	376	#
668	206.126	11	216	232	248	376	#
669	183.506	7	8	9	10	376	#
670	72.9078	26	27	42	43	376	#
671	714.537	83	89	90	99	104	105	115	187	188	203	377	#
672	689.426	85	86	187	188	201	202	203	204	220	236	377	#
673	585.715	64	65	83	98	99	107	108	109	124	125	377	#
674	584.149	59	68	75	84	100	115	116	117	131	132	377	#
675	545.143	64	80	81	82	84	85	98	99	100	101	377	#
676	535.662	171	185	186	187	188	202	203	204	219	220	377	#
677	323.693	50	65	81	82	96	139	155	378	#
678	475.254	66	82	83	84	142	158	159	378	#
679	456.954	44	48	65	81	96	99	112	378	#
680	412.344	80	81	82	97	98	113	114	378	#
681	388.458	123	124	140	141	155	156	172	378	#
682	332.518	17	32	33	49	50	65	67	378	#
683	464.216	16	32	48	64	65	80	242	379	#
684	513.5	16	17	32	33	48	65	81	379	#
685	442.539	212	224	228	240	241	242	243	379	#
686	381.009	16	17	18	32	33	48	64	379	#
687	349.442	32	34	48	49	50	64	67	379	#
688	315.921	50	64	65	80	81	82	96	379	#
689	895.095	94	95	97	108	110	111	114	124	125	126	127	143	159	182	196	197	198	380	#
690	1147.19	48	65	80	81	82	97	98	112	113	114	115	128	129	130	146	162	177	380	#
691	1077.88	163	164	167	180	181	182	183	196	197	198	199	213	214	228	229	230	245	380	#
692	1036.43	80	83	96	97	98	99	100	113	114	115	116	117	131	132	134	180	181	380	#
693	997.45	78	94	108	109	110	123	124	125	126	127	139	140	141	155	156	157	173	380	#
694	972.519	92	105	107	108	109	110	122	123	124	125	126	140	141	175	191	206	207	380	#
695	882.165	70	83	84	85	86	102	136	152	153	168	169	170	381	#
696	919.242	138	154	155	168	169	170	171	185	186	201	202	218	381	#
697	877.642	64	69	80	81	84	85	98	99	100	116	117	133	381	#
698	861.083	36	37	51	52	53	69	81	83	84	97	98	99	381	#
699	841.024	37	53	54	55	68	69	70	71	84	85	86	100	381	#
700	838.004	152	153	154	169	170	171	185	186	187	200	201	202	381	#
701	594.833	170	172	173	185	186	187	188	202	203	218	219	382	#
702	720.466	20	170	186	187	202	203	218	219	220	221	234	382	#
703	684.806	151	152	167	168	169	183	184	185	186	201	202	382	#
704	680.802	13	170	171	173	185	187	188	189	201	202	203	382	#
705	677.203	29	43	44	45	60	76	188	203	204	220	236	382	#
706	621.866	59	167	168	169	183	184	185	199	200	201	217	382	#
707	260.775	1	128	129	383	#
708	254.174	128	129	130	383	#
709	203.404	1	2	17	383	#
710	196.052	112	128	129	383	#
711	1253.67	6	7	8	22	23	24	37	38	39	40	53	54	55	56	70	71	72	86	87	88	89	103	104	105	384	#
712	1598.88	53	68	69	70	71	72	84	85	86	87	88	89	100	101	102	103	104	105	106	117	118	119	120	134	384	#
713	1577.49	36	52	53	66	67	68	69	70	71	72	83	84	85	86	87	88	99	100	101	102	103	104	119	120	384	#
714	1567.46	85	86	99	100	101	102	103	104	105	106	107	118	119	120	121	122	134	135	136	137	138	151	152	168	384	#
715	1537.72	23	26	36	38	39	42	53	54	55	57	58	69	70	71	72	73	86	87	88	89	102	103	104	105	384	#
716	1526.08	10	22	37	38	39	53	54	69	70	71	85	86	87	88	89	100	101	102	104	142	158	159	173	174	384	#
717	613.388	1	2	3	4	5	6	18	19	20	385	#
718	770.925	3	4	5	20	21	22	35	36	51	385	#
719	718.667	1	2	3	4	5	17	18	19	20	385	#
720	691.396	2	3	4	5	17	18	19	21	34	385	#
721	635.288	2	3	4	18	19	20	36	37	52	385	#
722	577.021	4	5	6	21	22	23	214	230	231	385	#
723	4203.52	0	2	5	6	7	8	16	17	18	19	20	21	22	23	24	25	26	32	33	34	35	36	37	38	39	40	41	42	51	52	53	54	55	56	59	67	68	69	70	71	72	73	74	75	76	84	87	88	89	90	103	104	113	120	121	122	129	130	135	136	137	138	151	152	210	211	212	225	226	227	228	229	243	244	386	#
724	4922.59	0	1	2	3	4	5	16	17	18	19	20	32	33	34	35	36	37	38	48	49	50	51	52	53	64	65	66	67	68	69	70	71	80	81	82	83	84	85	86	96	97	98	99	100	101	102	103	112	114	115	116	117	119	128	131	147	170	186	187	201	202	203	216	217	218	219	220	224	225	226	233	234	241	242	386	#
725	4863.41	20	33	34	35	36	37	38	39	48	49	50	51	52	53	54	55	56	64	65	66	67	68	69	70	72	80	81	82	83	84	85	86	87	88	96	99	100	101	102	103	116	117	131	132	134	135	148	149	150	151	161	162	163	164	165	166	167	168	169	175	180	181	182	183	196	197	198	199	211	212	213	228	229	230	386	#
726	4851.89	1	2	3	4	16	17	18	19	20	21	22	32	33	34	35	36	37	38	48	49	50	51	52	53	54	55	65	66	67	68	69	70	71	72	82	83	84	85	86	87	88	98	99	100	101	102	103	114	115	116	117	118	130	131	132	133	134	145	146	147	148	149	150	212	219	226	227	228	234	235	242	243	250	251	386	#
727	4837.82	0	1	2	4	16	17	18	19	20	22	23	32	33	34	35	36	37	38	39	48	49	50	51	52	53	54	55	56	64	65	66	67	68	69	70	71	72	81	82	83	84	86	87	88	89	90	96	99	100	101	102	103	104	112	116	117	118	119	128	129	130	131	132	135	144	145	147	148	160	161	162	163	176	192	386	#
728	4822.07	4	5	6	7	8	9	10	11	15	20	21	22	23	24	25	29	30	31	35	36	37	38	39	40	41	46	47	51	52	53	54	55	67	68	69	70	71	72	83	84	85	86	87	88	98	99	100	101	102	103	104	105	108	114	115	116	118	119	120	121	122	123	124	131	132	136	138	139	146	147	148	161	162	164	386	#
729	1251.29	169	170	184	185	187	198	201	202	203	204	218	219	220	233	234	235	236	249	250	251	252	253	387	#
730	1389.97	13	14	15	31	45	46	47	63	79	202	203	204	218	219	233	234	235	236	237	250	251	252	387	#
731	1380.67	90	91	106	107	123	124	125	138	139	140	154	155	168	169	170	185	186	187	188	201	202	203	387	#
732	1242.87	0	137	140	153	154	155	168	169	170	183	184	185	186	187	198	201	202	217	218	219	233	234	387	#
733	1215.86	137	138	152	153	154	169	170	171	184	185	186	187	188	200	201	202	203	216	217	218	219	220	387	#
734	1175.81	87	88	102	103	118	146	147	148	162	163	168	177	178	179	184	185	192	193	194	201	217	218	387	#
735	551.899	52	53	68	69	84	85	100	116	138	388	#
736	815.033	20	36	37	52	53	67	70	83	99	388	#
737	708.111	20	21	36	37	50	51	52	53	67	388	#
738	695.831	53	69	70	85	86	99	100	101	117	388	#
739	603.362	115	116	117	130	131	132	146	162	178	388	#
740	592.949	50	52	66	67	68	69	81	83	84	388	#
741	1326.38	75	91	106	107	108	109	122	123	138	139	140	153	154	155	156	169	170	171	172	185	389	#
742	1451.54	107	109	123	124	125	138	140	154	155	156	157	171	172	173	211	212	226	227	228	243	389	#
743	1296.76	74	78	90	91	92	93	94	106	107	108	109	110	122	124	125	126	142	157	170	186	389	#
744	1239.72	3	4	5	20	43	59	74	75	89	90	91	92	105	106	107	108	122	123	124	200	389	#
745	1239.66	106	122	123	125	126	135	138	140	153	154	155	156	157	169	170	171	172	173	251	252	389	#
746	1229.53	87	88	89	134	135	151	152	166	167	168	169	183	184	185	200	201	214	215	216	217	389	#
747	44.7812	167	168	#
748	3.58657	185	202	#
749	2551.96	14	15	111	127	141	143	144	157	158	159	161	163	164	173	174	175	176	177	178	179	180	189	190	191	192	193	194	195	196	203	204	205	206	207	208	210	211	220	221	222	223	236	237	238	239	252	253	254	390	#
750	3144.6	22	32	36	37	38	39	40	53	54	55	56	101	187	189	195	196	197	202	203	205	206	207	211	213	219	220	221	222	223	227	228	229	230	234	235	236	237	238	239	243	244	249	250	251	252	253	254	255	390	#
751	3139.86	11	12	13	14	27	28	29	30	44	45	46	47	60	61	62	63	76	79	92	100	115	116	117	128	129	131	144	145	146	147	160	161	162	176	177	192	208	209	210	224	225	226	227	236	242	243	252	253	390	#
752	3094.09	93	94	95	105	107	108	109	110	122	123	124	125	126	127	129	133	134	137	138	139	140	141	142	143	153	155	156	157	158	159	170	171	172	173	174	187	188	189	190	202	203	205	219	220	221	236	237	252	390	#
753	3073.9	12	13	14	15	28	29	30	31	40	43	44	47	59	60	61	63	75	79	91	108	109	110	111	125	126	127	140	141	148	153	155	156	164	169	170	171	179	184	185	186	187	188	195	203	218	219	220	236	390	#
754	3032.21	11	12	13	14	15	25	26	27	28	29	30	31	39	40	41	42	43	44	45	46	47	55	57	58	59	60	61	62	63	74	75	77	78	79	90	92	93	94	95	109	110	111	125	126	127	141	142	143	390	#
755	405.37	27	177	178	179	193	194	195	251	391	#
756	564.534	192	193	208	209	210	225	226	242	391	#
757	506.701	20	21	164	165	179	195	211	226	391	#
758	498.883	192	193	194	195	196	208	209	210	391	#
759	482.699	130	131	144	145	146	161	162	177	391	#
760	466.235	158	159	194	195	211	212	228	244	391	#
761	205.731	29	44	143	159	175	392	#
762	247.622	110	111	127	142	143	392	#
763	244.59	15	31	158	159	175	392	#
764	222.593	29	37	44	45	61	392	#
765	195.736	142	143	158	159	174	392	#
766	173.42	27	43	44	45	61	392	#
767	443.681	211	226	227	242	243	244	393	#
768	442.286	208	224	225	226	241	242	393	#
769	434.635	192	209	210	211	212	228	393	#
770	426.281	212	226	227	228	243	244	393	#
771	407.205	114	226	227	228	243	244	393	#
772	395.982	197	211	212	228	243	244	393	#
773	155.671	111	127	394	#
774	200.003	95	111	394	#
775	1384.77	2	3	4	16	17	18	19	20	21	32	33	34	35	48	49	50	51	65	66	119	135	395	#
776	1672.06	1	2	3	16	17	18	19	33	34	35	37	53	63	78	79	95	111	126	127	142	158	395	#
777	1605.86	1	4	5	16	17	18	19	20	21	32	33	34	35	36	49	50	52	115	131	177	193	395	#
778	1599.57	1	2	16	17	18	25	32	33	34	41	42	43	48	50	59	64	67	202	203	204	220	395	#
779	1544.73	17	18	19	34	35	36	50	52	53	54	55	66	67	68	69	70	82	85	86	103	104	395	#
780	1538.09	0	1	2	16	17	18	19	32	33	34	35	36	48	49	50	51	52	65	66	67	83	395	#
781	593.169	181	182	197	198	212	213	214	228	229	396	#
782	629.063	182	196	197	198	214	215	230	231	247	396	#
783	606.551	51	164	165	180	181	197	198	199	214	396	#
784	598.325	209	210	211	212	213	227	228	243	244	396	#
785	564.354	16	32	214	215	230	231	232	248	249	396	#
786	508.024	167	182	183	184	198	199	200	214	215	396	#
787	240.313	145	146	147	204	205	397	#
788	324.547	173	189	204	205	220	397	#
789	275.113	189	190	205	206	207	397	#
790	216.693	144	145	161	177	178	397	#
791	824.173	169	170	171	172	185	187	188	189	202	203	204	205	206	219	220	221	398	#
792	1212.45	60	61	77	92	93	108	216	221	222	232	236	237	238	239	251	252	398	#
793	1180.5	10	24	25	41	100	116	117	120	131	132	133	134	135	146	147	189	398	#
794	1083.99	187	188	189	202	203	204	205	206	220	221	222	223	236	237	251	252	398	#
795	1023.18	134	135	172	173	174	188	189	190	206	221	222	223	236	237	238	254	398	#
796	960.995	188	203	204	205	207	220	221	222	223	235	236	237	238	250	251	252	398	#
797	120.42	180	196	213	399	#
798	150.943	180	197	213	399	#
799	146.045	195	196	213	399	#
800	61.6913	118	134	#
801	2003.27	64	66	67	68	80	81	82	83	84	85	87	96	97	98	99	100	101	102	103	115	116	117	118	119	131	132	133	134	150	400	#
802	2076.76	37	52	53	66	68	69	70	81	82	83	84	97	98	99	114	115	131	207	221	222	223	236	237	238	239	252	253	254	255	400	#
803	2058.35	52	66	67	68	69	70	80	81	82	83	84	85	96	97	98	99	100	101	102	114	115	116	117	130	131	132	133	146	147	400	#
804	2009.12	66	81	82	83	84	97	99	100	102	113	114	115	116	117	118	130	131	132	133	134	145	146	147	148	150	163	164	179	241	400	#
805	1991.4	65	66	67	68	69	80	81	82	83	84	96	97	98	99	100	101	112	113	114	115	116	117	128	129	130	131	132	133	146	400	#
806	1940.08	28	53	66	67	68	69	80	81	82	83	84	85	86	97	99	100	101	102	117	118	119	133	134	149	213	228	229	243	244	400	#
807	1132.15	7	8	23	24	25	26	39	40	41	55	56	57	72	88	145	168	169	183	184	185	186	198	401	#
808	1499.01	115	116	129	131	145	146	147	148	160	161	162	163	164	176	178	193	195	196	197	213	229	230	401	#
809	1446.82	134	137	138	149	150	151	153	164	165	166	167	168	169	181	182	183	184	185	198	199	207	214	401	#
810	1357.93	8	9	11	12	13	24	25	26	27	40	41	42	43	57	72	73	88	165	180	181	182	183	401	#
811	1346.15	84	101	117	118	132	134	135	136	137	153	154	155	168	169	170	184	185	186	187	201	202	203	401	#
812	1339.29	2	3	4	5	6	7	8	9	10	18	19	20	21	22	23	24	25	34	35	36	115	221	401	#
813	65.556	187	#
814	608.247	146	147	161	162	163	177	178	179	192	193	194	195	209	402	#
815	907.38	112	128	129	130	144	145	146	147	160	161	162	176	192	402	#
816	853.666	78	94	129	130	144	145	146	147	148	161	162	163	178	402	#
817	811.987	116	130	131	132	133	146	147	162	163	164	165	178	180	402	#
818	785.09	128	131	132	144	145	146	148	149	161	162	163	176	177	402	#
819	615.934	10	26	27	42	43	57	58	59	74	209	210	211	225	402	#
820	513.66	166	168	184	200	201	216	217	218	233	403	#
821	589.589	131	146	162	200	201	216	217	218	233	403	#
822	518.47	149	165	166	180	182	197	198	199	200	403	#
823	490.467	85	100	101	102	117	151	168	183	184	403	#
824	474.077	187	203	218	219	220	234	235	249	250	403	#
825	453.156	7	183	198	199	200	215	216	231	232	403	#
826	364.249	117	118	132	133	134	149	404	#
827	484.878	100	101	117	132	133	134	404	#
828	443.212	117	118	131	132	134	135	404	#
829	425.938	117	131	132	133	147	148	404	#
830	389.349	120	134	136	137	193	209	404	#
831	318.895	118	119	120	136	185	202	404	#
832	142.891	125	244	405	#
833	147.616	244	245	405	#
834	130.862	109	125	405	#
835	239.646	134	149	150	151	166	167	406	#
836	351.966	30	117	133	134	149	150	406	#
837	294.863	134	135	150	151	166	167	406	#
838	288.29	102	118	119	134	135	151	406	#
839	187.454	119	120	135	150	151	167	406	#
840	167.03	151	152	165	166	167	168	406	#
841	812.445	3	4	67	82	83	183	198	199	215	216	217	232	407	#
842	1081	2	3	4	5	18	19	20	34	35	36	54	55	407	#
843	1007.68	164	180	181	182	196	197	198	212	213	214	215	230	407	#
844	956.073	141	156	157	158	173	182	196	197	198	199	215	216	407	#
845	914.116	167	182	183	197	198	199	200	201	214	215	235	251	407	#
846	827.29	1	2	3	17	18	19	33	34	35	50	51	67	407	#
847	993.304	2	4	6	17	18	19	20	21	22	23	34	35	36	37	51	52	53	408	#
848	1207.49	0	1	2	3	4	16	17	18	19	20	21	22	32	33	34	37	99	408	#
849	1194.68	1	2	3	4	19	20	21	36	37	38	52	53	54	69	70	85	100	408	#
850	1126.25	0	6	20	21	22	36	37	38	52	53	54	55	68	69	70	85	86	408	#
851	1097.92	2	3	4	5	18	19	20	21	22	23	35	36	37	38	51	52	69	408	#
852	1097.76	4	19	20	21	22	34	35	36	37	38	51	139	155	170	172	187	188	408	#
853	173.983	186	187	201	202	409	#
854	255.048	184	185	201	202	409	#
855	226.546	82	169	170	186	409	#
856	206.005	186	187	188	203	409	#
857	180.014	187	202	218	219	409	#
858	1374.19	46	63	79	94	95	107	108	109	110	111	123	125	126	127	141	160	176	177	193	410	#
859	1241.18	96	112	113	128	129	144	145	146	160	161	162	176	177	178	192	193	194	208	210	410	#
860	1222.48	28	29	44	60	144	145	146	161	162	177	178	192	193	194	195	208	209	210	224	410	#
861	1202.62	107	108	109	160	161	162	176	177	178	193	194	195	196	197	209	213	224	225	241	410	#
862	1199.16	11	14	15	28	29	30	31	45	46	47	61	62	63	77	78	79	94	95	111	410	#
863	1185.26	10	11	12	13	14	15	26	27	28	29	30	44	45	46	121	136	137	138	154	410	#
864	1814.05	32	48	49	50	64	65	66	80	81	82	89	90	91	96	97	99	105	106	107	113	115	121	129	138	411	#
865	1607.27	66	81	82	96	97	112	113	114	128	129	130	131	144	145	146	147	160	161	176	177	193	208	209	250	411	#
866	1607.13	68	81	82	84	85	96	97	98	99	100	113	114	115	116	131	132	144	146	147	148	163	199	200	216	411	#
867	1602.73	24	35	40	51	52	53	56	66	69	82	83	84	85	97	98	99	100	101	113	114	115	116	129	130	411	#
868	1582.71	2	16	17	18	19	20	32	33	34	35	36	48	49	50	51	52	64	65	66	67	68	69	70	83	411	#
869	1573.01	16	17	32	33	48	49	50	51	64	65	66	80	81	82	96	97	112	113	114	115	128	129	130	145	411	#
870	203.122	196	197	213	412	#
871	295.726	156	212	213	412	#
872	238.445	197	212	213	412	#
873	177.983	148	149	150	166	413	#
874	262.601	148	163	164	223	413	#
875	254.719	165	166	167	182	413	#
876	223.791	133	148	149	150	413	#
877	168.103	148	149	150	151	413	#
878	282.572	129	144	145	146	414	#
879	303.26	128	129	145	160	414	#
880	287.444	133	144	145	146	414	#
881	275.863	30	130	146	147	414	#
882	217.208	129	130	145	146	414	#
883	395.458	157	158	159	174	175	191	415	#
884	478.853	191	206	207	222	223	239	415	#
885	416.297	157	173	174	188	189	205	415	#
886	407.867	175	191	207	220	221	222	415	#
887	404.594	142	143	157	158	159	175	415	#
888	403.143	141	156	157	158	173	174	415	#
889	425.277	107	120	121	122	123	137	138	154	155	416	#
890	631.072	75	76	91	92	107	122	123	138	139	416	#
891	623.759	76	92	103	104	105	107	121	122	138	416	#
892	589.194	9	25	105	122	138	139	154	155	169	416	#
893	582.925	107	108	122	137	138	139	153	154	155	416	#
894	548.311	107	120	121	122	135	136	137	138	154	416	#
895	409.951	13	28	29	30	44	45	417	#
896	491.431	14	29	30	31	47	63	417	#
897	487.926	13	28	29	30	47	213	417	#
898	388.393	14	29	30	31	43	44	417	#
899	315.579	13	14	29	39	44	61	417	#
900	221.022	29	44	45	61	62	63	417	#
901	882.818	48	49	50	65	66	67	68	81	82	98	255	418	#
902	894.855	29	30	31	50	53	66	67	68	69	70	85	418	#
903	843.821	34	50	51	66	67	68	81	82	83	84	101	418	#
904	843.784	49	50	51	65	66	67	68	80	82	83	99	418	#
905	776.209	18	19	34	48	49	50	51	65	67	68	81	418	#
906	751.625	33	49	50	51	52	53	54	67	68	69	70	418	#
907	920.648	151	152	166	167	168	183	184	198	199	200	201	202	214	216	235	236	250	251	419	#
908	1141.23	86	102	116	117	118	119	120	121	132	133	134	135	136	151	152	153	168	169	419	#
909	1132.99	33	48	151	152	153	154	164	167	168	169	170	171	183	184	185	199	201	207	419	#
910	1102.56	27	28	165	180	181	182	184	198	199	200	201	202	214	215	216	217	230	232	419	#
911	1096.93	154	167	168	169	182	183	184	185	197	198	199	200	212	213	214	215	229	230	419	#
912	1095.83	142	157	158	170	171	174	187	189	190	201	202	203	204	218	219	220	221	234	419	#
913	879.75	0	1	2	3	16	17	18	19	33	34	36	37	48	49	50	53	420	#
914	1133.54	16	17	18	19	34	146	162	163	177	178	193	194	195	208	209	211	420	#
915	1069.7	0	1	2	3	5	16	17	18	19	20	21	32	33	34	48	64	420	#
916	1050.61	17	18	19	20	21	33	35	36	37	38	51	52	54	55	68	69	420	#
917	988.72	0	1	2	16	17	18	33	34	35	36	49	64	65	66	80	82	420	#
918	980.482	53	54	55	56	57	58	68	69	70	71	72	84	85	86	100	101	420	#
919	1227.18	104	110	120	121	123	125	126	127	137	138	139	140	141	142	143	153	154	155	156	157	183	421	#
920	1438.45	91	92	106	107	108	109	111	122	123	124	125	126	127	139	140	141	142	155	156	157	172	421	#
921	1358.89	93	108	109	110	124	125	126	127	141	142	143	156	157	158	159	172	173	174	175	189	204	421	#
922	1351.78	105	106	107	108	109	110	121	122	123	125	136	137	138	139	140	141	155	156	157	171	172	421	#
923	1337.98	82	97	98	109	110	111	114	124	125	126	127	129	130	139	140	141	142	143	155	156	157	421	#
924	1319.13	94	95	110	111	124	125	126	127	140	141	142	143	155	156	157	158	172	173	174	190	241	421	#
925	789.144	12	13	14	15	26	27	28	30	31	42	47	422	#
926	904.951	13	14	21	22	30	31	38	47	190	206	207	422	#
927	845.823	13	14	15	28	29	30	31	112	113	128	129	422	#
928	820.494	12	13	14	15	28	29	30	31	47	62	63	422	#
929	722.757	15	28	29	30	31	45	46	47	63	79	95	422	#
930	671.483	12	13	14	29	30	31	45	46	47	61	63	422	#
931	436.554	52	67	68	69	83	84	99	423	#
932	564.07	82	83	84	98	99	100	115	423	#
933	541.353	82	83	98	114	115	129	130	423	#
934	532.067	62	63	78	79	84	85	95	423	#
935	511.842	4	19	20	35	36	52	68	423	#
936	452.856	36	52	53	68	84	100	116	423	#
937	831.017	56	57	60	61	62	73	74	75	76	77	91	92	107	108	109	124	125	140	424	#
938	1078.47	9	10	11	25	26	55	56	73	88	89	90	178	192	193	194	231	252	253	424	#
939	1028.17	58	59	60	74	75	76	89	90	91	92	107	123	124	125	139	140	155	156	424	#
940	1023.8	89	105	106	107	108	121	122	123	124	125	136	138	140	141	154	155	163	172	424	#
941	1023.3	92	93	108	109	110	124	125	138	139	140	141	142	153	154	156	157	158	169	424	#
942	1021.48	42	43	44	45	57	58	59	60	61	75	76	91	135	136	149	150	151	152	424	#
943	387.213	48	50	51	64	65	66	67	425	#
944	469.152	0	16	32	33	48	49	50	425	#
945	429.007	50	51	64	65	66	82	98	425	#
946	426.399	48	49	64	65	66	67	81	425	#
947	340.399	34	35	51	52	67	68	84	425	#
948	282.599	33	35	50	51	52	67	83	425	#
949	389.339	2	16	18	33	34	50	51	241	426	#
950	410.532	17	32	33	48	49	182	183	198	426	#
951	328.361	208	209	224	232	240	241	248	249	426	#
952	252.413	18	34	50	65	67	68	80	81	426	#
953	440.142	59	60	74	75	76	77	91	92	107	427	#
954	555.299	75	76	91	92	93	94	109	219	234	427	#
955	546.315	29	30	47	74	76	90	91	92	106	427	#
956	392.292	14	42	59	75	76	91	92	93	245	427	#
957	362.314	61	77	78	93	94	224	225	240	241	427	#
958	336.039	58	59	74	75	91	105	106	107	122	427	#
959	1369.33	56	57	73	89	90	91	166	170	182	183	186	196	197	198	212	213	227	228	229	230	243	244	245	428	#
960	1614.82	7	24	40	41	55	56	57	71	72	73	74	75	76	87	88	103	104	118	119	120	193	208	209	428	#
961	1597.18	0	16	17	32	33	49	165	181	182	183	184	197	198	199	200	213	214	223	228	229	239	244	245	428	#
962	1533.48	196	197	200	212	213	214	215	216	226	228	229	230	232	233	234	241	242	243	244	245	246	247	248	428	#
963	1422.29	164	180	182	183	196	197	198	212	213	214	215	216	226	227	228	229	230	231	232	243	245	246	247	428	#
964	1421	181	182	196	197	198	199	210	211	212	213	224	225	226	227	228	229	230	240	241	242	243	244	246	428	#
965	768.017	186	202	207	219	221	222	223	234	235	236	237	238	239	250	251	252	253	254	255	429	#
966	1143.93	98	99	113	114	115	116	218	222	233	234	235	236	237	249	250	251	252	253	254	429	#
967	1106.8	11	12	28	36	37	53	54	55	70	100	206	222	223	237	238	239	252	253	255	429	#
968	1011.57	169	170	185	186	187	188	190	201	202	203	206	207	219	220	221	222	223	234	235	429	#
969	995.82	217	218	219	221	231	232	233	234	235	236	237	247	248	249	250	251	252	253	254	429	#
970	937.579	173	174	187	188	189	190	191	205	206	207	222	223	237	238	239	252	253	254	255	429	#
971	1141.99	59	75	87	91	92	102	104	105	107	110	121	122	123	124	125	126	137	138	139	140	155	201	430	#
972	1605.22	31	47	121	138	151	154	155	168	169	170	184	185	186	187	199	200	201	202	203	216	217	219	430	#
973	1474.58	71	72	85	86	87	88	100	101	102	103	104	116	118	119	130	135	144	145	146	160	176	177	430	#
974	1461.41	75	83	84	121	136	137	138	150	151	152	153	165	166	167	168	169	182	183	198	199	200	214	430	#
975	1449.92	77	78	121	136	137	138	141	153	154	155	156	157	169	170	171	172	173	185	187	188	205	220	430	#
976	1410.54	7	71	72	87	88	102	104	105	106	118	120	121	122	125	135	136	137	138	140	152	153	155	430	#
977	2038.35	1	2	4	16	17	18	19	20	21	32	33	34	35	36	48	50	53	65	74	90	91	106	107	108	109	110	123	125	126	139	431	#
978	2008.98	20	21	22	23	35	36	37	38	50	52	53	54	65	66	67	68	69	70	80	84	85	87	100	101	102	116	117	132	133	134	431	#
979	1997.87	74	76	78	90	91	92	94	107	108	109	110	123	124	125	137	138	139	140	141	153	154	155	156	157	169	170	172	185	186	201	431	#
980	1978.51	4	16	17	18	19	20	33	34	35	36	37	38	50	51	52	53	54	67	68	69	70	136	137	153	154	196	213	229	230	245	431	#
981	1947.68	0	1	16	17	19	20	32	33	34	35	36	48	49	50	51	52	53	64	65	66	67	69	80	84	85	96	109	125	140	141	431	#
982	1932.74	6	11	12	22	23	28	29	30	44	45	60	62	75	76	78	90	91	92	105	106	107	108	109	120	121	122	123	124	138	140	431	#
983	1051.94	12	14	28	29	30	43	44	45	46	92	93	95	107	108	109	110	111	125	432	#
984	1186.9	10	11	12	13	26	27	28	29	30	42	44	47	57	58	59	75	91	130	432	#
985	1157.15	10	11	12	20	21	27	28	29	30	35	43	44	45	46	61	62	151	175	432	#
986	1070.22	29	44	59	60	61	62	74	75	76	77	89	90	91	92	93	107	108	132	432	#
987	1066.27	92	107	108	124	125	126	132	144	145	148	160	161	163	178	179	193	194	209	432	#
988	1045.46	14	15	27	28	29	30	31	43	44	45	46	47	62	63	79	94	95	111	432	#
989	182.102	10	11	433	#
990	105.373	9	10	433	#
991	624.077	52	69	138	139	140	141	153	154	155	156	157	169	172	173	434	#
992	905.992	153	154	167	168	169	170	183	184	200	228	229	243	244	245	434	#
993	850.154	33	35	36	49	50	51	52	66	67	68	69	82	83	98	434	#
994	842.448	122	123	125	138	139	140	154	155	156	170	171	172	188	203	434	#
995	816.175	15	28	29	30	31	44	47	153	154	169	170	185	201	202	434	#
996	750.808	52	53	68	69	70	84	85	86	101	102	116	117	132	134	434	#
997	105.856	211	#
998	162.306	23	132	148	163	164	180	435	#
999	191.439	22	148	163	164	178	179	435	#
