%% File generated by CATS v.2.1Thu May  9 12:58:43 2024

%% The CATS webpage is http://robotics.stanford.edu/CATS

%% PARAMETER SETTINGS:
% Goods: 256; Bids: 1000; Distribution: regions; Runs: 1; Seed: 51
% Regions Distribution Parameters:
% Max Substitutable Bids = 5
% Removing HV Neighbor   = 0.1
% Adding DIAG Neighbor   = 0.2
% Additional Location    = 0.9
% Jump Probability       = 0.05
% Additivity             = 0.2
% Budget Factor          = 1.5
% Resale Factor          = 0.5
% Normal Private Value:
%   Mean                 = 0
%   Standard Deviation   = 30



goods 256
bids 1005
dummy 194

0	300.569	110	111	124	125	126	127	141	157	256	#
1	427.002	107	108	122	123	124	138	139	140	256	#
2	358.952	110	125	126	127	142	143	158	159	256	#
3	352.501	92	95	108	110	111	125	126	127	256	#
4	336.194	106	107	108	110	125	126	127	141	256	#
5	295.586	110	111	126	127	141	142	143	248	256	#
6	280.793	84	99	100	116	257	#
7	311.403	101	116	117	132	257	#
8	283.055	84	85	99	100	257	#
9	239.841	116	117	#
10	232.974	82	83	84	99	257	#
11	450.324	26	29	44	45	46	61	62	63	77	78	79	258	#
12	656.174	24	25	26	41	42	43	44	58	59	60	76	258	#
13	653.225	14	15	29	30	31	46	47	62	63	79	95	258	#
14	645.691	6	22	23	24	25	26	41	61	77	192	193	258	#
15	637.703	30	40	46	47	56	57	62	73	124	140	156	258	#
16	594.924	31	46	47	62	63	78	79	94	95	110	111	258	#
17	588.678	145	146	161	162	177	178	194	208	209	210	211	212	227	259	#
18	868.001	197	209	210	211	212	213	226	227	228	242	243	244	245	259	#
19	834.734	148	149	165	193	194	209	210	211	212	226	227	228	244	259	#
20	832.008	193	194	210	211	212	213	226	227	228	229	242	243	244	259	#
21	830.047	51	67	194	209	210	211	212	225	226	227	228	242	243	259	#
22	814.344	180	196	208	209	210	211	212	224	225	226	227	240	241	259	#
23	1287.99	166	181	182	197	198	199	212	213	214	215	216	217	229	230	231	232	245	246	260	#
24	1377.25	66	67	136	152	168	184	185	186	202	211	212	213	214	215	216	226	227	231	260	#
25	1342.9	195	196	199	211	212	213	214	215	216	226	227	228	229	230	231	232	245	247	260	#
26	1306.09	15	30	31	46	47	62	63	168	184	199	200	201	215	216	217	231	232	248	260	#
27	1272.89	112	196	197	199	200	211	212	213	214	215	216	217	227	229	230	233	244	245	260	#
28	1197.08	163	166	168	179	181	182	183	184	185	195	196	197	198	200	202	203	213	214	260	#
29	715.943	100	101	102	117	118	133	134	150	261	#
30	703.966	85	100	101	116	117	118	133	134	261	#
31	671.575	83	84	99	100	101	115	117	134	261	#
32	668.494	68	83	84	85	86	100	101	117	261	#
33	639.968	61	77	115	116	117	133	134	168	261	#
34	614.747	87	103	116	117	118	133	134	150	261	#
35	135.769	0	1	#
36	96.0029	1	2	3	262	#
37	59.2236	0	16	17	262	#
38	868.847	96	97	100	101	112	113	114	115	116	117	129	130	131	146	423	#
39	194.501	114	115	131	263	#
40	257.629	115	116	131	263	#
41	204.556	129	130	131	263	#
42	178.468	114	115	116	263	#
43	488.443	27	28	29	44	45	61	77	78	264	#
44	523.988	28	43	44	45	59	61	62	78	264	#
45	519.328	45	46	61	77	91	92	93	107	264	#
46	517.697	10	11	25	26	27	28	29	41	264	#
47	450.891	11	12	27	28	29	44	45	46	264	#
48	434.474	28	29	44	45	46	60	61	62	264	#
49	628.924	36	52	67	68	83	84	265	#
50	637.794	68	139	140	185	202	232	265	#
51	532.127	36	37	52	53	68	84	265	#
52	505.263	36	52	53	68	84	85	265	#
53	493.626	51	67	68	83	127	143	265	#
54	490.568	36	37	38	52	53	68	265	#
55	28.8681	43	#
56	26.7658	253	254	266	#
57	17.598	237	253	266	#
58	288.032	37	38	52	53	225	267	#
59	423.987	38	39	40	54	55	267	#
60	394.114	37	52	53	68	84	267	#
61	338.384	209	210	211	225	226	267	#
62	316.473	21	36	37	52	53	267	#
63	312.666	37	53	54	69	71	267	#
64	450.901	80	81	96	97	98	112	113	114	129	130	268	#
65	662.701	81	82	84	97	98	99	112	113	114	115	268	#
66	594.4	82	98	99	112	113	114	115	116	131	179	268	#
67	580.894	20	98	103	104	105	114	130	145	146	147	268	#
68	564.469	66	82	97	98	99	112	113	114	115	129	268	#
69	550.975	64	80	81	82	96	97	98	112	113	114	268	#
70	277.07	105	106	107	269	#
71	311.849	90	105	106	269	#
72	184.389	106	211	226	269	#
73	179.993	107	108	125	269	#
74	760.24	129	150	161	162	163	164	165	166	177	178	179	181	194	195	196	250	270	#
75	1047.01	130	146	161	162	176	177	178	179	192	193	194	195	196	210	211	226	270	#
76	916.377	10	26	129	130	145	146	161	162	177	178	179	192	193	194	197	198	270	#
77	896.877	77	78	79	146	147	160	161	162	163	176	177	178	179	192	193	194	270	#
78	891.491	96	97	98	112	113	114	115	129	130	145	146	147	148	162	177	193	270	#
79	882.877	144	145	160	161	162	168	170	176	177	178	179	185	186	193	194	201	270	#
80	220.163	153	154	155	170	172	173	271	#
81	285.927	155	156	171	172	187	188	271	#
82	255.192	122	123	138	153	154	155	271	#
83	158.175	157	173	174	189	190	191	271	#
84	1695.39	5	6	7	8	21	22	23	24	39	40	53	54	55	56	69	70	71	72	128	144	145	160	161	163	164	177	272	#
85	2140.57	4	5	6	18	19	20	21	22	23	34	35	51	65	66	67	68	69	82	83	84	91	98	100	117	118	134	272	#
86	1997.6	2	3	4	5	6	18	19	20	21	22	23	35	36	37	51	52	53	81	82	83	84	96	97	98	99	100	272	#
87	1816.93	20	21	35	36	37	39	52	53	54	55	56	57	67	68	69	70	71	72	83	84	85	86	87	100	101	103	272	#
88	1802.14	8	24	25	53	54	55	56	69	70	83	84	85	86	87	99	100	101	102	116	117	118	133	134	135	223	239	272	#
89	1775.61	18	36	37	39	52	53	54	55	56	57	70	71	72	73	74	86	87	88	89	90	91	100	101	102	117	118	272	#
90	832.046	160	176	177	178	179	192	194	209	210	211	226	227	228	229	245	273	#
91	973.661	194	196	208	209	210	211	212	213	224	225	226	227	228	240	241	273	#
92	959.695	150	196	197	209	210	211	212	213	226	227	228	229	244	245	246	273	#
93	930.945	213	214	215	216	229	230	231	232	233	234	244	245	246	247	248	273	#
94	921.765	14	98	114	129	130	146	162	163	164	177	178	179	180	194	210	273	#
95	919.097	161	162	177	194	209	210	211	212	213	225	226	227	228	242	243	273	#
96	1209.24	81	96	97	98	103	112	113	114	118	119	120	121	133	134	135	149	150	151	152	274	#
97	1502.43	88	100	101	102	103	104	105	117	118	119	120	121	122	133	134	135	136	137	151	274	#
98	1374.13	57	72	73	75	87	88	89	90	91	103	104	105	106	120	121	122	134	135	136	274	#
99	1319.75	82	83	97	98	99	100	102	103	104	112	113	114	115	116	117	118	119	130	131	274	#
100	1290.9	51	64	66	67	80	81	82	83	84	96	97	98	99	112	113	114	115	116	132	274	#
101	1250.71	87	88	102	103	104	105	118	119	120	121	131	134	135	136	137	151	152	153	169	274	#
102	277.065	89	104	105	106	107	120	275	#
103	402.841	88	104	105	119	120	135	275	#
104	391.725	91	92	106	107	108	124	275	#
105	337.065	73	87	88	89	104	105	275	#
106	326.237	88	103	104	118	120	136	275	#
107	257.67	89	90	106	122	144	160	275	#
108	874.352	141	142	143	157	158	159	173	174	175	188	189	190	191	204	205	206	220	276	#
109	1220.56	91	92	93	108	109	110	124	125	140	141	142	143	157	158	159	174	175	276	#
110	1098.25	6	20	21	22	38	39	40	174	175	184	189	190	194	204	205	206	221	276	#
111	1055.09	92	107	108	109	110	123	124	125	126	127	140	141	142	143	157	158	159	276	#
112	1049.94	92	93	107	108	109	124	125	126	140	141	142	143	156	157	171	172	188	276	#
113	1040.6	92	108	122	123	124	125	140	141	142	156	157	158	159	173	188	189	205	276	#
114	463.757	22	23	38	39	54	69	277	#
115	389.991	21	22	38	54	69	85	277	#
116	389.724	38	39	40	54	55	70	277	#
117	358.75	21	22	37	38	53	54	277	#
118	324.456	22	23	24	39	40	55	277	#
119	292.118	7	22	23	24	38	40	277	#
120	378.016	3	4	232	278	#
121	275.591	232	248	249	278	#
122	259.011	2	3	4	278	#
123	212.415	4	20	35	278	#
124	764.905	18	33	34	35	48	49	50	51	65	67	90	279	#
125	892.574	34	50	51	66	67	216	217	231	232	246	247	279	#
126	872.409	17	18	33	34	49	50	51	65	66	67	68	279	#
127	830.413	50	65	66	67	81	82	83	98	99	100	115	279	#
128	774.602	42	50	51	66	82	83	99	115	116	117	131	279	#
129	677.445	32	33	48	49	50	64	65	66	80	81	82	279	#
130	444.04	18	19	20	21	79	95	111	192	280	#
131	614.151	3	4	5	6	18	19	20	35	280	#
132	550.537	3	4	6	18	19	20	21	35	280	#
133	542.92	5	6	18	20	21	35	36	37	280	#
134	519.37	22	46	47	61	62	63	79	95	280	#
135	485.162	144	160	161	176	183	184	192	200	280	#
136	139.141	113	129	281	#
137	162.578	113	114	281	#
138	230.248	12	13	14	282	#
139	278.609	13	14	30	282	#
140	188.019	12	13	28	282	#
141	438.219	157	173	188	189	204	220	221	236	283	#
142	537.42	156	157	158	172	173	174	190	206	283	#
143	493.102	44	45	46	64	65	157	173	174	283	#
144	405.864	188	204	205	206	220	221	235	236	283	#
145	404.1	233	234	235	236	247	248	249	250	283	#
146	370.738	188	189	204	205	206	220	221	237	283	#
147	586.098	88	89	120	121	136	137	150	152	153	167	168	184	284	#
148	847.856	103	104	119	120	121	122	135	150	151	165	166	167	284	#
149	844.945	135	148	150	151	164	165	166	167	180	181	182	196	284	#
150	829.498	133	135	137	149	150	151	152	153	154	165	167	181	284	#
151	814.741	17	18	133	134	135	149	150	151	152	153	166	167	284	#
152	814.265	36	52	116	117	133	150	151	152	165	166	167	168	284	#
153	488.603	91	105	106	107	108	121	285	#
154	512.011	74	91	92	106	107	108	285	#
155	486.363	74	90	91	104	105	106	285	#
156	468.104	43	58	74	91	92	107	285	#
157	459.837	107	108	115	123	124	125	285	#
158	417.834	121	122	136	137	152	153	285	#
159	931.306	38	39	54	55	56	150	163	164	165	166	167	179	180	181	195	196	286	#
160	1108.61	20	21	179	180	181	195	196	200	211	212	215	227	228	229	230	244	286	#
161	1040.76	53	54	55	56	57	71	72	73	74	86	87	88	90	91	92	106	286	#
162	1019.91	20	21	23	24	25	37	38	39	40	53	54	55	71	87	88	102	286	#
163	986.627	163	164	165	166	179	180	181	195	196	197	198	212	213	214	228	244	286	#
164	930.412	6	7	8	21	22	23	38	39	42	43	54	55	58	69	71	138	286	#
165	991.365	14	26	27	28	30	43	44	45	46	47	58	61	62	63	77	78	79	287	#
166	958.121	11	12	13	14	15	26	27	28	29	30	41	42	43	44	45	83	99	287	#
167	922.13	10	27	28	29	44	45	61	62	63	77	78	79	92	93	95	108	109	287	#
168	912.76	30	45	46	47	61	62	63	77	78	79	91	92	93	94	95	109	111	287	#
169	912.262	10	11	12	24	25	26	27	28	29	30	41	42	43	44	46	59	165	287	#
170	911.139	12	28	29	45	46	47	62	63	78	79	95	110	111	126	127	142	143	287	#
171	103.277	71	72	288	#
172	16.6356	56	72	288	#
173	583.662	146	147	148	149	150	151	163	164	165	166	167	168	289	#
174	829.157	0	1	148	150	151	164	165	166	167	168	169	170	289	#
175	805.538	98	113	114	115	130	131	145	146	147	148	163	213	289	#
176	804.819	119	133	134	135	136	150	151	152	165	167	168	184	289	#
177	737.605	134	135	149	150	165	166	167	168	169	181	182	197	289	#
178	702.072	133	149	150	163	164	165	166	167	168	179	184	195	289	#
179	459.527	69	85	86	100	101	290	#
180	335.248	68	69	85	149	150	290	#
181	334.666	38	54	55	69	71	290	#
182	333.253	100	115	116	117	133	290	#
183	308.474	68	69	70	85	86	290	#
184	227.381	100	101	102	109	110	290	#
185	2172.38	9	10	26	27	39	40	43	44	51	56	57	58	59	60	72	73	74	75	76	88	89	90	91	104	105	107	121	122	123	124	291	#
186	2264.13	24	26	27	28	38	39	40	44	54	55	56	57	69	71	72	73	74	75	87	88	89	90	91	200	215	216	217	218	233	234	291	#
187	2255.18	18	20	21	35	36	37	39	40	51	52	53	54	55	56	67	68	69	70	82	83	84	85	86	99	100	101	102	114	115	116	291	#
188	2094.07	5	21	36	37	38	39	40	41	42	52	53	54	55	56	68	69	70	71	84	85	86	101	102	103	104	105	118	183	247	248	291	#
189	2093.99	40	55	56	57	69	71	72	73	74	75	76	88	89	90	91	92	104	105	107	108	121	123	139	151	152	168	169	185	186	187	291	#
190	2091.05	5	6	7	8	9	22	23	24	25	26	27	39	73	74	75	88	89	90	91	92	105	107	108	109	123	124	125	140	141	156	291	#
191	78.6897	11	27	#
192	496.973	18	19	34	35	50	51	66	67	251	292	#
193	710.236	51	66	67	68	81	82	83	84	99	292	#
194	704.945	49	50	51	66	67	68	81	82	83	292	#
195	647.678	17	18	19	20	33	34	35	36	49	292	#
196	620.073	2	3	4	5	6	19	21	22	37	292	#
197	615.665	20	35	49	50	51	66	67	83	129	292	#
198	578.061	56	57	58	71	72	73	74	75	89	176	194	293	#
199	793.077	26	42	43	44	45	58	59	60	74	75	90	293	#
200	765.015	10	26	42	43	44	58	59	60	75	76	91	293	#
201	738.903	146	160	161	162	176	177	178	192	193	194	210	293	#
202	724.406	27	42	43	58	74	75	89	90	91	104	120	293	#
203	707.87	128	130	144	145	146	153	154	160	161	176	192	293	#
204	268.902	32	48	49	50	51	64	65	188	204	220	294	#
205	398.816	140	155	156	171	172	173	188	189	204	220	294	#
206	369.681	32	48	49	50	64	65	66	80	81	82	294	#
207	287.714	87	169	172	188	189	190	204	205	206	220	294	#
208	267.37	32	33	34	48	49	50	51	64	65	80	294	#
209	77.4429	87	103	119	#
210	226.881	216	217	233	295	#
211	256.151	232	233	250	295	#
212	148.872	215	216	231	295	#
213	670.951	42	54	55	56	57	58	59	67	68	69	70	71	84	85	296	#
214	996.128	36	37	52	53	54	68	69	70	84	85	86	201	202	218	296	#
215	988.176	38	48	49	53	54	69	70	84	85	86	100	101	116	117	296	#
216	919.021	52	67	68	69	85	87	100	101	102	114	115	116	117	118	296	#
217	824.935	38	40	53	54	55	56	57	68	69	70	71	72	73	84	296	#
218	817.248	5	6	21	22	23	58	59	60	74	75	76	89	90	105	296	#
219	69.9198	205	206	297	#
220	69.1443	189	205	297	#
221	62.4195	206	222	297	#
222	1692.06	5	6	146	161	162	163	177	178	179	194	208	209	210	211	212	213	224	225	226	227	228	229	242	244	245	251	298	#
223	1797.92	161	169	177	185	194	195	196	198	199	200	210	211	212	213	214	215	226	227	228	229	230	242	244	245	246	247	298	#
224	1790.85	3	84	98	100	102	113	114	115	116	130	131	132	145	160	161	162	176	177	178	192	193	194	209	210	211	226	298	#
225	1764.6	162	168	177	180	184	185	189	194	195	196	209	210	211	212	213	215	225	226	227	228	229	230	242	244	245	249	298	#
226	1733.78	130	145	146	161	162	176	177	178	179	180	194	195	196	208	209	210	211	212	224	225	226	227	228	242	243	244	298	#
227	1670.29	2	3	4	5	6	17	18	19	20	21	22	34	35	36	37	38	39	50	52	53	54	68	69	84	85	86	298	#
228	911.579	4	5	6	19	20	21	22	35	36	37	38	52	53	54	69	299	#
229	1087.57	3	4	5	6	19	20	21	22	37	38	39	52	54	55	68	299	#
230	1012.23	39	40	41	53	54	55	56	57	68	69	70	83	84	85	86	299	#
231	1002.63	2	3	4	19	20	21	35	36	51	184	200	215	216	231	232	299	#
232	998.838	20	21	22	23	36	37	38	39	52	53	54	55	68	69	71	299	#
233	994.634	3	4	5	18	19	20	21	22	23	34	35	36	37	39	52	299	#
234	471.833	113	129	130	146	161	162	178	300	#
235	597.206	113	129	130	131	145	146	161	300	#
236	575.869	100	101	113	116	129	130	131	300	#
237	433.688	55	161	162	177	178	193	194	300	#
238	405.444	145	146	160	161	162	177	178	300	#
239	373.787	97	98	113	114	129	130	131	300	#
240	329.072	219	220	222	235	236	237	252	253	301	#
241	443.732	3	97	220	221	236	237	252	253	301	#
242	373.526	190	206	222	223	227	236	237	252	301	#
243	369.555	186	187	203	219	220	221	236	252	301	#
244	311.683	216	217	218	233	234	237	253	254	301	#
245	307.812	204	218	219	220	221	234	236	237	301	#
246	1309.31	71	84	87	88	99	100	101	102	103	104	112	116	117	118	119	132	133	134	135	150	151	152	166	167	302	#
247	1737.48	52	53	67	68	80	81	82	83	85	96	97	98	99	100	101	112	113	114	115	117	129	130	133	146	302	#
248	1631.62	50	66	67	82	84	99	100	101	102	115	116	117	118	131	132	133	134	135	150	151	165	166	167	181	302	#
249	1616.31	39	40	84	85	99	100	101	102	114	115	116	117	118	131	132	133	134	135	148	149	150	151	166	167	302	#
250	1595.8	11	27	43	98	99	100	101	102	113	114	115	116	117	118	132	133	134	179	180	182	195	196	197	198	302	#
251	1565.58	75	91	117	120	133	134	135	136	137	149	150	151	152	153	167	168	179	180	181	195	196	208	209	210	302	#
252	146.664	85	101	303	#
253	125.745	101	102	303	#
254	72.3822	85	86	303	#
255	80.9186	139	#
256	123.831	92	#
257	189.777	26	42	43	44	180	304	#
258	282.581	43	44	59	60	75	304	#
259	147.641	10	26	41	42	246	304	#
260	146.82	42	43	44	58	59	304	#
261	106.414	11	25	26	27	42	304	#
262	69.862	231	#
263	354.307	226	227	242	243	244	305	#
264	367.168	210	211	226	227	242	305	#
265	338.027	226	242	243	244	245	305	#
266	331.246	228	229	243	244	245	305	#
267	312.634	171	172	226	227	228	305	#
268	289.666	229	242	243	244	245	305	#
269	295.916	208	209	224	225	226	227	240	241	306	#
270	426.225	194	208	209	210	211	224	225	240	306	#
271	378.27	208	209	210	211	224	225	226	242	306	#
272	357.519	208	209	210	224	225	226	227	240	306	#
273	288.851	208	209	210	224	225	226	240	241	306	#
274	282.297	42	43	58	59	60	75	240	241	306	#
275	2322.46	34	50	62	63	66	67	68	69	70	79	82	83	84	85	86	87	99	125	153	154	155	166	169	180	182	183	184	196	197	198	199	200	211	213	214	215	227	228	229	237	253	254	255	307	#
276	3108.03	80	81	82	83	84	85	89	90	96	97	98	99	100	104	105	106	112	113	114	115	116	117	120	121	122	123	124	130	131	133	137	138	139	140	152	153	154	155	156	169	170	172	225	307	#
277	3070.01	66	91	92	96	97	98	101	107	108	109	112	113	114	121	122	123	124	125	126	137	138	139	140	141	153	154	155	156	168	169	170	171	172	184	185	186	187	188	199	200	202	215	216	307	#
278	2984.85	11	33	48	49	50	51	52	53	54	65	66	67	68	69	70	80	81	82	83	86	96	97	98	99	100	112	113	114	115	116	130	131	132	190	200	216	231	232	233	244	245	246	247	307	#
279	2935.68	12	13	27	28	29	30	43	44	45	46	54	57	59	61	62	63	71	72	73	74	75	77	78	79	89	90	91	92	95	105	106	108	109	110	111	121	122	123	126	127	138	139	142	307	#
280	2916.41	29	45	46	62	63	79	89	104	105	117	118	119	120	121	122	123	129	133	134	135	136	137	138	139	150	151	152	153	154	155	166	167	168	169	170	173	183	184	185	186	187	200	201	307	#
281	336.358	164	179	180	181	195	196	197	308	#
282	437.387	178	179	195	196	197	212	228	308	#
283	431.947	163	177	178	179	180	194	195	308	#
284	423.457	178	179	195	196	197	211	212	308	#
285	399.856	92	109	181	182	197	198	213	308	#
286	271.086	147	163	164	179	180	181	195	308	#
287	870.095	164	178	179	180	194	196	210	211	212	213	226	227	228	242	423	#
288	900.335	81	82	98	99	113	114	115	116	129	130	131	145	146	147	423	#
289	46.0336	0	16	17	#
290	78.4129	113	#
291	942.392	173	174	183	188	189	190	199	204	205	206	221	225	226	227	242	243	310	#
292	1135.05	164	180	181	194	197	208	209	210	211	212	213	225	226	227	242	243	310	#
293	1051.1	162	177	178	193	194	208	209	210	211	212	213	225	226	227	242	243	310	#
294	1044.17	196	197	208	209	210	211	212	213	224	225	226	227	228	229	242	245	310	#
295	1022.95	105	197	198	212	213	214	215	226	227	228	229	230	242	243	244	245	310	#
296	1001.3	107	108	109	110	124	125	126	140	141	142	155	157	171	172	173	190	310	#
297	182.194	111	127	143	159	311	#
298	200.079	111	126	127	143	311	#
299	191.423	111	127	142	143	311	#
300	191.32	109	110	111	127	311	#
301	297.644	162	178	179	180	181	182	195	196	197	212	#
302	706.342	117	118	133	134	135	150	151	166	167	182	312	#
303	787.758	100	101	102	103	104	117	118	119	120	134	312	#
304	754.052	102	116	117	118	133	134	135	150	165	166	312	#
305	706.527	103	117	118	119	120	134	135	151	152	153	312	#
306	692.825	117	133	135	150	151	165	166	167	181	182	312	#
307	662.531	103	118	119	120	135	150	151	152	166	168	312	#
308	542.014	36	52	87	102	118	128	144	160	176	313	#
309	672.832	21	22	36	37	38	52	54	55	71	313	#
310	662.053	20	21	36	37	52	53	54	69	70	313	#
311	574.37	128	144	145	160	161	162	177	194	210	313	#
312	527.094	128	130	131	144	145	146	160	161	162	313	#
313	517.822	100	101	103	117	118	119	120	134	135	313	#
314	90.7699	75	76	#
315	0.357256	59	75	#
316	449.045	190	191	205	206	207	222	223	237	238	239	253	254	255	315	#
317	648.182	81	205	206	207	221	222	223	235	236	237	238	239	255	315	#
318	615.022	189	205	206	207	221	222	223	236	237	238	239	252	255	315	#
319	604.113	158	159	173	174	175	190	191	206	207	222	223	237	251	315	#
320	587.452	189	205	206	207	221	222	223	236	237	238	239	252	253	315	#
321	578.072	20	36	173	189	190	191	205	206	207	222	223	238	239	315	#
322	180.346	238	239	255	316	#
323	206.507	223	239	255	316	#
324	140.341	222	223	238	316	#
325	127.201	223	238	239	316	#
326	758.847	48	64	65	80	81	96	97	98	112	113	129	317	#
327	765.982	80	96	97	98	112	113	114	129	217	233	249	317	#
328	717.156	16	17	33	48	49	64	65	66	67	82	83	317	#
329	705.549	17	18	32	33	34	48	49	64	65	66	80	317	#
330	681.585	48	64	65	80	81	82	83	96	97	98	112	317	#
331	677.372	64	80	81	82	96	97	98	112	113	114	129	317	#
332	112.154	82	#
333	11.8431	42	#
334	380.487	46	61	62	63	77	78	93	318	#
335	375.321	46	61	62	77	78	79	94	318	#
336	353.661	15	30	31	45	46	62	249	318	#
337	339.381	45	46	61	62	77	78	93	318	#
338	313.141	45	46	62	63	78	143	159	318	#
339	258.498	37	38	62	63	77	78	79	318	#
340	576.133	1	7	8	9	10	17	25	26	27	32	33	41	43	120	136	137	319	#
341	855.147	7	23	24	26	27	38	39	40	41	42	43	44	55	56	57	72	319	#
342	840.654	10	11	26	27	28	42	43	58	59	60	74	75	76	90	91	92	319	#
343	838.109	5	6	7	8	9	20	21	22	23	24	25	26	39	40	41	42	319	#
344	784.083	17	18	19	32	33	34	35	48	49	51	64	65	66	80	81	96	319	#
345	760.058	2	3	4	119	120	121	135	136	152	168	204	220	221	222	236	237	319	#
346	126.7	80	96	112	320	#
347	127.131	80	81	96	320	#
348	162.671	149	150	167	321	#
349	176.412	150	151	167	321	#
350	689.046	22	216	217	221	231	233	236	237	253	322	#
351	736.656	2	44	97	215	216	217	231	233	249	322	#
352	705.123	168	183	184	199	200	201	202	216	217	322	#
353	667.43	35	51	67	200	215	216	230	231	246	322	#
354	581.82	22	23	38	39	54	147	163	179	195	322	#
355	500.769	197	198	199	200	215	216	231	246	247	322	#
356	1203.67	124	125	140	141	157	158	159	173	174	175	176	188	189	190	191	192	193	204	206	207	223	239	323	#
357	1498.67	6	21	37	52	144	145	146	160	161	162	163	176	177	178	179	192	193	194	195	210	225	226	323	#
358	1459.44	125	137	141	142	151	152	153	157	158	169	170	173	174	185	186	187	190	202	203	217	218	219	323	#
359	1459.26	73	74	89	90	91	92	93	106	107	108	109	124	125	126	140	141	142	143	156	157	158	159	323	#
360	1414.26	7	15	24	25	29	30	45	46	47	145	146	162	163	164	176	177	178	179	192	193	194	195	323	#
361	1351.78	34	101	114	130	144	145	146	160	161	162	176	177	178	192	193	194	209	210	211	212	225	226	323	#
362	151.094	141	142	324	#
363	217.877	142	158	324	#
364	130.529	141	157	324	#
365	180.824	97	98	325	#
366	178.974	82	98	325	#
367	154.367	173	175	188	189	190	191	326	#
368	221.4	157	158	173	174	189	190	326	#
369	176.699	159	174	175	190	191	206	326	#
370	138.881	110	127	143	159	175	191	326	#
371	120.227	172	173	174	188	189	190	326	#
372	587.862	84	85	86	100	101	102	116	131	327	#
373	671.455	68	85	86	101	102	116	117	118	327	#
374	644.99	85	86	100	101	102	116	117	131	327	#
375	637.941	85	100	101	102	114	115	116	117	327	#
376	575.949	99	101	115	116	117	131	132	148	327	#
377	543.779	100	101	114	116	117	118	130	131	327	#
378	201.387	35	51	328	#
379	181.2	20	35	328	#
380	99.9414	50	51	328	#
381	212.141	48	49	50	51	65	329	#
382	248.557	64	65	66	80	241	329	#
383	211.038	33	49	50	65	92	329	#
384	207.677	32	48	64	80	89	329	#
385	146.691	17	33	34	35	50	329	#
386	702.305	23	39	55	194	208	209	210	224	225	226	240	330	#
387	734.889	177	178	194	196	210	211	212	225	226	227	228	330	#
388	680.899	77	92	93	108	109	194	210	211	225	226	227	330	#
389	661.184	192	193	194	208	209	210	211	212	225	226	227	330	#
390	655.475	161	177	178	192	193	194	209	210	223	225	226	330	#
391	607.673	112	113	114	115	116	130	131	145	146	208	224	330	#
392	132.375	154	155	331	#
393	135.77	138	154	331	#
394	304.578	20	36	221	332	#
395	245.056	20	35	36	332	#
396	236.442	3	19	20	332	#
397	235.717	205	221	237	332	#
398	528.635	4	5	21	22	23	26	39	40	41	42	58	333	#
399	717.522	3	4	5	6	18	19	20	21	22	23	35	333	#
400	671.515	3	4	5	6	21	22	23	177	194	197	198	333	#
401	632.234	10	11	12	24	25	26	27	28	41	42	109	333	#
402	599.751	6	7	8	21	22	23	24	39	40	41	42	333	#
403	577.677	7	12	24	25	26	28	40	41	42	43	44	333	#
404	38.6302	78	95	334	#
405	50.5006	95	111	334	#
406	242.423	55	56	71	72	87	102	103	118	335	#
407	283.116	8	24	71	72	87	103	140	156	335	#
408	282.006	37	38	39	55	56	71	72	73	335	#
409	189.551	55	56	57	72	182	183	198	214	335	#
410	62.5667	224	#
411	444.004	71	87	103	167	168	184	199	200	215	216	230	246	336	#
412	662.477	86	87	88	103	118	119	120	133	134	135	150	151	336	#
413	651.382	196	200	212	213	214	215	227	228	229	230	244	245	336	#
414	644.764	198	199	200	213	214	215	216	217	229	230	231	246	336	#
415	601.646	183	199	200	201	215	216	217	229	230	231	245	246	336	#
416	554.403	182	183	198	199	200	214	215	216	217	230	231	246	336	#
417	671.644	208	209	210	211	224	225	226	240	337	#
418	688.596	34	50	51	67	208	209	210	224	337	#
419	643.488	161	177	178	194	205	209	210	226	337	#
420	643.27	194	208	209	210	224	226	240	241	337	#
421	643.154	92	210	211	212	226	227	228	229	337	#
422	636.686	208	209	210	224	225	226	227	228	337	#
423	72.1169	68	#
424	2313.95	3	7	8	9	10	11	12	23	24	25	26	27	28	29	38	39	40	41	42	43	44	54	55	56	58	59	66	67	71	72	74	82	83	98	108	122	123	124	138	139	140	141	338	#
425	2795.63	5	6	21	33	34	35	36	37	38	49	50	51	52	53	54	55	66	67	68	69	71	81	82	83	84	85	96	97	98	99	100	101	102	112	115	116	117	130	131	132	133	134	338	#
426	2746.78	6	18	21	22	23	30	35	36	37	38	39	40	45	46	47	51	52	53	54	56	57	63	67	68	69	70	71	72	82	83	84	85	86	87	88	99	100	101	103	117	118	134	338	#
427	2646.02	0	1	2	3	4	5	6	16	17	18	19	20	21	22	32	33	34	35	36	37	38	48	49	50	51	52	54	64	65	66	67	68	69	82	215	228	229	230	244	245	248	249	338	#
428	2621.98	3	4	5	6	18	19	20	21	22	23	34	35	36	37	38	39	40	51	52	53	54	55	56	67	68	69	70	71	72	73	84	85	86	87	88	89	90	100	103	105	106	121	338	#
429	2582.18	26	42	43	45	46	59	60	61	64	70	74	75	77	78	80	81	82	91	92	93	94	96	97	98	108	109	110	112	113	114	124	125	126	141	142	157	172	173	185	188	189	204	338	#
430	2608.98	6	18	20	21	22	23	34	35	36	37	38	39	51	52	53	54	55	67	68	69	70	82	83	84	85	86	87	99	100	115	129	130	145	146	147	161	162	163	176	177	178	179	339	#
431	2761.09	4	5	6	7	8	17	18	19	20	21	22	23	33	34	35	36	37	38	39	44	45	46	47	50	51	53	54	63	67	68	69	70	71	79	80	81	83	84	95	96	97	100	339	#
432	2724.23	4	5	6	20	21	22	23	36	37	38	39	40	43	51	52	53	54	55	59	60	66	67	68	69	70	71	76	83	84	85	183	184	197	199	200	212	213	214	215	229	230	231	339	#
433	2590.88	0	1	3	4	5	6	16	17	18	19	20	21	22	23	24	34	35	36	37	38	48	49	50	51	52	53	54	66	67	68	69	70	83	84	85	86	99	100	101	102	162	178	339	#
434	2583.2	5	6	21	37	53	54	55	62	66	67	68	69	70	71	78	79	82	83	84	85	86	92	94	95	98	99	100	101	109	110	111	114	115	116	117	118	126	127	140	143	156	159	339	#
435	2535.26	4	5	6	7	21	23	24	25	36	37	38	39	40	41	52	54	55	56	57	58	68	69	70	71	72	73	74	75	84	85	89	91	92	105	106	108	137	222	223	244	245	246	339	#
436	884.246	85	101	102	103	104	117	118	120	133	134	149	150	151	165	166	181	182	340	#
437	1210.54	50	51	66	67	82	83	84	85	98	99	100	101	102	115	116	117	131	340	#
438	1033.83	55	71	72	86	87	88	99	100	101	102	103	104	105	116	117	118	134	340	#
439	1029.61	100	101	102	116	117	118	131	133	134	149	150	151	152	165	167	168	184	340	#
440	1014.4	83	84	100	101	102	103	116	117	118	132	133	134	135	150	165	167	207	340	#
441	1009.22	97	103	116	117	120	133	134	135	149	150	151	152	165	166	167	168	169	340	#
442	111.953	179	180	181	196	341	#
443	119.449	180	195	196	197	341	#
444	101.345	163	164	165	180	341	#
445	221.283	136	151	152	342	#
446	251.81	120	136	137	342	#
447	165.088	151	166	167	342	#
448	533.88	114	115	116	130	131	144	145	146	147	161	162	343	#
449	722.913	144	145	146	147	148	162	176	177	178	192	193	343	#
450	690.514	67	82	83	84	85	99	100	101	102	116	132	343	#
451	685.032	67	81	82	83	84	97	98	99	115	116	131	343	#
452	680.937	128	144	145	160	161	176	177	178	193	194	210	343	#
453	661.037	116	128	130	131	144	145	146	161	162	177	178	343	#
454	272.394	37	52	53	69	344	#
455	310.506	33	52	53	69	344	#
456	273.826	53	54	55	69	344	#
457	271.876	21	37	38	52	344	#
458	208.153	37	52	68	85	344	#
459	1714.59	62	78	79	95	101	111	116	117	118	128	133	134	135	136	137	144	145	149	150	151	152	153	154	161	166	167	168	169	184	185	200	243	345	#
460	2087.34	65	66	67	83	84	87	88	99	100	101	102	103	104	105	106	116	117	118	119	120	121	133	134	135	137	145	146	150	151	198	211	226	345	#
461	1993.48	73	82	84	88	89	99	103	104	105	115	116	117	118	120	130	131	133	134	135	136	148	149	150	151	152	166	167	180	181	207	222	223	345	#
462	1975.08	66	67	68	113	114	129	130	131	145	146	147	160	161	162	176	177	178	187	192	193	194	202	203	208	209	210	217	218	219	226	234	235	345	#
463	1960.77	154	170	180	186	196	200	201	202	209	211	212	215	216	217	218	225	226	227	228	229	230	231	232	233	234	242	243	244	245	246	247	248	345	#
464	1896.56	9	72	73	74	75	89	90	105	106	107	120	121	122	123	124	125	136	137	138	140	152	153	154	155	156	169	170	185	186	201	202	217	345	#
465	430.936	34	35	185	186	187	202	203	218	234	346	#
466	610.441	188	204	218	219	220	221	234	237	250	346	#
467	529.715	37	152	153	167	168	169	185	186	187	346	#
468	522.025	217	218	219	232	233	234	235	236	250	346	#
469	488.138	170	184	185	186	187	200	201	202	218	346	#
470	479.312	3	4	18	19	20	33	34	35	36	346	#
471	118.296	44	45	347	#
472	102.899	44	60	347	#
473	686.94	55	56	104	105	119	120	135	136	150	151	348	#
474	708.55	133	134	149	150	151	165	166	167	180	181	348	#
475	650.583	73	88	89	90	104	105	106	119	120	135	348	#
476	647.985	117	119	133	135	150	151	165	166	167	181	348	#
477	622.273	119	120	134	135	149	150	151	166	167	168	348	#
478	582.062	89	105	119	120	121	122	123	135	139	151	348	#
479	811.453	32	33	34	48	49	61	64	65	66	67	77	80	83	93	99	349	#
480	1110.42	66	67	68	69	71	82	83	84	85	86	87	98	99	100	101	349	#
481	1065.65	22	50	51	66	67	68	80	81	82	96	97	98	113	137	153	349	#
482	1052.41	17	20	33	48	49	64	65	66	210	226	242	243	244	245	246	349	#
483	1047.64	64	66	80	81	82	96	97	98	99	112	113	114	115	130	131	349	#
484	952.989	16	17	32	33	34	48	49	50	51	65	66	67	82	83	99	349	#
485	161.807	220	221	237	350	#
486	164.819	219	220	221	350	#
487	150.57	221	237	253	350	#
488	279.87	153	154	169	170	351	#
489	286.395	153	168	169	184	351	#
490	268.689	152	153	169	185	351	#
491	261.667	169	170	172	188	351	#
492	209.787	138	153	154	170	351	#
493	127.407	62	77	78	93	95	352	#
494	65.1155	61	77	78	93	109	352	#
495	506.532	7	8	23	24	39	40	41	56	57	72	73	353	#
496	714.425	20	21	22	24	37	38	40	41	54	55	56	353	#
497	664.303	23	24	40	55	56	117	133	149	150	151	152	353	#
498	648.21	53	54	69	71	72	73	87	94	103	118	119	353	#
499	575.668	38	39	53	54	55	56	57	69	70	71	130	353	#
500	521.674	23	24	39	40	55	56	57	71	72	73	87	353	#
501	722.708	104	120	121	133	134	135	136	137	152	153	354	#
502	910.728	104	105	120	121	122	135	136	137	204	220	354	#
503	811.244	89	90	105	106	107	120	121	135	136	137	354	#
504	772.031	101	117	120	121	122	133	134	135	148	149	354	#
505	767.874	120	121	136	137	138	139	152	153	154	169	354	#
506	728.557	87	88	89	104	105	106	120	136	152	192	354	#
507	101.002	7	8	9	10	24	355	#
508	112.336	8	9	10	21	25	355	#
509	393.532	108	233	234	247	248	249	356	#
510	508.481	230	231	232	245	246	247	356	#
511	414.739	202	218	219	234	249	250	356	#
512	392.853	217	218	233	248	249	253	356	#
513	335.331	234	247	248	249	250	251	356	#
514	308.494	108	123	124	140	141	142	356	#
515	1846.87	12	13	14	15	26	27	28	29	30	31	42	43	44	45	46	47	61	62	63	77	78	79	90	94	95	109	110	111	128	144	145	146	162	177	178	179	357	#
516	2488.4	102	103	112	113	114	115	116	117	118	119	128	130	131	133	134	135	144	145	146	147	148	149	150	151	160	161	162	165	166	167	176	177	178	192	193	194	357	#
517	2447.5	100	102	117	118	133	134	135	137	148	149	150	151	152	153	161	162	163	164	165	166	167	169	177	178	179	180	181	182	194	195	196	197	198	212	213	214	357	#
518	2402.07	31	47	61	62	63	67	77	78	80	81	82	83	84	86	87	98	99	100	101	102	103	104	115	116	117	118	130	131	133	134	146	150	194	210	211	227	357	#
519	2289.13	44	58	59	60	74	75	76	89	90	91	92	106	108	128	144	145	155	156	160	161	162	176	177	178	179	192	193	194	195	210	211	225	226	227	242	243	357	#
520	2228.1	98	99	102	103	114	115	116	117	118	128	130	131	133	134	144	145	146	147	148	149	150	160	161	162	163	164	165	166	167	177	178	179	180	181	195	196	357	#
521	275.767	45	158	173	174	190	191	358	#
522	366.219	142	157	158	173	174	189	358	#
523	332.093	158	173	174	175	190	206	358	#
524	162.8	144	145	172	173	188	189	358	#
525	148.459	159	173	175	189	190	191	358	#
526	10.863	174	190	191	205	206	207	358	#
527	320.319	228	242	243	244	359	#
528	398.17	228	229	244	245	359	#
529	346.55	242	243	244	245	359	#
530	218.069	212	228	229	230	359	#
531	1035.99	188	213	215	217	218	229	230	231	232	233	234	245	246	247	248	249	250	360	#
532	1159.72	160	176	177	178	192	199	200	202	213	215	216	217	218	229	230	231	234	360	#
533	1105.59	180	181	182	196	197	198	210	211	212	213	214	215	226	227	228	229	230	360	#
534	1086	197	199	212	213	215	231	232	233	234	235	236	246	247	248	249	250	251	360	#
535	1079.2	196	197	212	213	214	215	216	229	230	231	232	233	245	246	247	248	249	360	#
536	1054.43	14	15	27	28	29	30	31	44	46	47	62	63	78	233	249	250	251	360	#
537	201.528	189	204	205	361	#
538	256.67	204	205	221	361	#
539	166.601	188	189	204	361	#
540	165.377	173	189	204	361	#
541	1020.89	1	2	3	17	18	19	20	34	35	37	51	53	54	67	68	69	70	86	202	243	362	#
542	1518.57	195	196	197	210	211	212	215	216	217	225	226	227	228	229	230	231	242	243	244	245	362	#
543	1401.03	5	21	22	37	38	52	53	67	68	69	70	82	83	84	85	86	87	99	102	252	362	#
544	1390.67	20	21	36	37	38	52	53	54	67	68	69	84	85	86	99	100	101	116	117	132	362	#
545	1334.51	52	53	54	55	66	67	68	69	70	71	80	84	85	86	96	99	100	112	156	255	362	#
546	1260.28	7	8	21	22	23	24	25	34	37	38	40	48	49	50	52	53	54	65	66	69	362	#
547	825.672	196	197	198	209	210	211	212	225	226	227	228	229	242	243	244	245	363	#
548	1190.41	176	177	178	179	192	193	194	208	209	210	211	224	225	226	227	240	363	#
549	995.43	146	162	177	178	192	193	194	209	210	211	226	227	228	242	243	244	363	#
550	982.216	162	177	178	179	193	194	208	209	210	211	224	225	226	227	240	241	363	#
551	892.286	12	13	27	28	29	30	44	139	195	196	197	210	211	212	227	228	363	#
552	881.473	196	210	212	213	226	227	228	229	230	231	232	242	243	244	245	246	363	#
553	279.034	17	32	33	34	35	49	364	#
554	337.733	17	32	33	34	48	49	364	#
555	253.197	17	32	33	34	49	50	364	#
556	229.751	17	18	19	33	34	35	364	#
557	209.08	16	17	18	33	35	49	364	#
558	142.979	219	235	365	#
559	105.065	203	219	365	#
560	103.821	235	236	365	#
561	103.939	126	142	366	#
562	63.0066	142	143	366	#
563	315.772	77	78	79	92	93	94	95	367	#
564	389.438	78	79	92	93	94	109	110	367	#
565	380.282	61	62	63	77	78	79	94	367	#
566	310.561	78	79	94	133	150	151	167	367	#
567	247.569	61	62	77	78	79	94	95	367	#
568	332.645	74	75	195	196	368	#
569	288.273	180	195	196	197	368	#
570	230.925	74	75	76	90	368	#
571	187.755	58	74	75	76	368	#
572	1398.19	37	83	84	99	100	101	102	113	114	115	116	117	118	129	130	131	132	133	134	145	146	147	162	163	369	#
573	1880.78	3	4	5	6	17	18	19	20	21	22	35	37	38	39	40	50	51	52	53	54	55	65	66	67	369	#
574	1733.23	54	66	67	68	69	81	82	83	84	85	99	100	101	114	115	116	117	132	133	148	149	164	165	180	369	#
575	1713.35	54	67	68	69	71	82	83	84	85	86	98	100	101	115	116	117	118	131	133	134	148	149	150	165	369	#
576	1710.79	5	21	36	37	38	39	52	53	66	67	68	69	82	83	84	85	87	99	101	102	118	178	179	195	369	#
577	1709.3	17	34	38	49	50	64	65	66	67	80	81	82	83	87	88	96	97	98	104	112	113	114	129	130	369	#
578	192.127	32	33	34	49	370	#
579	224.51	1	16	17	33	370	#
580	192.342	32	48	49	64	370	#
581	62.1374	16	17	34	50	370	#
582	685.749	152	167	168	169	170	184	185	186	198	199	200	201	202	215	371	#
583	926.105	36	37	52	53	67	68	69	149	150	151	165	166	167	181	371	#
584	806.433	168	169	170	184	185	186	199	200	201	202	204	218	219	220	371	#
585	739.225	87	121	137	153	154	169	170	184	185	186	187	200	201	202	371	#
586	724.69	148	165	180	181	182	183	184	196	197	199	200	212	213	228	371	#
587	701.997	168	170	184	185	186	199	200	201	202	215	216	217	230	231	371	#
588	528.564	31	47	63	162	176	177	178	193	372	#
589	539.24	14	30	31	45	46	47	62	63	372	#
590	535.066	30	31	46	47	62	63	78	79	372	#
591	492.215	161	162	177	178	179	192	193	194	372	#
592	445.933	147	161	162	163	177	178	179	194	372	#
593	437.088	14	15	29	30	31	46	47	62	372	#
594	27.4173	103	#
595	607.116	17	18	19	20	32	33	34	35	36	51	132	373	#
596	862.719	3	4	5	18	19	20	34	35	36	37	52	373	#
597	839.055	3	4	18	19	20	34	35	51	67	68	85	373	#
598	765.438	3	4	5	17	18	19	20	21	34	35	36	373	#
599	752.554	4	18	19	20	34	35	49	50	51	66	67	373	#
600	740.86	17	33	34	48	49	73	74	87	88	89	90	373	#
601	161.779	212	213	374	#
602	180.513	212	228	374	#
603	743.122	130	144	145	146	147	148	149	160	161	162	164	176	177	178	192	193	375	#
604	1103.93	99	100	114	115	116	117	129	130	131	145	146	147	148	162	163	179	375	#
605	1060.02	101	102	116	117	118	133	134	147	148	149	150	163	164	165	179	180	375	#
606	1030	98	114	117	130	133	134	145	146	147	148	149	150	161	162	165	181	375	#
607	992.569	37	38	52	53	54	55	68	69	85	108	124	125	162	177	178	179	375	#
608	965.001	115	130	131	146	160	162	176	177	178	179	180	192	193	194	195	196	375	#
609	5.12244	143	#
610	251.998	53	54	55	56	71	72	376	#
611	365.556	23	39	54	55	69	71	376	#
612	344.598	37	38	53	54	69	71	376	#
613	335.09	22	38	53	54	70	71	376	#
614	318.316	54	55	68	69	71	87	376	#
615	281.488	56	72	73	89	105	106	376	#
616	70.2171	63	#
617	842.88	96	120	133	134	135	148	149	150	151	152	165	166	167	168	182	185	377	#
618	1143.11	133	136	148	149	150	151	152	166	167	168	176	180	181	182	192	193	377	#
619	1073.29	53	168	169	184	185	186	187	201	202	203	216	217	218	219	224	240	377	#
620	1070.71	104	120	135	136	152	153	167	168	169	184	185	186	199	200	201	202	377	#
621	1042.48	103	104	105	117	119	120	121	133	134	135	136	137	150	151	152	167	377	#
622	1040.25	0	104	105	119	120	121	122	134	135	136	137	150	151	152	153	167	377	#
623	1406.4	145	153	161	162	169	170	177	185	186	202	216	217	218	231	233	234	235	247	248	249	250	251	378	#
624	1550.9	40	68	83	84	97	112	113	114	129	130	131	169	185	186	202	203	218	232	233	234	248	249	378	#
625	1440.42	128	134	144	145	150	151	152	160	161	162	165	166	176	177	178	179	180	181	192	193	194	210	378	#
626	1406.92	74	90	91	98	113	114	130	131	145	146	160	161	162	163	176	177	178	179	193	194	195	196	378	#
627	1371.61	119	134	135	150	151	152	153	166	167	168	169	184	185	186	201	202	203	217	218	219	233	234	378	#
628	1344.62	83	84	100	117	134	149	150	168	183	184	185	199	200	201	202	213	217	218	229	232	233	249	378	#
629	893.786	194	197	198	208	209	210	211	212	213	214	225	226	227	229	242	245	379	#
630	1148.73	176	177	178	192	193	194	208	209	210	211	212	213	225	226	227	242	379	#
631	1072.85	19	20	35	36	178	194	208	209	210	211	212	225	226	227	242	244	379	#
632	1024.91	160	176	177	193	194	208	209	210	211	212	213	224	225	226	228	242	379	#
633	965.854	2	208	209	210	211	212	213	224	225	226	227	228	229	242	244	245	379	#
634	958.757	115	116	131	142	183	197	198	199	200	213	214	215	216	230	231	232	379	#
635	254.216	80	81	82	96	97	112	380	#
636	378.322	81	82	96	97	98	99	380	#
637	357.822	81	82	83	97	99	113	380	#
638	336.632	80	81	82	96	97	98	380	#
639	335.375	81	82	96	97	98	112	380	#
640	155.582	81	96	112	113	138	154	380	#
641	1356.69	8	9	10	11	15	24	25	26	27	28	29	30	31	40	41	42	43	44	45	46	47	58	59	60	75	76	90	91	134	231	381	#
642	1876.29	13	42	55	56	57	58	72	73	74	75	88	89	90	91	92	93	105	106	107	108	109	121	123	124	125	138	139	140	141	154	381	#
643	1853.61	11	26	27	28	29	30	42	43	44	45	58	59	60	73	74	75	79	89	90	91	92	95	105	106	108	109	110	111	126	127	381	#
644	1802.23	27	42	43	53	54	58	59	69	71	72	73	74	75	76	88	89	90	91	92	106	107	108	123	124	138	139	141	154	155	156	381	#
645	1725.17	9	11	14	24	25	26	27	28	29	30	41	42	43	44	45	46	48	58	59	60	61	62	72	73	74	75	76	91	92	107	381	#
646	1715.33	58	73	74	75	77	78	79	88	89	90	91	93	94	95	104	105	106	107	108	110	111	126	127	172	173	188	189	190	206	207	381	#
647	355.846	11	27	28	44	60	382	#
648	385.717	27	28	44	45	60	382	#
649	352.959	12	27	28	43	44	382	#
650	313.495	10	11	26	27	28	382	#
651	258.828	10	11	26	27	43	382	#
652	1313.57	7	8	9	10	21	22	23	24	25	26	27	28	39	40	41	42	43	44	55	56	58	60	71	383	#
653	1759.54	5	6	21	22	23	24	37	38	39	40	52	54	55	56	57	68	69	71	73	85	89	129	197	383	#
654	1639.01	5	6	8	21	22	23	24	37	38	39	40	41	42	56	57	68	84	85	99	100	101	115	193	383	#
655	1547.58	11	27	42	43	57	58	59	60	72	73	74	75	76	88	89	90	91	92	107	108	109	110	123	383	#
656	1492	0	1	2	3	4	5	6	17	18	19	20	21	22	23	34	36	37	38	39	53	54	55	71	383	#
657	1488.18	6	7	8	9	20	21	22	23	24	25	26	27	38	39	42	43	54	55	58	59	60	76	227	383	#
658	120.623	150	167	168	384	#
659	88.7953	165	168	185	384	#
660	173.103	206	207	222	385	#
661	194.14	206	222	237	385	#
662	128.889	206	207	223	385	#
663	345.636	0	1	16	17	18	20	33	34	35	386	#
664	506.437	1	2	17	18	19	20	21	34	36	386	#
665	495.505	3	4	5	19	20	21	35	36	52	386	#
666	397.066	0	1	2	3	16	17	33	34	35	386	#
667	366.394	16	17	18	19	34	50	66	82	207	386	#
668	355.929	0	1	2	3	16	17	19	210	211	386	#
669	114.365	55	56	72	387	#
670	53.7969	55	71	72	387	#
671	310.302	16	17	32	33	199	215	388	#
672	337.786	32	33	34	48	64	80	388	#
673	260.995	1	2	16	17	34	35	388	#
674	256.789	0	16	17	32	33	34	388	#
675	180.356	78	93	94	184	200	215	388	#
676	158.376	166	182	198	199	237	253	388	#
677	827.009	91	92	108	124	125	140	141	144	145	146	160	161	176	177	192	389	#
678	1011.89	57	58	73	74	75	89	90	91	92	105	106	107	121	123	137	389	#
679	902.25	161	162	169	176	177	178	192	193	194	210	211	226	227	228	244	389	#
680	832.235	58	60	72	73	74	75	76	88	89	90	91	104	106	107	122	389	#
681	812.582	113	129	130	131	145	146	162	176	177	178	192	193	194	210	211	389	#
682	796.012	108	109	110	124	125	126	127	139	140	141	142	143	155	156	158	389	#
683	68.584	19	135	390	#
684	39.0292	19	35	390	#
685	400.143	135	149	150	151	164	165	166	180	181	391	#
686	483.728	52	133	148	149	164	179	180	196	212	391	#
687	478.813	164	166	180	181	182	197	198	214	215	391	#
688	455.895	136	151	152	163	164	179	180	181	196	391	#
689	452.038	118	120	133	134	135	149	150	151	152	391	#
690	446.99	150	151	166	167	168	169	181	182	191	391	#
691	325.254	43	59	75	76	149	150	165	392	#
692	487.667	4	58	59	60	74	75	76	392	#
693	454.629	27	43	58	59	60	75	76	392	#
694	442.521	133	134	136	149	150	151	152	392	#
695	250.556	148	149	164	165	166	238	239	392	#
696	97.0931	133	147	148	149	163	164	165	392	#
697	122.948	232	248	393	#
698	154.549	248	249	393	#
699	145.367	232	233	393	#
700	668.547	5	6	37	52	53	68	69	84	394	#
701	651.061	6	20	21	22	37	38	52	54	394	#
702	644.834	67	68	82	83	84	99	100	101	394	#
703	643.122	21	37	52	53	54	68	69	70	394	#
704	638.181	37	52	53	54	55	71	86	87	394	#
705	555.821	22	52	53	54	69	71	72	87	394	#
706	503.78	97	98	113	114	130	146	161	162	395	#
707	613.347	100	113	114	115	116	117	130	131	395	#
708	612.199	98	113	114	115	116	129	130	131	395	#
709	590.162	80	96	97	98	113	114	129	130	395	#
710	573.448	5	162	176	177	192	193	244	245	395	#
711	434.174	98	114	130	131	146	147	161	162	395	#
712	2170.27	8	9	10	11	24	25	26	27	40	41	42	43	54	55	56	57	58	59	60	69	70	72	73	74	75	76	88	89	90	91	92	102	106	108	124	125	140	141	156	157	396	#
713	2630.49	78	89	90	91	92	93	94	97	98	104	105	106	107	108	109	110	111	120	121	122	123	124	125	126	136	137	138	139	140	141	152	153	154	155	157	158	172	173	174	175	396	#
714	2622.28	6	11	12	26	27	28	29	30	42	43	44	45	46	59	60	61	75	76	90	91	92	106	107	109	110	111	121	122	123	124	125	137	138	139	140	141	153	154	169	244	396	#
715	2601.36	5	21	22	37	38	39	40	52	53	54	55	56	57	66	67	68	69	70	71	72	73	82	84	85	86	98	99	100	101	102	115	116	117	118	131	133	134	150	165	166	396	#
716	2562.15	9	10	11	12	13	25	26	27	28	41	42	43	44	55	56	57	58	59	73	74	75	88	89	90	91	92	104	105	106	107	108	109	110	111	124	125	126	141	144	145	396	#
717	2546.2	27	29	40	41	42	43	44	45	57	58	59	60	71	73	74	75	76	86	87	88	89	90	91	92	93	104	105	106	107	108	109	110	111	120	121	122	123	124	125	126	396	#
718	131.848	80	96	112	397	#
719	139.94	112	113	114	397	#
720	136.04	64	80	96	397	#
721	380.79	74	89	90	106	122	138	139	398	#
722	513.713	74	89	90	91	105	106	121	398	#
723	501.19	74	89	90	105	106	107	108	398	#
724	422.405	73	74	75	89	90	91	106	398	#
725	414.136	106	121	122	136	137	153	230	398	#
726	386.314	106	107	122	123	124	139	140	398	#
727	476.275	204	205	206	220	221	222	236	237	238	253	254	399	#
728	546.072	172	173	174	175	188	189	190	191	204	205	206	399	#
729	537.401	126	142	158	173	174	188	189	204	205	220	221	399	#
730	535.44	157	172	173	188	189	190	204	205	206	221	237	399	#
731	528.429	189	204	205	218	219	220	233	234	235	236	252	399	#
732	523.438	190	191	205	206	221	222	237	238	239	253	255	399	#
733	808.949	108	123	124	125	126	140	141	156	157	158	172	173	400	#
734	937.319	46	158	159	168	169	183	184	185	200	201	215	216	400	#
735	834.218	92	93	107	108	109	124	125	126	140	141	142	157	400	#
736	783.055	19	20	35	51	124	125	139	140	153	156	190	191	400	#
737	777.305	92	108	109	110	111	124	125	126	127	140	141	143	400	#
738	767.532	106	121	122	123	124	137	138	139	141	153	154	169	400	#
739	210.534	221	223	237	238	239	401	#
740	229.611	221	222	236	237	238	401	#
741	190.218	206	222	223	237	238	401	#
742	146.034	207	223	238	239	255	401	#
743	90.687	174	190	205	206	221	401	#
744	3630.63	25	27	28	39	43	44	53	54	55	56	57	58	59	60	68	69	71	72	73	74	75	76	84	85	86	89	90	91	92	99	100	102	103	104	105	106	107	108	118	120	121	122	123	124	125	126	135	136	137	138	139	151	152	153	154	155	170	171	206	209	402	#
745	4285.78	6	8	19	20	21	22	23	24	27	28	29	35	36	37	38	39	40	43	44	45	46	47	52	53	54	55	56	63	65	66	67	68	69	70	71	72	73	74	75	82	83	84	85	86	89	90	91	92	93	99	100	108	109	110	117	124	125	130	244	245	402	#
746	3982.14	4	5	6	19	20	21	22	23	36	37	38	39	52	53	54	55	57	67	68	69	70	71	72	73	74	83	84	85	86	87	88	89	90	91	92	99	100	101	102	103	104	105	116	117	118	119	120	121	133	134	135	137	151	152	153	169	177	192	193	211	402	#
747	3930.24	4	5	6	7	8	9	10	18	19	20	21	22	23	24	25	34	35	36	37	38	39	40	41	52	53	54	55	56	57	66	67	68	69	70	71	72	82	83	84	85	86	90	91	92	98	99	100	101	106	107	108	109	114	115	117	122	123	124	125	138	402	#
748	3840.81	3	4	5	6	7	8	17	18	19	20	21	22	23	24	33	34	35	36	37	38	39	42	43	50	51	52	53	54	55	56	57	58	65	66	67	68	69	70	71	72	74	83	84	85	86	87	88	90	91	100	101	102	104	115	116	117	118	131	132	134	402	#
749	3798.84	12	13	26	27	28	29	42	43	44	45	58	59	60	75	76	85	91	92	93	94	96	97	98	100	101	102	106	107	108	109	110	113	114	115	116	117	118	123	124	125	126	127	129	130	131	132	133	134	135	139	140	141	142	148	149	150	156	157	158	166	402	#
750	1485.37	58	59	74	75	91	92	113	114	130	135	145	146	161	162	163	176	177	178	179	193	194	195	403	#
751	1556.03	60	73	74	75	76	77	90	91	92	93	104	105	106	107	108	109	122	123	124	140	141	157	403	#
752	1538.83	82	83	84	85	86	98	99	100	113	114	115	117	129	130	131	144	145	146	162	163	178	179	403	#
753	1497.04	50	66	82	83	97	98	99	113	114	129	130	144	145	146	147	148	149	161	162	163	164	179	403	#
754	1456.65	81	82	96	97	98	114	115	116	128	129	130	131	144	145	146	147	161	162	163	177	178	179	403	#
755	1425.31	88	103	104	105	106	107	119	120	121	122	123	124	135	136	137	150	151	152	153	166	167	251	403	#
756	222.788	181	182	183	198	199	404	#
757	274.498	167	168	183	184	185	404	#
758	261.233	181	182	198	246	247	404	#
759	218.467	183	198	199	200	215	404	#
760	180.118	183	184	198	199	200	404	#
761	365.892	46	62	63	77	78	79	95	110	111	405	#
762	524.185	109	110	111	126	127	142	158	174	175	405	#
763	460.876	61	62	78	201	217	218	233	234	250	405	#
764	425.613	62	63	78	79	95	106	107	111	122	405	#
765	297.837	61	62	63	77	78	79	93	95	111	405	#
766	290.526	61	77	78	79	92	93	94	108	125	405	#
767	1142.7	12	13	26	27	28	29	30	31	42	43	44	45	46	58	59	60	74	75	89	90	406	#
768	1351.63	11	27	28	92	108	110	124	125	126	142	198	199	200	213	214	215	216	217	231	247	406	#
769	1300.2	11	27	28	41	42	43	52	58	59	68	73	74	75	82	85	88	89	90	98	101	406	#
770	1290.16	28	29	45	46	61	77	215	217	231	232	233	234	235	236	245	246	248	249	250	252	406	#
771	1241.42	20	58	72	73	74	88	89	90	91	104	105	134	150	152	167	168	185	199	200	201	406	#
772	1217.12	6	20	21	34	35	36	37	38	52	53	54	56	69	70	71	72	74	86	87	90	406	#
773	101.414	247	#
774	289.56	174	188	189	190	204	205	206	207	220	407	#
775	401.22	173	189	204	205	206	207	219	220	221	407	#
776	375.411	157	172	173	174	188	189	190	204	206	407	#
777	321.95	190	204	205	206	207	220	221	223	237	407	#
778	274.966	173	174	189	190	205	206	207	221	223	407	#
779	246.561	205	206	219	220	221	236	237	252	253	407	#
780	2672.53	7	8	10	21	22	23	24	25	26	27	40	41	42	43	120	121	136	137	152	153	154	155	168	169	170	171	183	184	185	186	187	188	189	200	201	202	203	204	205	215	216	217	218	219	220	221	233	234	235	236	237	238	249	408	#
781	3219.89	6	8	9	10	23	24	25	26	27	39	40	41	42	43	48	49	50	51	52	56	58	59	60	66	67	68	72	73	74	75	76	80	81	82	83	84	85	90	91	96	97	98	99	100	101	102	112	113	114	115	117	129	130	408	#
782	3153.68	3	4	5	6	7	8	9	10	11	12	18	20	21	23	24	25	26	27	28	35	36	37	38	39	40	41	42	43	51	52	53	54	55	56	57	58	66	67	68	69	70	84	85	87	100	102	103	108	124	126	141	142	158	408	#
783	3096.82	7	8	9	10	21	23	24	25	26	27	37	38	39	40	41	42	47	52	53	54	55	56	57	62	63	68	69	70	71	73	74	78	79	85	86	87	88	90	93	94	95	101	102	103	104	105	106	107	118	120	121	136	137	408	#
784	3060.54	4	5	6	7	8	9	15	21	22	23	24	25	26	31	36	37	38	39	40	41	45	46	47	52	53	54	55	56	62	63	67	68	69	70	71	72	73	78	79	83	84	85	86	87	88	94	95	99	101	102	103	104	119	408	#
785	3030.79	138	139	153	154	155	157	160	161	162	169	170	171	172	173	176	177	178	184	185	187	192	193	197	198	199	200	201	202	203	212	213	214	215	216	217	218	219	228	229	230	231	232	233	234	235	244	245	246	247	248	249	250	251	408	#
786	362.489	54	55	56	57	71	72	73	74	89	409	#
787	484.86	39	55	56	57	72	73	88	89	105	409	#
788	484.286	37	53	54	62	63	71	86	87	102	409	#
789	446.492	38	39	40	54	55	56	57	72	73	409	#
790	386.72	66	71	72	73	82	148	149	163	164	409	#
791	372.727	12	38	39	40	55	57	71	72	73	409	#
792	94.6838	234	235	#
793	465.688	7	8	9	10	128	207	222	223	236	237	410	#
794	570.22	102	128	144	145	160	161	162	176	177	193	410	#
795	522.21	206	207	219	220	221	222	223	236	237	253	410	#
796	522.01	205	206	207	221	222	223	235	236	237	239	410	#
797	485.223	7	8	21	22	23	24	25	26	40	41	410	#
798	425.515	25	206	207	222	223	236	237	238	239	253	410	#
799	2685.62	0	1	2	11	16	73	74	75	77	78	80	87	88	89	90	91	92	93	94	96	103	106	107	108	109	110	111	120	121	122	123	124	125	126	127	139	140	141	142	143	155	156	157	158	159	172	173	233	411	#
800	3407.02	21	37	40	52	53	55	56	57	59	72	73	74	75	83	89	90	91	99	100	101	102	103	104	105	106	107	115	117	118	121	122	123	124	131	136	137	139	140	152	154	155	156	157	172	243	244	245	246	411	#
801	3260.3	4	20	21	37	51	52	53	54	60	67	68	69	70	71	76	80	81	82	83	84	85	86	96	97	98	99	100	101	102	112	113	114	115	116	117	118	129	130	131	133	134	148	149	150	164	165	167	181	411	#
802	3204.37	9	20	21	23	24	25	26	32	33	34	35	36	37	38	39	40	48	49	50	51	52	53	54	55	64	65	66	67	68	69	80	81	82	83	84	85	86	96	97	98	99	100	101	112	113	114	117	129	411	#
803	3182.61	10	12	26	27	28	42	43	44	50	58	59	60	64	65	66	67	72	73	74	75	76	80	81	82	84	89	90	91	96	98	99	104	105	106	107	108	109	114	120	121	122	123	124	125	130	139	140	156	411	#
804	3178.45	4	5	6	19	20	21	22	35	37	38	43	53	56	58	59	71	72	74	75	76	86	87	88	89	90	91	102	103	104	105	106	107	118	121	122	123	124	133	134	139	140	141	148	149	150	155	159	165	411	#
805	543.619	46	47	61	62	63	78	79	92	93	94	95	412	#
806	774.896	74	75	90	91	92	93	106	107	108	109	125	412	#
807	622.217	91	92	93	94	106	107	108	109	110	111	127	412	#
808	601.974	45	61	62	77	92	93	108	115	116	117	131	412	#
809	598.384	74	75	77	89	90	91	92	93	94	107	109	412	#
810	587.176	28	29	30	31	45	46	47	62	63	78	79	412	#
811	679.432	71	72	73	74	75	88	89	90	91	104	105	106	120	413	#
812	869.115	43	51	59	74	75	90	91	92	93	107	108	109	123	413	#
813	834.522	73	74	89	90	91	105	106	107	120	121	122	136	137	413	#
814	828.328	57	73	74	75	89	90	91	92	106	107	108	109	125	413	#
815	799.303	58	73	74	75	88	89	90	91	92	106	108	109	125	413	#
816	782.868	42	57	58	59	60	72	73	74	75	76	89	90	91	413	#
817	109.319	61	77	414	#
818	117.629	45	61	414	#
819	83.1002	77	93	414	#
820	1003.63	116	117	133	147	148	161	162	163	164	176	177	178	179	180	193	194	195	196	415	#
821	1323.98	67	68	84	85	99	100	101	102	115	116	117	118	119	120	130	131	134	135	415	#
822	1135.65	145	146	160	161	162	176	177	178	192	193	194	209	210	211	225	226	227	242	415	#
823	1074.04	182	195	196	197	198	199	211	212	213	214	215	216	217	218	229	230	231	246	415	#
824	1042.3	144	160	161	162	163	176	177	178	179	192	193	194	209	210	211	225	226	242	415	#
825	1013.79	144	145	146	149	160	161	162	164	165	176	177	178	181	192	193	194	210	211	415	#
826	171.806	209	210	211	227	416	#
827	207.666	211	212	227	228	416	#
828	164.295	194	209	210	211	416	#
829	91.8012	54	#
830	199.457	64	80	96	417	#
831	197.373	48	64	80	417	#
832	83.8706	81	96	125	417	#
833	1416.06	12	14	15	28	29	30	44	45	46	58	59	61	62	74	75	76	77	78	79	90	91	92	93	94	95	108	109	110	111	418	#
834	1935.14	91	92	93	106	107	108	109	123	124	125	128	136	137	138	139	140	141	144	145	151	152	153	154	156	161	168	169	170	185	418	#
835	1897.4	44	45	56	57	58	59	60	72	73	74	75	76	88	89	90	91	92	93	104	105	106	107	120	121	123	135	136	139	155	418	#
836	1798.18	12	26	27	28	29	42	43	44	57	58	59	60	73	74	75	76	90	91	92	104	105	106	107	108	123	124	139	140	141	418	#
837	1734.22	31	58	64	74	75	80	81	90	91	92	93	96	106	107	108	109	123	124	125	138	139	140	141	142	143	154	155	156	159	418	#
838	1591.94	61	74	75	77	78	79	90	91	92	93	94	95	108	109	110	111	123	124	125	127	139	140	141	142	143	237	239	253	254	418	#
839	893.491	120	135	150	151	166	167	179	180	181	182	183	196	197	198	212	213	214	215	419	#
840	1254.13	33	49	89	104	105	119	120	121	122	135	136	137	150	151	152	153	166	167	419	#
841	1219.81	130	145	146	161	162	176	177	178	179	193	194	195	196	197	208	209	210	226	419	#
842	1169.82	176	192	195	196	197	198	211	212	213	214	215	216	226	227	228	229	231	245	419	#
843	1085.77	101	102	103	104	116	117	119	120	134	135	136	149	150	151	152	167	168	184	419	#
844	1061.1	133	134	150	166	167	168	169	170	181	182	183	184	185	186	197	198	199	202	419	#
845	1148.52	7	8	9	10	22	23	24	25	26	38	39	40	54	55	68	69	70	71	86	87	420	#
846	1404.32	36	37	51	52	66	67	68	84	85	86	87	98	99	100	101	102	114	115	116	117	420	#
847	1379.27	36	37	38	39	52	53	54	55	68	69	70	84	85	86	87	101	102	117	118	160	420	#
848	1341.4	22	23	24	38	39	54	55	56	67	68	69	70	71	84	85	86	130	145	146	162	420	#
849	1297.9	5	6	7	8	9	21	22	23	24	25	36	37	38	39	40	41	52	53	54	55	420	#
850	1189.02	7	8	9	21	22	23	24	25	39	40	41	53	54	55	56	57	71	73	87	129	420	#
851	107.385	1	2	3	4	19	421	#
852	153.229	1	2	3	17	18	421	#
853	382.602	90	106	122	123	124	138	422	#
854	492.4	89	90	105	106	122	240	422	#
855	431.547	72	73	89	90	105	106	422	#
856	390.326	89	105	121	122	123	137	422	#
857	337.734	122	123	138	154	170	186	422	#
858	288.707	123	124	139	140	154	155	422	#
859	864.191	97	113	114	115	116	129	130	131	132	146	147	148	210	226	423	#
860	1058.21	100	101	115	116	117	118	131	132	133	134	135	136	150	152	423	#
861	921.782	17	100	101	115	116	117	130	131	132	133	134	148	149	150	423	#
862	908.667	7	8	23	24	25	26	39	40	55	56	57	71	72	73	106	107	122	123	138	424	#
863	1229.12	38	53	54	55	56	67	68	69	70	71	72	83	84	85	86	101	102	117	118	424	#
864	1196.09	58	73	74	89	90	91	92	93	105	106	107	108	109	122	123	124	138	140	141	424	#
865	1188.28	7	91	92	107	108	121	122	123	124	125	137	138	140	141	142	147	148	149	150	424	#
866	1165.83	88	91	104	105	106	107	120	121	122	123	124	134	135	136	137	138	152	153	154	424	#
867	1112.19	5	6	7	8	9	21	22	23	38	39	40	54	55	56	57	70	72	73	74	424	#
868	486.817	120	134	135	136	137	149	150	151	152	153	166	167	168	182	425	#
869	692.049	150	151	152	163	166	167	168	170	184	185	186	200	202	210	425	#
870	662.801	103	117	118	119	120	133	134	135	136	150	151	152	165	167	425	#
871	661.214	74	90	91	120	135	136	137	151	152	153	167	168	169	184	425	#
872	635.56	133	149	150	151	164	165	167	180	183	184	185	199	200	201	425	#
873	613.238	85	100	101	103	116	117	118	132	133	134	135	150	151	167	425	#
874	978.378	37	38	52	53	196	197	210	211	212	226	228	229	242	243	244	245	426	#
875	1299.08	67	83	84	99	115	116	131	211	212	213	226	227	228	229	230	244	426	#
876	1250.2	37	52	53	68	69	180	181	196	197	212	213	227	228	240	244	245	426	#
877	1154.24	4	5	6	18	19	20	21	22	35	36	37	51	52	53	68	84	426	#
878	1140.96	182	197	198	209	212	213	214	215	225	226	227	228	229	230	244	245	426	#
879	1095.68	5	20	21	22	37	38	52	53	54	69	70	71	86	87	88	232	426	#
880	517.754	6	21	37	38	39	427	#
881	510.872	6	22	23	39	55	427	#
882	462.521	6	22	37	38	39	427	#
883	413.407	24	38	39	40	56	427	#
884	400.619	6	20	21	35	37	427	#
885	400.333	23	24	39	40	41	427	#
886	1037.23	13	14	15	30	31	45	46	47	61	62	63	77	78	93	94	118	119	134	135	150	151	428	#
887	1449.78	31	43	46	47	58	63	68	82	83	84	85	99	100	101	102	103	104	115	116	117	118	428	#
888	1346.28	100	102	115	116	117	118	120	130	131	133	134	135	149	150	151	165	172	173	180	181	188	428	#
889	1253.88	15	30	31	44	45	46	47	58	59	60	61	62	63	74	77	78	79	93	94	95	109	428	#
890	1253.53	0	16	70	86	87	88	89	100	101	102	103	104	105	117	118	119	120	133	134	135	151	428	#
891	1234.19	15	18	19	20	28	29	30	33	34	35	46	61	62	77	78	93	94	108	109	124	173	428	#
892	353.085	184	200	201	202	216	217	251	429	#
893	507.953	109	110	137	186	187	202	218	429	#
894	496.798	168	185	186	200	201	202	217	429	#
895	387.468	213	214	215	216	230	231	246	429	#
896	379.112	184	200	201	216	217	218	234	429	#
897	368.987	98	114	115	200	215	230	246	429	#
898	100.181	119	120	430	#
899	81.6455	120	138	430	#
900	224.595	155	156	171	172	431	#
901	220.905	140	155	156	171	431	#
902	175.995	139	154	155	170	431	#
903	172.56	172	173	190	206	431	#
904	133.217	155	171	172	188	431	#
905	627.322	180	195	196	211	212	226	227	228	242	432	#
906	615.366	195	196	211	212	226	227	228	229	242	432	#
907	587.355	196	209	212	213	225	228	244	245	246	432	#
908	520.722	150	166	196	197	198	212	228	244	245	432	#
909	511.486	196	197	211	212	213	226	227	228	229	432	#
910	510.057	194	209	210	211	225	226	227	242	243	432	#
911	494.21	183	184	185	196	197	198	199	200	433	#
912	559.609	133	150	166	180	182	195	196	197	433	#
913	549.657	67	117	133	182	183	184	185	198	433	#
914	548.099	169	184	185	186	187	192	202	203	433	#
915	513.599	164	165	166	180	181	182	198	199	433	#
916	450.674	178	179	180	195	196	197	198	212	433	#
917	482.492	91	97	98	107	123	124	125	434	#
918	584.321	73	74	75	91	107	123	124	434	#
919	506.001	81	97	112	113	129	130	223	434	#
920	467.947	53	108	124	125	140	141	142	434	#
921	418.227	124	140	141	142	156	157	188	434	#
922	409.207	107	108	122	123	124	125	139	434	#
923	771.998	106	107	108	168	185	187	202	203	218	219	233	234	235	435	#
924	929.198	19	58	74	89	90	105	106	107	108	109	125	126	142	435	#
925	905.769	75	90	91	92	107	108	109	110	124	125	139	140	141	435	#
926	901.546	82	218	219	231	232	233	234	235	247	248	249	250	251	435	#
927	840.55	200	201	216	217	218	231	232	233	234	246	247	250	251	435	#
928	819.31	15	28	29	30	43	44	45	58	218	219	234	235	236	435	#
929	885.053	6	22	38	39	40	41	52	53	54	55	56	71	104	436	#
930	1016.92	7	23	39	52	53	54	55	60	70	71	87	103	124	436	#
931	972.122	5	20	21	22	23	37	38	39	52	53	54	55	69	436	#
932	849.655	5	21	37	38	52	53	54	55	68	70	71	85	162	436	#
933	814.866	21	36	37	52	53	67	68	83	84	85	100	208	209	436	#
934	806.311	4	7	20	21	22	23	24	25	37	38	39	40	53	436	#
935	59.3568	238	239	255	437	#
936	85.8323	223	239	255	437	#
937	43.082	253	254	255	437	#
938	2497.18	20	33	34	35	50	51	66	67	68	69	80	81	82	83	84	85	86	87	96	97	98	99	100	101	102	103	112	113	114	115	116	117	118	129	130	131	132	133	134	149	438	#
939	2943.96	22	38	50	51	52	54	65	66	67	68	69	70	82	83	84	85	86	98	99	100	101	113	114	115	116	117	130	131	146	162	177	178	192	193	194	232	233	234	249	250	438	#
940	2878.06	4	12	15	28	50	51	53	54	66	67	68	69	70	80	81	82	83	84	85	97	98	99	100	101	102	113	114	115	116	117	130	131	145	146	162	164	165	177	179	180	438	#
941	2751.01	64	65	66	80	81	82	83	97	98	113	114	115	116	128	129	130	144	145	146	147	148	161	162	163	176	177	178	179	180	192	193	194	211	213	226	227	228	229	242	244	438	#
942	2714.89	5	38	48	50	54	64	65	66	67	68	69	70	80	81	82	83	84	85	86	87	88	96	97	98	99	100	101	102	112	113	114	117	118	133	134	150	205	206	221	237	438	#
943	2685.3	33	34	49	50	64	65	66	67	80	81	82	83	84	85	86	97	98	99	100	109	110	113	114	115	116	124	125	126	127	131	141	142	143	158	162	174	177	178	193	194	438	#
944	1932.7	73	74	75	89	90	105	106	107	121	122	123	124	137	138	139	140	152	153	154	155	157	168	169	170	171	172	173	185	186	200	201	242	243	439	#
945	2288.94	5	6	7	21	22	23	36	37	38	39	40	52	53	54	55	56	69	70	104	105	106	107	121	122	137	138	152	153	154	155	169	170	186	439	#
946	2256.04	4	5	11	20	21	27	36	43	58	59	73	74	75	89	90	91	92	105	107	108	109	122	123	124	125	138	139	140	141	142	157	158	173	439	#
947	2186.31	21	22	23	24	37	38	39	40	43	54	55	56	58	59	69	70	71	72	73	74	75	84	85	88	89	90	91	92	93	105	106	107	157	439	#
948	2170.94	26	27	28	40	42	43	44	56	57	58	59	60	73	74	75	76	88	89	90	91	104	105	106	107	120	121	137	152	153	169	185	226	227	439	#
949	2147.99	114	115	116	117	120	121	131	132	133	134	135	136	137	144	145	146	147	149	150	151	152	153	160	161	162	167	168	176	177	193	228	243	244	439	#
950	687.084	28	44	60	91	107	108	109	440	#
951	500.275	28	44	59	60	75	76	207	440	#
952	498.148	12	28	44	45	74	90	106	440	#
953	487.049	40	49	50	56	57	92	109	440	#
954	483.361	108	109	110	124	126	141	142	440	#
955	455.68	90	105	106	107	123	124	125	440	#
956	803.176	62	78	79	93	94	95	110	111	126	127	228	229	243	244	245	441	#
957	897.626	47	63	77	78	79	92	93	94	108	109	110	121	137	199	200	441	#
958	844.133	74	77	78	90	91	92	93	94	108	109	110	126	127	142	143	441	#
959	779.998	195	196	198	199	211	212	213	214	228	229	230	243	244	245	246	441	#
960	774.59	196	198	199	200	212	216	228	229	231	232	244	245	246	247	248	441	#
961	773.954	79	95	110	111	124	125	126	127	140	141	142	143	157	158	173	441	#
962	647.505	0	1	3	16	17	18	19	33	34	35	49	50	51	65	442	#
963	925.61	2	3	4	5	6	16	17	18	19	21	22	35	51	67	442	#
964	852.919	4	5	6	18	19	20	21	34	35	36	50	51	66	67	442	#
965	844.038	19	33	34	35	49	50	51	66	67	82	83	84	98	99	442	#
966	799.712	32	33	35	37	48	49	50	51	52	53	67	68	84	149	442	#
967	745.953	48	49	50	51	64	65	66	67	81	82	83	97	98	114	442	#
968	223.716	129	130	443	#
969	236.174	113	129	443	#
970	1673.48	95	107	108	111	122	123	124	125	126	136	137	139	140	141	142	143	150	151	152	153	154	155	156	157	167	171	172	173	186	187	188	444	#
971	2272.05	5	88	89	90	91	92	104	105	106	107	108	120	121	122	123	124	125	135	136	140	141	142	152	153	154	156	168	169	170	229	245	444	#
972	2148.21	102	104	118	119	120	121	134	135	136	150	151	152	153	165	166	167	168	169	184	185	213	221	222	223	233	237	239	247	248	249	250	444	#
973	2143.97	75	85	86	88	89	90	91	101	102	104	105	106	117	118	119	120	121	122	133	134	135	136	137	150	151	152	153	165	166	167	181	444	#
974	2111.84	2	37	38	47	153	169	170	180	183	184	185	186	196	197	198	199	200	201	202	203	215	217	218	219	229	230	233	234	235	245	250	444	#
975	2108.94	88	89	102	103	104	118	119	120	121	122	124	125	133	134	135	136	137	140	141	142	149	150	151	152	153	156	167	169	185	186	201	444	#
976	211.362	21	37	53	54	445	#
977	276.413	6	21	37	53	445	#
978	242.359	54	119	120	135	445	#
979	203.093	52	53	54	69	445	#
980	149.405	37	38	52	53	445	#
981	693.561	26	27	42	43	44	58	59	74	90	106	446	#
982	717.245	59	74	75	89	90	106	112	113	129	130	446	#
983	682.13	89	90	105	106	120	121	122	123	138	154	446	#
984	630.716	26	27	28	29	42	43	44	58	59	60	446	#
985	617.802	7	8	9	23	24	25	26	39	40	118	446	#
986	604.652	12	13	26	27	28	29	42	44	58	174	446	#
987	829.904	133	181	182	197	198	199	213	215	231	232	247	447	#
988	821.519	182	197	198	199	200	213	214	215	228	229	231	447	#
989	762.22	179	180	181	182	196	197	198	212	213	214	229	447	#
990	746.373	184	185	199	200	201	202	215	216	231	232	233	447	#
991	719.102	4	5	19	196	197	198	212	213	214	229	230	447	#
992	698.885	183	199	214	215	223	231	232	233	246	247	248	447	#
993	916.139	51	58	67	74	75	78	91	92	93	95	108	109	111	448	#
994	975.928	50	51	52	65	66	67	68	84	100	101	102	116	117	448	#
995	940.645	43	58	59	60	74	75	76	91	92	93	94	107	109	448	#
996	906.495	27	28	43	58	59	60	74	75	76	90	91	106	107	448	#
997	901.442	74	75	77	90	91	92	93	94	106	107	108	109	123	448	#
998	845.344	74	75	89	90	91	106	107	108	124	141	142	157	173	448	#
999	1205.86	73	74	90	91	92	93	94	105	106	107	108	109	110	120	121	122	123	124	125	137	449	#
1000	1425.69	54	55	57	70	71	72	73	74	89	90	91	92	93	104	105	106	108	109	121	124	449	#
1001	1398.27	92	105	108	109	121	122	123	124	125	136	137	138	139	140	141	152	153	155	156	172	449	#
1002	1381.07	24	25	26	27	42	57	58	59	73	74	75	76	90	91	92	101	106	108	109	255	449	#
1003	1348.39	92	106	108	109	121	122	123	124	137	138	139	140	141	142	152	153	154	155	156	220	449	#
1004	1302.21	74	75	76	90	91	92	93	107	109	123	139	148	163	164	165	175	179	180	190	191	449	#
