%% File generated by CATS v.2.1Thu May  9 12:57:36 2024

%% The CATS webpage is http://robotics.stanford.edu/CATS

%% PARAMETER SETTINGS:
% Goods: 256; Bids: 1000; Distribution: regions; Runs: 1; Seed: 28
% Regions Distribution Parameters:
% Max Substitutable Bids = 5
% Removing HV Neighbor   = 0.1
% Adding DIAG Neighbor   = 0.2
% Additional Location    = 0.9
% Jump Probability       = 0.05
% Additivity             = 0.2
% Budget Factor          = 1.5
% Resale Factor          = 0.5
% Uniform Private Value:
%   Deviation            = 0.5
%   Max Good Value       = 100



goods 256
bids 1003
dummy 186

0	86.8161	235	#
1	1257.02	8	24	25	41	42	44	45	58	59	60	61	75	76	77	90	91	92	201	256	#
2	1390.78	22	26	35	42	44	45	46	57	58	59	60	61	76	77	85	101	102	117	256	#
3	1343.96	45	46	61	74	75	76	77	90	91	92	93	94	106	107	108	109	110	126	256	#
4	1333.19	28	42	43	44	45	58	59	60	61	75	76	77	91	92	108	142	143	159	256	#
5	1283.97	27	28	42	43	44	45	58	59	60	61	74	75	76	91	92	182	183	184	256	#
6	1267.01	50	51	52	68	76	77	92	195	197	198	199	211	212	213	214	215	229	245	256	#
7	175.577	231	246	247	257	#
8	257.457	215	216	231	257	#
9	119.005	217	247	248	257	#
10	64.6376	163	192	246	257	#
11	721.807	122	138	139	153	154	155	168	169	170	171	172	184	258	#
12	962.032	152	163	168	179	180	181	182	183	184	195	196	200	258	#
13	853.719	80	81	82	141	156	157	158	171	172	187	188	189	258	#
14	810.656	156	170	171	172	174	188	189	190	191	204	206	207	258	#
15	756.616	4	8	9	19	20	21	90	106	107	122	138	139	258	#
16	752.016	153	154	156	157	158	167	168	169	170	172	183	188	258	#
17	805.232	13	14	15	29	30	31	46	60	61	62	75	77	91	93	233	259	#
18	1121.92	44	58	59	60	61	62	75	76	77	90	91	92	93	178	194	259	#
19	945.799	60	61	75	76	77	91	92	93	94	95	107	109	111	123	125	259	#
20	941.493	187	203	215	216	217	218	219	233	234	237	249	250	251	252	253	259	#
21	936.913	12	13	14	28	29	30	31	46	47	61	62	77	78	92	93	259	#
22	935.365	29	45	61	75	76	77	78	79	90	91	92	93	107	108	123	259	#
23	828.426	2	3	4	5	6	19	20	21	22	34	35	36	51	52	260	#
24	1152.47	1	2	3	4	5	6	17	19	20	21	37	38	52	53	260	#
25	1084.89	4	5	6	7	8	78	79	92	93	94	95	109	110	111	260	#
26	1001.52	1	2	3	4	5	17	18	19	20	81	96	112	113	128	260	#
27	906.843	4	5	6	7	21	22	23	24	37	38	39	51	52	53	260	#
28	898.35	1	2	3	4	17	18	19	34	35	50	51	52	106	217	260	#
29	635.822	132	133	202	215	216	217	218	231	232	233	239	249	261	#
30	830.092	85	101	102	117	118	119	132	133	135	149	150	165	261	#
31	774.338	168	169	184	185	199	200	215	216	230	231	245	247	261	#
32	768.628	154	169	170	185	199	200	215	216	231	232	247	248	261	#
33	768.544	101	103	117	118	119	120	133	135	136	137	151	246	261	#
34	755.6	181	182	183	184	185	199	200	215	216	217	231	247	261	#
35	239.256	116	117	133	262	#
36	306.419	115	116	117	262	#
37	208.671	117	133	149	262	#
38	145.731	117	133	134	262	#
39	1010.16	138	139	155	166	168	169	171	172	182	183	184	185	186	187	200	201	203	216	232	263	#
40	1286.6	150	165	166	180	181	182	183	184	185	186	197	198	199	200	201	215	231	232	249	263	#
41	1260.34	2	18	138	139	155	156	161	162	170	171	178	179	186	193	194	208	209	210	226	263	#
42	1215.53	48	64	65	80	81	169	170	181	182	183	184	185	186	198	199	200	201	202	218	263	#
43	1205.17	184	185	186	198	199	200	214	215	216	217	219	230	231	232	233	234	246	249	250	263	#
44	1196.67	93	108	109	110	123	124	125	126	127	137	138	139	141	143	154	155	158	159	171	263	#
45	265.47	122	137	138	153	154	264	#
46	337.747	122	138	154	155	171	264	#
47	274.412	136	137	152	153	168	264	#
48	216.209	120	121	122	137	138	264	#
49	191.347	119	120	121	137	138	264	#
50	183.576	121	122	136	137	138	264	#
51	510.634	144	145	160	161	162	176	177	178	193	209	265	#
52	688.528	144	145	160	161	162	163	176	178	179	194	265	#
53	633.612	144	145	146	160	161	162	163	176	178	179	265	#
54	610.303	144	145	160	161	162	176	177	178	179	194	265	#
55	601.622	161	162	176	177	178	193	209	225	240	241	265	#
56	588.535	144	145	160	161	162	163	176	177	178	179	265	#
57	385.572	136	152	168	184	185	200	201	266	#
58	484.625	152	168	169	184	185	200	216	266	#
59	400.522	138	197	198	199	200	214	215	266	#
60	394.402	67	83	168	183	184	185	200	266	#
61	378.968	168	169	184	185	186	200	201	266	#
62	376.565	152	168	169	184	185	186	200	266	#
63	600.931	189	203	204	205	206	207	220	221	222	223	238	239	254	255	267	#
64	899.339	143	157	158	159	173	175	191	207	222	223	237	238	239	254	267	#
65	795.029	143	159	175	189	190	191	205	206	207	222	223	239	254	255	267	#
66	791.732	159	174	175	190	191	205	206	207	222	223	239	253	254	255	267	#
67	782.342	159	174	175	190	206	207	222	223	236	239	252	253	254	255	267	#
68	735.896	156	157	172	173	174	175	188	190	191	202	203	204	219	220	267	#
69	182.603	229	230	268	#
70	150.7	214	230	268	#
71	142.549	228	229	268	#
72	107.966	41	187	202	203	218	269	#
73	136.286	186	201	202	203	204	269	#
74	188.174	28	29	42	43	270	#
75	231.688	28	42	43	44	270	#
76	212.756	29	44	45	46	270	#
77	183.388	27	28	29	45	270	#
78	165.516	25	40	41	42	270	#
79	316.395	54	68	69	70	84	85	86	101	271	#
80	413.408	53	54	55	68	69	70	84	85	271	#
81	410.518	52	66	67	68	83	84	85	100	271	#
82	409.526	68	84	85	99	100	101	117	118	271	#
83	396.293	39	40	53	54	55	56	69	71	271	#
84	386.329	53	70	71	84	85	86	87	101	271	#
85	82.018	184	185	#
86	1092.19	5	21	84	85	101	103	104	106	107	117	118	119	120	121	122	123	133	134	136	137	138	272	#
87	1475.28	2	3	4	5	18	19	20	21	34	35	36	37	38	52	53	54	68	69	70	84	85	272	#
88	1396.78	2	3	4	5	6	17	18	19	20	21	36	37	51	52	68	69	84	233	248	249	250	272	#
89	1386.51	85	101	116	117	118	132	133	134	135	149	150	151	207	223	234	235	236	237	250	251	252	272	#
90	1262.73	68	69	84	85	101	104	117	118	119	120	121	134	149	150	166	215	231	232	247	248	249	272	#
91	1261.53	51	52	68	82	83	84	85	101	102	103	104	117	118	119	133	134	135	151	235	251	252	272	#
92	526.274	10	11	27	28	43	44	45	273	#
93	587.822	26	27	28	42	43	44	45	273	#
94	498.862	25	27	28	42	43	58	92	273	#
95	496.839	12	28	43	44	45	46	47	273	#
96	482.927	10	11	12	27	43	214	230	273	#
97	436.468	40	41	44	45	55	56	57	273	#
98	203.912	104	119	135	151	274	#
99	265.345	53	150	151	167	274	#
100	207.245	103	104	119	120	274	#
101	141.022	104	118	119	135	274	#
102	98.5866	119	135	202	218	274	#
103	122.258	151	#
104	728.868	79	95	111	126	127	140	141	142	143	275	#
105	772.527	95	111	126	127	140	141	142	143	156	275	#
106	701.05	63	79	95	109	111	125	126	127	143	275	#
107	680.711	95	111	125	127	141	142	143	245	246	275	#
108	650.787	47	62	63	78	79	94	95	111	127	275	#
109	627.838	109	124	125	126	127	140	141	142	143	275	#
110	173.937	178	193	209	210	276	#
111	252.341	161	177	178	193	276	#
112	207.682	193	209	210	226	276	#
113	167.204	210	226	227	228	276	#
114	35.3725	119	#
115	510.788	103	119	120	121	122	134	135	136	137	152	277	#
116	734.506	85	86	87	88	104	120	121	136	137	152	277	#
117	672.32	72	88	104	105	118	119	120	121	135	137	277	#
118	669.912	89	90	91	105	106	107	120	121	122	137	277	#
119	664.783	88	89	102	103	104	105	119	120	121	122	277	#
120	641.99	88	103	104	118	119	120	121	135	136	137	277	#
121	224.518	94	95	254	278	#
122	254.415	79	94	95	278	#
123	252.06	93	94	95	278	#
124	126.773	166	182	279	#
125	125.354	150	166	279	#
126	701.354	152	166	168	169	181	182	183	184	185	186	198	199	200	201	216	280	#
127	1044.49	150	163	165	166	179	180	181	182	195	196	197	198	214	215	230	280	#
128	1039.77	150	165	166	178	179	180	181	193	194	195	196	197	198	211	212	280	#
129	993.039	136	150	151	152	153	154	165	166	168	181	182	183	184	197	200	280	#
130	913.704	20	169	170	171	172	184	185	186	187	188	200	201	203	204	220	280	#
131	871.834	49	134	149	150	165	166	181	182	183	197	198	214	215	230	246	280	#
132	1260.78	10	11	12	24	25	26	27	28	38	39	40	41	43	55	56	57	58	71	72	73	74	75	89	105	281	#
133	1594.21	12	43	44	59	60	66	67	68	69	70	74	75	76	77	83	84	90	91	92	99	106	107	122	138	281	#
134	1512.01	7	8	9	10	11	12	13	14	23	24	25	26	27	28	29	30	39	40	41	43	44	57	58	59	281	#
135	1502.79	7	8	9	10	11	12	14	22	23	24	25	26	28	29	30	31	39	40	41	43	57	58	73	74	281	#
136	1501.24	2	7	8	9	10	19	22	23	24	25	39	40	41	57	58	59	73	74	75	76	89	90	91	106	281	#
137	1495.38	9	25	39	40	55	56	57	58	71	74	86	87	89	102	138	154	205	220	221	222	237	238	239	254	281	#
138	1094.81	144	160	161	176	177	178	179	192	193	194	195	196	208	209	210	225	226	227	282	#
139	1221.46	98	99	114	115	116	117	118	131	132	133	178	192	193	194	203	208	209	225	282	#
140	1218.18	53	69	70	85	86	144	160	161	176	177	178	179	192	193	194	195	196	208	282	#
141	1213.82	7	8	24	34	50	66	144	145	146	160	161	162	176	177	178	179	193	194	282	#
142	1207.64	144	145	146	160	161	162	176	177	178	179	192	193	194	195	208	209	212	225	282	#
143	1167.01	86	146	162	177	178	179	192	193	194	195	211	212	215	216	217	227	228	229	282	#
144	1262.06	5	6	8	19	20	21	22	23	24	32	33	34	35	36	48	49	50	52	53	54	65	66	68	283	#
145	1477.53	8	9	10	22	23	24	25	26	27	40	41	42	43	56	57	58	59	74	75	90	91	240	241	283	#
146	1446.94	21	33	34	35	36	48	49	50	51	52	65	66	67	68	69	80	81	82	83	85	96	98	101	283	#
147	1437.55	8	9	10	11	12	25	26	27	28	29	30	39	40	41	42	44	55	57	58	59	60	71	74	283	#
148	1423.77	4	5	6	20	21	22	34	35	36	37	38	47	48	49	50	65	66	80	81	82	98	99	121	283	#
149	1418.46	16	19	20	32	34	35	36	48	49	50	51	65	66	67	80	81	82	83	96	97	98	112	113	283	#
150	292.227	44	45	60	61	77	284	#
151	372.818	45	61	77	78	92	284	#
152	322.513	27	28	29	44	45	284	#
153	293.134	13	29	45	61	77	284	#
154	249.179	44	60	61	62	63	284	#
155	216.679	13	14	29	44	45	284	#
156	163.596	133	134	149	285	#
157	192.152	134	135	151	285	#
158	190.163	117	132	133	285	#
159	184.259	149	150	166	285	#
160	479.683	129	130	131	146	147	162	163	286	#
161	560.07	130	131	146	147	175	191	207	286	#
162	498.505	130	131	146	147	161	162	163	286	#
163	466.139	130	146	147	148	161	162	163	286	#
164	439.478	113	129	130	131	146	147	163	286	#
165	387.643	114	130	131	145	146	147	163	286	#
166	63.1833	249	#
167	615.153	2	3	4	5	18	19	20	34	50	287	#
168	664.708	2	3	19	33	34	35	49	50	66	287	#
169	619.354	2	3	18	19	34	49	50	64	65	287	#
170	619.13	2	3	4	19	20	21	36	52	68	287	#
171	586.939	2	18	34	35	50	66	67	68	84	287	#
172	579.471	1	2	18	19	20	32	33	34	50	287	#
173	702.754	66	67	68	69	82	83	84	99	100	116	131	132	288	#
174	1010.01	3	35	51	52	66	67	166	181	182	183	184	200	288	#
175	831.029	34	35	51	52	53	66	67	70	82	83	98	99	288	#
176	795.822	25	42	43	63	69	78	83	84	85	86	99	100	288	#
177	776.782	67	68	69	82	83	84	85	99	100	101	117	118	288	#
178	765.163	51	52	68	69	83	84	85	86	87	102	118	134	288	#
179	494.327	4	93	107	108	109	125	126	289	#
180	500.663	4	20	21	36	37	51	52	289	#
181	497.344	93	108	109	110	125	126	141	289	#
182	439.266	93	94	108	109	110	125	126	289	#
183	423.336	92	93	106	107	108	109	125	289	#
184	401.311	75	76	91	92	107	108	109	289	#
185	228.391	42	130	171	187	290	#
186	308.407	129	130	131	146	290	#
187	258.517	25	26	42	58	290	#
188	253.377	12	28	171	172	290	#
189	136.514	220	221	291	#
190	179.166	204	220	291	#
191	1163.76	88	102	104	118	119	120	121	122	123	124	136	137	138	139	140	155	156	224	240	292	#
192	1361.22	32	38	48	64	120	121	122	123	124	137	138	139	140	152	153	154	155	156	171	292	#
193	1277.03	88	100	103	104	115	116	117	118	119	120	132	133	134	149	165	180	181	182	183	292	#
194	1274.85	6	102	103	104	106	118	119	120	121	122	123	137	138	139	154	155	170	171	186	292	#
195	1262.05	120	121	122	123	124	137	138	139	140	153	154	155	171	211	212	213	228	243	244	292	#
196	1249.05	88	89	90	102	103	104	118	119	120	121	122	123	124	137	138	139	140	154	155	292	#
197	284.049	61	77	78	92	293	#
198	328.672	45	46	61	62	293	#
199	294.762	46	62	78	94	293	#
200	272.752	77	92	93	109	293	#
201	187.939	76	77	129	130	293	#
202	167.158	134	135	136	294	#
203	204.449	118	134	135	294	#
204	165.659	103	119	135	294	#
205	255.248	131	147	148	149	295	#
206	315.136	115	131	132	148	295	#
207	284.391	115	131	147	148	295	#
208	271.819	135	149	150	151	295	#
209	230.993	114	131	146	147	295	#
210	2806.84	12	13	14	15	30	31	44	45	46	47	60	61	62	63	77	78	79	112	179	190	193	194	195	206	208	209	210	211	212	213	224	225	226	227	228	229	230	233	240	241	242	243	244	245	246	248	249	250	296	#
211	3082.97	10	11	12	13	14	27	28	29	30	31	43	45	46	47	62	63	69	84	85	100	101	116	117	118	134	135	155	170	171	187	188	203	206	207	219	222	223	233	234	235	236	237	238	239	252	253	254	255	296	#
212	3075.74	52	53	69	71	72	73	84	85	100	101	116	117	118	131	133	147	148	149	150	163	164	165	166	179	180	181	182	193	194	195	196	208	209	210	211	212	224	225	226	227	229	236	237	240	241	242	243	252	296	#
213	3015.94	101	102	117	118	120	129	130	131	132	133	134	135	136	147	148	149	150	151	163	164	165	166	179	180	181	192	193	194	195	208	209	210	211	212	213	214	215	224	225	226	227	229	240	241	242	243	244	245	296	#
214	2988.47	148	149	150	151	155	163	164	165	166	167	168	169	170	171	179	180	181	182	183	184	185	186	187	194	195	198	199	200	201	210	211	212	213	214	215	224	225	226	227	229	230	240	241	242	245	246	247	248	296	#
215	2983.64	11	12	27	28	29	31	42	43	44	45	46	47	57	58	60	61	62	63	73	74	75	76	77	78	87	88	89	90	91	104	105	107	109	125	141	142	157	178	194	195	203	204	209	210	212	213	229	245	296	#
216	1437.91	67	83	84	85	86	99	100	114	115	116	130	131	132	133	134	145	146	149	160	161	162	178	297	#
217	1619.44	36	50	99	115	130	145	146	155	160	161	162	163	169	170	171	177	178	183	184	185	186	194	297	#
218	1601.24	83	84	99	100	101	116	117	132	133	148	149	150	151	163	165	167	179	180	181	194	195	210	297	#
219	1583.32	67	68	83	84	85	86	100	101	102	118	144	145	146	148	160	161	162	163	177	178	179	194	297	#
220	1492.79	36	49	51	52	65	67	68	69	81	82	83	84	99	100	101	115	116	117	132	133	155	171	297	#
221	1490.71	124	125	126	139	140	141	153	154	155	156	160	161	162	163	169	170	171	172	177	178	185	186	297	#
222	750.939	174	190	191	206	207	223	236	237	238	239	253	254	255	298	#
223	999.19	111	127	143	154	159	170	174	175	190	191	206	222	223	298	#
224	973.2	159	174	175	190	206	221	222	223	236	237	238	253	254	298	#
225	871.462	203	204	206	217	219	222	234	235	237	238	251	252	253	298	#
226	812.883	174	175	190	191	205	206	207	221	222	223	237	238	254	298	#
227	812.797	114	129	130	131	146	147	162	163	237	238	253	254	255	298	#
228	20.8319	133	#
229	105.584	206	207	223	239	299	#
230	142.925	189	190	191	207	299	#
231	444.532	213	227	228	229	244	245	300	#
232	509.854	212	213	229	245	246	247	300	#
233	488.283	213	228	229	230	244	246	300	#
234	440.53	197	213	214	228	229	245	300	#
235	399.616	213	228	229	230	243	244	300	#
236	354.21	197	198	213	214	215	229	300	#
237	768.114	1	2	19	20	21	34	35	36	50	52	301	#
238	842.949	1	2	3	4	17	18	19	20	34	36	301	#
239	834.869	1	2	3	4	17	18	20	34	35	50	301	#
240	772.29	1	2	3	5	18	19	20	21	36	52	301	#
241	754.811	4	5	6	20	21	22	36	37	38	54	301	#
242	736.736	3	4	5	6	7	20	21	35	36	52	301	#
243	1636.7	37	42	43	58	70	71	73	74	75	85	86	87	88	89	101	104	119	120	134	135	136	137	165	166	167	180	181	182	302	#
244	1870.25	3	17	19	20	21	37	38	53	54	55	67	68	69	70	84	85	86	87	92	100	101	104	115	116	117	118	119	134	302	#
245	1801.51	67	68	84	85	86	99	100	101	102	113	114	115	116	117	118	130	133	134	180	181	195	196	197	211	214	237	238	253	302	#
246	1773.17	50	51	66	67	68	82	83	84	85	86	99	100	101	114	115	116	117	118	129	130	131	133	134	146	147	148	162	163	302	#
247	1767.11	3	4	5	17	18	19	20	21	34	35	36	37	38	39	40	50	51	52	53	70	86	110	126	210	211	227	228	243	302	#
248	1735.12	7	22	23	24	48	49	50	66	147	163	165	166	167	168	179	180	181	182	183	195	196	210	211	212	213	226	227	228	302	#
249	439.632	50	231	232	247	248	249	303	#
250	533.906	214	215	230	231	232	248	303	#
251	512.077	1	2	3	232	233	249	303	#
252	459.608	200	216	231	232	248	249	303	#
253	419.945	232	233	234	248	249	250	303	#
254	353.681	232	233	247	248	249	250	303	#
255	265.91	51	52	68	124	139	175	304	#
256	384.572	18	34	35	51	52	67	304	#
257	342.134	5	21	36	51	52	68	304	#
258	341.16	20	21	36	52	68	69	304	#
259	336.603	158	174	175	191	206	207	304	#
260	313.149	123	124	125	141	142	157	304	#
261	1670.47	67	83	84	99	100	114	131	145	146	147	148	149	161	162	163	164	165	178	179	180	181	194	195	196	211	305	#
262	1780.55	1	2	19	20	61	133	145	146	147	148	149	161	162	163	164	165	178	179	180	181	194	195	197	211	213	305	#
263	1779.46	15	31	38	67	80	81	82	83	97	99	112	113	114	115	116	129	130	132	133	145	146	147	161	162	163	305	#
264	1771.37	66	67	82	83	84	97	98	99	100	109	110	112	113	114	115	116	124	125	126	129	130	141	179	195	212	305	#
265	1751.09	53	67	69	80	81	82	83	84	85	86	87	96	97	98	99	112	113	114	115	128	144	145	146	161	162	305	#
266	1729.86	83	99	114	115	130	144	145	146	147	148	149	160	161	162	163	164	178	179	180	181	194	195	196	197	198	305	#
267	131.396	152	168	306	#
268	115.048	152	153	306	#
269	102.417	185	186	307	#
270	118.472	184	185	307	#
271	96.0377	186	202	307	#
272	877.026	3	4	150	151	152	165	166	167	168	183	184	199	308	#
273	910.279	1	3	4	17	18	19	20	34	35	36	50	51	308	#
274	909.711	0	1	2	3	16	17	18	19	20	34	35	36	308	#
275	820.508	118	119	120	121	134	135	136	150	151	166	167	168	308	#
276	819.048	119	120	134	135	136	150	151	167	183	229	230	245	308	#
277	817.099	147	148	150	163	164	165	166	179	180	181	195	196	308	#
278	850.388	30	31	46	47	61	62	63	76	77	78	93	94	110	309	#
279	987.777	31	46	47	61	62	63	77	78	92	93	106	109	235	309	#
280	975.971	63	76	77	78	91	92	93	94	95	108	109	110	111	309	#
281	912.278	58	72	73	74	75	76	77	89	90	91	92	93	105	309	#
282	909.799	62	63	76	77	78	79	135	150	151	182	197	198	199	309	#
283	878.421	46	62	63	75	78	91	92	93	94	109	110	166	167	309	#
284	1550.12	110	125	126	182	190	198	200	203	206	207	211	212	214	216	217	226	227	228	229	230	231	232	233	243	244	245	246	247	248	249	310	#
285	2099.85	0	1	17	179	180	181	194	195	196	209	210	211	212	213	224	225	226	227	228	229	230	231	240	241	242	243	244	245	246	247	310	#
286	2099.55	18	34	35	46	50	51	61	62	66	67	68	77	78	81	82	83	98	99	100	101	115	116	131	147	214	230	231	246	247	248	310	#
287	2094.82	164	165	179	180	181	194	195	196	197	210	211	212	213	214	222	225	227	228	229	230	231	240	241	242	243	244	245	246	247	248	310	#
288	2007.07	31	35	36	46	47	50	51	52	62	63	67	68	77	78	79	93	94	95	109	110	111	124	125	126	127	139	141	156	157	238	310	#
289	1978.31	97	149	164	165	166	179	180	181	194	195	196	197	198	209	210	211	212	213	226	227	228	229	230	231	242	243	244	245	246	247	310	#
290	116.903	213	214	229	#
291	84.9847	214	#
292	1327.21	31	45	47	60	61	63	74	75	77	78	79	89	92	93	94	95	108	110	312	#
293	1334.32	31	44	45	46	47	60	61	63	77	78	93	108	137	138	139	140	154	155	312	#
294	1318.85	61	63	74	75	76	77	78	79	90	91	92	93	94	95	107	108	109	254	312	#
295	1317.7	7	8	77	78	93	94	95	105	110	197	213	214	227	228	229	230	245	246	312	#
296	1304.33	31	47	61	62	63	77	78	79	91	92	93	94	106	107	108	109	110	169	312	#
297	1304.18	1	2	3	4	14	15	18	19	31	35	36	47	51	52	53	63	78	94	312	#
298	774.516	41	42	43	58	73	74	75	89	90	91	105	106	210	227	313	#
299	975.267	43	44	45	46	60	61	73	74	75	88	89	90	91	105	313	#
300	929.414	26	27	31	41	42	43	44	47	57	58	73	74	75	89	313	#
301	923.702	0	1	58	60	73	74	75	89	90	91	92	106	107	108	313	#
302	831.982	57	58	73	74	75	89	90	91	105	107	119	120	121	137	313	#
303	823.393	10	26	40	41	42	43	44	58	73	74	75	89	91	105	313	#
304	548.508	129	130	146	147	161	162	163	178	179	314	#
305	764.901	3	148	162	163	178	179	194	195	210	314	#
306	741.178	66	67	161	162	163	179	180	194	195	314	#
307	685.89	129	130	146	161	162	163	178	179	194	314	#
308	679.322	146	148	149	162	163	164	178	179	194	314	#
309	542.781	113	114	115	116	129	130	131	148	163	314	#
310	992.408	9	11	25	26	27	41	42	43	55	57	58	59	73	168	184	199	200	216	217	315	#
311	1297.75	8	9	10	11	12	13	25	26	27	41	42	43	44	59	95	110	111	126	211	315	#
312	1278.32	6	7	8	9	22	23	25	26	27	38	39	40	41	42	55	56	57	59	60	315	#
313	1270.21	6	7	9	22	23	25	35	36	38	39	40	52	53	54	55	56	68	70	152	315	#
314	1260.89	26	42	56	57	58	59	60	61	73	74	75	89	90	91	92	106	107	108	116	315	#
315	1247.37	8	9	15	25	26	27	40	41	42	43	45	46	56	58	59	60	61	74	75	315	#
316	76.5264	253	#
317	425.372	158	159	175	190	191	207	316	#
318	522.031	142	143	159	175	190	191	316	#
319	495.501	143	157	158	159	175	208	316	#
320	464.007	37	190	191	206	207	222	316	#
321	408.024	139	159	174	175	190	191	316	#
322	382.659	190	191	206	207	223	239	316	#
323	755.968	53	68	69	84	85	86	100	101	116	117	133	134	135	151	167	317	#
324	949.798	46	53	54	62	69	84	85	100	101	116	117	132	133	149	150	317	#
325	936.502	52	53	54	55	56	68	69	85	101	102	117	118	133	134	150	317	#
326	923.402	36	52	53	54	68	69	71	84	85	86	87	100	101	102	117	317	#
327	919.356	117	131	133	134	135	148	149	150	151	164	166	167	168	180	183	317	#
328	911.045	22	37	38	51	52	53	54	67	69	70	84	85	101	102	117	317	#
329	282.146	191	206	207	222	318	#
330	284.508	149	165	190	206	318	#
331	239.511	190	191	205	206	318	#
332	234.751	189	205	206	222	318	#
333	219.465	206	207	222	223	318	#
334	472.565	51	67	68	83	99	319	#
335	422.012	36	51	52	67	68	319	#
336	341.475	35	36	51	52	67	319	#
337	281.714	68	69	83	84	99	319	#
338	223.555	36	52	68	84	85	319	#
339	87.6717	60	76	320	#
340	123.386	60	75	320	#
341	104.585	76	222	320	#
342	413.844	44	60	61	75	76	321	#
343	454.153	44	45	60	75	76	321	#
344	425.955	44	59	60	75	76	321	#
345	423.262	44	45	60	61	76	321	#
346	309.477	60	74	75	76	89	321	#
347	303.486	3	44	60	124	139	321	#
348	72.2158	144	145	#
349	113.443	238	#
350	176.226	8	24	162	322	#
351	191.443	8	9	24	322	#
352	161.808	147	162	163	322	#
353	371.779	152	153	154	155	168	323	#
354	397.686	152	153	154	170	186	323	#
355	357.39	152	153	154	168	184	323	#
356	334.667	168	183	184	200	216	323	#
357	286.874	152	153	154	168	169	323	#
358	196.349	123	138	139	140	155	323	#
359	189.048	12	13	#
360	850.957	101	117	118	134	135	150	151	166	167	182	183	184	198	213	214	324	#
361	1056.14	179	180	181	182	183	195	196	197	198	213	214	230	241	242	245	324	#
362	998.017	69	85	152	168	182	183	184	198	199	200	213	214	229	230	245	324	#
363	939.722	85	98	99	100	101	102	115	117	118	132	133	134	135	150	151	324	#
364	896.87	140	141	157	165	172	181	182	183	198	199	206	214	229	230	245	324	#
365	871.383	85	99	100	101	102	117	118	119	120	133	134	135	137	138	151	324	#
366	783.14	1	2	160	161	176	177	178	192	193	194	208	325	#
367	900.271	160	161	162	163	176	177	178	179	180	194	195	325	#
368	884.408	161	164	177	178	179	180	192	193	194	195	208	325	#
369	862.382	60	61	62	77	92	145	160	161	176	177	178	325	#
370	837.254	145	160	161	176	177	178	179	192	193	194	195	325	#
371	781.143	145	160	161	176	177	178	179	193	194	195	210	325	#
372	1989.93	14	30	41	42	43	44	45	46	47	58	59	60	61	62	63	75	76	77	78	79	85	86	87	88	92	93	95	101	102	108	326	#
373	2336.52	50	58	59	60	61	74	75	76	77	88	90	91	92	93	101	102	103	104	105	107	108	120	136	137	141	155	156	157	172	173	326	#
374	2197.28	26	27	28	41	42	43	44	45	57	58	59	60	61	74	75	76	77	90	92	165	179	194	195	208	209	212	213	225	228	241	326	#
375	2143.6	22	38	39	44	45	58	60	61	74	75	76	77	78	87	90	91	92	93	106	107	108	123	124	125	138	139	153	154	155	156	326	#
376	2102.07	31	39	43	44	45	47	55	60	61	63	75	76	77	78	79	92	93	108	150	163	165	166	167	179	180	181	182	195	196	212	326	#
377	2088.55	44	45	58	59	60	61	62	63	71	72	74	75	76	77	78	79	87	88	89	90	91	92	93	95	104	105	106	108	119	120	326	#
378	158.496	182	183	327	#
379	172.599	183	184	327	#
380	127.143	181	182	327	#
381	8.24735	56	#
382	363.428	144	145	146	147	160	162	178	227	243	244	328	#
383	542.538	145	146	147	162	163	178	179	180	193	194	328	#
384	523.138	51	52	67	68	83	84	145	146	162	163	328	#
385	454.085	145	146	147	148	160	161	162	163	178	194	328	#
386	407.763	106	117	133	134	146	147	148	149	150	163	328	#
387	384.755	42	57	58	144	145	160	161	176	177	178	328	#
388	386.948	41	56	57	72	73	87	88	104	120	329	#
389	438.662	39	40	55	56	71	72	88	104	120	329	#
390	426.728	38	39	41	42	54	55	56	57	58	329	#
391	420.666	26	40	41	42	43	59	68	74	75	329	#
392	393.946	102	103	104	105	120	232	249	250	251	329	#
393	358.858	56	57	71	72	73	74	87	88	89	329	#
394	16.222	219	#
395	819.468	1	2	18	19	34	50	51	66	67	83	330	#
396	749.733	1	2	18	19	34	35	50	66	67	83	330	#
397	726.242	51	52	53	54	66	67	68	69	83	84	330	#
398	657.434	1	2	18	19	34	159	175	190	191	207	330	#
399	636.637	51	52	67	68	83	84	91	92	107	108	330	#
400	625.478	1	2	3	17	18	19	20	34	35	36	330	#
401	604.721	63	77	78	79	92	93	94	95	111	331	#
402	660.234	63	77	78	79	92	93	94	95	110	331	#
403	644.376	76	77	78	91	92	93	94	95	108	331	#
404	643.163	77	78	92	93	94	95	108	109	125	331	#
405	642.639	31	47	63	77	78	79	95	111	127	331	#
406	628.039	47	63	78	79	94	95	110	111	127	331	#
407	26.8556	174	#
408	360.06	80	81	96	112	255	332	#
409	379.502	80	81	82	96	112	332	#
410	379.067	64	80	81	96	112	332	#
411	315.536	222	238	239	254	255	332	#
412	287.588	68	69	81	84	127	332	#
413	101.473	106	#
414	344.15	65	80	81	96	112	333	#
415	423.295	80	81	96	97	113	333	#
416	384.015	64	65	80	81	96	333	#
417	361.528	81	96	97	113	114	333	#
418	294.884	65	80	81	82	97	333	#
419	201.238	112	113	114	128	129	333	#
420	110.517	57	58	73	334	#
421	160.262	58	71	74	334	#
422	61.9323	72	73	88	334	#
423	298.873	38	39	40	49	55	335	#
424	388.531	25	39	40	81	97	335	#
425	329.72	22	38	39	40	54	335	#
426	268.91	38	39	40	55	203	335	#
427	220.568	49	65	195	196	212	335	#
428	3027.01	49	65	68	69	70	81	82	83	84	85	98	99	100	101	113	114	115	116	117	128	129	130	131	132	133	134	146	147	148	149	150	162	163	165	166	179	182	183	184	192	193	194	195	208	209	212	228	229	244	336	#
429	3292.94	11	12	27	43	73	74	75	76	79	89	91	92	95	107	123	124	132	133	139	140	149	150	155	165	166	179	182	193	194	195	208	209	211	212	213	214	215	225	226	227	228	229	230	231	241	242	243	244	246	336	#
430	3203.16	7	34	48	49	50	51	52	53	65	67	68	70	80	81	82	83	84	85	97	98	99	100	101	102	103	104	114	115	118	119	120	130	131	132	133	134	135	136	146	148	149	150	158	162	163	174	175	179	207	336	#
431	3166.08	19	20	21	35	36	52	53	67	68	69	82	83	84	85	88	89	97	98	99	100	101	102	103	104	105	112	113	114	115	116	118	119	128	129	130	131	132	134	135	146	148	149	150	179	195	212	228	229	230	336	#
432	3154.72	1	2	7	8	9	10	18	20	25	26	27	33	34	35	36	38	39	42	43	49	50	51	52	53	54	66	67	68	70	82	83	84	85	98	99	100	101	102	103	104	114	115	116	117	118	131	132	134	135	336	#
433	3151.16	8	24	34	37	48	49	50	51	52	53	65	66	67	70	82	83	84	85	86	98	99	100	101	102	103	104	117	118	119	120	127	133	134	135	136	148	149	150	158	159	166	174	175	179	182	190	195	196	212	336	#
434	217.636	4	5	71	72	337	#
435	130.101	56	72	73	89	337	#
436	102.237	71	72	73	74	337	#
437	584.622	148	163	179	180	195	196	210	211	338	#
438	736.57	148	149	163	179	180	195	206	222	338	#
439	656.35	3	146	147	168	179	180	184	195	338	#
440	647.595	147	148	162	163	164	179	180	195	338	#
441	554.257	147	161	162	163	179	180	195	196	338	#
442	551.554	116	131	132	147	148	164	180	236	338	#
443	732.047	88	101	104	105	118	119	120	122	132	133	134	135	137	138	339	#
444	993.717	101	116	117	118	132	134	135	146	147	148	149	150	163	165	339	#
445	942.465	103	118	119	120	133	134	135	136	148	149	150	152	153	165	339	#
446	867.214	14	30	101	102	103	117	118	119	120	133	134	135	148	149	339	#
447	854.123	5	103	117	118	119	134	135	183	184	213	214	229	230	245	339	#
448	833.244	75	76	88	92	101	102	104	116	117	118	119	120	134	135	339	#
449	1056.62	18	19	34	35	51	52	67	68	69	83	84	85	86	87	100	101	102	340	#
450	1461.13	0	1	2	3	4	5	17	18	19	20	21	34	37	38	53	181	182	340	#
451	1385.36	0	1	2	4	17	18	19	20	34	35	36	51	66	67	83	150	151	340	#
452	1366.34	0	1	2	3	4	5	17	18	19	20	32	33	34	35	51	67	68	340	#
453	1251.26	20	21	37	51	53	54	66	67	68	69	82	83	84	97	98	100	101	340	#
454	1246.68	0	1	2	3	4	17	18	19	20	34	35	49	50	51	52	67	68	340	#
455	180.847	13	14	15	28	29	30	140	#
456	298.558	85	86	87	341	#
457	304.106	85	86	101	341	#
458	1697.92	10	11	12	13	26	27	28	29	30	43	44	45	46	60	61	62	63	77	78	158	179	181	182	192	193	194	195	196	210	342	#
459	1890.37	10	11	12	13	15	26	27	28	29	30	31	42	43	44	45	46	47	62	63	77	78	93	94	105	106	107	108	109	110	342	#
460	1839.68	57	58	59	74	77	91	92	93	94	106	107	108	109	110	111	122	123	124	125	126	137	138	139	141	155	228	229	243	244	342	#
461	1818.58	13	14	29	30	45	46	61	63	74	77	78	89	90	91	92	93	94	105	106	107	108	109	110	123	124	125	126	127	141	342	#
462	1770.06	6	7	8	10	11	12	13	14	24	25	26	27	28	30	31	41	42	43	44	45	46	56	57	143	159	175	191	207	237	342	#
463	1761.24	37	74	91	93	106	107	108	122	123	145	148	160	161	162	163	177	178	179	192	193	194	195	208	209	210	224	225	226	242	342	#
464	178.911	221	222	238	343	#
465	197.014	105	220	221	343	#
466	122.187	222	223	238	343	#
467	132.345	72	88	89	344	#
468	174.855	72	87	88	344	#
469	79.4587	73	74	89	344	#
470	264.973	41	56	57	71	72	73	345	#
471	389.353	25	39	40	41	55	56	345	#
472	356.043	39	55	56	71	72	88	345	#
473	332.093	40	41	57	72	73	74	345	#
474	320.618	18	25	40	41	182	198	345	#
475	270.545	56	57	72	73	88	104	345	#
476	2978.75	9	10	11	12	13	25	26	27	28	29	30	31	40	41	42	43	44	45	46	47	55	56	57	58	59	60	71	72	73	74	75	77	87	88	89	90	91	92	105	106	107	108	122	123	233	234	235	346	#
477	3210.45	53	54	67	68	69	70	82	83	84	85	101	116	117	118	119	134	140	146	150	161	162	166	171	177	181	182	187	203	216	219	222	223	231	232	233	234	235	236	237	238	249	250	251	252	253	254	255	346	#
478	3203.51	39	40	41	42	55	56	57	58	59	60	71	72	73	74	87	88	89	137	138	139	140	155	162	163	170	171	179	194	195	196	197	198	200	212	213	214	215	216	228	229	230	231	232	244	245	246	247	346	#
479	3190.34	14	15	26	27	30	31	42	43	46	47	57	58	59	60	63	73	74	77	78	79	87	88	89	90	91	92	93	94	95	105	106	107	108	109	110	122	123	125	126	138	139	155	235	236	237	252	253	346	#
480	3171.59	7	8	9	10	11	12	23	24	25	26	27	28	41	42	43	49	50	51	52	57	58	59	60	66	67	68	74	83	84	85	91	101	200	214	215	216	230	231	232	233	234	245	246	247	248	249	250	346	#
481	3170.58	11	26	27	29	40	41	42	43	44	45	54	55	56	57	58	59	60	71	72	73	74	77	85	86	87	88	89	90	91	92	101	105	106	107	108	116	117	118	121	122	123	124	137	138	139	155	189	346	#
482	39.934	239	#
483	976.575	2	3	4	19	129	130	131	134	147	148	149	150	151	163	166	167	168	179	347	#
484	1314.9	105	179	180	181	194	195	196	197	210	211	212	213	214	226	229	241	242	245	347	#
485	1293.78	1	2	3	4	5	17	18	19	34	50	51	66	67	68	83	84	163	179	347	#
486	1246.14	0	1	2	3	4	5	17	18	19	20	34	36	50	51	52	53	66	67	347	#
487	1195.13	99	115	131	145	146	147	148	161	162	163	179	180	181	195	196	197	212	214	347	#
488	1156.68	67	83	99	114	115	116	130	131	132	145	146	147	148	163	179	180	181	196	347	#
489	256.872	13	29	44	45	348	#
490	363.566	44	45	61	77	348	#
491	304.232	43	44	45	61	348	#
492	270.092	29	30	31	81	348	#
493	259.244	13	14	15	29	348	#
494	1091.78	52	53	67	68	71	87	88	89	90	104	105	106	118	119	133	134	135	149	150	151	349	#
495	1295.37	53	54	67	68	69	71	74	85	86	87	88	89	101	102	104	116	117	118	132	133	349	#
496	1282.63	18	34	35	36	38	39	50	51	52	53	54	55	67	68	69	71	81	82	83	85	349	#
497	1254.09	18	33	34	36	38	39	40	48	49	50	51	52	53	54	55	65	67	68	84	228	349	#
498	1253.08	29	30	45	46	62	74	88	89	90	91	92	93	106	107	108	109	135	136	151	178	349	#
499	1178.96	38	39	53	54	55	71	87	88	103	104	117	118	119	130	135	151	190	206	207	222	349	#
500	136.078	86	87	350	#
501	92.6344	71	87	350	#
502	1375.31	44	58	59	60	72	73	74	75	89	90	91	105	106	107	123	139	140	156	157	172	173	351	#
503	1516.71	8	9	10	25	26	28	29	30	31	39	40	41	42	43	58	59	73	74	75	89	90	351	#
504	1477.29	9	10	26	42	57	58	59	60	69	72	73	74	75	76	89	90	91	92	93	105	107	351	#
505	1457.96	10	25	26	27	42	45	58	59	60	61	71	72	73	74	75	77	89	90	91	92	107	351	#
506	1437.24	10	26	27	42	43	44	57	58	59	60	72	73	74	75	89	90	91	195	196	197	214	351	#
507	1422.11	22	35	36	37	38	39	51	52	53	54	68	69	70	85	156	157	171	172	188	204	246	351	#
508	656.655	0	1	17	18	35	50	51	52	66	352	#
509	770.666	21	37	48	49	50	51	52	53	69	352	#
510	723.104	10	49	50	51	52	53	67	68	69	352	#
511	694.642	48	49	50	51	66	67	82	83	84	352	#
512	659.326	17	18	19	24	34	50	53	69	82	352	#
513	637.872	1	17	18	34	50	51	209	225	226	352	#
514	195.304	114	115	116	353	#
515	275.578	116	117	132	353	#
516	170.982	97	113	114	353	#
517	113.55	114	115	131	353	#
518	1455.04	168	169	183	184	185	188	191	200	203	204	206	207	220	221	222	223	236	237	238	251	252	253	254	255	354	#
519	1693.89	2	34	50	51	66	68	69	70	84	85	86	101	102	117	118	122	221	222	236	237	238	252	253	254	354	#
520	1566.39	202	203	206	207	217	218	219	220	221	222	223	232	233	234	236	237	238	248	249	250	251	252	253	254	354	#
521	1565.8	156	157	158	159	172	173	189	190	191	204	205	206	207	220	221	222	223	236	237	238	239	253	254	255	354	#
522	1519.94	20	21	37	153	154	167	168	169	170	184	185	207	220	221	222	223	236	237	238	239	252	253	254	255	354	#
523	1503.3	77	78	79	94	95	173	188	189	190	191	205	206	207	221	222	223	236	237	238	239	252	253	254	255	354	#
524	17.3365	72	#
525	151.397	188	204	355	#
526	152.118	204	220	355	#
527	454.426	136	152	153	154	155	167	168	171	356	#
528	589.292	138	139	140	141	154	155	156	171	356	#
529	581.914	130	140	155	156	171	172	187	188	356	#
530	555.073	121	122	138	153	154	155	171	172	356	#
531	538.227	42	59	80	96	138	152	153	154	356	#
532	410.366	120	135	136	137	152	153	154	168	356	#
533	497.097	133	134	149	150	151	165	166	167	181	183	357	#
534	680.71	77	150	166	167	182	183	235	236	251	252	357	#
535	664.629	118	132	133	134	148	149	150	151	165	166	357	#
536	657.091	150	165	166	181	182	195	196	197	213	214	357	#
537	640.709	101	116	118	119	132	133	134	150	151	166	357	#
538	632.723	148	149	150	163	165	166	167	168	181	182	357	#
539	869.093	36	52	66	67	68	84	100	101	102	116	117	132	358	#
540	1080.3	8	35	50	51	66	67	74	83	90	91	106	184	358	#
541	899.074	86	100	101	102	116	117	118	133	149	150	165	166	358	#
542	898.856	5	6	20	21	22	36	37	38	52	53	67	68	358	#
543	873.133	50	51	60	66	67	75	91	145	146	162	163	178	358	#
544	865.603	81	82	83	84	99	100	101	102	115	116	117	118	358	#
545	838.905	122	138	152	153	154	168	169	170	171	183	184	185	186	200	359	#
546	949.851	105	106	121	122	138	153	154	155	169	170	171	185	186	187	359	#
547	913.892	9	110	126	127	143	156	169	170	171	172	173	187	203	242	359	#
548	858.91	153	154	166	167	168	169	170	171	172	173	183	184	185	186	359	#
549	822.74	152	153	154	166	168	169	170	181	182	183	184	185	186	198	359	#
550	821.878	25	40	153	166	167	168	169	170	171	182	183	184	185	201	359	#
551	741.871	5	37	51	52	53	68	69	70	84	85	100	116	360	#
552	923.94	20	21	35	36	37	51	52	53	58	69	70	74	360	#
553	762.829	35	36	37	51	52	53	67	68	69	70	84	85	360	#
554	760.033	34	35	37	51	52	53	67	68	69	84	100	101	360	#
555	752.79	20	21	30	36	51	52	68	69	83	84	85	101	360	#
556	749.37	69	70	84	85	97	98	99	100	101	114	115	117	360	#
557	232.658	48	99	100	101	361	#
558	299.148	100	101	115	116	361	#
559	212.971	68	84	100	101	361	#
560	202.302	83	99	114	115	361	#
561	159.551	32	48	49	64	361	#
562	822.454	83	84	85	99	100	116	152	153	154	168	169	170	185	186	362	#
563	1088.95	50	51	52	66	67	68	69	82	83	85	98	99	100	116	362	#
564	1012.15	53	68	69	70	84	85	98	99	100	101	114	116	117	127	362	#
565	1003.32	49	65	67	68	81	82	83	84	85	97	98	99	114	115	362	#
566	930.186	73	145	146	147	154	155	162	163	169	170	185	186	200	201	362	#
567	912.881	67	68	69	84	85	100	114	115	116	117	130	145	146	147	362	#
568	61.8742	162	#
569	173.525	171	187	363	#
570	222.541	171	172	363	#
571	3216.61	0	1	2	3	4	5	6	7	16	17	18	19	20	21	22	32	33	34	35	37	38	40	51	52	53	54	55	56	57	58	59	66	67	68	69	70	71	72	73	83	86	87	99	115	116	131	147	225	235	364	#
572	3405.04	0	1	3	4	5	19	20	21	22	37	38	41	42	51	52	53	54	55	56	58	59	60	61	67	68	69	71	73	74	75	76	77	78	87	90	91	92	93	106	107	109	203	216	217	218	219	233	234	253	364	#
573	3388.56	1	2	3	4	5	6	7	17	18	19	20	21	22	25	38	40	51	52	53	54	55	56	66	67	68	69	71	83	86	87	101	102	103	104	115	116	117	118	119	120	132	133	135	136	148	149	165	166	180	364	#
574	3378.19	0	1	2	3	4	5	6	16	17	18	19	20	21	32	33	34	48	49	64	65	67	80	81	82	83	90	96	97	98	99	112	113	114	115	116	117	128	129	131	132	146	147	148	161	162	163	179	180	181	364	#
575	3316.93	4	5	18	19	20	21	35	37	38	49	50	51	52	53	54	55	65	66	67	68	69	71	75	83	84	85	96	99	101	112	113	114	115	116	117	118	128	129	199	215	216	217	218	231	232	233	234	247	248	364	#
576	3297.03	4	5	20	21	25	26	27	28	29	30	31	36	37	38	40	41	42	44	52	53	54	55	56	57	58	59	60	67	68	69	71	72	73	74	75	76	77	83	90	91	92	107	116	117	132	133	149	239	255	364	#
577	118.897	83	#
578	54.2367	58	#
579	692.568	164	179	180	181	195	196	212	365	#
580	764.337	164	165	179	180	181	182	195	365	#
581	606.746	146	162	163	179	195	196	212	365	#
582	584.448	148	163	164	179	180	181	182	365	#
583	554.182	179	195	196	212	213	227	228	365	#
584	530.599	179	180	195	211	212	213	229	365	#
585	447.301	92	236	237	238	239	253	366	#
586	431.065	74	76	77	91	92	108	366	#
587	407.934	27	28	43	179	236	237	366	#
588	380.398	191	207	222	223	237	238	366	#
589	335.306	125	236	237	252	253	254	366	#
590	310.912	207	222	223	239	254	255	366	#
591	340.666	219	235	248	249	250	251	252	367	#
592	509.822	218	234	235	237	250	251	252	367	#
593	506.06	27	215	230	231	232	248	249	367	#
594	471.517	232	233	237	249	250	251	252	367	#
595	393.622	231	232	233	247	248	249	250	367	#
596	301.935	217	218	219	233	234	235	251	367	#
597	633.399	205	206	207	223	237	239	250	251	252	253	254	255	368	#
598	904.973	26	232	233	236	237	248	249	250	251	252	253	254	368	#
599	794.252	174	175	190	205	206	207	221	222	223	236	237	238	368	#
600	777.462	149	205	206	220	221	222	236	237	238	239	253	254	368	#
601	762.503	97	206	207	220	221	222	223	237	238	239	252	253	368	#
602	737.942	190	205	206	207	221	222	223	237	238	239	253	254	368	#
603	1861.18	11	13	26	27	28	29	41	43	44	45	57	58	59	60	61	62	74	75	76	77	89	90	91	92	115	117	118	119	133	134	135	369	#
604	2167.01	45	61	62	63	74	76	77	78	90	91	92	93	94	95	104	105	106	107	108	109	120	121	122	123	124	138	157	170	171	172	188	369	#
605	2150.15	18	26	27	35	40	41	42	43	44	45	51	52	53	57	58	59	60	61	62	63	73	74	75	88	89	90	91	92	93	107	108	369	#
606	2119.31	31	32	37	45	46	47	48	53	54	61	62	63	69	70	76	77	78	79	83	84	85	86	92	93	94	100	101	102	103	108	117	369	#
607	2090.9	12	26	27	28	29	40	41	42	43	44	45	46	47	58	59	60	61	62	63	75	76	77	79	81	82	90	91	92	98	107	108	369	#
608	2072.72	10	26	27	28	40	41	42	43	45	46	47	56	57	58	59	60	61	62	63	72	73	74	75	76	78	88	89	90	91	92	105	369	#
609	719.119	52	53	68	69	85	86	102	226	242	370	#
610	733.92	3	5	19	20	21	36	37	53	69	370	#
611	704.663	68	69	85	86	87	88	101	102	118	370	#
612	702.421	36	37	52	53	68	69	70	85	86	370	#
613	656.155	44	60	61	62	69	77	85	86	101	370	#
614	636.092	210	212	226	227	228	229	242	243	244	370	#
615	254.708	157	158	171	172	173	371	#
616	339.535	170	171	172	186	202	371	#
617	170.158	141	142	143	157	173	371	#
618	393.926	172	188	202	203	204	205	219	220	221	372	#
619	506.482	155	156	157	158	172	173	188	189	205	372	#
620	484.61	155	156	157	172	173	188	189	205	221	372	#
621	460.427	154	170	186	202	203	219	234	235	251	372	#
622	452.746	6	22	71	87	88	172	173	188	204	372	#
623	394.939	185	186	201	202	218	219	234	235	250	372	#
624	360.139	118	133	134	135	150	151	166	373	#
625	516.755	27	149	151	165	166	167	183	373	#
626	457.47	117	133	149	150	151	201	202	373	#
627	428.845	85	86	87	102	103	104	118	373	#
628	420.445	118	134	150	151	166	167	183	373	#
629	399.2	33	120	121	135	136	137	152	373	#
630	1104.85	18	35	39	167	179	181	183	195	196	197	198	199	212	213	214	215	228	229	230	231	374	#
631	1548.29	150	151	165	166	167	179	181	182	183	184	195	196	197	198	214	215	216	225	231	232	374	#
632	1509.09	34	50	66	80	81	145	146	149	162	165	175	181	195	196	197	211	213	214	215	229	374	#
633	1485.92	38	39	40	56	72	112	113	128	151	163	165	179	181	182	183	195	196	197	213	214	374	#
634	1470.12	16	32	48	64	80	145	147	162	163	179	194	195	210	212	213	214	215	227	228	229	374	#
635	1457.62	130	144	145	146	147	160	162	163	165	166	178	179	180	181	194	195	196	197	198	214	374	#
636	668.735	81	96	97	98	112	113	114	129	130	375	#
637	719.484	81	96	97	112	113	114	115	130	131	375	#
638	706.946	81	97	98	113	114	115	130	131	146	375	#
639	682.281	80	81	96	97	112	113	114	130	131	375	#
640	655.405	96	97	98	112	113	114	129	130	146	375	#
641	599.759	97	98	113	114	115	129	130	131	132	375	#
642	1914.97	58	60	61	73	74	75	77	91	92	93	106	107	108	109	154	155	156	170	171	186	187	202	203	218	233	234	235	250	376	#
643	2155.44	25	31	42	44	45	46	47	56	57	58	59	60	61	62	63	73	74	75	77	78	79	92	93	94	96	97	109	113	376	#
644	2150.95	8	9	10	25	26	28	29	42	43	44	45	46	47	58	59	60	61	62	74	75	77	78	90	91	92	93	98	109	376	#
645	2116.04	109	125	140	141	154	155	156	157	171	172	215	216	217	221	223	231	234	235	236	237	238	239	250	251	252	253	254	255	376	#
646	2052.43	28	29	43	44	45	46	58	59	60	61	62	63	70	74	75	77	78	79	90	91	92	93	95	107	108	109	167	240	376	#
647	2032.83	42	45	46	47	58	59	60	61	62	63	73	74	75	77	78	79	89	91	92	93	94	107	108	109	125	126	141	157	376	#
648	59.1523	51	#
649	397.751	158	165	171	172	173	174	175	189	377	#
650	493.163	48	155	156	172	173	174	188	190	377	#
651	484.53	165	181	196	197	212	213	214	215	377	#
652	424.822	139	140	155	156	158	171	172	173	377	#
653	398.672	143	158	159	172	173	174	175	189	377	#
654	364.662	158	172	173	174	175	188	189	190	377	#
655	1149.45	69	70	71	84	86	87	88	101	102	103	104	105	116	117	118	119	120	121	133	134	135	136	137	174	378	#
656	1556.36	28	43	46	62	67	69	82	83	84	86	87	88	100	101	102	103	117	118	119	120	132	133	134	150	378	#
657	1538.15	7	8	9	10	23	24	25	39	40	54	55	56	71	86	87	88	102	103	104	118	119	120	121	136	378	#
658	1517.39	69	70	85	86	87	102	118	124	127	140	143	156	157	158	159	169	170	171	172	173	174	175	186	202	378	#
659	1497.13	21	37	38	39	53	54	55	56	69	70	71	84	85	86	87	88	99	100	101	102	104	113	114	118	378	#
660	1406.5	70	84	85	86	100	101	102	103	104	116	117	118	119	120	121	132	133	134	135	149	165	180	238	254	378	#
661	320.373	120	136	137	152	153	379	#
662	313.355	118	119	120	121	137	379	#
663	300.055	120	135	136	137	143	379	#
664	298.276	136	152	153	168	169	379	#
665	256.455	44	135	136	152	153	379	#
666	245.856	136	152	153	168	184	379	#
667	531.654	155	156	170	171	172	186	187	188	189	202	380	#
668	718.893	108	109	124	125	126	140	154	155	156	157	380	#
669	701.484	138	140	154	155	156	169	170	171	185	186	380	#
670	681.823	106	122	138	154	155	169	170	171	186	202	380	#
671	657.531	153	154	155	156	170	171	172	173	188	204	380	#
672	551.527	153	154	168	169	170	184	185	186	201	202	380	#
673	1183.78	43	44	45	46	47	59	60	61	62	63	77	78	79	92	93	94	95	108	109	381	#
674	1236.14	45	46	60	61	62	77	78	94	95	110	114	115	116	117	131	132	133	134	213	381	#
675	1183.6	29	31	43	44	45	46	47	58	59	60	61	62	63	74	75	78	90	94	110	381	#
676	1153.77	15	31	46	47	62	63	78	79	93	94	95	108	109	110	126	127	240	241	242	381	#
677	1152.1	29	43	44	45	46	60	61	62	76	77	78	150	151	153	166	167	168	169	183	381	#
678	1136.02	7	8	9	10	25	26	27	42	43	44	58	59	60	61	62	74	89	112	128	381	#
679	243.7	193	194	209	382	#
680	186.786	192	193	209	382	#
681	62.9607	228	#
682	523.225	22	37	38	39	53	55	71	72	87	383	#
683	685.406	20	21	37	53	68	69	224	225	240	383	#
684	607.252	7	22	23	24	38	39	53	54	55	383	#
685	581.488	21	37	38	39	40	53	54	55	71	383	#
686	573.793	22	38	39	40	41	42	53	54	55	383	#
687	566.254	57	72	73	74	87	88	89	90	91	383	#
688	1525.04	11	25	26	27	28	41	42	43	44	45	46	47	60	61	62	76	77	91	92	93	107	384	#
689	1658.35	43	44	45	46	60	61	74	76	77	89	90	91	92	93	106	107	109	122	126	138	222	384	#
690	1573.37	57	58	61	74	76	77	88	89	90	91	92	93	105	106	107	124	140	141	142	157	158	384	#
691	1550.09	43	44	45	46	60	61	74	76	77	78	85	90	91	92	93	101	107	108	109	118	125	384	#
692	1535.17	43	44	45	46	60	61	62	73	74	76	77	89	90	91	92	93	106	107	108	123	139	384	#
693	1528.7	13	14	15	30	31	44	45	46	47	58	59	60	61	62	63	74	76	77	78	90	92	384	#
694	76.8049	201	#
695	368.534	35	36	51	67	385	#
696	314.124	35	36	51	114	385	#
697	303.97	51	67	68	84	385	#
698	262.955	21	35	36	37	385	#
699	244.858	18	35	36	51	385	#
700	912.175	170	186	197	202	212	213	214	218	226	227	228	229	230	231	232	243	244	386	#
701	1256.2	147	148	162	163	164	179	180	181	194	195	196	197	198	213	214	229	230	386	#
702	1201.16	177	193	208	209	221	225	226	227	228	237	238	241	242	243	244	253	254	386	#
703	1186.68	180	181	197	213	214	215	226	227	228	229	230	231	243	244	245	246	247	386	#
704	1099.08	3	195	196	197	211	213	226	227	228	229	230	231	232	243	244	245	247	386	#
705	1077.35	80	96	97	98	113	182	183	184	196	197	198	214	215	229	230	245	246	386	#
706	281.935	41	56	57	61	62	73	78	387	#
707	374.688	60	61	76	77	78	79	92	387	#
708	372.236	24	25	40	41	42	57	58	387	#
709	364.099	46	62	73	74	75	76	90	387	#
710	268.8	57	58	72	73	74	75	89	387	#
711	1039.99	48	49	64	68	80	81	82	83	84	96	99	112	113	128	388	#
712	1140.33	52	53	68	69	83	84	85	101	116	117	131	132	147	148	388	#
713	1108.96	15	51	66	67	68	81	82	83	84	85	99	100	101	116	388	#
714	1093.64	48	64	80	81	96	97	104	112	115	116	117	118	119	120	388	#
715	1015.05	81	82	83	97	98	99	113	115	131	148	164	180	181	248	388	#
716	1002.19	48	64	80	81	82	83	96	97	98	99	112	113	115	128	388	#
717	430.027	200	215	216	230	231	389	#
718	431.084	214	215	216	231	247	389	#
719	403.538	183	184	185	200	216	389	#
720	365.55	135	200	214	215	216	389	#
721	328.244	199	215	216	231	247	389	#
722	268.527	198	214	222	230	246	389	#
723	1665.86	12	13	14	15	29	30	31	64	80	81	96	97	112	113	120	121	122	129	138	153	154	155	156	170	228	390	#
724	1782.24	9	10	11	12	13	14	15	27	28	29	30	31	43	45	46	47	59	62	63	74	75	76	90	91	107	390	#
725	1741.92	8	28	29	42	43	44	45	46	58	59	62	75	91	101	102	103	104	105	118	119	120	121	132	133	137	390	#
726	1719.22	8	9	24	25	42	57	58	59	69	75	80	82	83	84	85	91	96	97	98	99	112	113	114	129	130	390	#
727	1697.44	10	11	12	13	18	19	26	27	28	29	30	31	34	35	43	45	46	49	50	51	61	62	65	66	67	390	#
728	1695.94	16	32	48	64	65	80	81	82	83	96	97	98	99	112	113	114	129	130	192	195	208	210	211	212	213	390	#
729	312.131	40	41	57	58	192	391	#
730	363.356	57	58	59	73	74	391	#
731	355.565	70	178	192	193	208	391	#
732	243.075	5	25	40	55	56	391	#
733	234.996	24	25	40	41	57	391	#
734	207.889	41	42	57	58	73	391	#
735	351.614	177	178	192	193	194	208	209	392	#
736	421.694	176	177	178	192	193	194	208	392	#
737	404.686	176	177	178	179	192	193	194	392	#
738	358.762	161	176	177	178	193	194	209	392	#
739	354.483	176	177	178	192	193	208	209	392	#
740	319.464	124	192	193	208	209	224	225	392	#
741	301.17	232	247	248	249	393	#
742	367.227	230	231	232	247	393	#
743	289.425	231	232	248	249	393	#
744	133.053	103	203	240	247	393	#
745	356.79	157	158	173	174	175	190	191	206	394	#
746	509.919	127	142	143	157	158	159	174	175	394	#
747	471.014	157	158	172	173	174	175	190	191	394	#
748	469.996	140	141	158	159	171	172	173	174	394	#
749	463.293	157	172	173	174	175	189	190	191	394	#
750	457.216	140	141	156	157	158	171	172	173	394	#
751	1526.39	9	10	25	37	53	66	69	70	84	188	189	203	205	206	218	219	221	235	236	237	238	239	251	252	253	254	395	#
752	1752.43	37	38	39	52	53	138	139	142	143	154	155	156	157	158	159	170	171	172	173	174	175	186	188	189	190	206	395	#
753	1735.73	14	15	30	31	37	38	39	47	51	52	53	61	62	63	69	70	77	78	84	85	86	94	100	101	102	118	395	#
754	1710.84	36	37	38	39	51	52	53	55	66	67	69	70	82	83	84	85	86	100	101	102	104	115	116	118	119	132	395	#
755	1697.39	2	3	19	20	21	35	36	37	38	50	52	53	66	67	69	70	83	84	85	86	100	101	115	116	131	132	395	#
756	1683.83	37	38	51	52	53	66	67	69	70	82	83	84	85	86	98	99	100	102	103	104	115	116	118	119	131	132	395	#
757	1024.02	9	24	25	26	27	39	40	41	42	43	57	58	59	60	76	396	#
758	1098.96	42	43	56	57	58	59	72	74	75	88	89	90	91	95	106	396	#
759	1070.61	8	9	10	24	25	26	27	39	40	56	57	58	59	72	73	396	#
760	1064.29	22	24	25	26	27	38	39	40	41	43	57	58	139	155	156	396	#
761	1036.56	6	7	8	9	10	11	22	24	25	26	27	39	40	43	44	396	#
762	1032.84	4	8	9	10	13	14	20	24	25	26	27	41	42	43	59	396	#
763	927.152	118	134	149	150	151	164	165	166	167	168	180	181	183	184	397	#
764	1023.97	164	165	177	178	179	180	181	194	195	196	197	210	211	213	397	#
765	995.615	81	118	134	135	148	149	150	151	165	166	167	179	180	195	397	#
766	914.742	63	78	79	94	95	150	151	165	166	167	182	183	184	200	397	#
767	914.041	27	28	29	148	164	165	179	180	181	193	194	195	196	197	397	#
768	889.296	152	153	154	155	165	166	167	168	169	170	171	183	184	185	397	#
769	422.426	151	152	153	166	167	168	169	184	185	186	398	#
770	594.726	151	152	167	168	184	199	200	215	216	217	398	#
771	594.26	57	150	151	166	167	168	184	252	253	254	398	#
772	557.432	83	152	153	166	167	168	169	184	199	200	398	#
773	551.262	90	106	152	153	167	168	169	184	185	200	398	#
774	549.12	150	151	152	153	154	155	167	168	169	184	398	#
775	793.853	1	2	3	19	33	34	35	50	66	67	183	399	#
776	925.451	0	1	2	3	4	5	16	19	20	21	36	399	#
777	854.338	0	1	2	3	4	5	16	17	32	33	34	399	#
778	733.108	33	34	35	36	50	51	66	144	145	160	176	399	#
779	690.359	2	3	4	5	19	20	21	36	52	148	164	399	#
780	672.764	4	18	20	33	34	35	36	50	51	52	68	399	#
781	129.195	34	35	51	52	400	#
782	136.121	35	51	52	67	400	#
783	1168.91	42	45	59	60	73	74	75	76	91	107	123	124	129	138	139	153	154	202	203	204	218	219	220	233	234	250	401	#
784	1735.94	80	81	97	113	114	115	129	170	171	172	186	187	188	201	202	203	204	217	218	219	232	233	234	235	250	251	401	#
785	1666.21	7	8	9	10	11	12	23	24	25	26	27	28	29	41	42	43	44	57	58	59	74	75	76	90	91	199	401	#
786	1644.26	5	6	7	8	9	10	11	27	28	29	38	43	44	45	46	47	61	62	63	76	77	78	79	93	94	111	401	#
787	1631.47	8	9	10	11	24	25	26	27	28	41	42	56	57	58	59	71	72	73	74	86	87	88	89	102	103	105	401	#
788	1628.97	8	9	10	11	12	24	25	26	27	28	41	42	43	44	54	55	56	57	58	59	71	72	73	74	75	88	401	#
789	257.229	217	218	234	235	402	#
790	323.612	225	234	235	252	402	#
791	260.21	84	217	218	234	402	#
792	228.789	219	233	234	235	402	#
793	160.954	216	217	218	233	402	#
794	45.7217	55	#
795	451.62	195	210	211	212	228	229	403	#
796	544.333	211	212	228	229	244	245	403	#
797	529.094	195	212	229	230	245	246	403	#
798	447.972	163	179	195	210	211	212	403	#
799	421.77	195	196	212	227	228	229	403	#
800	381.668	198	211	212	213	214	229	403	#
801	99.138	37	#
802	71.6295	230	#
803	1110.18	24	27	111	127	140	141	142	143	156	157	158	159	172	173	174	175	190	205	206	207	222	223	404	#
804	1445.68	7	8	9	24	64	70	84	85	86	87	101	116	117	118	119	132	134	135	149	150	165	166	404	#
805	1398.24	69	85	86	87	88	89	90	104	105	106	121	122	138	158	173	174	175	190	191	206	207	223	404	#
806	1345.4	81	82	96	97	98	112	113	125	129	141	157	158	173	174	175	190	191	206	207	221	222	223	404	#
807	1330.36	9	10	11	12	13	26	27	28	29	30	42	43	45	46	47	58	59	60	61	76	77	92	404	#
808	1324	141	156	157	158	170	171	172	173	174	175	186	187	188	191	203	219	234	235	237	238	252	254	404	#
809	530.182	37	52	53	68	70	121	137	405	#
810	553.939	37	38	52	53	54	68	69	405	#
811	509.894	37	52	53	54	68	69	70	405	#
812	468.619	20	36	51	52	53	54	55	405	#
813	461.662	20	21	37	53	70	253	254	405	#
814	432.889	52	53	68	69	83	84	85	405	#
815	98.7109	193	#
816	288.659	13	14	15	29	30	31	45	406	#
817	414.547	14	73	74	89	104	105	120	406	#
818	326.821	12	13	14	15	28	29	30	406	#
819	302.558	11	12	13	14	27	29	30	406	#
820	290.25	13	14	28	29	45	232	233	406	#
821	287.052	15	17	18	31	34	35	226	406	#
822	40.9566	152	#
823	1998.62	9	10	11	12	25	26	27	31	39	40	42	43	44	45	46	47	55	58	59	60	61	71	72	73	74	75	76	89	90	92	105	227	243	407	#
824	2349.89	162	165	177	178	181	182	192	193	194	195	196	197	198	200	208	209	210	212	213	214	215	216	217	224	225	228	229	230	231	242	243	244	245	407	#
825	2267.89	25	39	40	41	42	43	50	51	53	54	55	56	57	59	67	68	69	71	72	73	74	87	88	89	90	104	120	156	165	181	182	196	197	407	#
826	2183.48	7	8	9	10	25	26	27	29	42	43	44	45	46	47	58	59	60	61	63	71	72	73	74	75	77	78	79	89	90	103	104	105	128	407	#
827	2161.89	20	21	25	26	36	41	42	43	44	58	59	60	73	74	75	89	90	105	106	107	147	148	162	163	177	178	192	193	194	208	209	210	225	407	#
828	2153.96	10	11	12	26	27	28	29	30	42	43	56	59	72	85	86	87	88	89	90	104	105	106	120	121	122	136	137	145	161	162	177	187	203	407	#
829	1188.17	4	5	6	7	8	9	20	21	22	23	24	34	35	36	48	49	50	51	65	408	#
830	1518.26	5	6	21	22	36	62	77	78	79	94	95	110	111	126	127	142	143	237	253	408	#
831	1353.13	0	16	17	18	20	21	32	33	34	35	36	50	51	67	104	105	155	171	187	408	#
832	1332.55	0	1	2	5	16	17	18	20	21	32	33	34	35	36	48	49	50	51	67	408	#
833	1302.31	6	8	9	22	23	24	25	26	39	40	41	42	55	56	58	59	60	61	74	408	#
834	1286.07	4	5	6	20	21	32	33	34	35	36	51	52	53	67	68	69	70	83	85	408	#
835	1677.11	53	54	69	70	86	140	141	155	156	157	158	172	173	174	175	189	190	191	204	205	206	207	220	221	222	223	239	254	255	409	#
836	1867.63	81	82	139	140	141	155	156	157	158	170	171	172	173	187	194	195	202	203	209	210	211	212	224	225	226	228	229	240	241	409	#
837	1832.64	126	127	140	141	142	143	155	156	157	158	159	170	171	172	173	174	175	186	187	189	190	191	202	203	204	205	206	207	223	409	#
838	1824.07	143	156	157	158	159	165	170	171	172	173	181	185	186	187	189	190	196	202	203	205	206	207	220	221	236	237	238	239	252	409	#
839	1793.64	34	35	37	38	50	51	52	53	54	55	56	67	68	69	70	71	72	73	74	83	87	88	91	118	134	157	172	173	189	409	#
840	1762.25	3	4	19	20	36	37	38	52	53	55	56	62	69	70	77	79	86	92	93	94	95	110	111	127	141	142	143	159	175	409	#
841	705.932	112	113	128	129	130	131	145	146	147	148	161	176	177	192	193	410	#
842	982.652	133	145	146	147	148	149	162	163	164	165	166	175	179	180	194	410	#
843	973.886	145	146	160	161	177	178	179	183	193	194	195	208	209	210	226	410	#
844	961.302	96	97	98	99	113	114	115	128	129	130	131	146	147	148	149	410	#
845	933.586	94	110	111	161	162	177	178	179	192	193	194	208	209	210	225	410	#
846	926.131	161	163	177	179	192	193	194	195	208	209	210	211	225	226	227	410	#
847	143.753	158	159	174	411	#
848	90.3577	157	158	159	411	#
849	178.417	228	244	412	#
850	90.9296	227	228	412	#
851	240.03	157	171	172	413	#
852	345.345	170	171	172	413	#
853	322.199	155	171	172	413	#
854	170.753	141	156	157	413	#
855	3485.95	10	11	64	78	92	93	94	108	109	110	111	145	146	147	148	162	163	164	179	180	182	183	194	195	197	198	199	205	209	210	211	212	213	214	215	220	221	222	223	225	227	228	229	230	231	232	238	239	241	242	243	245	246	247	414	#
856	3653.34	130	131	144	145	146	147	148	160	161	162	163	176	177	178	179	180	192	193	194	195	205	208	209	210	211	212	213	215	220	221	222	224	225	226	227	228	229	230	231	237	238	239	240	241	242	243	244	245	246	247	252	253	254	255	414	#
857	3558.35	9	10	25	40	41	42	43	57	58	74	90	102	118	119	122	129	130	132	133	134	135	138	139	145	146	147	155	161	162	163	177	178	179	180	192	193	194	195	208	209	210	212	213	226	227	228	229	230	242	243	244	245	246	247	414	#
858	3557.25	114	130	131	132	145	146	147	161	162	163	165	178	179	180	181	192	193	194	195	196	197	208	209	210	211	212	213	215	216	217	224	225	226	227	228	229	230	231	232	233	235	240	241	242	243	244	245	246	247	249	250	251	252	253	414	#
859	3525.27	99	114	116	130	131	132	133	145	146	147	149	161	162	163	178	179	180	181	192	193	194	195	197	198	208	209	210	211	212	213	217	224	225	226	227	228	229	230	231	232	233	240	241	242	243	244	245	246	247	249	250	251	252	253	414	#
860	3521.2	69	85	86	96	97	98	99	101	114	115	116	118	119	129	130	131	132	133	134	144	145	146	147	148	149	160	161	162	163	164	165	177	178	179	180	181	182	183	192	193	194	195	208	209	210	211	212	213	227	228	229	230	245	246	414	#
861	230.415	237	238	254	255	415	#
862	201.887	222	238	254	255	415	#
863	197.65	222	238	239	255	415	#
864	1373.69	118	119	120	121	135	136	137	150	151	166	167	168	182	183	184	200	215	216	232	248	249	416	#
865	1482.2	37	53	69	70	85	101	102	202	204	216	217	218	219	232	233	234	246	247	248	249	250	416	#
866	1403.37	34	35	49	50	51	52	53	66	107	123	138	139	150	151	165	166	167	180	182	183	198	416	#
867	1397.74	62	63	76	77	78	93	136	137	184	200	216	217	232	233	234	246	247	248	249	250	251	416	#
868	1358.98	100	101	102	103	107	115	116	117	118	119	120	121	123	132	133	135	136	137	138	139	151	416	#
869	1348.24	101	102	103	118	119	120	133	135	136	137	138	149	150	151	166	167	182	183	184	200	216	416	#
870	1731.65	81	96	97	99	100	107	112	113	116	123	124	128	129	131	132	139	140	141	142	143	147	148	156	157	163	164	168	172	178	179	194	195	212	417	#
871	2121.51	18	34	35	38	39	49	50	52	53	54	65	67	68	69	70	81	82	83	84	86	96	97	98	99	100	101	102	116	117	118	132	133	134	417	#
872	2107.39	67	68	69	70	71	82	83	84	85	86	87	98	99	100	101	102	103	116	117	118	130	131	132	133	148	161	162	163	164	179	180	195	202	417	#
873	2095.24	4	5	19	20	36	52	53	54	67	68	69	70	83	84	85	86	98	99	100	101	102	103	104	105	116	117	118	119	120	132	133	136	137	417	#
874	2047.07	8	9	22	25	38	39	40	53	54	67	68	69	70	82	83	84	85	86	87	98	99	100	101	102	116	117	118	133	134	135	148	149	153	417	#
875	2027.6	52	53	67	68	69	82	83	84	96	97	98	99	100	101	112	113	114	117	129	130	131	132	133	134	146	148	149	150	162	163	164	179	246	417	#
876	145.551	100	217	233	#
877	420.493	205	221	222	237	238	418	#
878	458.883	221	222	237	238	253	418	#
879	394.28	173	221	237	238	239	418	#
880	312.338	235	237	251	252	253	418	#
881	284.407	205	206	222	238	254	418	#
882	194.432	125	140	141	419	#
883	238.901	109	125	141	419	#
884	109.293	123	124	140	419	#
885	85.6221	72	88	125	419	#
886	872.188	101	103	114	115	116	117	118	119	130	131	132	134	135	146	150	166	167	183	420	#
887	1169.39	53	54	55	56	68	69	70	71	72	85	86	87	88	89	101	102	103	118	420	#
888	1164.59	77	78	93	94	95	99	109	110	111	114	125	127	130	131	132	143	146	159	420	#
889	1111.7	21	37	39	53	54	55	56	70	71	86	87	101	102	103	104	119	120	135	420	#
890	1083.79	116	117	118	131	132	134	135	148	149	150	151	165	166	167	180	181	182	183	420	#
891	1041.89	83	99	114	115	116	117	118	130	131	132	147	148	149	150	163	165	166	182	420	#
892	40.4913	221	#
893	54.207	34	#
894	187.063	5	21	421	#
895	223.977	21	36	421	#
896	419.523	191	202	216	217	218	219	234	250	422	#
897	508.876	215	216	217	218	219	234	235	250	422	#
898	502.45	197	199	200	213	214	215	216	217	422	#
899	448.497	216	217	219	233	234	235	249	250	422	#
900	421.471	192	203	216	217	218	219	234	235	422	#
901	411.23	217	218	219	234	235	248	249	250	422	#
902	425.364	113	114	131	132	147	148	162	163	423	#
903	507.915	145	162	177	178	193	194	209	210	423	#
904	479.821	147	148	149	150	165	166	167	180	423	#
905	439.359	131	132	145	147	162	163	177	178	423	#
906	386.876	117	131	132	133	134	148	149	156	423	#
907	383.49	99	114	115	130	131	132	147	148	423	#
908	130.428	50	#
909	222.221	39	164	180	424	#
910	328.217	165	179	180	424	#
911	263.417	38	39	55	424	#
912	195.822	148	164	180	424	#
913	134.539	189	190	425	#
914	121.231	174	190	425	#
915	414.266	104	120	136	137	138	241	426	#
916	402.763	224	225	240	241	242	243	426	#
917	388.015	72	88	103	104	119	120	426	#
918	331.662	120	121	135	136	137	152	426	#
919	324.2	13	14	120	135	136	137	426	#
920	236.491	120	121	122	135	136	152	426	#
921	190.868	60	75	94	95	427	#
922	269.43	75	89	90	91	427	#
923	219.938	60	61	75	76	427	#
924	167.556	77	78	93	94	427	#
925	858.047	114	115	116	131	132	154	169	170	184	185	186	200	201	202	244	428	#
926	967.854	83	96	97	98	99	113	114	115	129	130	131	132	133	146	149	428	#
927	934.606	114	115	130	131	148	149	164	215	231	232	233	234	249	250	251	428	#
928	912.289	168	177	178	182	183	184	185	186	187	200	216	232	233	248	249	428	#
929	895.514	39	83	84	85	86	100	101	115	116	117	118	131	132	133	134	428	#
930	855.172	99	100	114	115	116	130	131	132	144	146	148	160	161	162	164	428	#
931	846.03	7	8	9	10	11	24	25	26	39	40	41	42	56	72	217	429	#
932	1111.9	9	25	26	37	38	39	40	41	56	57	58	72	73	87	88	429	#
933	1095.35	37	38	39	40	41	55	56	71	72	73	74	87	88	104	105	429	#
934	1051.24	9	23	24	25	37	38	39	40	42	55	56	59	71	72	87	429	#
935	1036.86	9	10	11	12	13	25	26	27	28	40	43	44	55	56	57	429	#
936	1007.56	188	202	203	204	217	219	233	234	235	236	237	238	252	253	254	429	#
937	257.579	4	5	6	7	21	22	430	#
938	355.692	4	5	20	21	84	100	430	#
939	305.054	3	4	5	6	7	22	430	#
940	258.678	6	22	38	57	73	143	430	#
941	157.173	5	6	7	10	11	52	430	#
942	568.807	2	3	4	5	17	18	19	431	#
943	582.755	2	3	4	17	18	19	34	431	#
944	570.614	2	17	18	19	35	50	51	431	#
945	546.496	2	3	4	5	19	20	21	431	#
946	545.04	2	3	4	18	19	20	34	431	#
947	541.211	4	5	6	19	20	21	37	431	#
948	473.491	181	197	213	214	230	245	432	#
949	489.327	212	213	229	230	245	246	432	#
950	450.426	146	164	179	180	181	195	432	#
951	420.417	211	212	213	214	215	216	432	#
952	415.776	142	213	214	230	245	246	432	#
953	402.304	195	197	212	213	228	229	432	#
954	1150.66	59	202	215	216	217	218	219	230	231	232	233	234	235	245	246	247	248	433	#
955	1182.46	149	150	166	167	168	184	185	186	214	215	216	217	219	231	232	233	234	433	#
956	1176.54	181	197	200	212	213	214	215	216	217	231	232	233	234	235	243	247	248	433	#
957	1154.56	92	184	185	186	202	203	204	218	219	232	233	234	235	237	252	253	254	433	#
958	1146.55	184	185	200	214	215	216	217	218	219	231	232	233	234	235	246	247	248	433	#
959	1103.5	168	184	185	196	197	200	213	214	215	216	217	230	231	232	233	234	247	433	#
960	140.007	87	88	434	#
961	157.208	86	87	434	#
962	82.2986	11	88	434	#
963	812.272	87	88	102	103	104	105	118	119	120	135	151	435	#
964	787.026	26	42	58	59	73	74	75	118	119	120	137	435	#
965	755.954	58	59	60	71	74	86	87	88	89	102	105	435	#
966	706.82	85	86	87	88	100	101	102	104	117	118	119	435	#
967	703.868	74	89	103	104	105	106	117	118	119	120	135	435	#
968	678.743	88	89	94	103	104	105	106	110	118	119	120	435	#
969	218.513	164	179	180	436	#
970	177.915	164	165	180	436	#
971	85.0582	148	149	164	436	#
972	406.791	17	18	34	35	39	55	437	#
973	444.458	2	3	17	18	34	35	437	#
974	368.654	2	18	19	34	35	51	437	#
975	354.836	17	18	19	33	34	35	437	#
976	331.656	9	24	25	39	40	55	437	#
977	299.042	2	18	19	173	188	189	437	#
978	535.221	37	38	39	55	65	80	81	82	96	438	#
979	635.472	35	49	50	51	65	156	157	197	213	438	#
980	605.998	82	96	97	98	112	158	159	172	173	438	#
981	589.361	80	81	82	83	97	98	99	113	129	438	#
982	565.365	49	65	80	81	82	83	84	97	98	438	#
983	546.488	32	34	48	49	50	64	65	80	96	438	#
984	955.642	171	172	173	179	188	195	197	204	205	212	213	214	220	221	229	230	439	#
985	1102.57	148	161	162	163	164	179	180	181	193	194	195	197	210	211	213	214	439	#
986	1090.22	27	42	43	44	58	60	148	164	180	181	196	197	213	214	229	245	439	#
987	1084.26	34	74	75	89	90	91	177	179	193	194	195	210	212	213	227	229	439	#
988	1057.85	31	153	154	155	161	170	177	178	179	193	194	195	209	210	211	227	439	#
989	1051.76	62	78	163	164	179	180	181	195	196	197	213	214	228	229	245	246	439	#
990	100.747	45	#
991	409.664	203	217	219	232	233	234	235	248	249	250	252	440	#
992	605.798	206	221	222	223	236	237	238	239	252	253	254	440	#
993	595.231	219	222	223	235	236	237	238	239	251	252	253	440	#
994	518.773	197	213	214	215	216	230	232	233	248	249	250	440	#
995	504.708	199	215	216	230	231	232	246	247	248	249	250	440	#
996	498.585	61	62	203	219	233	234	235	248	249	250	251	440	#
997	406.516	44	60	61	62	63	441	#
998	468.624	62	63	79	94	95	441	#
999	402.074	46	61	62	63	78	441	#
1000	400.251	46	47	62	63	79	441	#
1001	392.454	42	59	60	61	62	441	#
1002	320.618	44	45	60	61	76	441	#
