%% File generated by CATS v.2.1Thu May  9 12:57:38 2024

%% The CATS webpage is http://robotics.stanford.edu/CATS

%% PARAMETER SETTINGS:
% Goods: 256; Bids: 1000; Distribution: regions; Runs: 1; Seed: 29
% Regions Distribution Parameters:
% Max Substitutable Bids = 5
% Removing HV Neighbor   = 0.1
% Adding DIAG Neighbor   = 0.2
% Additional Location    = 0.9
% Jump Probability       = 0.05
% Additivity             = 0.2
% Budget Factor          = 1.5
% Resale Factor          = 0.5
% Uniform Private Value:
%   Deviation            = 0.5
%   Max Good Value       = 100



goods 256
bids 1000
dummy 177

0	1168.58	68	83	84	85	100	101	102	167	168	183	184	199	215	216	231	232	246	247	256	#
1	1478.73	51	52	67	68	69	82	83	84	85	86	87	99	100	101	102	116	117	188	256	#
2	1453.18	34	35	36	50	51	52	53	67	68	69	83	84	85	99	100	101	102	219	256	#
3	1440.18	35	50	51	52	53	66	67	68	69	83	84	85	100	101	103	116	117	118	256	#
4	1373.51	51	52	55	67	68	69	70	71	85	86	100	101	102	103	117	118	119	133	256	#
5	1293.2	121	135	136	137	154	155	156	167	168	171	183	184	185	199	200	215	216	231	256	#
6	793.58	34	35	51	52	67	68	82	83	98	195	196	257	#
7	938.008	30	35	45	46	51	53	67	68	69	84	85	257	#
8	835.056	34	35	48	49	50	51	65	66	67	68	83	257	#
9	826.813	50	51	164	179	180	181	182	195	196	197	214	257	#
10	799.455	50	51	52	66	82	97	98	113	114	129	130	257	#
11	788.129	34	35	50	51	52	53	66	67	68	69	83	257	#
12	50.5787	219	#
13	434.825	167	168	169	184	185	201	258	#
14	545.289	168	169	184	185	200	201	258	#
15	449.662	169	185	201	202	218	234	258	#
16	397.857	137	153	169	184	185	199	258	#
17	356.678	153	168	169	184	185	216	258	#
18	265.223	166	167	183	184	199	200	258	#
19	122.666	62	#
20	339.658	76	77	93	259	#
21	317.237	77	78	93	259	#
22	304.365	76	93	169	259	#
23	73.3429	84	#
24	831.454	155	168	171	172	185	188	201	202	203	204	260	#
25	851.703	94	172	188	203	204	220	236	237	238	251	260	#
26	738.996	188	189	202	203	204	205	219	220	236	251	260	#
27	728.682	168	169	185	201	202	217	218	231	232	248	260	#
28	721.508	152	168	169	184	185	201	202	217	232	233	260	#
29	673.837	123	139	155	156	171	172	187	188	203	204	260	#
30	121.006	191	207	254	261	#
31	161.378	253	254	255	261	#
32	81.491	207	223	239	261	#
33	392.468	195	211	212	213	227	243	244	262	#
34	428.552	177	194	195	211	212	227	243	262	#
35	402.195	179	194	195	211	212	227	243	262	#
36	382.173	148	198	213	214	215	229	230	262	#
37	371.85	179	194	195	210	211	227	243	262	#
38	366.639	211	212	227	243	244	245	246	262	#
39	482.114	137	138	152	153	169	170	185	263	#
40	539.132	169	184	185	200	201	202	217	263	#
41	511.012	137	152	153	168	169	184	185	263	#
42	491.975	121	136	137	151	152	153	170	263	#
43	486.347	121	122	137	138	139	153	154	263	#
44	483.039	121	137	138	153	154	169	170	263	#
45	258.82	102	103	116	117	118	134	264	#
46	369.429	85	86	102	103	117	118	264	#
47	235.729	70	86	102	118	119	134	264	#
48	232.962	86	102	117	118	134	150	264	#
49	139.9	115	116	117	118	134	150	264	#
50	116.531	226	#
51	59.6379	242	#
52	240.41	183	199	214	215	216	230	289	#
53	80.9419	58	#
54	1165.3	98	145	161	171	177	187	196	197	198	212	213	214	215	229	230	244	245	246	266	#
55	1416.58	75	91	92	96	112	113	128	129	130	131	144	145	146	147	160	163	164	179	266	#
56	1351.27	22	112	113	129	130	131	146	147	197	198	213	214	228	229	230	244	245	246	266	#
57	1309.83	112	113	128	129	130	131	145	146	147	161	163	164	177	178	179	192	194	195	266	#
58	1295.39	182	183	196	197	198	199	200	213	214	215	216	228	229	230	231	243	244	245	266	#
59	1294.37	53	68	69	70	71	82	83	84	85	96	97	98	99	112	113	115	116	128	266	#
60	1292.02	164	165	166	167	182	183	184	185	198	199	200	201	214	215	216	217	218	231	232	233	246	247	248	249	250	251	267	#
61	1682.01	33	167	182	184	185	186	198	199	200	201	202	203	204	215	216	217	218	220	221	233	234	235	236	237	238	251	267	#
62	1655.68	112	113	125	129	141	142	143	145	158	159	161	177	185	186	197	199	201	202	215	216	217	218	231	233	234	247	267	#
63	1651.27	13	136	137	138	151	152	153	154	165	167	168	180	181	182	183	184	185	197	198	199	200	201	215	216	217	218	267	#
64	1611.34	66	82	136	151	152	165	166	167	168	182	183	184	185	186	197	198	199	200	201	202	215	216	217	218	231	232	267	#
65	1563.5	84	85	86	87	101	163	167	177	178	179	180	184	199	200	201	216	217	218	219	233	234	235	236	250	251	252	267	#
66	346.865	24	40	41	42	43	268	#
67	421.601	24	40	41	42	57	268	#
68	416.665	24	25	40	41	42	268	#
69	377.49	26	40	41	42	57	268	#
70	280.805	25	41	57	72	73	268	#
71	250.251	25	26	27	42	43	268	#
72	57.4535	219	220	236	#
73	634.489	0	1	2	16	17	18	19	32	48	269	#
74	841.535	16	17	32	34	48	49	50	64	65	269	#
75	769.955	0	1	2	16	17	32	48	49	65	269	#
76	687.205	0	1	2	16	17	18	32	48	49	269	#
77	566.985	0	2	3	16	17	18	19	32	114	269	#
78	480.634	1	2	3	4	16	17	19	20	36	269	#
79	218.623	227	242	243	270	#
80	213.65	241	242	243	270	#
81	234.219	96	112	128	144	271	#
82	235.896	96	97	112	128	271	#
83	217.715	128	129	144	160	271	#
84	207.629	96	97	98	99	271	#
85	502.561	26	28	29	43	44	60	96	216	232	233	234	248	249	272	#
86	731.224	201	202	217	218	231	232	233	234	247	248	249	250	251	272	#
87	655.397	92	96	97	98	99	100	101	106	107	108	115	123	139	272	#
88	537.611	95	109	110	111	167	184	199	200	202	216	217	218	232	272	#
89	535.731	97	98	99	100	115	116	132	133	231	232	247	248	249	272	#
90	515.237	200	215	216	217	218	219	220	221	222	232	233	234	250	272	#
91	113.784	4	5	6	273	#
92	116.228	4	5	20	273	#
93	109.179	5	6	21	273	#
94	70.7823	5	6	22	273	#
95	642.634	86	87	102	103	104	117	118	119	120	121	133	134	274	#
96	886.498	73	87	89	90	104	105	106	107	120	121	122	123	274	#
97	802.65	68	69	83	84	85	86	87	100	101	218	233	234	274	#
98	766.582	71	87	103	104	105	106	118	119	120	121	122	137	274	#
99	744.946	73	89	90	91	104	105	106	107	121	122	138	230	274	#
100	740.201	39	40	41	53	54	55	56	69	70	71	86	87	274	#
101	98.1675	105	#
102	1557.38	0	1	2	3	16	17	18	19	20	22	23	32	33	36	37	38	39	40	48	49	52	54	174	242	243	244	275	#
103	1952.82	8	23	35	36	37	38	39	40	52	54	55	56	71	77	78	79	87	93	94	211	227	228	242	243	244	245	275	#
104	1760.4	0	1	2	3	16	17	18	19	31	32	33	48	49	50	64	65	66	67	80	82	83	121	122	123	139	186	275	#
105	1750.93	0	2	16	17	18	32	33	48	49	50	64	65	66	67	68	80	81	82	83	84	100	150	165	166	182	183	275	#
106	1728.13	92	93	107	108	121	122	124	127	137	138	143	154	158	159	163	164	170	180	194	195	196	210	211	227	242	243	275	#
107	1657.71	1	16	17	18	19	20	32	33	48	49	50	64	65	66	80	81	82	97	98	99	112	113	114	129	130	131	275	#
108	96.8012	189	#
109	539.638	62	77	78	79	94	111	276	#
110	638.834	76	77	78	92	93	94	276	#
111	502.568	78	94	110	111	126	127	276	#
112	477.135	77	78	94	111	127	221	276	#
113	468.578	93	94	110	111	127	143	276	#
114	437.06	44	60	61	62	78	79	276	#
115	270.377	197	198	213	214	277	#
116	395.105	197	213	214	230	277	#
117	361.089	196	197	213	214	277	#
118	266.796	197	213	214	229	277	#
119	241.356	182	196	197	198	277	#
120	319.024	17	32	33	48	50	278	#
121	394.925	31	32	46	47	48	278	#
122	335.981	0	1	16	17	32	278	#
123	309.136	0	16	17	32	33	278	#
124	309.021	49	50	51	52	66	278	#
125	203.659	1	2	17	18	19	278	#
126	146.391	12	28	#
127	100.721	103	#
128	79.1071	248	#
129	343.631	145	146	161	162	178	279	#
130	421.303	161	177	178	193	194	279	#
131	386.623	161	162	177	178	179	279	#
132	372.202	146	162	177	178	194	279	#
133	344.902	146	162	177	178	192	279	#
134	340.953	145	146	161	176	177	279	#
135	146.966	197	199	214	215	280	#
136	201.173	215	231	247	248	280	#
137	133.493	170	171	172	281	#
138	132.558	170	171	187	281	#
139	1202.9	8	23	24	37	38	39	40	41	55	57	58	59	68	69	70	71	74	85	86	282	#
140	1429.19	58	59	62	74	75	76	77	78	90	91	92	93	94	95	107	108	109	123	139	282	#
141	1364.52	11	25	27	41	42	43	58	59	74	75	76	77	91	92	107	108	142	143	159	282	#
142	1363.3	36	39	51	52	53	54	55	56	67	68	69	70	85	86	100	101	114	115	116	282	#
143	1264.66	39	40	51	52	53	56	67	68	69	70	71	72	83	85	86	87	100	101	252	282	#
144	1260.91	24	40	54	56	68	69	70	71	72	85	86	87	100	101	102	103	115	116	120	282	#
145	1083.35	9	10	24	25	26	40	41	42	55	56	57	58	71	73	88	89	283	#
146	1232.44	40	41	54	55	56	57	58	71	73	84	85	117	118	228	229	244	283	#
147	1227.83	26	41	42	57	58	59	73	75	76	89	152	218	233	234	250	251	283	#
148	1177.97	24	57	69	73	83	84	85	88	89	90	91	100	103	104	106	120	283	#
149	1166.18	8	10	11	12	13	24	25	26	28	41	42	58	59	75	91	200	283	#
150	1156.43	24	25	40	41	42	43	54	55	56	57	58	71	73	89	180	196	283	#
151	67.7118	22	#
152	275.649	62	77	78	79	95	284	#
153	379.74	60	76	77	92	93	284	#
154	374.958	61	62	77	78	79	284	#
155	309.398	77	78	94	95	111	284	#
156	273.388	61	62	78	79	95	284	#
157	186.605	78	79	94	95	176	284	#
158	580.88	126	141	142	158	180	184	193	200	285	#
159	576.677	152	153	168	183	184	199	200	216	285	#
160	573.046	125	126	139	140	141	142	158	159	285	#
161	524.98	147	148	163	164	165	168	180	185	285	#
162	496.886	19	20	182	183	199	200	215	216	285	#
163	472.058	124	125	126	140	141	142	158	159	285	#
164	531.195	41	58	59	72	73	74	75	91	107	286	#
165	626.391	8	24	25	40	41	56	58	73	90	286	#
166	613.14	25	40	41	58	59	73	89	90	106	286	#
167	533.951	25	41	42	56	57	58	71	72	73	286	#
168	487.781	58	59	71	72	73	74	75	91	92	286	#
169	486.893	58	59	75	91	92	107	199	215	216	286	#
170	362.665	52	53	68	69	84	85	86	287	#
171	503.619	52	67	68	69	83	84	85	287	#
172	414.734	52	53	67	68	69	83	84	287	#
173	401.253	68	83	84	85	100	116	133	287	#
174	388.129	69	85	86	100	101	102	117	287	#
175	361.844	68	69	70	71	84	85	86	287	#
176	2553.62	50	51	66	67	82	83	84	98	108	109	110	113	114	125	126	140	141	142	143	154	155	156	157	158	159	170	171	172	173	174	175	186	188	189	190	201	202	203	204	205	206	207	217	218	288	#
177	3211.9	2	16	17	18	33	34	35	49	50	51	52	64	65	66	67	68	76	80	81	82	83	84	88	96	97	98	99	100	112	113	114	152	168	172	184	185	188	200	202	203	204	219	235	246	288	#
178	3187.65	0	2	13	14	15	16	17	31	33	34	35	49	50	51	59	60	61	64	65	66	67	68	80	81	82	83	84	96	97	98	99	100	101	102	112	114	115	128	129	130	131	145	205	235	288	#
179	3127.93	2	16	17	33	45	46	49	58	60	61	73	74	75	76	91	92	93	108	109	110	123	126	139	140	141	157	158	159	162	171	172	173	174	175	178	188	189	190	194	205	206	207	211	223	288	#
180	3122.18	2	3	16	17	18	19	20	33	34	36	49	50	52	64	65	66	67	68	69	70	80	81	82	83	84	96	97	98	99	100	112	114	115	128	129	130	131	145	146	147	163	164	180	195	288	#
181	3074.5	16	17	33	34	35	36	42	43	44	45	49	50	51	58	59	60	61	62	63	64	65	66	67	75	76	77	78	79	91	92	93	95	99	108	109	110	111	126	127	139	142	143	158	203	288	#
182	81.438	199	#
183	294.595	183	199	215	216	217	233	289	#
184	385.134	197	213	214	215	216	232	289	#
185	367.663	213	214	215	228	229	230	289	#
186	347.902	168	169	183	184	185	254	289	#
187	200.212	238	239	290	#
188	128.394	221	238	290	#
189	424.615	199	200	214	215	216	217	218	231	232	248	291	#
190	625.872	196	197	198	199	200	214	215	216	231	247	291	#
191	573.664	107	123	199	215	231	244	246	247	248	249	291	#
192	565.471	185	186	201	202	203	204	205	218	219	220	291	#
193	523.22	198	199	213	214	215	216	217	228	229	231	291	#
194	522.316	182	197	198	199	213	214	215	216	231	247	291	#
195	935.437	94	107	108	109	110	122	123	124	125	126	139	140	141	142	156	157	158	173	292	#
196	1202.41	69	70	109	125	139	140	141	155	157	172	173	187	188	189	203	204	205	221	292	#
197	1149.17	78	90	94	106	107	108	109	110	125	126	140	141	142	157	172	173	188	189	292	#
198	1110.54	28	44	45	46	60	61	62	78	79	94	95	108	109	110	111	124	125	126	292	#
199	1076.82	76	92	93	94	108	109	110	124	125	126	138	139	140	141	155	156	157	173	292	#
200	1047.85	12	27	28	29	44	60	61	94	110	126	127	141	142	157	158	159	173	174	292	#
201	292.832	196	197	198	211	212	293	#
202	385.152	32	48	196	197	212	293	#
203	280.534	178	179	180	196	197	293	#
204	275.44	177	194	210	211	212	293	#
205	275.031	25	26	196	197	212	293	#
206	147.477	197	198	202	214	215	293	#
207	387.151	33	48	49	50	294	#
208	357.556	32	33	48	49	294	#
209	341.739	32	33	49	50	294	#
210	329.182	33	34	50	51	294	#
211	295.804	16	17	18	33	294	#
212	163	73	74	#
213	791.157	90	106	121	122	123	138	139	155	171	172	173	174	190	295	#
214	922.341	97	112	113	120	121	122	137	138	139	154	155	170	171	295	#
215	913.041	139	140	155	157	172	173	174	187	188	189	190	191	205	295	#
216	901.507	155	172	173	174	189	190	205	206	207	222	223	238	239	295	#
217	880.449	88	89	90	105	106	121	122	155	170	171	172	188	194	295	#
218	837.133	126	141	142	143	157	158	172	173	174	190	191	207	235	295	#
219	339.909	114	117	118	131	132	133	134	148	149	172	296	#
220	440.905	130	131	132	147	148	149	150	163	164	180	296	#
221	429.376	113	133	148	149	163	164	165	179	180	195	296	#
222	412.851	69	70	86	102	103	104	117	118	119	133	296	#
223	389.995	100	101	102	103	104	117	118	119	133	135	296	#
224	305.325	101	117	118	131	132	133	148	149	163	255	296	#
225	157.042	97	113	297	#
226	156.665	113	114	297	#
227	97.3633	59	97	297	#
228	434.403	52	53	69	85	185	201	298	#
229	490.543	168	169	182	183	184	185	298	#
230	485.416	168	183	184	185	200	201	298	#
231	451.206	35	36	52	53	69	70	298	#
232	438.925	69	70	85	100	101	102	298	#
233	406.404	52	53	69	70	71	185	298	#
234	704.197	5	7	8	20	21	22	23	35	36	37	38	54	55	299	#
235	1032.54	7	8	21	22	23	38	52	54	67	68	83	84	100	299	#
236	1002	33	34	35	36	48	49	50	51	52	53	67	68	69	299	#
237	929.15	3	4	16	17	18	19	20	36	51	52	53	68	78	299	#
238	913.419	3	19	20	35	36	51	52	53	68	84	85	86	102	299	#
239	856.691	5	7	8	21	22	23	24	38	39	40	41	54	58	299	#
240	2064.47	65	81	96	97	112	113	128	129	144	147	160	161	162	163	164	176	177	178	179	180	181	192	193	194	195	196	197	208	210	211	212	226	227	300	#
241	2311.88	112	129	130	131	161	163	164	171	172	176	177	178	179	186	187	188	189	192	193	194	195	196	197	202	203	204	210	211	212	226	227	242	243	300	#
242	2310.52	77	93	94	148	161	163	164	165	176	177	178	179	180	181	182	192	193	194	195	196	197	198	208	210	211	212	213	214	226	227	229	230	243	300	#
243	2298.01	26	27	42	43	57	58	59	73	74	89	105	106	179	180	181	195	196	197	210	211	212	213	225	226	227	228	229	240	241	242	243	244	245	300	#
244	2297.41	38	39	54	55	56	57	69	70	71	72	73	85	86	100	101	102	163	164	165	166	179	180	181	182	195	196	197	198	211	213	214	229	230	300	#
245	2246.48	7	8	9	24	25	41	42	58	91	132	133	148	149	150	151	160	161	163	164	166	176	177	180	181	182	192	193	194	195	196	208	210	211	300	#
246	485.82	16	17	32	33	48	301	#
247	553.996	16	32	33	48	50	301	#
248	463.04	16	32	33	49	50	301	#
249	462.822	16	17	33	48	49	301	#
250	347.991	0	16	32	33	174	301	#
251	316.39	1	17	33	50	66	301	#
252	182.714	42	43	302	#
253	247.275	28	42	302	#
254	187.314	196	197	303	#
255	151.091	197	214	303	#
256	288.537	57	58	73	74	304	#
257	353.733	41	42	58	73	304	#
258	328.605	56	57	72	73	304	#
259	305.916	58	73	74	75	304	#
260	280.996	55	56	57	58	304	#
261	121.606	201	202	#
262	2474.34	35	36	51	52	53	67	68	69	70	76	77	82	83	84	85	86	97	98	100	101	102	112	113	114	115	116	129	130	131	146	147	162	163	164	180	196	305	#
263	2836.86	1	16	17	32	33	35	49	51	53	64	65	66	67	68	69	80	81	82	83	84	85	97	98	100	112	113	114	116	130	145	146	151	169	172	173	185	305	#
264	2736.08	8	23	24	25	30	33	39	40	45	46	60	61	65	76	80	81	93	97	113	114	130	131	144	145	146	147	160	176	178	192	199	213	214	215	229	230	305	#
265	2712.1	16	32	33	48	49	50	51	64	65	66	67	80	81	82	97	98	112	113	114	115	116	130	131	132	146	147	148	149	162	163	189	205	213	228	229	230	305	#
266	2690.32	16	17	24	32	33	39	40	48	50	51	55	56	57	67	68	69	70	71	72	73	74	75	76	77	83	84	85	86	87	93	94	100	101	102	116	117	305	#
267	2417.46	3	4	5	19	20	33	35	36	37	50	51	52	53	55	56	64	65	66	67	68	69	70	71	80	81	82	83	84	85	97	98	101	102	114	115	206	305	#
268	608.194	26	30	42	43	44	46	59	61	145	306	#
269	729.645	43	44	46	47	60	61	62	63	182	306	#
270	676.063	128	144	145	146	147	161	162	163	177	306	#
271	673.977	41	42	43	44	57	58	59	60	74	306	#
272	638.296	46	61	62	63	152	153	154	169	185	306	#
273	593.372	12	28	29	30	44	46	60	61	62	306	#
274	204.159	244	245	246	307	#
275	216.176	243	244	245	307	#
276	141.968	5	21	244	307	#
277	3170.74	11	12	13	24	25	27	28	29	30	31	40	41	42	43	44	45	57	58	59	60	61	62	73	75	76	78	91	92	93	94	95	109	110	111	123	124	125	126	141	142	157	158	159	173	174	175	188	189	190	191	207	222	223	308	#
278	3760.79	16	17	31	33	34	35	36	47	49	50	51	52	59	62	63	65	66	75	76	77	78	79	81	82	91	92	93	94	95	97	98	99	107	109	110	111	114	115	123	124	125	127	130	140	141	142	143	146	158	159	173	174	190	308	#
279	3645.45	0	16	17	27	33	34	42	43	44	48	49	50	51	53	56	57	58	59	60	64	65	66	72	73	74	75	76	77	78	79	80	81	91	92	93	94	95	97	98	107	110	111	113	114	115	122	123	124	125	128	129	130	139	308	#
280	3601.02	76	78	93	94	95	105	106	109	110	111	120	121	122	136	137	151	152	153	154	158	159	162	163	169	175	177	178	179	180	185	186	188	189	190	191	193	201	202	204	205	207	209	210	218	219	220	221	222	223	235	236	237	251	308	#
281	3567.27	31	41	42	47	57	58	60	72	73	74	75	76	78	79	89	91	92	93	94	95	105	106	107	109	110	111	121	122	123	124	125	126	141	142	158	172	173	174	184	185	188	199	200	201	202	216	217	218	231	232	233	247	248	308	#
282	3562.36	2	7	8	9	11	12	13	21	22	23	24	25	26	27	28	29	36	37	38	39	40	41	42	43	44	52	54	55	56	57	58	59	72	73	76	77	78	88	89	90	91	93	94	104	105	106	107	110	120	121	136	151	152	308	#
283	1807.43	0	8	9	10	11	16	23	24	26	27	32	33	34	35	40	42	43	44	48	49	50	51	52	56	114	309	#
284	2130.04	0	1	16	32	33	34	48	49	50	64	65	66	80	81	82	83	97	98	113	114	131	132	161	177	193	309	#
285	2102.78	0	4	16	20	32	33	34	35	36	48	49	50	51	52	64	65	66	80	82	98	113	114	193	209	210	309	#
286	2029.33	0	1	4	16	20	32	33	34	35	36	37	48	49	50	51	64	65	66	80	81	82	97	98	99	114	309	#
287	2022.53	20	32	33	34	35	36	48	49	50	51	52	65	66	67	72	73	74	80	81	82	83	84	89	97	177	309	#
288	2017.95	0	1	16	32	33	34	48	49	50	51	64	65	66	80	81	82	97	98	99	113	114	120	135	136	137	309	#
289	513.635	131	132	147	162	163	177	178	179	180	194	310	#
290	689.594	99	114	115	131	147	148	163	164	179	180	310	#
291	676.281	113	114	131	147	148	163	164	180	181	182	310	#
292	622.354	97	98	114	115	116	129	130	131	146	147	310	#
293	614.857	131	147	161	162	163	176	177	178	179	180	310	#
294	591.455	9	10	25	114	130	131	145	146	147	162	310	#
295	350.634	70	71	85	86	87	103	311	#
296	471.231	70	85	86	87	102	103	311	#
297	433.194	87	102	103	119	120	136	311	#
298	428.06	69	71	85	86	87	102	311	#
299	395.304	51	54	67	70	82	83	311	#
300	384.047	10	86	87	102	103	120	311	#
301	167.579	144	145	146	162	312	#
302	221.374	130	131	145	146	312	#
303	198.385	145	146	147	162	312	#
304	167.786	146	162	178	194	312	#
305	92.2141	129	#
306	105.212	8	9	24	313	#
307	46.9678	8	9	23	313	#
308	866.598	44	60	147	148	149	163	164	165	178	179	180	181	194	195	210	211	314	#
309	1258.01	161	176	177	180	192	193	195	196	208	209	210	211	224	225	226	240	314	#
310	1219.34	17	18	33	34	49	64	65	80	81	148	163	164	179	180	196	197	314	#
311	1173.07	12	29	30	44	45	46	61	62	112	163	164	165	180	181	197	213	314	#
312	1152.76	25	26	30	42	46	59	60	61	75	76	77	92	93	108	109	235	314	#
313	1143.07	160	161	176	177	179	180	192	193	194	195	209	210	211	224	225	226	314	#
314	506.335	67	68	69	84	85	315	#
315	568.814	50	51	67	68	84	315	#
316	483.482	51	67	82	83	243	315	#
317	405.229	68	69	85	101	117	315	#
318	361.432	68	69	84	85	86	315	#
319	291.076	84	85	100	116	132	315	#
320	124.56	20	37	194	195	316	#
321	125.572	4	19	20	36	316	#
322	97.6933	176	194	209	210	316	#
323	1122.04	12	28	69	84	85	86	87	101	102	117	118	133	134	205	221	237	238	317	#
324	1166.07	44	60	61	68	69	75	76	77	78	82	83	84	85	92	93	98	101	317	#
325	1104.29	173	188	189	190	191	202	203	204	205	206	207	220	221	222	223	238	254	317	#
326	1077.3	158	172	173	174	189	190	191	203	204	205	206	207	220	221	222	238	254	317	#
327	1053.67	190	191	204	205	206	207	219	220	221	222	223	236	237	238	239	252	254	317	#
328	1053.47	8	9	10	11	12	24	27	28	41	42	43	44	45	46	60	61	62	317	#
329	210.104	200	215	216	231	232	247	318	#
330	313.018	183	184	185	199	200	216	318	#
331	305.379	194	210	231	232	248	249	318	#
332	285.543	167	184	185	199	216	232	318	#
333	241.826	231	232	246	247	248	249	318	#
334	141.755	128	129	319	#
335	76.2937	128	144	319	#
336	1288.13	7	8	9	10	21	22	23	30	31	46	47	61	68	84	85	151	320	#
337	1309.31	15	30	31	44	45	46	47	52	53	54	60	61	68	69	70	85	320	#
338	1302.12	26	27	28	30	42	43	44	45	46	60	61	62	63	78	94	110	320	#
339	1222.11	7	8	9	10	25	26	34	35	36	42	52	53	67	68	69	84	320	#
340	1192.4	7	8	9	10	11	23	25	26	27	28	41	42	43	44	163	188	320	#
341	1182.05	12	13	26	27	28	30	31	42	43	44	45	46	47	60	61	62	320	#
342	603.293	2	3	18	19	20	36	103	104	105	117	118	119	132	133	149	321	#
343	871.654	102	118	119	130	131	132	133	134	146	147	148	149	163	165	166	321	#
344	841.073	41	57	59	73	74	75	89	90	104	105	106	107	108	122	123	321	#
345	816.09	11	12	13	27	43	86	101	102	103	116	117	118	132	165	181	321	#
346	810.129	55	58	71	72	73	74	85	86	87	89	105	106	107	118	119	321	#
347	774.556	0	1	2	3	16	17	18	19	20	165	166	167	182	183	199	321	#
348	963.154	3	144	145	146	148	160	161	162	163	177	178	179	193	194	195	322	#
349	1269.7	145	147	161	163	177	179	180	193	194	195	196	197	208	211	227	322	#
350	1221.93	97	99	100	113	114	115	128	129	130	131	132	144	145	161	177	322	#
351	1212.3	128	129	130	131	144	145	146	147	161	162	163	164	177	180	237	322	#
352	1196.81	128	129	130	131	145	147	161	176	177	193	194	195	208	209	211	322	#
353	1090.57	113	114	128	129	130	131	144	145	160	161	176	177	193	194	209	322	#
354	687.39	161	177	193	194	209	210	211	212	323	#
355	674.017	27	161	177	178	179	180	194	210	323	#
356	624.217	161	177	178	193	194	208	209	210	323	#
357	610.651	180	194	196	210	211	212	227	243	323	#
358	546.247	177	178	179	193	194	208	209	210	323	#
359	537.246	93	94	95	111	161	176	177	178	323	#
360	82.1951	137	#
361	61.3748	52	#
362	2474.25	94	95	111	127	141	143	158	159	161	174	176	177	178	179	180	181	192	193	194	195	196	208	209	210	211	212	213	214	215	216	226	227	228	229	231	242	243	244	245	324	#
363	2818.99	46	62	63	78	79	93	94	95	96	97	111	113	114	130	145	146	161	176	177	178	179	192	193	194	195	196	208	209	210	211	212	227	235	236	243	250	251	252	253	324	#
364	2705.63	13	14	15	29	30	31	45	46	47	62	96	112	113	128	129	131	132	145	146	147	161	162	163	164	165	176	177	178	179	180	193	194	195	196	208	210	211	212	213	324	#
365	2668.45	66	82	85	112	113	128	129	145	146	161	167	176	177	178	179	180	183	184	193	194	195	196	200	207	208	209	210	211	212	223	224	225	227	228	240	241	242	243	244	324	#
366	2526.42	15	16	31	33	34	35	49	129	130	145	160	161	162	163	168	176	177	178	179	192	193	194	195	203	205	208	209	210	211	212	220	221	235	236	238	249	250	251	252	324	#
367	2508.29	26	42	96	112	128	129	130	136	145	146	152	161	168	176	177	178	179	182	183	184	192	193	194	195	199	200	208	209	214	215	216	217	229	231	232	233	234	248	249	324	#
368	765.645	167	184	200	215	216	231	232	233	246	247	248	249	325	#
369	923.589	46	47	78	94	151	167	168	184	185	214	215	230	325	#
370	816.509	68	82	83	84	168	184	199	200	215	216	231	232	325	#
371	779.164	167	168	183	184	200	215	216	231	232	233	246	247	325	#
372	742.072	153	166	167	168	169	180	181	182	184	185	199	201	325	#
373	708.278	150	151	168	169	185	217	232	233	234	249	250	251	325	#
374	646.43	7	8	9	13	24	25	26	40	42	226	326	#
375	648.914	10	11	25	26	27	42	43	59	75	82	326	#
376	619.743	11	12	13	14	15	27	28	132	148	164	326	#
377	587.593	10	11	25	26	27	28	43	44	59	60	326	#
378	584.94	92	93	107	108	109	224	225	226	240	241	326	#
379	558.931	7	8	9	10	23	24	25	26	41	42	326	#
380	411.781	189	205	206	222	327	#
381	364.797	172	173	189	205	327	#
382	344.645	204	205	206	207	327	#
383	212.822	174	190	206	222	327	#
384	538.041	3	4	20	34	35	36	37	328	#
385	628.213	20	34	35	36	37	50	66	328	#
386	602.258	20	34	35	36	37	50	51	328	#
387	483.572	20	22	23	35	36	37	38	328	#
388	415.098	3	4	5	6	20	22	23	328	#
389	404.36	3	4	5	20	21	22	36	328	#
390	122.914	105	106	329	#
391	120.887	104	105	329	#
392	1039.27	130	145	146	147	160	161	162	176	177	193	194	209	210	211	330	#
393	1016.38	14	28	29	30	46	47	51	67	128	129	130	145	146	147	330	#
394	985.678	160	161	164	165	176	177	180	193	194	195	196	209	210	211	330	#
395	978.809	23	112	129	130	145	146	147	161	162	163	164	180	195	211	330	#
396	942.075	98	113	129	130	144	145	146	160	161	162	176	177	193	194	330	#
397	933.478	96	97	112	113	114	128	129	130	131	145	146	147	161	176	330	#
398	878.901	59	74	75	82	90	91	97	98	99	106	107	115	116	117	118	134	331	#
399	1171.96	56	57	73	74	75	89	90	91	105	106	107	123	124	139	224	240	331	#
400	1159.79	65	80	81	97	112	113	128	129	130	131	144	145	146	160	161	216	331	#
401	1021.36	12	25	26	27	28	42	43	59	60	73	74	75	91	107	123	139	331	#
402	1007.62	9	25	58	60	73	74	89	90	91	92	104	105	106	107	120	121	331	#
403	966.101	91	92	106	107	108	109	110	122	123	124	126	138	139	140	141	142	331	#
404	1083.46	11	12	13	14	15	30	31	34	35	43	44	45	46	47	51	61	332	#
405	1277.58	15	30	31	44	45	46	47	60	61	62	63	78	89	90	210	226	332	#
406	1145.27	14	24	25	27	28	30	40	41	42	43	44	45	46	47	61	94	332	#
407	1131.09	12	13	14	15	30	31	43	44	45	46	47	62	63	78	79	95	332	#
408	1077.49	4	16	19	20	33	34	35	36	37	48	49	51	52	53	68	69	332	#
409	1056.24	11	12	13	14	15	28	29	30	43	44	45	46	47	60	61	76	332	#
410	1333.83	163	164	165	176	177	178	179	180	193	194	195	196	208	209	210	211	212	213	214	225	226	227	333	#
411	1663.78	123	138	139	140	153	154	155	156	170	171	172	205	221	224	225	235	236	237	238	240	241	253	333	#
412	1632.6	188	189	190	191	193	196	197	204	205	206	208	209	210	211	212	213	214	221	226	228	229	230	333	#
413	1565.72	25	51	67	68	69	82	83	84	176	177	178	192	194	208	209	210	211	226	227	228	243	244	333	#
414	1521.19	146	147	163	164	165	176	177	178	179	180	193	194	195	196	197	208	209	210	211	212	213	226	333	#
415	1515.65	0	16	163	164	165	166	177	178	179	180	193	194	195	196	197	209	210	211	213	214	227	243	333	#
416	1417.71	130	158	159	160	161	174	176	177	178	180	192	193	194	195	196	197	210	211	224	225	226	227	240	241	242	334	#
417	1791.45	18	98	113	114	129	130	131	144	145	146	147	160	161	176	177	178	179	180	181	192	193	194	195	197	210	334	#
418	1675.64	139	140	141	142	154	155	156	157	160	161	176	177	178	192	193	194	210	220	221	236	237	250	251	252	253	334	#
419	1672.61	14	15	30	43	44	45	46	61	108	124	125	126	127	141	142	143	149	150	157	158	159	173	174	175	191	334	#
420	1590.59	82	98	100	114	115	116	128	130	131	132	137	138	139	144	145	146	147	155	160	161	171	176	177	178	192	334	#
421	1576.75	9	24	25	40	87	100	110	116	128	129	130	131	132	133	144	145	146	147	148	160	161	176	177	194	210	334	#
422	412.088	221	236	237	250	251	252	253	254	335	#
423	460.203	204	220	235	236	237	251	252	253	335	#
424	447.897	221	222	236	237	238	239	254	255	335	#
425	440.18	206	221	222	236	237	238	250	251	335	#
426	419.726	220	221	235	236	237	249	250	251	335	#
427	390.918	180	221	237	238	239	253	254	255	335	#
428	707.611	43	44	45	46	59	60	61	62	74	75	336	#
429	885.068	28	29	30	44	45	46	47	60	61	62	336	#
430	794.344	28	29	30	31	44	45	46	47	60	61	336	#
431	783.38	44	46	61	62	77	78	79	94	95	111	336	#
432	717.991	5	29	30	45	46	61	62	78	95	182	336	#
433	666.251	12	30	46	60	61	206	207	222	223	238	336	#
434	83.0955	36	178	337	#
435	82.687	20	36	337	#
436	2092.31	15	26	27	28	29	41	42	43	58	59	60	74	75	88	89	90	103	104	106	118	120	121	122	124	136	137	138	139	140	154	155	172	338	#
437	2598.82	16	17	18	19	32	33	34	35	43	44	49	50	58	59	60	65	66	72	73	74	75	80	81	82	90	98	99	106	120	121	201	202	338	#
438	2305.58	12	13	14	15	26	27	28	29	31	43	44	45	46	48	49	59	60	61	62	75	76	91	92	93	108	109	124	140	205	221	237	238	338	#
439	2250.47	10	11	12	25	26	27	28	29	41	42	43	44	45	46	58	59	60	61	62	73	74	75	76	77	78	79	93	94	95	109	110	173	338	#
440	2225.99	9	10	25	26	27	28	41	42	43	44	59	60	61	74	75	76	77	78	79	91	92	93	94	95	107	108	109	110	113	123	124	125	338	#
441	2224.45	25	26	27	41	42	43	44	46	58	59	60	61	62	73	74	75	76	77	79	90	91	92	93	94	95	106	107	108	109	121	124	179	338	#
442	636.424	15	30	31	45	46	47	181	182	198	339	#
443	769.749	15	30	31	47	154	164	165	180	181	339	#
444	763.249	15	30	31	44	45	46	47	61	71	339	#
445	753.773	30	31	44	46	47	61	62	77	78	339	#
446	723.263	30	46	47	61	121	137	153	154	170	339	#
447	679.74	39	40	44	45	46	56	61	62	78	339	#
448	638.815	5	6	7	8	20	21	22	23	24	25	26	37	39	43	55	340	#
449	921.846	24	25	26	28	30	40	41	42	43	44	45	56	59	60	61	340	#
450	820.636	24	25	26	30	37	38	39	40	41	42	43	44	45	59	60	340	#
451	816.528	2	3	4	5	20	37	38	48	49	86	101	102	103	120	161	340	#
452	811.316	7	11	12	23	28	38	39	44	45	55	59	60	61	123	124	340	#
453	777.487	6	7	8	9	10	21	22	23	24	25	26	32	39	42	43	340	#
454	1264.56	105	121	137	138	139	140	141	142	154	155	156	157	158	171	172	173	187	203	220	341	#
455	1313	88	89	105	106	120	121	135	136	137	139	140	154	155	156	171	172	173	187	203	341	#
456	1303.18	16	32	33	38	61	64	65	141	142	143	158	173	174	189	205	206	220	221	248	341	#
457	1293.29	108	124	125	126	127	139	140	141	142	143	156	157	158	159	172	173	183	184	189	341	#
458	1289.3	76	80	91	92	93	108	109	110	124	125	138	139	140	141	142	153	154	155	158	341	#
459	1286.92	87	88	89	103	105	106	120	121	122	136	137	138	139	152	153	154	155	156	172	341	#
460	1538.9	87	89	90	103	104	105	106	120	137	138	162	163	164	165	166	167	178	179	180	181	194	195	196	197	208	209	210	211	212	213	214	225	226	229	230	342	#
461	2167.8	24	40	97	113	114	131	132	133	150	165	180	181	183	184	195	197	198	199	210	211	212	213	214	215	216	225	226	228	229	230	231	232	233	243	244	342	#
462	2117.55	8	24	25	26	39	40	41	42	53	55	56	57	58	59	69	70	71	72	73	74	75	86	87	88	89	90	91	101	102	104	105	106	107	117	118	342	#
463	2094.88	25	39	40	41	52	53	55	56	57	68	69	70	71	72	73	74	86	88	89	90	91	101	102	104	105	106	107	122	123	138	139	199	215	216	217	342	#
464	2035.75	40	41	42	56	57	58	72	73	74	88	89	90	91	102	103	104	105	106	107	109	118	119	122	125	126	141	142	143	158	201	211	216	217	218	233	342	#
465	1990.35	25	26	40	41	42	43	55	56	57	69	70	71	72	73	74	86	87	102	112	113	128	129	145	146	147	148	163	164	165	178	179	180	181	194	195	342	#
466	75.1725	59	#
467	874.041	76	77	78	92	93	94	95	108	109	110	111	127	143	343	#
468	932.395	43	59	62	75	76	77	78	79	92	93	94	110	111	343	#
469	909.653	26	76	78	93	94	95	108	109	110	111	125	140	141	343	#
470	904.654	62	76	77	78	79	94	110	190	199	201	216	217	218	343	#
471	898.711	39	78	94	95	108	109	110	111	125	127	140	141	143	343	#
472	894.099	50	51	52	62	66	78	79	93	94	95	109	110	111	343	#
473	1086.7	16	19	20	32	33	34	35	36	50	51	52	53	66	67	68	69	344	#
474	1288.6	16	32	34	36	48	49	50	51	52	65	66	67	68	80	81	82	344	#
475	1178.55	16	32	33	34	48	49	50	51	52	65	66	67	82	97	98	99	344	#
476	1150.42	16	32	33	34	49	50	64	65	66	81	96	97	98	112	113	115	344	#
477	1130.24	16	32	33	34	48	49	50	51	52	53	65	66	67	68	69	85	344	#
478	1116.87	34	49	50	64	65	66	80	82	98	99	100	101	102	115	116	117	344	#
479	455.082	10	26	27	42	43	59	151	345	#
480	507.704	27	41	42	43	50	59	66	345	#
481	458.959	25	41	42	43	58	59	73	345	#
482	452.635	27	28	42	43	44	59	60	345	#
483	436.795	25	26	27	42	43	44	59	345	#
484	342.752	11	26	27	42	43	59	60	345	#
485	377.249	190	206	207	221	222	223	238	346	#
486	484.646	188	204	205	206	207	222	223	346	#
487	436.526	173	174	189	190	205	206	222	346	#
488	423.066	206	207	222	223	237	238	254	346	#
489	412.955	206	207	221	222	223	237	238	346	#
490	390.054	206	207	221	222	238	241	242	346	#
491	1112.86	195	199	200	211	212	213	215	224	225	227	228	229	241	242	243	244	245	246	247	347	#
492	1398.81	189	196	197	205	211	212	213	224	225	226	227	228	241	242	243	244	245	246	247	347	#
493	1362.71	30	44	45	46	61	62	63	81	163	164	180	196	197	204	212	213	214	220	229	347	#
494	1325.43	71	85	87	100	101	102	103	115	116	117	118	119	133	228	243	244	245	246	247	347	#
495	1264.48	91	196	197	211	213	214	215	225	226	227	228	229	241	242	243	244	245	246	247	347	#
496	1247.25	148	163	164	165	180	196	197	206	207	211	212	213	214	215	222	223	228	229	244	347	#
497	419.058	186	187	203	220	236	251	348	#
498	528.318	236	237	250	251	252	253	348	#
499	524.719	171	186	187	188	236	237	348	#
500	416.097	155	172	186	187	188	203	348	#
501	413.566	235	236	250	251	252	253	348	#
502	341.442	188	203	204	220	221	238	348	#
503	151.271	15	31	123	349	#
504	217.681	14	15	31	349	#
505	169.166	107	123	139	349	#
506	920.994	107	108	111	123	124	125	126	127	140	141	142	143	157	158	159	174	175	191	350	#
507	1210.43	95	111	126	127	141	142	143	156	159	172	174	175	188	189	190	203	205	206	350	#
508	1187.18	174	189	190	203	204	205	206	220	221	222	223	228	235	236	238	239	251	255	350	#
509	1185.91	124	125	126	139	140	141	142	152	153	154	156	157	158	169	170	172	174	175	350	#
510	1158.96	16	17	18	19	33	34	35	36	49	50	51	52	66	107	122	123	216	232	350	#
511	1152.81	63	124	125	140	141	142	143	156	157	158	159	174	175	189	190	205	245	246	350	#
512	64.4898	169	#
513	67.6926	45	#
514	624.432	188	189	190	204	205	206	207	221	222	223	239	255	351	#
515	876.663	147	148	163	164	171	172	179	188	189	190	195	205	351	#
516	800.061	172	174	188	189	190	204	205	220	221	236	237	252	351	#
517	681.241	188	189	190	204	205	206	207	222	223	238	239	255	351	#
518	655.212	159	175	188	189	190	191	203	204	205	206	207	222	351	#
519	653.587	109	110	111	125	126	127	142	143	207	222	223	239	351	#
520	499.897	7	112	129	145	161	176	177	352	#
521	611.071	128	130	144	145	146	161	177	352	#
522	584.821	112	113	128	129	130	144	146	352	#
523	527.839	7	8	9	23	24	25	42	352	#
524	485.739	96	97	112	113	128	129	130	352	#
525	451.952	144	160	161	176	177	192	208	352	#
526	56.2834	134	#
527	422.956	7	68	84	100	116	353	#
528	415.402	51	67	82	83	84	353	#
529	413.371	7	8	23	24	39	353	#
530	388.536	52	67	68	83	84	353	#
531	355.442	68	69	84	100	116	353	#
532	347.916	82	83	98	115	116	353	#
533	544.853	19	33	35	50	51	52	66	82	354	#
534	741.174	49	50	64	65	66	80	82	98	354	#
535	730.348	50	64	65	66	80	82	83	84	354	#
536	668.127	34	50	64	65	66	82	98	99	354	#
537	640.632	33	34	35	36	50	65	66	82	354	#
538	589.67	14	30	46	51	67	68	69	195	354	#
539	1089.83	7	8	9	10	11	12	13	25	26	27	28	41	42	43	44	58	59	73	74	120	134	212	355	#
540	1429.29	10	11	12	13	27	28	43	44	45	58	59	60	61	72	73	74	89	164	165	181	196	197	355	#
541	1427.28	10	11	12	13	14	27	28	30	42	43	44	45	46	47	58	59	60	61	62	63	178	194	355	#
542	1420.46	88	89	90	91	105	106	107	108	120	121	122	123	136	137	138	139	153	155	164	181	182	183	355	#
543	1382.29	10	11	25	26	41	42	43	44	45	58	59	60	61	62	97	206	207	221	222	223	237	238	355	#
544	1357.22	10	11	12	13	14	15	26	27	28	42	43	44	46	60	61	62	112	128	144	145	248	249	355	#
545	1278.48	27	28	29	42	44	46	58	59	60	61	62	74	75	76	77	92	356	#
546	1353.86	24	25	42	44	57	58	59	60	74	75	76	90	91	92	93	121	356	#
547	1276.31	28	29	30	41	42	44	45	46	58	59	60	61	74	75	76	91	356	#
548	1275.35	27	28	41	42	44	57	58	59	60	61	62	73	74	75	76	91	356	#
549	1181.28	27	28	30	31	44	45	46	60	61	62	77	78	79	91	92	93	356	#
550	1165.18	28	42	43	44	45	46	58	59	60	61	62	73	75	78	91	92	356	#
551	527.266	140	141	155	156	157	177	192	357	#
552	633.453	140	141	142	143	157	158	159	357	#
553	540.821	140	141	142	157	158	173	174	357	#
554	492.591	161	176	177	192	208	209	210	357	#
555	470.462	161	176	177	178	179	192	194	357	#
556	451.931	125	138	139	140	141	157	158	357	#
557	707.807	5	6	131	132	145	146	147	148	162	163	179	180	194	195	210	358	#
558	1042.38	19	161	162	176	177	178	180	192	193	194	195	208	209	210	226	358	#
559	1032.6	176	177	178	180	192	193	194	195	196	197	208	209	210	211	212	358	#
560	1011.23	176	177	178	179	180	181	192	193	194	195	197	198	208	209	210	358	#
561	970.297	35	36	113	129	130	144	145	146	147	161	162	176	177	178	192	358	#
562	943.766	41	42	82	83	98	114	115	130	131	132	133	146	147	163	180	358	#
563	341.344	48	102	118	119	133	134	135	136	359	#
564	484.364	65	102	103	119	134	135	136	137	359	#
565	442.387	101	102	103	104	105	118	119	135	359	#
566	387.24	70	71	85	86	101	102	118	172	359	#
567	386.748	103	118	133	134	135	149	165	166	359	#
568	384.07	133	134	135	149	150	165	166	181	359	#
569	475.459	105	121	122	123	138	154	360	#
570	488.09	31	73	89	105	121	122	360	#
571	480.246	120	121	122	123	138	154	360	#
572	404.902	122	137	138	154	222	223	360	#
573	336.965	137	154	155	170	171	187	360	#
574	328.025	105	106	121	122	123	138	360	#
575	557.132	135	136	151	152	153	168	169	185	361	#
576	637.665	120	136	151	152	168	169	183	184	361	#
577	618.995	121	136	137	152	153	154	155	169	361	#
578	617.562	120	121	135	136	137	138	151	152	361	#
579	585.326	135	136	151	152	167	168	184	243	361	#
580	582.001	151	152	153	168	169	185	201	202	361	#
581	1687.69	5	7	8	21	22	23	24	35	36	37	38	39	40	41	52	53	54	55	56	67	70	76	77	83	86	93	104	126	362	#
582	1936.76	7	8	22	24	25	26	37	38	39	40	41	42	43	46	47	54	55	56	57	58	61	71	72	73	74	89	90	196	362	#
583	1921.9	21	22	38	41	54	55	56	57	58	70	74	75	84	85	86	87	88	99	100	103	104	118	119	120	121	133	134	150	362	#
584	1914.77	34	35	44	46	49	50	53	56	61	65	66	68	69	70	71	80	81	82	83	84	85	86	98	99	100	101	114	115	362	#
585	1913.17	7	8	9	21	22	23	24	25	36	37	38	39	58	74	75	76	77	78	93	94	95	111	123	124	138	139	140	155	362	#
586	1909.54	46	47	62	63	75	76	77	78	79	93	95	108	109	111	125	183	184	199	200	201	202	215	216	217	231	232	233	248	362	#
587	1251.42	50	65	66	88	89	90	91	105	106	107	122	123	138	139	140	141	154	363	#
588	1367.24	0	16	17	18	32	33	48	49	50	65	66	81	82	97	98	99	100	363	#
589	1237.63	0	1	16	17	18	32	33	34	35	36	37	48	49	50	64	65	66	363	#
590	1220.7	75	91	92	107	108	109	110	122	123	124	125	126	138	139	140	155	171	363	#
591	1167.38	24	25	41	42	58	59	60	75	77	91	92	93	106	107	108	238	254	363	#
592	1164.08	0	4	16	17	20	32	33	34	35	36	37	48	49	50	65	66	81	363	#
593	1480.72	76	77	78	85	92	93	94	95	98	99	100	101	110	115	125	126	222	223	237	238	239	252	253	254	255	364	#
594	1834.2	14	15	44	50	59	60	61	62	66	75	76	77	78	89	91	92	93	94	106	107	108	109	110	125	126	364	#
595	1833.69	44	57	58	59	60	61	73	74	75	76	77	78	88	89	90	91	92	93	105	106	108	109	110	121	122	364	#
596	1749.91	58	59	60	73	74	75	76	77	89	91	92	93	105	106	108	109	110	125	126	127	142	143	159	174	175	364	#
597	1695.77	44	58	59	60	61	73	74	75	76	89	92	93	101	108	109	110	116	117	118	119	124	125	126	134	142	364	#
598	1690.09	56	71	76	77	78	87	92	93	108	109	110	125	126	127	142	143	159	175	194	195	237	251	252	253	254	364	#
599	459.513	224	225	227	228	240	241	242	243	244	365	#
600	605.92	161	177	178	194	210	211	226	227	243	365	#
601	569.041	214	224	228	229	240	241	242	243	244	365	#
602	566.443	177	178	194	210	226	227	243	244	245	365	#
603	550.991	25	26	27	43	44	224	225	240	241	365	#
604	507.054	132	133	134	213	214	228	229	230	244	365	#
605	312.81	30	46	47	62	366	#
606	359.328	14	15	30	45	366	#
607	298.087	62	63	78	95	366	#
608	287.864	46	47	62	63	366	#
609	250.802	14	30	31	47	366	#
610	544.462	25	42	57	58	59	73	89	367	#
611	524.906	42	57	58	59	72	73	74	367	#
612	516.234	41	56	57	58	73	89	229	367	#
613	460.469	27	41	42	43	57	58	59	367	#
614	427.98	42	43	44	56	57	58	59	367	#
615	415.928	42	56	57	58	70	71	154	367	#
616	173.478	103	104	368	#
617	194.045	87	103	368	#
618	138.819	88	104	368	#
619	388.669	79	94	95	110	111	126	127	369	#
620	548.862	126	127	141	142	143	158	234	369	#
621	540.717	62	78	94	95	111	127	143	369	#
622	495.572	45	46	62	63	79	95	111	369	#
623	417.15	78	94	95	111	125	126	127	369	#
624	412.219	77	78	93	94	108	109	124	369	#
625	631.36	96	97	112	113	114	115	116	128	129	144	370	#
626	869.174	30	31	44	45	46	47	61	62	144	160	370	#
627	750.223	61	65	81	82	96	97	98	112	113	115	370	#
628	663.982	67	96	97	112	113	114	128	129	130	131	370	#
629	608.193	24	40	41	57	100	116	132	148	149	164	370	#
630	598.27	98	99	100	114	115	116	134	135	136	151	370	#
631	385.496	236	250	251	252	253	371	#
632	438.63	204	220	236	251	252	371	#
633	390.663	236	237	251	252	253	371	#
634	386.539	220	236	250	251	252	371	#
635	383.718	238	239	252	253	254	371	#
636	524.899	53	68	69	70	71	84	85	372	#
637	653.154	67	68	69	70	82	83	84	372	#
638	585.771	52	53	67	68	69	84	85	372	#
639	552.056	53	68	69	70	84	86	102	372	#
640	520.451	67	68	84	85	99	100	101	372	#
641	463.14	69	70	71	141	157	158	174	372	#
642	498.428	9	10	11	24	25	26	42	59	373	#
643	622.398	8	9	10	25	26	32	48	49	373	#
644	532.799	9	10	11	25	26	27	42	59	373	#
645	529.032	7	8	9	21	22	23	25	38	373	#
646	518.147	9	10	25	26	42	43	58	59	373	#
647	510.903	9	10	25	26	43	59	75	161	373	#
648	1069.52	80	81	96	97	113	129	144	145	146	147	161	177	189	190	374	#
649	1142.95	33	35	50	51	52	65	66	67	82	83	129	130	146	188	374	#
650	1133.67	16	33	49	50	51	65	66	80	81	82	97	98	113	246	374	#
651	1047.82	32	33	49	50	65	161	177	192	193	195	208	209	210	211	374	#
652	985.747	80	81	82	96	97	98	99	112	113	114	115	129	130	146	374	#
653	984.559	49	64	65	66	80	81	82	96	97	98	113	114	115	129	374	#
654	473.393	221	237	238	251	252	253	375	#
655	529.278	67	68	237	251	252	253	375	#
656	470.364	5	6	21	237	252	253	375	#
657	435.46	204	220	236	237	252	253	375	#
658	393.07	220	236	237	238	239	253	375	#
659	304.992	219	220	235	236	251	252	375	#
660	956.217	2	3	4	5	6	7	8	19	20	22	23	36	37	38	39	40	54	55	56	57	376	#
661	1221.58	7	8	22	23	35	36	37	38	39	40	54	55	56	58	71	72	73	74	87	89	376	#
662	1211.01	4	5	6	7	8	22	23	36	37	38	39	40	55	56	57	71	228	243	244	245	376	#
663	1181.6	6	8	10	11	12	13	22	23	30	36	37	38	39	40	45	46	54	55	56	61	376	#
664	1178.61	39	40	55	56	57	58	71	72	73	74	87	205	206	207	220	221	223	237	238	254	376	#
665	1178	8	23	30	38	39	40	54	55	56	57	58	70	72	73	74	88	89	90	105	106	376	#
666	48.6231	73	#
667	1233.57	23	36	38	39	40	51	52	53	54	55	56	57	67	68	69	70	71	72	84	85	100	176	377	#
668	1657.49	34	35	36	50	51	52	53	54	55	56	64	65	66	67	69	70	71	81	85	87	97	103	377	#
669	1623.23	3	4	19	20	33	34	35	36	50	51	52	53	54	66	67	68	69	70	82	83	112	128	377	#
670	1590.52	19	20	32	33	34	35	36	49	50	51	52	53	65	66	67	68	69	109	110	125	126	142	377	#
671	1564.01	35	36	50	51	52	53	54	55	57	68	69	70	71	72	73	85	86	87	89	102	103	118	377	#
672	1544.27	33	34	50	51	52	53	66	68	69	70	82	83	84	85	99	100	101	102	116	117	132	148	377	#
673	1647.05	49	64	65	66	68	81	82	83	84	85	91	97	98	112	113	114	128	129	186	187	188	201	202	203	378	#
674	1874.98	34	35	36	48	49	50	51	64	65	66	67	68	81	82	83	84	96	97	98	100	110	112	113	114	378	#
675	1810.21	3	16	17	18	19	20	32	33	34	48	49	50	51	64	65	66	67	82	83	84	98	123	124	125	378	#
676	1744.05	32	33	34	35	48	49	50	51	64	65	66	67	68	81	82	83	84	85	96	97	98	99	188	203	378	#
677	1637.9	33	48	49	50	65	66	67	68	69	82	83	84	85	96	97	98	112	113	114	115	116	129	132	148	378	#
678	1624.88	33	34	49	50	51	64	65	66	81	82	83	84	88	96	97	98	104	112	113	114	128	130	131	147	378	#
679	356.445	120	121	137	154	379	#
680	350.342	121	122	123	137	379	#
681	276.423	137	153	154	155	379	#
682	275.486	103	105	120	121	379	#
683	269.397	122	137	138	139	379	#
684	397.067	8	9	23	24	40	56	57	98	114	380	#
685	584.988	24	25	26	40	41	42	57	58	59	380	#
686	568.554	9	10	25	26	41	113	114	130	131	380	#
687	547.34	9	24	25	26	40	41	43	56	58	380	#
688	459.063	65	81	89	97	98	99	100	114	116	380	#
689	1238.56	9	25	26	27	41	42	43	57	58	59	72	73	74	75	89	91	192	193	208	209	381	#
690	1600.75	10	25	26	30	41	42	43	44	45	46	56	57	58	59	61	73	74	75	76	77	381	#
691	1486.89	13	14	24	25	26	27	28	30	41	42	43	44	45	46	57	58	59	60	61	74	381	#
692	1448.55	7	8	9	10	22	23	25	26	41	42	43	57	58	59	75	91	112	113	128	144	381	#
693	1438.1	8	24	25	26	41	42	43	44	57	58	59	60	74	75	90	91	92	93	107	108	381	#
694	1417.26	24	25	26	28	41	42	43	44	45	46	57	58	59	60	61	74	75	129	144	145	381	#
695	527.965	173	188	189	204	205	206	222	382	#
696	440.761	205	206	207	221	222	223	238	382	#
697	430.887	145	161	207	221	222	223	239	382	#
698	426.068	189	203	204	205	220	221	236	382	#
699	423.198	189	190	204	205	206	207	221	382	#
700	412.258	158	173	174	189	190	191	207	382	#
701	734.691	167	168	169	184	185	186	200	201	202	218	383	#
702	866.662	48	49	64	65	80	81	186	201	202	218	383	#
703	701.342	73	167	168	184	185	199	200	216	232	233	383	#
704	676.475	168	183	184	185	186	200	201	202	218	234	383	#
705	674.006	80	151	152	166	167	168	182	184	199	200	383	#
706	624.317	184	185	197	199	200	214	215	216	229	230	383	#
707	781.965	109	125	141	203	204	205	219	220	221	237	238	253	384	#
708	926.163	29	67	68	83	193	208	221	238	239	252	253	254	384	#
709	803.783	36	52	53	172	173	188	203	204	219	220	221	238	384	#
710	794.265	121	137	203	204	205	219	220	221	236	237	238	252	384	#
711	775.741	24	75	90	91	204	220	236	238	252	253	254	255	384	#
712	767.847	188	189	203	204	205	219	220	221	238	239	254	255	384	#
713	437.063	168	184	185	200	385	#
714	362.779	184	185	201	217	385	#
715	246.187	8	9	167	168	385	#
716	238.491	167	183	184	200	385	#
717	192.409	183	184	199	216	385	#
718	736.826	66	82	83	96	97	98	99	112	113	114	115	129	386	#
719	956.121	33	34	35	48	49	50	65	66	82	98	99	114	386	#
720	942.386	17	32	33	34	49	50	65	66	82	98	99	100	386	#
721	803.614	96	97	98	99	100	101	112	113	114	115	116	131	386	#
722	737.57	96	97	98	99	112	113	114	115	116	129	131	132	386	#
723	725.39	82	96	97	98	112	113	128	129	223	238	239	255	386	#
724	46.8749	223	#
725	2719.77	45	46	56	62	63	70	71	73	77	78	85	86	87	88	89	91	101	102	103	104	105	106	107	118	119	120	121	122	123	124	134	135	136	137	138	139	140	150	152	153	167	168	170	171	387	#
726	3212.52	0	16	33	34	49	65	66	76	77	81	90	91	92	93	96	103	104	105	106	107	119	120	121	122	123	124	135	136	137	138	139	140	141	152	156	157	158	182	197	198	213	214	229	230	387	#
727	3098.44	10	21	22	25	26	42	43	44	45	46	58	59	60	61	73	76	77	89	90	91	92	93	94	103	104	105	106	107	108	118	119	120	121	122	123	134	135	136	137	138	139	140	144	160	387	#
728	3057.23	57	67	68	69	70	71	73	74	76	77	84	85	86	87	88	89	90	91	92	93	101	102	103	104	105	106	107	118	119	120	121	122	123	124	134	135	136	137	138	139	150	151	152	155	387	#
729	3053.38	76	77	86	87	88	89	90	91	92	93	94	102	103	104	105	106	107	109	110	118	119	120	121	122	123	124	126	134	135	136	137	138	139	140	141	150	151	152	153	167	168	185	201	202	387	#
730	3020.31	0	16	17	32	33	34	48	49	51	52	68	69	76	77	85	86	87	91	92	103	104	106	107	108	109	118	119	120	122	123	124	135	136	137	138	139	140	141	152	155	157	171	172	173	387	#
731	112.745	42	#
732	1639	20	35	36	37	50	51	52	53	67	68	69	70	82	83	84	126	141	142	143	149	157	158	159	173	388	#
733	1775.54	33	36	49	50	52	53	65	66	67	68	69	81	82	83	84	99	100	125	126	140	141	142	157	158	388	#
734	1768.13	4	16	18	19	20	33	35	36	49	50	52	53	56	65	66	68	69	70	71	81	82	83	84	85	388	#
735	1722.54	4	16	19	20	33	34	35	36	49	50	51	52	53	65	66	67	68	69	82	83	84	98	99	115	388	#
736	1719.34	0	1	16	17	32	33	35	36	37	38	49	50	51	52	53	64	65	66	68	80	81	82	250	251	388	#
737	1710.02	0	28	29	44	45	46	61	62	63	78	79	126	141	142	143	157	158	159	172	173	175	225	240	241	388	#
738	1602.4	86	101	102	116	117	118	119	133	134	135	136	150	151	152	167	168	169	184	200	216	217	218	219	231	232	233	248	389	#
739	1936.59	120	135	136	137	138	139	151	152	153	154	155	168	169	171	172	184	200	201	202	203	216	217	218	219	232	233	235	389	#
740	1859.08	44	62	78	136	137	153	154	155	159	168	169	171	172	173	187	188	189	201	202	203	204	217	218	219	220	233	235	389	#
741	1738.36	8	24	25	38	40	41	54	56	57	58	70	71	72	73	86	87	102	116	117	118	119	120	133	135	136	137	154	389	#
742	1722.34	25	41	42	57	58	72	73	120	134	135	136	137	150	151	152	153	166	167	168	169	180	181	182	183	184	185	201	389	#
743	1704.07	154	155	167	168	169	170	171	172	173	184	185	187	188	189	200	201	202	203	216	217	218	219	220	232	233	234	235	389	#
744	621.468	159	175	181	192	197	198	208	209	214	390	#
745	657.78	126	142	143	157	158	159	173	175	191	390	#
746	601.133	177	194	195	208	209	210	211	225	226	390	#
747	589.102	180	181	195	197	198	213	214	229	230	390	#
748	564.916	141	142	157	158	159	172	173	175	191	390	#
749	554.936	9	10	160	176	177	192	193	208	209	390	#
750	1424.58	171	185	186	187	201	202	203	217	218	220	221	222	231	232	233	234	235	236	238	239	251	252	254	391	#
751	1501.87	62	78	93	94	188	191	203	205	207	220	221	222	223	235	236	237	238	239	250	251	252	253	254	391	#
752	1399.38	155	156	171	172	185	186	188	201	202	203	205	206	207	217	218	220	221	222	223	238	239	254	255	391	#
753	1397.56	137	138	152	153	154	164	165	166	167	168	169	181	182	183	184	185	199	200	231	245	246	247	248	391	#
754	1375.38	199	200	202	203	216	217	218	220	226	231	232	233	234	235	244	245	246	247	248	249	250	251	252	391	#
755	1333.8	27	35	39	40	43	51	53	168	169	183	184	185	199	200	201	216	217	231	232	233	247	248	249	391	#
756	82.9517	180	#
757	1463.41	114	130	131	146	147	160	161	162	163	176	177	178	179	180	194	195	196	210	211	212	213	227	228	229	230	392	#
758	1777.6	15	20	31	35	36	40	47	52	53	59	74	75	128	131	144	145	146	147	160	161	162	177	178	192	208	392	#
759	1767.22	30	44	45	46	59	60	75	76	91	99	100	105	106	112	113	114	115	116	129	130	131	132	144	145	146	392	#
760	1729.89	151	152	166	167	168	169	182	183	184	185	197	198	199	200	213	214	215	216	217	228	229	230	232	243	244	392	#
761	1705.74	188	189	204	205	206	207	212	213	219	220	221	222	223	228	229	230	238	239	242	243	244	252	253	254	255	392	#
762	1607.55	104	117	118	119	120	130	131	135	136	146	147	151	152	162	163	167	168	169	177	178	179	180	184	185	195	392	#
763	84.5668	114	#
764	131.259	84	100	393	#
765	137.461	83	84	393	#
766	137.468	82	98	#
767	392.317	125	141	158	174	394	#
768	295.141	174	190	206	222	394	#
769	286.858	60	76	77	158	394	#
770	257.11	141	142	157	158	394	#
771	195.746	109	124	125	141	394	#
772	179.416	202	217	218	233	395	#
773	231.012	186	187	201	202	395	#
774	228.753	201	216	217	218	395	#
775	173.626	217	232	233	248	395	#
776	682.77	72	73	84	89	90	100	105	106	107	116	144	145	160	396	#
777	944.221	97	98	113	114	128	129	131	144	145	146	161	177	193	396	#
778	931.726	58	72	73	74	89	90	105	106	121	122	137	138	139	396	#
779	898.3	58	72	73	74	89	90	105	106	107	121	122	123	138	396	#
780	890.285	57	58	73	74	88	89	90	91	105	106	189	190	205	396	#
781	866.725	76	92	93	107	121	122	123	124	138	139	140	141	176	396	#
782	425.924	39	40	41	56	57	58	397	#
783	482.174	8	24	40	56	57	58	397	#
784	404.275	24	39	40	56	107	123	397	#
785	388.141	24	39	40	41	56	57	397	#
786	383.73	8	23	24	39	40	56	397	#
787	365.475	40	54	55	56	69	70	397	#
788	2351.7	84	85	86	87	99	100	101	102	103	105	117	118	120	121	122	123	133	134	137	138	150	152	153	154	155	168	169	170	171	185	205	221	236	237	238	252	253	398	#
789	2382.36	41	42	56	57	58	73	74	75	76	77	78	91	92	93	94	107	108	109	110	123	124	125	137	138	139	140	141	153	154	155	156	157	170	171	172	173	226	398	#
790	2371.19	20	33	35	36	50	51	52	53	68	69	76	77	82	83	84	85	86	93	98	99	100	101	102	103	113	114	115	116	117	118	128	132	133	148	149	150	164	398	#
791	2352.72	75	76	77	89	91	92	93	94	106	107	108	109	110	111	120	121	122	123	124	125	137	138	139	140	141	152	153	154	155	156	158	159	169	170	171	172	185	398	#
792	2341.5	76	77	78	79	92	93	94	105	106	108	109	111	121	122	123	124	125	137	138	139	140	141	153	154	155	157	158	169	170	171	172	173	174	183	184	185	189	398	#
793	2333.78	10	11	12	13	30	31	45	123	134	135	137	139	150	151	152	153	154	155	165	166	167	168	169	170	171	172	182	183	184	185	199	200	215	216	217	218	231	398	#
794	984.298	128	144	160	161	162	166	167	176	177	178	192	193	194	208	209	210	211	225	226	399	#
795	1339.86	144	145	160	161	176	192	193	205	208	209	210	220	221	222	236	250	251	252	253	399	#
796	1231.78	7	8	21	22	23	145	160	161	176	177	178	192	193	194	195	208	250	251	252	399	#
797	1181.37	88	104	105	161	176	180	192	193	194	195	196	197	208	209	210	224	225	226	240	399	#
798	1178.36	34	35	36	51	52	178	192	193	194	195	197	208	209	210	211	212	213	226	227	399	#
799	1171.7	149	165	166	167	168	181	182	183	184	197	198	199	200	205	221	222	236	237	238	399	#
800	1373.88	100	115	116	131	132	133	147	148	149	163	164	165	166	181	182	183	198	201	214	215	216	217	230	231	400	#
801	1607.29	93	119	135	136	137	151	152	154	166	167	168	169	181	182	183	184	198	205	207	221	222	238	239	255	400	#
802	1586.14	100	101	114	115	116	130	131	132	146	147	148	149	163	164	165	166	179	181	182	183	184	199	200	216	400	#
803	1585.45	36	52	67	68	98	100	101	113	114	115	116	129	130	131	132	147	148	149	163	164	165	180	181	182	400	#
804	1572.98	151	152	168	169	183	184	186	187	200	201	202	203	205	216	217	218	219	220	221	233	234	235	238	251	400	#
805	1553.1	20	36	37	49	50	66	98	114	115	130	131	132	146	147	148	149	163	164	165	166	179	181	189	190	400	#
806	454.164	66	112	113	128	129	145	401	#
807	544.419	112	113	114	115	128	129	401	#
808	511.463	96	112	113	128	129	144	401	#
809	499.88	16	32	33	34	50	66	401	#
810	483.889	13	112	113	114	129	130	401	#
811	444.337	22	38	54	128	129	144	401	#
812	2741.57	9	10	11	12	24	25	26	27	28	40	41	42	43	44	51	52	53	54	55	56	57	58	59	60	61	62	68	69	71	72	73	74	75	76	77	79	89	90	91	92	93	94	107	108	109	402	#
813	3216.26	7	8	9	10	12	13	14	15	25	26	27	28	29	30	31	41	42	44	45	47	57	58	59	60	61	62	63	73	74	75	76	77	78	79	89	90	91	92	93	94	107	109	110	111	125	402	#
814	3115.34	51	52	58	59	68	69	72	73	74	75	76	77	78	84	89	90	91	92	93	94	95	108	109	110	111	124	125	126	138	139	140	141	142	143	154	155	157	158	159	170	171	172	173	174	175	402	#
815	2956.67	32	48	49	51	52	53	65	66	67	68	69	81	82	83	84	85	96	97	98	99	100	101	112	113	114	115	116	117	128	129	130	131	133	135	145	146	147	151	166	167	168	169	183	185	199	402	#
816	2918.41	6	7	8	9	10	11	12	13	14	15	21	22	23	26	28	30	31	38	43	54	76	77	92	93	102	118	120	121	187	188	195	196	197	198	202	203	205	213	214	220	228	229	230	244	245	402	#
817	2916.53	3	4	5	52	55	56	62	63	68	69	71	72	77	78	79	85	86	87	91	92	93	94	95	103	109	110	111	120	124	125	126	141	142	143	155	156	157	158	159	171	172	173	174	249	250	402	#
818	15.5725	224	#
819	1811.14	108	124	125	136	137	140	141	152	153	155	156	157	168	169	170	171	172	173	186	187	188	189	190	203	204	219	220	236	251	252	403	#
820	2131.19	8	9	23	24	25	26	27	28	41	42	43	58	59	78	94	130	131	136	137	138	145	146	147	151	152	153	168	169	170	246	403	#
821	2105.19	33	49	50	92	93	94	108	109	110	124	125	126	127	130	140	141	142	143	146	155	156	157	159	162	172	173	183	184	199	216	403	#
822	2023.27	45	46	76	78	89	91	93	94	95	106	107	108	110	111	122	123	124	125	126	127	140	141	142	143	156	157	159	172	173	189	403	#
823	1981.86	91	92	93	94	95	107	108	109	110	122	123	124	125	138	139	140	141	142	143	155	156	157	159	171	172	173	187	188	189	205	403	#
824	1974.18	64	92	108	109	123	124	125	139	140	141	155	164	165	179	180	181	195	196	197	198	199	210	211	212	213	214	215	228	229	244	403	#
825	447.398	0	1	2	16	17	33	49	50	66	404	#
826	519.462	0	16	32	33	34	35	49	50	66	404	#
827	511.922	1	2	16	17	32	33	48	49	50	404	#
828	504.907	0	1	16	17	18	32	33	48	49	404	#
829	449.029	0	1	2	16	17	32	33	49	50	404	#
830	429.401	0	1	2	16	17	18	19	32	33	404	#
831	475.93	64	80	81	97	113	405	#
832	458.828	97	112	113	128	129	405	#
833	425.01	64	65	80	81	97	405	#
834	369.175	64	80	81	96	97	405	#
835	332.683	113	114	122	129	138	405	#
836	311.147	81	96	97	98	112	405	#
837	268.355	12	13	14	15	31	406	#
838	349.977	13	14	15	31	47	406	#
839	331.26	13	14	15	30	31	406	#
840	304.327	11	12	13	14	15	406	#
841	171.686	10	11	12	28	29	406	#
842	527.121	122	135	136	137	138	152	153	154	155	170	407	#
843	711.312	136	137	153	154	155	171	172	173	188	189	407	#
844	661.845	154	155	156	157	158	171	172	173	187	188	407	#
845	628.113	136	137	151	152	153	167	168	170	184	199	407	#
846	617.722	122	123	136	137	138	139	153	154	155	170	407	#
847	538.521	120	121	122	135	136	137	153	154	155	170	407	#
848	274.35	21	144	145	146	160	176	408	#
849	410.803	5	6	21	60	76	92	408	#
850	384.045	144	160	179	180	190	191	408	#
851	372.557	114	116	131	146	147	162	408	#
852	352.066	112	113	128	129	144	145	408	#
853	330.718	129	144	145	160	161	176	408	#
854	43.801	198	#
855	1432.41	10	11	12	25	26	27	40	41	42	43	52	53	58	59	73	75	151	152	166	167	168	169	183	184	185	409	#
856	1676.26	110	131	132	133	148	149	150	151	164	165	166	167	168	179	180	181	182	183	184	185	199	200	215	237	253	409	#
857	1629.21	25	26	41	42	43	58	59	60	73	74	84	123	124	125	127	139	140	141	142	143	157	158	173	174	189	409	#
858	1620.95	14	30	45	46	150	151	153	165	166	167	168	169	181	182	183	184	185	198	199	200	201	202	215	218	231	409	#
859	1607.42	133	136	148	149	151	152	163	164	165	166	167	168	169	180	181	182	183	184	185	199	200	215	216	231	232	409	#
860	1571.36	135	136	149	151	152	153	154	165	166	167	168	169	170	181	182	183	184	185	199	200	210	215	226	245	246	409	#
861	535.307	10	11	12	13	26	27	28	43	248	410	#
862	758.059	11	12	27	28	30	42	43	44	45	410	#
863	738.77	11	12	13	27	28	43	44	45	60	410	#
864	731.64	65	197	214	215	230	231	247	248	249	410	#
865	685.443	10	25	26	28	43	44	45	59	75	410	#
866	626.062	10	25	26	28	43	44	45	60	61	410	#
867	183.319	2	3	4	20	411	#
868	252.632	3	4	20	36	411	#
869	227.258	2	3	4	18	411	#
870	224.178	2	3	16	17	411	#
871	220.003	3	4	5	21	411	#
872	475.529	15	31	139	153	154	155	170	412	#
873	564.346	13	14	15	31	47	193	208	412	#
874	506.195	14	15	30	31	46	47	61	412	#
875	428.708	109	123	124	125	139	140	155	412	#
876	413.147	122	123	139	155	156	171	172	412	#
877	363.163	137	153	154	155	156	170	171	412	#
878	1167.9	105	106	107	120	121	122	123	124	125	126	137	139	141	153	192	208	214	251	252	413	#
879	1315.09	53	58	69	72	73	74	89	105	106	107	120	121	135	136	137	140	151	152	168	413	#
880	1272.83	7	105	119	120	121	135	136	137	151	152	153	155	156	168	170	171	172	173	174	413	#
881	1212.15	89	105	106	107	120	121	122	137	153	154	155	156	171	172	173	188	189	190	204	413	#
882	1194.55	89	90	104	105	106	107	120	121	122	123	124	136	137	152	153	154	155	161	170	413	#
883	1194.37	89	105	106	107	119	121	122	123	135	136	137	138	139	151	152	154	155	171	172	413	#
884	1625.33	11	13	14	15	27	28	29	30	31	43	44	47	52	60	61	62	75	76	93	210	211	212	224	225	226	227	241	242	243	414	#
885	1984.18	10	14	15	26	29	30	31	41	42	44	45	46	47	56	57	58	61	62	63	73	78	79	89	90	94	95	111	126	127	414	#
886	1964.38	11	14	25	26	27	28	29	30	43	44	61	62	63	76	77	78	79	92	93	94	95	108	109	110	111	124	127	142	143	414	#
887	1943.13	1	16	17	32	33	42	57	58	59	62	73	75	76	77	78	79	88	89	91	92	93	94	107	108	109	110	111	125	224	414	#
888	1900.52	43	44	46	59	60	61	62	63	75	76	77	78	79	92	93	94	95	108	109	110	111	123	124	125	127	139	143	182	198	414	#
889	1898.01	14	15	28	29	30	31	44	46	47	57	58	59	60	61	62	63	73	74	75	76	78	79	91	92	94	95	107	108	124	414	#
890	292.632	200	216	246	247	415	#
891	247.099	183	199	200	215	415	#
892	191.464	231	245	246	247	415	#
893	168.541	246	247	248	249	415	#
894	165.566	199	215	216	217	415	#
895	536.475	142	143	159	175	190	191	198	206	207	222	238	416	#
896	781.666	110	111	124	126	127	140	141	142	143	159	175	416	#
897	713.896	58	73	111	125	126	127	142	143	158	159	175	416	#
898	685.924	85	86	101	198	212	213	214	215	228	229	230	416	#
899	614.125	55	56	71	109	124	125	126	127	141	142	158	416	#
900	517.182	143	158	159	173	175	189	190	191	206	207	222	416	#
901	2067.96	137	153	170	171	172	186	187	188	189	190	191	201	202	203	204	205	206	207	218	219	220	221	222	223	234	235	236	237	238	239	251	252	253	254	255	417	#
902	2603.7	0	1	8	9	17	18	23	25	33	41	49	57	64	65	80	81	137	154	177	184	185	186	187	193	201	202	203	204	219	233	235	236	237	238	251	417	#
903	2572.35	120	121	137	138	139	152	153	154	155	156	168	169	170	171	172	184	185	186	187	188	189	200	201	202	203	204	205	218	221	236	237	238	239	251	254	417	#
904	2345.49	37	148	149	161	163	164	165	166	177	178	179	180	181	189	190	192	193	194	195	196	205	206	207	208	211	212	221	222	223	235	236	237	238	251	253	417	#
905	2289.81	25	27	42	43	44	45	60	61	62	63	76	78	86	87	101	102	103	104	105	119	120	121	122	134	135	136	137	138	139	150	151	153	154	166	170	417	#
906	2261.08	155	168	169	170	171	172	179	184	185	187	188	189	190	195	196	199	201	202	203	205	206	207	217	218	219	221	234	235	236	237	249	250	251	252	253	417	#
907	885.747	8	9	10	11	12	26	28	43	58	59	60	73	74	75	76	418	#
908	1141.78	60	61	62	76	77	78	92	93	94	110	111	189	190	205	206	418	#
909	1098.65	7	8	9	10	23	24	26	43	58	59	73	74	75	76	77	418	#
910	993.433	58	60	62	72	73	74	75	76	77	78	91	92	93	95	108	418	#
911	987.11	18	19	45	46	58	59	60	61	62	63	76	194	195	210	238	418	#
912	982.813	7	8	9	10	23	24	26	93	233	236	248	249	250	251	252	418	#
913	959.901	161	177	178	179	192	193	194	210	224	225	226	227	240	241	242	243	244	419	#
914	1070.54	51	52	53	67	68	69	83	128	129	145	160	161	176	177	178	192	194	419	#
915	1025.42	161	162	177	178	193	194	210	224	225	226	227	228	240	241	242	243	244	419	#
916	999.643	177	183	194	199	201	210	216	217	218	224	225	226	227	232	233	240	241	419	#
917	982.735	175	177	178	179	180	191	193	194	195	196	207	210	221	222	236	237	238	419	#
918	971.683	151	152	168	177	184	185	193	194	199	209	210	224	225	226	227	240	241	419	#
919	432.264	16	32	33	48	50	420	#
920	451.471	16	32	33	49	50	420	#
921	450.49	16	33	50	65	66	420	#
922	427.37	32	33	48	49	50	420	#
923	387.553	2	16	17	33	49	420	#
924	325.612	0	16	17	32	33	420	#
925	67.8168	90	#
926	838.936	7	8	9	10	23	24	25	26	40	41	42	43	56	59	421	#
927	1105.2	25	26	27	28	41	42	43	44	57	71	72	73	74	87	421	#
928	1051.21	7	8	9	10	23	24	25	26	41	42	43	44	45	57	421	#
929	984.705	8	9	25	26	39	41	42	55	56	57	59	72	73	74	421	#
930	982.394	8	9	10	24	25	26	28	41	42	43	44	45	59	61	421	#
931	977.045	7	8	9	23	24	25	26	28	40	41	42	43	44	45	421	#
932	1474.72	25	26	27	28	29	42	43	44	45	59	61	75	82	86	98	99	113	114	115	147	148	149	163	422	#
933	1711.16	7	8	32	33	34	46	48	49	50	61	62	63	64	65	66	78	79	82	83	95	111	127	201	422	#
934	1641.69	64	65	66	81	82	83	84	87	92	97	98	99	100	101	102	103	113	114	115	116	128	129	144	422	#
935	1632.89	2	3	11	17	18	19	20	25	26	27	28	29	32	33	42	43	44	49	58	59	74	75	76	422	#
936	1584.72	24	25	26	27	28	42	43	44	56	57	58	59	71	72	73	74	75	76	89	92	93	108	109	422	#
937	1560.89	11	26	27	28	42	43	57	58	59	63	73	74	75	76	77	78	79	89	92	93	95	109	110	422	#
938	67.2962	154	#
939	889.399	112	128	129	144	145	146	160	161	162	176	177	178	179	192	195	423	#
940	1305.31	48	49	65	81	97	144	145	161	162	176	177	178	192	193	208	423	#
941	1042.96	129	145	146	160	161	162	164	176	177	178	192	193	194	208	253	423	#
942	1041.13	145	148	160	161	162	163	164	176	177	178	179	180	192	193	208	423	#
943	1039.95	112	128	129	144	145	146	147	160	161	162	176	177	178	192	208	423	#
944	1025.35	128	129	144	145	146	160	161	162	176	177	178	192	193	208	209	423	#
945	296.015	55	56	71	72	424	#
946	342.978	56	70	71	72	424	#
947	328.602	56	71	72	87	424	#
948	306.982	56	71	87	179	424	#
949	206.361	39	55	56	57	424	#
950	65.8952	39	#
951	749.417	112	129	130	131	144	145	146	147	162	163	179	425	#
952	930.198	80	97	112	113	129	130	131	145	146	147	161	425	#
953	898.908	97	112	113	128	129	130	144	145	146	147	161	425	#
954	858.991	61	62	78	94	110	130	146	162	178	194	210	425	#
955	827.076	97	113	129	144	145	146	147	161	162	177	178	425	#
956	811.804	97	112	113	114	129	130	144	145	146	160	228	425	#
957	552.143	91	108	109	122	123	124	125	139	140	426	#
958	641.41	76	90	91	92	93	107	108	192	193	426	#
959	626.997	104	105	108	121	122	123	124	139	155	426	#
960	600.149	124	137	139	140	153	154	155	170	171	426	#
961	598.548	76	92	108	109	110	125	141	158	174	426	#
962	556.5	90	91	106	107	122	123	124	139	140	426	#
963	1011.01	31	103	118	133	148	149	150	164	165	166	181	182	198	213	214	228	229	230	244	427	#
964	1435.48	166	180	181	182	196	198	200	201	214	215	216	217	218	228	229	230	231	243	244	427	#
965	1301.59	183	184	196	197	198	199	200	213	214	215	216	217	218	228	229	231	232	243	244	427	#
966	1211.92	13	14	15	28	29	30	31	43	44	45	46	47	59	60	61	62	73	78	79	427	#
967	1171.3	19	20	36	180	195	196	208	209	210	211	212	213	226	227	228	243	244	245	246	427	#
968	1163.69	25	85	88	89	100	101	103	104	114	117	118	120	129	130	131	132	133	136	137	427	#
969	1204.77	62	75	76	77	78	89	90	91	92	93	94	111	127	428	#
970	1042.26	15	31	44	45	46	47	58	59	60	61	62	73	93	428	#
971	1035.99	21	43	59	74	75	76	77	78	91	92	93	94	108	428	#
972	1032.78	60	75	76	77	78	90	91	92	93	94	107	108	110	428	#
973	1002.62	27	43	58	59	60	76	77	78	93	94	109	110	125	428	#
974	1000.39	25	42	59	60	69	75	76	90	91	92	223	234	239	428	#
975	1574.6	49	50	51	52	53	66	67	68	69	84	85	88	89	90	101	102	103	104	105	429	#
976	1616.01	35	36	48	49	50	51	52	53	64	65	66	67	68	69	83	85	232	244	248	429	#
977	1568.25	16	32	33	34	35	36	37	38	48	49	50	51	52	53	66	67	69	83	85	429	#
978	1546.17	7	8	23	34	35	36	37	39	48	49	50	51	52	64	65	66	67	73	83	429	#
979	1475.37	5	6	22	33	34	35	36	37	38	39	49	50	51	52	53	54	67	68	69	429	#
980	1469.8	35	50	51	52	53	62	68	69	78	85	86	87	101	102	103	117	133	149	206	429	#
981	570.297	25	41	57	58	59	60	73	74	75	430	#
982	646.553	44	45	59	60	61	75	76	77	92	430	#
983	633.9	41	58	59	60	73	74	75	76	92	430	#
984	629.122	42	57	58	59	73	74	75	76	93	430	#
985	590.823	59	74	75	76	91	92	224	225	240	430	#
986	582.544	25	41	58	73	74	89	90	106	198	430	#
987	30.7539	232	#
988	479.343	127	184	199	200	216	232	253	254	431	#
989	552.888	76	77	93	94	109	110	111	127	431	#
990	465.121	220	221	222	238	239	253	254	255	431	#
991	445.303	183	184	199	200	215	216	231	247	431	#
992	440.723	183	184	199	200	215	216	231	232	431	#
993	424.764	199	200	215	216	217	231	232	247	431	#
994	645.854	166	180	181	182	183	196	197	198	214	229	230	432	#
995	847.082	65	66	82	83	163	164	179	180	181	196	197	432	#
996	808.454	94	110	111	127	179	180	181	182	195	196	197	432	#
997	751.254	181	182	197	198	199	213	214	215	228	229	230	432	#
998	745.788	166	179	180	181	182	196	197	198	214	228	229	432	#
999	736.211	163	164	180	181	182	196	197	198	214	229	230	432	#
