%% File generated by CATS v.2.1Thu May  9 12:57:40 2024

%% The CATS webpage is http://robotics.stanford.edu/CATS

%% PARAMETER SETTINGS:
% Goods: 256; Bids: 1000; Distribution: regions; Runs: 1; Seed: 30
% Regions Distribution Parameters:
% Max Substitutable Bids = 5
% Removing HV Neighbor   = 0.1
% Adding DIAG Neighbor   = 0.2
% Additional Location    = 0.9
% Jump Probability       = 0.05
% Additivity             = 0.2
% Budget Factor          = 1.5
% Resale Factor          = 0.5
% Normal Private Value:
%   Mean                 = 0
%   Standard Deviation   = 30



goods 256
bids 1003
dummy 184

0	510.054	55	58	59	71	74	76	87	256	#
1	590.599	38	39	40	41	54	55	56	256	#
2	506.439	44	45	46	59	60	76	92	256	#
3	454.9	57	58	59	74	75	76	91	256	#
4	442.787	57	58	59	73	74	75	91	256	#
5	409.7	71	72	73	86	87	88	90	256	#
6	134.116	29	#
7	289.021	129	144	145	257	#
8	247.004	113	129	145	257	#
9	212.9	128	144	145	257	#
10	126.147	129	145	146	257	#
11	1398.19	102	103	104	105	118	119	120	121	128	133	134	135	136	137	144	150	151	152	153	160	161	162	167	168	183	184	258	#
12	1795.9	116	117	133	134	135	149	150	151	152	164	165	166	167	168	181	182	183	184	194	195	196	197	198	199	211	212	258	#
13	1689.71	113	114	115	130	145	146	147	148	149	150	151	160	161	162	163	164	165	177	178	181	193	194	197	210	212	228	258	#
14	1625.62	97	98	99	113	114	115	128	129	130	144	145	146	147	160	161	162	163	164	177	178	179	180	194	210	226	242	258	#
15	1606.41	0	2	151	166	167	168	169	170	171	182	184	185	186	199	201	202	215	216	217	218	219	220	233	234	235	236	258	#
16	1565.42	41	42	43	136	149	150	151	152	164	165	167	168	169	180	181	182	183	184	185	190	197	198	199	200	201	215	258	#
17	1013.26	186	202	203	204	216	217	218	219	220	221	234	235	236	237	238	251	252	253	254	259	#
18	1353.9	186	191	200	201	202	216	217	219	220	221	222	233	234	235	236	250	251	252	253	259	#
19	1345.9	40	41	56	57	171	186	202	204	215	216	217	219	220	221	235	236	251	252	253	259	#
20	1306.63	116	131	132	148	163	169	170	171	186	202	215	216	217	218	219	234	235	251	252	259	#
21	1251.58	170	171	186	201	202	216	217	219	230	231	232	233	234	235	246	247	248	249	250	259	#
22	1210.79	199	200	215	216	217	219	231	232	233	234	235	236	237	247	248	250	251	252	253	259	#
23	471.637	7	8	9	23	24	25	38	39	40	41	55	71	260	#
24	691.642	6	7	8	20	22	23	24	37	38	39	48	251	260	#
25	676.13	9	11	12	25	26	27	28	29	42	124	125	141	260	#
26	655.638	23	24	38	39	40	49	55	56	65	71	72	81	260	#
27	538.569	4	5	7	8	21	22	23	24	38	39	40	55	260	#
28	516.929	6	7	8	10	21	22	23	24	25	26	27	110	260	#
29	429.25	197	211	212	213	214	215	216	229	230	231	232	245	246	247	261	#
30	573.944	163	179	180	181	196	197	212	213	215	228	229	230	231	245	261	#
31	522.698	180	196	199	211	212	213	214	215	229	230	231	232	245	246	261	#
32	509.366	197	212	213	214	216	230	231	232	233	234	235	245	246	247	261	#
33	502.498	199	213	214	215	216	230	231	232	233	234	242	249	250	251	261	#
34	449.144	196	197	211	212	213	214	215	229	230	231	232	245	247	248	261	#
35	55.4233	97	#
36	1163.11	90	106	107	108	122	124	138	154	155	169	170	171	185	186	187	203	262	#
37	1286.85	124	125	138	139	140	141	154	155	157	170	171	172	173	186	187	203	262	#
38	1173.07	5	6	7	8	21	22	23	37	122	138	139	151	152	153	154	167	262	#
39	1126.09	137	141	151	153	154	157	158	166	167	168	169	170	182	183	184	185	262	#
40	1095.49	58	74	75	91	92	108	109	124	125	141	142	157	169	170	185	186	262	#
41	1082.77	100	105	108	109	110	116	121	122	123	124	125	137	138	139	154	170	262	#
42	152.107	156	172	263	#
43	171.511	172	173	263	#
44	65.3743	156	157	263	#
45	706.727	41	51	57	67	73	74	79	88	89	91	105	106	264	#
46	1011.58	26	41	42	43	57	58	59	60	73	89	90	106	264	#
47	807.643	39	40	41	42	56	57	58	73	74	125	252	253	264	#
48	774.068	56	57	58	73	154	155	171	184	185	186	202	203	264	#
49	740.26	18	19	32	33	34	48	49	50	51	67	82	83	264	#
50	727.918	58	59	73	74	75	89	90	91	104	105	120	174	264	#
51	26.7072	24	#
52	140.446	144	160	265	#
53	161.067	160	161	265	#
54	128.848	144	#
55	1005.36	29	44	45	46	47	58	59	60	61	62	63	76	77	78	79	94	145	146	161	162	266	#
56	1420.74	128	129	144	145	146	147	148	160	161	162	163	176	177	178	179	180	192	194	195	211	266	#
57	1381.51	97	113	114	116	128	129	130	131	132	144	145	146	160	161	162	163	178	194	210	211	266	#
58	1366.96	115	116	128	129	131	132	144	145	146	147	148	149	160	161	162	163	177	178	194	210	266	#
59	1353.79	42	43	44	45	58	59	60	73	74	75	76	89	90	104	105	106	119	120	136	152	266	#
60	1353.68	112	113	128	129	130	144	145	146	160	161	162	176	177	178	193	194	195	208	209	210	266	#
61	1082.97	74	89	90	91	105	106	107	108	109	123	124	148	163	179	180	194	195	196	267	#
62	1218.11	0	1	16	17	59	74	75	90	91	92	107	108	109	123	124	139	140	155	267	#
63	1166.27	44	60	134	135	147	148	149	150	151	153	154	163	164	165	178	179	195	243	267	#
64	1156.7	73	74	90	91	92	106	107	108	109	122	123	125	139	140	141	155	156	157	267	#
65	1155.8	90	91	92	106	107	108	109	110	123	124	155	171	186	187	203	204	219	235	267	#
66	1143.74	147	148	149	163	164	165	178	179	180	194	195	211	212	213	226	227	228	229	267	#
67	1615.08	154	155	170	171	172	173	183	184	185	186	187	188	189	190	200	201	202	203	204	205	206	207	216	217	218	219	220	234	235	236	251	268	#
68	2004.71	37	38	39	54	55	62	63	70	79	95	172	173	174	188	189	190	191	205	206	207	221	222	223	226	227	236	238	239	252	253	254	268	#
69	1941.29	91	106	107	108	121	122	123	132	138	139	140	151	152	153	154	155	156	167	168	169	170	171	184	186	187	188	189	201	202	218	245	268	#
70	1913.22	30	31	46	138	139	140	141	154	155	156	157	161	168	169	170	171	172	173	174	184	185	186	187	188	189	200	201	202	204	217	219	268	#
71	1908.37	64	65	80	81	96	97	98	112	113	128	129	130	144	145	172	173	174	175	188	189	190	191	205	206	207	221	222	223	239	254	255	268	#
72	1880.81	111	126	127	140	141	142	143	156	157	158	159	172	173	174	175	187	188	189	190	191	203	204	205	206	207	219	220	221	222	223	239	268	#
73	211.781	82	83	#
74	586.44	68	71	83	84	85	86	87	88	102	104	240	269	#
75	743.59	11	12	26	27	42	43	68	69	83	84	151	269	#
76	696.261	71	72	73	74	88	89	90	91	107	123	124	269	#
77	685.158	37	38	39	54	69	70	71	85	86	101	102	269	#
78	660.094	179	193	194	195	208	209	210	211	224	225	240	269	#
79	648.828	38	54	55	68	69	70	71	83	84	85	101	269	#
80	1209.73	113	128	129	144	145	146	161	162	177	178	193	194	195	196	197	209	210	211	212	229	270	#
81	1373.14	177	178	193	194	195	208	209	210	211	212	224	225	226	227	228	229	240	241	242	243	270	#
82	1362.95	80	81	96	97	179	180	193	194	195	208	209	210	211	212	224	225	226	227	228	244	270	#
83	1355.99	128	129	130	144	146	160	161	162	167	168	169	170	171	176	177	184	185	199	200	201	270	#
84	1301.34	112	113	114	128	129	130	145	146	147	162	163	164	177	178	193	194	195	209	210	211	270	#
85	1284.37	132	133	134	147	148	149	150	160	161	162	163	164	165	177	178	180	181	194	210	211	270	#
86	317.534	39	40	55	56	57	71	72	73	271	#
87	475.64	39	40	41	56	57	96	97	98	271	#
88	436.475	23	24	25	26	39	40	55	56	271	#
89	432.953	0	1	2	22	38	39	54	55	271	#
90	426.08	24	39	40	41	55	56	57	73	271	#
91	412.608	10	26	39	40	41	42	56	72	271	#
92	113.015	173	188	189	204	272	#
93	162.808	187	188	189	204	272	#
94	28.6889	131	148	#
95	50.9555	36	#
96	456.136	23	39	41	55	56	273	#
97	508.007	38	39	41	55	56	273	#
98	478.038	21	22	23	39	56	273	#
99	469.435	38	39	40	41	55	273	#
100	448.039	39	41	55	56	57	273	#
101	416.739	23	39	54	55	56	273	#
102	608.192	148	162	163	164	180	181	182	196	197	198	212	274	#
103	852.809	150	165	166	181	182	197	213	228	229	245	246	274	#
104	848.535	10	11	165	180	181	196	197	198	212	228	229	274	#
105	807.538	197	212	213	225	226	227	228	229	230	243	245	274	#
106	764.407	150	164	165	179	180	181	196	197	211	212	228	274	#
107	755.794	147	156	162	163	164	165	178	179	180	181	182	274	#
108	264.39	141	157	158	173	174	275	#
109	294.426	158	170	184	185	201	275	#
110	204.086	173	174	175	188	191	275	#
111	163.372	125	126	141	156	157	275	#
112	161.285	110	125	126	141	142	275	#
113	135.498	157	173	174	188	189	275	#
114	59.593	85	#
115	271.799	179	180	196	276	#
116	280.163	180	196	212	276	#
117	198.142	163	164	180	276	#
118	194.405	178	179	195	276	#
119	1219.04	174	175	191	203	204	205	206	207	219	220	222	223	235	236	237	238	239	251	252	253	254	255	277	#
120	1311.95	141	142	143	156	157	158	172	173	174	175	187	188	189	190	191	203	204	205	206	207	223	239	277	#
121	1267.83	158	172	173	174	175	189	190	191	203	204	205	206	207	220	221	222	223	237	238	239	254	255	277	#
122	1254.46	14	15	30	31	46	173	174	175	188	189	190	191	203	204	205	206	207	220	221	222	223	239	277	#
123	1253.23	158	171	172	173	174	187	188	189	190	191	202	203	204	205	206	219	220	221	222	236	237	252	277	#
124	1253.05	44	45	60	61	136	151	152	170	171	172	184	185	186	187	200	201	202	203	204	205	218	219	277	#
125	77.5385	100	115	278	#
126	67.995	100	101	278	#
127	112.733	5	6	22	279	#
128	157.607	5	21	37	279	#
129	62.3172	6	104	105	279	#
130	44.9517	6	22	23	279	#
131	200.882	60	61	77	78	93	280	#
132	231.131	19	78	93	94	110	280	#
133	228.02	76	77	78	93	94	280	#
134	182.871	46	47	61	62	79	280	#
135	189.207	102	118	134	281	#
136	158.905	87	102	118	281	#
137	145.564	119	134	135	281	#
138	133.744	86	87	102	281	#
139	633.501	135	136	137	150	151	152	153	154	165	167	168	183	282	#
140	842.243	88	104	105	120	135	136	150	151	152	166	167	168	282	#
141	783.142	121	135	136	137	150	151	152	153	154	166	170	186	282	#
142	740.58	11	12	106	121	122	136	137	138	139	152	153	154	282	#
143	736.134	120	121	136	137	138	188	189	190	204	205	219	220	282	#
144	733.049	102	103	104	105	106	119	120	121	136	137	150	151	282	#
145	598.626	67	68	69	83	84	85	86	101	102	142	143	283	#
146	634.388	49	51	64	65	66	67	80	131	148	163	179	283	#
147	630.127	36	51	52	53	54	55	68	69	70	85	101	283	#
148	620.513	69	84	85	149	150	166	167	183	184	185	201	283	#
149	586.76	49	65	69	70	80	81	82	83	84	85	97	283	#
150	572.875	126	127	131	141	142	143	156	157	158	159	172	283	#
151	69.8863	38	54	#
152	231.914	116	132	148	284	#
153	260.587	147	148	164	284	#
154	249.819	132	133	148	284	#
155	115.776	116	131	132	284	#
156	517.402	92	108	109	124	140	155	156	172	285	#
157	524.395	139	153	154	155	156	170	185	227	285	#
158	514.693	35	51	52	131	155	156	157	172	285	#
159	509.298	110	126	140	141	142	143	156	157	285	#
160	498.314	74	75	92	107	108	109	123	124	285	#
161	465.7	109	110	111	124	125	126	140	141	285	#
162	2089.15	7	23	24	25	40	41	57	126	164	165	166	176	177	178	179	180	181	182	192	195	196	197	198	199	211	212	213	214	215	216	229	230	286	#
163	2116.47	51	100	101	116	117	132	133	148	149	163	164	165	178	179	180	182	187	195	196	197	198	201	202	203	204	205	212	213	218	219	220	228	286	#
164	2041.16	116	121	132	133	137	147	148	149	150	163	164	165	178	179	180	181	182	195	196	197	198	199	212	213	214	215	226	227	228	229	243	244	286	#
165	2028.34	78	168	169	170	171	184	185	186	187	197	198	199	201	202	203	204	205	212	213	214	215	216	217	219	229	230	231	232	233	234	249	251	286	#
166	2010.66	2	179	180	181	194	196	197	198	199	202	204	206	207	210	211	212	213	214	215	219	220	221	222	227	228	229	230	232	233	234	243	244	286	#
167	2001.63	4	5	6	7	8	20	21	22	23	24	35	36	37	38	40	41	42	43	44	52	55	56	59	70	71	72	87	164	181	182	197	198	286	#
168	274.61	67	82	83	99	287	#
169	248.324	51	52	67	83	287	#
170	243.404	81	82	83	98	287	#
171	232.068	66	82	83	99	287	#
172	188.97	83	99	114	115	287	#
173	1453.76	72	73	88	89	90	91	105	106	121	122	123	137	138	139	153	154	202	218	219	220	234	235	236	251	252	288	#
174	1733.98	14	15	30	31	168	169	170	182	183	184	185	186	201	202	203	219	220	234	235	236	250	251	252	253	254	288	#
175	1712.13	136	150	151	152	165	166	167	168	169	170	182	183	184	185	186	200	201	202	216	217	218	219	234	235	251	288	#
176	1614.26	37	38	39	55	122	123	137	138	139	153	154	169	170	171	182	183	184	185	186	200	201	202	203	217	219	288	#
177	1612.58	168	170	184	185	186	187	196	201	202	203	212	217	218	219	220	228	234	235	236	237	244	250	251	252	253	288	#
178	1569.37	114	129	130	137	138	139	145	146	148	152	153	154	155	164	166	167	168	181	182	183	184	200	226	232	233	288	#
179	567.485	105	121	136	137	138	139	140	153	156	289	#
180	708.409	119	141	155	156	157	169	172	173	187	289	#
181	702.291	94	108	109	110	124	125	140	141	157	289	#
182	662.44	91	120	136	137	152	167	168	169	170	289	#
183	631.115	121	123	137	138	139	153	154	155	156	289	#
184	630.542	119	120	121	136	137	138	153	154	240	289	#
185	890.728	208	209	210	211	212	227	228	229	243	244	245	246	290	#
186	965.844	0	16	17	211	212	213	227	228	229	243	244	245	290	#
187	811.806	193	195	209	211	212	226	227	229	230	243	245	246	290	#
188	807.077	195	210	211	212	226	227	228	229	242	243	244	245	290	#
189	786.947	176	178	192	193	194	208	209	210	224	225	240	241	290	#
190	747.319	197	210	211	212	213	227	228	229	242	243	244	245	290	#
191	356.932	235	236	251	252	253	291	#
192	397.813	219	235	236	251	252	291	#
193	356.85	56	72	73	74	253	291	#
194	335.075	219	220	236	237	251	291	#
195	226.476	218	234	235	236	251	291	#
196	1007.04	119	131	148	163	164	165	166	179	180	181	182	183	195	198	199	225	241	292	#
197	1281.61	139	140	154	155	156	157	158	164	165	171	178	179	180	181	223	238	239	292	#
198	1209.58	134	147	148	149	150	151	152	163	164	165	166	167	168	169	181	182	183	292	#
199	1160.61	150	151	152	164	165	166	167	168	180	181	182	183	184	185	200	201	216	292	#
200	1079.81	164	165	166	167	181	182	183	184	197	198	199	211	212	215	227	228	231	292	#
201	1050.45	116	129	130	131	132	133	147	148	149	163	164	179	180	194	195	196	211	292	#
202	911.815	21	22	23	36	37	38	39	52	53	54	55	56	70	71	87	228	293	#
203	1090.89	20	22	23	35	36	37	38	39	41	52	53	54	55	56	57	71	293	#
204	1050	5	6	7	20	21	22	23	36	37	38	39	40	52	53	56	182	293	#
205	1022.64	3	4	7	19	20	21	22	23	24	36	37	38	39	40	52	55	293	#
206	1018.78	7	10	11	12	23	24	25	26	27	39	40	41	42	43	44	56	293	#
207	979.502	20	21	22	23	36	37	38	39	52	53	54	55	56	57	69	70	293	#
208	575.391	80	81	96	97	112	113	115	128	129	130	131	144	145	146	160	161	162	163	164	294	#
209	862.237	47	63	112	113	114	128	129	130	131	144	145	146	148	160	161	163	178	179	236	294	#
210	824.608	98	112	113	114	115	122	129	130	131	132	133	137	138	144	145	146	148	149	161	294	#
211	821.32	96	97	98	112	113	160	161	177	178	194	208	209	210	211	225	226	241	242	243	294	#
212	816.733	12	13	28	29	100	114	115	128	130	131	144	145	146	160	161	176	177	178	179	294	#
213	810.737	83	84	85	99	100	101	112	113	114	115	116	117	128	129	130	131	144	145	146	294	#
214	203.391	45	46	61	295	#
215	286.618	29	45	46	295	#
216	209.207	43	44	45	295	#
217	79.6008	46	61	77	295	#
218	492.75	35	36	52	68	69	70	84	100	296	#
219	426.86	2	3	4	20	21	35	36	37	296	#
220	405.884	36	52	53	68	69	70	83	84	296	#
221	383.949	4	20	21	22	36	37	52	53	296	#
222	377.723	68	69	70	84	85	100	116	117	296	#
223	360.488	68	69	83	84	85	99	100	101	296	#
224	383.351	68	69	84	85	86	87	101	102	297	#
225	554.513	71	86	87	88	102	132	133	149	297	#
226	495.942	69	85	86	87	88	101	102	118	297	#
227	477.036	36	37	38	52	68	69	84	85	297	#
228	475.501	86	87	100	101	102	103	117	118	297	#
229	443.047	69	85	86	87	100	101	102	118	297	#
230	613.421	70	71	86	87	102	103	104	117	118	119	120	134	135	136	152	168	298	#
231	892.191	119	120	134	135	136	152	153	154	168	169	181	182	183	184	185	200	298	#
232	871.378	103	104	105	118	119	120	131	132	133	134	135	136	149	188	203	204	298	#
233	867.223	20	35	36	37	38	39	52	53	54	55	70	71	86	87	88	102	298	#
234	811.373	102	103	115	117	118	119	120	131	132	133	134	135	136	149	150	166	298	#
235	809.661	84	85	86	100	101	116	117	130	131	132	133	134	146	148	149	150	298	#
236	412.191	39	56	57	73	90	299	#
237	382.014	39	54	55	56	57	299	#
238	289.566	41	42	57	73	206	299	#
239	276.594	73	88	89	90	91	299	#
240	269.293	21	23	38	39	151	299	#
241	148.869	57	58	72	73	74	299	#
242	848.782	117	118	119	120	134	135	136	137	150	152	154	165	166	167	168	184	300	#
243	1093.1	136	150	151	152	166	167	168	181	182	183	197	198	211	225	226	227	300	#
244	1077.86	104	105	106	119	120	121	122	123	135	136	137	138	139	150	151	152	300	#
245	1049.24	80	119	120	121	136	137	150	151	152	166	167	168	182	183	184	219	300	#
246	1042.11	117	150	152	166	167	168	169	170	171	182	183	184	185	186	201	202	300	#
247	1037.81	82	123	138	139	140	154	155	156	157	169	170	171	185	186	187	188	300	#
248	3002.12	10	11	12	13	14	15	27	28	29	30	31	42	43	44	45	46	47	59	60	61	62	63	75	76	77	78	79	93	94	95	101	102	110	111	124	126	127	141	142	143	159	213	214	215	216	225	227	228	229	230	241	243	245	246	301	#
249	3449.8	1	6	17	18	22	33	34	35	37	38	48	49	50	51	52	53	54	59	68	75	78	91	92	94	107	108	109	110	111	123	124	125	126	127	140	141	142	143	157	158	159	171	172	173	174	175	186	187	188	189	190	191	205	206	301	#
250	3421.82	3	4	5	6	7	8	9	20	21	22	23	24	25	35	36	37	38	39	40	41	42	51	52	53	54	55	56	57	58	67	68	69	70	71	72	73	74	84	85	89	90	100	105	114	115	212	222	227	228	229	243	244	251	252	301	#
251	3414.22	22	23	35	36	37	38	49	50	51	52	53	54	55	66	67	68	75	81	82	83	92	97	98	99	107	108	109	110	111	114	123	124	125	126	127	130	140	141	142	143	156	157	158	159	172	173	174	175	187	188	203	219	247	248	301	#
252	3381.73	51	52	53	66	67	68	69	82	83	84	97	98	99	100	113	114	115	130	149	164	165	179	180	181	182	195	196	197	199	200	211	212	213	214	215	216	217	218	219	225	227	228	229	230	234	236	241	245	246	250	251	252	254	255	301	#
253	3202.83	7	8	9	10	11	12	24	25	26	27	28	37	38	39	40	41	42	43	54	55	56	57	58	59	60	71	72	73	74	75	76	87	89	90	91	92	102	105	106	107	108	124	126	140	141	179	180	195	208	209	210	211	227	253	301	#
254	156.688	1	17	302	#
255	126.576	16	17	302	#
256	97.187	1	2	302	#
257	699.856	92	170	171	175	185	186	187	188	189	190	191	204	205	220	303	#
258	1042.25	187	190	191	203	204	205	206	219	220	222	235	236	238	251	303	#
259	970.123	153	154	220	221	222	234	235	236	237	238	251	252	253	254	303	#
260	943.097	173	174	175	188	189	190	191	204	205	206	207	220	221	222	303	#
261	911.68	121	122	138	154	155	156	157	170	171	172	185	186	202	217	303	#
262	870.634	91	92	107	108	123	215	231	232	233	234	236	249	251	252	303	#
263	458.269	166	167	168	183	184	200	304	#
264	571.66	136	151	152	166	167	182	304	#
265	568.771	150	151	166	167	168	183	304	#
266	461.219	136	137	152	167	168	184	304	#
267	430.055	168	182	183	184	185	201	304	#
268	352.327	166	168	183	184	200	201	304	#
269	800.572	20	21	36	37	52	53	54	55	68	69	84	85	100	116	132	305	#
270	1026.32	20	22	23	24	37	38	39	40	52	53	54	55	56	57	68	305	#
271	971.845	22	37	38	54	55	56	71	72	165	181	196	197	198	199	213	305	#
272	955.95	20	35	36	37	50	51	52	53	67	68	83	84	112	113	114	305	#
273	943.885	84	90	105	106	107	108	121	122	123	124	137	138	154	155	170	305	#
274	937.761	20	36	37	38	53	54	55	70	85	86	195	211	227	228	243	305	#
275	839.982	41	42	155	171	172	173	187	188	189	190	191	204	205	206	207	306	#
276	1014.86	16	32	48	139	141	155	156	157	158	172	173	193	208	209	225	306	#
277	993.902	10	11	24	26	38	39	40	41	42	55	56	57	71	72	87	306	#
278	981.335	10	11	12	13	26	27	28	39	41	42	43	56	57	58	206	306	#
279	861.83	123	126	139	140	141	142	155	156	157	172	173	174	188	189	255	306	#
280	833.536	141	157	158	172	173	174	175	188	189	190	204	205	206	207	219	306	#
281	488.966	9	25	45	46	47	61	62	63	307	#
282	690.808	9	24	25	26	27	40	42	43	307	#
283	643.023	8	9	24	25	39	40	55	212	307	#
284	524.709	28	43	44	45	218	234	235	251	307	#
285	433.637	46	47	62	63	79	133	134	150	307	#
286	429.994	62	78	196	197	210	211	212	227	307	#
287	332.097	153	154	170	185	186	308	#
288	416.601	122	138	153	154	170	308	#
289	410.802	137	138	153	154	155	308	#
290	333.464	154	169	170	171	186	308	#
291	276.474	136	152	168	169	170	308	#
292	184.668	170	184	185	200	216	308	#
293	427.231	97	98	114	129	130	309	#
294	304.177	97	113	129	144	145	309	#
295	278.396	100	101	114	115	117	309	#
296	264.411	130	131	148	163	164	309	#
297	252.858	66	67	82	97	98	309	#
298	238.755	81	82	96	97	113	309	#
299	185.82	194	209	210	310	#
300	230.613	194	195	211	310	#
301	197.851	131	209	228	310	#
302	171.758	194	210	211	310	#
303	275.787	0	16	32	311	#
304	240.378	16	32	48	311	#
305	176.227	0	1	16	311	#
306	1683.92	150	166	167	168	169	170	171	183	184	185	186	187	188	198	199	200	201	202	203	204	205	213	215	216	217	218	219	220	230	231	232	233	246	247	248	249	250	312	#
307	2383.37	12	27	28	29	34	35	43	44	50	51	57	58	59	60	65	66	74	75	80	81	82	98	113	114	187	188	203	204	205	219	220	235	236	237	251	252	253	312	#
308	2337.18	44	45	59	75	91	92	95	107	108	109	110	111	121	122	123	124	125	126	127	137	138	139	140	141	142	143	154	155	156	157	159	169	170	172	173	184	185	312	#
309	2253.24	41	113	114	155	156	171	172	173	187	188	189	190	191	201	202	203	204	206	207	209	216	217	219	220	221	222	225	233	234	235	236	237	241	249	250	251	252	312	#
310	2230.49	80	96	97	112	133	134	149	150	151	156	157	164	165	166	167	169	170	171	172	182	183	184	185	186	187	198	199	200	201	202	203	215	216	217	219	232	235	312	#
311	2181.52	0	1	16	17	18	19	32	34	48	49	50	51	64	66	67	82	83	155	156	185	187	201	202	203	204	205	206	217	218	219	220	234	235	236	237	238	252	312	#
312	42.1886	249	#
313	86.3835	141	#
314	64.9441	145	161	313	#
315	41.4236	161	162	313	#
316	788.643	7	8	22	23	24	25	26	38	39	40	41	55	56	314	#
317	826.605	10	11	12	13	26	27	28	29	30	42	43	44	45	314	#
318	816.838	7	8	9	24	25	26	39	40	41	42	54	55	56	314	#
319	797.842	38	39	40	55	56	71	96	97	98	112	113	114	127	314	#
320	776.273	7	8	9	10	23	24	25	26	27	39	42	43	189	314	#
321	762.848	4	20	21	22	35	36	37	38	52	53	54	55	143	314	#
322	501.139	94	110	174	175	178	179	195	315	#
323	552.109	193	194	195	209	211	225	227	315	#
324	537.559	31	147	163	179	180	194	195	315	#
325	390.812	141	142	158	173	174	175	191	315	#
326	378.161	162	178	193	194	209	210	226	315	#
327	375.389	78	93	94	110	126	127	142	315	#
328	587.857	134	136	150	151	152	165	167	168	184	316	#
329	676.58	134	150	164	165	181	197	198	212	229	316	#
330	670.877	118	134	149	150	151	165	166	181	183	316	#
331	633.073	134	135	136	137	150	151	166	167	168	316	#
332	624.708	135	136	151	152	167	168	172	173	174	316	#
333	620.025	102	118	134	135	150	151	165	167	168	316	#
334	129.141	98	114	317	#
335	184.669	113	114	317	#
336	172.363	33	34	318	#
337	115.729	34	50	318	#
338	2351.06	14	22	38	52	54	55	63	68	70	71	72	75	77	78	79	82	83	84	85	86	87	88	89	90	91	93	94	95	99	100	101	102	103	104	116	117	118	119	120	132	133	134	135	223	239	255	319	#
339	2817.1	30	43	44	45	46	58	59	60	61	62	63	73	74	75	76	77	78	79	88	89	90	91	93	94	95	109	110	111	122	123	124	125	126	127	139	140	141	142	155	156	159	171	186	187	193	235	319	#
340	2684.23	0	1	16	54	64	70	71	85	86	87	88	89	101	102	103	104	118	119	121	122	123	132	133	134	135	136	137	138	151	152	153	154	160	161	162	167	168	169	170	176	177	179	186	192	194	195	319	#
341	2673.2	88	103	104	116	117	118	119	120	121	131	132	133	134	135	136	137	147	148	149	150	151	152	153	154	165	167	168	169	170	181	183	185	196	197	198	199	209	210	211	212	213	224	225	229	230	241	319	#
342	2632.55	69	83	84	85	98	99	100	101	115	116	121	130	131	132	133	134	136	137	138	139	146	147	148	149	150	151	153	154	155	161	162	163	165	170	176	177	178	179	180	185	186	196	197	200	201	212	319	#
343	2625.9	57	58	59	73	74	75	89	90	91	92	105	106	107	108	109	121	122	123	124	125	126	137	138	139	140	141	142	154	156	157	158	169	170	172	173	174	175	185	187	188	189	209	210	224	225	240	319	#
344	1384.15	3	4	5	6	7	20	21	22	35	36	37	38	41	49	50	51	52	53	54	55	56	58	59	66	82	83	320	#
345	1735.36	32	34	35	36	40	41	42	48	49	50	51	52	64	65	66	67	80	81	82	96	97	112	113	219	220	221	320	#
346	1616.17	1	2	3	4	5	19	20	21	34	35	36	37	50	51	52	53	66	67	124	125	140	141	157	158	172	173	320	#
347	1594.01	13	27	28	29	44	45	59	60	61	62	77	78	109	110	124	126	201	202	203	217	219	220	234	235	236	251	320	#
348	1585.92	4	5	6	20	21	22	35	36	37	53	188	204	218	219	220	234	235	236	237	238	239	251	252	253	254	255	320	#
349	1574.44	20	21	34	35	36	37	38	48	49	50	51	52	53	54	64	65	66	80	81	82	83	96	97	98	113	114	320	#
350	197.945	154	155	321	#
351	159.323	154	170	321	#
352	148.776	155	156	321	#
353	360.216	214	230	233	245	246	247	248	249	322	#
354	539.008	211	212	213	227	229	230	245	246	322	#
355	494.484	233	234	235	236	249	250	251	252	322	#
356	486.172	211	212	213	228	229	230	245	246	322	#
357	360.96	214	215	216	230	231	232	246	248	322	#
358	353.05	204	218	219	232	233	234	248	249	322	#
359	120.518	35	#
360	183.661	163	164	177	178	179	323	#
361	270.689	134	148	150	164	165	323	#
362	254.31	147	150	163	164	165	323	#
363	219.982	164	178	179	180	181	323	#
364	72.6412	192	208	#
365	382.113	195	211	212	227	324	#
366	320.036	179	195	211	227	324	#
367	316.803	212	228	229	252	324	#
368	265.905	179	194	195	211	324	#
369	257.927	197	211	212	213	324	#
370	439.666	122	123	124	137	138	139	140	325	#
371	536.694	90	91	105	106	107	123	156	325	#
372	467.814	140	141	154	155	156	169	170	325	#
373	435.457	137	138	152	153	154	155	156	325	#
374	411.431	137	138	139	192	208	209	225	325	#
375	391.551	89	105	106	107	108	121	122	325	#
376	318.873	65	81	82	97	98	99	113	326	#
377	359.689	49	65	81	82	83	96	97	326	#
378	359.053	49	64	65	80	81	96	97	326	#
379	339.193	64	80	81	82	83	96	97	326	#
380	229.429	97	98	99	114	115	130	146	326	#
381	217.335	87	99	100	101	102	115	131	326	#
382	4.32357	83	#
383	131.7	6	7	#
384	451.671	10	11	12	13	27	28	29	327	#
385	541.992	11	12	27	28	29	151	152	327	#
386	482.34	26	27	42	43	44	59	75	327	#
387	466.867	9	10	25	26	41	42	142	327	#
388	424.845	10	11	12	27	74	91	92	327	#
389	385.571	12	13	27	28	29	30	43	327	#
390	638.811	133	148	149	164	165	166	167	183	328	#
391	615.955	148	149	150	151	165	166	167	183	328	#
392	609.699	116	132	133	148	149	150	151	167	328	#
393	591.665	149	150	165	166	167	181	182	183	328	#
394	547.517	134	149	150	164	165	166	182	183	328	#
395	533.661	149	165	166	167	182	183	197	198	328	#
396	144.245	64	80	96	329	#
397	172.239	64	65	80	329	#
398	29.4508	112	#
399	157.779	13	29	330	#
400	134.473	29	30	330	#
401	331.965	4	5	21	22	23	86	101	102	331	#
402	455.249	3	4	5	6	18	19	21	22	331	#
403	446.717	3	4	5	21	37	38	53	54	331	#
404	439.312	5	6	7	21	22	35	36	37	331	#
405	406.545	54	55	70	86	87	88	102	118	331	#
406	351.498	84	85	100	101	102	116	117	118	331	#
407	101.772	205	#
408	573.975	87	103	144	145	160	161	176	177	192	208	209	224	332	#
409	849.476	97	112	113	114	128	129	144	160	164	176	180	192	332	#
410	834.131	81	82	97	112	113	114	128	129	130	131	144	145	332	#
411	802.239	160	161	176	192	193	194	208	209	210	224	225	240	332	#
412	707.391	179	192	193	194	195	208	209	210	225	226	241	242	332	#
413	667.391	188	193	194	203	204	205	208	209	210	224	225	226	332	#
414	37.9719	63	#
415	678.918	50	51	52	54	66	67	68	69	70	71	84	85	205	333	#
416	894.66	34	35	36	37	48	49	50	51	52	53	64	65	68	333	#
417	886.071	50	64	65	66	67	80	81	82	97	98	136	210	211	333	#
418	865.849	68	69	85	101	110	126	141	142	203	204	218	219	235	333	#
419	763.012	4	20	21	35	36	37	50	51	52	53	67	68	83	333	#
420	758.021	29	45	68	84	85	99	100	101	116	117	132	233	249	333	#
421	454.225	8	22	23	24	25	40	41	55	334	#
422	507.084	8	24	25	39	40	41	42	55	334	#
423	476.947	22	38	39	40	41	55	56	57	334	#
424	471.851	9	12	25	26	27	28	42	43	334	#
425	451.088	8	23	24	26	40	41	42	56	334	#
426	385.778	37	51	52	53	54	55	71	87	334	#
427	581.545	30	45	46	60	61	62	63	77	78	79	93	335	#
428	699.111	30	46	60	61	62	63	79	94	95	109	110	335	#
429	657.093	13	14	29	30	45	60	61	62	63	77	78	335	#
430	606.015	59	62	75	76	77	78	92	93	94	95	110	335	#
431	586.244	11	12	13	14	27	28	29	30	44	45	46	335	#
432	581.49	29	30	44	45	46	60	61	62	63	79	112	335	#
433	914.885	12	26	27	28	42	43	44	45	46	60	61	76	77	93	336	#
434	931.194	11	12	27	28	43	123	139	154	155	156	157	172	173	174	336	#
435	930.332	12	13	27	42	43	44	45	46	59	60	61	62	63	79	336	#
436	920.876	77	93	94	109	110	150	151	208	209	210	211	212	227	228	336	#
437	899.389	0	41	42	43	56	90	106	199	214	215	231	245	246	247	336	#
438	895.916	12	27	28	43	44	45	58	59	60	61	75	76	77	92	336	#
439	795.919	0	1	2	3	17	18	111	126	127	337	#
440	735.001	0	1	3	16	17	18	19	32	34	337	#
441	683.252	0	1	2	3	17	18	163	179	180	337	#
442	671.336	0	1	2	3	4	17	18	19	21	337	#
443	665.895	0	1	16	17	18	32	34	50	51	337	#
444	662.536	1	2	3	16	17	18	19	34	50	337	#
445	713.423	75	90	92	104	105	106	107	108	121	122	137	138	169	338	#
446	970.887	45	59	60	61	67	75	76	77	91	92	107	122	123	338	#
447	959.149	59	73	75	89	90	91	92	106	107	123	140	141	157	338	#
448	953.339	59	73	74	75	87	88	89	90	105	106	107	121	123	338	#
449	916.53	105	106	121	122	123	124	137	138	139	154	155	171	216	338	#
450	903.131	73	74	75	87	88	89	90	91	92	106	107	122	123	338	#
451	1242.04	19	109	124	125	141	154	166	169	170	171	182	183	184	185	186	200	201	202	204	218	219	220	221	339	#
452	1517.75	59	60	141	157	158	173	174	184	187	188	189	201	202	203	204	205	206	207	218	219	220	236	253	339	#
453	1491.96	73	74	75	76	77	78	88	89	90	91	92	107	108	109	110	123	124	139	140	151	152	168	229	339	#
454	1448.71	136	150	151	152	166	167	168	169	182	183	184	185	196	197	198	200	201	212	213	214	216	217	228	339	#
455	1426.44	90	106	148	149	150	165	166	167	168	181	182	183	184	196	197	198	199	200	201	212	228	234	235	339	#
456	1384.21	183	184	188	201	202	204	205	218	219	220	221	223	234	235	236	237	238	239	251	252	253	254	255	339	#
457	209.651	3	46	47	232	233	340	#
458	261.048	1	2	3	18	19	340	#
459	211.084	232	233	234	249	250	340	#
460	206.025	44	45	46	47	61	340	#
461	190.741	30	46	47	62	63	340	#
462	68.2322	231	232	233	234	248	340	#
463	128.756	234	235	247	248	249	341	#
464	187.241	218	232	233	234	249	341	#
465	82.3443	215	216	231	246	247	341	#
466	277.377	98	236	237	238	252	342	#
467	299.383	220	236	237	251	252	342	#
468	280.867	235	236	251	252	253	342	#
469	261.624	66	82	83	84	98	342	#
470	226.128	91	237	238	254	255	342	#
471	207.595	222	238	239	254	255	342	#
472	512.928	42	91	105	106	107	108	122	123	343	#
473	611.712	90	106	122	123	124	140	248	249	343	#
474	602.117	59	74	75	76	90	91	106	107	343	#
475	483.646	92	106	107	108	122	123	124	211	343	#
476	481.675	105	106	108	109	121	122	123	124	343	#
477	473.251	10	12	26	27	42	43	93	94	343	#
478	280.568	4	5	20	21	37	38	344	#
479	394.051	37	38	39	53	54	151	344	#
480	256.743	4	5	20	21	36	37	344	#
481	262.786	67	82	83	98	99	349	#
482	433.366	12	61	75	76	77	93	116	132	148	164	165	345	#
483	639.498	115	116	131	132	148	164	180	181	196	200	212	345	#
484	626.868	26	42	43	59	60	75	76	91	92	107	108	345	#
485	495.901	131	132	146	147	148	149	162	163	164	180	181	345	#
486	478.32	29	30	45	46	61	62	77	78	93	94	95	345	#
487	445.359	61	62	63	76	77	78	79	84	85	86	87	345	#
488	439.483	36	51	52	67	68	82	83	84	98	99	100	114	346	#
489	629.952	65	67	80	81	82	83	96	97	98	99	100	115	346	#
490	604.481	35	36	52	53	54	66	67	68	69	82	83	84	346	#
491	562.576	66	69	81	82	83	85	99	100	101	114	115	130	346	#
492	557.549	65	81	82	83	96	97	98	99	112	113	114	115	346	#
493	544.827	13	29	30	50	66	67	82	83	98	113	114	130	346	#
494	285.917	35	36	37	347	#
495	200.567	35	36	51	347	#
496	188.739	21	37	240	347	#
497	186.211	20	35	36	347	#
498	57.5953	7	8	23	#
499	263.046	66	81	82	97	98	349	#
500	384.801	51	52	66	67	83	349	#
501	334.37	49	65	81	97	98	349	#
502	326.765	82	83	84	98	114	349	#
503	306.324	49	65	81	82	98	349	#
504	417.085	116	131	132	147	148	163	164	350	#
505	532.143	132	147	148	149	150	151	161	350	#
506	460.681	147	148	162	163	178	179	194	350	#
507	458.245	100	116	131	132	147	148	149	350	#
508	458.015	132	133	134	147	148	163	164	350	#
509	427.018	80	114	130	131	132	148	164	350	#
510	586.778	146	160	161	162	176	177	178	351	#
511	736.881	161	162	177	178	179	194	195	351	#
512	704.541	160	161	177	178	179	206	252	351	#
513	687.236	144	160	161	162	176	177	178	351	#
514	553.101	176	177	178	192	208	209	255	351	#
515	545.73	146	161	162	177	178	194	210	351	#
516	671.783	10	11	27	43	44	45	46	47	59	60	61	62	63	75	76	352	#
517	792.129	10	11	12	13	14	26	27	28	42	44	45	46	59	60	75	352	#
518	736.627	10	11	12	13	14	15	26	27	28	29	30	43	44	45	176	352	#
519	721.535	28	30	43	44	45	46	47	59	60	61	62	63	77	79	93	352	#
520	715.148	13	14	15	29	30	31	45	46	47	59	60	61	62	63	79	352	#
521	712.797	10	11	12	13	14	25	26	27	28	29	30	31	42	43	74	352	#
522	1666.07	46	61	84	85	87	100	101	102	103	115	116	117	118	119	131	132	133	149	150	151	152	155	165	167	168	169	170	171	184	185	186	200	201	353	#
523	2042.35	24	38	39	40	55	56	57	58	59	71	72	73	74	75	84	85	86	87	88	89	90	91	102	103	104	107	119	120	135	190	191	206	207	353	#
524	2026.01	8	39	55	56	69	70	71	73	85	86	87	88	89	90	91	102	103	104	105	118	119	120	135	136	137	151	152	167	168	169	183	184	227	353	#
525	2003.76	20	34	35	36	37	50	51	52	67	68	69	70	71	84	85	86	87	99	100	101	102	114	115	116	130	131	132	133	134	148	149	150	151	353	#
526	1948.07	30	38	54	55	69	70	71	84	85	86	87	100	101	102	117	118	119	120	132	133	134	135	136	137	151	152	168	169	212	213	228	229	244	353	#
527	1918.7	114	128	129	130	132	133	134	146	148	149	150	151	162	163	164	165	166	178	180	181	182	183	184	196	197	198	200	212	213	214	216	228	229	353	#
528	793.811	26	27	41	42	43	44	59	60	222	223	238	239	255	354	#
529	851.952	26	39	40	41	42	43	44	45	56	57	59	61	76	354	#
530	784.586	11	25	26	27	28	29	40	41	42	43	44	45	46	354	#
531	777.708	9	10	12	25	26	27	28	43	44	45	46	59	61	354	#
532	774.005	204	206	219	220	221	222	223	235	238	239	253	254	255	354	#
533	753.043	158	174	175	190	191	206	207	221	222	237	238	239	255	354	#
534	399.349	20	35	36	50	51	52	67	355	#
535	504.532	20	21	22	36	37	38	39	355	#
536	486.983	35	36	37	38	53	54	55	355	#
537	424.435	34	49	50	65	66	67	82	355	#
538	415.46	35	36	37	50	51	52	68	355	#
539	390.486	35	36	118	209	225	226	241	355	#
540	210.783	167	168	169	170	356	#
541	286.144	152	168	169	170	356	#
542	267.472	166	167	182	183	356	#
543	224.686	168	169	170	185	356	#
544	160.291	154	169	170	171	356	#
545	384.539	37	38	54	55	56	69	70	237	357	#
546	440.13	22	37	38	54	55	56	71	72	357	#
547	413.066	205	206	221	222	237	238	253	254	357	#
548	374.767	20	37	38	39	54	55	71	72	357	#
549	371.406	38	39	40	54	55	56	71	72	357	#
550	358.53	10	26	42	54	70	71	72	86	357	#
551	144.531	233	249	358	#
552	129.38	232	233	358	#
553	658.478	140	178	193	194	195	209	210	211	227	243	359	#
554	765.302	178	179	180	194	195	210	211	212	227	228	359	#
555	661.658	147	163	164	165	178	179	180	181	194	195	359	#
556	635.537	45	193	194	208	209	210	211	212	225	228	359	#
557	631.905	178	193	194	210	211	212	227	242	243	244	359	#
558	601.421	97	98	114	182	193	197	198	199	209	210	359	#
559	596.438	34	49	50	51	52	65	66	67	81	360	#
560	598.282	32	48	49	50	64	65	80	81	82	360	#
561	578.021	39	40	41	51	52	53	56	72	193	360	#
562	560.819	34	48	49	50	64	65	66	81	82	360	#
563	551.096	51	52	67	83	84	85	99	100	101	360	#
564	542.405	34	49	50	64	65	80	81	82	143	360	#
565	131.074	4	21	#
566	90.375	20	#
567	99.8391	225	241	362	#
568	116.44	224	225	362	#
569	13.8388	132	#
570	1589.58	4	5	6	7	8	20	21	22	23	26	36	37	38	39	40	41	42	52	53	54	55	56	68	70	72	73	74	88	89	363	#
571	1989.51	4	5	6	7	8	20	21	22	23	24	25	35	36	37	38	39	40	41	52	53	54	55	56	57	67	68	83	84	100	363	#
572	1983.98	2	3	4	18	19	20	21	34	36	37	52	164	175	180	181	194	196	197	208	209	210	211	212	213	224	225	227	228	235	363	#
573	1954.19	5	6	7	8	20	21	22	23	35	36	37	38	39	41	52	54	55	56	57	58	73	74	179	195	197	210	211	212	228	363	#
574	1908.28	4	5	6	20	21	22	23	35	36	37	38	39	40	51	52	53	54	55	56	220	234	235	236	237	238	239	251	252	253	363	#
575	1817.56	7	8	23	24	25	39	40	56	57	72	73	75	87	88	89	90	91	92	104	105	106	119	120	121	122	136	137	152	153	363	#
576	323.045	179	195	211	227	364	#
577	390.705	161	177	178	179	364	#
578	343.077	211	225	226	227	364	#
579	255.007	64	211	226	227	364	#
580	123.664	194	195	210	211	364	#
581	168.792	222	237	238	253	254	255	365	#
582	194.954	220	221	222	236	238	251	365	#
583	156.772	187	188	189	190	254	255	365	#
584	132.336	220	221	222	238	254	255	365	#
585	131.774	67	83	99	237	238	254	365	#
586	113.505	121	135	136	137	#
587	126.682	75	92	366	#
588	133.066	75	91	366	#
589	77.8824	92	107	366	#
590	349.122	46	47	61	62	63	78	79	95	367	#
591	493.839	29	45	46	60	61	62	78	94	367	#
592	422.777	77	78	93	94	95	109	110	126	367	#
593	415.179	30	45	46	61	62	63	78	79	367	#
594	385.875	45	46	47	61	62	63	79	164	367	#
595	380.16	45	46	47	61	62	63	78	79	367	#
596	672.686	5	6	20	21	22	23	37	38	216	368	#
597	775.008	4	20	21	36	37	52	235	251	252	368	#
598	571.96	4	5	21	37	58	59	73	74	82	368	#
599	564.491	4	20	21	36	37	53	105	106	107	368	#
600	517.362	6	7	21	22	23	37	38	39	53	368	#
601	517.04	4	5	20	21	37	38	53	54	111	368	#
602	304.431	0	16	32	147	369	#
603	313.336	0	1	16	32	369	#
604	257.036	32	48	49	64	369	#
605	233.86	0	1	2	3	369	#
606	173.629	131	147	148	163	369	#
607	721.871	164	165	166	168	179	180	181	182	183	184	196	197	198	370	#
608	886.677	16	134	150	151	152	165	166	167	168	182	198	199	200	370	#
609	795.139	150	151	152	163	164	165	166	179	180	181	182	183	196	370	#
610	788.739	79	115	131	132	147	148	161	162	163	178	179	180	194	370	#
611	788.605	147	148	163	164	178	179	180	181	182	194	196	197	212	370	#
612	748.193	134	150	166	168	181	182	183	184	195	197	200	211	212	370	#
613	1357.4	170	172	173	185	186	187	188	199	200	201	202	203	204	217	219	220	222	235	236	238	239	251	371	#
614	1445.74	10	25	26	27	35	42	43	44	45	51	52	53	185	200	201	216	217	233	234	235	236	251	371	#
615	1433.82	1	2	121	122	123	139	140	155	169	170	171	184	185	186	187	188	200	201	202	203	204	219	371	#
616	1420.98	70	85	86	90	100	101	102	106	107	116	171	172	185	187	188	201	202	203	219	220	234	235	371	#
617	1411.11	154	167	168	169	170	178	184	185	186	193	194	200	201	202	209	217	222	225	238	239	241	255	371	#
618	1399.05	150	154	166	168	169	170	182	183	184	185	186	196	197	198	199	200	201	215	230	231	232	247	371	#
619	536.873	134	149	150	151	164	165	166	167	372	#
620	669.679	150	151	152	153	154	167	182	183	372	#
621	639.406	27	148	149	150	164	165	180	181	372	#
622	607.691	151	152	165	166	167	182	183	198	372	#
623	581.522	133	149	150	151	164	165	166	181	372	#
624	580.338	134	149	150	165	166	182	183	198	372	#
625	679.242	49	50	51	65	66	81	82	83	98	99	138	153	154	373	#
626	873.13	120	121	136	137	138	139	151	152	153	154	155	167	168	373	#
627	826.866	16	32	48	82	98	99	100	114	115	116	160	176	192	373	#
628	791.163	32	33	34	48	49	50	51	64	65	66	67	80	83	373	#
629	780.323	33	34	35	49	50	51	65	67	82	83	84	99	100	373	#
630	757.452	106	121	122	137	138	139	144	153	154	160	169	170	177	373	#
631	371.352	182	197	198	199	200	203	374	#
632	497.523	63	202	203	218	219	235	374	#
633	409.008	196	197	198	213	228	229	374	#
634	332.649	182	197	198	199	200	201	374	#
635	328.216	165	166	181	182	197	213	374	#
636	288.419	13	14	142	159	198	199	374	#
637	91.4484	52	68	69	70	85	86	#
638	848.091	56	146	160	161	162	163	164	176	177	178	179	180	196	375	#
639	934.696	134	149	150	164	165	166	167	180	181	182	183	197	198	375	#
640	814.09	144	145	146	160	161	162	176	177	178	179	194	195	210	375	#
641	794.048	145	146	147	148	160	161	162	163	176	177	178	179	195	375	#
642	792.843	149	150	162	163	164	165	178	179	180	181	194	195	196	375	#
643	782.822	130	144	145	146	160	161	162	176	177	178	179	194	195	375	#
644	469.792	37	39	40	55	56	57	58	376	#
645	508.849	24	25	40	41	55	56	57	376	#
646	459.726	56	57	73	80	81	82	198	376	#
647	452.907	24	38	39	40	54	55	56	376	#
648	437.594	20	36	37	38	53	54	55	376	#
649	397.982	22	38	54	55	56	70	72	376	#
650	392.757	7	23	39	56	57	64	73	142	143	159	377	#
651	580.67	26	38	39	40	41	42	55	56	57	72	377	#
652	544.729	95	109	110	111	126	140	141	142	143	159	377	#
653	516.782	39	40	41	55	56	57	112	113	129	145	377	#
654	515.263	109	110	125	126	127	141	142	143	157	159	377	#
655	464.387	42	123	124	125	126	140	141	142	143	159	377	#
656	103.878	168	169	378	#
657	125.527	169	170	378	#
658	411.638	29	30	126	133	148	149	379	#
659	358.146	100	101	116	117	132	133	379	#
660	309.188	108	109	110	111	125	126	379	#
661	301.735	147	149	150	165	181	252	379	#
662	276.231	131	132	133	148	149	165	379	#
663	212.332	12	13	14	28	29	30	379	#
664	183.764	131	148	149	163	165	181	380	#
665	242.792	82	83	99	115	131	132	380	#
666	241.46	131	132	147	148	149	163	380	#
667	279.384	135	136	151	152	153	168	381	#
668	417.14	151	152	153	154	155	168	381	#
669	411.437	29	136	150	151	166	167	381	#
670	268.573	136	137	138	152	153	154	381	#
671	268.345	87	88	104	119	120	135	381	#
672	220.646	121	136	137	151	152	153	381	#
673	112.624	122	123	#
674	595.425	197	210	211	212	213	226	227	228	242	243	382	#
675	732.097	148	149	165	180	181	182	197	198	213	214	382	#
676	704.953	193	194	195	208	209	210	211	225	226	227	382	#
677	686.071	164	181	196	197	211	212	213	227	228	229	382	#
678	671.364	58	197	210	211	212	213	226	227	228	229	382	#
679	573.712	211	212	213	214	227	228	229	230	231	245	382	#
680	143.636	23	39	40	383	#
681	211.793	39	40	56	383	#
682	149.47	7	22	23	383	#
683	292.656	14	31	54	69	70	384	#
684	346.482	37	38	39	54	55	384	#
685	304.299	54	55	68	69	70	384	#
686	297.524	14	15	31	106	107	384	#
687	287.881	10	14	15	30	31	384	#
688	253.935	53	54	70	71	72	384	#
689	307.796	86	102	118	134	135	136	385	#
690	440.242	71	85	86	87	101	102	385	#
691	396.935	102	118	134	135	136	150	385	#
692	392.155	120	136	137	152	168	169	385	#
693	387.072	133	134	135	149	150	166	385	#
694	334.017	118	133	134	135	149	150	385	#
695	246.585	214	215	216	229	230	231	232	245	246	247	386	#
696	363.206	212	213	214	215	230	231	232	246	247	248	386	#
697	342.298	215	216	217	232	233	245	246	247	248	249	386	#
698	248.48	215	231	232	247	248	249	250	252	253	254	386	#
699	1051.9	8	24	39	40	41	43	55	56	57	58	59	72	73	74	75	76	89	90	91	92	108	387	#
700	1332.84	12	14	27	28	29	30	31	43	44	56	57	58	59	60	61	73	75	76	92	107	158	387	#
701	1295.78	10	11	12	13	38	39	40	41	42	43	55	56	57	58	59	72	73	76	89	230	231	387	#
702	1283.97	11	27	42	43	44	45	57	58	59	60	73	74	76	90	91	92	193	208	209	225	241	387	#
703	1258.68	10	11	26	40	41	42	43	56	57	58	72	73	74	88	89	90	104	105	119	121	191	387	#
704	1246.79	13	28	29	30	43	44	55	56	57	58	59	60	72	73	74	75	76	90	91	92	106	387	#
705	1381.75	37	38	39	40	41	43	52	53	54	55	56	57	58	59	60	69	70	72	73	86	388	#
706	1492.53	21	37	38	39	41	53	55	56	57	58	59	72	73	74	90	91	105	106	121	122	388	#
707	1482.85	8	24	38	39	40	41	54	55	56	57	58	73	74	89	90	105	147	148	178	179	388	#
708	1448.9	8	24	38	39	40	41	54	55	56	57	58	72	73	74	90	91	106	107	122	138	388	#
709	1356.17	4	5	7	20	21	22	23	36	37	38	52	53	54	55	56	57	72	73	90	106	388	#
710	1330.71	4	20	21	23	35	36	37	38	39	41	51	52	53	54	55	56	67	68	72	84	388	#
711	100.99	56	#
712	187.635	89	90	389	#
713	167.228	74	90	389	#
714	87.9613	88	89	389	#
715	268.47	188	203	204	218	219	234	390	#
716	369.684	173	188	189	228	229	245	390	#
717	322.161	202	203	204	218	219	220	390	#
718	271.124	202	217	218	219	234	251	390	#
719	230.016	200	202	216	217	218	234	390	#
720	332.572	69	84	85	100	101	116	391	#
721	327.92	51	52	53	68	84	100	391	#
722	318.295	69	84	85	100	101	117	391	#
723	289.014	114	116	130	131	132	148	391	#
724	253.546	54	69	70	84	85	100	391	#
725	249.705	97	98	99	100	101	102	391	#
726	724.428	41	57	72	73	74	75	88	89	90	91	104	107	108	176	392	#
727	916.51	129	144	145	146	160	161	162	176	177	178	179	180	192	195	392	#
728	898.802	41	42	43	57	58	59	73	74	75	89	90	91	92	107	392	#
729	837.559	59	75	76	90	91	92	107	108	109	122	123	124	138	139	392	#
730	826.822	57	58	59	73	74	75	76	89	90	91	107	144	160	161	392	#
731	818.882	71	87	88	89	90	101	102	103	105	121	122	123	137	153	392	#
732	293.198	24	25	26	27	40	393	#
733	307.442	38	40	41	55	56	393	#
734	262.564	7	8	24	25	40	393	#
735	247.04	25	119	135	136	152	393	#
736	212.208	11	26	27	28	43	393	#
737	200.93	11	12	26	27	42	393	#
738	1200.58	37	38	39	41	42	54	55	56	57	58	70	71	72	73	74	75	89	90	91	394	#
739	1459.27	29	40	41	45	54	55	56	57	71	72	73	88	89	90	209	210	211	225	226	394	#
740	1266.11	73	74	75	88	89	90	91	104	105	106	107	108	119	120	122	123	138	139	140	394	#
741	1212.33	39	40	53	54	55	56	57	58	71	72	73	87	89	108	109	110	124	125	126	394	#
742	1180.97	8	24	25	40	41	42	54	55	56	57	58	71	72	87	88	89	103	160	176	394	#
743	1169.18	27	41	42	43	44	45	46	47	57	58	59	60	61	62	63	73	74	197	212	394	#
744	217.15	85	86	100	101	115	395	#
745	272.632	86	87	88	221	222	395	#
746	226.861	85	100	101	102	103	395	#
747	211.819	84	98	99	100	101	395	#
748	191.394	70	85	86	87	101	395	#
749	150.898	100	115	131	132	148	395	#
750	219.028	19	45	46	396	#
751	195.73	46	62	79	396	#
752	176.914	45	169	246	396	#
753	158.205	3	18	19	396	#
754	718.625	140	155	156	171	172	186	187	188	202	203	219	397	#
755	713.167	134	142	155	156	157	158	172	173	174	187	189	397	#
756	709.409	139	155	168	169	170	171	172	186	187	188	203	397	#
757	696.48	169	170	171	172	173	185	186	187	188	202	203	397	#
758	676.972	90	169	170	171	172	184	185	186	187	201	202	397	#
759	645.962	140	141	142	155	156	157	159	172	187	188	216	397	#
760	218.298	84	85	101	398	#
761	229.717	85	89	90	398	#
762	195.49	101	102	103	398	#
763	142.462	68	69	84	398	#
764	1268.39	150	165	181	196	197	198	211	212	213	226	227	228	229	230	231	236	243	244	245	252	399	#
765	1513.37	167	180	181	182	183	196	197	198	199	200	211	212	213	214	228	229	230	245	246	247	399	#
766	1409.58	180	181	193	194	196	197	209	210	211	212	213	224	225	226	227	228	229	242	243	244	399	#
767	1398.87	131	169	170	178	179	181	182	194	195	197	198	211	212	213	214	228	229	244	245	246	399	#
768	1390.05	142	143	158	164	165	174	179	180	181	196	197	211	212	213	214	227	228	229	230	246	399	#
769	1369.86	164	165	166	179	180	181	194	196	197	210	211	212	227	228	229	236	245	251	252	253	399	#
770	62.4573	238	254	#
771	662.201	166	167	182	183	184	185	201	400	#
772	713.31	165	166	167	181	182	183	197	400	#
773	704.437	38	166	167	168	169	182	183	400	#
774	681.292	87	150	165	166	167	182	183	400	#
775	673.127	151	152	165	166	167	181	183	400	#
776	580.548	91	154	169	170	171	185	186	400	#
777	599.186	184	185	186	200	202	203	204	216	217	219	235	401	#
778	734.25	133	204	205	216	217	219	220	234	235	251	252	401	#
779	662.939	188	196	197	202	203	204	205	211	212	219	220	401	#
780	616.085	171	186	202	203	204	217	218	219	220	234	235	401	#
781	585.492	186	188	202	204	219	234	235	236	251	252	253	401	#
782	584.687	170	171	181	186	187	188	202	204	219	235	236	401	#
783	856.697	124	125	140	141	142	143	157	158	173	174	175	189	190	191	402	#
784	1022.88	122	123	124	126	127	139	140	141	143	154	155	170	184	200	402	#
785	983.735	110	124	125	126	127	142	143	156	157	158	159	173	174	175	402	#
786	965.446	109	110	111	123	124	125	126	127	140	141	142	143	158	159	402	#
787	963.946	109	110	124	125	126	127	140	141	142	143	157	158	159	173	402	#
788	907.785	139	141	142	155	156	157	158	159	172	173	174	175	187	189	402	#
789	771.508	112	113	125	126	127	128	129	141	142	143	144	160	161	177	178	403	#
790	1111.79	161	177	178	179	180	193	194	195	196	209	211	212	213	227	229	403	#
791	939.594	113	128	129	144	145	160	161	162	176	177	195	196	211	212	227	403	#
792	875.13	95	109	110	111	124	125	126	127	139	140	141	142	143	155	159	403	#
793	802.496	98	124	126	127	140	141	142	143	155	156	157	158	172	187	225	403	#
794	784.051	48	49	50	64	65	66	80	81	96	97	112	113	128	144	160	403	#
795	99.7971	84	100	404	#
796	103.948	68	84	404	#
797	21.2686	100	115	404	#
798	472.736	175	189	190	191	206	207	223	239	405	#
799	616.678	190	191	204	205	206	207	220	222	405	#
800	577.875	202	204	206	207	219	223	235	236	405	#
801	556.442	191	207	222	223	237	238	239	255	405	#
802	484.719	174	175	189	190	191	206	207	223	405	#
803	467.389	4	20	21	35	36	37	239	255	405	#
804	154.534	196	197	#
805	339.164	166	182	183	406	#
806	358.557	150	166	182	406	#
807	302.896	181	182	183	406	#
808	253.255	106	107	123	407	#
809	375.083	90	106	122	407	#
810	209.853	107	123	124	407	#
811	190.639	123	235	236	407	#
812	580.557	50	65	66	67	82	83	84	98	99	114	115	130	408	#
813	847.277	4	20	21	35	36	37	51	52	56	67	68	72	408	#
814	690.162	52	67	68	80	81	82	83	84	85	86	98	198	408	#
815	680.685	51	67	81	82	83	84	97	98	99	114	115	130	408	#
816	662.544	32	48	49	65	66	80	81	84	97	99	100	113	408	#
817	657.174	66	67	83	84	99	100	114	115	130	131	132	133	408	#
818	1127.45	39	40	54	55	56	70	71	72	73	74	86	87	88	89	90	101	102	103	104	105	118	119	120	409	#
819	1477.19	22	38	39	54	55	71	72	87	194	195	208	209	210	211	212	213	214	224	225	226	229	230	241	409	#
820	1473.66	72	73	74	75	87	88	89	90	91	104	105	106	107	120	121	136	137	138	150	151	152	154	170	409	#
821	1413.14	3	4	19	57	58	74	75	152	167	168	169	184	185	200	216	219	220	234	235	236	251	252	253	409	#
822	1390.32	43	59	71	72	73	74	75	76	87	88	89	90	91	92	104	106	107	108	137	152	153	227	243	409	#
823	1377.79	20	36	37	38	39	40	54	55	56	57	58	70	71	72	73	86	87	88	89	102	103	193	209	409	#
824	286.764	33	34	35	50	51	66	67	410	#
825	404.57	21	35	36	37	51	53	54	410	#
826	398.597	49	50	65	66	81	172	187	410	#
827	394.169	33	34	35	48	49	50	51	410	#
828	331.342	51	52	67	204	219	220	221	410	#
829	291.97	34	50	51	52	66	67	83	410	#
830	25.7629	2	#
831	17.9157	93	#
832	53.6491	47	63	#
833	323.774	190	191	204	205	206	207	411	#
834	376.15	188	189	203	204	205	219	411	#
835	350.647	191	205	206	207	221	222	411	#
836	312.185	0	55	71	190	191	206	411	#
837	293.988	174	175	191	206	207	223	411	#
838	272.482	188	204	218	219	234	250	411	#
839	256.734	38	39	54	55	225	233	249	412	#
840	346.885	62	63	79	232	233	234	235	412	#
841	328.289	65	194	210	225	226	241	242	412	#
842	289.456	23	38	39	40	54	55	71	412	#
843	149.056	232	233	234	235	248	249	250	412	#
844	516.449	154	155	168	169	170	171	184	185	186	237	413	#
845	617.059	80	81	97	150	151	152	153	168	184	201	413	#
846	594.986	10	154	155	170	171	174	175	191	207	223	413	#
847	582.865	124	137	138	139	140	141	152	153	154	155	413	#
848	565.624	220	222	236	237	238	239	252	253	254	255	413	#
849	527.016	170	171	185	186	187	201	202	203	204	219	413	#
850	317.415	213	214	230	231	246	247	248	414	#
851	409.753	197	212	213	230	231	246	247	414	#
852	386.499	216	230	231	232	246	247	248	414	#
853	361.51	214	230	231	245	246	247	248	414	#
854	361.436	34	213	214	215	230	231	247	414	#
855	337.613	197	212	213	229	230	245	246	414	#
856	130.565	167	#
857	2119.02	0	1	2	3	4	5	16	17	18	19	20	21	22	32	34	35	48	49	50	51	52	64	65	67	80	81	96	97	112	113	129	140	144	145	156	415	#
858	2255.13	0	1	2	15	16	17	18	19	28	30	31	34	35	43	44	45	46	50	51	52	53	59	60	61	65	76	77	78	80	81	96	97	112	113	114	415	#
859	2063.28	80	81	82	96	97	98	112	113	114	115	128	129	130	131	132	133	144	145	146	147	148	149	160	161	162	163	176	177	179	192	221	222	238	254	255	415	#
860	2060.92	0	1	2	3	4	5	16	17	18	19	20	21	22	32	34	35	36	37	38	49	50	51	52	53	54	64	65	66	67	68	69	80	81	82	97	415	#
861	2036.96	0	1	2	3	16	17	18	19	32	33	34	49	50	90	104	105	106	121	122	123	138	139	140	141	142	154	155	156	157	158	171	173	174	187	188	415	#
862	2018.02	18	34	35	36	38	49	50	51	52	53	54	55	66	67	68	69	75	81	82	83	90	91	92	97	98	99	100	108	109	113	115	116	125	131	132	415	#
863	37.8567	75	#
864	97.057	129	#
865	4.18086	44	#
866	208.489	227	228	243	244	416	#
867	189.775	197	212	220	228	416	#
868	150.6	185	226	242	243	416	#
869	120.714	228	242	243	244	416	#
870	777.245	1	2	17	18	65	66	81	82	83	98	99	100	114	417	#
871	952.406	0	1	2	16	17	18	203	204	205	219	220	221	222	417	#
872	923.755	1	17	18	34	49	50	51	65	66	82	83	141	196	417	#
873	878.185	49	51	65	67	68	69	81	82	83	84	85	99	101	417	#
874	805.127	0	1	2	3	4	5	16	17	18	20	21	22	37	417	#
875	793.602	3	4	19	21	37	38	48	49	54	55	65	66	82	417	#
876	721.115	131	133	146	147	148	149	162	163	164	165	179	180	181	418	#
877	891.29	129	144	145	146	157	160	161	162	176	177	178	179	180	418	#
878	880.304	65	81	96	97	100	112	113	114	115	116	131	148	149	418	#
879	765.059	100	101	102	116	117	118	131	133	134	148	149	150	165	418	#
880	724.657	101	114	115	117	131	132	133	134	147	148	149	150	163	418	#
881	715.932	147	148	149	150	163	164	165	180	181	182	183	184	198	418	#
882	204.113	164	170	181	182	186	419	#
883	303.578	148	149	164	181	182	419	#
884	219.212	170	171	184	185	186	419	#
885	195.923	154	170	171	185	186	419	#
886	635.53	181	196	197	198	212	213	227	228	230	244	420	#
887	723.538	132	148	164	165	180	181	182	196	198	199	420	#
888	642.273	164	180	181	196	197	212	213	228	229	244	420	#
889	620.212	166	167	168	182	183	184	198	199	200	201	420	#
890	608.738	63	79	101	102	212	213	227	228	229	244	420	#
891	602.949	181	182	196	197	198	199	200	213	214	215	420	#
892	242.94	204	220	236	237	238	254	421	#
893	345.144	206	222	223	237	238	239	421	#
894	313.079	201	202	204	219	220	236	421	#
895	195.841	222	236	237	238	253	254	421	#
896	140.748	207	223	238	239	254	255	421	#
897	1877.9	13	20	21	22	24	37	38	39	40	52	53	55	121	136	137	138	139	140	153	154	155	156	169	170	171	175	184	185	186	200	201	202	204	205	218	219	422	#
898	2280.73	3	4	6	7	8	20	21	22	35	36	37	38	39	52	53	55	56	57	59	60	154	169	170	185	186	188	200	201	202	203	204	205	217	218	219	234	422	#
899	2168.24	120	124	132	133	134	135	136	139	148	149	150	151	152	153	154	155	164	165	167	168	169	170	171	178	184	185	186	201	202	203	204	216	217	218	219	232	422	#
900	2160.13	71	87	134	147	148	149	150	152	164	165	166	168	169	170	179	180	181	182	184	185	186	188	200	201	202	203	204	216	217	218	219	220	232	233	234	236	422	#
901	2125.91	10	11	12	23	106	122	133	134	135	136	137	138	146	148	149	150	151	152	153	154	162	163	164	165	166	167	179	180	181	182	183	196	197	198	212	229	422	#
902	2082.4	0	1	2	3	4	5	17	18	19	20	21	34	35	36	37	38	48	49	50	51	52	53	54	55	64	65	66	67	70	71	72	73	81	82	83	84	422	#
903	661.642	109	124	125	140	141	142	155	156	157	173	204	423	#
904	836.341	41	109	124	140	141	154	155	156	157	171	187	423	#
905	789.105	78	94	95	109	110	125	126	140	141	157	182	423	#
906	751.341	121	137	140	152	153	154	155	156	172	173	174	423	#
907	734.37	109	110	111	124	125	126	127	140	141	142	157	423	#
908	723.556	125	126	127	140	141	142	143	153	154	156	159	423	#
909	156.928	204	220	236	424	#
910	216.658	236	237	251	424	#
911	157.204	204	205	220	424	#
912	124.938	188	204	220	424	#
913	222.284	98	99	115	147	425	#
914	297.187	98	113	114	130	425	#
915	180.672	66	82	98	99	425	#
916	167.263	132	147	148	163	425	#
917	131.059	98	99	100	115	425	#
918	102.309	211	#
919	1162.64	0	1	16	17	32	181	196	197	212	213	226	227	228	229	230	231	243	244	245	247	426	#
920	1496.7	10	25	26	147	148	162	163	164	165	167	168	170	178	180	181	182	183	184	185	196	426	#
921	1329.74	150	166	180	181	182	196	197	198	199	209	210	211	212	213	214	225	226	227	228	229	426	#
922	1238.81	2	150	163	164	165	181	182	183	196	197	198	199	212	213	215	228	229	230	231	246	426	#
923	1195.82	43	98	99	100	101	102	117	132	133	148	196	197	211	212	213	227	228	229	243	244	426	#
924	1140.58	117	132	133	134	148	149	150	151	163	164	165	166	179	181	182	183	195	197	198	212	426	#
925	468.17	180	196	197	198	199	213	214	215	216	217	230	231	247	427	#
926	657.046	167	183	184	198	199	200	201	215	216	217	231	232	233	427	#
927	621.329	150	165	166	180	181	182	183	196	197	198	199	212	254	427	#
928	586.827	213	214	227	228	229	230	231	232	233	242	245	246	247	427	#
929	526.946	163	164	179	180	181	196	197	198	212	213	214	229	230	427	#
930	521.144	216	217	230	231	232	233	234	246	247	248	249	250	251	427	#
931	1849.09	51	52	53	65	66	67	68	82	83	84	85	97	98	123	139	140	155	193	194	195	209	210	211	212	213	225	226	227	228	229	241	242	244	249	428	#
932	2056.72	16	32	48	64	65	66	67	75	80	81	82	83	96	97	98	99	112	114	128	129	144	157	173	175	187	188	189	190	191	205	206	207	222	235	428	#
933	2017.1	108	109	123	124	126	139	140	141	142	154	155	156	157	158	160	170	171	172	173	174	176	177	178	185	186	187	188	192	194	201	202	203	217	219	428	#
934	2005.92	113	114	115	128	129	130	144	145	146	147	148	160	161	162	163	164	176	177	178	179	180	181	182	192	193	194	195	197	198	208	210	211	226	227	428	#
935	1979.64	39	41	56	57	73	74	75	90	91	122	123	178	179	180	193	194	195	196	197	198	210	211	212	213	214	226	227	228	229	230	243	244	245	246	428	#
936	1966.53	74	160	161	176	177	178	179	180	181	182	192	193	194	195	197	201	208	209	210	211	212	213	224	225	226	227	228	229	240	241	242	243	244	245	428	#
937	118.026	28	#
938	1370.6	43	44	45	59	60	61	77	119	134	135	136	137	138	151	152	153	154	166	167	168	182	183	184	200	205	429	#
939	1557.31	83	87	88	89	90	104	105	120	121	135	136	137	151	152	166	167	168	169	182	183	185	198	200	201	202	429	#
940	1471.13	89	92	105	106	107	108	121	122	123	124	126	127	137	138	139	152	153	154	168	169	170	171	184	185	186	429	#
941	1464.86	72	73	74	76	91	92	107	108	109	120	121	122	123	124	135	136	137	138	139	150	151	152	153	154	240	429	#
942	1447.25	10	11	12	27	35	42	43	51	149	150	164	165	166	167	180	181	182	183	196	197	198	199	213	214	230	429	#
943	1382.03	46	47	54	59	63	70	75	79	92	97	113	117	129	133	134	148	149	150	164	165	166	167	182	183	231	429	#
944	388.799	37	38	39	53	54	55	430	#
945	439.574	21	22	37	38	54	55	430	#
946	412.527	37	51	52	53	54	67	430	#
947	406.078	35	36	51	52	53	54	430	#
948	400.779	23	38	39	54	55	56	430	#
949	356.801	39	54	55	56	71	87	430	#
950	1011.7	131	132	148	149	163	164	181	193	195	196	197	209	210	211	213	225	226	227	242	243	431	#
951	1391.93	128	129	144	160	176	177	178	179	180	194	195	196	211	212	213	227	228	229	230	244	431	#
952	1380.21	1	2	3	18	19	34	64	132	148	149	164	180	181	196	197	212	213	227	228	229	431	#
953	1318.84	149	163	164	165	180	181	196	197	198	210	211	212	213	214	226	227	228	229	230	243	431	#
954	1258.43	83	99	100	114	115	130	131	132	133	134	146	148	149	150	164	165	179	180	181	197	431	#
955	1256.82	39	55	100	101	102	208	209	210	211	224	225	226	227	228	229	241	242	243	244	245	431	#
956	567.759	100	115	130	131	132	133	148	432	#
957	508.001	116	117	132	133	134	148	149	432	#
958	493.664	115	130	131	132	148	149	163	432	#
959	448.403	116	131	132	147	148	164	181	432	#
960	442.588	98	99	114	115	130	131	132	432	#
961	437.022	68	84	99	100	116	117	133	432	#
962	544.05	0	1	2	3	4	6	7	17	21	22	433	#
963	477.478	0	1	2	3	4	16	17	20	21	37	433	#
964	471.45	1	4	5	6	16	17	21	22	32	38	433	#
965	455.547	4	5	6	7	20	21	22	23	37	38	433	#
966	406.494	4	6	7	20	21	22	23	37	38	53	433	#
967	394.283	0	1	2	3	4	16	17	18	20	32	433	#
968	1207.31	164	180	181	194	195	196	197	198	209	210	211	212	213	214	226	227	228	434	#
969	1294.01	133	147	149	151	152	163	164	165	166	167	168	179	180	181	182	183	197	434	#
970	1269.57	160	161	164	165	166	167	179	180	181	182	183	184	196	197	198	212	228	434	#
971	1238.81	23	38	39	56	57	160	161	162	177	178	194	209	210	211	212	225	227	434	#
972	1194.38	7	21	22	23	147	148	163	164	165	166	178	179	180	181	182	196	197	434	#
973	1156.45	124	140	181	194	196	197	209	210	211	212	213	214	225	226	227	228	242	434	#
974	200.232	34	160	177	178	435	#
975	276.067	160	161	177	178	435	#
976	253.855	144	160	161	162	435	#
977	150.611	145	161	177	178	435	#
978	15.2329	18	19	33	34	435	#
979	112.476	253	#
980	213.015	215	216	217	234	250	436	#
981	269.695	200	216	231	232	233	436	#
982	243.595	232	233	234	249	250	436	#
983	223.74	201	202	203	217	234	436	#
984	214.816	234	235	236	250	252	436	#
985	183.998	184	199	200	214	215	436	#
986	1005.2	101	117	219	220	221	222	228	234	235	236	237	238	239	244	252	253	254	255	437	#
987	1213.34	31	79	94	95	110	111	127	197	210	211	212	213	226	227	228	229	244	245	437	#
988	1090.79	77	78	94	95	110	125	126	127	141	157	196	211	212	227	228	229	243	244	437	#
989	1026.95	2	3	19	100	101	116	117	118	133	134	135	136	149	164	165	166	181	247	437	#
990	1015.88	204	209	210	211	218	219	220	221	222	235	236	237	238	239	252	253	254	255	437	#
991	1010.39	173	174	187	188	203	204	205	206	219	220	221	222	235	236	238	251	252	253	437	#
992	1254.95	21	22	23	24	36	37	38	39	51	52	53	68	69	85	163	179	180	195	438	#
993	1423.07	130	131	147	148	161	162	163	164	176	177	178	179	180	181	193	194	195	210	438	#
994	1303.11	145	160	161	162	163	164	176	177	178	179	180	181	195	196	197	198	213	229	438	#
995	1259.84	146	147	148	160	161	162	163	164	176	177	178	179	180	181	194	195	196	197	438	#
996	1169.61	14	15	30	31	35	36	45	46	50	51	52	60	61	62	66	68	69	84	438	#
997	1155.83	4	20	21	22	23	35	36	37	38	51	52	53	54	55	66	67	68	83	438	#
998	272.258	100	101	117	133	439	#
999	405.52	117	133	134	150	439	#
1000	257.746	102	117	118	134	439	#
1001	252.723	87	101	102	118	439	#
1002	223.937	83	84	99	100	439	#
