%% File generated by CATS v.2.1Thu May  9 12:58:38 2024

%% The CATS webpage is http://robotics.stanford.edu/CATS

%% PARAMETER SETTINGS:
% Goods: 256; Bids: 1000; Distribution: regions; Runs: 1; Seed: 49
% Regions Distribution Parameters:
% Max Substitutable Bids = 5
% Removing HV Neighbor   = 0.1
% Adding DIAG Neighbor   = 0.2
% Additional Location    = 0.9
% Jump Probability       = 0.05
% Additivity             = 0.2
% Budget Factor          = 1.5
% Resale Factor          = 0.5
% Uniform Private Value:
%   Deviation            = 0.5
%   Max Good Value       = 100



goods 256
bids 1001
dummy 193

0	94.475	190	#
1	464.241	113	129	145	146	147	148	164	256	#
2	599.758	64	80	81	96	97	112	113	256	#
3	547.562	113	129	145	146	160	161	162	256	#
4	500.755	131	147	148	149	164	165	166	256	#
5	475.007	131	147	148	149	150	164	165	256	#
6	465.971	129	145	146	160	161	162	178	256	#
7	286.008	194	210	211	257	#
8	319.269	194	209	210	257	#
9	286.566	196	213	214	258	#
10	266.017	214	229	230	258	#
11	255.769	212	213	229	258	#
12	248.349	196	212	213	258	#
13	228.617	110	111	126	259	#
14	273.86	27	44	111	259	#
15	216.628	110	111	127	259	#
16	203.695	125	126	127	259	#
17	592.499	148	164	165	166	181	197	198	260	#
18	681.682	134	150	166	181	182	198	214	260	#
19	664.279	150	165	166	181	182	190	198	260	#
20	654.736	90	106	181	182	197	198	214	260	#
21	602.374	149	150	165	166	167	181	182	260	#
22	590.032	181	196	197	211	212	213	227	260	#
23	135.257	220	236	261	#
24	181.664	235	236	261	#
25	621.478	148	149	150	164	165	179	180	181	182	183	262	#
26	875.57	84	100	115	116	117	132	133	148	149	150	262	#
27	809.875	116	132	133	148	149	164	165	181	196	200	262	#
28	727.75	132	133	148	149	164	165	166	179	180	183	262	#
29	696.779	134	149	150	151	152	165	166	167	183	230	262	#
30	682.19	133	149	150	164	165	166	179	182	183	195	262	#
31	147.069	231	247	263	#
32	161.635	215	231	263	#
33	157.998	184	185	186	264	#
34	172.188	171	185	186	264	#
35	164.748	168	169	184	264	#
36	993.537	64	65	80	81	97	98	114	115	131	132	148	265	#
37	955.492	48	49	64	65	80	81	97	98	100	114	115	265	#
38	894.188	81	97	98	114	115	130	131	146	147	148	163	265	#
39	850.62	98	100	114	115	116	117	130	131	132	146	147	265	#
40	808.257	81	97	98	99	100	114	115	116	130	131	132	265	#
41	783.621	97	98	99	100	113	114	115	129	130	145	146	265	#
42	582.376	48	49	64	65	80	81	96	97	266	#
43	718.461	64	65	66	67	80	81	96	97	266	#
44	695.881	81	96	97	113	114	128	129	130	266	#
45	685.4	49	50	64	65	66	81	96	97	266	#
46	615.58	49	50	64	65	66	80	81	97	266	#
47	550.149	49	64	65	66	67	80	81	82	266	#
48	473.929	170	184	185	186	201	202	203	267	#
49	627.517	189	201	202	203	204	205	206	267	#
50	577.891	167	168	184	185	201	202	203	267	#
51	464.856	185	201	202	203	204	216	217	267	#
52	459.426	154	170	185	186	202	226	227	267	#
53	452.184	185	186	201	202	203	217	218	267	#
54	79.4883	110	126	268	#
55	41.868	94	110	268	#
56	404.675	82	83	84	98	99	100	115	269	#
57	578.404	98	99	113	114	115	130	131	269	#
58	514.545	51	52	68	84	99	100	116	269	#
59	496.296	99	100	115	116	117	118	131	269	#
60	433.897	66	81	82	96	112	113	132	269	#
61	396.098	68	83	84	85	86	98	99	269	#
62	477.334	161	162	177	178	179	180	193	194	195	270	#
63	710.68	128	144	145	146	160	161	162	163	178	270	#
64	642.675	146	162	178	179	193	194	195	210	226	270	#
65	640.562	134	150	151	176	177	178	193	194	195	270	#
66	511.034	122	137	177	178	179	180	193	194	195	270	#
67	483.409	162	163	166	167	168	178	179	180	188	270	#
68	81.1762	207	223	#
69	276.991	135	136	137	152	153	271	#
70	327.953	108	122	123	124	137	271	#
71	323.343	136	152	153	167	168	271	#
72	311.534	4	5	20	137	153	271	#
73	307.849	136	137	152	180	196	271	#
74	156.738	118	119	134	135	151	271	#
75	342.256	41	42	56	57	58	73	74	272	#
76	435.157	41	42	57	58	73	74	91	272	#
77	387.612	25	26	27	42	56	57	58	272	#
78	372.649	40	55	56	57	73	74	90	272	#
79	329.09	38	40	41	42	57	73	74	272	#
80	313.345	41	56	57	73	89	90	106	272	#
81	568.934	47	63	79	206	207	220	221	222	223	237	238	253	273	#
82	751.837	47	63	78	79	84	94	95	100	115	116	131	147	273	#
83	696.29	202	203	218	219	220	221	222	223	236	237	238	253	273	#
84	679.499	109	190	203	205	207	219	221	222	223	236	237	238	273	#
85	670.221	45	46	60	61	62	63	76	77	78	79	94	95	273	#
86	668.165	188	204	205	207	221	222	236	237	238	251	252	253	273	#
87	201.232	119	135	136	274	#
88	269.315	103	118	119	274	#
89	262.098	136	137	152	274	#
90	133.648	118	119	135	274	#
91	575.78	109	124	125	126	140	141	142	143	275	#
92	632.676	118	119	124	135	140	141	157	158	275	#
93	619.191	123	124	125	139	140	141	142	157	275	#
94	575.864	123	124	125	139	140	141	142	143	275	#
95	572.041	126	127	139	140	141	142	143	250	275	#
96	524.976	123	124	125	126	141	142	169	174	275	#
97	235.095	65	66	82	83	276	#
98	265.057	65	66	81	82	276	#
99	245.935	66	67	82	83	276	#
100	221.415	66	82	83	98	276	#
101	196.008	49	65	66	82	276	#
102	526.549	65	66	67	82	83	129	130	131	277	#
103	647.681	43	44	129	130	131	132	148	164	277	#
104	642.652	33	34	48	49	64	65	81	97	277	#
105	634.352	32	48	64	65	66	67	81	97	277	#
106	597.43	98	99	114	129	130	131	132	228	277	#
107	544.745	97	113	114	128	129	130	144	145	277	#
108	942.381	11	25	26	27	28	41	42	43	44	58	59	74	91	278	#
109	942.096	5	27	43	58	59	74	75	90	91	92	106	107	108	278	#
110	891.061	50	61	76	77	89	90	91	92	106	107	108	122	124	278	#
111	890.186	26	27	28	41	42	43	44	47	57	58	59	62	63	278	#
112	869.861	26	27	42	43	58	59	74	75	90	91	107	199	200	278	#
113	831.143	8	23	24	25	26	42	58	59	61	62	63	75	79	278	#
114	754.205	3	4	5	19	20	21	36	37	52	279	#
115	712.083	2	4	5	19	20	21	34	35	36	279	#
116	711.827	4	5	20	21	22	37	51	52	67	279	#
117	674.935	5	21	36	37	52	81	118	144	194	279	#
118	673.704	4	5	20	21	22	34	35	36	37	279	#
119	669.484	2	3	4	5	19	20	21	36	37	279	#
120	435.572	202	217	218	219	233	234	235	236	280	#
121	553.076	186	200	201	202	218	233	234	249	280	#
122	542.584	196	200	201	217	218	233	234	235	280	#
123	482.689	201	202	217	218	233	234	235	250	280	#
124	478.764	201	202	217	218	233	234	235	251	280	#
125	428.797	153	154	155	185	201	217	235	236	280	#
126	758.303	117	132	133	134	148	149	150	151	165	167	281	#
127	843.905	133	134	149	150	153	165	166	167	168	169	281	#
128	841.043	117	132	133	134	135	136	149	150	165	181	281	#
129	768.282	117	132	133	134	149	150	151	165	166	167	281	#
130	763.79	82	134	148	149	150	151	165	181	197	213	281	#
131	720.126	132	148	171	210	211	225	226	227	241	242	281	#
132	291.168	67	83	98	99	282	#
133	319.832	2	51	52	67	282	#
134	303.47	51	67	83	99	282	#
135	206.771	83	98	99	114	282	#
136	168.821	82	83	98	99	282	#
137	398.883	122	123	163	179	195	196	283	#
138	503.333	163	179	195	196	197	198	283	#
139	485.514	49	65	81	121	122	137	283	#
140	362.683	120	121	122	123	124	138	283	#
141	328.511	147	148	149	163	179	195	283	#
142	307.487	163	179	180	195	196	211	283	#
143	450.637	127	143	156	157	158	159	171	174	175	284	#
144	674.209	27	139	141	155	156	157	158	159	172	284	#
145	559.293	139	140	141	153	154	155	156	171	172	284	#
146	534.311	141	142	143	156	157	158	159	174	175	284	#
147	508.064	127	142	143	156	157	158	159	172	174	284	#
148	469.498	141	155	156	157	158	171	173	174	188	284	#
149	365.3	65	66	67	189	285	#
150	402.561	189	190	204	205	285	#
151	276.054	49	65	66	67	285	#
152	265.861	50	51	66	67	285	#
153	188.693	66	67	68	83	285	#
154	1103.62	11	12	13	14	25	27	29	30	42	43	44	45	58	286	#
155	1038.49	11	12	25	27	28	29	41	42	43	44	45	58	60	286	#
156	1030.72	11	12	13	14	27	28	29	30	43	44	45	143	159	286	#
157	1024.45	11	12	13	14	27	28	29	30	31	43	44	45	61	286	#
158	1002.39	11	27	32	33	43	44	45	48	49	60	64	65	80	286	#
159	916.761	11	12	13	14	27	28	29	30	31	43	45	47	60	286	#
160	350.667	215	231	246	247	248	249	287	#
161	473.887	28	181	229	230	231	247	287	#
162	438.52	183	184	199	200	201	215	287	#
163	404.355	195	196	213	214	229	246	287	#
164	398.957	228	229	230	244	246	247	287	#
165	358.149	233	247	248	249	250	251	287	#
166	219.47	134	151	166	167	288	#
167	320.665	166	167	168	182	288	#
168	296.79	166	167	182	183	288	#
169	235.861	103	118	134	135	288	#
170	225.691	136	151	152	242	288	#
171	536.366	141	157	158	172	173	174	175	289	#
172	532.756	3	172	173	188	189	190	205	289	#
173	523.379	157	158	173	174	189	190	206	289	#
174	476.946	157	158	159	173	174	189	190	289	#
175	445.958	157	158	159	172	173	174	175	289	#
176	440.191	125	140	141	142	157	158	159	289	#
177	43.8547	160	#
178	163.218	235	251	290	#
179	148.277	235	236	290	#
180	92.2018	251	252	290	#
181	322.263	214	229	230	291	#
182	307.737	229	230	245	291	#
183	306.723	212	213	214	291	#
184	224.173	230	246	#
185	1720.98	70	71	72	86	87	88	89	101	102	103	116	117	118	119	134	135	149	150	151	152	153	165	166	168	169	292	#
186	1749.77	28	99	100	101	116	117	118	119	133	134	135	136	148	149	150	151	152	153	165	166	167	168	182	183	184	292	#
187	1706.29	70	71	72	87	88	89	103	105	106	116	117	118	119	120	133	134	135	148	149	150	151	165	166	181	244	292	#
188	1698.01	118	119	120	121	133	134	135	136	137	150	151	152	153	165	166	167	168	181	182	183	184	199	200	201	216	292	#
189	1690.43	0	1	2	3	17	18	19	35	134	135	148	149	150	151	164	165	166	181	182	183	184	197	198	214	230	292	#
190	1671.07	86	87	88	89	103	104	105	106	118	119	120	121	122	133	134	135	136	137	150	151	152	153	168	183	184	292	#
191	704.108	128	129	144	145	146	160	161	162	163	177	178	293	#
192	757.01	81	96	97	112	113	128	129	144	145	146	160	293	#
193	750.286	136	146	151	152	162	167	168	169	178	179	183	293	#
194	741.252	80	96	97	112	113	128	129	130	131	146	162	293	#
195	740.879	64	65	128	144	145	146	147	160	161	177	178	293	#
196	708.118	80	81	96	97	112	113	128	129	130	144	160	293	#
197	1220.07	115	128	130	131	132	144	145	146	147	148	161	162	163	164	177	178	179	294	#
198	1381.37	97	100	114	115	130	131	132	133	134	147	148	149	150	151	165	181	197	294	#
199	1293.89	145	146	148	161	162	164	165	177	178	179	180	181	193	194	197	209	210	294	#
200	1270.17	97	114	115	130	131	132	133	145	146	147	148	161	162	176	177	178	193	294	#
201	1224.27	97	98	113	114	115	130	131	132	144	145	146	147	148	161	162	164	180	294	#
202	1215.42	54	69	70	71	128	129	130	144	145	146	147	161	162	164	177	178	179	294	#
203	741.329	49	64	65	66	80	81	96	97	112	113	295	#
204	916.095	34	49	50	51	64	65	66	81	96	97	295	#
205	882.698	64	80	81	96	97	114	115	129	130	146	295	#
206	834.605	81	96	97	98	112	113	114	115	129	130	295	#
207	821.903	51	52	73	74	81	91	98	114	129	130	295	#
208	813.741	81	96	97	112	113	114	121	128	129	144	295	#
209	592.252	39	40	41	42	56	57	58	59	72	73	74	91	296	#
210	744.281	74	90	91	106	107	122	123	136	137	138	153	169	296	#
211	694.836	26	30	31	42	43	58	74	76	91	92	107	123	296	#
212	670.886	26	27	42	43	44	57	58	59	60	61	62	63	296	#
213	559.497	38	39	40	41	42	55	56	57	58	59	71	87	296	#
214	549.667	39	41	42	43	56	57	58	59	71	72	74	88	296	#
215	1729.56	27	28	29	35	43	45	46	51	52	59	60	61	62	67	68	75	76	77	78	79	84	92	94	95	108	174	189	190	297	#
216	2067.34	43	44	47	59	60	61	62	63	75	76	77	78	92	94	95	108	110	111	126	160	161	195	196	211	212	213	228	229	297	#
217	2020.55	37	38	52	68	69	84	85	86	100	101	102	115	116	117	118	129	130	131	132	133	145	146	148	149	165	166	181	182	297	#
218	1910.23	10	13	25	26	27	28	29	39	40	41	42	43	44	45	58	60	61	72	73	74	75	76	77	88	89	92	105	195	297	#
219	1895.36	10	25	26	27	28	42	43	44	45	46	58	59	60	61	62	74	75	76	77	78	89	90	91	92	108	110	124	140	297	#
220	1865.25	25	27	28	41	42	43	44	45	58	59	60	61	62	75	76	77	78	79	92	94	95	108	109	110	111	126	127	142	297	#
221	257.982	111	125	126	127	143	298	#
222	362.624	127	145	146	161	162	298	#
223	282.979	111	127	141	142	143	298	#
224	279.732	123	124	125	139	140	298	#
225	251.08	109	125	126	140	141	298	#
226	225.869	111	126	127	143	159	298	#
227	536.99	213	228	229	230	231	232	243	244	245	299	#
228	721.739	181	197	198	214	215	229	230	231	245	299	#
229	701.176	198	209	214	228	229	230	231	244	247	299	#
230	670.506	198	214	228	229	230	231	243	244	245	299	#
231	629.971	198	199	200	213	214	215	216	230	231	299	#
232	629.661	210	211	225	226	227	228	243	244	245	299	#
233	1202.26	176	177	180	192	193	195	196	197	211	212	213	214	227	228	229	230	231	243	244	245	246	300	#
234	1386.57	8	9	10	16	17	23	24	26	161	177	192	193	208	209	220	224	225	233	234	235	236	300	#
235	1369.46	43	60	130	146	160	161	162	176	177	178	192	193	194	195	196	209	210	211	225	226	242	300	#
236	1354.21	10	26	32	33	48	64	172	196	198	211	212	213	214	229	230	231	232	245	246	247	248	300	#
237	1352.86	71	86	87	88	101	102	103	180	196	211	212	214	228	229	230	231	244	245	246	247	248	300	#
238	1335.52	101	116	117	133	134	150	151	162	163	164	166	167	168	177	178	179	180	183	196	213	229	300	#
239	64.6649	185	#
240	583.056	165	166	180	181	182	183	198	301	#
241	658.727	148	165	166	167	182	198	214	301	#
242	657.918	149	165	166	182	183	198	214	301	#
243	618.52	148	150	165	166	167	182	183	301	#
244	587.066	149	165	166	181	182	198	245	301	#
245	582.185	165	166	167	168	181	182	183	301	#
246	633.074	173	174	190	205	206	207	222	238	302	#
247	690.318	123	139	140	190	205	206	207	222	302	#
248	682.264	48	117	190	206	207	222	238	239	302	#
249	598.669	174	175	190	206	207	210	221	222	302	#
250	554.752	174	189	190	205	206	207	221	222	302	#
251	551.598	190	206	207	222	223	238	239	240	302	#
252	37.8623	178	#
253	203.287	161	177	303	#
254	152.162	160	161	303	#
255	150.795	177	178	303	#
256	226.901	181	197	304	#
257	159.072	197	213	304	#
258	2200.12	105	150	151	153	154	155	156	164	166	170	180	181	182	183	184	195	196	197	200	210	211	212	213	214	224	225	226	227	228	229	230	243	244	245	246	305	#
259	2659.7	19	34	35	37	50	51	52	152	155	156	157	166	168	170	171	172	173	182	183	184	185	186	187	188	203	204	205	207	219	221	222	235	236	243	244	305	#
260	2520.97	133	134	135	139	150	152	153	155	156	157	158	166	168	169	171	172	173	181	182	183	184	185	186	188	196	197	198	199	200	201	213	229	230	246	247	305	#
261	2496.07	64	65	80	81	166	181	182	187	197	203	204	205	213	214	219	220	221	227	228	229	230	233	234	235	236	243	244	245	246	247	249	250	251	252	253	305	#
262	2489.55	131	132	134	136	148	150	151	152	153	154	165	166	168	169	181	182	183	184	185	186	196	197	199	200	201	211	212	213	214	227	228	229	230	245	246	305	#
263	2479.83	34	136	139	143	152	155	156	157	158	159	168	171	172	173	175	184	185	186	187	188	189	190	199	200	201	203	204	205	206	220	221	237	238	239	253	305	#
264	398.517	73	89	90	106	107	121	122	306	#
265	499.51	71	72	73	74	90	91	92	306	#
266	470.018	73	74	89	90	105	106	122	306	#
267	421.835	104	119	120	121	122	136	137	306	#
268	417.015	73	74	89	90	91	106	107	306	#
269	406.592	91	105	107	121	122	123	138	306	#
270	562.253	27	40	41	42	43	44	58	75	307	#
271	539.502	27	28	41	42	43	44	58	60	307	#
272	520.013	25	39	40	41	42	57	58	75	307	#
273	476.415	9	25	39	40	41	42	118	134	307	#
274	461.975	25	26	40	41	42	43	58	75	307	#
275	451.795	25	40	41	42	43	58	59	75	307	#
276	83.3317	135	136	308	#
277	110.124	120	136	308	#
278	1597.11	130	131	132	146	147	149	161	162	163	164	165	166	177	178	179	180	181	183	193	194	195	196	197	198	309	#
279	1806.79	66	117	133	134	135	136	146	147	148	149	151	162	163	165	166	167	179	181	182	183	197	198	213	214	309	#
280	1752.9	39	56	72	87	88	114	130	145	146	147	148	149	160	161	162	163	165	166	178	179	180	181	196	197	309	#
281	1748.04	133	149	163	165	166	167	179	180	181	182	183	196	197	198	212	213	214	226	227	228	229	230	244	246	309	#
282	1729.37	114	118	130	133	134	135	136	146	147	148	149	150	151	152	162	165	166	167	168	180	181	183	196	197	309	#
283	1703.1	85	101	116	117	132	133	134	147	148	149	150	151	164	165	166	167	180	181	182	183	196	197	198	214	309	#
284	742.192	145	161	162	163	176	177	178	179	192	193	194	310	#
285	872.896	161	176	177	192	193	194	195	209	210	211	226	310	#
286	828.405	165	166	176	177	178	179	181	182	183	192	195	310	#
287	760.462	106	145	160	161	176	177	178	193	209	210	225	310	#
288	742.62	156	171	172	177	186	192	193	194	208	209	210	310	#
289	741.86	145	160	161	162	163	176	177	178	179	192	193	310	#
290	281.74	110	111	127	141	142	143	311	#
291	355.519	140	141	142	157	173	189	311	#
292	334.204	78	79	94	95	110	111	311	#
293	248.665	111	127	141	142	143	159	311	#
294	243.345	108	109	124	125	140	141	311	#
295	243.336	108	109	110	111	127	143	311	#
296	172.743	120	135	136	137	312	#
297	219.709	22	135	136	152	312	#
298	171.992	135	136	137	153	312	#
299	1278.92	10	13	14	15	26	27	28	30	42	43	44	45	46	60	61	62	78	313	#
300	1349.58	14	15	27	28	30	42	43	45	46	59	60	61	62	76	91	92	115	313	#
301	1219.65	4	5	8	11	12	13	14	21	22	23	24	28	29	30	44	45	46	313	#
302	1219.63	12	13	14	15	28	30	31	43	45	46	60	61	62	76	78	91	92	313	#
303	1199.05	11	12	13	14	15	26	27	28	30	42	43	44	45	46	59	61	76	313	#
304	1162.52	10	11	12	25	27	28	42	43	44	45	46	60	61	62	75	76	92	313	#
305	58.9072	7	23	39	178	#
306	291.454	13	14	30	314	#
307	202.24	14	30	46	314	#
308	136.584	12	13	29	314	#
309	281.736	13	14	29	30	46	146	315	#
310	321.602	13	14	29	30	45	46	315	#
311	302.818	14	29	30	45	46	64	315	#
312	301.61	14	29	30	45	46	62	315	#
313	291.182	30	45	46	60	62	63	315	#
314	219.887	13	14	29	30	46	162	315	#
315	411.003	13	14	29	30	31	46	316	#
316	418.729	14	30	46	61	62	78	316	#
317	414.201	12	13	14	28	29	44	316	#
318	410.116	10	11	12	13	14	28	316	#
319	409.329	13	14	29	30	46	62	316	#
320	388.109	12	13	14	29	30	31	316	#
321	1739.83	11	23	26	27	188	189	190	204	205	206	207	218	219	220	221	222	223	233	234	235	236	237	238	249	250	252	253	317	#
322	1946.63	5	91	92	156	171	185	186	187	201	202	207	217	218	219	220	221	222	223	233	234	235	236	238	249	250	251	253	317	#
323	1902.76	168	173	183	184	185	186	189	190	200	201	204	205	206	207	216	217	218	219	220	221	222	233	234	235	236	249	250	317	#
324	1893.02	90	91	92	107	108	123	155	156	157	171	172	186	188	204	205	220	221	229	230	236	238	246	247	248	249	252	253	317	#
325	1868.78	10	11	12	25	26	27	28	41	42	43	44	60	134	148	150	151	152	165	166	167	181	182	183	197	198	214	230	317	#
326	1849.84	156	171	185	186	187	199	200	201	202	216	217	218	219	229	230	231	232	233	234	235	246	247	248	249	250	251	252	317	#
327	128.656	106	122	137	318	#
328	191.047	122	137	153	318	#
329	112.724	106	107	108	318	#
330	37.0154	158	174	#
331	182.946	12	28	319	#
332	124.149	11	12	319	#
333	326.957	127	143	159	174	175	190	320	#
334	460.456	174	190	204	205	206	221	320	#
335	451.73	0	159	174	175	190	191	320	#
336	409.127	143	159	175	203	204	205	320	#
337	347.519	125	126	127	141	142	143	320	#
338	327.461	158	159	174	175	190	191	320	#
339	1544.35	54	69	70	71	84	85	86	87	89	99	100	101	102	103	104	105	116	117	118	119	121	197	212	213	228	321	#
340	1705.91	19	30	31	34	35	47	50	51	52	63	64	65	66	67	82	83	98	99	105	121	135	136	137	153	154	321	#
341	1687.25	11	26	27	28	41	42	43	44	45	58	59	74	85	89	90	104	105	106	107	108	120	121	167	183	231	321	#
342	1604.16	14	15	29	30	31	45	46	61	75	76	77	83	84	85	98	99	100	115	116	117	131	132	146	147	148	321	#
343	1586.66	4	5	6	20	21	34	35	36	50	51	53	66	67	68	83	84	86	99	100	101	102	116	117	118	144	321	#
344	1574.31	51	67	89	101	102	103	104	105	117	118	119	121	134	135	136	137	153	165	167	169	181	182	183	197	198	321	#
345	452.557	12	13	14	15	29	30	31	110	322	#
346	572.169	14	15	30	31	47	63	212	213	322	#
347	572.064	14	15	30	31	46	47	62	63	322	#
348	526.083	13	14	15	29	30	31	46	47	322	#
349	518.277	12	13	14	28	29	30	31	46	322	#
350	442.735	13	14	29	30	31	46	62	93	322	#
351	86.3598	231	#
352	262.097	5	21	37	323	#
353	222.215	5	20	21	323	#
354	205.369	21	37	38	323	#
355	197.437	5	6	21	323	#
356	216.471	57	73	74	324	#
357	285.522	73	74	89	324	#
358	167.12	56	57	58	324	#
359	173.545	187	203	219	325	#
360	217.049	203	219	235	325	#
361	148.593	187	203	204	325	#
362	67.6455	143	159	#
363	587.591	139	141	154	155	156	157	170	171	172	173	188	326	#
364	753.106	74	90	91	106	120	121	123	139	155	156	172	326	#
365	714.654	1	2	17	32	33	155	156	157	158	172	173	326	#
366	706.803	67	68	69	109	125	126	141	142	156	157	158	326	#
367	681.107	9	25	42	52	156	157	158	159	172	173	189	326	#
368	661.703	154	156	170	171	185	186	201	202	216	217	218	326	#
369	423.645	71	87	88	103	104	119	135	327	#
370	552.681	87	88	89	104	120	136	152	327	#
371	547.115	39	55	70	71	72	73	87	327	#
372	535.578	70	71	86	87	103	119	120	327	#
373	514.211	86	87	103	104	119	120	135	327	#
374	472.775	88	104	105	119	120	135	136	327	#
375	64.0233	25	#
376	19.6503	8	9	#
377	1129.26	22	38	39	53	54	55	56	70	86	87	102	118	119	133	134	150	165	329	#
378	1487.23	115	116	130	131	132	133	134	146	147	148	149	150	165	166	207	222	255	329	#
379	1421.84	101	111	115	116	117	127	132	133	134	142	143	148	149	150	164	165	181	329	#
380	1402.76	38	54	69	70	85	86	87	101	102	103	115	116	117	118	132	133	148	329	#
381	1304.83	69	84	85	86	87	100	101	102	103	104	115	116	117	118	132	134	151	329	#
382	1262.4	69	84	85	90	100	101	102	115	116	117	118	132	133	149	196	213	214	329	#
383	2906.76	144	145	151	161	166	167	168	169	177	178	179	183	184	185	192	193	194	199	200	208	209	210	214	215	216	217	219	220	225	226	227	230	231	232	234	235	236	243	245	246	247	248	249	250	251	252	330	#
384	3420.95	67	83	84	88	89	99	104	106	107	115	120	121	122	123	132	133	134	135	136	137	138	139	140	148	149	150	151	152	153	154	155	165	166	167	168	171	181	182	183	184	185	187	188	199	200	215	330	#
385	3414.65	89	100	104	105	114	115	116	117	118	119	120	121	123	124	129	130	131	132	133	134	135	136	137	138	139	140	146	147	148	149	150	151	152	153	154	155	165	166	167	168	169	181	182	183	197	213	330	#
386	3399.51	15	31	81	96	112	113	118	119	120	128	129	130	134	135	136	137	144	145	146	149	150	151	152	153	154	155	160	161	165	166	167	168	169	171	182	184	185	186	187	199	200	201	207	217	223	239	330	#
387	3388.85	33	65	80	81	96	106	112	113	118	120	122	123	128	134	136	137	138	139	149	150	151	152	153	165	166	167	168	181	182	183	192	193	194	208	209	210	211	212	224	225	226	227	228	243	244	245	330	#
388	3365.19	122	132	133	134	137	138	149	150	151	152	153	165	166	167	168	183	184	185	197	198	199	200	201	212	213	214	215	216	217	218	227	228	229	230	231	232	233	234	235	236	245	246	247	248	249	250	330	#
389	771.92	207	221	222	223	235	236	237	238	239	252	253	254	255	331	#
390	977.224	87	88	89	103	141	221	222	223	237	238	239	253	255	331	#
391	848.234	71	217	218	219	222	233	234	235	236	237	238	251	252	331	#
392	828.362	202	203	217	218	219	232	233	236	238	239	252	253	255	331	#
393	824.81	204	205	221	223	234	237	238	239	240	250	251	252	253	331	#
394	816.064	204	205	207	212	221	223	237	238	239	252	253	254	255	331	#
395	682.242	165	179	180	181	194	195	196	197	212	213	332	#
396	931.323	88	103	104	119	148	150	165	166	181	197	332	#
397	835.498	148	165	166	179	181	195	196	197	212	213	332	#
398	777.804	148	149	150	166	167	168	181	182	183	197	332	#
399	721.346	166	181	182	195	196	197	198	212	213	229	332	#
400	662.074	113	114	130	131	147	148	163	164	165	179	332	#
401	603.143	43	59	60	61	62	133	213	229	230	245	246	333	#
402	831.403	213	214	229	230	233	244	245	246	247	248	249	333	#
403	800.151	116	196	212	213	214	229	230	245	246	247	248	333	#
404	767.718	25	26	27	41	42	43	58	59	74	83	99	333	#
405	732.214	13	29	30	31	45	46	61	62	76	77	94	333	#
406	722.844	184	199	200	216	217	229	230	232	233	245	246	333	#
407	145.562	45	60	334	#
408	168.897	45	46	334	#
409	520.744	53	54	55	67	68	69	84	85	86	335	#
410	657.69	51	53	54	67	68	69	70	84	100	335	#
411	639.769	50	51	65	66	67	81	82	83	98	335	#
412	638.591	53	54	55	145	146	160	161	162	177	335	#
413	573.163	52	53	67	68	69	82	83	84	250	335	#
414	557.741	53	54	55	68	69	70	71	87	88	335	#
415	195.503	27	42	43	336	#
416	238.408	26	27	28	336	#
417	189.163	42	43	196	336	#
418	144.405	26	42	43	336	#
419	764.659	133	148	149	150	165	166	167	168	181	183	337	#
420	776.788	134	147	148	150	164	165	166	167	181	183	337	#
421	737.95	21	37	38	148	150	164	165	179	180	181	337	#
422	726.58	100	116	117	133	134	147	148	149	163	165	337	#
423	682.052	146	147	150	161	162	163	166	167	179	183	337	#
424	673.934	119	133	134	135	148	149	150	164	165	181	337	#
425	546.3	113	129	145	146	147	162	163	338	#
426	589.599	115	116	131	132	146	147	148	338	#
427	540.23	145	146	147	160	161	162	163	338	#
428	495.586	145	146	147	148	162	177	178	338	#
429	449.235	41	58	74	146	147	162	163	338	#
430	443.395	112	113	114	128	129	145	146	338	#
431	430.535	225	226	227	228	240	241	242	339	#
432	552.835	176	192	193	209	210	225	226	339	#
433	545.354	209	210	225	226	227	241	242	339	#
434	540.013	209	210	211	225	226	241	242	339	#
435	451.914	166	183	184	185	240	241	242	339	#
436	425.589	180	210	226	227	228	241	242	339	#
437	139.312	12	13	340	#
438	149.068	11	12	340	#
439	2265.02	51	66	67	68	80	81	82	83	84	96	98	99	100	112	113	114	115	116	121	128	129	130	144	145	160	161	162	163	176	177	178	192	193	194	341	#
440	2534.54	10	24	25	26	45	49	53	64	65	67	68	69	80	81	84	85	86	87	88	96	98	99	100	102	112	113	114	115	116	129	130	132	192	208	341	#
441	2445.66	52	53	64	67	68	80	81	84	85	94	95	96	97	98	99	100	112	114	115	116	117	128	129	130	142	144	145	146	160	162	163	176	177	178	341	#
442	2337.42	17	18	33	34	35	51	52	53	66	67	68	69	70	72	82	83	84	85	86	87	88	98	99	100	102	114	115	129	130	145	164	165	180	196	341	#
443	2331.57	119	120	121	129	130	136	137	138	145	147	150	151	152	153	160	161	162	163	164	165	166	169	176	177	178	179	180	182	183	192	193	194	208	209	341	#
444	2277.15	67	68	69	70	80	81	82	83	84	85	86	87	96	97	98	99	100	101	102	103	112	113	114	115	116	117	129	130	131	133	145	161	192	208	341	#
445	1516.49	103	118	119	120	122	123	135	136	137	138	139	153	154	155	156	157	170	171	172	185	186	187	201	203	342	#
446	1713.85	122	123	136	137	138	139	140	141	153	154	155	156	157	158	171	172	173	174	185	186	187	189	201	205	342	#
447	1686.46	155	156	157	158	171	172	173	174	175	184	185	186	187	189	190	201	202	203	204	205	206	217	222	233	342	#
448	1648.03	13	29	30	141	155	156	157	158	171	172	173	174	184	185	186	187	188	189	190	201	202	204	205	206	342	#
449	1617	102	103	118	119	122	135	136	137	138	153	160	161	177	178	192	193	194	208	209	210	211	225	226	227	342	#
450	1585.96	53	103	119	135	136	137	138	139	140	141	153	154	155	156	157	158	169	170	171	172	173	185	186	187	342	#
451	292.864	70	71	86	87	102	103	343	#
452	381.666	86	87	206	207	222	223	343	#
453	381.22	74	86	87	102	103	134	343	#
454	379.801	39	40	55	71	87	167	343	#
455	330.139	55	70	71	85	86	87	343	#
456	268.548	85	86	102	117	118	134	343	#
457	664.368	25	39	40	41	56	57	58	72	73	74	246	344	#
458	779.398	21	23	37	38	39	41	52	56	57	58	73	344	#
459	729.13	57	70	71	72	73	74	86	87	88	89	90	344	#
460	727.982	23	38	39	40	56	58	61	75	76	77	213	344	#
461	710.592	24	25	41	64	80	81	229	231	245	246	247	344	#
462	701.269	21	23	37	38	39	40	41	52	53	54	56	344	#
463	1478.3	115	131	132	133	147	148	149	150	151	162	163	164	165	167	179	180	181	182	183	195	196	197	213	229	345	#
464	1795.91	136	137	150	151	152	165	166	167	168	181	182	183	184	197	198	199	200	201	216	217	218	233	234	235	345	#
465	1792.24	115	132	133	136	149	150	151	152	153	164	165	166	167	168	181	182	183	196	197	198	213	214	230	231	345	#
466	1786.44	81	96	112	113	115	116	128	129	130	131	132	133	144	146	147	148	160	162	163	164	165	178	179	181	345	#
467	1771.96	181	196	197	199	200	201	204	205	207	213	214	215	216	221	222	228	229	230	231	232	244	245	246	247	345	#
468	1763.6	57	73	74	89	90	91	106	119	120	122	136	137	138	150	151	152	153	165	167	168	169	181	184	197	345	#
469	123.902	76	77	346	#
470	178.837	77	78	346	#
471	174.202	76	92	346	#
472	118.662	134	#
473	194.734	218	219	234	347	#
474	180.898	234	235	251	347	#
475	176.885	202	218	219	347	#
476	89.1475	54	#
477	436.823	212	227	228	229	230	243	244	348	#
478	602.57	212	213	229	230	244	245	246	348	#
479	593.986	213	214	229	230	244	245	246	348	#
480	551.156	213	229	230	231	246	247	248	348	#
481	504.121	212	214	228	229	244	245	246	348	#
482	349.636	211	212	226	227	228	243	244	348	#
483	479.804	80	81	96	97	112	113	128	349	#
484	595.951	80	81	96	97	112	114	130	349	#
485	574.267	80	81	96	97	112	128	144	349	#
486	552.125	96	97	98	112	113	114	130	349	#
487	510.381	48	64	80	81	96	97	114	349	#
488	507.694	112	113	128	129	130	145	146	349	#
489	376.622	72	73	89	90	106	350	#
490	415.385	89	90	106	122	137	350	#
491	359.505	74	89	90	106	121	350	#
492	331.792	7	57	73	74	89	350	#
493	315.372	57	73	74	89	105	350	#
494	296.315	56	72	73	74	90	350	#
495	627.442	0	1	2	16	17	18	19	33	35	36	351	#
496	774.464	5	6	19	20	21	35	36	37	52	68	351	#
497	762.114	0	1	2	16	19	20	21	35	36	37	351	#
498	703.381	3	19	20	21	35	36	37	51	52	68	351	#
499	672.822	2	18	19	20	34	35	36	37	38	50	351	#
500	670.227	0	1	2	16	17	19	20	33	34	35	351	#
501	896.345	172	188	189	190	202	203	204	205	206	207	222	352	#
502	924.229	120	121	136	188	189	190	204	205	206	221	222	352	#
503	868.185	25	26	27	188	203	204	205	219	221	235	236	352	#
504	846.538	173	174	175	188	189	190	204	205	206	207	222	352	#
505	838.473	186	187	188	189	202	203	204	205	219	235	251	352	#
506	816.825	186	187	188	189	190	201	202	203	204	205	206	352	#
507	59.3289	244	#
508	447.732	188	205	206	221	223	237	238	239	253	254	353	#
509	586.907	43	171	187	188	189	205	206	207	222	223	353	#
510	583.087	205	206	207	222	223	236	237	238	252	253	353	#
511	546.009	103	172	188	189	205	221	237	238	253	254	353	#
512	512.092	98	113	114	128	129	223	237	238	239	254	353	#
513	477.566	207	208	221	223	224	225	237	238	239	254	353	#
514	359.97	26	27	43	58	59	60	75	143	159	354	#
515	523.242	110	111	124	125	127	140	141	142	143	354	#
516	505.24	12	13	14	27	28	42	43	44	60	354	#
517	455.939	26	43	45	59	60	75	76	77	94	354	#
518	402.844	40	41	42	43	56	57	58	59	60	354	#
519	362.293	27	40	41	42	43	58	59	60	75	354	#
520	216.002	209	210	355	#
521	190.848	210	211	355	#
522	1366.22	74	89	90	91	93	106	107	108	109	110	111	121	122	123	124	126	127	137	138	140	141	142	156	157	172	356	#
523	1785.88	130	141	142	155	156	157	158	159	171	172	173	175	186	189	190	205	206	220	221	222	223	236	238	254	255	356	#
524	1743.99	41	57	58	72	73	87	88	89	90	91	92	103	104	105	106	107	108	118	119	122	123	124	134	135	137	356	#
525	1700.71	32	33	70	71	72	73	87	88	104	105	106	108	119	120	122	123	124	135	136	137	138	153	239	254	255	356	#
526	1655.2	106	107	122	123	124	137	138	139	140	161	176	177	192	193	194	195	196	208	209	210	211	226	227	228	244	356	#
527	1654.83	77	94	95	154	155	156	157	171	172	173	174	185	186	187	188	189	190	201	203	204	205	206	207	222	223	356	#
528	558.15	80	81	82	83	96	97	98	113	114	130	146	357	#
529	773.095	34	50	65	66	82	83	92	108	124	140	209	357	#
530	754.403	81	97	114	130	131	132	146	162	176	177	178	357	#
531	716.161	65	66	80	81	96	97	98	113	114	141	157	357	#
532	697.219	65	80	81	96	97	113	114	130	236	251	252	357	#
533	687.681	80	81	96	97	100	101	114	115	130	131	198	357	#
534	243.681	222	223	238	358	#
535	260.346	206	222	238	358	#
536	198.338	206	207	222	358	#
537	356.368	144	145	146	359	#
538	272.486	145	146	161	359	#
539	239.491	128	129	144	359	#
540	134.702	70	86	360	#
541	167.927	69	70	360	#
542	214.218	25	42	43	361	#
543	262.313	24	25	42	361	#
544	173.852	43	44	60	361	#
545	153.394	25	26	42	361	#
546	272.518	32	49	50	65	66	82	362	#
547	396.466	36	50	51	66	67	83	362	#
548	325.699	16	32	33	91	92	108	362	#
549	274.154	48	49	64	65	66	97	362	#
550	109.893	185	186	363	#
551	118.086	171	186	363	#
552	651.717	8	9	10	11	24	25	27	42	364	#
553	734.219	11	25	26	27	28	42	43	44	364	#
554	663.686	10	11	25	26	27	28	44	60	364	#
555	616.592	9	10	11	25	26	27	42	43	364	#
556	610.318	9	10	11	27	28	42	43	166	364	#
557	590.451	9	10	11	23	24	25	26	42	364	#
558	430.411	12	28	44	45	46	60	365	#
559	473.562	12	13	27	28	43	44	365	#
560	442.034	28	42	43	44	45	60	365	#
561	441.672	12	28	44	59	60	201	365	#
562	375.173	12	28	43	44	59	60	365	#
563	316.181	27	43	44	45	59	60	365	#
564	398.747	220	221	222	236	238	252	366	#
565	496.936	207	222	238	239	253	254	366	#
566	442.28	53	207	220	221	222	238	366	#
567	334.644	220	221	222	237	238	254	366	#
568	309.261	234	235	236	250	251	252	366	#
569	295.681	220	236	237	251	252	253	366	#
570	1887.57	12	13	14	28	29	30	41	42	43	44	45	46	47	59	60	61	62	63	70	71	72	75	76	77	78	79	88	94	95	367	#
571	2103.14	9	10	11	12	13	14	25	26	28	29	42	43	44	45	46	58	59	60	61	72	73	74	75	76	77	89	98	214	230	367	#
572	2090.83	28	43	44	45	46	47	58	59	60	61	62	63	75	76	77	78	79	81	94	96	97	108	109	110	112	113	124	125	129	367	#
573	2027.3	9	10	11	12	13	25	26	27	28	29	41	42	43	44	45	58	59	60	61	75	76	77	100	101	115	116	131	132	184	367	#
574	1981.59	31	42	43	44	45	46	47	59	60	61	62	63	75	76	77	78	79	95	118	153	168	169	184	185	200	201	202	218	234	367	#
575	1979.73	10	11	12	13	14	25	26	27	28	29	30	41	42	43	44	45	59	60	61	75	76	77	93	108	109	110	111	125	127	367	#
576	1256.27	12	13	14	28	29	30	31	38	45	46	54	60	61	62	63	75	76	77	78	94	95	368	#
577	1555.85	11	12	13	14	26	27	28	29	30	31	44	45	46	47	60	62	75	76	77	78	94	368	#
578	1528.79	11	12	13	14	15	27	28	29	30	31	44	45	46	47	61	62	63	76	77	78	94	368	#
579	1527.56	7	8	9	11	12	13	14	22	23	24	26	27	28	29	30	31	38	39	44	47	63	368	#
580	1434.72	13	14	29	44	45	57	58	60	61	62	74	75	76	77	78	91	92	93	94	95	108	368	#
581	1434.65	14	15	29	30	31	45	46	47	62	63	76	77	78	94	95	109	110	111	125	126	127	368	#
582	1395.49	1	2	3	5	19	20	22	33	34	35	36	37	38	39	48	49	52	64	80	81	96	97	369	#
583	1568.47	1	5	6	17	20	21	22	23	33	34	35	36	37	38	39	40	50	51	52	54	55	67	369	#
584	1528.8	48	49	50	51	64	65	66	67	80	81	96	97	112	114	115	116	131	147	148	158	159	233	369	#
585	1523.3	3	4	5	6	17	19	20	21	22	23	33	34	35	36	37	39	40	50	51	52	66	67	369	#
586	1480.01	34	48	49	50	51	64	65	66	67	80	81	82	83	96	97	98	112	114	115	130	131	147	369	#
587	1446.14	5	6	20	35	36	37	50	51	52	53	54	55	66	67	68	69	83	84	85	100	254	255	369	#
588	607.159	192	193	194	195	209	224	225	237	238	370	#
589	806.198	161	177	193	194	208	209	210	224	225	370	#
590	757.972	192	193	194	208	209	210	224	225	226	370	#
591	751.341	193	194	195	196	209	210	224	225	226	370	#
592	742.417	177	192	193	194	208	209	210	224	225	370	#
593	731.469	177	193	194	195	208	209	210	225	226	370	#
594	192.823	82	83	98	371	#
595	267.247	84	98	99	371	#
596	129.303	61	76	77	186	372	#
597	145.182	45	61	62	63	372	#
598	206.016	171	183	184	185	186	373	#
599	279.067	156	171	185	186	202	373	#
600	226.198	182	183	184	185	201	373	#
601	216.453	171	186	187	188	205	373	#
602	155.607	184	185	186	187	188	373	#
603	118.261	95	#
604	271.148	210	211	226	374	#
605	297.169	210	211	225	374	#
606	294.259	210	211	212	374	#
607	53.0945	141	#
608	13.534	149	#
609	576.045	194	195	196	197	210	211	212	213	226	375	#
610	713.408	15	30	31	47	63	181	195	196	197	375	#
611	622.465	193	194	195	196	209	210	212	225	243	375	#
612	574.322	194	195	196	209	210	211	226	230	231	375	#
613	562.941	101	116	117	194	195	196	209	212	213	375	#
614	544.612	196	211	212	213	214	226	227	241	242	375	#
615	356.968	70	71	72	85	86	87	88	102	104	376	#
616	521.378	85	86	87	88	102	103	104	120	136	376	#
617	495.357	69	84	85	86	101	102	103	207	222	376	#
618	485.452	85	86	87	101	102	103	117	119	135	376	#
619	465.756	45	60	71	72	87	88	121	122	137	376	#
620	442.844	84	85	86	99	100	101	102	115	116	376	#
621	1129.12	0	1	2	16	17	18	19	32	33	34	35	40	41	48	49	56	57	64	65	66	67	80	81	96	100	112	113	377	#
622	1660.1	21	22	31	37	38	39	40	47	52	53	54	55	56	57	58	67	68	69	71	72	73	74	88	104	120	136	191	377	#
623	1650.59	0	1	2	3	4	16	17	18	19	20	21	32	33	34	35	36	37	48	49	165	166	168	181	182	183	184	241	377	#
624	1647.32	80	81	96	97	112	113	128	129	130	144	145	146	147	160	161	162	163	164	165	176	177	178	179	180	192	208	224	377	#
625	1631.6	62	67	70	71	83	84	85	86	87	99	100	101	102	103	104	105	115	116	119	120	132	133	134	135	149	150	166	377	#
626	1592.28	17	18	19	20	32	33	34	35	37	38	48	49	50	51	52	53	67	68	69	70	163	177	178	179	195	210	211	377	#
627	43.9689	86	#
628	413.293	151	152	168	184	200	216	217	378	#
629	574.972	149	150	151	152	165	166	168	378	#
630	553.693	136	151	152	153	168	169	184	378	#
631	509.545	135	136	151	152	153	168	169	378	#
632	472.199	168	183	184	199	200	215	216	378	#
633	428.92	37	151	167	168	169	183	184	378	#
634	214.929	29	45	46	60	61	76	77	379	#
635	252.555	29	45	60	61	62	76	125	379	#
636	260.136	5	21	22	37	380	#
637	236.816	8	21	22	23	380	#
638	192.796	14	36	37	155	380	#
639	97.6132	4	5	6	7	380	#
640	2230.69	97	98	114	130	144	145	146	147	148	149	162	163	164	178	179	180	182	195	196	197	198	211	212	213	214	227	228	229	230	231	243	244	245	246	247	248	249	381	#
641	2726.81	7	21	23	37	38	39	40	52	54	55	56	57	71	72	88	97	103	104	120	136	144	145	152	160	182	196	197	198	208	212	213	224	228	229	230	244	245	381	#
642	2624.15	18	19	20	21	23	24	25	26	27	28	34	37	42	43	60	109	113	125	128	129	130	144	145	146	161	195	196	197	213	228	229	230	244	245	246	247	248	381	#
643	2553.02	31	53	54	67	68	70	80	83	84	96	97	98	99	100	101	113	114	115	116	118	119	120	128	129	131	132	133	134	135	136	144	145	146	147	150	161	162	381	#
644	2507.48	91	92	103	104	105	106	107	108	115	119	120	122	123	128	129	130	131	135	136	137	138	144	145	146	147	148	160	161	162	164	177	178	179	180	193	196	209	381	#
645	2502.01	35	36	37	38	39	50	51	52	66	67	68	83	84	96	97	98	99	100	101	112	113	114	115	116	128	129	132	133	144	145	146	147	148	161	162	163	178	381	#
646	1600.31	153	154	155	156	157	172	173	174	185	186	187	188	189	190	202	203	204	205	206	207	219	222	382	#
647	1674.59	82	97	98	114	115	116	155	156	157	172	173	174	187	188	190	203	204	205	206	207	218	219	382	#
648	1632.12	117	120	122	123	132	133	134	136	137	138	139	151	152	153	154	155	156	157	168	169	170	186	382	#
649	1625.79	107	114	115	116	123	132	133	138	139	148	149	154	155	156	171	172	173	188	190	204	205	206	382	#
650	1614.12	123	136	137	138	139	140	141	142	151	152	153	154	155	156	157	170	173	175	188	191	204	205	382	#
651	1544.56	136	153	154	170	185	186	187	188	200	201	202	204	205	215	216	217	218	219	230	231	232	236	382	#
652	163.23	144	145	383	#
653	220.666	144	160	383	#
654	705.57	54	55	56	69	70	71	72	85	86	87	101	102	118	384	#
655	884.487	69	70	84	85	86	87	101	102	117	118	119	169	250	384	#
656	882.427	67	68	69	73	85	86	87	101	102	103	117	118	119	384	#
657	869.413	50	51	53	54	66	67	68	69	70	82	84	85	86	384	#
658	864.892	55	67	68	69	70	71	84	85	86	87	101	102	118	384	#
659	853.202	92	101	102	108	116	117	118	119	130	131	132	133	134	384	#
660	716.747	0	1	2	17	18	19	32	33	34	35	36	50	51	385	#
661	945.393	1	17	18	32	33	34	49	50	64	65	66	80	81	385	#
662	887.511	42	44	46	50	58	59	60	61	62	75	76	77	92	385	#
663	861.614	1	2	17	32	33	34	36	48	49	50	51	65	66	385	#
664	856.898	34	35	36	50	51	66	67	125	126	141	157	235	236	385	#
665	835.967	2	16	17	18	19	32	33	34	48	49	64	65	81	385	#
666	658.294	5	19	20	21	35	36	37	38	39	51	52	68	77	386	#
667	849.082	3	5	19	20	35	37	51	52	68	69	70	83	84	386	#
668	840.305	20	22	35	36	37	38	50	51	66	67	68	69	84	386	#
669	836.273	5	20	36	37	51	52	68	83	84	98	99	100	116	386	#
670	799.302	20	35	36	37	50	51	65	66	67	68	82	83	84	386	#
671	770.216	61	62	63	74	76	77	78	79	91	92	93	94	95	386	#
672	338.535	218	219	234	250	387	#
673	356.089	202	217	218	219	387	#
674	326.637	202	217	218	234	387	#
675	301.712	33	49	202	218	387	#
676	192.148	219	235	388	#
677	153.19	234	235	388	#
678	147.755	218	219	388	#
679	1016.57	1	2	3	4	5	6	16	17	18	19	20	21	34	35	37	51	52	68	389	#
680	1237.37	3	4	18	19	34	35	50	51	52	66	67	68	83	84	99	100	116	132	389	#
681	1219.46	2	3	4	5	17	18	19	20	21	34	35	37	51	52	67	68	83	84	389	#
682	1150.88	2	3	4	17	18	19	20	21	34	35	37	51	215	229	230	231	246	247	389	#
683	1146.25	3	4	19	20	21	22	23	24	25	34	35	36	37	38	41	51	52	57	389	#
684	1133.81	1	2	3	4	5	17	18	19	20	21	22	34	35	37	50	51	52	68	389	#
685	343.633	208	224	225	226	390	#
686	327.322	210	224	225	226	390	#
687	302.153	192	208	209	224	390	#
688	251.723	210	211	224	225	390	#
689	739.076	71	185	199	200	201	203	216	217	218	219	233	235	391	#
690	900.401	168	184	199	200	201	216	217	218	232	233	247	248	391	#
691	896.662	199	200	201	216	217	218	230	231	232	246	247	248	391	#
692	872.129	168	184	199	200	201	202	216	217	218	232	233	249	391	#
693	870.868	184	185	199	200	201	216	217	218	219	232	233	248	391	#
694	830.88	188	200	202	203	204	205	216	217	218	219	232	233	391	#
695	629.67	218	219	233	234	235	236	249	392	#
696	571.498	187	203	204	218	219	235	236	392	#
697	559.958	86	202	218	219	234	235	236	392	#
698	555.937	218	233	234	235	247	248	249	392	#
699	524.596	213	217	218	229	233	234	245	392	#
700	517.895	187	203	218	219	234	235	236	392	#
701	816.437	24	168	169	181	182	183	184	185	200	201	393	#
702	821.578	133	134	150	165	166	167	168	181	182	183	393	#
703	801.318	151	152	153	154	166	167	168	169	182	183	393	#
704	800.379	166	167	168	169	183	184	185	199	200	201	393	#
705	772.055	150	151	152	153	166	167	168	169	183	184	393	#
706	768.83	94	110	111	150	165	166	168	182	183	184	393	#
707	276.117	77	94	95	394	#
708	245.044	79	94	95	394	#
709	238.572	76	77	94	394	#
710	2927.25	0	1	16	17	20	32	33	34	35	36	48	49	50	51	52	53	54	55	56	64	65	66	67	68	69	70	72	73	80	81	82	83	84	85	86	88	89	97	98	99	100	102	115	116	155	171	172	395	#
711	3315.04	0	1	2	16	17	23	32	48	49	53	54	55	64	68	69	70	80	88	89	90	91	103	104	105	106	117	118	119	120	121	122	135	136	137	152	153	154	155	166	167	168	169	170	182	184	186	200	395	#
712	3158.98	0	1	2	3	4	5	16	17	18	19	20	21	22	32	33	34	35	36	37	38	48	49	50	51	52	53	54	64	65	67	68	69	70	82	83	84	85	86	88	99	101	102	103	104	105	119	154	395	#
713	3155.61	4	5	19	20	21	22	35	36	37	38	50	51	52	53	54	67	68	69	70	71	72	82	83	84	86	88	98	99	100	103	104	105	115	119	120	122	155	170	171	172	186	192	193	196	202	208	218	395	#
714	3137	0	1	2	3	4	5	16	17	18	19	20	21	22	23	32	33	34	35	36	37	38	48	49	50	51	52	53	54	55	64	65	66	67	68	69	70	71	72	73	86	88	89	102	103	104	105	214	395	#
715	3117.57	0	1	2	4	5	16	17	18	19	20	21	22	32	33	34	35	36	37	48	49	50	51	52	53	54	56	57	58	59	65	66	67	68	69	73	74	75	89	91	92	107	203	204	219	234	235	251	395	#
716	284.362	24	25	40	41	56	396	#
717	347.409	24	25	41	58	75	396	#
718	284.414	9	25	26	27	42	396	#
719	262.068	40	56	57	58	75	396	#
720	251.951	40	41	56	57	58	396	#
721	235.521	41	55	56	57	73	396	#
722	79.7303	153	#
723	332.295	144	145	160	161	397	#
724	315.615	129	144	145	160	397	#
725	273.685	80	129	145	161	397	#
726	270.396	145	161	162	178	397	#
727	559.03	71	72	73	87	88	102	103	104	118	134	398	#
728	587.587	71	72	73	87	102	103	104	118	133	134	398	#
729	525.728	119	133	134	135	150	151	152	153	165	167	398	#
730	518.28	39	40	56	72	87	88	89	102	103	104	398	#
731	512.766	3	56	72	73	76	106	121	122	123	139	398	#
732	497.474	70	86	87	88	102	103	104	105	118	120	398	#
733	906.647	147	148	163	164	165	179	180	181	195	196	197	198	211	212	399	#
734	1148.38	134	151	167	182	183	184	185	196	197	198	200	201	214	217	399	#
735	1115.96	164	165	180	181	182	183	196	197	198	214	215	230	231	247	399	#
736	1099.3	121	134	136	137	150	151	152	153	165	166	167	169	182	183	399	#
737	1049.22	147	148	150	163	164	165	166	179	180	181	182	196	197	198	399	#
738	1020.68	117	133	134	136	150	151	152	164	165	166	167	181	243	244	399	#
739	278.751	199	200	216	232	400	#
740	346.105	199	200	201	216	400	#
741	303.07	199	200	215	216	400	#
742	198.644	229	230	231	232	400	#
743	532.387	199	213	214	215	216	230	231	246	247	401	#
744	685.876	151	166	167	168	181	182	183	198	214	401	#
745	629.251	79	196	212	213	214	228	230	231	246	401	#
746	614.62	81	97	198	199	207	223	239	254	255	401	#
747	600.505	8	23	214	215	230	231	245	246	247	401	#
748	593.156	148	164	180	196	211	212	213	227	228	401	#
749	226.251	64	65	402	#
750	149.658	65	66	402	#
751	1302.83	85	96	100	101	102	112	114	115	116	117	118	119	120	128	129	131	132	133	145	148	403	#
752	1584.17	96	97	98	112	113	114	115	128	129	144	145	160	161	162	163	186	187	188	189	205	403	#
753	1501.24	27	28	43	80	81	82	83	96	97	98	99	112	113	114	115	128	129	130	131	145	403	#
754	1484.97	9	10	26	27	41	42	43	67	83	98	99	100	101	114	115	116	117	131	132	133	403	#
755	1476.54	9	10	99	100	101	114	115	116	117	131	132	133	148	157	172	173	187	188	204	205	403	#
756	1470.43	67	80	81	82	83	96	97	98	99	100	112	113	114	115	116	128	129	130	131	145	403	#
757	749.188	31	42	43	44	46	47	60	61	62	63	75	76	77	78	79	94	404	#
758	1038.85	15	31	47	58	61	62	63	75	76	77	79	215	231	245	246	247	404	#
759	1003.66	11	12	13	14	15	27	28	29	31	43	44	47	62	63	78	79	404	#
760	942.018	9	10	23	24	25	26	41	42	43	44	57	58	74	90	91	92	404	#
761	887.931	47	61	62	63	76	77	78	79	92	93	94	95	218	234	235	251	404	#
762	877.876	9	11	25	26	27	28	42	43	44	45	58	59	60	61	218	234	404	#
763	1619.71	51	52	53	68	148	164	179	180	181	182	194	195	196	197	198	209	210	211	212	213	214	229	230	231	405	#
764	1947.93	31	47	149	165	181	182	194	195	197	198	209	210	211	212	213	215	229	230	231	232	244	245	246	248	405	#
765	1842.61	149	165	181	182	194	195	197	198	210	211	212	213	214	215	229	230	231	232	233	240	245	247	248	249	405	#
766	1752.85	149	151	152	165	166	167	168	169	181	182	183	184	185	186	197	198	212	213	214	229	231	232	248	249	405	#
767	1734.23	149	165	167	180	181	182	183	196	197	198	211	212	213	214	215	229	230	231	232	245	246	247	248	249	405	#
768	1692.78	70	71	87	161	162	163	164	165	177	178	179	180	181	182	194	195	196	197	209	210	211	212	213	227	405	#
769	366.188	148	162	164	176	177	178	179	192	193	406	#
770	529.955	148	163	164	165	178	179	180	195	196	406	#
771	527.696	178	179	180	195	196	210	211	225	227	406	#
772	516.13	130	146	161	162	163	177	178	193	209	406	#
773	347.939	123	138	139	140	141	142	176	192	193	406	#
774	321.178	162	163	176	177	178	179	180	192	193	406	#
775	1178.99	29	31	43	44	45	46	47	58	59	60	61	62	63	73	74	75	77	91	407	#
776	1300.51	26	27	28	43	44	45	58	59	60	61	73	74	75	89	90	91	92	108	407	#
777	1262.93	51	56	57	58	73	74	75	89	90	91	92	104	105	107	108	123	138	139	407	#
778	1182.17	58	73	74	75	76	77	89	90	91	92	93	94	107	108	109	122	123	138	407	#
779	1165.58	13	29	43	45	58	59	60	61	62	75	76	77	92	173	189	205	221	237	407	#
780	1138.77	13	27	29	31	43	45	46	47	60	62	63	75	76	77	78	79	95	155	407	#
781	385.566	112	113	129	219	220	235	236	237	252	408	#
782	519.417	81	97	98	100	113	114	115	130	131	408	#
783	496.702	80	81	96	97	112	128	129	144	160	408	#
784	490.163	33	207	223	234	235	236	237	238	251	408	#
785	455.193	219	220	221	234	235	236	249	250	251	408	#
786	453.177	71	72	87	206	220	221	222	237	238	408	#
787	443.726	76	91	92	107	108	168	184	409	#
788	551.788	134	150	165	166	167	168	183	409	#
789	468.641	134	150	151	152	168	183	184	409	#
790	466.525	76	92	106	107	108	122	138	409	#
791	419.664	9	25	61	62	76	77	92	409	#
792	419.417	34	91	106	107	122	123	138	409	#
793	1782.16	0	1	2	3	5	6	7	16	17	18	19	20	21	22	33	34	35	36	37	50	51	52	64	65	66	67	68	410	#
794	1887.51	5	6	20	21	36	37	51	52	54	55	56	67	68	69	70	84	100	104	120	121	136	214	230	231	246	247	248	410	#
795	1875.63	0	1	2	3	16	18	19	20	32	33	34	35	36	50	51	67	133	149	150	164	165	179	180	181	196	212	213	410	#
796	1856.48	2	3	5	18	19	20	21	35	36	50	51	64	65	66	67	68	80	82	83	84	100	135	136	152	153	154	168	410	#
797	1847.87	1	2	3	5	18	19	20	21	33	34	35	36	50	51	66	67	82	83	98	159	173	174	175	189	190	191	205	410	#
798	1820.67	1	2	3	5	6	18	19	20	21	34	35	36	37	50	51	66	67	82	83	124	189	190	206	207	219	250	251	410	#
799	1140.53	81	96	97	112	114	115	128	129	130	131	144	145	160	161	411	#
800	1205.18	81	96	97	112	114	128	129	130	144	145	160	161	162	163	411	#
801	1130.49	71	72	81	88	96	97	114	129	130	131	147	148	164	165	411	#
802	1112.08	49	64	65	80	81	96	97	112	114	115	130	131	132	148	411	#
803	1104.51	80	81	96	97	112	114	128	129	130	131	144	145	160	161	411	#
804	1035.82	96	97	114	128	129	130	144	145	146	160	161	162	177	178	411	#
805	1224.27	88	89	90	98	99	100	114	115	116	131	132	146	147	148	164	165	179	180	412	#
806	1424.22	0	7	22	23	24	115	131	132	146	147	148	164	165	166	167	181	182	183	412	#
807	1387.35	99	100	115	131	132	146	147	148	150	164	165	166	167	179	181	182	183	198	412	#
808	1342.9	115	116	130	131	132	146	147	148	150	161	162	163	164	165	166	180	181	182	412	#
809	1297.16	146	147	148	150	164	165	166	167	172	180	181	182	183	195	196	197	198	214	412	#
810	1257.9	80	81	83	96	97	99	100	113	114	115	130	131	132	146	147	148	150	165	412	#
811	1066.23	48	49	64	65	80	81	96	112	113	114	128	129	130	131	145	147	413	#
812	1162.35	88	89	90	112	128	129	130	144	145	146	147	148	162	163	165	166	413	#
813	1148.59	17	32	33	34	48	49	50	64	65	66	67	80	81	96	112	113	413	#
814	1118.59	78	131	132	147	148	150	151	152	163	165	166	176	179	182	183	203	413	#
815	1096.88	98	114	115	116	117	129	130	131	132	145	146	147	148	149	165	166	413	#
816	1096.52	48	49	50	51	52	64	65	66	67	68	80	82	83	84	98	99	413	#
817	3143.04	123	124	125	139	154	155	156	157	166	168	171	172	173	182	183	184	185	186	187	188	189	190	199	200	201	202	203	204	205	207	215	216	217	218	219	220	221	223	231	233	234	235	236	237	238	239	247	248	249	250	251	252	253	254	255	414	#
818	3834.85	0	2	3	16	17	18	19	33	34	78	155	156	166	168	169	171	182	183	184	185	186	187	195	197	198	199	200	201	202	203	207	210	211	212	213	214	215	216	217	218	219	223	226	229	230	231	234	235	245	246	247	248	249	250	251	414	#
819	3782.1	4	5	17	18	20	21	33	34	35	36	37	50	51	52	113	114	115	129	130	136	137	140	141	145	151	152	153	154	155	156	157	158	168	171	172	173	174	185	186	187	190	199	200	201	202	203	216	218	219	220	234	235	236	237	250	414	#
820	3776.77	120	132	133	136	137	145	146	147	148	149	152	153	154	155	156	163	164	165	166	168	169	170	171	176	177	178	179	180	182	183	184	185	186	187	192	193	195	196	198	200	201	202	203	209	210	211	212	213	218	219	220	234	235	236	250	414	#
821	3766.56	91	92	100	101	102	107	108	115	116	123	124	130	131	132	133	134	136	137	146	147	148	149	150	151	152	153	154	162	163	164	165	166	167	168	178	179	180	181	182	183	184	185	195	198	200	201	202	210	211	213	214	216	217	218	230	414	#
822	3721.17	2	3	4	5	6	7	8	14	15	17	18	19	20	21	22	23	24	29	30	31	33	34	35	36	37	38	39	45	50	51	52	53	54	55	56	57	68	71	72	87	88	189	190	205	219	220	221	234	235	236	237	238	253	254	255	414	#
823	1.28082	221	237	253	#
824	1339.06	4	7	19	20	21	22	23	24	32	33	34	35	36	37	38	39	41	49	50	51	55	56	57	415	#
825	1592.5	1	17	34	49	65	66	67	80	81	83	96	97	112	113	114	115	128	129	130	131	132	147	148	415	#
826	1552.05	7	8	20	21	22	23	24	25	34	35	37	38	39	52	54	55	56	60	68	75	76	77	84	415	#
827	1498.56	8	9	10	24	25	41	42	55	56	57	58	72	73	74	75	89	90	91	106	116	120	121	150	415	#
828	1495.59	7	8	23	24	25	26	27	39	41	42	55	56	57	58	59	74	75	89	90	130	140	141	146	415	#
829	1464.52	4	17	18	19	20	21	32	33	34	35	36	37	50	51	52	67	68	83	100	116	132	133	148	415	#
830	192.27	110	111	127	416	#
831	206.76	94	110	111	416	#
832	154.518	108	109	110	416	#
833	78.2937	127	143	159	416	#
834	28.5604	49	#
835	65.8062	139	140	417	#
836	65.7813	124	140	417	#
837	136.156	145	146	147	418	#
838	180.597	130	146	147	418	#
839	86.5286	59	60	419	#
840	111.039	43	60	419	#
841	106.519	43	59	419	#
842	183.54	192	208	420	#
843	177.361	125	208	420	#
844	83.4891	176	192	420	#
845	177.078	51	52	421	#
846	197.841	50	51	421	#
847	172.479	37	52	421	#
848	82.7616	248	#
849	760.87	5	6	7	8	23	206	207	221	222	238	255	422	#
850	845.835	198	205	206	207	213	214	221	222	236	237	253	422	#
851	800.112	4	5	19	20	21	22	23	24	36	38	54	422	#
852	775.619	7	8	9	10	11	23	26	27	28	42	44	422	#
853	751.465	199	205	206	207	215	221	222	231	237	238	253	422	#
854	708.132	6	7	8	9	23	25	26	27	28	41	42	422	#
855	32.445	83	#
856	17.5527	227	243	#
857	407.851	180	196	197	211	212	213	228	423	#
858	558.78	211	212	214	227	228	229	230	423	#
859	543.193	211	212	213	214	228	230	231	423	#
860	450.876	195	196	210	211	212	227	228	423	#
861	444.827	180	194	195	196	211	212	228	423	#
862	425.032	180	195	196	197	212	213	214	423	#
863	302.372	197	213	214	424	#
864	256.951	213	214	230	424	#
865	232.005	197	198	213	424	#
866	409.1	11	12	13	14	29	30	45	60	425	#
867	602.348	45	56	61	72	73	77	88	91	425	#
868	577.108	13	14	29	30	45	46	61	77	425	#
869	544.289	9	10	11	25	26	27	43	44	425	#
870	490.552	12	13	14	27	28	29	44	159	425	#
871	446.891	12	13	14	29	30	45	46	61	425	#
872	217.383	45	61	76	426	#
873	243.661	45	61	62	426	#
874	140.185	75	76	77	426	#
875	264.297	23	39	40	41	427	#
876	281.033	40	41	55	56	427	#
877	252.334	23	38	39	55	427	#
878	233.501	25	26	40	41	427	#
879	221.848	6	7	22	23	427	#
880	679.495	146	160	161	162	163	176	177	178	428	#
881	742.378	129	130	131	146	147	162	163	178	428	#
882	721.234	113	128	129	130	131	146	160	162	428	#
883	707.379	131	146	147	160	161	162	163	178	428	#
884	658.002	162	163	177	178	197	198	212	213	428	#
885	647.758	160	161	162	176	177	192	193	194	428	#
886	175.836	102	103	118	119	135	429	#
887	254.05	70	86	102	118	134	429	#
888	240.763	101	102	103	104	117	429	#
889	149.516	119	120	121	134	135	429	#
890	3197	3	4	5	9	10	20	21	25	26	27	40	41	42	43	45	56	57	58	59	60	61	62	71	72	73	74	75	76	77	78	79	86	87	88	89	90	91	92	103	104	106	119	120	121	149	157	158	159	173	174	175	188	189	191	213	214	430	#
891	3856.73	38	39	42	43	44	53	54	55	56	57	58	59	70	71	72	73	74	75	86	87	89	90	91	92	105	106	118	119	121	122	123	136	138	148	149	152	153	154	164	165	166	167	168	169	173	174	180	181	182	183	188	205	220	221	235	236	430	#
892	3753.51	1	2	3	4	5	18	19	20	21	23	33	34	35	36	37	38	39	40	48	49	52	53	54	55	64	65	68	69	70	71	72	74	80	81	83	84	85	86	90	96	101	112	113	129	144	145	217	218	219	233	234	235	246	249	250	251	430	#
893	3737.85	91	92	93	101	103	104	106	108	109	110	115	117	118	120	121	126	127	131	133	134	136	137	141	142	147	148	149	150	151	152	153	154	163	164	165	166	167	168	169	180	181	182	183	197	198	213	214	229	230	240	241	243	244	245	246	247	430	#
894	3682.9	27	42	43	57	58	59	72	73	74	89	90	91	92	93	104	105	106	108	109	118	119	120	121	122	123	124	134	136	137	138	139	150	151	152	153	154	155	166	167	168	169	170	171	182	183	186	187	188	198	202	203	214	217	218	219	230	430	#
895	3670.69	0	1	2	3	4	5	6	7	18	19	20	21	23	24	32	33	34	35	36	37	38	39	40	48	49	50	51	52	53	54	55	64	65	66	68	71	80	81	82	87	96	97	98	112	113	114	115	128	129	130	131	144	145	160	161	177	430	#
896	532.571	73	74	89	90	91	106	431	#
897	479.337	58	73	74	89	90	106	431	#
898	473.122	73	74	89	91	106	107	431	#
899	462.577	73	74	89	90	91	107	431	#
900	434.879	13	73	88	89	106	122	431	#
901	325.012	74	91	93	109	124	125	431	#
902	115.422	198	#
903	269.521	125	141	157	205	432	#
904	293.834	172	188	205	206	432	#
905	270.621	140	141	142	157	432	#
906	246.833	157	158	159	174	432	#
907	245.528	168	184	185	433	#
908	232.079	152	153	168	433	#
909	225.646	167	168	184	433	#
910	213.365	184	185	201	433	#
911	1283.21	4	5	6	21	37	38	50	51	52	53	54	68	70	85	86	87	100	101	434	#
912	1508.5	68	84	85	86	87	99	100	101	103	114	115	116	117	118	119	131	132	133	434	#
913	1405.71	17	18	19	20	21	33	34	35	37	50	51	52	65	66	67	68	82	84	434	#
914	1368.78	65	66	82	83	84	85	97	98	99	100	113	114	115	116	129	130	131	132	434	#
915	1273.04	53	54	67	68	70	83	84	85	86	87	99	101	103	116	117	118	119	133	434	#
916	1261.14	4	5	6	7	8	19	20	21	23	34	35	37	38	50	51	52	66	122	434	#
917	956.475	21	35	36	37	38	50	51	52	53	54	55	66	67	68	69	83	435	#
918	1215.33	21	34	36	37	50	51	52	65	66	67	68	81	83	84	99	100	435	#
919	1178.05	18	19	20	21	34	35	37	50	51	52	67	68	69	81	84	100	435	#
920	1113.12	21	35	36	37	50	51	52	53	54	66	67	68	69	84	100	134	435	#
921	1111.61	21	33	34	37	38	50	51	52	53	54	55	66	67	68	69	83	435	#
922	1063.8	20	21	22	34	36	37	38	50	51	52	66	67	68	83	84	100	435	#
923	478.876	1	2	3	4	17	20	436	#
924	434.182	1	2	17	18	34	255	436	#
925	404.677	1	2	16	17	18	34	436	#
926	399.241	4	18	19	20	21	36	436	#
927	397.791	1	2	3	4	18	19	436	#
928	393.989	1	17	18	19	34	50	436	#
929	939.772	197	212	213	214	215	227	228	229	230	231	244	245	246	247	437	#
930	1086.41	151	208	209	210	212	213	214	225	229	230	231	245	246	247	437	#
931	1083.18	190	197	206	207	213	214	215	222	229	230	231	232	246	247	437	#
932	1015.64	181	197	198	213	214	215	229	230	231	232	245	246	247	248	437	#
933	1012.27	7	135	136	152	213	214	215	229	230	231	232	245	246	247	437	#
934	970.223	120	213	214	215	229	230	231	232	233	245	246	247	248	249	437	#
935	678.166	192	193	194	195	208	209	210	211	212	225	226	227	243	438	#
936	982.856	176	192	193	194	208	209	210	211	225	226	230	245	246	438	#
937	970.132	182	194	195	196	197	198	212	213	214	229	230	245	246	438	#
938	945.853	209	210	212	214	225	226	227	228	229	230	241	242	244	438	#
939	925.02	193	194	195	196	197	198	209	210	213	225	226	229	242	438	#
940	894.748	195	209	210	211	212	225	226	228	229	230	240	241	242	438	#
941	142.637	157	#
942	1359.29	147	162	163	164	165	177	178	179	180	195	196	208	209	211	212	213	224	225	226	227	228	240	241	242	244	245	439	#
943	1901.79	17	33	34	50	115	131	147	148	160	161	162	163	164	165	177	178	179	180	192	193	194	195	196	197	198	212	439	#
944	1899.95	113	114	128	129	130	144	145	160	161	162	163	177	178	197	212	213	226	227	228	229	241	242	245	246	247	248	439	#
945	1846.63	2	3	4	5	20	21	22	37	38	52	93	135	160	161	177	189	193	194	205	207	209	221	222	225	237	238	439	#
946	1806.11	129	160	161	164	177	179	180	192	193	194	195	196	197	198	211	212	213	214	226	227	228	229	230	231	245	246	439	#
947	1793.53	115	129	130	131	133	144	145	147	148	149	160	161	162	163	164	165	176	177	178	179	181	192	193	194	195	209	439	#
948	966.943	92	108	109	110	124	125	126	127	141	142	143	157	158	159	173	174	175	440	#
949	1319.34	139	155	156	157	158	172	173	174	175	188	189	190	191	204	205	206	222	440	#
950	1312.94	109	124	125	126	141	142	157	172	173	188	189	190	204	205	206	221	222	440	#
951	1259.49	66	67	154	155	156	157	158	170	172	173	188	189	204	205	206	221	222	440	#
952	1136.47	49	65	93	109	121	122	124	125	126	137	139	140	141	142	152	153	169	440	#
953	1128.19	94	95	99	100	110	111	115	116	127	130	131	132	133	144	148	149	165	440	#
954	90.5121	2	#
955	104.062	185	201	441	#
956	124.788	201	202	441	#
957	816.707	110	111	126	127	142	143	158	159	189	196	197	198	213	442	#
958	1167.57	148	149	164	165	166	181	182	183	197	198	213	214	229	442	#
959	1156.61	24	180	181	196	197	198	212	213	214	228	229	230	246	442	#
960	1130.38	165	180	181	196	197	198	212	213	214	229	230	231	246	442	#
961	950.079	84	153	154	155	167	168	169	183	184	188	189	205	206	442	#
962	900.476	127	143	148	164	165	166	167	168	179	181	182	183	197	442	#
963	102.693	42	#
964	1584.34	4	5	6	20	21	35	36	37	50	51	52	66	67	68	69	82	83	84	85	86	99	112	113	128	443	#
965	1825.88	4	5	6	19	20	21	22	23	35	36	37	38	52	68	69	198	213	214	229	230	231	232	246	247	443	#
966	1807.81	112	113	114	128	129	130	131	132	133	144	146	148	149	160	161	162	165	166	167	177	178	182	193	209	443	#
967	1798.8	19	20	21	37	50	51	52	65	66	67	82	94	116	132	148	161	162	163	177	178	179	180	196	197	443	#
968	1785.05	4	5	16	17	18	19	20	21	32	33	34	35	36	37	48	51	52	229	230	231	232	246	247	248	443	#
969	1719.63	21	22	37	38	52	65	66	67	68	70	84	85	86	87	88	99	100	101	102	103	104	118	119	120	443	#
970	195.39	141	157	#
971	2110.04	57	73	74	89	90	91	104	105	106	107	121	122	123	137	139	144	145	160	161	177	193	194	202	203	204	209	210	211	212	217	218	246	444	#
972	2273.11	67	68	69	81	82	83	96	97	99	100	112	113	114	115	129	131	132	144	145	146	147	150	160	161	162	163	166	176	177	178	182	193	444	#
973	2203.25	113	128	129	131	144	145	146	147	160	161	162	163	176	177	178	179	193	196	208	209	211	212	213	225	226	227	228	229	230	244	245	246	444	#
974	2150.84	73	74	89	90	104	105	106	120	121	122	132	133	134	135	136	137	176	177	178	179	193	194	208	209	210	211	224	225	226	227	228	242	444	#
975	2137.64	127	143	150	152	166	167	168	178	181	182	183	193	194	195	196	197	198	211	212	213	214	225	226	227	228	229	230	242	244	245	246	247	444	#
976	2086.83	39	40	41	42	45	56	57	58	59	60	73	74	75	89	90	91	92	105	106	107	108	124	209	211	212	225	226	227	228	240	241	242	444	#
977	690.608	9	10	11	25	26	39	40	41	42	55	56	72	126	445	#
978	893.924	9	10	24	25	26	41	42	57	58	75	201	202	218	445	#
979	855.398	10	24	25	26	39	41	55	56	57	58	59	74	75	445	#
980	855.023	93	94	95	107	108	109	110	111	123	124	125	126	127	445	#
981	839.126	10	11	12	25	26	27	42	43	44	59	60	161	162	445	#
982	811.479	9	10	11	25	26	39	40	41	55	57	58	75	205	445	#
983	1252.28	77	94	110	165	180	181	196	197	212	213	217	218	228	229	233	234	244	246	446	#
984	1208.79	70	71	72	160	161	162	166	167	168	177	178	179	180	181	183	195	196	197	446	#
985	1157.7	184	200	201	203	204	205	216	217	218	219	233	234	235	236	249	250	251	252	446	#
986	1150.13	162	163	179	180	181	195	196	197	199	212	213	215	229	230	231	245	246	247	446	#
987	1143.59	30	46	62	112	113	128	149	164	165	166	181	183	184	196	197	213	222	229	446	#
988	1127.1	15	29	30	31	45	46	47	61	62	63	75	76	77	78	79	94	110	126	446	#
989	639.938	49	50	65	66	82	97	98	99	114	130	447	#
990	849.772	97	98	112	113	114	115	129	130	131	146	447	#
991	767.869	2	80	96	97	98	113	114	115	130	131	447	#
992	760.676	98	99	100	114	115	129	130	131	132	146	447	#
993	740.969	82	96	97	98	99	100	114	115	130	238	447	#
994	627.115	1	5	6	17	33	34	50	66	112	201	447	#
995	1363.11	38	39	52	53	54	56	57	68	69	70	72	73	84	87	88	98	99	100	101	102	141	142	243	244	448	#
996	1697.19	51	52	53	67	68	83	84	85	99	100	101	102	117	120	153	196	197	198	213	230	231	240	246	247	448	#
997	1678.16	12	13	14	26	27	28	29	43	44	59	60	61	77	211	225	226	227	228	229	241	242	243	244	245	448	#
998	1646.63	53	66	68	82	84	98	99	100	112	113	114	128	129	130	147	148	149	150	166	181	182	196	197	198	448	#
999	1640.68	127	142	143	159	181	182	195	196	197	198	211	212	213	214	227	228	229	230	244	245	246	247	248	249	448	#
1000	1592.16	51	52	53	54	67	68	69	82	83	84	85	86	87	98	99	100	101	102	103	114	117	118	133	149	448	#
