%% File generated by CATS v.2.1Thu May  9 13:00:09 2024

%% The CATS webpage is http://robotics.stanford.edu/CATS

%% PARAMETER SETTINGS:
% Goods: 256; Bids: 1000; Distribution: regions; Runs: 1; Seed: 85
% Regions Distribution Parameters:
% Max Substitutable Bids = 5
% Removing HV Neighbor   = 0.1
% Adding DIAG Neighbor   = 0.2
% Additional Location    = 0.9
% Jump Probability       = 0.05
% Additivity             = 0.2
% Budget Factor          = 1.5
% Resale Factor          = 0.5
% Uniform Private Value:
%   Deviation            = 0.5
%   Max Good Value       = 100



goods 256
bids 1005
dummy 185

0	924.649	0	1	2	3	16	17	18	32	33	48	49	64	65	66	67	82	256	#
1	1206.67	0	1	2	3	4	5	16	17	18	19	20	32	34	35	36	48	256	#
2	1058.14	0	1	2	5	16	17	18	19	20	21	32	33	34	35	36	48	256	#
3	976.643	0	1	2	16	17	20	32	33	34	35	48	64	66	80	81	82	256	#
4	932.189	1	2	3	19	20	21	34	35	36	51	205	219	221	235	236	237	256	#
5	923.376	0	1	2	3	16	17	18	32	33	34	48	49	64	65	104	105	256	#
6	661.746	195	196	208	209	210	211	224	226	241	242	243	257	#
7	755.484	178	179	180	195	196	197	211	212	213	214	215	257	#
8	725.322	84	215	229	231	232	242	243	244	245	246	247	257	#
9	662.23	164	179	180	181	195	196	211	212	213	229	245	257	#
10	640.142	177	178	179	193	208	209	211	225	226	242	243	257	#
11	617.692	178	194	195	196	209	211	212	225	226	242	243	257	#
12	136.599	95	111	126	127	258	#
13	192.927	93	94	110	126	258	#
14	116.582	79	95	111	127	258	#
15	168.55	4	20	#
16	468.588	42	192	208	209	210	211	224	225	226	241	259	#
17	682.102	54	70	160	176	178	192	193	208	209	224	259	#
18	653.306	178	192	193	208	209	210	224	225	241	242	259	#
19	623.313	192	208	209	224	225	226	227	241	242	243	259	#
20	604.478	208	209	210	224	225	226	227	241	242	243	259	#
21	584.827	132	133	209	210	224	225	226	241	242	243	259	#
22	259.521	211	225	226	241	242	260	#
23	381.859	194	195	210	211	212	260	#
24	335.431	193	209	224	225	241	260	#
25	257.821	225	226	240	241	242	260	#
26	213.077	224	225	226	241	242	260	#
27	831.168	186	202	203	204	218	219	220	234	235	250	251	261	#
28	870.434	186	189	202	203	204	205	206	218	220	221	222	261	#
29	807.513	189	203	204	205	219	220	221	233	236	237	253	261	#
30	794.284	189	203	204	205	206	207	219	220	222	223	235	261	#
31	785.007	202	203	204	205	206	219	220	234	235	250	251	261	#
32	766.948	82	97	98	99	112	113	114	115	116	186	202	261	#
33	283.865	78	79	95	110	111	262	#
34	345.58	61	62	77	78	94	262	#
35	336.836	62	78	79	95	111	262	#
36	316.184	77	78	79	95	111	262	#
37	309.838	111	127	182	183	198	262	#
38	248.237	110	125	165	166	167	262	#
39	393.449	149	165	181	194	195	196	211	212	263	#
40	554.638	165	180	181	195	196	197	198	213	263	#
41	538.694	138	139	181	194	195	196	197	211	263	#
42	516.497	180	196	197	211	212	213	229	230	263	#
43	503.487	177	178	192	193	194	195	208	209	263	#
44	456.386	132	133	134	135	148	149	150	151	263	#
45	92.751	110	#
46	1990.64	142	154	155	159	171	172	173	174	175	186	187	188	189	190	202	203	204	205	216	217	218	219	220	233	234	235	236	249	250	251	252	253	254	264	#
47	2311.79	12	13	14	15	28	29	30	31	43	44	45	61	143	154	158	159	170	174	175	186	187	188	189	190	191	203	204	205	206	219	222	235	236	264	#
48	2249.47	97	98	99	100	115	143	154	155	158	159	171	172	173	174	175	187	188	189	191	201	203	204	205	207	213	217	218	219	220	234	235	236	250	264	#
49	2238.66	66	81	82	88	97	98	99	110	125	126	127	140	141	142	143	158	159	174	175	189	191	203	204	205	206	207	219	220	222	235	238	251	254	264	#
50	2223.84	1	16	17	18	34	49	50	96	97	98	99	155	171	187	188	189	199	203	204	205	206	214	215	218	219	220	229	230	231	235	236	246	251	264	#
51	2195.24	107	108	109	110	111	123	124	125	139	140	141	142	143	155	156	157	158	159	171	172	173	174	175	187	188	189	190	191	203	204	205	207	252	264	#
52	657.239	130	136	137	145	146	160	161	162	177	178	179	193	265	#
53	832.373	144	145	160	161	162	163	176	177	178	179	193	196	265	#
54	797.814	145	161	162	176	177	178	179	193	196	215	231	232	265	#
55	797.427	145	146	147	161	162	163	178	194	195	196	210	211	265	#
56	790.765	131	132	144	145	147	160	161	162	163	176	177	178	265	#
57	780.666	114	130	131	146	147	161	162	163	176	177	178	193	265	#
58	14.8741	129	#
59	373.123	210	211	226	241	242	266	#
60	461.129	166	226	227	242	243	266	#
61	325.849	226	242	243	244	245	266	#
62	316.692	209	210	211	226	241	266	#
63	314.549	225	226	241	242	243	266	#
64	245.899	193	209	210	211	212	266	#
65	151.321	36	52	#
66	171.834	16	17	#
67	823.221	193	194	195	196	208	209	210	211	224	225	226	240	241	267	#
68	944.655	141	142	157	158	159	173	174	179	181	195	196	197	211	267	#
69	923.781	146	161	162	178	193	194	195	208	209	210	211	225	226	267	#
70	847.586	162	178	193	194	195	208	209	210	211	224	225	226	241	267	#
71	844.486	13	29	178	194	208	210	211	224	225	226	241	250	251	267	#
72	836.808	162	165	178	181	193	194	195	196	197	208	209	211	212	267	#
73	258.192	218	233	234	235	236	244	245	268	#
74	350.563	217	218	233	234	235	236	251	268	#
75	349.542	231	232	233	248	249	250	251	268	#
76	328.276	188	203	217	218	219	235	251	268	#
77	300.19	212	228	229	243	244	245	246	268	#
78	232.102	212	227	228	229	243	244	245	268	#
79	59.3868	184	#
80	781.95	22	38	207	223	236	238	239	251	252	253	254	255	269	#
81	948.099	156	157	158	171	172	188	203	233	234	249	250	251	269	#
82	797.384	143	156	157	158	159	175	190	191	206	207	222	223	269	#
83	783.699	207	222	223	238	239	249	250	251	252	253	254	255	269	#
84	723.287	87	187	188	203	204	220	221	236	237	252	253	254	269	#
85	707.519	9	157	206	207	222	223	238	239	252	253	254	255	269	#
86	175.258	235	251	252	270	#
87	260.704	251	252	253	270	#
88	178.615	235	250	251	270	#
89	1675.3	13	14	43	58	59	75	155	171	172	186	187	188	189	202	203	204	205	206	218	220	222	234	235	237	238	239	253	254	255	271	#
90	1985.55	20	21	37	38	127	138	142	143	154	155	156	157	158	159	172	173	174	175	188	189	190	191	202	203	204	205	218	220	235	271	#
91	1928.28	175	191	199	207	214	215	216	217	218	220	221	222	223	228	229	230	233	234	235	236	237	238	245	246	251	252	253	254	255	271	#
92	1922.29	98	99	159	174	175	190	191	202	204	205	207	218	220	221	222	223	233	234	235	236	237	238	239	250	251	252	253	254	255	271	#
93	1911.32	142	143	158	159	168	174	175	184	189	190	191	199	200	201	205	206	207	216	217	218	219	220	221	222	223	235	236	238	251	271	#
94	1869.2	9	25	26	42	43	57	58	59	73	74	75	77	88	89	90	91	92	93	105	107	108	109	120	121	122	124	137	140	156	271	#
95	188.758	176	192	#
96	374.81	142	158	174	175	272	#
97	375.112	141	142	158	174	272	#
98	342.734	158	174	175	191	272	#
99	328.632	141	142	157	158	272	#
100	310.437	158	174	175	190	272	#
101	2678.08	0	8	9	11	12	13	14	15	16	24	25	26	27	28	29	30	31	32	33	41	42	43	44	45	46	47	60	61	62	63	76	77	78	79	91	92	93	94	95	108	109	110	111	273	#
102	3208.24	8	9	13	14	25	26	27	28	29	30	42	43	44	45	46	58	60	61	62	63	73	74	75	76	88	89	90	91	92	93	100	105	106	107	109	110	111	116	117	118	120	124	125	273	#
103	3062.26	8	9	11	12	13	14	15	23	24	25	26	27	28	29	30	31	39	41	42	43	44	45	46	47	57	58	60	61	62	73	76	89	90	91	92	106	107	108	109	123	124	125	140	273	#
104	3000.53	8	9	11	12	13	14	15	22	23	24	25	26	27	28	29	30	31	34	35	39	41	42	43	44	45	46	47	58	60	61	62	63	76	77	92	93	97	113	114	157	158	221	236	273	#
105	2949.51	7	8	9	11	12	13	14	15	24	25	26	27	28	29	30	31	41	42	43	44	45	46	47	58	60	61	62	63	72	73	74	75	76	88	89	90	91	105	106	107	108	109	125	273	#
106	2949.24	11	12	13	14	15	26	27	28	29	30	31	41	42	43	44	45	46	47	57	58	59	60	61	62	63	74	75	76	77	88	90	91	92	93	94	95	106	107	108	109	123	124	142	273	#
107	432.774	93	94	108	109	110	125	141	274	#
108	571.344	92	108	124	139	140	141	157	274	#
109	562.063	92	93	108	109	110	124	125	274	#
110	484.672	90	91	107	108	109	110	111	274	#
111	373.259	110	111	124	125	141	157	173	274	#
112	345.653	78	93	94	109	110	111	125	274	#
113	698.08	203	218	219	233	234	249	250	251	252	253	275	#
114	714.774	202	217	218	219	233	234	249	251	252	253	275	#
115	704.654	218	219	220	221	234	236	237	251	252	253	275	#
116	692.706	185	186	188	202	203	204	217	218	219	234	275	#
117	653.81	185	186	201	202	203	204	217	218	219	220	275	#
118	647.105	221	222	223	236	237	238	239	252	253	254	275	#
119	2536.48	12	13	27	28	29	43	44	45	47	59	60	61	62	63	74	76	77	78	89	90	91	92	93	94	105	106	107	108	109	121	123	124	125	130	137	138	139	140	146	154	276	#
120	2966.88	12	13	14	15	26	27	28	29	30	31	43	44	45	46	60	61	62	74	75	76	77	89	90	91	92	93	105	106	107	108	109	121	123	124	137	153	154	200	216	232	276	#
121	2832.1	6	7	8	9	10	11	12	13	14	15	25	26	27	28	29	30	31	41	42	43	44	45	46	47	56	57	58	59	61	62	78	81	82	83	97	98	99	113	115	116	276	#
122	2807.7	11	12	13	14	15	26	27	28	29	30	31	43	44	45	46	47	60	61	62	63	76	77	78	79	92	93	94	106	107	108	109	118	119	123	124	125	134	140	207	223	276	#
123	2786.04	4	6	7	8	9	11	12	13	20	25	26	27	28	29	40	41	43	44	45	50	55	56	57	58	59	66	72	81	82	83	97	98	99	113	115	116	117	131	171	172	276	#
124	2783.48	5	16	32	45	48	57	58	61	64	75	76	77	80	90	91	92	93	106	107	108	109	123	124	125	139	140	142	155	156	157	158	159	171	172	186	187	188	202	203	218	276	#
125	319.883	158	174	175	190	191	277	#
126	378.42	142	158	159	174	175	277	#
127	375.09	158	159	174	175	191	277	#
128	334.373	158	159	174	190	191	277	#
129	331.867	159	172	173	174	175	277	#
130	575.858	137	139	154	155	156	171	172	188	278	#
131	717.098	121	123	124	137	138	139	140	156	278	#
132	618.609	123	124	138	139	140	154	155	156	278	#
133	596.37	139	140	155	156	157	171	172	188	278	#
134	569.412	46	47	155	156	171	172	187	188	278	#
135	549.406	121	137	138	139	153	154	155	171	278	#
136	847.106	14	15	29	30	31	43	44	45	46	47	61	63	77	164	165	279	#
137	1228.52	14	29	30	31	43	44	45	46	47	60	61	62	76	77	78	279	#
138	1164.47	27	28	29	43	44	45	59	60	61	75	76	77	91	92	107	279	#
139	1157.48	15	30	31	45	46	47	60	61	76	77	78	91	92	93	94	279	#
140	1151.66	12	27	28	29	43	44	45	60	61	62	70	76	77	78	92	279	#
141	1105.23	12	13	14	28	29	30	31	44	45	46	61	62	76	77	78	279	#
142	441.848	23	39	54	55	70	71	280	#
143	535.369	23	24	39	158	159	174	280	#
144	413.139	22	23	38	39	54	55	280	#
145	394.236	39	53	54	55	70	71	280	#
146	366.839	54	55	70	71	87	103	280	#
147	315.615	37	39	54	55	70	71	280	#
148	660.476	184	190	191	200	201	206	207	216	222	223	237	238	253	254	281	#
149	984.278	142	156	157	158	159	172	173	174	175	189	190	191	206	207	281	#
150	970.208	152	153	154	167	168	169	170	184	185	186	199	200	215	216	281	#
151	969.304	158	159	173	174	175	188	189	190	191	204	206	207	222	223	281	#
152	950.058	152	153	154	168	169	170	184	185	186	200	201	216	217	232	281	#
153	947.602	127	142	143	158	159	173	174	175	190	191	206	207	222	223	281	#
154	109.591	98	114	282	#
155	135.746	114	130	282	#
156	304.024	0	16	32	33	49	283	#
157	399.365	16	32	158	174	175	283	#
158	291.291	0	1	16	32	33	283	#
159	255.795	16	32	33	48	49	283	#
160	251.489	49	65	66	67	81	283	#
161	264.4	8	9	23	24	25	284	#
162	347.977	8	9	22	23	24	284	#
163	332.368	6	7	23	24	40	284	#
164	282.818	9	25	26	42	58	284	#
165	255.569	10	24	25	26	42	284	#
166	234.98	24	25	26	112	162	284	#
167	281.147	84	99	100	115	285	#
168	382.623	99	100	114	115	285	#
169	260.899	83	84	99	100	285	#
170	239.765	67	68	84	100	285	#
171	241.019	117	118	133	286	#
172	294.504	116	117	133	286	#
173	240.481	117	118	119	286	#
174	588.535	35	36	37	40	53	54	55	69	70	71	287	#
175	624.898	36	37	38	39	40	53	54	55	70	71	287	#
176	580.142	8	24	40	54	55	56	71	238	253	254	287	#
177	552.132	36	37	38	40	53	54	55	56	71	72	287	#
178	547.559	20	36	37	54	55	70	71	72	88	95	287	#
179	541.394	19	20	35	36	37	50	52	53	54	55	287	#
180	1503.01	14	15	30	31	46	47	62	90	105	134	198	199	200	213	214	215	216	230	231	232	288	#
181	1590.3	14	30	31	46	47	59	62	63	75	90	105	106	107	119	121	123	135	136	152	168	288	#
182	1494.46	13	14	15	30	31	45	46	50	60	61	62	66	67	68	69	70	71	78	93	94	288	#
183	1337.85	177	193	208	209	210	212	213	214	215	216	227	228	230	231	232	243	244	245	246	247	288	#
184	1333.55	2	18	34	35	36	50	181	182	197	198	214	215	216	229	230	231	232	245	246	247	288	#
185	1327.78	50	65	66	81	188	195	196	197	198	212	213	214	215	228	230	231	244	245	246	247	288	#
186	1312.19	18	19	34	35	48	49	50	51	64	65	66	81	82	83	97	98	100	101	289	#
187	1270.79	3	4	16	17	18	19	20	21	34	35	36	37	49	50	51	66	81	82	289	#
188	1216.57	18	33	34	49	50	64	65	66	81	82	83	84	97	98	100	101	113	114	289	#
189	1195.17	35	36	37	52	53	54	55	82	83	96	97	98	100	113	114	116	117	130	289	#
190	1165.5	2	3	17	18	20	21	34	35	36	48	49	50	51	64	65	66	81	97	289	#
191	1162.15	35	48	49	50	51	64	65	66	67	81	82	97	98	112	113	114	130	140	289	#
192	702.077	82	96	97	98	99	112	113	116	128	130	144	145	161	290	#
193	980.837	87	112	128	144	160	161	162	163	177	178	179	180	193	290	#
194	903.52	50	65	66	67	80	81	82	96	97	99	100	113	115	290	#
195	832.162	48	64	66	67	80	81	82	97	98	99	113	130	188	290	#
196	819.595	65	66	67	80	81	82	96	97	98	99	113	114	115	290	#
197	778.83	80	96	112	113	128	129	144	145	160	161	162	176	178	290	#
198	647.32	50	65	66	81	82	235	236	238	252	253	254	291	#
199	792.797	50	51	66	67	77	81	82	83	92	93	94	291	#
200	750.059	185	201	217	218	219	234	235	236	250	252	253	291	#
201	734.292	171	172	173	188	219	236	237	238	239	253	254	291	#
202	722.33	219	221	233	234	235	236	237	238	252	253	254	291	#
203	672.54	35	50	51	66	67	80	81	82	83	84	154	291	#
204	1629.8	36	38	39	50	52	54	55	56	64	65	66	67	68	69	70	71	80	81	82	83	84	85	96	97	98	99	100	101	112	113	114	115	116	129	131	132	133	292	#
205	2333.73	8	9	10	26	35	36	41	42	43	64	65	66	80	81	82	94	97	98	99	108	109	110	111	113	125	126	127	140	156	157	158	159	174	175	190	195	206	292	#
206	2320.66	36	50	52	65	66	67	68	80	81	82	83	84	85	86	87	88	89	90	97	98	99	100	101	102	103	104	105	112	113	114	116	117	118	119	133	134	149	292	#
207	2315.39	4	5	20	21	36	37	38	39	40	54	55	56	57	58	68	69	70	71	72	74	75	83	84	87	88	89	90	99	100	102	103	104	105	113	116	130	146	292	#
208	2275.98	91	94	98	99	100	105	106	107	110	112	113	114	115	116	117	118	121	123	124	125	129	130	131	132	139	140	146	154	155	161	162	163	164	178	184	200	201	292	#
209	2244.61	35	50	65	66	80	81	97	98	99	100	112	113	114	115	116	117	118	128	129	130	131	146	162	177	178	192	193	195	208	209	210	211	220	226	240	241	255	292	#
210	539.89	209	224	225	226	240	241	242	293	#
211	610.16	209	224	225	240	241	242	243	293	#
212	609.419	178	179	193	209	224	225	240	293	#
213	533.771	193	209	211	224	225	226	242	293	#
214	484.516	45	61	224	225	240	241	242	293	#
215	427.676	208	209	224	225	226	240	241	293	#
216	147.692	6	22	294	#
217	101.913	6	7	294	#
218	249.685	67	68	83	100	295	#
219	353.519	51	67	83	99	295	#
220	329.518	67	68	83	99	295	#
221	163.346	83	84	100	101	295	#
222	1421.39	20	21	36	37	38	50	52	53	54	55	66	67	68	70	81	82	84	96	97	98	99	113	114	116	128	129	130	146	296	#
223	1753.65	2	3	4	5	18	19	20	21	34	35	36	37	38	40	50	51	52	53	54	55	67	68	70	81	82	83	84	136	296	#
224	1731.82	4	16	17	18	19	20	32	33	34	35	48	49	50	51	64	66	80	81	82	83	97	98	99	100	114	130	131	174	296	#
225	1724.69	5	20	21	23	24	37	38	39	40	54	55	56	57	61	62	70	71	72	73	77	87	88	89	103	104	105	213	214	296	#
226	1714.47	3	4	5	18	19	20	21	26	34	35	36	37	38	40	41	42	49	50	51	52	53	54	55	56	57	69	70	71	296	#
227	1706.45	1	17	26	27	32	33	34	43	49	50	51	66	82	83	84	97	98	99	112	113	114	115	128	129	130	137	146	147	296	#
228	52.1814	169	#
229	1376.9	0	1	2	16	17	18	32	33	34	48	49	81	82	96	97	108	109	110	111	297	#
230	1531.36	0	1	2	3	16	17	19	20	34	35	36	174	185	186	187	190	203	206	222	297	#
231	1416.5	0	1	9	10	11	12	13	14	16	17	25	26	33	34	41	42	43	44	59	297	#
232	1397.17	0	1	2	3	4	16	17	19	20	32	33	34	35	36	102	233	248	249	250	297	#
233	1366.86	29	45	60	61	76	91	92	93	107	108	109	110	123	124	125	126	127	139	155	297	#
234	1360.75	0	1	2	3	4	16	17	18	19	20	33	34	35	36	49	50	51	125	147	297	#
235	602.576	141	142	157	158	159	171	172	173	298	#
236	716.551	141	156	157	158	159	173	174	175	298	#
237	638.766	140	141	156	157	158	159	172	173	298	#
238	625.784	106	172	173	174	188	189	204	205	298	#
239	625.196	157	158	172	173	174	188	190	206	298	#
240	603.119	129	141	142	146	157	158	159	162	298	#
241	93.6064	28	44	169	232	#
242	267.7	204	219	220	299	#
243	223.74	219	220	221	299	#
244	195.37	220	221	230	299	#
245	98.6721	234	#
246	1066.87	77	93	94	95	107	108	109	110	111	124	125	127	141	143	158	159	175	191	300	#
247	1377.11	75	77	89	90	92	93	103	104	105	106	107	108	109	119	121	123	124	125	300	#
248	1241.83	77	78	92	93	99	106	107	108	109	115	116	125	144	145	161	162	178	193	300	#
249	1182.5	93	108	109	123	124	125	139	140	155	156	171	172	173	187	188	202	203	204	300	#
250	1159.18	77	78	91	92	93	106	107	108	109	110	111	123	124	125	141	157	172	173	300	#
251	1120.04	71	87	102	103	104	118	119	142	143	158	159	172	173	174	175	190	191	206	300	#
252	440.536	3	17	18	19	20	301	#
253	484.975	1	3	17	18	19	301	#
254	457.003	0	1	2	3	19	301	#
255	391.771	2	18	19	54	70	301	#
256	357.492	18	19	20	21	36	301	#
257	229.272	20	21	36	37	54	301	#
258	394.139	170	186	187	202	302	#
259	366.86	184	185	186	202	302	#
260	332.492	137	154	170	250	302	#
261	320.265	186	187	202	218	302	#
262	271.755	186	202	217	218	302	#
263	554.728	4	5	21	37	38	39	53	54	70	303	#
264	706.122	4	5	12	15	28	29	30	31	45	303	#
265	615.046	4	5	21	34	35	36	37	38	39	303	#
266	531.667	4	5	20	21	37	38	53	54	70	303	#
267	525.652	37	38	39	40	53	54	55	70	222	303	#
268	512.11	37	38	39	46	53	54	69	70	85	303	#
269	1072.18	189	202	203	204	205	219	220	221	235	236	237	238	239	250	251	252	253	254	304	#
270	1173.71	189	204	207	219	220	221	223	234	235	236	237	238	239	250	251	252	253	254	304	#
271	1122.96	175	186	189	190	191	202	203	204	205	206	207	219	222	223	237	238	239	253	304	#
272	1120.97	189	202	203	204	205	207	219	221	223	234	236	237	238	240	251	252	253	254	304	#
273	1115.65	186	187	202	203	204	205	218	219	220	221	234	235	236	237	250	251	252	253	304	#
274	1111.19	163	179	180	186	189	190	191	196	197	202	203	204	218	219	220	234	235	250	304	#
275	686.305	79	93	95	109	110	111	125	126	160	176	192	193	305	#
276	917.575	109	110	111	123	124	125	126	127	140	141	156	157	305	#
277	893.039	95	107	108	110	111	123	124	125	139	140	141	156	305	#
278	862.856	93	109	110	111	123	124	125	126	127	143	159	175	305	#
279	848.664	76	92	93	95	108	109	110	111	123	124	125	141	305	#
280	828.81	54	78	79	95	109	110	111	125	141	142	156	157	305	#
281	239.973	187	188	203	306	#
282	290.899	186	187	188	306	#
283	135.573	187	202	203	306	#
284	628.191	82	99	116	117	118	119	133	307	#
285	634.536	99	103	104	116	117	118	119	307	#
286	569.926	73	74	82	89	90	91	99	307	#
287	514.493	99	116	117	118	119	132	133	307	#
288	501.173	102	103	116	117	118	119	133	307	#
289	424.097	118	119	133	134	150	166	167	307	#
290	276.546	104	105	121	308	#
291	285.229	105	121	242	308	#
292	239.587	105	120	121	308	#
293	169.619	89	104	105	308	#
294	343.95	190	191	205	206	207	221	309	#
295	375.043	40	205	221	237	238	253	309	#
296	370.746	159	173	174	175	190	191	309	#
297	350.373	175	190	191	205	206	221	309	#
298	341.022	175	190	191	205	206	207	309	#
299	318.716	190	204	205	206	221	222	309	#
300	158.9	9	10	11	310	#
301	184.144	9	10	25	310	#
302	160.487	10	11	27	310	#
303	320.694	3	19	20	35	311	#
304	353.167	3	18	19	20	311	#
305	321.179	4	20	36	37	311	#
306	308.611	1	2	3	17	311	#
307	254.84	19	35	50	66	311	#
308	47.0181	146	#
309	109.579	155	#
310	1567.41	113	114	129	130	131	144	145	146	147	160	161	162	163	176	177	178	179	180	192	193	194	196	209	210	312	#
311	1668.59	16	22	38	54	144	145	154	160	161	162	167	168	169	170	176	177	178	179	184	185	186	192	193	209	312	#
312	1633.33	45	46	160	161	162	176	177	178	179	180	192	193	194	195	196	208	222	223	224	231	238	239	254	255	312	#
313	1623.53	137	145	160	161	162	176	177	178	179	180	192	193	195	196	207	212	213	222	223	236	238	239	251	252	312	#
314	1589.89	44	61	83	98	99	100	101	106	107	108	109	113	114	115	121	129	130	131	132	133	146	147	148	163	312	#
315	1571.52	98	113	114	129	130	131	132	141	145	146	147	157	158	160	161	162	163	176	177	178	179	180	193	209	312	#
316	353.996	39	40	55	227	228	243	244	313	#
317	479.902	14	15	30	31	178	243	244	313	#
318	473.582	40	55	70	71	86	87	103	313	#
319	458.236	7	8	9	23	24	39	40	313	#
320	455.323	212	227	228	229	244	245	246	313	#
321	446.137	7	22	23	24	25	38	39	313	#
322	1240.92	8	9	10	11	12	15	25	26	27	28	29	30	31	42	43	45	46	58	61	62	314	#
323	1472.73	12	13	14	15	28	29	30	31	45	46	60	61	62	76	77	78	91	92	94	95	314	#
324	1418.87	6	7	8	9	10	11	22	23	24	25	26	27	28	29	30	41	42	45	151	152	314	#
325	1390.08	10	11	12	26	27	28	29	30	31	45	46	60	61	62	76	77	91	92	201	254	314	#
326	1371.08	6	7	8	9	10	11	12	13	22	23	24	25	26	27	28	29	41	45	46	57	314	#
327	1368.15	11	12	13	14	15	26	27	28	29	30	31	42	45	46	61	62	88	103	104	119	314	#
328	1666.61	65	66	81	82	83	88	96	97	98	99	112	113	114	115	116	117	128	129	130	131	132	133	144	145	146	161	162	176	192	315	#
329	1904.62	77	82	92	93	94	96	97	98	108	109	110	112	113	114	128	129	130	131	132	133	139	140	146	147	153	169	170	185	186	315	#
330	1789.81	44	45	96	97	98	112	113	114	128	129	144	145	160	161	162	163	176	177	178	179	180	192	194	195	196	208	209	224	225	315	#
331	1776.31	35	50	51	58	65	66	74	75	81	82	90	91	96	97	98	99	106	107	108	112	113	128	129	130	131	144	146	178	194	315	#
332	1751.41	0	81	82	83	96	97	112	113	116	130	131	132	133	160	161	162	163	176	177	178	179	192	194	196	209	210	211	212	213	315	#
333	1687.95	112	113	114	128	129	130	144	145	182	184	185	192	198	200	201	208	209	214	215	216	227	230	231	232	243	244	245	246	247	315	#
334	910.398	19	20	142	143	157	158	159	174	175	190	191	206	207	316	#
335	1006.13	139	140	142	143	156	157	158	159	173	174	175	190	191	316	#
336	941.501	142	143	157	158	159	172	173	174	175	188	190	191	207	316	#
337	934.835	127	142	143	157	158	159	173	174	175	190	191	207	223	316	#
338	920.49	93	94	108	109	110	123	124	125	126	141	142	157	158	316	#
339	878.096	126	127	142	143	157	158	159	172	173	174	175	190	191	316	#
340	1622.15	0	1	2	5	16	17	18	19	20	21	32	33	34	35	48	49	51	64	65	66	67	80	81	97	98	99	317	#
341	1921.51	0	1	2	3	16	17	18	19	20	32	33	34	35	47	48	49	51	62	63	65	78	94	218	234	250	251	317	#
342	1808.02	19	35	51	65	66	67	68	84	92	100	108	116	123	124	140	141	157	188	191	203	204	205	206	220	221	228	317	#
343	1757.42	0	1	2	3	4	16	17	18	19	20	32	33	34	35	36	48	51	52	53	65	66	67	68	81	84	100	317	#
344	1714.65	0	1	2	3	16	17	18	19	20	32	33	34	35	36	48	49	50	51	64	65	66	67	80	81	96	97	317	#
345	1694.18	0	1	2	3	16	17	18	19	20	32	33	34	35	36	48	51	52	64	201	202	217	218	233	234	250	251	317	#
346	155.841	149	164	165	211	225	226	241	242	#
347	824.935	48	96	97	98	112	113	128	129	130	144	145	161	162	176	177	318	#
348	1014.62	112	128	144	160	161	176	177	178	179	188	192	193	196	203	219	318	#
349	928.959	97	98	112	113	128	129	130	144	145	160	161	162	176	177	178	318	#
350	898.694	81	96	97	103	112	113	125	128	129	130	144	145	160	161	177	318	#
351	873.949	2	18	19	32	35	36	48	49	50	51	65	66	67	82	99	318	#
352	863.877	55	56	57	65	144	145	160	161	162	176	177	192	208	224	225	318	#
353	1081.81	63	78	79	93	94	95	109	110	111	123	138	139	140	155	171	172	173	319	#
354	1450.82	75	91	92	93	107	108	123	124	138	139	140	141	142	155	157	158	173	319	#
355	1344.8	106	107	108	109	123	124	125	137	138	139	140	141	142	153	155	157	158	319	#
356	1305.94	76	92	93	107	108	109	110	123	126	127	138	139	142	143	159	175	252	319	#
357	1253.64	107	108	109	110	123	124	125	137	138	139	140	141	153	154	155	157	158	319	#
358	1225.49	38	39	107	108	109	110	123	124	138	139	140	141	155	171	172	173	187	319	#
359	137.756	100	#
360	706.401	41	57	58	70	71	73	86	87	103	320	#
361	681.318	41	55	56	57	70	71	86	87	103	320	#
362	662.438	57	73	74	75	90	102	105	106	107	320	#
363	631.569	55	70	71	87	103	119	194	211	212	320	#
364	592.855	54	55	56	70	71	86	87	102	103	320	#
365	539.892	55	56	71	85	86	87	102	103	119	320	#
366	15.2355	28	#
367	1362.01	159	173	174	175	189	190	191	202	203	204	205	206	220	221	233	234	236	237	238	249	250	251	252	253	254	321	#
368	1819.76	49	65	123	124	125	139	140	141	142	158	159	171	172	173	174	175	178	189	190	191	192	193	194	207	209	321	#
369	1691.72	169	170	171	172	173	186	187	188	192	202	203	208	209	210	224	225	233	234	240	241	242	243	249	250	251	321	#
370	1551.67	65	66	67	68	80	81	82	97	98	99	112	113	114	116	221	233	234	236	237	249	250	251	252	253	254	321	#
371	1543.23	108	123	124	138	139	140	141	142	143	154	155	156	157	158	159	170	171	172	173	174	175	187	190	191	207	321	#
372	1522.07	137	154	155	169	170	171	185	186	187	202	205	217	218	221	233	234	236	237	238	249	250	251	252	253	254	321	#
373	200.351	26	41	322	#
374	208.573	25	26	322	#
375	916.512	153	154	168	169	174	185	186	190	191	200	201	202	206	216	217	218	235	323	#
376	1216.69	108	124	139	140	141	155	156	157	158	172	173	174	189	190	205	206	222	323	#
377	1159.64	152	153	154	155	168	169	185	186	187	201	202	203	204	216	217	219	220	323	#
378	1092.52	117	118	119	127	135	143	151	159	174	175	177	178	179	191	194	207	223	323	#
379	1087.12	38	172	187	188	202	203	204	218	219	220	221	235	236	237	250	251	252	323	#
380	1065.56	184	185	200	201	202	203	215	216	217	218	219	220	231	232	235	247	251	323	#
381	1035.11	6	22	127	140	141	142	143	145	157	158	159	173	175	208	324	#
382	1219.83	92	108	124	140	141	142	143	156	157	158	159	173	174	175	324	#
383	1210.13	110	124	126	127	140	141	142	143	156	157	158	159	173	174	324	#
384	1156.35	108	123	124	139	140	141	142	156	157	170	172	173	174	188	324	#
385	1147.69	127	138	139	140	141	142	143	155	156	157	158	159	171	174	324	#
386	1145.75	139	140	141	142	155	156	157	158	171	173	174	175	187	203	324	#
387	369.518	38	67	83	100	101	325	#
388	473.482	22	23	24	38	54	325	#
389	346.683	51	66	67	82	83	325	#
390	286.849	85	86	87	101	103	325	#
391	281.736	67	82	83	84	195	325	#
392	202.515	100	101	148	149	165	325	#
393	35.5151	191	#
394	423.179	17	18	33	34	196	197	198	326	#
395	606.11	165	166	179	180	181	195	196	326	#
396	557.96	195	196	197	211	212	213	229	326	#
397	442.295	1	2	17	18	19	20	34	326	#
398	437.41	1	2	3	16	17	33	34	326	#
399	428.522	16	17	18	32	169	170	196	326	#
400	165.118	114	115	116	132	327	#
401	247.508	98	113	114	115	327	#
402	230.232	83	84	100	116	327	#
403	162.383	114	115	131	147	327	#
404	150.876	99	115	116	132	327	#
405	1249.98	17	18	60	61	62	76	77	78	79	92	193	194	209	210	225	328	#
406	1188.97	46	60	61	62	72	76	77	78	79	168	169	184	185	186	187	328	#
407	1180.76	60	61	62	75	76	77	78	79	90	91	92	94	109	110	111	328	#
408	1125.78	192	193	194	195	196	208	209	210	211	212	224	225	228	240	241	328	#
409	1110.26	68	69	84	100	147	163	164	179	180	194	195	196	209	210	211	328	#
410	1095.58	46	47	60	61	62	63	76	77	78	79	91	92	95	194	209	328	#
411	246.362	111	120	121	127	135	136	152	329	#
412	349.052	94	110	124	125	126	127	143	329	#
413	341.766	120	136	137	152	153	168	169	329	#
414	330.49	90	106	120	121	135	136	152	329	#
415	329.534	102	119	120	134	135	150	166	329	#
416	313.692	110	111	125	126	127	141	143	329	#
417	372.38	7	8	9	24	40	330	#
418	362.241	6	7	78	94	95	330	#
419	297.933	9	24	25	40	222	330	#
420	255.239	24	25	39	40	55	330	#
421	228.985	8	24	25	39	40	330	#
422	302.068	221	236	252	253	254	331	#
423	306.543	220	221	236	237	252	331	#
424	247.314	128	144	252	253	254	331	#
425	229.225	239	252	253	254	255	331	#
426	210.075	208	221	223	237	238	331	#
427	361.455	152	168	184	185	332	#
428	500.446	183	184	185	186	332	#
429	356.117	182	183	184	185	332	#
430	269.268	135	136	137	152	332	#
431	150.08	136	151	152	168	332	#
432	110.446	210	#
433	914.905	1	2	3	18	19	20	21	34	35	36	37	49	50	52	66	138	333	#
434	1041.7	4	5	19	20	21	22	23	34	35	36	37	49	50	52	54	66	333	#
435	1027.25	1	2	3	17	18	19	20	33	34	35	36	49	50	66	85	101	333	#
436	1003.55	4	5	20	21	35	36	37	50	52	53	54	68	90	104	105	120	333	#
437	970.09	4	5	17	20	21	33	34	35	36	37	49	50	52	54	66	70	333	#
438	953.929	90	104	105	120	121	136	137	138	139	140	153	154	155	170	171	187	333	#
439	555.341	86	102	117	118	119	134	135	136	137	334	#
440	684.694	85	86	87	102	103	118	119	134	135	334	#
441	671.207	44	68	69	85	86	87	101	102	103	334	#
442	614.522	85	86	87	102	103	104	105	118	119	334	#
443	590.065	85	86	87	101	103	104	105	118	119	334	#
444	562.334	106	121	136	137	138	139	140	152	235	334	#
445	423.494	91	106	107	108	208	209	224	225	226	241	335	#
446	608.492	74	89	90	91	105	106	107	120	123	191	335	#
447	585.144	161	177	178	194	210	211	226	241	242	243	335	#
448	581.425	19	74	75	88	89	90	91	104	105	106	335	#
449	563.97	193	194	208	209	210	211	224	241	242	243	335	#
450	555.962	78	94	107	108	109	110	123	124	125	126	335	#
451	16.5248	244	#
452	860.068	5	74	90	106	107	108	121	123	137	138	139	140	155	171	336	#
453	1081.48	27	42	43	121	137	139	151	152	153	154	155	171	172	188	336	#
454	1061.6	92	106	107	108	120	121	137	138	139	152	153	154	155	169	336	#
455	1054.15	106	107	108	121	123	124	137	139	153	154	155	168	169	170	336	#
456	1027.39	92	108	121	122	123	124	137	138	139	152	153	154	155	171	336	#
457	1005.84	120	121	137	138	139	153	154	155	169	170	171	185	186	202	336	#
458	242.74	83	99	114	115	337	#
459	362.491	82	98	113	114	337	#
460	362.362	82	99	100	115	337	#
461	336.641	67	82	83	100	337	#
462	292.257	113	114	115	130	337	#
463	634.567	38	39	40	54	55	56	58	72	73	75	89	90	338	#
464	894.408	58	61	73	75	76	89	90	92	106	121	136	137	338	#
465	874.993	6	7	22	23	24	36	37	38	39	54	69	70	338	#
466	860.182	6	7	20	22	23	36	37	38	39	54	55	56	338	#
467	783.045	8	9	24	40	55	56	75	91	92	107	108	109	338	#
468	780.195	41	56	57	72	73	88	89	90	91	92	167	182	338	#
469	211.974	208	209	210	339	#
470	258.679	209	210	225	339	#
471	170.182	193	208	209	339	#
472	74.166	208	224	240	339	#
473	40.4694	69	#
474	962.616	52	55	56	57	67	68	69	70	71	72	73	74	83	85	87	88	89	90	101	340	#
475	1443.46	23	39	40	41	55	56	57	58	70	71	75	87	109	110	125	194	195	211	255	340	#
476	1309.31	25	26	27	41	42	43	44	56	57	58	72	73	75	89	90	91	105	106	121	340	#
477	1284.17	39	41	55	56	57	58	71	72	73	74	87	89	90	91	105	120	121	122	129	340	#
478	1259.26	2	17	18	19	34	36	52	66	67	68	69	70	71	81	82	85	87	97	101	340	#
479	1241.77	59	73	74	75	88	89	105	177	178	193	194	208	209	210	224	225	226	240	241	340	#
480	138.023	155	156	171	172	187	341	#
481	195.833	171	172	188	203	204	341	#
482	174.518	141	156	157	171	172	341	#
483	806.546	7	8	9	23	24	39	40	52	54	55	56	68	69	70	71	72	83	84	85	87	100	342	#
484	1168.7	23	38	39	48	54	55	56	64	65	66	67	70	71	72	80	81	82	87	99	227	228	342	#
485	1157.72	5	20	21	36	52	68	69	73	74	75	82	89	90	91	99	105	115	116	117	121	131	342	#
486	1149.94	4	22	23	37	39	54	55	56	57	70	71	72	73	74	87	89	90	91	102	103	107	342	#
487	1149.12	6	7	8	9	10	23	24	26	28	43	44	45	182	183	197	198	199	213	214	229	230	342	#
488	1148.85	7	8	9	68	82	84	99	100	101	114	115	116	117	129	130	131	133	134	146	147	149	342	#
489	1120.35	71	72	73	74	75	86	87	88	89	102	103	104	105	106	121	135	136	137	154	343	#
490	1386.48	90	105	121	122	124	136	137	139	140	141	152	153	154	155	167	168	169	170	184	343	#
491	1349.48	86	103	104	105	119	120	121	133	134	135	136	137	152	153	154	166	167	168	169	343	#
492	1343.66	92	105	106	107	108	121	122	123	136	137	138	151	152	153	154	167	168	169	184	343	#
493	1327.58	1	41	57	58	73	74	75	86	87	88	89	103	104	105	119	120	135	136	247	343	#
494	1270.65	85	86	87	88	103	104	105	106	118	119	120	121	122	135	136	137	152	153	154	343	#
495	749.414	58	60	73	74	75	76	89	90	91	92	93	105	344	#
496	854.089	28	44	60	61	62	76	77	91	92	93	108	109	344	#
497	816.093	58	74	75	90	91	92	93	106	107	123	139	155	344	#
498	815.423	76	77	89	90	91	92	93	94	108	109	110	123	344	#
499	814.884	26	27	28	41	42	43	44	58	86	87	103	119	344	#
500	795.104	73	74	88	89	90	91	92	104	105	106	221	237	344	#
501	222.57	227	243	244	245	246	345	#
502	244.727	132	133	134	149	246	345	#
503	192.51	228	243	244	245	246	345	#
504	164.415	227	242	243	244	245	345	#
505	155.943	227	228	243	244	245	345	#
506	312.201	178	179	194	195	210	211	226	346	#
507	449.228	177	178	193	194	195	209	210	346	#
508	447.838	194	209	210	211	224	225	240	346	#
509	425.926	193	194	195	209	211	224	225	346	#
510	199.87	210	211	212	226	228	241	242	346	#
511	210.345	28	44	45	61	347	#
512	281.23	44	45	61	62	347	#
513	202.536	12	27	28	44	347	#
514	109.188	27	28	43	44	347	#
515	134.177	11	12	27	28	348	#
516	192.68	10	11	19	35	348	#
517	133.376	11	27	28	44	348	#
518	108.405	11	12	13	28	348	#
519	212.008	61	62	349	#
520	205.764	61	76	349	#
521	178.381	62	78	349	#
522	624.853	15	28	29	30	31	46	62	63	79	350	#
523	687.622	46	47	60	61	62	63	77	78	79	350	#
524	632.346	15	28	29	30	31	46	47	62	63	350	#
525	626.499	46	47	62	63	77	78	79	94	110	350	#
526	613.829	13	15	27	28	29	30	31	60	61	350	#
527	606.588	11	26	28	29	43	44	190	191	206	350	#
528	185.557	21	36	37	53	54	351	#
529	219.084	36	37	52	53	68	351	#
530	204.403	37	52	53	54	70	351	#
531	1257.13	1	2	3	16	17	18	19	34	35	39	40	55	56	71	72	86	87	88	352	#
532	1377.05	0	1	2	3	16	17	18	19	20	34	35	71	86	87	88	103	104	119	352	#
533	1373.15	0	1	2	16	17	18	32	34	35	48	108	109	110	123	124	129	140	156	352	#
534	1262.72	1	3	4	5	16	17	18	19	20	21	32	34	35	36	52	76	91	92	352	#
535	1246.74	0	1	2	16	17	18	33	34	181	195	196	212	213	214	227	228	243	244	352	#
536	1226.1	0	1	2	3	14	16	17	18	19	29	30	31	32	33	34	35	48	49	352	#
537	506.36	60	61	76	92	239	255	353	#
538	583.216	44	45	60	61	76	92	353	#
539	526.425	60	61	76	91	92	93	353	#
540	498.908	91	92	107	108	109	125	353	#
541	477.702	60	61	76	91	92	108	353	#
542	378.511	149	222	223	238	239	255	353	#
543	416.584	176	178	179	192	193	208	209	354	#
544	516.928	192	193	208	209	210	225	226	354	#
545	483.175	146	162	178	179	192	193	196	354	#
546	467.819	192	193	208	224	225	226	241	354	#
547	452.544	160	176	192	208	209	224	241	354	#
548	412.804	160	176	177	178	192	193	208	354	#
549	279.223	74	89	90	105	355	#
550	340.285	89	90	91	107	355	#
551	252.853	90	104	105	120	355	#
552	178.186	58	74	75	89	355	#
553	863.413	0	1	2	3	16	18	19	33	34	35	356	#
554	958.57	1	2	3	18	19	34	35	231	246	247	356	#
555	861.344	0	1	2	3	18	19	34	35	50	156	356	#
556	850.103	0	1	2	3	17	18	32	33	34	233	356	#
557	843.972	1	2	3	16	17	18	19	34	35	36	356	#
558	836.111	1	2	3	18	19	20	34	35	47	50	356	#
559	2860.75	5	20	21	27	35	36	37	38	39	44	45	46	50	51	52	53	61	67	112	113	114	115	121	128	129	130	131	132	135	136	144	145	146	147	148	149	160	161	162	163	165	176	178	181	192	193	198	208	214	215	224	230	231	232	248	357	#
560	3608.04	1	2	3	6	7	8	9	16	17	19	20	22	23	24	25	32	33	34	35	39	40	48	49	50	51	52	53	64	65	66	67	68	69	80	81	82	83	84	97	99	100	106	113	115	116	117	121	132	133	137	140	154	156	172	188	357	#
561	3556.46	17	34	48	49	50	51	64	65	66	67	80	81	82	83	97	98	99	112	113	116	117	124	129	130	132	133	137	138	139	140	141	146	154	157	162	163	164	178	179	180	184	185	192	193	194	195	210	211	226	229	230	231	242	246	247	357	#
562	3528.96	4	20	35	49	50	51	61	64	65	66	67	80	81	82	86	87	90	96	97	99	101	102	103	105	106	112	113	114	115	116	117	118	119	120	121	129	130	131	132	133	134	135	137	146	149	150	151	152	154	162	163	165	178	179	194	357	#
563	3513.62	6	7	8	9	10	11	12	13	15	24	25	26	27	28	29	30	33	34	40	41	44	45	46	47	49	50	51	57	61	62	63	66	76	77	78	79	92	94	110	111	126	127	144	146	148	160	161	162	163	164	165	177	178	180	181	357	#
564	3492.43	6	7	19	20	35	37	54	57	58	70	71	72	73	74	75	86	87	88	89	90	102	103	105	106	116	117	118	119	120	121	122	130	132	133	134	135	136	146	147	148	149	150	151	152	156	157	158	163	164	167	173	174	175	179	190	357	#
565	1361.66	58	72	75	88	89	90	91	92	102	103	104	105	106	107	119	120	134	135	150	358	#
566	1573.11	61	86	87	88	89	102	103	104	119	124	140	143	156	157	158	159	172	173	174	358	#
567	1406.72	73	74	75	89	90	91	92	93	103	104	105	106	107	109	120	123	139	152	207	358	#
568	1374	58	61	72	73	75	77	88	89	90	91	92	93	104	105	107	108	109	123	124	358	#
569	1337.53	27	36	37	43	44	58	59	75	88	90	91	102	103	104	105	107	119	191	207	358	#
570	1261.84	91	102	107	112	117	118	119	134	135	136	150	151	152	160	166	167	176	177	193	358	#
571	464.026	10	11	12	26	27	28	43	44	45	359	#
572	632.756	31	43	44	45	46	47	60	61	76	359	#
573	566.827	25	26	27	42	43	44	45	57	58	359	#
574	528.688	10	12	25	26	27	28	42	43	44	359	#
575	527.309	26	27	28	42	43	44	45	57	58	359	#
576	499.125	11	12	26	27	28	42	43	44	58	359	#
577	270.067	25	26	27	43	245	246	360	#
578	371.097	48	214	230	231	246	247	360	#
579	354.836	26	27	42	43	108	123	360	#
580	322.204	213	214	215	229	230	245	360	#
581	264.293	45	61	62	361	#
582	205.145	44	45	61	361	#
583	191.907	45	61	77	361	#
584	176.846	62	78	94	361	#
585	105.044	113	#
586	343.554	41	42	43	55	56	57	58	73	74	362	#
587	506.765	14	41	56	57	72	73	74	88	93	362	#
588	485.344	10	26	41	42	43	57	59	147	148	362	#
589	398.215	28	41	42	44	45	56	57	58	73	362	#
590	361.338	40	55	56	57	58	59	64	69	70	362	#
591	809.068	71	86	87	102	103	116	117	118	119	133	134	363	#
592	833.456	86	87	102	103	117	118	119	133	134	135	187	363	#
593	772.315	71	72	86	87	102	103	116	117	118	119	134	363	#
594	754.939	54	55	70	71	85	86	87	102	103	118	119	363	#
595	752.62	82	84	98	99	100	113	114	115	116	117	129	363	#
596	699.732	71	72	85	86	87	100	101	102	103	118	119	363	#
597	285.254	144	145	161	162	177	364	#
598	359.245	144	145	160	161	176	364	#
599	354.343	144	145	161	230	246	364	#
600	314.76	144	145	161	176	177	364	#
601	270.267	161	162	177	178	194	364	#
602	242.888	177	178	179	193	194	364	#
603	571.492	9	10	25	26	27	28	44	139	365	#
604	618.092	28	44	181	182	195	196	211	212	365	#
605	577.251	91	106	107	108	123	138	139	155	365	#
606	560.779	7	8	9	10	23	24	25	26	365	#
607	549.755	9	25	26	27	28	29	41	44	365	#
608	530.846	10	18	25	26	27	34	42	58	365	#
609	67.9462	24	40	#
610	3797.67	10	25	26	27	28	29	31	43	44	45	46	47	60	61	62	63	76	77	78	79	80	90	91	92	93	94	95	96	106	107	108	109	110	112	120	121	123	124	125	126	129	135	136	138	139	140	141	142	146	152	155	156	157	171	172	173	187	255	366	#
611	4154.9	9	10	19	26	27	35	43	44	45	46	51	59	60	70	71	73	74	75	76	87	89	90	91	92	102	103	105	106	107	108	109	118	120	121	123	124	125	136	138	139	140	141	142	154	155	156	157	170	171	172	173	174	186	187	188	202	234	251	366	#
612	4110.05	45	46	60	61	76	77	78	82	89	90	91	92	93	94	98	99	102	103	106	107	108	109	110	115	116	117	118	119	120	121	123	124	125	133	134	135	136	139	141	147	148	149	150	151	152	155	163	164	165	166	167	180	181	183	184	197	213	214	366	#
613	4055.53	31	45	46	59	75	79	88	89	90	91	92	93	94	95	99	106	107	108	109	110	115	123	124	125	139	141	155	156	157	170	171	180	197	198	199	211	212	213	214	215	227	228	229	230	231	232	233	234	235	242	243	244	245	246	247	250	251	252	366	#
614	4048.17	10	26	43	56	57	58	59	60	70	71	72	73	74	75	76	77	86	87	88	89	90	91	92	93	94	102	103	104	105	106	107	108	109	110	118	119	120	121	123	124	125	135	136	138	139	140	141	142	154	155	157	170	171	172	188	197	213	229	366	#
615	4011.87	0	1	10	11	16	26	27	28	29	30	31	32	33	43	44	45	46	47	48	49	59	60	61	62	63	74	75	76	77	78	90	91	92	93	94	95	106	107	108	109	110	111	123	124	125	126	127	138	139	140	141	142	154	155	214	229	230	246	366	#
616	198.217	239	253	254	255	367	#
617	281.901	221	237	252	253	367	#
618	277.725	14	15	239	255	367	#
619	221.156	237	252	253	254	367	#
620	194.184	237	253	254	255	367	#
621	640.404	107	108	109	123	124	140	142	143	158	159	368	#
622	783.862	142	158	159	180	195	196	234	250	251	252	368	#
623	672.576	89	90	105	106	107	108	109	121	123	136	368	#
624	654.364	124	125	139	140	141	142	143	158	159	175	368	#
625	649.784	75	90	105	108	109	110	111	121	124	140	368	#
626	600.606	107	123	124	138	139	140	153	154	155	156	368	#
627	577.125	93	106	107	108	109	123	125	369	#
628	659.923	107	108	123	125	139	144	161	369	#
629	610.023	45	61	76	92	93	109	125	369	#
630	603.614	106	107	108	109	123	138	139	369	#
631	599.05	61	76	91	92	93	109	125	369	#
632	551.562	61	62	76	77	78	93	109	369	#
633	131.898	42	43	208	370	#
634	187.28	26	43	44	370	#
635	169.455	42	43	59	370	#
636	531.336	10	26	27	41	43	44	57	162	371	#
637	558.771	10	11	12	13	14	29	30	31	371	#
638	552.299	10	11	12	24	25	26	27	41	371	#
639	541.884	26	27	28	41	43	57	58	59	371	#
640	496.712	11	26	27	28	41	43	44	59	371	#
641	486.287	10	11	26	27	28	41	43	44	371	#
642	313.919	102	118	119	134	150	151	372	#
643	399.148	86	102	103	104	119	227	372	#
644	394.651	86	87	102	103	118	119	372	#
645	353.454	103	119	121	133	137	138	372	#
646	324.006	119	135	149	150	151	152	372	#
647	308.491	118	119	133	134	150	160	372	#
648	209.502	48	50	64	65	66	373	#
649	292.277	19	35	50	65	66	373	#
650	237.469	35	36	50	51	66	373	#
651	134.014	64	65	66	81	82	373	#
652	94.9833	64	65	66	80	96	373	#
653	277.192	218	234	235	251	374	#
654	323.488	218	219	233	234	374	#
655	266.826	233	234	235	236	374	#
656	259.653	234	235	251	252	374	#
657	244.578	51	67	82	218	374	#
658	288.91	216	231	232	248	249	375	#
659	430.046	233	234	248	249	250	375	#
660	338.89	161	177	233	248	249	375	#
661	271.943	216	231	232	247	248	375	#
662	185.508	214	215	230	231	232	375	#
663	178.505	205	215	230	231	232	375	#
664	359.484	41	88	104	105	376	#
665	327.473	88	90	104	105	376	#
666	319.197	10	26	41	42	376	#
667	250.419	56	57	72	88	376	#
668	236.681	90	104	105	121	376	#
669	323.957	6	7	8	24	377	#
670	335.879	6	7	22	38	377	#
671	317.222	7	8	9	24	377	#
672	310.207	7	22	23	24	377	#
673	68.5947	151	152	#
674	532.732	152	153	154	168	169	170	180	181	378	#
675	664.2	137	152	153	168	183	184	185	201	378	#
676	556.721	152	153	168	169	170	185	186	201	378	#
677	548.281	137	138	154	170	185	186	187	203	378	#
678	546.617	136	150	152	166	168	184	185	201	378	#
679	534.098	120	134	135	150	151	152	153	167	378	#
680	172.3	161	162	379	#
681	161.398	162	163	379	#
682	141.957	161	176	379	#
683	201.531	214	215	216	230	380	#
684	272.301	183	199	200	216	380	#
685	270.847	215	230	231	246	380	#
686	231.245	214	215	230	246	380	#
687	171.887	199	214	215	230	380	#
688	113.194	138	153	154	#
689	69.7868	154	#
690	2709.17	4	5	53	54	109	110	125	138	139	141	142	155	156	157	158	159	170	172	173	174	175	185	186	188	189	190	202	203	204	205	206	218	219	220	221	222	223	235	236	237	398	#
691	546.664	124	125	139	140	141	156	382	#
692	514.501	108	124	125	139	140	141	382	#
693	481.902	110	124	125	140	141	157	382	#
694	457.485	124	140	141	156	157	158	382	#
695	385.769	120	136	137	138	139	154	382	#
696	380.895	93	108	109	110	111	125	382	#
697	536.142	160	176	192	193	194	195	211	383	#
698	472.463	160	176	177	178	192	193	194	383	#
699	459.741	69	70	178	179	193	194	211	383	#
700	455.336	178	194	195	210	211	212	226	383	#
701	439.155	194	195	211	212	213	214	226	383	#
702	437.509	144	145	160	161	162	176	177	383	#
703	255.146	69	85	86	102	118	119	135	384	#
704	357.143	85	86	101	102	103	173	174	384	#
705	352.782	85	86	102	103	117	118	119	384	#
706	347.974	86	102	103	104	116	117	118	384	#
707	326.383	117	118	119	133	134	135	141	384	#
708	300.919	86	102	144	145	161	162	177	384	#
709	130.414	60	#
710	517.621	147	148	163	164	179	180	181	196	385	#
711	603.157	163	179	180	195	196	197	198	214	385	#
712	575.466	147	163	164	178	179	180	181	196	385	#
713	533.632	162	163	176	177	178	179	193	196	385	#
714	530.555	131	147	162	163	164	179	180	196	385	#
715	497.98	181	182	195	196	197	198	199	214	385	#
716	121.592	171	172	#
717	189.269	174	175	386	#
718	199.877	175	191	386	#
719	126.73	174	190	386	#
720	556.284	136	137	138	139	140	152	153	154	168	387	#
721	715.636	124	125	140	141	142	143	157	158	159	387	#
722	654.749	136	137	138	154	155	170	171	186	187	387	#
723	648.681	137	138	153	154	155	170	171	172	186	387	#
724	586.859	135	136	137	138	139	140	151	154	155	387	#
725	565.495	75	123	124	138	139	155	156	171	172	387	#
726	123.88	64	81	#
727	150.61	238	253	254	255	388	#
728	191.471	136	253	254	255	388	#
729	105.256	252	253	254	255	388	#
730	819.968	27	115	116	129	130	131	143	146	147	148	161	162	163	164	178	389	#
731	1034.4	97	113	146	147	163	164	165	181	194	195	196	211	212	227	228	389	#
732	984.515	82	83	92	98	99	100	108	115	116	123	124	130	131	132	146	389	#
733	878.927	129	130	146	147	150	161	162	163	164	165	166	177	180	181	196	389	#
734	877.442	128	129	131	146	147	160	161	162	163	164	165	176	177	178	192	389	#
735	874.874	82	83	98	99	100	112	113	115	116	128	129	130	131	146	147	389	#
736	1262.83	49	65	66	67	81	82	83	84	96	97	98	99	100	113	114	115	116	129	171	172	186	187	390	#
737	1487.7	67	81	82	83	92	97	98	107	108	123	124	214	215	216	230	231	232	246	247	248	249	250	390	#
738	1487.63	123	137	138	139	154	155	171	172	174	175	186	187	188	189	190	202	203	204	205	219	220	235	390	#
739	1412.06	139	141	155	156	157	158	159	171	172	173	174	186	187	189	190	202	203	219	220	221	235	236	390	#
740	1363.93	123	137	138	139	154	155	156	171	172	174	186	187	188	189	190	203	204	205	206	219	220	235	390	#
741	1341.69	20	51	65	66	67	80	81	82	83	84	96	97	98	99	100	200	216	231	232	247	248	249	390	#
742	79.9741	162	#
743	194.965	212	227	228	391	#
744	203.617	29	211	212	391	#
745	145.731	227	228	245	391	#
746	846.079	124	140	141	142	155	156	157	158	171	173	174	175	392	#
747	980.765	123	124	138	139	140	154	155	160	161	162	176	192	392	#
748	947.491	125	127	141	142	143	158	159	174	175	189	190	191	392	#
749	940.273	123	139	155	171	185	186	187	189	202	203	204	205	392	#
750	928.146	127	142	143	158	159	173	174	175	189	190	191	240	392	#
751	927.774	137	138	153	154	155	156	157	169	170	171	185	187	392	#
752	608.611	110	125	139	140	141	156	157	393	#
753	624.602	109	125	140	141	156	170	186	393	#
754	573.774	125	139	140	141	156	157	158	393	#
755	552.209	107	108	110	124	125	140	141	393	#
756	534.216	125	140	141	156	157	172	188	393	#
757	528.334	125	140	141	156	157	173	174	393	#
758	163.277	13	14	30	394	#
759	210.754	14	30	31	394	#
760	127.734	13	14	223	394	#
761	89.1868	8	24	395	#
762	46.5294	24	40	395	#
763	962.743	77	78	92	93	94	95	110	111	125	126	127	142	143	159	202	396	#
764	1161.68	127	141	142	143	158	159	173	174	175	190	191	206	207	222	223	396	#
765	1144.13	110	111	126	127	140	141	142	143	158	159	174	175	190	191	207	396	#
766	1127.81	76	77	78	91	92	93	94	95	106	107	110	111	123	138	139	396	#
767	1127.61	110	111	125	126	127	141	142	143	157	158	159	174	175	190	191	396	#
768	1113.22	75	78	91	92	93	94	106	107	110	111	121	125	126	141	186	396	#
769	1668.76	1	2	16	17	18	19	32	33	34	35	36	37	48	49	50	65	68	84	100	116	134	148	149	150	151	183	397	#
770	2046.36	1	2	3	16	17	18	19	32	33	34	35	36	48	49	50	60	62	76	77	78	79	93	94	109	110	126	397	#
771	2002.44	1	2	3	16	17	18	19	20	21	23	32	33	34	35	36	37	38	39	48	49	50	54	55	66	70	82	397	#
772	1884.77	7	16	17	18	19	23	32	33	35	36	37	38	39	48	49	50	54	65	66	67	79	81	82	83	84	100	397	#
773	1868.03	1	2	3	16	17	18	19	32	33	34	35	48	49	50	66	67	80	81	82	83	99	100	115	116	130	131	397	#
774	1778.53	1	2	3	16	17	18	19	20	21	32	33	34	35	36	37	38	39	48	50	52	53	65	66	67	81	82	397	#
775	2737.67	106	107	121	137	169	170	172	181	183	185	186	187	188	189	196	197	198	199	201	202	203	204	205	206	211	212	213	214	215	216	218	219	220	227	228	229	230	231	246	247	398	#
776	2811.43	72	88	89	90	102	103	105	117	118	120	121	122	137	138	139	140	142	152	153	155	168	169	170	183	184	185	186	189	192	198	199	200	201	204	205	215	216	231	232	247	398	#
777	2726.95	12	28	29	45	46	60	61	62	76	77	113	128	129	144	145	146	147	161	162	163	164	177	178	179	180	181	193	195	196	197	198	209	210	211	212	213	214	226	229	242	398	#
778	2723.27	66	67	80	81	82	97	168	169	170	184	185	186	187	195	196	198	199	200	201	209	210	211	212	213	215	216	217	218	219	224	227	228	229	230	231	241	242	243	244	247	398	#
779	2710.74	58	59	74	75	86	88	89	90	91	92	102	103	104	105	106	107	108	109	110	120	121	122	125	137	141	142	152	153	154	155	169	170	174	175	185	190	191	205	206	207	398	#
780	23.4981	217	#
781	307.111	6	7	17	34	399	#
782	359.214	6	7	22	23	399	#
783	336.143	6	22	37	38	399	#
784	290.646	18	34	35	50	399	#
785	289.71	17	34	49	50	399	#
786	92.2626	77	#
787	1860.19	17	18	32	33	48	49	64	65	66	68	80	81	82	83	84	96	97	98	99	100	113	114	115	116	117	129	130	131	132	146	147	163	179	400	#
788	2331.27	0	1	2	4	16	17	18	19	20	23	24	32	33	34	35	39	40	48	49	50	51	54	55	70	90	91	105	120	121	136	144	161	176	400	#
789	2213.09	3	37	52	53	68	74	83	84	89	90	97	98	99	100	106	107	123	125	137	139	141	153	154	155	156	157	169	170	171	179	185	186	201	400	#
790	2081.96	0	1	2	3	4	5	16	17	18	19	20	32	33	34	35	36	37	50	51	52	53	54	68	70	102	144	145	160	161	176	177	193	209	400	#
791	2080.09	0	1	2	3	16	17	18	19	32	33	34	35	48	49	64	65	66	80	81	82	83	97	99	100	113	114	130	131	145	146	161	162	163	400	#
792	2008.87	81	83	84	97	98	99	100	113	114	115	116	129	130	131	135	144	147	148	149	150	151	152	161	162	163	164	180	181	182	195	196	197	198	400	#
793	202.268	74	75	90	238	401	#
794	279.559	43	58	59	75	401	#
795	273.66	59	74	75	90	401	#
796	257.142	222	238	239	255	401	#
797	932.434	79	95	110	111	126	127	142	143	158	159	160	175	176	177	190	191	193	402	#
798	1340.01	67	68	82	84	97	100	107	123	139	140	141	155	156	157	158	172	173	402	#
799	1098.34	46	62	75	78	91	92	93	94	95	107	108	109	110	124	125	126	141	402	#
800	1093.57	79	81	95	96	97	110	111	126	127	141	142	143	157	158	159	175	190	402	#
801	1085.78	15	110	126	127	140	141	142	143	156	157	158	159	175	190	191	207	223	402	#
802	1081.74	95	108	109	110	111	124	125	126	127	141	142	157	158	228	243	244	245	402	#
803	994.091	8	48	49	126	127	142	143	158	159	174	175	190	191	206	222	403	#
804	1074.28	189	190	191	203	204	205	206	207	219	220	221	222	223	235	238	403	#
805	1072.32	123	124	125	127	138	139	140	141	142	143	155	156	157	159	172	403	#
806	1040.46	142	143	156	157	158	159	172	173	174	175	189	190	191	205	221	403	#
807	991.291	126	127	142	143	159	173	174	175	189	190	191	204	205	206	207	403	#
808	982.425	125	140	141	142	143	155	156	157	159	172	173	174	175	189	190	403	#
809	211.486	95	110	111	126	127	143	404	#
810	316.209	1	95	111	210	211	226	404	#
811	305.486	109	110	125	126	127	143	404	#
812	251.107	51	67	83	111	127	143	404	#
813	244.745	78	79	95	111	127	143	404	#
814	200.942	199	215	216	405	#
815	223.08	183	198	199	405	#
816	185.267	200	215	216	405	#
817	176.195	199	200	215	405	#
818	34.4841	63	79	#
819	437.474	13	14	15	29	30	31	45	406	#
820	578.833	13	29	44	45	60	61	77	406	#
821	544.366	26	29	43	44	45	61	62	406	#
822	510.171	14	15	29	30	31	49	65	406	#
823	496.525	14	15	31	139	140	141	155	406	#
824	490.224	12	13	14	15	29	30	31	406	#
825	801.284	8	9	10	24	25	26	27	28	41	42	43	56	57	58	73	75	219	407	#
826	1116.46	9	10	11	25	26	27	41	42	43	57	58	73	142	158	159	174	247	407	#
827	1089.64	26	41	42	57	58	59	72	73	74	75	90	91	92	105	107	108	124	407	#
828	1043.54	8	9	10	11	12	13	14	24	25	26	27	29	30	41	42	43	58	407	#
829	1032.21	6	7	8	9	10	11	24	25	26	27	41	42	43	88	89	104	105	407	#
830	1026.27	6	7	8	9	10	11	24	25	26	27	40	41	42	43	57	58	222	407	#
831	243.836	68	84	100	408	#
832	201.001	84	100	116	408	#
833	176.047	224	226	241	409	#
834	175.421	194	226	241	409	#
835	143.423	225	226	241	409	#
836	1028.52	13	14	15	22	28	29	30	31	37	38	52	54	67	68	69	70	85	249	410	#
837	1347.8	6	22	23	37	38	39	53	54	70	71	86	87	90	103	106	119	133	149	410	#
838	1335.73	6	7	22	23	24	37	38	39	53	54	55	56	57	58	70	71	75	87	410	#
839	1329.84	139	170	186	187	189	202	203	204	217	218	219	220	221	233	234	235	249	250	410	#
840	1300.77	12	13	15	27	28	29	30	31	43	44	45	46	58	59	60	61	62	76	410	#
841	1231.67	6	22	23	24	37	38	39	53	54	55	56	57	68	69	70	71	87	103	410	#
842	91.8722	1	#
843	100.276	3	#
844	166.164	116	132	133	149	411	#
845	176.606	22	149	150	151	411	#
846	128.341	116	132	167	182	411	#
847	1663.05	138	139	140	153	154	155	156	170	171	172	185	186	187	188	189	202	203	204	205	219	220	221	235	254	412	#
848	1889.98	4	92	106	107	108	123	124	137	138	139	140	141	142	153	154	155	156	157	158	159	170	171	187	233	412	#
849	1808.39	80	107	123	139	140	141	142	154	155	156	157	158	159	171	172	173	182	183	184	185	187	188	202	203	412	#
850	1806.12	47	74	75	90	106	123	125	138	139	140	141	142	153	154	155	156	157	158	170	171	172	173	188	203	412	#
851	1743.4	15	28	44	45	46	58	59	61	62	74	75	76	91	92	106	107	123	137	138	139	154	155	185	201	412	#
852	1714	14	27	29	30	44	45	61	62	77	78	85	86	87	102	118	188	202	203	204	218	219	220	235	236	412	#
853	248.514	92	108	123	413	#
854	208.987	92	108	124	413	#
855	805.395	1	2	3	4	19	20	35	36	50	51	52	414	#
856	820.386	1	2	3	14	17	18	19	20	35	50	51	414	#
857	798.443	0	1	2	3	17	18	19	20	34	35	50	414	#
858	785.796	3	17	19	20	34	35	36	50	52	66	67	414	#
859	778.859	3	5	19	20	21	34	35	36	50	66	67	414	#
860	765.794	4	5	19	20	21	34	35	36	50	51	52	414	#
861	1064.71	28	29	144	145	160	161	162	176	177	178	192	193	194	211	415	#
862	1122.22	161	162	163	164	176	177	178	192	193	194	209	210	211	225	415	#
863	1093.78	70	128	144	160	161	162	176	177	178	192	194	209	210	211	415	#
864	1028.89	18	20	128	145	160	161	162	176	177	178	192	193	194	209	415	#
865	1023.08	31	46	62	149	162	176	177	178	192	193	194	195	209	239	415	#
866	1014.88	10	11	12	13	15	25	26	27	28	29	30	41	43	44	415	#
867	234.876	0	139	140	416	#
868	302.654	139	155	156	416	#
869	270.04	139	140	156	416	#
870	123.893	0	16	33	416	#
871	411.264	44	45	61	62	78	417	#
872	385.948	62	78	88	94	104	417	#
873	374.535	45	60	61	62	77	417	#
874	347.821	47	62	63	78	243	417	#
875	344.509	27	28	44	61	144	417	#
876	279.556	11	26	27	44	45	417	#
877	119.147	129	146	418	#
878	90.7092	130	146	418	#
879	1266.69	80	151	164	165	166	167	168	176	177	178	179	180	181	182	184	195	196	197	198	205	210	211	214	221	419	#
880	1832.88	25	145	160	161	162	176	177	178	179	181	182	192	193	194	195	196	197	209	211	212	213	225	228	229	419	#
881	1744.31	113	114	176	177	178	179	180	181	182	193	194	195	196	197	198	209	210	211	212	233	234	248	249	250	419	#
882	1687.05	145	160	161	162	176	177	178	179	180	192	193	194	195	196	209	210	211	212	224	225	226	241	242	243	419	#
883	1652.8	125	141	142	156	157	158	159	173	174	175	188	189	190	191	204	205	206	207	222	223	237	238	239	253	419	#
884	1585.3	131	146	147	161	162	163	176	177	178	179	192	193	194	195	209	210	211	212	213	224	225	226	240	241	419	#
885	371.213	127	178	193	194	195	211	420	#
886	498.699	111	127	141	142	143	159	420	#
887	404.46	132	133	134	178	194	226	420	#
888	401.913	178	194	195	211	212	226	420	#
889	323.662	177	178	179	180	193	194	420	#
890	314.288	193	209	211	225	226	241	420	#
891	2468.89	56	69	70	71	72	85	86	87	100	101	102	113	115	116	117	129	130	131	142	143	144	146	147	148	157	158	159	160	161	162	163	173	174	175	176	179	190	191	205	206	207	212	213	421	#
892	3022.65	5	6	9	14	15	21	22	23	24	25	26	27	29	30	31	37	38	39	40	41	42	43	45	46	55	56	57	58	59	61	70	71	72	73	75	76	86	87	88	90	104	106	240	421	#
893	3002.28	85	86	87	98	101	113	114	139	140	141	142	143	154	155	156	157	158	159	171	172	173	174	175	185	186	187	188	190	191	203	204	205	206	207	220	221	222	223	236	237	238	239	254	421	#
894	2993.1	45	49	60	61	64	65	77	80	81	93	109	110	111	123	125	138	139	140	141	142	143	154	155	156	157	158	159	169	170	171	172	173	174	175	185	186	187	188	190	191	203	204	205	421	#
895	2976.56	13	14	15	25	26	27	29	30	31	41	42	44	56	58	75	90	91	106	112	113	114	128	129	144	145	146	147	160	161	162	176	177	192	193	194	195	196	208	209	210	211	212	226	421	#
896	2969.07	119	120	121	135	136	139	142	143	152	154	155	157	158	159	168	169	171	172	173	174	175	184	186	187	188	189	190	191	202	203	204	205	206	207	218	219	222	223	236	237	238	253	254	421	#
897	360.465	120	135	136	152	422	#
898	339.604	120	135	136	137	422	#
899	317.384	136	151	152	153	422	#
900	295.714	120	135	136	151	422	#
901	232.682	120	121	122	136	422	#
902	2531.56	19	35	36	48	49	50	51	52	66	67	161	166	176	177	179	182	183	192	193	194	195	196	197	198	199	200	201	209	210	211	212	213	214	215	216	217	226	227	228	229	230	231	232	245	246	247	423	#
903	3004.47	9	10	11	12	26	27	28	29	43	44	45	108	109	110	121	123	124	125	136	137	138	139	140	141	152	153	154	155	169	171	172	179	180	181	182	183	184	186	187	197	198	199	200	202	215	230	423	#
904	2934.01	12	26	27	28	29	30	31	35	43	44	46	60	61	62	76	77	78	93	149	164	165	166	178	179	180	181	182	183	184	192	193	195	196	197	198	199	200	201	213	214	215	216	217	230	231	232	423	#
905	2929.23	76	77	93	108	109	120	123	124	125	136	137	138	139	140	141	142	153	154	155	158	159	169	170	171	172	175	182	186	187	190	191	197	198	199	200	207	213	214	215	216	223	229	230	231	232	245	423	#
906	2915.52	0	2	16	17	18	19	21	22	32	34	35	36	37	38	39	48	49	50	51	52	53	54	55	64	67	68	69	70	71	72	80	88	108	109	110	124	125	134	139	140	141	142	200	201	202	216	423	#
907	2909.95	4	8	9	10	19	20	21	22	35	36	37	38	39	54	77	93	120	121	122	137	144	148	149	161	162	163	164	165	176	177	178	179	180	192	193	194	195	208	209	210	211	212	213	224	225	226	423	#
908	313.848	54	56	70	71	72	88	424	#
909	417.631	56	57	71	72	88	104	424	#
910	409.962	56	57	72	73	74	88	424	#
911	373.674	56	57	70	71	72	87	424	#
912	348.171	56	72	88	102	103	104	424	#
913	307.413	22	37	38	52	53	54	424	#
914	65.4899	182	#
915	641.477	24	175	190	191	205	206	207	222	223	237	238	239	425	#
916	913.167	205	207	219	220	221	223	237	238	239	253	254	255	425	#
917	866.189	18	34	188	190	191	204	205	206	207	219	220	223	425	#
918	842.011	141	142	157	158	207	222	223	237	238	239	254	255	425	#
919	792.778	207	220	221	223	236	237	238	239	252	253	254	255	425	#
920	778.905	173	174	175	190	191	205	206	207	220	221	223	238	425	#
921	496.169	86	103	180	181	216	231	232	247	248	426	#
922	630.599	161	162	163	164	179	180	195	196	212	426	#
923	586.527	10	26	42	233	234	248	249	250	251	426	#
924	538.043	199	200	215	216	231	232	233	248	249	426	#
925	519.396	181	195	196	197	211	212	213	226	247	426	#
926	507.332	184	190	199	200	201	215	216	217	230	426	#
927	69.9849	39	#
928	258.821	106	107	108	427	#
929	288.182	107	108	109	427	#
930	281.527	90	106	107	427	#
931	248.256	89	108	109	427	#
932	1461.11	26	27	28	44	45	60	61	76	77	78	145	160	161	162	176	177	193	209	225	428	#
933	1607.11	11	12	15	26	27	28	29	31	41	42	44	45	46	47	60	61	76	77	78	428	#
934	1554.77	2	3	17	18	19	20	26	27	34	35	41	42	44	45	61	62	228	229	245	428	#
935	1488.64	11	12	13	26	27	28	29	44	45	60	61	76	77	92	94	108	109	110	125	428	#
936	1479.5	10	11	12	13	26	27	28	29	41	42	44	45	60	61	62	76	77	78	92	428	#
937	1437.33	145	148	160	161	162	163	164	176	177	178	179	180	181	192	193	196	212	239	255	428	#
938	454.141	144	145	146	161	162	176	177	178	193	194	429	#
939	665.997	9	10	25	26	43	75	88	91	129	146	429	#
940	605.119	146	162	178	193	194	195	209	210	211	212	429	#
941	574.981	144	145	160	161	162	177	178	179	194	195	429	#
942	573.939	0	1	30	31	177	182	198	199	214	215	429	#
943	495.197	131	144	145	146	147	160	161	162	177	178	429	#
944	908.286	38	52	53	54	198	212	213	214	215	227	228	229	245	246	247	430	#
945	1144.54	24	25	180	181	182	183	195	196	212	213	214	227	228	245	246	430	#
946	1077.74	6	22	23	37	38	39	54	70	208	209	224	225	240	241	242	430	#
947	1077.32	178	179	180	181	194	195	196	211	212	213	214	215	226	228	244	430	#
948	1052.38	165	180	181	195	196	211	212	213	214	226	228	229	244	245	246	430	#
949	1014.53	181	183	196	197	199	212	213	214	215	228	229	230	231	246	247	430	#
950	16.9045	230	#
951	1449.64	80	81	82	83	96	97	98	99	114	115	116	117	121	130	133	137	153	168	169	170	185	186	431	#
952	1515.39	137	138	139	152	153	154	155	169	171	172	184	185	186	187	199	200	201	204	215	216	217	232	431	#
953	1511.4	137	139	150	152	153	154	155	166	167	168	169	171	172	181	182	183	184	185	186	199	200	215	431	#
954	1485.73	41	57	58	59	74	75	89	90	91	105	106	107	120	121	122	135	136	137	153	154	169	185	431	#
955	1465.29	74	75	86	90	103	105	119	120	121	135	136	137	152	153	154	169	170	185	186	187	201	203	431	#
956	1464.89	13	123	137	139	140	141	152	153	154	155	156	157	169	170	171	172	173	184	185	186	187	200	431	#
957	34.4617	131	132	432	#
958	46.1649	131	147	432	#
959	179.819	163	164	165	433	#
960	242.244	162	163	164	433	#
961	199.789	148	163	164	433	#
962	144.99	165	166	167	433	#
963	1421.5	0	16	17	32	33	48	49	64	80	81	82	83	96	97	99	100	101	114	115	116	131	132	146	147	148	195	196	233	434	#
964	2017.03	42	58	59	73	74	75	88	89	90	103	104	105	106	120	121	135	137	138	152	153	154	218	233	234	249	250	251	252	434	#
965	1800.27	55	56	57	58	72	86	87	88	89	103	104	118	119	134	178	179	180	181	196	197	199	212	213	215	228	229	230	245	434	#
966	1796.36	1	4	5	6	7	8	13	16	17	18	19	21	22	23	29	32	34	35	36	37	38	49	50	51	54	66	124	125	434	#
967	1759.84	22	23	37	38	40	54	55	64	70	76	77	78	80	81	82	92	93	96	97	98	99	107	108	112	113	114	124	125	434	#
968	1743.04	12	16	28	32	44	48	49	64	80	81	97	99	102	103	104	116	117	118	119	131	132	133	147	148	149	163	164	180	434	#
969	2205.97	95	107	108	109	110	111	123	124	125	137	138	141	142	143	154	155	156	157	158	159	170	171	172	175	186	187	188	189	190	191	202	204	206	207	435	#
970	2442.2	29	43	44	45	60	61	62	63	75	77	78	79	88	91	92	93	94	95	103	104	105	106	107	108	109	110	120	121	123	124	125	126	135	136	435	#
971	2426.28	27	41	43	44	57	58	59	74	75	91	92	104	105	106	107	108	109	110	120	121	123	124	125	126	134	135	136	137	138	139	150	154	155	156	435	#
972	2369.53	88	103	104	105	106	120	121	129	130	134	135	136	137	138	144	145	146	153	154	155	160	161	162	163	164	169	176	179	192	208	224	225	240	241	435	#
973	2338.24	91	92	107	108	109	110	123	124	125	138	139	140	141	142	153	154	155	156	157	158	159	171	172	173	175	188	189	190	202	203	204	205	218	220	435	#
974	2333.46	92	107	108	110	123	124	125	126	153	169	170	171	185	186	187	188	189	201	202	203	204	205	215	216	217	218	219	231	232	235	236	249	250	251	435	#
975	800.449	145	161	162	163	176	177	178	192	193	194	195	436	#
976	885.926	144	145	161	162	163	176	178	179	192	193	194	436	#
977	821.902	144	145	161	162	163	176	177	178	179	192	193	436	#
978	818.748	113	114	115	129	130	131	146	162	163	178	179	436	#
979	771.811	144	145	161	162	176	177	178	193	194	209	211	436	#
980	757.612	145	161	162	177	178	179	196	202	217	218	234	436	#
981	378.481	16	32	33	48	49	65	437	#
982	506.509	0	16	32	48	82	83	437	#
983	403.67	48	64	65	81	82	97	437	#
984	322.919	16	32	33	48	64	65	437	#
985	317.793	35	48	49	50	65	81	437	#
986	306.308	16	17	32	115	131	132	437	#
987	1041.77	154	168	170	184	185	186	187	200	201	202	203	217	218	219	220	438	#
988	1156.74	184	185	200	201	203	204	216	217	218	219	232	234	248	249	250	438	#
989	1121.72	185	186	187	189	201	202	203	204	217	218	219	233	234	249	250	438	#
990	1113.39	170	184	185	186	187	200	201	202	203	204	217	218	219	220	234	438	#
991	1095.61	26	42	183	184	185	186	200	201	202	216	217	218	219	232	248	438	#
992	1085.01	200	201	203	216	217	218	219	229	230	231	232	234	247	248	249	438	#
993	398.647	22	38	54	70	71	200	216	439	#
994	543.691	6	22	24	38	39	40	54	439	#
995	495.766	215	216	217	221	230	231	232	439	#
996	474.781	38	39	54	70	102	103	104	439	#
997	458.07	22	38	39	40	54	55	168	439	#
998	433.661	184	185	200	201	215	216	217	439	#
999	293.066	217	218	233	234	250	440	#
1000	322.411	233	234	249	250	251	440	#
1001	310.216	202	218	233	234	249	440	#
1002	304.786	218	233	234	249	250	440	#
1003	282.511	156	171	172	233	234	440	#
1004	237.264	184	200	215	216	217	440	#
