%% File generated by CATS v.2.1Thu May  9 13:09:15 2024

%% The CATS webpage is http://robotics.stanford.edu/CATS

%% PARAMETER SETTINGS:
% Goods: 256; Bids: 1000; Distribution: scheduling; Runs: 1; Seed: 95
% Scheduling Distribution Parameters:
% max_length                = 10
% deviation                 = 0.500000
% prob_additional_deadline  = 0.700000
% additivity                = 0.200000



goods 256
bids 1199
dummy 5

0	6.4282	0	1	2	3	4	5	256	#
1	6.4282	1	2	3	4	5	6	256	#
2	6.4282	2	3	4	5	6	7	256	#
3	6.4282	3	4	5	6	7	8	256	#
4	6.4282	4	5	6	7	8	9	256	#
5	6.4282	5	6	7	8	9	10	256	#
6	6.4282	6	7	8	9	10	11	256	#
7	6.4282	7	8	9	10	11	12	256	#
8	6.4282	8	9	10	11	12	13	256	#
9	6.4282	9	10	11	12	13	14	256	#
10	6.4282	10	11	12	13	14	15	256	#
11	6.4282	11	12	13	14	15	16	256	#
12	6.4282	12	13	14	15	16	17	256	#
13	6.4282	13	14	15	16	17	18	256	#
14	6.4282	14	15	16	17	18	19	256	#
15	6.4282	15	16	17	18	19	20	256	#
16	6.4282	16	17	18	19	20	21	256	#
17	6.4282	17	18	19	20	21	22	256	#
18	6.4282	18	19	20	21	22	23	256	#
19	6.4282	19	20	21	22	23	24	256	#
20	6.4282	20	21	22	23	24	25	256	#
21	6.4282	21	22	23	24	25	26	256	#
22	6.4282	22	23	24	25	26	27	256	#
23	6.4282	23	24	25	26	27	28	256	#
24	6.4282	24	25	26	27	28	29	256	#
25	6.4282	25	26	27	28	29	30	256	#
26	6.4282	26	27	28	29	30	31	256	#
27	6.4282	27	28	29	30	31	32	256	#
28	6.4282	28	29	30	31	32	33	256	#
29	6.4282	29	30	31	32	33	34	256	#
30	6.4282	30	31	32	33	34	35	256	#
31	6.4282	31	32	33	34	35	36	256	#
32	6.4282	32	33	34	35	36	37	256	#
33	6.4282	33	34	35	36	37	38	256	#
34	6.4282	34	35	36	37	38	39	256	#
35	6.4282	35	36	37	38	39	40	256	#
36	6.4282	36	37	38	39	40	41	256	#
37	6.4282	37	38	39	40	41	42	256	#
38	6.4282	38	39	40	41	42	43	256	#
39	6.4282	39	40	41	42	43	44	256	#
40	6.4282	40	41	42	43	44	45	256	#
41	6.4282	41	42	43	44	45	46	256	#
42	6.4282	42	43	44	45	46	47	256	#
43	6.4282	43	44	45	46	47	48	256	#
44	6.4282	44	45	46	47	48	49	256	#
45	6.4282	45	46	47	48	49	50	256	#
46	6.4282	46	47	48	49	50	51	256	#
47	6.4282	47	48	49	50	51	52	256	#
48	6.4282	48	49	50	51	52	53	256	#
49	6.4282	49	50	51	52	53	54	256	#
50	6.4282	50	51	52	53	54	55	256	#
51	6.4282	51	52	53	54	55	56	256	#
52	6.4282	52	53	54	55	56	57	256	#
53	6.4282	53	54	55	56	57	58	256	#
54	6.4282	54	55	56	57	58	59	256	#
55	6.4282	55	56	57	58	59	60	256	#
56	6.4282	56	57	58	59	60	61	256	#
57	6.4282	57	58	59	60	61	62	256	#
58	6.4282	58	59	60	61	62	63	256	#
59	6.4282	59	60	61	62	63	64	256	#
60	6.4282	60	61	62	63	64	65	256	#
61	6.4282	61	62	63	64	65	66	256	#
62	6.4282	62	63	64	65	66	67	256	#
63	6.4282	63	64	65	66	67	68	256	#
64	6.4282	64	65	66	67	68	69	256	#
65	6.4282	65	66	67	68	69	70	256	#
66	6.4282	66	67	68	69	70	71	256	#
67	6.4282	67	68	69	70	71	72	256	#
68	6.4282	68	69	70	71	72	73	256	#
69	6.4282	69	70	71	72	73	74	256	#
70	6.4282	70	71	72	73	74	75	256	#
71	6.4282	71	72	73	74	75	76	256	#
72	6.4282	72	73	74	75	76	77	256	#
73	6.4282	73	74	75	76	77	78	256	#
74	6.4282	74	75	76	77	78	79	256	#
75	6.4282	75	76	77	78	79	80	256	#
76	6.4282	76	77	78	79	80	81	256	#
77	6.4282	77	78	79	80	81	82	256	#
78	6.4282	78	79	80	81	82	83	256	#
79	6.4282	79	80	81	82	83	84	256	#
80	6.4282	80	81	82	83	84	85	256	#
81	6.4282	81	82	83	84	85	86	256	#
82	6.4282	82	83	84	85	86	87	256	#
83	6.4282	83	84	85	86	87	88	256	#
84	6.4282	84	85	86	87	88	89	256	#
85	6.4282	85	86	87	88	89	90	256	#
86	6.4282	86	87	88	89	90	91	256	#
87	6.4282	87	88	89	90	91	92	256	#
88	6.4282	88	89	90	91	92	93	256	#
89	6.4282	89	90	91	92	93	94	256	#
90	6.4282	90	91	92	93	94	95	256	#
91	6.4282	91	92	93	94	95	96	256	#
92	6.4282	92	93	94	95	96	97	256	#
93	6.4282	93	94	95	96	97	98	256	#
94	6.4282	94	95	96	97	98	99	256	#
95	6.4282	95	96	97	98	99	100	256	#
96	6.4282	96	97	98	99	100	101	256	#
97	6.4282	97	98	99	100	101	102	256	#
98	6.4282	98	99	100	101	102	103	256	#
99	6.4282	99	100	101	102	103	104	256	#
100	6.4282	100	101	102	103	104	105	256	#
101	6.4282	101	102	103	104	105	106	256	#
102	6.4282	102	103	104	105	106	107	256	#
103	6.4282	103	104	105	106	107	108	256	#
104	6.4282	104	105	106	107	108	109	256	#
105	6.4282	105	106	107	108	109	110	256	#
106	6.4282	106	107	108	109	110	111	256	#
107	6.4282	107	108	109	110	111	112	256	#
108	6.4282	108	109	110	111	112	113	256	#
109	6.4282	109	110	111	112	113	114	256	#
110	6.4282	110	111	112	113	114	115	256	#
111	6.4282	111	112	113	114	115	116	256	#
112	6.4282	112	113	114	115	116	117	256	#
113	6.4282	113	114	115	116	117	118	256	#
114	6.4282	114	115	116	117	118	119	256	#
115	6.4282	115	116	117	118	119	120	256	#
116	6.4282	116	117	118	119	120	121	256	#
117	6.4282	117	118	119	120	121	122	256	#
118	6.4282	118	119	120	121	122	123	256	#
119	6.4282	119	120	121	122	123	124	256	#
120	6.4282	120	121	122	123	124	125	256	#
121	6.4282	121	122	123	124	125	126	256	#
122	6.4282	122	123	124	125	126	127	256	#
123	6.4282	123	124	125	126	127	128	256	#
124	6.4282	124	125	126	127	128	129	256	#
125	6.4282	125	126	127	128	129	130	256	#
126	6.4282	126	127	128	129	130	131	256	#
127	6.4282	127	128	129	130	131	132	256	#
128	6.4282	128	129	130	131	132	133	256	#
129	6.4282	129	130	131	132	133	134	256	#
130	6.4282	130	131	132	133	134	135	256	#
131	6.4282	131	132	133	134	135	136	256	#
132	6.4282	132	133	134	135	136	137	256	#
133	6.4282	133	134	135	136	137	138	256	#
134	6.4282	134	135	136	137	138	139	256	#
135	6.4282	135	136	137	138	139	140	256	#
136	6.4282	136	137	138	139	140	141	256	#
137	6.4282	137	138	139	140	141	142	256	#
138	6.4282	138	139	140	141	142	143	256	#
139	6.4282	139	140	141	142	143	144	256	#
140	6.4282	140	141	142	143	144	145	256	#
141	6.4282	141	142	143	144	145	146	256	#
142	6.4282	142	143	144	145	146	147	256	#
143	6.4282	143	144	145	146	147	148	256	#
144	6.4282	144	145	146	147	148	149	256	#
145	6.4282	145	146	147	148	149	150	256	#
146	6.4282	146	147	148	149	150	151	256	#
147	6.4282	147	148	149	150	151	152	256	#
148	6.4282	148	149	150	151	152	153	256	#
149	6.4282	149	150	151	152	153	154	256	#
150	6.4282	150	151	152	153	154	155	256	#
151	6.4282	151	152	153	154	155	156	256	#
152	6.4282	152	153	154	155	156	157	256	#
153	6.4282	153	154	155	156	157	158	256	#
154	6.4282	154	155	156	157	158	159	256	#
155	6.4282	155	156	157	158	159	160	256	#
156	6.4282	156	157	158	159	160	161	256	#
157	6.4282	157	158	159	160	161	162	256	#
158	6.4282	158	159	160	161	162	163	256	#
159	6.4282	159	160	161	162	163	164	256	#
160	6.4282	160	161	162	163	164	165	256	#
161	6.4282	161	162	163	164	165	166	256	#
162	6.4282	162	163	164	165	166	167	256	#
163	6.4282	163	164	165	166	167	168	256	#
164	6.4282	164	165	166	167	168	169	256	#
165	6.4282	165	166	167	168	169	170	256	#
166	6.4282	166	167	168	169	170	171	256	#
167	6.4282	167	168	169	170	171	172	256	#
168	6.4282	168	169	170	171	172	173	256	#
169	6.4282	169	170	171	172	173	174	256	#
170	6.4282	170	171	172	173	174	175	256	#
171	6.4282	171	172	173	174	175	176	256	#
172	6.4282	172	173	174	175	176	177	256	#
173	6.4282	173	174	175	176	177	178	256	#
174	6.4282	174	175	176	177	178	179	256	#
175	6.4282	175	176	177	178	179	180	256	#
176	6.4282	176	177	178	179	180	181	256	#
177	6.4282	177	178	179	180	181	182	256	#
178	6.4282	178	179	180	181	182	183	256	#
179	6.4282	179	180	181	182	183	184	256	#
180	6.4282	180	181	182	183	184	185	256	#
181	6.4282	181	182	183	184	185	186	256	#
182	6.4282	182	183	184	185	186	187	256	#
183	6.4282	183	184	185	186	187	188	256	#
184	6.4282	184	185	186	187	188	189	256	#
185	6.4282	185	186	187	188	189	190	256	#
186	6.4282	186	187	188	189	190	191	256	#
187	6.4282	187	188	189	190	191	192	256	#
188	6.4282	188	189	190	191	192	193	256	#
189	5.25696	189	190	191	192	193	194	256	#
190	5.25696	190	191	192	193	194	195	256	#
191	5.25696	191	192	193	194	195	196	256	#
192	5.25696	192	193	194	195	196	197	256	#
193	5.25696	193	194	195	196	197	198	256	#
194	5.25696	194	195	196	197	198	199	256	#
195	5.25696	195	196	197	198	199	200	256	#
196	5.25696	196	197	198	199	200	201	256	#
197	5.25696	197	198	199	200	201	202	256	#
198	5.25696	198	199	200	201	202	203	256	#
199	5.25696	199	200	201	202	203	204	256	#
200	5.25696	200	201	202	203	204	205	256	#
201	5.25696	201	202	203	204	205	206	256	#
202	5.25696	202	203	204	205	206	207	256	#
203	5.25696	203	204	205	206	207	208	256	#
204	5.25696	204	205	206	207	208	209	256	#
205	5.25696	205	206	207	208	209	210	256	#
206	5.25696	206	207	208	209	210	211	256	#
207	5.25696	207	208	209	210	211	212	256	#
208	5.25696	208	209	210	211	212	213	256	#
209	5.25696	209	210	211	212	213	214	256	#
210	5.25696	210	211	212	213	214	215	256	#
211	5.25696	211	212	213	214	215	216	256	#
212	5.25696	212	213	214	215	216	217	256	#
213	5.25696	213	214	215	216	217	218	256	#
214	5.25696	214	215	216	217	218	219	256	#
215	5.25696	215	216	217	218	219	220	256	#
216	5.25696	216	217	218	219	220	221	256	#
217	5.25696	217	218	219	220	221	222	256	#
218	5.25696	218	219	220	221	222	223	256	#
219	5.25696	219	220	221	222	223	224	256	#
220	5.25696	220	221	222	223	224	225	256	#
221	5.25696	221	222	223	224	225	226	256	#
222	5.25696	222	223	224	225	226	227	256	#
223	5.25696	223	224	225	226	227	228	256	#
224	5.25696	224	225	226	227	228	229	256	#
225	5.25696	225	226	227	228	229	230	256	#
226	5.25696	226	227	228	229	230	231	256	#
227	5.25696	227	228	229	230	231	232	256	#
228	5.25696	228	229	230	231	232	233	256	#
229	5.25696	229	230	231	232	233	234	256	#
230	5.25696	230	231	232	233	234	235	256	#
231	5.25696	231	232	233	234	235	236	256	#
232	1.25706	0	257	#
233	1.25706	1	257	#
234	1.25706	2	257	#
235	1.25706	3	257	#
236	1.25706	4	257	#
237	1.25706	5	257	#
238	1.25706	6	257	#
239	1.25706	7	257	#
240	1.25706	8	257	#
241	1.25706	9	257	#
242	1.25706	10	257	#
243	1.25706	11	257	#
244	1.25706	12	257	#
245	1.25706	13	257	#
246	1.25706	14	257	#
247	1.25706	15	257	#
248	1.25706	16	257	#
249	1.25706	17	257	#
250	1.25706	18	257	#
251	1.25706	19	257	#
252	1.25706	20	257	#
253	1.25706	21	257	#
254	1.25706	22	257	#
255	1.25706	23	257	#
256	1.25706	24	257	#
257	1.25706	25	257	#
258	1.25706	26	257	#
259	1.25706	27	257	#
260	1.25706	28	257	#
261	1.25706	29	257	#
262	1.25706	30	257	#
263	1.25706	31	257	#
264	1.25706	32	257	#
265	1.25706	33	257	#
266	1.25706	34	257	#
267	1.25706	35	257	#
268	1.25706	36	257	#
269	1.25706	37	257	#
270	1.25706	38	257	#
271	1.25706	39	257	#
272	1.25706	40	257	#
273	1.25706	41	257	#
274	1.25706	42	257	#
275	1.25706	43	257	#
276	1.25706	44	257	#
277	1.25706	45	257	#
278	1.25706	46	257	#
279	1.25706	47	257	#
280	1.25706	48	257	#
281	1.25706	49	257	#
282	1.25706	50	257	#
283	1.25706	51	257	#
284	1.25706	52	257	#
285	1.25706	53	257	#
286	1.25706	54	257	#
287	1.25706	55	257	#
288	1.25706	56	257	#
289	1.25706	57	257	#
290	1.25706	58	257	#
291	1.25706	59	257	#
292	1.25706	60	257	#
293	1.25706	61	257	#
294	1.25706	62	257	#
295	1.25706	63	257	#
296	1.25706	64	257	#
297	1.25706	65	257	#
298	1.25706	66	257	#
299	1.25706	67	257	#
300	1.25706	68	257	#
301	1.25706	69	257	#
302	1.25706	70	257	#
303	1.25706	71	257	#
304	1.25706	72	257	#
305	1.25706	73	257	#
306	1.25706	74	257	#
307	1.25706	75	257	#
308	1.25706	76	257	#
309	1.25706	77	257	#
310	1.25706	78	257	#
311	1.25706	79	257	#
312	1.25706	80	257	#
313	1.25706	81	257	#
314	1.25706	82	257	#
315	1.25706	83	257	#
316	1.25706	84	257	#
317	1.25706	85	257	#
318	1.25706	86	257	#
319	1.25706	87	257	#
320	1.25706	88	257	#
321	1.25706	89	257	#
322	1.25706	90	257	#
323	1.25706	91	257	#
324	1.25706	92	257	#
325	1.25706	93	257	#
326	1.25706	94	257	#
327	1.25706	95	257	#
328	1.25706	96	257	#
329	1.25706	97	257	#
330	1.25706	98	257	#
331	1.25706	99	257	#
332	1.25706	100	257	#
333	1.25706	101	257	#
334	1.25706	102	257	#
335	1.25706	103	257	#
336	1.25706	104	257	#
337	1.25706	105	257	#
338	1.25706	106	257	#
339	1.25706	107	257	#
340	1.25706	108	257	#
341	1.25706	109	257	#
342	1.25706	110	257	#
343	1.25706	111	257	#
344	1.25706	112	257	#
345	1.25706	113	257	#
346	1.25706	114	257	#
347	1.25706	115	257	#
348	1.25706	116	257	#
349	1.25706	117	257	#
350	1.25706	118	257	#
351	1.25706	119	257	#
352	1.25706	120	257	#
353	1.25706	121	257	#
354	1.25706	122	257	#
355	1.25706	123	257	#
356	1.25706	124	257	#
357	1.25706	125	257	#
358	1.25706	126	257	#
359	1.25706	127	257	#
360	1.25706	128	257	#
361	1.25706	129	257	#
362	1.25706	130	257	#
363	1.25706	131	257	#
364	1.25706	132	257	#
365	1.25706	133	257	#
366	1.25706	134	257	#
367	1.25706	135	257	#
368	1.25706	136	257	#
369	1.25706	137	257	#
370	1.25706	138	257	#
371	1.25706	139	257	#
372	1.25706	140	257	#
373	1.25706	141	257	#
374	1.25706	142	257	#
375	1.25706	143	257	#
376	1.25706	144	257	#
377	1.25706	145	257	#
378	1.25706	146	257	#
379	1.25706	147	257	#
380	1.25706	148	257	#
381	1.25706	149	257	#
382	1.25706	150	257	#
383	1.25706	151	257	#
384	1.25706	152	257	#
385	1.25706	153	257	#
386	1.25706	154	257	#
387	1.25706	155	257	#
388	1.25706	156	257	#
389	1.25706	157	257	#
390	1.25706	158	257	#
391	1.25706	159	257	#
392	1.25706	160	257	#
393	1.25706	161	257	#
394	1.25706	162	257	#
395	1.25706	163	257	#
396	1.25706	164	257	#
397	1.05182	165	257	#
398	1.05182	166	257	#
399	1.05182	167	257	#
400	1.05182	168	257	#
401	1.05182	169	257	#
402	1.05182	170	257	#
403	1.05182	171	257	#
404	1.05182	172	257	#
405	1.05182	173	257	#
406	1.05182	174	257	#
407	1.05182	175	257	#
408	1.05182	176	257	#
409	1.05182	177	257	#
410	1.05182	178	257	#
411	1.05182	179	257	#
412	1.05182	180	257	#
413	1.05182	181	257	#
414	1.05182	182	257	#
415	1.05182	183	257	#
416	1.05182	184	257	#
417	1.05182	185	257	#
418	1.05182	186	257	#
419	1.05182	187	257	#
420	1.05182	188	257	#
421	1.05182	189	257	#
422	1.05182	190	257	#
423	1.05182	191	257	#
424	1.05182	192	257	#
425	1.05182	193	257	#
426	1.05182	194	257	#
427	1.05182	195	257	#
428	1.05182	196	257	#
429	0.9122	197	257	#
430	0.9122	198	257	#
431	0.9122	199	257	#
432	0.9122	200	257	#
433	0.9122	201	257	#
434	0.9122	202	257	#
435	0.9122	203	257	#
436	0.9122	204	257	#
437	0.9122	205	257	#
438	0.9122	206	257	#
439	0.9122	207	257	#
440	0.9122	208	257	#
441	0.9122	209	257	#
442	0.9122	210	257	#
443	0.9122	211	257	#
444	0.9122	212	257	#
445	0.9122	213	257	#
446	0.9122	214	257	#
447	0.9122	215	257	#
448	0.9122	216	257	#
449	0.9122	217	257	#
450	0.9122	218	257	#
451	0.9122	219	257	#
452	0.9122	220	257	#
453	0.9122	221	257	#
454	0.9122	222	257	#
455	0.9122	223	257	#
456	0.9122	224	257	#
457	0.9122	225	257	#
458	0.9122	226	257	#
459	0.904198	227	257	#
460	0.904198	228	257	#
461	0.873548	229	257	#
462	0.873548	230	257	#
463	0.873548	231	257	#
464	0.873548	232	257	#
465	0.873548	233	257	#
466	0.873548	234	257	#
467	0.873548	235	257	#
468	0.873548	236	257	#
469	0.838038	237	257	#
470	0.838038	238	257	#
471	0.838038	239	257	#
472	0.838038	240	257	#
473	0.838038	241	257	#
474	0.838038	242	257	#
475	0.838038	243	257	#
476	0.838038	244	257	#
477	0.838038	245	257	#
478	0.838038	246	257	#
479	0.827941	247	257	#
480	0.827941	248	257	#
481	0.827941	249	257	#
482	6.06463	0	1	2	3	4	5	6	258	#
483	6.06463	1	2	3	4	5	6	7	258	#
484	6.06463	2	3	4	5	6	7	8	258	#
485	6.06463	3	4	5	6	7	8	9	258	#
486	6.06463	4	5	6	7	8	9	10	258	#
487	6.06463	5	6	7	8	9	10	11	258	#
488	6.06463	6	7	8	9	10	11	12	258	#
489	6.06463	7	8	9	10	11	12	13	258	#
490	6.06463	8	9	10	11	12	13	14	258	#
491	6.06463	9	10	11	12	13	14	15	258	#
492	6.06463	10	11	12	13	14	15	16	258	#
493	6.06463	11	12	13	14	15	16	17	258	#
494	6.06463	12	13	14	15	16	17	18	258	#
495	6.06463	13	14	15	16	17	18	19	258	#
496	6.06463	14	15	16	17	18	19	20	258	#
497	6.06463	15	16	17	18	19	20	21	258	#
498	6.06463	16	17	18	19	20	21	22	258	#
499	6.06463	17	18	19	20	21	22	23	258	#
500	6.06463	18	19	20	21	22	23	24	258	#
501	6.06463	19	20	21	22	23	24	25	258	#
502	6.06463	20	21	22	23	24	25	26	258	#
503	6.06463	21	22	23	24	25	26	27	258	#
504	6.06463	22	23	24	25	26	27	28	258	#
505	6.06463	23	24	25	26	27	28	29	258	#
506	6.06463	24	25	26	27	28	29	30	258	#
507	6.06463	25	26	27	28	29	30	31	258	#
508	6.06463	26	27	28	29	30	31	32	258	#
509	6.06463	27	28	29	30	31	32	33	258	#
510	6.06463	28	29	30	31	32	33	34	258	#
511	6.06463	29	30	31	32	33	34	35	258	#
512	6.06463	30	31	32	33	34	35	36	258	#
513	6.06463	31	32	33	34	35	36	37	258	#
514	6.06463	32	33	34	35	36	37	38	258	#
515	6.06463	33	34	35	36	37	38	39	258	#
516	6.06463	34	35	36	37	38	39	40	258	#
517	6.06463	35	36	37	38	39	40	41	258	#
518	6.06463	36	37	38	39	40	41	42	258	#
519	6.06463	37	38	39	40	41	42	43	258	#
520	6.06463	38	39	40	41	42	43	44	258	#
521	6.06463	39	40	41	42	43	44	45	258	#
522	6.06463	40	41	42	43	44	45	46	258	#
523	6.06463	41	42	43	44	45	46	47	258	#
524	6.06463	42	43	44	45	46	47	48	258	#
525	6.06463	43	44	45	46	47	48	49	258	#
526	6.06463	44	45	46	47	48	49	50	258	#
527	6.06463	45	46	47	48	49	50	51	258	#
528	6.06463	46	47	48	49	50	51	52	258	#
529	6.06463	47	48	49	50	51	52	53	258	#
530	6.06463	48	49	50	51	52	53	54	258	#
531	6.06463	49	50	51	52	53	54	55	258	#
532	6.06463	50	51	52	53	54	55	56	258	#
533	6.06463	51	52	53	54	55	56	57	258	#
534	6.06463	52	53	54	55	56	57	58	258	#
535	6.06463	53	54	55	56	57	58	59	258	#
536	6.06463	54	55	56	57	58	59	60	258	#
537	6.06463	55	56	57	58	59	60	61	258	#
538	6.06463	56	57	58	59	60	61	62	258	#
539	6.06463	57	58	59	60	61	62	63	258	#
540	6.06463	58	59	60	61	62	63	64	258	#
541	6.06463	59	60	61	62	63	64	65	258	#
542	6.06463	60	61	62	63	64	65	66	258	#
543	6.06463	61	62	63	64	65	66	67	258	#
544	6.06463	62	63	64	65	66	67	68	258	#
545	6.06463	63	64	65	66	67	68	69	258	#
546	6.06463	64	65	66	67	68	69	70	258	#
547	6.06463	65	66	67	68	69	70	71	258	#
548	6.06463	66	67	68	69	70	71	72	258	#
549	6.06463	67	68	69	70	71	72	73	258	#
550	6.06463	68	69	70	71	72	73	74	258	#
551	6.06463	69	70	71	72	73	74	75	258	#
552	6.06463	70	71	72	73	74	75	76	258	#
553	6.06463	71	72	73	74	75	76	77	258	#
554	6.06463	72	73	74	75	76	77	78	258	#
555	6.06463	73	74	75	76	77	78	79	258	#
556	6.06463	74	75	76	77	78	79	80	258	#
557	6.06463	75	76	77	78	79	80	81	258	#
558	6.06463	76	77	78	79	80	81	82	258	#
559	6.06463	77	78	79	80	81	82	83	258	#
560	6.06463	78	79	80	81	82	83	84	258	#
561	6.06463	79	80	81	82	83	84	85	258	#
562	6.06463	80	81	82	83	84	85	86	258	#
563	6.06463	81	82	83	84	85	86	87	258	#
564	6.06463	82	83	84	85	86	87	88	258	#
565	6.06463	83	84	85	86	87	88	89	258	#
566	6.06463	84	85	86	87	88	89	90	258	#
567	6.06463	85	86	87	88	89	90	91	258	#
568	6.06463	86	87	88	89	90	91	92	258	#
569	6.06463	87	88	89	90	91	92	93	258	#
570	6.06463	88	89	90	91	92	93	94	258	#
571	6.06463	89	90	91	92	93	94	95	258	#
572	6.06463	90	91	92	93	94	95	96	258	#
573	6.06463	91	92	93	94	95	96	97	258	#
574	6.06463	92	93	94	95	96	97	98	258	#
575	6.06463	93	94	95	96	97	98	99	258	#
576	6.06463	94	95	96	97	98	99	100	258	#
577	6.06463	95	96	97	98	99	100	101	258	#
578	6.06463	96	97	98	99	100	101	102	258	#
579	6.06463	97	98	99	100	101	102	103	258	#
580	6.06463	98	99	100	101	102	103	104	258	#
581	6.06463	99	100	101	102	103	104	105	258	#
582	6.06463	100	101	102	103	104	105	106	258	#
583	6.06463	101	102	103	104	105	106	107	258	#
584	6.06463	102	103	104	105	106	107	108	258	#
585	6.06463	103	104	105	106	107	108	109	258	#
586	6.06463	104	105	106	107	108	109	110	258	#
587	6.06463	105	106	107	108	109	110	111	258	#
588	6.06463	106	107	108	109	110	111	112	258	#
589	6.06463	107	108	109	110	111	112	113	258	#
590	6.06463	108	109	110	111	112	113	114	258	#
591	6.06463	109	110	111	112	113	114	115	258	#
592	6.06463	110	111	112	113	114	115	116	258	#
593	6.06463	111	112	113	114	115	116	117	258	#
594	6.06463	112	113	114	115	116	117	118	258	#
595	6.06463	113	114	115	116	117	118	119	258	#
596	6.06463	114	115	116	117	118	119	120	258	#
597	6.06463	115	116	117	118	119	120	121	258	#
598	6.06463	116	117	118	119	120	121	122	258	#
599	6.06463	117	118	119	120	121	122	123	258	#
600	6.06463	118	119	120	121	122	123	124	258	#
601	6.06463	119	120	121	122	123	124	125	258	#
602	6.06463	120	121	122	123	124	125	126	258	#
603	6.06463	121	122	123	124	125	126	127	258	#
604	6.06463	122	123	124	125	126	127	128	258	#
605	6.06463	123	124	125	126	127	128	129	258	#
606	6.06463	124	125	126	127	128	129	130	258	#
607	6.06463	125	126	127	128	129	130	131	258	#
608	6.06463	126	127	128	129	130	131	132	258	#
609	6.06463	127	128	129	130	131	132	133	258	#
610	6.06463	128	129	130	131	132	133	134	258	#
611	6.06463	129	130	131	132	133	134	135	258	#
612	6.06463	130	131	132	133	134	135	136	258	#
613	6.06463	131	132	133	134	135	136	137	258	#
614	6.06463	132	133	134	135	136	137	138	258	#
615	6.06463	133	134	135	136	137	138	139	258	#
616	6.06463	134	135	136	137	138	139	140	258	#
617	6.06463	135	136	137	138	139	140	141	258	#
618	6.06463	136	137	138	139	140	141	142	258	#
619	6.06463	137	138	139	140	141	142	143	258	#
620	6.06463	138	139	140	141	142	143	144	258	#
621	6.06463	139	140	141	142	143	144	145	258	#
622	6.06463	140	141	142	143	144	145	146	258	#
623	6.06463	141	142	143	144	145	146	147	258	#
624	6.06463	142	143	144	145	146	147	148	258	#
625	6.06463	143	144	145	146	147	148	149	258	#
626	6.06463	144	145	146	147	148	149	150	258	#
627	6.06463	145	146	147	148	149	150	151	258	#
628	6.06463	146	147	148	149	150	151	152	258	#
629	6.06463	147	148	149	150	151	152	153	258	#
630	6.06463	148	149	150	151	152	153	154	258	#
631	6.06463	149	150	151	152	153	154	155	258	#
632	6.06463	150	151	152	153	154	155	156	258	#
633	6.06463	151	152	153	154	155	156	157	258	#
634	6.06463	152	153	154	155	156	157	158	258	#
635	6.06463	153	154	155	156	157	158	159	258	#
636	6.06463	154	155	156	157	158	159	160	258	#
637	6.06463	155	156	157	158	159	160	161	258	#
638	6.06463	156	157	158	159	160	161	162	258	#
639	6.06463	157	158	159	160	161	162	163	258	#
640	6.06463	158	159	160	161	162	163	164	258	#
641	6.06463	159	160	161	162	163	164	165	258	#
642	6.06463	160	161	162	163	164	165	166	258	#
643	6.06463	161	162	163	164	165	166	167	258	#
644	6.06463	162	163	164	165	166	167	168	258	#
645	6.06463	163	164	165	166	167	168	169	258	#
646	6.06463	164	165	166	167	168	169	170	258	#
647	6.06463	165	166	167	168	169	170	171	258	#
648	6.06463	166	167	168	169	170	171	172	258	#
649	6.06463	167	168	169	170	171	172	173	258	#
650	6.06463	168	169	170	171	172	173	174	258	#
651	6.06463	169	170	171	172	173	174	175	258	#
652	6.06463	170	171	172	173	174	175	176	258	#
653	6.06463	171	172	173	174	175	176	177	258	#
654	6.06463	172	173	174	175	176	177	178	258	#
655	6.06463	173	174	175	176	177	178	179	258	#
656	6.06463	174	175	176	177	178	179	180	258	#
657	6.06463	175	176	177	178	179	180	181	258	#
658	6.06463	176	177	178	179	180	181	182	258	#
659	6.06463	177	178	179	180	181	182	183	258	#
660	6.06463	178	179	180	181	182	183	184	258	#
661	6.06463	179	180	181	182	183	184	185	258	#
662	6.06463	180	181	182	183	184	185	186	258	#
663	6.06463	181	182	183	184	185	186	187	258	#
664	6.06463	182	183	184	185	186	187	188	258	#
665	6.06463	183	184	185	186	187	188	189	258	#
666	6.06463	184	185	186	187	188	189	190	258	#
667	6.06463	185	186	187	188	189	190	191	258	#
668	6.06463	186	187	188	189	190	191	192	258	#
669	6.06463	187	188	189	190	191	192	193	258	#
670	6.06463	188	189	190	191	192	193	194	258	#
671	6.06463	189	190	191	192	193	194	195	258	#
672	6.06463	190	191	192	193	194	195	196	258	#
673	6.06463	191	192	193	194	195	196	197	258	#
674	6.06463	192	193	194	195	196	197	198	258	#
675	6.06463	193	194	195	196	197	198	199	258	#
676	6.06463	194	195	196	197	198	199	200	258	#
677	6.06463	195	196	197	198	199	200	201	258	#
678	6.06463	196	197	198	199	200	201	202	258	#
679	6.06463	197	198	199	200	201	202	203	258	#
680	6.06463	198	199	200	201	202	203	204	258	#
681	6.06463	199	200	201	202	203	204	205	258	#
682	6.06463	200	201	202	203	204	205	206	258	#
683	6.06463	201	202	203	204	205	206	207	258	#
684	6.06463	202	203	204	205	206	207	208	258	#
685	6.06463	203	204	205	206	207	208	209	258	#
686	6.06463	204	205	206	207	208	209	210	258	#
687	6.06463	205	206	207	208	209	210	211	258	#
688	6.06463	206	207	208	209	210	211	212	258	#
689	6.06463	207	208	209	210	211	212	213	258	#
690	6.06463	208	209	210	211	212	213	214	258	#
691	6.06463	209	210	211	212	213	214	215	258	#
692	5.92679	210	211	212	213	214	215	216	258	#
693	5.92679	211	212	213	214	215	216	217	258	#
694	5.92679	212	213	214	215	216	217	218	258	#
695	5.92679	213	214	215	216	217	218	219	258	#
696	5.92679	214	215	216	217	218	219	220	258	#
697	5.17419	215	216	217	218	219	220	221	258	#
698	5.17419	216	217	218	219	220	221	222	258	#
699	5.17419	217	218	219	220	221	222	223	258	#
700	5.17419	218	219	220	221	222	223	224	258	#
701	5.17419	219	220	221	222	223	224	225	258	#
702	5.17419	220	221	222	223	224	225	226	258	#
703	5.17419	221	222	223	224	225	226	227	258	#
704	5.17419	222	223	224	225	226	227	228	258	#
705	5.17419	223	224	225	226	227	228	229	258	#
706	5.17419	224	225	226	227	228	229	230	258	#
707	5.17419	225	226	227	228	229	230	231	258	#
708	5.17419	226	227	228	229	230	231	232	258	#
709	5.17419	227	228	229	230	231	232	233	258	#
710	5.17419	228	229	230	231	232	233	234	258	#
711	5.17419	229	230	231	232	233	234	235	258	#
712	5.17419	230	231	232	233	234	235	236	258	#
713	5.17419	231	232	233	234	235	236	237	258	#
714	5.17419	232	233	234	235	236	237	238	258	#
715	5.17419	233	234	235	236	237	238	239	258	#
716	5.17419	234	235	236	237	238	239	240	258	#
717	5.17419	235	236	237	238	239	240	241	258	#
718	5.17419	236	237	238	239	240	241	242	258	#
719	5.17419	237	238	239	240	241	242	243	258	#
720	5.17419	238	239	240	241	242	243	244	258	#
721	5.17419	239	240	241	242	243	244	245	258	#
722	5.17419	240	241	242	243	244	245	246	258	#
723	5.17419	241	242	243	244	245	246	247	258	#
724	5.17419	242	243	244	245	246	247	248	258	#
725	5.17419	243	244	245	246	247	248	249	258	#
726	5.17419	244	245	246	247	248	249	250	258	#
727	5.17419	245	246	247	248	249	250	251	258	#
728	5.17419	246	247	248	249	250	251	252	258	#
729	5.11331	247	248	249	250	251	252	253	258	#
730	5.11331	248	249	250	251	252	253	254	258	#
731	5.11331	249	250	251	252	253	254	255	258	#
732	3.99438	0	1	2	259	#
733	3.99438	1	2	3	259	#
734	3.99438	2	3	4	259	#
735	3.99438	3	4	5	259	#
736	3.99438	4	5	6	259	#
737	3.99438	5	6	7	259	#
738	3.99438	6	7	8	259	#
739	3.99438	7	8	9	259	#
740	3.99438	8	9	10	259	#
741	3.99438	9	10	11	259	#
742	3.99438	10	11	12	259	#
743	3.99438	11	12	13	259	#
744	3.99438	12	13	14	259	#
745	3.99438	13	14	15	259	#
746	3.99438	14	15	16	259	#
747	3.99438	15	16	17	259	#
748	3.99438	16	17	18	259	#
749	3.99438	17	18	19	259	#
750	3.99438	18	19	20	259	#
751	3.99438	19	20	21	259	#
752	3.99438	20	21	22	259	#
753	3.99438	21	22	23	259	#
754	3.99438	22	23	24	259	#
755	3.99438	23	24	25	259	#
756	3.99438	24	25	26	259	#
757	3.99438	25	26	27	259	#
758	3.99438	26	27	28	259	#
759	3.99438	27	28	29	259	#
760	3.99438	28	29	30	259	#
761	3.99438	29	30	31	259	#
762	3.99438	30	31	32	259	#
763	3.99438	31	32	33	259	#
764	3.99438	32	33	34	259	#
765	3.99438	33	34	35	259	#
766	3.99438	34	35	36	259	#
767	3.99438	35	36	37	259	#
768	3.99438	36	37	38	259	#
769	3.99438	37	38	39	259	#
770	3.99438	38	39	40	259	#
771	3.99438	39	40	41	259	#
772	3.99438	40	41	42	259	#
773	3.99438	41	42	43	259	#
774	3.99438	42	43	44	259	#
775	3.99438	43	44	45	259	#
776	3.99438	44	45	46	259	#
777	3.99438	45	46	47	259	#
778	3.99438	46	47	48	259	#
779	3.99438	47	48	49	259	#
780	3.99438	48	49	50	259	#
781	3.99438	49	50	51	259	#
782	3.99438	50	51	52	259	#
783	3.99438	51	52	53	259	#
784	3.99438	52	53	54	259	#
785	3.99438	53	54	55	259	#
786	3.99438	54	55	56	259	#
787	3.99438	55	56	57	259	#
788	3.99438	56	57	58	259	#
789	3.99438	57	58	59	259	#
790	3.99438	58	59	60	259	#
791	3.99438	59	60	61	259	#
792	3.99438	60	61	62	259	#
793	3.99438	61	62	63	259	#
794	3.99438	62	63	64	259	#
795	3.99438	63	64	65	259	#
796	3.99438	64	65	66	259	#
797	3.99438	65	66	67	259	#
798	3.99438	66	67	68	259	#
799	3.99438	67	68	69	259	#
800	3.99438	68	69	70	259	#
801	3.99438	69	70	71	259	#
802	3.99438	70	71	72	259	#
803	3.99438	71	72	73	259	#
804	3.99438	72	73	74	259	#
805	3.99438	73	74	75	259	#
806	3.99438	74	75	76	259	#
807	3.99438	75	76	77	259	#
808	3.99438	76	77	78	259	#
809	3.99438	77	78	79	259	#
810	3.99438	78	79	80	259	#
811	3.99438	79	80	81	259	#
812	3.99438	80	81	82	259	#
813	3.99438	81	82	83	259	#
814	3.99438	82	83	84	259	#
815	3.99438	83	84	85	259	#
816	3.99438	84	85	86	259	#
817	3.99438	85	86	87	259	#
818	3.99438	86	87	88	259	#
819	3.99438	87	88	89	259	#
820	3.99438	88	89	90	259	#
821	3.99438	89	90	91	259	#
822	3.99438	90	91	92	259	#
823	3.99438	91	92	93	259	#
824	3.99438	92	93	94	259	#
825	3.99438	93	94	95	259	#
826	3.99438	94	95	96	259	#
827	3.99438	95	96	97	259	#
828	3.99438	96	97	98	259	#
829	3.99438	97	98	99	259	#
830	3.99438	98	99	100	259	#
831	3.99438	99	100	101	259	#
832	3.99438	100	101	102	259	#
833	3.99438	101	102	103	259	#
834	3.99438	102	103	104	259	#
835	3.99438	103	104	105	259	#
836	3.99438	104	105	106	259	#
837	3.99438	105	106	107	259	#
838	3.99438	106	107	108	259	#
839	3.99438	107	108	109	259	#
840	3.99438	108	109	110	259	#
841	3.99438	109	110	111	259	#
842	3.99438	110	111	112	259	#
843	3.99438	111	112	113	259	#
844	3.99438	112	113	114	259	#
845	3.99438	113	114	115	259	#
846	3.99438	114	115	116	259	#
847	3.99438	115	116	117	259	#
848	3.99438	116	117	118	259	#
849	3.99438	117	118	119	259	#
850	3.99438	118	119	120	259	#
851	3.99438	119	120	121	259	#
852	3.99438	120	121	122	259	#
853	3.99438	121	122	123	259	#
854	3.99438	122	123	124	259	#
855	3.99438	123	124	125	259	#
856	3.99438	124	125	126	259	#
857	3.99438	125	126	127	259	#
858	3.99438	126	127	128	259	#
859	3.99438	127	128	129	259	#
860	3.99438	128	129	130	259	#
861	3.99438	129	130	131	259	#
862	3.99438	130	131	132	259	#
863	3.99438	131	132	133	259	#
864	3.99438	132	133	134	259	#
865	3.99438	133	134	135	259	#
866	3.99438	134	135	136	259	#
867	3.99438	135	136	137	259	#
868	3.99438	136	137	138	259	#
869	3.99438	137	138	139	259	#
870	3.99438	138	139	140	259	#
871	3.99438	139	140	141	259	#
872	3.99438	140	141	142	259	#
873	3.99438	141	142	143	259	#
874	3.99438	142	143	144	259	#
875	3.99438	143	144	145	259	#
876	3.99438	144	145	146	259	#
877	3.99438	145	146	147	259	#
878	3.99438	146	147	148	259	#
879	3.99438	147	148	149	259	#
880	3.99438	148	149	150	259	#
881	3.99438	149	150	151	259	#
882	3.99438	150	151	152	259	#
883	3.99438	151	152	153	259	#
884	3.99438	152	153	154	259	#
885	3.99438	153	154	155	259	#
886	3.99438	154	155	156	259	#
887	3.99438	155	156	157	259	#
888	3.99438	156	157	158	259	#
889	3.99438	157	158	159	259	#
890	3.99438	158	159	160	259	#
891	3.99438	159	160	161	259	#
892	3.99438	160	161	162	259	#
893	3.99438	161	162	163	259	#
894	3.99438	162	163	164	259	#
895	3.99438	163	164	165	259	#
896	3.99438	164	165	166	259	#
897	3.99438	165	166	167	259	#
898	3.99438	166	167	168	259	#
899	3.99438	167	168	169	259	#
900	3.99438	168	169	170	259	#
901	3.99438	169	170	171	259	#
902	3.99438	170	171	172	259	#
903	3.99438	171	172	173	259	#
904	3.99438	172	173	174	259	#
905	3.99438	173	174	175	259	#
906	3.99438	174	175	176	259	#
907	3.99438	175	176	177	259	#
908	3.99438	176	177	178	259	#
909	3.99438	177	178	179	259	#
910	3.99438	178	179	180	259	#
911	3.99438	179	180	181	259	#
912	3.99438	180	181	182	259	#
913	3.99438	181	182	183	259	#
914	3.99438	182	183	184	259	#
915	3.99438	183	184	185	259	#
916	3.99438	184	185	186	259	#
917	3.99438	185	186	187	259	#
918	3.99438	186	187	188	259	#
919	3.99438	187	188	189	259	#
920	3.99438	188	189	190	259	#
921	3.99438	189	190	191	259	#
922	3.99438	190	191	192	259	#
923	3.99438	191	192	193	259	#
924	3.99438	192	193	194	259	#
925	3.99438	193	194	195	259	#
926	3.99438	194	195	196	259	#
927	3.99438	195	196	197	259	#
928	3.99438	196	197	198	259	#
929	3.99438	197	198	199	259	#
930	3.99438	198	199	200	259	#
931	3.99438	199	200	201	259	#
932	3.99438	200	201	202	259	#
933	3.99438	201	202	203	259	#
934	3.99438	202	203	204	259	#
935	3.99438	203	204	205	259	#
936	3.99438	204	205	206	259	#
937	3.99438	205	206	207	259	#
938	3.99438	206	207	208	259	#
939	3.99438	207	208	209	259	#
940	3.99438	208	209	210	259	#
941	3.99438	209	210	211	259	#
942	3.99438	210	211	212	259	#
943	1.26775	0	260	#
944	1.26775	1	260	#
945	1.26775	2	260	#
946	1.26775	3	260	#
947	1.26775	4	260	#
948	1.26775	5	260	#
949	1.26775	6	260	#
950	1.26775	7	260	#
951	1.26775	8	260	#
952	1.26775	9	260	#
953	1.26775	10	260	#
954	1.26775	11	260	#
955	1.26775	12	260	#
956	1.26775	13	260	#
957	1.26775	14	260	#
958	1.26775	15	260	#
959	1.26775	16	260	#
960	1.26775	17	260	#
961	1.26775	18	260	#
962	1.26775	19	260	#
963	1.26775	20	260	#
964	1.26775	21	260	#
965	1.26775	22	260	#
966	1.26775	23	260	#
967	1.26775	24	260	#
968	1.26775	25	260	#
969	1.26775	26	260	#
970	1.26775	27	260	#
971	1.26775	28	260	#
972	1.26775	29	260	#
973	1.26775	30	260	#
974	1.26775	31	260	#
975	1.26775	32	260	#
976	1.26775	33	260	#
977	1.26775	34	260	#
978	1.26775	35	260	#
979	1.26775	36	260	#
980	1.26775	37	260	#
981	1.26775	38	260	#
982	1.26775	39	260	#
983	1.26775	40	260	#
984	1.26775	41	260	#
985	1.26775	42	260	#
986	1.26775	43	260	#
987	1.26775	44	260	#
988	1.26775	45	260	#
989	1.26775	46	260	#
990	1.26775	47	260	#
991	1.26775	48	260	#
992	1.26775	49	260	#
993	1.26775	50	260	#
994	1.26775	51	260	#
995	1.26775	52	260	#
996	1.26775	53	260	#
997	1.26775	54	260	#
998	1.26775	55	260	#
999	1.26775	56	260	#
1000	1.26775	57	260	#
1001	1.26775	58	260	#
1002	1.26775	59	260	#
1003	1.26775	60	260	#
1004	1.26775	61	260	#
1005	1.26775	62	260	#
1006	1.26775	63	260	#
1007	1.26775	64	260	#
1008	1.26775	65	260	#
1009	1.26775	66	260	#
1010	1.26775	67	260	#
1011	1.26775	68	260	#
1012	1.26775	69	260	#
1013	1.26775	70	260	#
1014	1.26775	71	260	#
1015	1.26775	72	260	#
1016	1.26775	73	260	#
1017	1.26775	74	260	#
1018	1.26775	75	260	#
1019	1.26775	76	260	#
1020	1.26775	77	260	#
1021	1.26775	78	260	#
1022	1.26775	79	260	#
1023	1.26775	80	260	#
1024	1.26775	81	260	#
1025	1.26775	82	260	#
1026	1.26775	83	260	#
1027	1.26775	84	260	#
1028	1.26775	85	260	#
1029	1.26775	86	260	#
1030	1.26775	87	260	#
1031	1.26775	88	260	#
1032	1.26775	89	260	#
1033	1.26775	90	260	#
1034	1.26775	91	260	#
1035	1.26775	92	260	#
1036	1.26775	93	260	#
1037	1.26775	94	260	#
1038	1.26775	95	260	#
1039	1.26775	96	260	#
1040	1.26775	97	260	#
1041	1.26775	98	260	#
1042	1.26775	99	260	#
1043	1.26775	100	260	#
1044	1.26775	101	260	#
1045	1.26775	102	260	#
1046	1.26775	103	260	#
1047	1.26775	104	260	#
1048	1.26775	105	260	#
1049	1.26775	106	260	#
1050	1.26775	107	260	#
1051	1.26775	108	260	#
1052	1.26775	109	260	#
1053	1.26775	110	260	#
1054	1.26775	111	260	#
1055	1.26775	112	260	#
1056	1.26775	113	260	#
1057	1.26775	114	260	#
1058	1.26775	115	260	#
1059	1.26775	116	260	#
1060	1.26775	117	260	#
1061	1.26775	118	260	#
1062	1.26775	119	260	#
1063	1.26775	120	260	#
1064	1.26775	121	260	#
1065	1.26775	122	260	#
1066	1.26775	123	260	#
1067	1.26775	124	260	#
1068	1.26775	125	260	#
1069	1.26775	126	260	#
1070	1.26775	127	260	#
1071	1.26775	128	260	#
1072	1.26775	129	260	#
1073	1.26775	130	260	#
1074	1.26775	131	260	#
1075	1.26775	132	260	#
1076	1.26775	133	260	#
1077	1.26775	134	260	#
1078	1.26775	135	260	#
1079	1.26775	136	260	#
1080	1.26775	137	260	#
1081	1.26775	138	260	#
1082	1.26775	139	260	#
1083	1.26775	140	260	#
1084	1.26775	141	260	#
1085	1.26775	142	260	#
1086	1.26775	143	260	#
1087	1.26775	144	260	#
1088	1.26775	145	260	#
1089	1.26775	146	260	#
1090	1.26775	147	260	#
1091	1.26775	148	260	#
1092	1.26775	149	260	#
1093	1.26775	150	260	#
1094	1.26775	151	260	#
1095	1.26775	152	260	#
1096	1.26775	153	260	#
1097	1.26775	154	260	#
1098	1.26775	155	260	#
1099	1.26775	156	260	#
1100	1.26775	157	260	#
1101	1.26775	158	260	#
1102	1.26775	159	260	#
1103	1.26775	160	260	#
1104	1.26775	161	260	#
1105	1.26775	162	260	#
1106	1.26775	163	260	#
1107	1.26775	164	260	#
1108	1.26775	165	260	#
1109	1.26775	166	260	#
1110	1.26775	167	260	#
1111	1.26775	168	260	#
1112	1.26775	169	260	#
1113	1.26775	170	260	#
1114	1.26775	171	260	#
1115	1.26775	172	260	#
1116	1.26775	173	260	#
1117	1.26775	174	260	#
1118	1.26775	175	260	#
1119	1.26775	176	260	#
1120	1.26775	177	260	#
1121	1.26775	178	260	#
1122	1.26775	179	260	#
1123	1.26775	180	260	#
1124	1.26775	181	260	#
1125	1.26775	182	260	#
1126	1.26775	183	260	#
1127	1.26775	184	260	#
1128	1.26775	185	260	#
1129	1.26775	186	260	#
1130	1.26775	187	260	#
1131	1.26775	188	260	#
1132	1.26775	189	260	#
1133	1.26775	190	260	#
1134	1.26775	191	260	#
1135	1.26775	192	260	#
1136	1.26775	193	260	#
1137	1.26775	194	260	#
1138	1.26775	195	260	#
1139	1.26775	196	260	#
1140	1.26775	197	260	#
1141	1.26775	198	260	#
1142	1.26775	199	260	#
1143	1.26775	200	260	#
1144	1.26775	201	260	#
1145	1.26775	202	260	#
1146	1.26775	203	260	#
1147	1.26775	204	260	#
1148	1.26775	205	260	#
1149	1.26775	206	260	#
1150	1.26775	207	260	#
1151	1.26775	208	260	#
1152	1.26775	209	260	#
1153	1.26775	210	260	#
1154	1.26775	211	260	#
1155	1.26775	212	260	#
1156	1.26775	213	260	#
1157	1.26775	214	260	#
1158	1.26775	215	260	#
1159	1.26775	216	260	#
1160	1.26775	217	260	#
1161	1.26775	218	260	#
1162	1.26775	219	260	#
1163	1.26775	220	260	#
1164	1.26775	221	260	#
1165	1.26775	222	260	#
1166	1.26775	223	260	#
1167	1.26775	224	260	#
1168	1.26775	225	260	#
1169	1.26775	226	260	#
1170	1.26775	227	260	#
1171	1.12854	228	260	#
1172	1.12854	229	260	#
1173	1.12854	230	260	#
1174	1.12854	231	260	#
1175	1.12854	232	260	#
1176	1.12854	233	260	#
1177	1.12854	234	260	#
1178	1.12854	235	260	#
1179	1.12854	236	260	#
1180	1.12854	237	260	#
1181	1.12854	238	260	#
1182	1.12854	239	260	#
1183	1.12854	240	260	#
1184	1.12854	241	260	#
1185	1.12854	242	260	#
1186	1.12854	243	260	#
1187	1.12854	244	260	#
1188	1.12854	245	260	#
1189	1.12854	246	260	#
1190	1.12854	247	260	#
1191	1.12854	248	260	#
1192	1.12854	249	260	#
1193	1.12854	250	260	#
1194	1.12854	251	260	#
1195	1.12854	252	260	#
1196	1.12854	253	260	#
1197	1.12854	254	260	#
1198	1.12854	255	260	#
