%% File generated by CATS v.2.1Thu May  9 13:09:15 2024

%% The CATS webpage is http://robotics.stanford.edu/CATS

%% PARAMETER SETTINGS:
% Goods: 256; Bids: 1000; Distribution: scheduling; Runs: 1; Seed: 75
% Scheduling Distribution Parameters:
% max_length                = 10
% deviation                 = 0.500000
% prob_additional_deadline  = 0.700000
% additivity                = 0.200000



goods 256
bids 1012
dummy 5

0	2.25096	0	1	256	#
1	2.25096	1	2	256	#
2	2.25096	2	3	256	#
3	2.25096	3	4	256	#
4	2.25096	4	5	256	#
5	2.25096	5	6	256	#
6	2.25096	6	7	256	#
7	2.25096	7	8	256	#
8	2.25096	8	9	256	#
9	2.25096	9	10	256	#
10	2.25096	10	11	256	#
11	2.25096	11	12	256	#
12	2.25096	12	13	256	#
13	2.25096	13	14	256	#
14	2.25096	14	15	256	#
15	2.25096	15	16	256	#
16	2.25096	16	17	256	#
17	2.25096	17	18	256	#
18	2.25096	18	19	256	#
19	2.25096	19	20	256	#
20	2.25096	20	21	256	#
21	2.25096	21	22	256	#
22	2.25096	22	23	256	#
23	2.25096	23	24	256	#
24	2.25096	24	25	256	#
25	2.25096	25	26	256	#
26	2.25096	26	27	256	#
27	2.25096	27	28	256	#
28	2.25096	28	29	256	#
29	2.25096	29	30	256	#
30	2.25096	30	31	256	#
31	2.25096	31	32	256	#
32	2.25096	32	33	256	#
33	2.25096	33	34	256	#
34	2.25096	34	35	256	#
35	2.25096	35	36	256	#
36	2.25096	36	37	256	#
37	2.25096	37	38	256	#
38	2.25096	38	39	256	#
39	2.25096	39	40	256	#
40	2.25096	40	41	256	#
41	2.25096	41	42	256	#
42	2.25096	42	43	256	#
43	2.25096	43	44	256	#
44	2.25096	44	45	256	#
45	2.25096	45	46	256	#
46	2.25096	46	47	256	#
47	2.25096	47	48	256	#
48	2.25096	48	49	256	#
49	2.25096	49	50	256	#
50	2.25096	50	51	256	#
51	2.25096	51	52	256	#
52	2.25096	52	53	256	#
53	2.25096	53	54	256	#
54	2.25096	54	55	256	#
55	2.25096	55	56	256	#
56	2.25096	56	57	256	#
57	2.25096	57	58	256	#
58	2.25096	58	59	256	#
59	2.25096	59	60	256	#
60	2.25096	60	61	256	#
61	2.25096	61	62	256	#
62	2.25096	62	63	256	#
63	2.25096	63	64	256	#
64	2.25096	64	65	256	#
65	2.25096	65	66	256	#
66	2.25096	66	67	256	#
67	2.25096	67	68	256	#
68	2.25096	68	69	256	#
69	2.25096	69	70	256	#
70	2.25096	70	71	256	#
71	2.25096	71	72	256	#
72	2.25096	72	73	256	#
73	2.25096	73	74	256	#
74	2.25096	74	75	256	#
75	2.25096	75	76	256	#
76	2.25096	76	77	256	#
77	2.25096	77	78	256	#
78	2.25096	78	79	256	#
79	2.25096	79	80	256	#
80	2.25096	80	81	256	#
81	2.25096	81	82	256	#
82	2.25096	82	83	256	#
83	2.25096	83	84	256	#
84	2.25096	84	85	256	#
85	2.25096	85	86	256	#
86	2.25096	86	87	256	#
87	2.25096	87	88	256	#
88	2.25096	88	89	256	#
89	2.25096	89	90	256	#
90	2.25096	90	91	256	#
91	2.25096	91	92	256	#
92	2.25096	92	93	256	#
93	2.25096	93	94	256	#
94	2.25096	94	95	256	#
95	2.25096	95	96	256	#
96	2.25096	96	97	256	#
97	2.25096	97	98	256	#
98	2.25096	98	99	256	#
99	2.25096	99	100	256	#
100	2.25096	100	101	256	#
101	2.25096	101	102	256	#
102	2.25096	102	103	256	#
103	2.25096	103	104	256	#
104	2.25096	104	105	256	#
105	2.25096	105	106	256	#
106	2.25096	106	107	256	#
107	2.25096	107	108	256	#
108	2.25096	108	109	256	#
109	2.25096	109	110	256	#
110	2.25096	110	111	256	#
111	2.25096	111	112	256	#
112	2.25096	112	113	256	#
113	2.25096	113	114	256	#
114	2.25096	114	115	256	#
115	2.25096	115	116	256	#
116	2.25096	116	117	256	#
117	2.25096	117	118	256	#
118	2.25096	118	119	256	#
119	2.25096	119	120	256	#
120	2.25096	120	121	256	#
121	2.25096	121	122	256	#
122	2.25096	122	123	256	#
123	2.25096	123	124	256	#
124	2.25096	124	125	256	#
125	2.25096	125	126	256	#
126	2.25096	126	127	256	#
127	2.25096	127	128	256	#
128	2.25096	128	129	256	#
129	2.25096	129	130	256	#
130	2.25096	130	131	256	#
131	2.25096	131	132	256	#
132	2.25096	132	133	256	#
133	2.25096	133	134	256	#
134	2.25096	134	135	256	#
135	2.25096	135	136	256	#
136	2.25096	136	137	256	#
137	2.25096	137	138	256	#
138	2.25096	138	139	256	#
139	2.25096	139	140	256	#
140	2.25096	140	141	256	#
141	2.25096	141	142	256	#
142	2.25096	142	143	256	#
143	2.25096	143	144	256	#
144	2.25096	144	145	256	#
145	2.25096	145	146	256	#
146	2.25096	146	147	256	#
147	2.25096	147	148	256	#
148	2.25096	148	149	256	#
149	2.25096	149	150	256	#
150	2.25096	150	151	256	#
151	2.25096	151	152	256	#
152	2.25096	152	153	256	#
153	2.25096	153	154	256	#
154	2.25096	154	155	256	#
155	2.25096	155	156	256	#
156	2.25096	156	157	256	#
157	2.25096	157	158	256	#
158	2.25096	158	159	256	#
159	2.25096	159	160	256	#
160	2.25096	160	161	256	#
161	2.25096	161	162	256	#
162	2.25096	162	163	256	#
163	2.25096	163	164	256	#
164	2.25096	164	165	256	#
165	2.25096	165	166	256	#
166	2.25096	166	167	256	#
167	2.25096	167	168	256	#
168	2.25096	168	169	256	#
169	2.25096	169	170	256	#
170	2.25096	170	171	256	#
171	2.25096	171	172	256	#
172	2.25096	172	173	256	#
173	2.25096	173	174	256	#
174	2.25096	174	175	256	#
175	2.25096	175	176	256	#
176	2.25096	176	177	256	#
177	2.25096	177	178	256	#
178	2.25096	178	179	256	#
179	2.25096	179	180	256	#
180	2.25096	180	181	256	#
181	2.25096	181	182	256	#
182	2.25096	182	183	256	#
183	2.25096	183	184	256	#
184	2.25096	184	185	256	#
185	2.25096	185	186	256	#
186	2.25096	186	187	256	#
187	2.25096	187	188	256	#
188	2.25096	188	189	256	#
189	2.25096	189	190	256	#
190	2.25096	190	191	256	#
191	2.25096	191	192	256	#
192	2.25096	192	193	256	#
193	2.25096	193	194	256	#
194	2.25096	194	195	256	#
195	2.25096	195	196	256	#
196	2.25096	196	197	256	#
197	2.25096	197	198	256	#
198	2.25096	198	199	256	#
199	2.25096	199	200	256	#
200	2.25096	200	201	256	#
201	2.25096	201	202	256	#
202	2.25096	202	203	256	#
203	2.25096	203	204	256	#
204	2.25096	204	205	256	#
205	1.81672	205	206	256	#
206	1.81672	206	207	256	#
207	1.81672	207	208	256	#
208	1.81672	208	209	256	#
209	1.81672	209	210	256	#
210	1.81672	210	211	256	#
211	1.81672	211	212	256	#
212	1.81672	212	213	256	#
213	1.81672	213	214	256	#
214	1.81672	214	215	256	#
215	1.81672	215	216	256	#
216	1.81672	216	217	256	#
217	1.81672	217	218	256	#
218	1.81672	218	219	256	#
219	1.81672	219	220	256	#
220	1.81672	220	221	256	#
221	1.81672	221	222	256	#
222	1.81672	222	223	256	#
223	1.81672	223	224	256	#
224	1.81672	224	225	256	#
225	1.81672	225	226	256	#
226	1.81672	226	227	256	#
227	1.81672	227	228	256	#
228	1.81672	228	229	256	#
229	1.81672	229	230	256	#
230	1.81672	230	231	256	#
231	1.81672	231	232	256	#
232	1.81672	232	233	256	#
233	1.81672	233	234	256	#
234	1.81672	234	235	256	#
235	1.81672	235	236	256	#
236	1.81672	236	237	256	#
237	1.81672	237	238	256	#
238	1.81672	238	239	256	#
239	1.81672	239	240	256	#
240	1.81672	240	241	256	#
241	1.81672	241	242	256	#
242	1.81672	242	243	256	#
243	1.81672	243	244	256	#
244	1.81672	244	245	256	#
245	1.81672	245	246	256	#
246	1.81672	246	247	256	#
247	1.81672	247	248	256	#
248	1.81672	248	249	256	#
249	1.81672	249	250	256	#
250	1.81672	250	251	256	#
251	1.81672	251	252	256	#
252	1.81672	252	253	256	#
253	1.81672	253	254	256	#
254	5.74992	0	1	2	3	4	257	#
255	5.74992	1	2	3	4	5	257	#
256	5.74992	2	3	4	5	6	257	#
257	5.74992	3	4	5	6	7	257	#
258	5.74992	4	5	6	7	8	257	#
259	5.74992	5	6	7	8	9	257	#
260	5.74992	6	7	8	9	10	257	#
261	5.74992	7	8	9	10	11	257	#
262	5.74992	8	9	10	11	12	257	#
263	5.74992	9	10	11	12	13	257	#
264	5.74992	10	11	12	13	14	257	#
265	5.74992	11	12	13	14	15	257	#
266	5.74992	12	13	14	15	16	257	#
267	5.74992	13	14	15	16	17	257	#
268	5.74992	14	15	16	17	18	257	#
269	5.74992	15	16	17	18	19	257	#
270	5.74992	16	17	18	19	20	257	#
271	5.74992	17	18	19	20	21	257	#
272	5.74992	18	19	20	21	22	257	#
273	5.74992	19	20	21	22	23	257	#
274	5.74992	20	21	22	23	24	257	#
275	5.74992	21	22	23	24	25	257	#
276	5.74992	22	23	24	25	26	257	#
277	5.74992	23	24	25	26	27	257	#
278	5.74992	24	25	26	27	28	257	#
279	5.74992	25	26	27	28	29	257	#
280	5.74992	26	27	28	29	30	257	#
281	5.74992	27	28	29	30	31	257	#
282	5.74992	28	29	30	31	32	257	#
283	5.74992	29	30	31	32	33	257	#
284	5.74992	30	31	32	33	34	257	#
285	5.74992	31	32	33	34	35	257	#
286	5.74992	32	33	34	35	36	257	#
287	5.74992	33	34	35	36	37	257	#
288	5.74992	34	35	36	37	38	257	#
289	5.74992	35	36	37	38	39	257	#
290	5.74992	36	37	38	39	40	257	#
291	5.74992	37	38	39	40	41	257	#
292	5.74992	38	39	40	41	42	257	#
293	5.74992	39	40	41	42	43	257	#
294	5.74992	40	41	42	43	44	257	#
295	5.74992	41	42	43	44	45	257	#
296	5.74992	42	43	44	45	46	257	#
297	5.74992	43	44	45	46	47	257	#
298	5.74992	44	45	46	47	48	257	#
299	5.74992	45	46	47	48	49	257	#
300	5.74992	46	47	48	49	50	257	#
301	5.74992	47	48	49	50	51	257	#
302	5.74992	48	49	50	51	52	257	#
303	5.74992	49	50	51	52	53	257	#
304	5.74992	50	51	52	53	54	257	#
305	5.74992	51	52	53	54	55	257	#
306	5.74992	52	53	54	55	56	257	#
307	5.74992	53	54	55	56	57	257	#
308	5.74992	54	55	56	57	58	257	#
309	5.74992	55	56	57	58	59	257	#
310	5.74992	56	57	58	59	60	257	#
311	5.74992	57	58	59	60	61	257	#
312	5.74992	58	59	60	61	62	257	#
313	5.74992	59	60	61	62	63	257	#
314	5.74992	60	61	62	63	64	257	#
315	5.74992	61	62	63	64	65	257	#
316	5.74992	62	63	64	65	66	257	#
317	5.74992	63	64	65	66	67	257	#
318	5.74992	64	65	66	67	68	257	#
319	5.74992	65	66	67	68	69	257	#
320	5.74992	66	67	68	69	70	257	#
321	5.74992	67	68	69	70	71	257	#
322	5.74992	68	69	70	71	72	257	#
323	5.74992	69	70	71	72	73	257	#
324	5.74992	70	71	72	73	74	257	#
325	5.74992	71	72	73	74	75	257	#
326	5.74992	72	73	74	75	76	257	#
327	5.74992	73	74	75	76	77	257	#
328	5.74992	74	75	76	77	78	257	#
329	5.74992	75	76	77	78	79	257	#
330	5.74992	76	77	78	79	80	257	#
331	5.74992	77	78	79	80	81	257	#
332	5.74992	78	79	80	81	82	257	#
333	5.74992	79	80	81	82	83	257	#
334	5.74992	80	81	82	83	84	257	#
335	5.74992	81	82	83	84	85	257	#
336	5.74992	82	83	84	85	86	257	#
337	5.74992	83	84	85	86	87	257	#
338	5.74992	84	85	86	87	88	257	#
339	5.74992	85	86	87	88	89	257	#
340	5.74992	86	87	88	89	90	257	#
341	5.74992	87	88	89	90	91	257	#
342	5.74992	88	89	90	91	92	257	#
343	5.74992	89	90	91	92	93	257	#
344	5.74992	90	91	92	93	94	257	#
345	5.74992	91	92	93	94	95	257	#
346	5.74992	92	93	94	95	96	257	#
347	5.74992	93	94	95	96	97	257	#
348	5.74992	94	95	96	97	98	257	#
349	5.74992	95	96	97	98	99	257	#
350	5.74992	96	97	98	99	100	257	#
351	5.74992	97	98	99	100	101	257	#
352	5.74992	98	99	100	101	102	257	#
353	5.74992	99	100	101	102	103	257	#
354	5.74992	100	101	102	103	104	257	#
355	5.74992	101	102	103	104	105	257	#
356	5.74992	102	103	104	105	106	257	#
357	5.74992	103	104	105	106	107	257	#
358	5.74992	104	105	106	107	108	257	#
359	5.74992	105	106	107	108	109	257	#
360	5.74992	106	107	108	109	110	257	#
361	10.0845	0	1	2	3	4	5	6	7	8	9	258	#
362	10.0845	1	2	3	4	5	6	7	8	9	10	258	#
363	10.0845	2	3	4	5	6	7	8	9	10	11	258	#
364	10.0845	3	4	5	6	7	8	9	10	11	12	258	#
365	10.0845	4	5	6	7	8	9	10	11	12	13	258	#
366	10.0845	5	6	7	8	9	10	11	12	13	14	258	#
367	10.0845	6	7	8	9	10	11	12	13	14	15	258	#
368	10.0845	7	8	9	10	11	12	13	14	15	16	258	#
369	10.0845	8	9	10	11	12	13	14	15	16	17	258	#
370	10.0845	9	10	11	12	13	14	15	16	17	18	258	#
371	10.0845	10	11	12	13	14	15	16	17	18	19	258	#
372	10.0845	11	12	13	14	15	16	17	18	19	20	258	#
373	10.0845	12	13	14	15	16	17	18	19	20	21	258	#
374	10.0845	13	14	15	16	17	18	19	20	21	22	258	#
375	10.0845	14	15	16	17	18	19	20	21	22	23	258	#
376	10.0845	15	16	17	18	19	20	21	22	23	24	258	#
377	10.0845	16	17	18	19	20	21	22	23	24	25	258	#
378	10.0845	17	18	19	20	21	22	23	24	25	26	258	#
379	10.0845	18	19	20	21	22	23	24	25	26	27	258	#
380	10.0845	19	20	21	22	23	24	25	26	27	28	258	#
381	10.0845	20	21	22	23	24	25	26	27	28	29	258	#
382	10.0845	21	22	23	24	25	26	27	28	29	30	258	#
383	10.0845	22	23	24	25	26	27	28	29	30	31	258	#
384	10.0845	23	24	25	26	27	28	29	30	31	32	258	#
385	10.0845	24	25	26	27	28	29	30	31	32	33	258	#
386	10.0845	25	26	27	28	29	30	31	32	33	34	258	#
387	10.0845	26	27	28	29	30	31	32	33	34	35	258	#
388	10.0845	27	28	29	30	31	32	33	34	35	36	258	#
389	10.0845	28	29	30	31	32	33	34	35	36	37	258	#
390	10.0845	29	30	31	32	33	34	35	36	37	38	258	#
391	10.0845	30	31	32	33	34	35	36	37	38	39	258	#
392	10.0845	31	32	33	34	35	36	37	38	39	40	258	#
393	10.0845	32	33	34	35	36	37	38	39	40	41	258	#
394	10.0845	33	34	35	36	37	38	39	40	41	42	258	#
395	10.0845	34	35	36	37	38	39	40	41	42	43	258	#
396	10.0845	35	36	37	38	39	40	41	42	43	44	258	#
397	10.0845	36	37	38	39	40	41	42	43	44	45	258	#
398	10.0845	37	38	39	40	41	42	43	44	45	46	258	#
399	10.0845	38	39	40	41	42	43	44	45	46	47	258	#
400	10.0845	39	40	41	42	43	44	45	46	47	48	258	#
401	10.0845	40	41	42	43	44	45	46	47	48	49	258	#
402	10.0845	41	42	43	44	45	46	47	48	49	50	258	#
403	10.0845	42	43	44	45	46	47	48	49	50	51	258	#
404	10.0845	43	44	45	46	47	48	49	50	51	52	258	#
405	10.0845	44	45	46	47	48	49	50	51	52	53	258	#
406	10.0845	45	46	47	48	49	50	51	52	53	54	258	#
407	10.0845	46	47	48	49	50	51	52	53	54	55	258	#
408	10.0845	47	48	49	50	51	52	53	54	55	56	258	#
409	10.0845	48	49	50	51	52	53	54	55	56	57	258	#
410	10.0845	49	50	51	52	53	54	55	56	57	58	258	#
411	10.0845	50	51	52	53	54	55	56	57	58	59	258	#
412	10.0845	51	52	53	54	55	56	57	58	59	60	258	#
413	10.0845	52	53	54	55	56	57	58	59	60	61	258	#
414	10.0845	53	54	55	56	57	58	59	60	61	62	258	#
415	10.0845	54	55	56	57	58	59	60	61	62	63	258	#
416	10.0845	55	56	57	58	59	60	61	62	63	64	258	#
417	10.0845	56	57	58	59	60	61	62	63	64	65	258	#
418	10.0845	57	58	59	60	61	62	63	64	65	66	258	#
419	10.0845	58	59	60	61	62	63	64	65	66	67	258	#
420	10.0845	59	60	61	62	63	64	65	66	67	68	258	#
421	10.0845	60	61	62	63	64	65	66	67	68	69	258	#
422	10.0845	61	62	63	64	65	66	67	68	69	70	258	#
423	10.0845	62	63	64	65	66	67	68	69	70	71	258	#
424	10.0845	63	64	65	66	67	68	69	70	71	72	258	#
425	10.0845	64	65	66	67	68	69	70	71	72	73	258	#
426	10.0845	65	66	67	68	69	70	71	72	73	74	258	#
427	10.0845	66	67	68	69	70	71	72	73	74	75	258	#
428	10.0845	67	68	69	70	71	72	73	74	75	76	258	#
429	10.0845	68	69	70	71	72	73	74	75	76	77	258	#
430	10.0845	69	70	71	72	73	74	75	76	77	78	258	#
431	10.0845	70	71	72	73	74	75	76	77	78	79	258	#
432	10.0845	71	72	73	74	75	76	77	78	79	80	258	#
433	10.0845	72	73	74	75	76	77	78	79	80	81	258	#
434	10.0845	73	74	75	76	77	78	79	80	81	82	258	#
435	10.0845	74	75	76	77	78	79	80	81	82	83	258	#
436	10.0845	75	76	77	78	79	80	81	82	83	84	258	#
437	10.0845	76	77	78	79	80	81	82	83	84	85	258	#
438	10.0845	77	78	79	80	81	82	83	84	85	86	258	#
439	10.0845	78	79	80	81	82	83	84	85	86	87	258	#
440	10.0845	79	80	81	82	83	84	85	86	87	88	258	#
441	10.0845	80	81	82	83	84	85	86	87	88	89	258	#
442	10.0845	81	82	83	84	85	86	87	88	89	90	258	#
443	10.0845	82	83	84	85	86	87	88	89	90	91	258	#
444	10.0845	83	84	85	86	87	88	89	90	91	92	258	#
445	10.0845	84	85	86	87	88	89	90	91	92	93	258	#
446	10.0845	85	86	87	88	89	90	91	92	93	94	258	#
447	3.99977	86	87	88	89	90	91	92	93	94	95	258	#
448	3.99977	87	88	89	90	91	92	93	94	95	96	258	#
449	3.99977	88	89	90	91	92	93	94	95	96	97	258	#
450	3.99977	89	90	91	92	93	94	95	96	97	98	258	#
451	3.99977	90	91	92	93	94	95	96	97	98	99	258	#
452	3.99977	91	92	93	94	95	96	97	98	99	100	258	#
453	3.99977	92	93	94	95	96	97	98	99	100	101	258	#
454	3.99977	93	94	95	96	97	98	99	100	101	102	258	#
455	3.99977	94	95	96	97	98	99	100	101	102	103	258	#
456	3.99977	95	96	97	98	99	100	101	102	103	104	258	#
457	3.99977	96	97	98	99	100	101	102	103	104	105	258	#
458	3.99977	97	98	99	100	101	102	103	104	105	106	258	#
459	3.99977	98	99	100	101	102	103	104	105	106	107	258	#
460	3.99977	99	100	101	102	103	104	105	106	107	108	258	#
461	3.99977	100	101	102	103	104	105	106	107	108	109	258	#
462	3.99977	101	102	103	104	105	106	107	108	109	110	258	#
463	3.99977	102	103	104	105	106	107	108	109	110	111	258	#
464	3.99977	103	104	105	106	107	108	109	110	111	112	258	#
465	3.99977	104	105	106	107	108	109	110	111	112	113	258	#
466	3.99977	105	106	107	108	109	110	111	112	113	114	258	#
467	3.99977	106	107	108	109	110	111	112	113	114	115	258	#
468	3.99977	107	108	109	110	111	112	113	114	115	116	258	#
469	3.99977	108	109	110	111	112	113	114	115	116	117	258	#
470	3.99977	109	110	111	112	113	114	115	116	117	118	258	#
471	3.99977	110	111	112	113	114	115	116	117	118	119	258	#
472	3.99977	111	112	113	114	115	116	117	118	119	120	258	#
473	3.99977	112	113	114	115	116	117	118	119	120	121	258	#
474	3.99977	113	114	115	116	117	118	119	120	121	122	258	#
475	3.99977	114	115	116	117	118	119	120	121	122	123	258	#
476	3.99977	115	116	117	118	119	120	121	122	123	124	258	#
477	3.99977	116	117	118	119	120	121	122	123	124	125	258	#
478	3.99977	117	118	119	120	121	122	123	124	125	126	258	#
479	3.99977	118	119	120	121	122	123	124	125	126	127	258	#
480	3.99977	119	120	121	122	123	124	125	126	127	128	258	#
481	3.99977	120	121	122	123	124	125	126	127	128	129	258	#
482	3.99977	121	122	123	124	125	126	127	128	129	130	258	#
483	3.99977	122	123	124	125	126	127	128	129	130	131	258	#
484	3.99977	123	124	125	126	127	128	129	130	131	132	258	#
485	3.99977	124	125	126	127	128	129	130	131	132	133	258	#
486	3.99977	125	126	127	128	129	130	131	132	133	134	258	#
487	3.99977	126	127	128	129	130	131	132	133	134	135	258	#
488	3.99977	127	128	129	130	131	132	133	134	135	136	258	#
489	3.99977	128	129	130	131	132	133	134	135	136	137	258	#
490	3.99977	129	130	131	132	133	134	135	136	137	138	258	#
491	3.99977	130	131	132	133	134	135	136	137	138	139	258	#
492	3.99977	131	132	133	134	135	136	137	138	139	140	258	#
493	3.99977	132	133	134	135	136	137	138	139	140	141	258	#
494	3.99977	133	134	135	136	137	138	139	140	141	142	258	#
495	3.99977	134	135	136	137	138	139	140	141	142	143	258	#
496	3.99977	135	136	137	138	139	140	141	142	143	144	258	#
497	3.99977	136	137	138	139	140	141	142	143	144	145	258	#
498	3.99977	137	138	139	140	141	142	143	144	145	146	258	#
499	3.99977	138	139	140	141	142	143	144	145	146	147	258	#
500	3.99977	139	140	141	142	143	144	145	146	147	148	258	#
501	3.99977	140	141	142	143	144	145	146	147	148	149	258	#
502	3.99977	141	142	143	144	145	146	147	148	149	150	258	#
503	3.99977	142	143	144	145	146	147	148	149	150	151	258	#
504	3.99977	143	144	145	146	147	148	149	150	151	152	258	#
505	3.99977	144	145	146	147	148	149	150	151	152	153	258	#
506	3.99977	145	146	147	148	149	150	151	152	153	154	258	#
507	3.99977	146	147	148	149	150	151	152	153	154	155	258	#
508	3.99977	147	148	149	150	151	152	153	154	155	156	258	#
509	3.99977	148	149	150	151	152	153	154	155	156	157	258	#
510	3.99977	149	150	151	152	153	154	155	156	157	158	258	#
511	3.99977	150	151	152	153	154	155	156	157	158	159	258	#
512	3.99977	151	152	153	154	155	156	157	158	159	160	258	#
513	3.99977	152	153	154	155	156	157	158	159	160	161	258	#
514	3.99977	153	154	155	156	157	158	159	160	161	162	258	#
515	3.99977	154	155	156	157	158	159	160	161	162	163	258	#
516	3.99977	155	156	157	158	159	160	161	162	163	164	258	#
517	3.99977	156	157	158	159	160	161	162	163	164	165	258	#
518	3.99977	157	158	159	160	161	162	163	164	165	166	258	#
519	3.99977	158	159	160	161	162	163	164	165	166	167	258	#
520	3.99977	159	160	161	162	163	164	165	166	167	168	258	#
521	3.99977	160	161	162	163	164	165	166	167	168	169	258	#
522	3.99977	161	162	163	164	165	166	167	168	169	170	258	#
523	3.99977	162	163	164	165	166	167	168	169	170	171	258	#
524	3.99977	163	164	165	166	167	168	169	170	171	172	258	#
525	3.99977	164	165	166	167	168	169	170	171	172	173	258	#
526	3.99977	165	166	167	168	169	170	171	172	173	174	258	#
527	3.99977	166	167	168	169	170	171	172	173	174	175	258	#
528	3.99977	167	168	169	170	171	172	173	174	175	176	258	#
529	3.99977	168	169	170	171	172	173	174	175	176	177	258	#
530	3.99977	169	170	171	172	173	174	175	176	177	178	258	#
531	3.99977	170	171	172	173	174	175	176	177	178	179	258	#
532	3.99977	171	172	173	174	175	176	177	178	179	180	258	#
533	3.99977	172	173	174	175	176	177	178	179	180	181	258	#
534	3.99977	173	174	175	176	177	178	179	180	181	182	258	#
535	3.99977	174	175	176	177	178	179	180	181	182	183	258	#
536	3.99977	175	176	177	178	179	180	181	182	183	184	258	#
537	3.99977	176	177	178	179	180	181	182	183	184	185	258	#
538	3.99977	177	178	179	180	181	182	183	184	185	186	258	#
539	3.99977	178	179	180	181	182	183	184	185	186	187	258	#
540	3.99977	179	180	181	182	183	184	185	186	187	188	258	#
541	3.99977	180	181	182	183	184	185	186	187	188	189	258	#
542	3.99977	181	182	183	184	185	186	187	188	189	190	258	#
543	3.99977	182	183	184	185	186	187	188	189	190	191	258	#
544	3.99977	183	184	185	186	187	188	189	190	191	192	258	#
545	3.99977	184	185	186	187	188	189	190	191	192	193	258	#
546	3.99977	185	186	187	188	189	190	191	192	193	194	258	#
547	3.99977	186	187	188	189	190	191	192	193	194	195	258	#
548	3.99977	187	188	189	190	191	192	193	194	195	196	258	#
549	3.99977	188	189	190	191	192	193	194	195	196	197	258	#
550	3.99977	189	190	191	192	193	194	195	196	197	198	258	#
551	3.99977	190	191	192	193	194	195	196	197	198	199	258	#
552	3.99977	191	192	193	194	195	196	197	198	199	200	258	#
553	3.99977	192	193	194	195	196	197	198	199	200	201	258	#
554	3.99977	193	194	195	196	197	198	199	200	201	202	258	#
555	3.99977	194	195	196	197	198	199	200	201	202	203	258	#
556	3.99977	195	196	197	198	199	200	201	202	203	204	258	#
557	3.99977	196	197	198	199	200	201	202	203	204	205	258	#
558	3.99977	197	198	199	200	201	202	203	204	205	206	258	#
559	3.99977	198	199	200	201	202	203	204	205	206	207	258	#
560	3.99977	199	200	201	202	203	204	205	206	207	208	258	#
561	3.99977	200	201	202	203	204	205	206	207	208	209	258	#
562	3.99977	201	202	203	204	205	206	207	208	209	210	258	#
563	3.99977	202	203	204	205	206	207	208	209	210	211	258	#
564	3.99977	203	204	205	206	207	208	209	210	211	212	258	#
565	3.99977	204	205	206	207	208	209	210	211	212	213	258	#
566	3.99977	205	206	207	208	209	210	211	212	213	214	258	#
567	3.99977	206	207	208	209	210	211	212	213	214	215	258	#
568	3.99977	207	208	209	210	211	212	213	214	215	216	258	#
569	3.99977	208	209	210	211	212	213	214	215	216	217	258	#
570	3.99977	209	210	211	212	213	214	215	216	217	218	258	#
571	3.99977	210	211	212	213	214	215	216	217	218	219	258	#
572	3.99977	211	212	213	214	215	216	217	218	219	220	258	#
573	3.99977	212	213	214	215	216	217	218	219	220	221	258	#
574	3.99977	213	214	215	216	217	218	219	220	221	222	258	#
575	3.99977	214	215	216	217	218	219	220	221	222	223	258	#
576	3.99977	215	216	217	218	219	220	221	222	223	224	258	#
577	3.99977	216	217	218	219	220	221	222	223	224	225	258	#
578	3.99977	217	218	219	220	221	222	223	224	225	226	258	#
579	3.99977	218	219	220	221	222	223	224	225	226	227	258	#
580	3.99977	219	220	221	222	223	224	225	226	227	228	258	#
581	3.99977	220	221	222	223	224	225	226	227	228	229	258	#
582	3.99977	221	222	223	224	225	226	227	228	229	230	258	#
583	3.99977	222	223	224	225	226	227	228	229	230	231	258	#
584	3.99977	223	224	225	226	227	228	229	230	231	232	258	#
585	3.99977	224	225	226	227	228	229	230	231	232	233	258	#
586	3.99977	225	226	227	228	229	230	231	232	233	234	258	#
587	3.99977	226	227	228	229	230	231	232	233	234	235	258	#
588	3.99977	227	228	229	230	231	232	233	234	235	236	258	#
589	3.99977	228	229	230	231	232	233	234	235	236	237	258	#
590	3.85344	229	230	231	232	233	234	235	236	237	238	258	#
591	3.85344	230	231	232	233	234	235	236	237	238	239	258	#
592	3.85344	231	232	233	234	235	236	237	238	239	240	258	#
593	3.85344	232	233	234	235	236	237	238	239	240	241	258	#
594	3.85344	233	234	235	236	237	238	239	240	241	242	258	#
595	3.85344	234	235	236	237	238	239	240	241	242	243	258	#
596	3.85344	235	236	237	238	239	240	241	242	243	244	258	#
597	3.85344	236	237	238	239	240	241	242	243	244	245	258	#
598	3.85344	237	238	239	240	241	242	243	244	245	246	258	#
599	7.11281	0	1	2	3	4	5	6	7	259	#
600	7.11281	1	2	3	4	5	6	7	8	259	#
601	7.11281	2	3	4	5	6	7	8	9	259	#
602	7.11281	3	4	5	6	7	8	9	10	259	#
603	7.11281	4	5	6	7	8	9	10	11	259	#
604	7.11281	5	6	7	8	9	10	11	12	259	#
605	7.11281	6	7	8	9	10	11	12	13	259	#
606	7.11281	7	8	9	10	11	12	13	14	259	#
607	7.11281	8	9	10	11	12	13	14	15	259	#
608	7.11281	9	10	11	12	13	14	15	16	259	#
609	7.11281	10	11	12	13	14	15	16	17	259	#
610	7.11281	11	12	13	14	15	16	17	18	259	#
611	7.11281	12	13	14	15	16	17	18	19	259	#
612	7.11281	13	14	15	16	17	18	19	20	259	#
613	7.11281	14	15	16	17	18	19	20	21	259	#
614	7.11281	15	16	17	18	19	20	21	22	259	#
615	7.11281	16	17	18	19	20	21	22	23	259	#
616	7.11281	17	18	19	20	21	22	23	24	259	#
617	7.11281	18	19	20	21	22	23	24	25	259	#
618	7.11281	19	20	21	22	23	24	25	26	259	#
619	7.11281	20	21	22	23	24	25	26	27	259	#
620	7.11281	21	22	23	24	25	26	27	28	259	#
621	7.11281	22	23	24	25	26	27	28	29	259	#
622	7.11281	23	24	25	26	27	28	29	30	259	#
623	7.11281	24	25	26	27	28	29	30	31	259	#
624	7.11281	25	26	27	28	29	30	31	32	259	#
625	7.11281	26	27	28	29	30	31	32	33	259	#
626	7.11281	27	28	29	30	31	32	33	34	259	#
627	7.11281	28	29	30	31	32	33	34	35	259	#
628	7.11281	29	30	31	32	33	34	35	36	259	#
629	7.11281	30	31	32	33	34	35	36	37	259	#
630	7.11281	31	32	33	34	35	36	37	38	259	#
631	7.11281	32	33	34	35	36	37	38	39	259	#
632	7.11281	33	34	35	36	37	38	39	40	259	#
633	7.11281	34	35	36	37	38	39	40	41	259	#
634	7.11281	35	36	37	38	39	40	41	42	259	#
635	7.11281	36	37	38	39	40	41	42	43	259	#
636	7.11281	37	38	39	40	41	42	43	44	259	#
637	7.11281	38	39	40	41	42	43	44	45	259	#
638	7.11281	39	40	41	42	43	44	45	46	259	#
639	7.11281	40	41	42	43	44	45	46	47	259	#
640	7.11281	41	42	43	44	45	46	47	48	259	#
641	7.11281	42	43	44	45	46	47	48	49	259	#
642	7.11281	43	44	45	46	47	48	49	50	259	#
643	7.11281	44	45	46	47	48	49	50	51	259	#
644	7.11281	45	46	47	48	49	50	51	52	259	#
645	7.11281	46	47	48	49	50	51	52	53	259	#
646	7.11281	47	48	49	50	51	52	53	54	259	#
647	7.11281	48	49	50	51	52	53	54	55	259	#
648	7.11281	49	50	51	52	53	54	55	56	259	#
649	7.11281	50	51	52	53	54	55	56	57	259	#
650	7.11281	51	52	53	54	55	56	57	58	259	#
651	7.11281	52	53	54	55	56	57	58	59	259	#
652	7.11281	53	54	55	56	57	58	59	60	259	#
653	7.11281	54	55	56	57	58	59	60	61	259	#
654	7.11281	55	56	57	58	59	60	61	62	259	#
655	7.11281	56	57	58	59	60	61	62	63	259	#
656	7.11281	57	58	59	60	61	62	63	64	259	#
657	7.11281	58	59	60	61	62	63	64	65	259	#
658	7.11281	59	60	61	62	63	64	65	66	259	#
659	7.11281	60	61	62	63	64	65	66	67	259	#
660	7.11281	61	62	63	64	65	66	67	68	259	#
661	7.11281	62	63	64	65	66	67	68	69	259	#
662	7.11281	63	64	65	66	67	68	69	70	259	#
663	7.11281	64	65	66	67	68	69	70	71	259	#
664	7.11281	65	66	67	68	69	70	71	72	259	#
665	7.11281	66	67	68	69	70	71	72	73	259	#
666	7.11281	67	68	69	70	71	72	73	74	259	#
667	7.11281	68	69	70	71	72	73	74	75	259	#
668	7.11281	69	70	71	72	73	74	75	76	259	#
669	7.11281	70	71	72	73	74	75	76	77	259	#
670	7.11281	71	72	73	74	75	76	77	78	259	#
671	7.11281	72	73	74	75	76	77	78	79	259	#
672	7.11281	73	74	75	76	77	78	79	80	259	#
673	7.11281	74	75	76	77	78	79	80	81	259	#
674	7.11281	75	76	77	78	79	80	81	82	259	#
675	7.11281	76	77	78	79	80	81	82	83	259	#
676	7.11281	77	78	79	80	81	82	83	84	259	#
677	7.11281	78	79	80	81	82	83	84	85	259	#
678	7.11281	79	80	81	82	83	84	85	86	259	#
679	7.11281	80	81	82	83	84	85	86	87	259	#
680	7.11281	81	82	83	84	85	86	87	88	259	#
681	7.11281	82	83	84	85	86	87	88	89	259	#
682	7.11281	83	84	85	86	87	88	89	90	259	#
683	7.11281	84	85	86	87	88	89	90	91	259	#
684	7.11281	85	86	87	88	89	90	91	92	259	#
685	7.11281	86	87	88	89	90	91	92	93	259	#
686	7.11281	87	88	89	90	91	92	93	94	259	#
687	7.11281	88	89	90	91	92	93	94	95	259	#
688	7.11281	89	90	91	92	93	94	95	96	259	#
689	7.11281	90	91	92	93	94	95	96	97	259	#
690	7.11281	91	92	93	94	95	96	97	98	259	#
691	7.11281	92	93	94	95	96	97	98	99	259	#
692	7.11281	93	94	95	96	97	98	99	100	259	#
693	7.11281	94	95	96	97	98	99	100	101	259	#
694	7.11281	95	96	97	98	99	100	101	102	259	#
695	7.11281	96	97	98	99	100	101	102	103	259	#
696	7.11281	97	98	99	100	101	102	103	104	259	#
697	7.11281	98	99	100	101	102	103	104	105	259	#
698	7.11281	99	100	101	102	103	104	105	106	259	#
699	7.11281	100	101	102	103	104	105	106	107	259	#
700	7.11281	101	102	103	104	105	106	107	108	259	#
701	7.11281	102	103	104	105	106	107	108	109	259	#
702	7.11281	103	104	105	106	107	108	109	110	259	#
703	7.11281	104	105	106	107	108	109	110	111	259	#
704	7.11281	105	106	107	108	109	110	111	112	259	#
705	7.11281	106	107	108	109	110	111	112	113	259	#
706	7.11281	107	108	109	110	111	112	113	114	259	#
707	7.11281	108	109	110	111	112	113	114	115	259	#
708	7.11281	109	110	111	112	113	114	115	116	259	#
709	7.11281	110	111	112	113	114	115	116	117	259	#
710	7.11281	111	112	113	114	115	116	117	118	259	#
711	7.11281	112	113	114	115	116	117	118	119	259	#
712	7.11281	113	114	115	116	117	118	119	120	259	#
713	7.11281	114	115	116	117	118	119	120	121	259	#
714	7.11281	115	116	117	118	119	120	121	122	259	#
715	7.11281	116	117	118	119	120	121	122	123	259	#
716	7.11281	117	118	119	120	121	122	123	124	259	#
717	7.11281	118	119	120	121	122	123	124	125	259	#
718	7.11281	119	120	121	122	123	124	125	126	259	#
719	7.11281	120	121	122	123	124	125	126	127	259	#
720	7.11281	121	122	123	124	125	126	127	128	259	#
721	7.11281	122	123	124	125	126	127	128	129	259	#
722	7.11281	123	124	125	126	127	128	129	130	259	#
723	7.11281	124	125	126	127	128	129	130	131	259	#
724	7.11281	125	126	127	128	129	130	131	132	259	#
725	7.11281	126	127	128	129	130	131	132	133	259	#
726	7.11281	127	128	129	130	131	132	133	134	259	#
727	7.11281	128	129	130	131	132	133	134	135	259	#
728	7.11281	129	130	131	132	133	134	135	136	259	#
729	7.11281	130	131	132	133	134	135	136	137	259	#
730	7.11281	131	132	133	134	135	136	137	138	259	#
731	7.11281	132	133	134	135	136	137	138	139	259	#
732	7.11281	133	134	135	136	137	138	139	140	259	#
733	7.11281	134	135	136	137	138	139	140	141	259	#
734	7.11281	135	136	137	138	139	140	141	142	259	#
735	7.11281	136	137	138	139	140	141	142	143	259	#
736	7.11281	137	138	139	140	141	142	143	144	259	#
737	7.11281	138	139	140	141	142	143	144	145	259	#
738	7.11281	139	140	141	142	143	144	145	146	259	#
739	7.11281	140	141	142	143	144	145	146	147	259	#
740	7.11281	141	142	143	144	145	146	147	148	259	#
741	7.11281	142	143	144	145	146	147	148	149	259	#
742	7.11281	143	144	145	146	147	148	149	150	259	#
743	7.11281	144	145	146	147	148	149	150	151	259	#
744	7.11281	145	146	147	148	149	150	151	152	259	#
745	7.11281	146	147	148	149	150	151	152	153	259	#
746	7.11281	147	148	149	150	151	152	153	154	259	#
747	7.11281	148	149	150	151	152	153	154	155	259	#
748	7.11281	149	150	151	152	153	154	155	156	259	#
749	7.11281	150	151	152	153	154	155	156	157	259	#
750	7.11281	151	152	153	154	155	156	157	158	259	#
751	7.11281	152	153	154	155	156	157	158	159	259	#
752	7.11281	153	154	155	156	157	158	159	160	259	#
753	7.11281	154	155	156	157	158	159	160	161	259	#
754	7.11281	155	156	157	158	159	160	161	162	259	#
755	7.11281	156	157	158	159	160	161	162	163	259	#
756	7.11281	157	158	159	160	161	162	163	164	259	#
757	7.11281	158	159	160	161	162	163	164	165	259	#
758	7.11281	159	160	161	162	163	164	165	166	259	#
759	7.11281	160	161	162	163	164	165	166	167	259	#
760	7.11281	161	162	163	164	165	166	167	168	259	#
761	7.11281	162	163	164	165	166	167	168	169	259	#
762	7.11281	163	164	165	166	167	168	169	170	259	#
763	7.11281	164	165	166	167	168	169	170	171	259	#
764	7.11281	165	166	167	168	169	170	171	172	259	#
765	7.11281	166	167	168	169	170	171	172	173	259	#
766	7.11281	167	168	169	170	171	172	173	174	259	#
767	7.11281	168	169	170	171	172	173	174	175	259	#
768	7.11281	169	170	171	172	173	174	175	176	259	#
769	7.11281	170	171	172	173	174	175	176	177	259	#
770	7.11281	171	172	173	174	175	176	177	178	259	#
771	7.11281	172	173	174	175	176	177	178	179	259	#
772	7.11281	173	174	175	176	177	178	179	180	259	#
773	7.11281	174	175	176	177	178	179	180	181	259	#
774	7.11281	175	176	177	178	179	180	181	182	259	#
775	7.11281	176	177	178	179	180	181	182	183	259	#
776	7.11281	177	178	179	180	181	182	183	184	259	#
777	7.11281	178	179	180	181	182	183	184	185	259	#
778	7.11281	179	180	181	182	183	184	185	186	259	#
779	7.11281	180	181	182	183	184	185	186	187	259	#
780	7.11281	181	182	183	184	185	186	187	188	259	#
781	7.11281	182	183	184	185	186	187	188	189	259	#
782	7.11281	183	184	185	186	187	188	189	190	259	#
783	7.11281	184	185	186	187	188	189	190	191	259	#
784	7.11281	185	186	187	188	189	190	191	192	259	#
785	7.11281	186	187	188	189	190	191	192	193	259	#
786	7.11281	187	188	189	190	191	192	193	194	259	#
787	7.11281	188	189	190	191	192	193	194	195	259	#
788	7.11281	189	190	191	192	193	194	195	196	259	#
789	7.11281	190	191	192	193	194	195	196	197	259	#
790	7.11281	191	192	193	194	195	196	197	198	259	#
791	7.11281	192	193	194	195	196	197	198	199	259	#
792	7.11281	193	194	195	196	197	198	199	200	259	#
793	7.11281	194	195	196	197	198	199	200	201	259	#
794	7.11281	195	196	197	198	199	200	201	202	259	#
795	7.11281	196	197	198	199	200	201	202	203	259	#
796	7.11281	197	198	199	200	201	202	203	204	259	#
797	7.11281	198	199	200	201	202	203	204	205	259	#
798	7.11281	199	200	201	202	203	204	205	206	259	#
799	7.11281	200	201	202	203	204	205	206	207	259	#
800	7.11281	201	202	203	204	205	206	207	208	259	#
801	7.11281	202	203	204	205	206	207	208	209	259	#
802	7.11281	203	204	205	206	207	208	209	210	259	#
803	7.11281	204	205	206	207	208	209	210	211	259	#
804	7.11281	205	206	207	208	209	210	211	212	259	#
805	7.11281	206	207	208	209	210	211	212	213	259	#
806	7.11281	207	208	209	210	211	212	213	214	259	#
807	7.11281	208	209	210	211	212	213	214	215	259	#
808	7.11281	209	210	211	212	213	214	215	216	259	#
809	7.11281	210	211	212	213	214	215	216	217	259	#
810	7.11281	211	212	213	214	215	216	217	218	259	#
811	7.11281	212	213	214	215	216	217	218	219	259	#
812	7.11281	213	214	215	216	217	218	219	220	259	#
813	7.11281	214	215	216	217	218	219	220	221	259	#
814	7.11281	215	216	217	218	219	220	221	222	259	#
815	7.11281	216	217	218	219	220	221	222	223	259	#
816	7.11281	217	218	219	220	221	222	223	224	259	#
817	7.11281	218	219	220	221	222	223	224	225	259	#
818	7.11281	219	220	221	222	223	224	225	226	259	#
819	7.11281	220	221	222	223	224	225	226	227	259	#
820	7.11281	221	222	223	224	225	226	227	228	259	#
821	7.11281	222	223	224	225	226	227	228	229	259	#
822	6.56788	223	224	225	226	227	228	229	230	259	#
823	6.56788	224	225	226	227	228	229	230	231	259	#
824	6.56788	225	226	227	228	229	230	231	232	259	#
825	6.56788	226	227	228	229	230	231	232	233	259	#
826	6.56788	227	228	229	230	231	232	233	234	259	#
827	6.56788	228	229	230	231	232	233	234	235	259	#
828	6.56788	229	230	231	232	233	234	235	236	259	#
829	6.56788	230	231	232	233	234	235	236	237	259	#
830	6.56788	231	232	233	234	235	236	237	238	259	#
831	6.56788	232	233	234	235	236	237	238	239	259	#
832	6.56788	233	234	235	236	237	238	239	240	259	#
833	6.56788	234	235	236	237	238	239	240	241	259	#
834	6.56788	235	236	237	238	239	240	241	242	259	#
835	6.56788	236	237	238	239	240	241	242	243	259	#
836	6.56788	237	238	239	240	241	242	243	244	259	#
837	6.56788	238	239	240	241	242	243	244	245	259	#
838	6.56788	239	240	241	242	243	244	245	246	259	#
839	6.56788	240	241	242	243	244	245	246	247	259	#
840	6.56788	241	242	243	244	245	246	247	248	259	#
841	6.51534	242	243	244	245	246	247	248	249	259	#
842	6.51534	243	244	245	246	247	248	249	250	259	#
843	6.48938	244	245	246	247	248	249	250	251	259	#
844	3.89821	0	1	2	3	260	#
845	3.89821	1	2	3	4	260	#
846	3.89821	2	3	4	5	260	#
847	3.89821	3	4	5	6	260	#
848	3.89821	4	5	6	7	260	#
849	3.89821	5	6	7	8	260	#
850	3.89821	6	7	8	9	260	#
851	3.89821	7	8	9	10	260	#
852	3.89821	8	9	10	11	260	#
853	3.89821	9	10	11	12	260	#
854	3.89821	10	11	12	13	260	#
855	3.89821	11	12	13	14	260	#
856	3.89821	12	13	14	15	260	#
857	3.89821	13	14	15	16	260	#
858	3.89821	14	15	16	17	260	#
859	3.89821	15	16	17	18	260	#
860	3.89821	16	17	18	19	260	#
861	3.89821	17	18	19	20	260	#
862	3.89821	18	19	20	21	260	#
863	3.89821	19	20	21	22	260	#
864	3.89821	20	21	22	23	260	#
865	3.89821	21	22	23	24	260	#
866	3.89821	22	23	24	25	260	#
867	3.89821	23	24	25	26	260	#
868	3.89821	24	25	26	27	260	#
869	3.89821	25	26	27	28	260	#
870	3.89821	26	27	28	29	260	#
871	3.89821	27	28	29	30	260	#
872	3.89821	28	29	30	31	260	#
873	3.89821	29	30	31	32	260	#
874	3.89821	30	31	32	33	260	#
875	3.89821	31	32	33	34	260	#
876	3.89821	32	33	34	35	260	#
877	3.89821	33	34	35	36	260	#
878	3.89821	34	35	36	37	260	#
879	3.89821	35	36	37	38	260	#
880	3.89821	36	37	38	39	260	#
881	3.89821	37	38	39	40	260	#
882	3.89821	38	39	40	41	260	#
883	3.89821	39	40	41	42	260	#
884	3.89821	40	41	42	43	260	#
885	3.89821	41	42	43	44	260	#
886	3.89821	42	43	44	45	260	#
887	3.89821	43	44	45	46	260	#
888	3.89821	44	45	46	47	260	#
889	3.89821	45	46	47	48	260	#
890	3.89821	46	47	48	49	260	#
891	3.89821	47	48	49	50	260	#
892	3.89821	48	49	50	51	260	#
893	3.89821	49	50	51	52	260	#
894	3.89821	50	51	52	53	260	#
895	3.89821	51	52	53	54	260	#
896	3.89821	52	53	54	55	260	#
897	3.89821	53	54	55	56	260	#
898	3.89821	54	55	56	57	260	#
899	3.89821	55	56	57	58	260	#
900	3.89821	56	57	58	59	260	#
901	3.89821	57	58	59	60	260	#
902	3.89821	58	59	60	61	260	#
903	3.89821	59	60	61	62	260	#
904	3.89821	60	61	62	63	260	#
905	3.89821	61	62	63	64	260	#
906	3.89821	62	63	64	65	260	#
907	3.89821	63	64	65	66	260	#
908	3.89821	64	65	66	67	260	#
909	3.89821	65	66	67	68	260	#
910	3.89821	66	67	68	69	260	#
911	3.89821	67	68	69	70	260	#
912	3.89821	68	69	70	71	260	#
913	3.89821	69	70	71	72	260	#
914	3.89821	70	71	72	73	260	#
915	3.89821	71	72	73	74	260	#
916	3.89821	72	73	74	75	260	#
917	3.89821	73	74	75	76	260	#
918	3.89821	74	75	76	77	260	#
919	3.89821	75	76	77	78	260	#
920	3.89821	76	77	78	79	260	#
921	3.89821	77	78	79	80	260	#
922	3.89821	78	79	80	81	260	#
923	3.89821	79	80	81	82	260	#
924	3.89821	80	81	82	83	260	#
925	3.89821	81	82	83	84	260	#
926	3.89821	82	83	84	85	260	#
927	3.89821	83	84	85	86	260	#
928	3.89821	84	85	86	87	260	#
929	3.89821	85	86	87	88	260	#
930	3.89821	86	87	88	89	260	#
931	3.89821	87	88	89	90	260	#
932	3.89821	88	89	90	91	260	#
933	3.89821	89	90	91	92	260	#
934	3.89821	90	91	92	93	260	#
935	3.89821	91	92	93	94	260	#
936	3.89821	92	93	94	95	260	#
937	3.89821	93	94	95	96	260	#
938	3.89821	94	95	96	97	260	#
939	3.89821	95	96	97	98	260	#
940	3.89821	96	97	98	99	260	#
941	3.89821	97	98	99	100	260	#
942	3.89821	98	99	100	101	260	#
943	3.89821	99	100	101	102	260	#
944	3.89821	100	101	102	103	260	#
945	3.89821	101	102	103	104	260	#
946	3.89821	102	103	104	105	260	#
947	3.89821	103	104	105	106	260	#
948	3.89821	104	105	106	107	260	#
949	3.89821	105	106	107	108	260	#
950	3.89821	106	107	108	109	260	#
951	3.89821	107	108	109	110	260	#
952	3.89821	108	109	110	111	260	#
953	3.89821	109	110	111	112	260	#
954	3.89821	110	111	112	113	260	#
955	3.89821	111	112	113	114	260	#
956	3.89821	112	113	114	115	260	#
957	3.89821	113	114	115	116	260	#
958	3.89821	114	115	116	117	260	#
959	3.89821	115	116	117	118	260	#
960	3.89821	116	117	118	119	260	#
961	3.89821	117	118	119	120	260	#
962	3.89821	118	119	120	121	260	#
963	3.89821	119	120	121	122	260	#
964	3.89821	120	121	122	123	260	#
965	3.89821	121	122	123	124	260	#
966	3.89821	122	123	124	125	260	#
967	3.89821	123	124	125	126	260	#
968	3.89821	124	125	126	127	260	#
969	3.89821	125	126	127	128	260	#
970	3.89821	126	127	128	129	260	#
971	3.89821	127	128	129	130	260	#
972	3.89821	128	129	130	131	260	#
973	3.89821	129	130	131	132	260	#
974	3.89821	130	131	132	133	260	#
975	3.89821	131	132	133	134	260	#
976	3.89821	132	133	134	135	260	#
977	3.89821	133	134	135	136	260	#
978	3.89821	134	135	136	137	260	#
979	3.89821	135	136	137	138	260	#
980	3.89821	136	137	138	139	260	#
981	3.89821	137	138	139	140	260	#
982	3.89821	138	139	140	141	260	#
983	3.89821	139	140	141	142	260	#
984	3.89821	140	141	142	143	260	#
985	3.89821	141	142	143	144	260	#
986	3.89821	142	143	144	145	260	#
987	3.89821	143	144	145	146	260	#
988	3.89821	144	145	146	147	260	#
989	3.89821	145	146	147	148	260	#
990	3.89821	146	147	148	149	260	#
991	3.89821	147	148	149	150	260	#
992	3.89821	148	149	150	151	260	#
993	3.89821	149	150	151	152	260	#
994	3.89821	150	151	152	153	260	#
995	3.89821	151	152	153	154	260	#
996	3.89821	152	153	154	155	260	#
997	3.89821	153	154	155	156	260	#
998	3.89821	154	155	156	157	260	#
999	3.89821	155	156	157	158	260	#
1000	3.89821	156	157	158	159	260	#
1001	3.89821	157	158	159	160	260	#
1002	3.89821	158	159	160	161	260	#
1003	3.89821	159	160	161	162	260	#
1004	3.89821	160	161	162	163	260	#
1005	3.89821	161	162	163	164	260	#
1006	3.89821	162	163	164	165	260	#
1007	3.89821	163	164	165	166	260	#
1008	3.89821	164	165	166	167	260	#
1009	3.89821	165	166	167	168	260	#
1010	3.89821	166	167	168	169	260	#
1011	3.89821	167	168	169	170	260	#
