%% File generated by CATS v.2.1Thu May  9 13:09:15 2024

%% The CATS webpage is http://robotics.stanford.edu/CATS

%% PARAMETER SETTINGS:
% Goods: 256; Bids: 1000; Distribution: scheduling; Runs: 1; Seed: 82
% Scheduling Distribution Parameters:
% max_length                = 10
% deviation                 = 0.500000
% prob_additional_deadline  = 0.700000
% additivity                = 0.200000



goods 256
bids 1042
dummy 6

0	6.06397	0	1	2	3	256	#
1	6.06397	1	2	3	4	256	#
2	6.06397	2	3	4	5	256	#
3	6.06397	3	4	5	6	256	#
4	6.06397	4	5	6	7	256	#
5	6.06397	5	6	7	8	256	#
6	6.06397	6	7	8	9	256	#
7	6.06397	7	8	9	10	256	#
8	6.06397	8	9	10	11	256	#
9	6.06397	9	10	11	12	256	#
10	6.06397	10	11	12	13	256	#
11	6.06397	11	12	13	14	256	#
12	6.06397	12	13	14	15	256	#
13	6.06397	13	14	15	16	256	#
14	6.06397	14	15	16	17	256	#
15	6.06397	15	16	17	18	256	#
16	6.06397	16	17	18	19	256	#
17	6.06397	17	18	19	20	256	#
18	6.06397	18	19	20	21	256	#
19	6.06397	19	20	21	22	256	#
20	6.06397	20	21	22	23	256	#
21	6.06397	21	22	23	24	256	#
22	6.06397	22	23	24	25	256	#
23	6.06397	23	24	25	26	256	#
24	6.06397	24	25	26	27	256	#
25	6.06397	25	26	27	28	256	#
26	6.06397	26	27	28	29	256	#
27	6.06397	27	28	29	30	256	#
28	6.06397	28	29	30	31	256	#
29	6.06397	29	30	31	32	256	#
30	6.06397	30	31	32	33	256	#
31	6.06397	31	32	33	34	256	#
32	6.06397	32	33	34	35	256	#
33	6.06397	33	34	35	36	256	#
34	6.06397	34	35	36	37	256	#
35	6.06397	35	36	37	38	256	#
36	6.06397	36	37	38	39	256	#
37	6.06397	37	38	39	40	256	#
38	6.06397	38	39	40	41	256	#
39	6.06397	39	40	41	42	256	#
40	6.06397	40	41	42	43	256	#
41	6.06397	41	42	43	44	256	#
42	6.06397	42	43	44	45	256	#
43	6.06397	43	44	45	46	256	#
44	6.06397	44	45	46	47	256	#
45	6.06397	45	46	47	48	256	#
46	6.06397	46	47	48	49	256	#
47	6.06397	47	48	49	50	256	#
48	6.06397	48	49	50	51	256	#
49	6.06397	49	50	51	52	256	#
50	6.06397	50	51	52	53	256	#
51	6.06397	51	52	53	54	256	#
52	6.06397	52	53	54	55	256	#
53	6.06397	53	54	55	56	256	#
54	6.06397	54	55	56	57	256	#
55	6.06397	55	56	57	58	256	#
56	6.06397	56	57	58	59	256	#
57	6.06397	57	58	59	60	256	#
58	6.06397	58	59	60	61	256	#
59	6.06397	59	60	61	62	256	#
60	6.06397	60	61	62	63	256	#
61	6.06397	61	62	63	64	256	#
62	6.06397	62	63	64	65	256	#
63	6.06397	63	64	65	66	256	#
64	6.06397	64	65	66	67	256	#
65	6.06397	65	66	67	68	256	#
66	6.06397	66	67	68	69	256	#
67	6.06397	67	68	69	70	256	#
68	6.06397	68	69	70	71	256	#
69	6.06397	69	70	71	72	256	#
70	6.06397	70	71	72	73	256	#
71	6.06397	71	72	73	74	256	#
72	6.06397	72	73	74	75	256	#
73	6.06397	73	74	75	76	256	#
74	6.06397	74	75	76	77	256	#
75	6.06397	75	76	77	78	256	#
76	6.06397	76	77	78	79	256	#
77	6.06397	77	78	79	80	256	#
78	6.06397	78	79	80	81	256	#
79	6.06397	79	80	81	82	256	#
80	6.06397	80	81	82	83	256	#
81	6.06397	81	82	83	84	256	#
82	6.06397	82	83	84	85	256	#
83	6.06397	83	84	85	86	256	#
84	6.06397	84	85	86	87	256	#
85	6.06397	85	86	87	88	256	#
86	6.06397	86	87	88	89	256	#
87	6.06397	87	88	89	90	256	#
88	6.06397	88	89	90	91	256	#
89	6.06397	89	90	91	92	256	#
90	6.06397	90	91	92	93	256	#
91	6.06397	91	92	93	94	256	#
92	6.06397	92	93	94	95	256	#
93	6.06397	93	94	95	96	256	#
94	6.06397	94	95	96	97	256	#
95	6.06397	95	96	97	98	256	#
96	6.06397	96	97	98	99	256	#
97	6.06397	97	98	99	100	256	#
98	6.06397	98	99	100	101	256	#
99	6.06397	99	100	101	102	256	#
100	6.06397	100	101	102	103	256	#
101	6.06397	101	102	103	104	256	#
102	6.06397	102	103	104	105	256	#
103	6.06397	103	104	105	106	256	#
104	6.06397	104	105	106	107	256	#
105	6.06397	105	106	107	108	256	#
106	6.06397	106	107	108	109	256	#
107	6.06397	107	108	109	110	256	#
108	6.06397	108	109	110	111	256	#
109	6.06397	109	110	111	112	256	#
110	6.06397	110	111	112	113	256	#
111	6.06397	111	112	113	114	256	#
112	6.06397	112	113	114	115	256	#
113	3.6703	113	114	115	116	256	#
114	3.6703	114	115	116	117	256	#
115	3.6703	115	116	117	118	256	#
116	3.6703	116	117	118	119	256	#
117	3.6703	117	118	119	120	256	#
118	3.6703	118	119	120	121	256	#
119	3.6703	119	120	121	122	256	#
120	3.6703	120	121	122	123	256	#
121	3.6703	121	122	123	124	256	#
122	3.6703	122	123	124	125	256	#
123	3.6703	123	124	125	126	256	#
124	3.6703	124	125	126	127	256	#
125	3.6703	125	126	127	128	256	#
126	3.6703	126	127	128	129	256	#
127	3.6703	127	128	129	130	256	#
128	3.6703	128	129	130	131	256	#
129	3.6703	129	130	131	132	256	#
130	3.6703	130	131	132	133	256	#
131	3.6703	131	132	133	134	256	#
132	3.6703	132	133	134	135	256	#
133	3.6703	133	134	135	136	256	#
134	3.6703	134	135	136	137	256	#
135	3.6703	135	136	137	138	256	#
136	3.6703	136	137	138	139	256	#
137	3.6703	137	138	139	140	256	#
138	3.6703	138	139	140	141	256	#
139	3.6703	139	140	141	142	256	#
140	3.6703	140	141	142	143	256	#
141	3.6703	141	142	143	144	256	#
142	3.6703	142	143	144	145	256	#
143	3.6703	143	144	145	146	256	#
144	3.6703	144	145	146	147	256	#
145	3.6703	145	146	147	148	256	#
146	3.6703	146	147	148	149	256	#
147	3.6703	147	148	149	150	256	#
148	3.6703	148	149	150	151	256	#
149	3.6703	149	150	151	152	256	#
150	3.6703	150	151	152	153	256	#
151	3.6703	151	152	153	154	256	#
152	3.6703	152	153	154	155	256	#
153	3.6703	153	154	155	156	256	#
154	3.6703	154	155	156	157	256	#
155	3.6703	155	156	157	158	256	#
156	3.6703	156	157	158	159	256	#
157	3.6703	157	158	159	160	256	#
158	3.6703	158	159	160	161	256	#
159	3.6703	159	160	161	162	256	#
160	3.6703	160	161	162	163	256	#
161	3.6703	161	162	163	164	256	#
162	3.6703	162	163	164	165	256	#
163	3.6703	163	164	165	166	256	#
164	3.6703	164	165	166	167	256	#
165	3.6703	165	166	167	168	256	#
166	3.6703	166	167	168	169	256	#
167	3.6703	167	168	169	170	256	#
168	3.6703	168	169	170	171	256	#
169	3.6703	169	170	171	172	256	#
170	3.6703	170	171	172	173	256	#
171	3.6703	171	172	173	174	256	#
172	3.6703	172	173	174	175	256	#
173	3.6703	173	174	175	176	256	#
174	3.6703	174	175	176	177	256	#
175	3.6703	175	176	177	178	256	#
176	3.6703	176	177	178	179	256	#
177	3.6703	177	178	179	180	256	#
178	3.6703	178	179	180	181	256	#
179	3.6703	179	180	181	182	256	#
180	3.6703	180	181	182	183	256	#
181	3.6703	181	182	183	184	256	#
182	3.6703	182	183	184	185	256	#
183	3.6703	183	184	185	186	256	#
184	3.6703	184	185	186	187	256	#
185	3.6703	185	186	187	188	256	#
186	3.6703	186	187	188	189	256	#
187	3.6703	187	188	189	190	256	#
188	3.04523	188	189	190	191	256	#
189	3.04523	189	190	191	192	256	#
190	3.04523	190	191	192	193	256	#
191	3.04523	191	192	193	194	256	#
192	3.04523	192	193	194	195	256	#
193	3.04523	193	194	195	196	256	#
194	3.04523	194	195	196	197	256	#
195	3.04523	195	196	197	198	256	#
196	3.04523	196	197	198	199	256	#
197	3.04523	197	198	199	200	256	#
198	3.04523	198	199	200	201	256	#
199	3.04523	199	200	201	202	256	#
200	3.04523	200	201	202	203	256	#
201	3.04523	201	202	203	204	256	#
202	3.04523	202	203	204	205	256	#
203	3.04523	203	204	205	206	256	#
204	3.04523	204	205	206	207	256	#
205	3.04523	205	206	207	208	256	#
206	3.04523	206	207	208	209	256	#
207	3.04523	207	208	209	210	256	#
208	3.04523	208	209	210	211	256	#
209	3.04523	209	210	211	212	256	#
210	3.04523	210	211	212	213	256	#
211	3.04523	211	212	213	214	256	#
212	3.04523	212	213	214	215	256	#
213	3.04523	213	214	215	216	256	#
214	3.04523	214	215	216	217	256	#
215	3.04523	215	216	217	218	256	#
216	3.04523	216	217	218	219	256	#
217	3.04523	217	218	219	220	256	#
218	3.04523	218	219	220	221	256	#
219	3.04523	219	220	221	222	256	#
220	3.04523	220	221	222	223	256	#
221	3.04523	221	222	223	224	256	#
222	3.04523	222	223	224	225	256	#
223	3.04523	223	224	225	226	256	#
224	3.04523	224	225	226	227	256	#
225	3.04523	225	226	227	228	256	#
226	3.04523	226	227	228	229	256	#
227	7.40367	0	1	2	3	4	5	257	#
228	7.40367	1	2	3	4	5	6	257	#
229	7.40367	2	3	4	5	6	7	257	#
230	7.40367	3	4	5	6	7	8	257	#
231	7.40367	4	5	6	7	8	9	257	#
232	7.40367	5	6	7	8	9	10	257	#
233	7.40367	6	7	8	9	10	11	257	#
234	7.40367	7	8	9	10	11	12	257	#
235	7.40367	8	9	10	11	12	13	257	#
236	7.40367	9	10	11	12	13	14	257	#
237	7.40367	10	11	12	13	14	15	257	#
238	7.40367	11	12	13	14	15	16	257	#
239	7.40367	12	13	14	15	16	17	257	#
240	7.40367	13	14	15	16	17	18	257	#
241	7.40367	14	15	16	17	18	19	257	#
242	7.40367	15	16	17	18	19	20	257	#
243	7.40367	16	17	18	19	20	21	257	#
244	7.40367	17	18	19	20	21	22	257	#
245	7.40367	18	19	20	21	22	23	257	#
246	7.40367	19	20	21	22	23	24	257	#
247	7.40367	20	21	22	23	24	25	257	#
248	7.40367	21	22	23	24	25	26	257	#
249	7.40367	22	23	24	25	26	27	257	#
250	7.40367	23	24	25	26	27	28	257	#
251	7.40367	24	25	26	27	28	29	257	#
252	7.40367	25	26	27	28	29	30	257	#
253	7.40367	26	27	28	29	30	31	257	#
254	7.40367	27	28	29	30	31	32	257	#
255	7.40367	28	29	30	31	32	33	257	#
256	7.40367	29	30	31	32	33	34	257	#
257	7.40367	30	31	32	33	34	35	257	#
258	7.40367	31	32	33	34	35	36	257	#
259	7.40367	32	33	34	35	36	37	257	#
260	7.40367	33	34	35	36	37	38	257	#
261	7.40367	34	35	36	37	38	39	257	#
262	7.40367	35	36	37	38	39	40	257	#
263	7.40367	36	37	38	39	40	41	257	#
264	7.40367	37	38	39	40	41	42	257	#
265	7.40367	38	39	40	41	42	43	257	#
266	7.40367	39	40	41	42	43	44	257	#
267	7.40367	40	41	42	43	44	45	257	#
268	7.40367	41	42	43	44	45	46	257	#
269	7.40367	42	43	44	45	46	47	257	#
270	7.40367	43	44	45	46	47	48	257	#
271	7.40367	44	45	46	47	48	49	257	#
272	7.40367	45	46	47	48	49	50	257	#
273	7.40367	46	47	48	49	50	51	257	#
274	7.40367	47	48	49	50	51	52	257	#
275	7.40367	48	49	50	51	52	53	257	#
276	7.40367	49	50	51	52	53	54	257	#
277	7.40367	50	51	52	53	54	55	257	#
278	7.40367	51	52	53	54	55	56	257	#
279	7.40367	52	53	54	55	56	57	257	#
280	7.40367	53	54	55	56	57	58	257	#
281	7.40367	54	55	56	57	58	59	257	#
282	7.40367	55	56	57	58	59	60	257	#
283	7.40367	56	57	58	59	60	61	257	#
284	7.40367	57	58	59	60	61	62	257	#
285	7.40367	58	59	60	61	62	63	257	#
286	7.40367	59	60	61	62	63	64	257	#
287	7.40367	60	61	62	63	64	65	257	#
288	7.40367	61	62	63	64	65	66	257	#
289	7.40367	62	63	64	65	66	67	257	#
290	7.40367	63	64	65	66	67	68	257	#
291	7.40367	64	65	66	67	68	69	257	#
292	7.40367	65	66	67	68	69	70	257	#
293	7.40367	66	67	68	69	70	71	257	#
294	7.40367	67	68	69	70	71	72	257	#
295	7.40367	68	69	70	71	72	73	257	#
296	7.40367	69	70	71	72	73	74	257	#
297	7.40367	70	71	72	73	74	75	257	#
298	7.40367	71	72	73	74	75	76	257	#
299	7.40367	72	73	74	75	76	77	257	#
300	7.40367	73	74	75	76	77	78	257	#
301	7.40367	74	75	76	77	78	79	257	#
302	7.40367	75	76	77	78	79	80	257	#
303	7.40367	76	77	78	79	80	81	257	#
304	7.40367	77	78	79	80	81	82	257	#
305	7.40367	78	79	80	81	82	83	257	#
306	7.40367	79	80	81	82	83	84	257	#
307	7.40367	80	81	82	83	84	85	257	#
308	7.40367	81	82	83	84	85	86	257	#
309	7.40367	82	83	84	85	86	87	257	#
310	7.40367	83	84	85	86	87	88	257	#
311	7.40367	84	85	86	87	88	89	257	#
312	7.40367	85	86	87	88	89	90	257	#
313	7.40367	86	87	88	89	90	91	257	#
314	7.40367	87	88	89	90	91	92	257	#
315	7.40367	88	89	90	91	92	93	257	#
316	7.40367	89	90	91	92	93	94	257	#
317	7.40367	90	91	92	93	94	95	257	#
318	7.40367	91	92	93	94	95	96	257	#
319	7.40367	92	93	94	95	96	97	257	#
320	7.40367	93	94	95	96	97	98	257	#
321	7.40367	94	95	96	97	98	99	257	#
322	7.40367	95	96	97	98	99	100	257	#
323	7.40367	96	97	98	99	100	101	257	#
324	7.40367	97	98	99	100	101	102	257	#
325	7.40367	98	99	100	101	102	103	257	#
326	7.40367	99	100	101	102	103	104	257	#
327	7.40367	100	101	102	103	104	105	257	#
328	7.40367	101	102	103	104	105	106	257	#
329	7.40367	102	103	104	105	106	107	257	#
330	7.40367	103	104	105	106	107	108	257	#
331	7.40367	104	105	106	107	108	109	257	#
332	7.40367	105	106	107	108	109	110	257	#
333	7.40367	106	107	108	109	110	111	257	#
334	7.40367	107	108	109	110	111	112	257	#
335	7.40367	108	109	110	111	112	113	257	#
336	7.40367	109	110	111	112	113	114	257	#
337	7.40367	110	111	112	113	114	115	257	#
338	7.40367	111	112	113	114	115	116	257	#
339	7.40367	112	113	114	115	116	117	257	#
340	7.40367	113	114	115	116	117	118	257	#
341	7.40367	114	115	116	117	118	119	257	#
342	7.40367	115	116	117	118	119	120	257	#
343	7.40367	116	117	118	119	120	121	257	#
344	7.40367	117	118	119	120	121	122	257	#
345	7.40367	118	119	120	121	122	123	257	#
346	7.40367	119	120	121	122	123	124	257	#
347	7.40367	120	121	122	123	124	125	257	#
348	7.40367	121	122	123	124	125	126	257	#
349	7.40367	122	123	124	125	126	127	257	#
350	7.40367	123	124	125	126	127	128	257	#
351	7.40367	124	125	126	127	128	129	257	#
352	7.40367	125	126	127	128	129	130	257	#
353	7.40367	126	127	128	129	130	131	257	#
354	7.40367	127	128	129	130	131	132	257	#
355	7.40367	128	129	130	131	132	133	257	#
356	7.40367	129	130	131	132	133	134	257	#
357	7.40367	130	131	132	133	134	135	257	#
358	7.40367	131	132	133	134	135	136	257	#
359	7.40367	132	133	134	135	136	137	257	#
360	7.40367	133	134	135	136	137	138	257	#
361	7.40367	134	135	136	137	138	139	257	#
362	7.40367	135	136	137	138	139	140	257	#
363	7.40367	136	137	138	139	140	141	257	#
364	7.40367	137	138	139	140	141	142	257	#
365	7.40367	138	139	140	141	142	143	257	#
366	7.40367	139	140	141	142	143	144	257	#
367	7.40367	140	141	142	143	144	145	257	#
368	7.40367	141	142	143	144	145	146	257	#
369	7.40367	142	143	144	145	146	147	257	#
370	7.40367	143	144	145	146	147	148	257	#
371	7.40367	144	145	146	147	148	149	257	#
372	7.40367	145	146	147	148	149	150	257	#
373	7.40367	146	147	148	149	150	151	257	#
374	7.40367	147	148	149	150	151	152	257	#
375	7.40367	148	149	150	151	152	153	257	#
376	7.40367	149	150	151	152	153	154	257	#
377	7.40367	150	151	152	153	154	155	257	#
378	7.40367	151	152	153	154	155	156	257	#
379	7.40367	152	153	154	155	156	157	257	#
380	7.40367	153	154	155	156	157	158	257	#
381	7.40367	154	155	156	157	158	159	257	#
382	7.40367	155	156	157	158	159	160	257	#
383	7.40367	156	157	158	159	160	161	257	#
384	7.40367	157	158	159	160	161	162	257	#
385	7.40367	158	159	160	161	162	163	257	#
386	7.40367	159	160	161	162	163	164	257	#
387	7.40367	160	161	162	163	164	165	257	#
388	7.40367	161	162	163	164	165	166	257	#
389	7.40367	162	163	164	165	166	167	257	#
390	7.40367	163	164	165	166	167	168	257	#
391	7.40367	164	165	166	167	168	169	257	#
392	7.40367	165	166	167	168	169	170	257	#
393	7.40367	166	167	168	169	170	171	257	#
394	7.40367	167	168	169	170	171	172	257	#
395	7.40367	168	169	170	171	172	173	257	#
396	7.40367	169	170	171	172	173	174	257	#
397	7.40367	170	171	172	173	174	175	257	#
398	7.40367	171	172	173	174	175	176	257	#
399	7.40367	172	173	174	175	176	177	257	#
400	7.40367	173	174	175	176	177	178	257	#
401	7.40367	174	175	176	177	178	179	257	#
402	7.40367	175	176	177	178	179	180	257	#
403	7.40367	176	177	178	179	180	181	257	#
404	7.40367	177	178	179	180	181	182	257	#
405	7.40367	178	179	180	181	182	183	257	#
406	7.40367	179	180	181	182	183	184	257	#
407	7.40367	180	181	182	183	184	185	257	#
408	6.22581	181	182	183	184	185	186	257	#
409	6.22581	182	183	184	185	186	187	257	#
410	6.22581	183	184	185	186	187	188	257	#
411	6.22581	184	185	186	187	188	189	257	#
412	6.22581	185	186	187	188	189	190	257	#
413	6.22581	186	187	188	189	190	191	257	#
414	6.22581	187	188	189	190	191	192	257	#
415	6.22581	188	189	190	191	192	193	257	#
416	6.22581	189	190	191	192	193	194	257	#
417	6.22581	190	191	192	193	194	195	257	#
418	6.22581	191	192	193	194	195	196	257	#
419	6.22581	192	193	194	195	196	197	257	#
420	6.22581	193	194	195	196	197	198	257	#
421	6.22581	194	195	196	197	198	199	257	#
422	6.22581	195	196	197	198	199	200	257	#
423	6.22581	196	197	198	199	200	201	257	#
424	6.22581	197	198	199	200	201	202	257	#
425	6.22581	198	199	200	201	202	203	257	#
426	6.22581	199	200	201	202	203	204	257	#
427	6.22581	200	201	202	203	204	205	257	#
428	6.22581	201	202	203	204	205	206	257	#
429	6.22581	202	203	204	205	206	207	257	#
430	6.22581	203	204	205	206	207	208	257	#
431	6.22581	204	205	206	207	208	209	257	#
432	6.22581	205	206	207	208	209	210	257	#
433	6.22581	206	207	208	209	210	211	257	#
434	6.22581	207	208	209	210	211	212	257	#
435	6.22581	208	209	210	211	212	213	257	#
436	6.22581	209	210	211	212	213	214	257	#
437	6.22581	210	211	212	213	214	215	257	#
438	6.22581	211	212	213	214	215	216	257	#
439	6.22581	212	213	214	215	216	217	257	#
440	6.22581	213	214	215	216	217	218	257	#
441	6.22581	214	215	216	217	218	219	257	#
442	6.22581	215	216	217	218	219	220	257	#
443	5.75495	216	217	218	219	220	221	257	#
444	5.75495	217	218	219	220	221	222	257	#
445	5.75495	218	219	220	221	222	223	257	#
446	5.75495	219	220	221	222	223	224	257	#
447	5.75495	220	221	222	223	224	225	257	#
448	5.75495	221	222	223	224	225	226	257	#
449	5.75495	222	223	224	225	226	227	257	#
450	5.75495	223	224	225	226	227	228	257	#
451	5.75495	224	225	226	227	228	229	257	#
452	5.75495	225	226	227	228	229	230	257	#
453	5.75495	226	227	228	229	230	231	257	#
454	5.75495	227	228	229	230	231	232	257	#
455	5.75495	228	229	230	231	232	233	257	#
456	5.75495	229	230	231	232	233	234	257	#
457	5.75495	230	231	232	233	234	235	257	#
458	5.75495	231	232	233	234	235	236	257	#
459	5.75495	232	233	234	235	236	237	257	#
460	5.75495	233	234	235	236	237	238	257	#
461	5.63654	234	235	236	237	238	239	257	#
462	5.63654	235	236	237	238	239	240	257	#
463	5.63654	236	237	238	239	240	241	257	#
464	5.63654	237	238	239	240	241	242	257	#
465	5.63654	238	239	240	241	242	243	257	#
466	7.52046	0	1	2	3	4	5	258	#
467	7.52046	1	2	3	4	5	6	258	#
468	7.52046	2	3	4	5	6	7	258	#
469	7.52046	3	4	5	6	7	8	258	#
470	7.52046	4	5	6	7	8	9	258	#
471	7.52046	5	6	7	8	9	10	258	#
472	7.52046	6	7	8	9	10	11	258	#
473	7.52046	7	8	9	10	11	12	258	#
474	7.52046	8	9	10	11	12	13	258	#
475	7.52046	9	10	11	12	13	14	258	#
476	7.52046	10	11	12	13	14	15	258	#
477	7.52046	11	12	13	14	15	16	258	#
478	7.52046	12	13	14	15	16	17	258	#
479	7.52046	13	14	15	16	17	18	258	#
480	7.52046	14	15	16	17	18	19	258	#
481	7.52046	15	16	17	18	19	20	258	#
482	7.52046	16	17	18	19	20	21	258	#
483	7.52046	17	18	19	20	21	22	258	#
484	7.52046	18	19	20	21	22	23	258	#
485	7.52046	19	20	21	22	23	24	258	#
486	7.52046	20	21	22	23	24	25	258	#
487	7.52046	21	22	23	24	25	26	258	#
488	7.52046	22	23	24	25	26	27	258	#
489	7.52046	23	24	25	26	27	28	258	#
490	7.52046	24	25	26	27	28	29	258	#
491	7.52046	25	26	27	28	29	30	258	#
492	7.52046	26	27	28	29	30	31	258	#
493	7.52046	27	28	29	30	31	32	258	#
494	7.52046	28	29	30	31	32	33	258	#
495	7.52046	29	30	31	32	33	34	258	#
496	7.52046	30	31	32	33	34	35	258	#
497	7.52046	31	32	33	34	35	36	258	#
498	7.52046	32	33	34	35	36	37	258	#
499	7.52046	33	34	35	36	37	38	258	#
500	7.52046	34	35	36	37	38	39	258	#
501	7.52046	35	36	37	38	39	40	258	#
502	7.52046	36	37	38	39	40	41	258	#
503	7.52046	37	38	39	40	41	42	258	#
504	7.52046	38	39	40	41	42	43	258	#
505	7.52046	39	40	41	42	43	44	258	#
506	7.52046	40	41	42	43	44	45	258	#
507	7.52046	41	42	43	44	45	46	258	#
508	7.52046	42	43	44	45	46	47	258	#
509	7.52046	43	44	45	46	47	48	258	#
510	7.52046	44	45	46	47	48	49	258	#
511	7.52046	45	46	47	48	49	50	258	#
512	7.52046	46	47	48	49	50	51	258	#
513	7.52046	47	48	49	50	51	52	258	#
514	5.28465	48	49	50	51	52	53	258	#
515	5.28465	49	50	51	52	53	54	258	#
516	5.28465	50	51	52	53	54	55	258	#
517	5.28465	51	52	53	54	55	56	258	#
518	5.28465	52	53	54	55	56	57	258	#
519	5.28465	53	54	55	56	57	58	258	#
520	5.28465	54	55	56	57	58	59	258	#
521	5.28465	55	56	57	58	59	60	258	#
522	5.28465	56	57	58	59	60	61	258	#
523	5.28465	57	58	59	60	61	62	258	#
524	5.28465	58	59	60	61	62	63	258	#
525	5.28465	59	60	61	62	63	64	258	#
526	5.28465	60	61	62	63	64	65	258	#
527	5.28465	61	62	63	64	65	66	258	#
528	5.28465	62	63	64	65	66	67	258	#
529	5.28465	63	64	65	66	67	68	258	#
530	5.28465	64	65	66	67	68	69	258	#
531	5.28465	65	66	67	68	69	70	258	#
532	5.28465	66	67	68	69	70	71	258	#
533	5.28465	67	68	69	70	71	72	258	#
534	5.28465	68	69	70	71	72	73	258	#
535	5.28465	69	70	71	72	73	74	258	#
536	18.3096	0	1	2	3	4	5	6	7	8	9	259	#
537	18.3096	1	2	3	4	5	6	7	8	9	10	259	#
538	18.3096	2	3	4	5	6	7	8	9	10	11	259	#
539	18.3096	3	4	5	6	7	8	9	10	11	12	259	#
540	18.3096	4	5	6	7	8	9	10	11	12	13	259	#
541	18.3096	5	6	7	8	9	10	11	12	13	14	259	#
542	18.3096	6	7	8	9	10	11	12	13	14	15	259	#
543	18.3096	7	8	9	10	11	12	13	14	15	16	259	#
544	18.3096	8	9	10	11	12	13	14	15	16	17	259	#
545	18.3096	9	10	11	12	13	14	15	16	17	18	259	#
546	18.3096	10	11	12	13	14	15	16	17	18	19	259	#
547	18.3096	11	12	13	14	15	16	17	18	19	20	259	#
548	18.3096	12	13	14	15	16	17	18	19	20	21	259	#
549	18.3096	13	14	15	16	17	18	19	20	21	22	259	#
550	18.3096	14	15	16	17	18	19	20	21	22	23	259	#
551	18.3096	15	16	17	18	19	20	21	22	23	24	259	#
552	18.3096	16	17	18	19	20	21	22	23	24	25	259	#
553	18.3096	17	18	19	20	21	22	23	24	25	26	259	#
554	18.3096	18	19	20	21	22	23	24	25	26	27	259	#
555	18.3096	19	20	21	22	23	24	25	26	27	28	259	#
556	18.3096	20	21	22	23	24	25	26	27	28	29	259	#
557	18.3096	21	22	23	24	25	26	27	28	29	30	259	#
558	18.3096	22	23	24	25	26	27	28	29	30	31	259	#
559	18.3096	23	24	25	26	27	28	29	30	31	32	259	#
560	18.3096	24	25	26	27	28	29	30	31	32	33	259	#
561	18.3096	25	26	27	28	29	30	31	32	33	34	259	#
562	18.3096	26	27	28	29	30	31	32	33	34	35	259	#
563	18.3096	27	28	29	30	31	32	33	34	35	36	259	#
564	18.3096	28	29	30	31	32	33	34	35	36	37	259	#
565	18.3096	29	30	31	32	33	34	35	36	37	38	259	#
566	18.3096	30	31	32	33	34	35	36	37	38	39	259	#
567	18.3096	31	32	33	34	35	36	37	38	39	40	259	#
568	18.3096	32	33	34	35	36	37	38	39	40	41	259	#
569	18.3096	33	34	35	36	37	38	39	40	41	42	259	#
570	18.3096	34	35	36	37	38	39	40	41	42	43	259	#
571	18.3096	35	36	37	38	39	40	41	42	43	44	259	#
572	18.3096	36	37	38	39	40	41	42	43	44	45	259	#
573	18.3096	37	38	39	40	41	42	43	44	45	46	259	#
574	18.3096	38	39	40	41	42	43	44	45	46	47	259	#
575	18.3096	39	40	41	42	43	44	45	46	47	48	259	#
576	18.3096	40	41	42	43	44	45	46	47	48	49	259	#
577	18.3096	41	42	43	44	45	46	47	48	49	50	259	#
578	18.3096	42	43	44	45	46	47	48	49	50	51	259	#
579	18.3096	43	44	45	46	47	48	49	50	51	52	259	#
580	18.3096	44	45	46	47	48	49	50	51	52	53	259	#
581	18.3096	45	46	47	48	49	50	51	52	53	54	259	#
582	18.3096	46	47	48	49	50	51	52	53	54	55	259	#
583	18.3096	47	48	49	50	51	52	53	54	55	56	259	#
584	18.3096	48	49	50	51	52	53	54	55	56	57	259	#
585	18.3096	49	50	51	52	53	54	55	56	57	58	259	#
586	18.3096	50	51	52	53	54	55	56	57	58	59	259	#
587	18.3096	51	52	53	54	55	56	57	58	59	60	259	#
588	18.3096	52	53	54	55	56	57	58	59	60	61	259	#
589	18.3096	53	54	55	56	57	58	59	60	61	62	259	#
590	18.3096	54	55	56	57	58	59	60	61	62	63	259	#
591	18.3096	55	56	57	58	59	60	61	62	63	64	259	#
592	18.3096	56	57	58	59	60	61	62	63	64	65	259	#
593	18.3096	57	58	59	60	61	62	63	64	65	66	259	#
594	18.3096	58	59	60	61	62	63	64	65	66	67	259	#
595	18.3096	59	60	61	62	63	64	65	66	67	68	259	#
596	18.3096	60	61	62	63	64	65	66	67	68	69	259	#
597	18.3096	61	62	63	64	65	66	67	68	69	70	259	#
598	18.3096	62	63	64	65	66	67	68	69	70	71	259	#
599	18.3096	63	64	65	66	67	68	69	70	71	72	259	#
600	18.3096	64	65	66	67	68	69	70	71	72	73	259	#
601	18.3096	65	66	67	68	69	70	71	72	73	74	259	#
602	18.3096	66	67	68	69	70	71	72	73	74	75	259	#
603	18.3096	67	68	69	70	71	72	73	74	75	76	259	#
604	18.3096	68	69	70	71	72	73	74	75	76	77	259	#
605	18.3096	69	70	71	72	73	74	75	76	77	78	259	#
606	18.3096	70	71	72	73	74	75	76	77	78	79	259	#
607	18.3096	71	72	73	74	75	76	77	78	79	80	259	#
608	18.3096	72	73	74	75	76	77	78	79	80	81	259	#
609	18.3096	73	74	75	76	77	78	79	80	81	82	259	#
610	18.3096	74	75	76	77	78	79	80	81	82	83	259	#
611	18.3096	75	76	77	78	79	80	81	82	83	84	259	#
612	18.3096	76	77	78	79	80	81	82	83	84	85	259	#
613	18.3096	77	78	79	80	81	82	83	84	85	86	259	#
614	18.3096	78	79	80	81	82	83	84	85	86	87	259	#
615	18.3096	79	80	81	82	83	84	85	86	87	88	259	#
616	18.3096	80	81	82	83	84	85	86	87	88	89	259	#
617	18.3096	81	82	83	84	85	86	87	88	89	90	259	#
618	18.3096	82	83	84	85	86	87	88	89	90	91	259	#
619	18.3096	83	84	85	86	87	88	89	90	91	92	259	#
620	18.3096	84	85	86	87	88	89	90	91	92	93	259	#
621	18.3096	85	86	87	88	89	90	91	92	93	94	259	#
622	18.3096	86	87	88	89	90	91	92	93	94	95	259	#
623	18.3096	87	88	89	90	91	92	93	94	95	96	259	#
624	18.3096	88	89	90	91	92	93	94	95	96	97	259	#
625	18.3096	89	90	91	92	93	94	95	96	97	98	259	#
626	18.3096	90	91	92	93	94	95	96	97	98	99	259	#
627	18.3096	91	92	93	94	95	96	97	98	99	100	259	#
628	18.3096	92	93	94	95	96	97	98	99	100	101	259	#
629	18.3096	93	94	95	96	97	98	99	100	101	102	259	#
630	18.3096	94	95	96	97	98	99	100	101	102	103	259	#
631	18.3096	95	96	97	98	99	100	101	102	103	104	259	#
632	18.3096	96	97	98	99	100	101	102	103	104	105	259	#
633	18.3096	97	98	99	100	101	102	103	104	105	106	259	#
634	18.3096	98	99	100	101	102	103	104	105	106	107	259	#
635	18.3096	99	100	101	102	103	104	105	106	107	108	259	#
636	18.3096	100	101	102	103	104	105	106	107	108	109	259	#
637	18.3096	101	102	103	104	105	106	107	108	109	110	259	#
638	18.3096	102	103	104	105	106	107	108	109	110	111	259	#
639	18.3096	103	104	105	106	107	108	109	110	111	112	259	#
640	18.3096	104	105	106	107	108	109	110	111	112	113	259	#
641	18.3096	105	106	107	108	109	110	111	112	113	114	259	#
642	18.3096	106	107	108	109	110	111	112	113	114	115	259	#
643	18.3096	107	108	109	110	111	112	113	114	115	116	259	#
644	18.3096	108	109	110	111	112	113	114	115	116	117	259	#
645	18.3096	109	110	111	112	113	114	115	116	117	118	259	#
646	18.3096	110	111	112	113	114	115	116	117	118	119	259	#
647	18.3096	111	112	113	114	115	116	117	118	119	120	259	#
648	18.3096	112	113	114	115	116	117	118	119	120	121	259	#
649	18.3096	113	114	115	116	117	118	119	120	121	122	259	#
650	18.3096	114	115	116	117	118	119	120	121	122	123	259	#
651	18.3096	115	116	117	118	119	120	121	122	123	124	259	#
652	18.3096	116	117	118	119	120	121	122	123	124	125	259	#
653	18.3096	117	118	119	120	121	122	123	124	125	126	259	#
654	18.3096	118	119	120	121	122	123	124	125	126	127	259	#
655	12.6376	119	120	121	122	123	124	125	126	127	128	259	#
656	12.6376	120	121	122	123	124	125	126	127	128	129	259	#
657	12.6376	121	122	123	124	125	126	127	128	129	130	259	#
658	12.6376	122	123	124	125	126	127	128	129	130	131	259	#
659	12.6376	123	124	125	126	127	128	129	130	131	132	259	#
660	12.6376	124	125	126	127	128	129	130	131	132	133	259	#
661	12.6376	125	126	127	128	129	130	131	132	133	134	259	#
662	12.6376	126	127	128	129	130	131	132	133	134	135	259	#
663	12.6376	127	128	129	130	131	132	133	134	135	136	259	#
664	12.6376	128	129	130	131	132	133	134	135	136	137	259	#
665	12.6376	129	130	131	132	133	134	135	136	137	138	259	#
666	12.6376	130	131	132	133	134	135	136	137	138	139	259	#
667	12.6376	131	132	133	134	135	136	137	138	139	140	259	#
668	12.6376	132	133	134	135	136	137	138	139	140	141	259	#
669	12.6376	133	134	135	136	137	138	139	140	141	142	259	#
670	12.6376	134	135	136	137	138	139	140	141	142	143	259	#
671	12.6376	135	136	137	138	139	140	141	142	143	144	259	#
672	12.6376	136	137	138	139	140	141	142	143	144	145	259	#
673	12.6376	137	138	139	140	141	142	143	144	145	146	259	#
674	12.6376	138	139	140	141	142	143	144	145	146	147	259	#
675	12.6376	139	140	141	142	143	144	145	146	147	148	259	#
676	12.6376	140	141	142	143	144	145	146	147	148	149	259	#
677	12.6376	141	142	143	144	145	146	147	148	149	150	259	#
678	12.6376	142	143	144	145	146	147	148	149	150	151	259	#
679	12.6376	143	144	145	146	147	148	149	150	151	152	259	#
680	12.6376	144	145	146	147	148	149	150	151	152	153	259	#
681	12.6376	145	146	147	148	149	150	151	152	153	154	259	#
682	12.6376	146	147	148	149	150	151	152	153	154	155	259	#
683	12.6376	147	148	149	150	151	152	153	154	155	156	259	#
684	12.6376	148	149	150	151	152	153	154	155	156	157	259	#
685	12.6376	149	150	151	152	153	154	155	156	157	158	259	#
686	12.6376	150	151	152	153	154	155	156	157	158	159	259	#
687	12.6376	151	152	153	154	155	156	157	158	159	160	259	#
688	12.6376	152	153	154	155	156	157	158	159	160	161	259	#
689	12.6376	153	154	155	156	157	158	159	160	161	162	259	#
690	12.6376	154	155	156	157	158	159	160	161	162	163	259	#
691	12.6376	155	156	157	158	159	160	161	162	163	164	259	#
692	12.6376	156	157	158	159	160	161	162	163	164	165	259	#
693	12.6376	157	158	159	160	161	162	163	164	165	166	259	#
694	12.6376	158	159	160	161	162	163	164	165	166	167	259	#
695	12.6376	159	160	161	162	163	164	165	166	167	168	259	#
696	12.6376	160	161	162	163	164	165	166	167	168	169	259	#
697	12.6376	161	162	163	164	165	166	167	168	169	170	259	#
698	12.6376	162	163	164	165	166	167	168	169	170	171	259	#
699	12.6376	163	164	165	166	167	168	169	170	171	172	259	#
700	12.6376	164	165	166	167	168	169	170	171	172	173	259	#
701	12.6376	165	166	167	168	169	170	171	172	173	174	259	#
702	12.6376	166	167	168	169	170	171	172	173	174	175	259	#
703	12.6376	167	168	169	170	171	172	173	174	175	176	259	#
704	12.6376	168	169	170	171	172	173	174	175	176	177	259	#
705	12.6376	169	170	171	172	173	174	175	176	177	178	259	#
706	12.6376	170	171	172	173	174	175	176	177	178	179	259	#
707	12.6376	171	172	173	174	175	176	177	178	179	180	259	#
708	12.6376	172	173	174	175	176	177	178	179	180	181	259	#
709	12.6376	173	174	175	176	177	178	179	180	181	182	259	#
710	12.6376	174	175	176	177	178	179	180	181	182	183	259	#
711	12.6376	175	176	177	178	179	180	181	182	183	184	259	#
712	10.0663	176	177	178	179	180	181	182	183	184	185	259	#
713	10.0663	177	178	179	180	181	182	183	184	185	186	259	#
714	10.0663	178	179	180	181	182	183	184	185	186	187	259	#
715	10.0663	179	180	181	182	183	184	185	186	187	188	259	#
716	10.0663	180	181	182	183	184	185	186	187	188	189	259	#
717	10.0663	181	182	183	184	185	186	187	188	189	190	259	#
718	10.0663	182	183	184	185	186	187	188	189	190	191	259	#
719	10.0663	183	184	185	186	187	188	189	190	191	192	259	#
720	10.0663	184	185	186	187	188	189	190	191	192	193	259	#
721	10.0663	185	186	187	188	189	190	191	192	193	194	259	#
722	10.0663	186	187	188	189	190	191	192	193	194	195	259	#
723	10.0663	187	188	189	190	191	192	193	194	195	196	259	#
724	10.0663	188	189	190	191	192	193	194	195	196	197	259	#
725	10.0663	189	190	191	192	193	194	195	196	197	198	259	#
726	10.0663	190	191	192	193	194	195	196	197	198	199	259	#
727	10.0663	191	192	193	194	195	196	197	198	199	200	259	#
728	10.0663	192	193	194	195	196	197	198	199	200	201	259	#
729	10.0663	193	194	195	196	197	198	199	200	201	202	259	#
730	10.0663	194	195	196	197	198	199	200	201	202	203	259	#
731	10.0663	195	196	197	198	199	200	201	202	203	204	259	#
732	10.0663	196	197	198	199	200	201	202	203	204	205	259	#
733	10.0663	197	198	199	200	201	202	203	204	205	206	259	#
734	10.0663	198	199	200	201	202	203	204	205	206	207	259	#
735	10.0663	199	200	201	202	203	204	205	206	207	208	259	#
736	10.0663	200	201	202	203	204	205	206	207	208	209	259	#
737	10.0663	201	202	203	204	205	206	207	208	209	210	259	#
738	10.0663	202	203	204	205	206	207	208	209	210	211	259	#
739	10.0663	203	204	205	206	207	208	209	210	211	212	259	#
740	10.0663	204	205	206	207	208	209	210	211	212	213	259	#
741	10.0663	205	206	207	208	209	210	211	212	213	214	259	#
742	10.0663	206	207	208	209	210	211	212	213	214	215	259	#
743	10.0663	207	208	209	210	211	212	213	214	215	216	259	#
744	10.0663	208	209	210	211	212	213	214	215	216	217	259	#
745	10.0663	209	210	211	212	213	214	215	216	217	218	259	#
746	10.0663	210	211	212	213	214	215	216	217	218	219	259	#
747	10.0663	211	212	213	214	215	216	217	218	219	220	259	#
748	10.0663	212	213	214	215	216	217	218	219	220	221	259	#
749	10.0663	213	214	215	216	217	218	219	220	221	222	259	#
750	10.0663	214	215	216	217	218	219	220	221	222	223	259	#
751	10.0663	215	216	217	218	219	220	221	222	223	224	259	#
752	10.0663	216	217	218	219	220	221	222	223	224	225	259	#
753	10.0663	217	218	219	220	221	222	223	224	225	226	259	#
754	10.0663	218	219	220	221	222	223	224	225	226	227	259	#
755	10.0663	219	220	221	222	223	224	225	226	227	228	259	#
756	10.0663	220	221	222	223	224	225	226	227	228	229	259	#
757	10.0663	221	222	223	224	225	226	227	228	229	230	259	#
758	10.0663	222	223	224	225	226	227	228	229	230	231	259	#
759	9.56923	223	224	225	226	227	228	229	230	231	232	259	#
760	9.56923	224	225	226	227	228	229	230	231	232	233	259	#
761	9.56923	225	226	227	228	229	230	231	232	233	234	259	#
762	9.56923	226	227	228	229	230	231	232	233	234	235	259	#
763	9.56923	227	228	229	230	231	232	233	234	235	236	259	#
764	9.56923	228	229	230	231	232	233	234	235	236	237	259	#
765	9.56923	229	230	231	232	233	234	235	236	237	238	259	#
766	9.56923	230	231	232	233	234	235	236	237	238	239	259	#
767	9.56923	231	232	233	234	235	236	237	238	239	240	259	#
768	9.56923	232	233	234	235	236	237	238	239	240	241	259	#
769	9.56923	233	234	235	236	237	238	239	240	241	242	259	#
770	9.56923	234	235	236	237	238	239	240	241	242	243	259	#
771	9.22747	235	236	237	238	239	240	241	242	243	244	259	#
772	9.22747	236	237	238	239	240	241	242	243	244	245	259	#
773	9.22747	237	238	239	240	241	242	243	244	245	246	259	#
774	9.22747	238	239	240	241	242	243	244	245	246	247	259	#
775	9.22747	239	240	241	242	243	244	245	246	247	248	259	#
776	9.22747	240	241	242	243	244	245	246	247	248	249	259	#
777	9.22747	241	242	243	244	245	246	247	248	249	250	259	#
778	9.22747	242	243	244	245	246	247	248	249	250	251	259	#
779	9.22747	243	244	245	246	247	248	249	250	251	252	259	#
780	9.11891	244	245	246	247	248	249	250	251	252	253	259	#
781	9.11891	245	246	247	248	249	250	251	252	253	254	259	#
782	9.11891	246	247	248	249	250	251	252	253	254	255	259	#
783	1.41581	0	260	#
784	1.41581	1	260	#
785	1.41581	2	260	#
786	1.41581	3	260	#
787	1.41581	4	260	#
788	1.41581	5	260	#
789	1.41581	6	260	#
790	1.41581	7	260	#
791	1.41581	8	260	#
792	1.41581	9	260	#
793	1.41581	10	260	#
794	1.41581	11	260	#
795	1.41581	12	260	#
796	1.41581	13	260	#
797	1.41581	14	260	#
798	1.41581	15	260	#
799	1.41581	16	260	#
800	1.41581	17	260	#
801	1.41581	18	260	#
802	1.41581	19	260	#
803	1.41581	20	260	#
804	1.41581	21	260	#
805	1.41581	22	260	#
806	1.41581	23	260	#
807	1.41581	24	260	#
808	1.41581	25	260	#
809	1.41581	26	260	#
810	1.41581	27	260	#
811	1.41581	28	260	#
812	1.41581	29	260	#
813	1.41581	30	260	#
814	1.41581	31	260	#
815	1.41581	32	260	#
816	1.41581	33	260	#
817	1.41581	34	260	#
818	1.41581	35	260	#
819	1.41581	36	260	#
820	1.41581	37	260	#
821	1.41581	38	260	#
822	1.41581	39	260	#
823	1.41581	40	260	#
824	1.41581	41	260	#
825	1.41581	42	260	#
826	1.41581	43	260	#
827	1.41581	44	260	#
828	1.41581	45	260	#
829	1.41581	46	260	#
830	1.41581	47	260	#
831	1.41581	48	260	#
832	1.41581	49	260	#
833	1.41581	50	260	#
834	1.41581	51	260	#
835	1.41581	52	260	#
836	1.41581	53	260	#
837	1.41581	54	260	#
838	1.41581	55	260	#
839	1.41581	56	260	#
840	1.41581	57	260	#
841	1.41581	58	260	#
842	1.41581	59	260	#
843	1.41581	60	260	#
844	1.41581	61	260	#
845	1.41581	62	260	#
846	1.41581	63	260	#
847	1.41581	64	260	#
848	1.41581	65	260	#
849	1.41581	66	260	#
850	1.41581	67	260	#
851	1.41581	68	260	#
852	1.41581	69	260	#
853	1.41581	70	260	#
854	1.41581	71	260	#
855	1.41581	72	260	#
856	1.41581	73	260	#
857	1.41581	74	260	#
858	1.41581	75	260	#
859	1.41581	76	260	#
860	1.41581	77	260	#
861	1.41581	78	260	#
862	1.41581	79	260	#
863	1.41581	80	260	#
864	1.41581	81	260	#
865	1.41581	82	260	#
866	1.41581	83	260	#
867	1.41581	84	260	#
868	1.41581	85	260	#
869	1.41581	86	260	#
870	1.41581	87	260	#
871	1.41581	88	260	#
872	1.41581	89	260	#
873	1.41581	90	260	#
874	1.41581	91	260	#
875	1.41581	92	260	#
876	1.41581	93	260	#
877	1.41581	94	260	#
878	1.41581	95	260	#
879	1.41581	96	260	#
880	1.41581	97	260	#
881	1.41581	98	260	#
882	1.41581	99	260	#
883	1.41581	100	260	#
884	1.41581	101	260	#
885	1.41581	102	260	#
886	1.41581	103	260	#
887	1.41581	104	260	#
888	1.41581	105	260	#
889	1.41581	106	260	#
890	1.41581	107	260	#
891	1.41581	108	260	#
892	1.41581	109	260	#
893	1.41581	110	260	#
894	1.41581	111	260	#
895	1.41581	112	260	#
896	1.41581	113	260	#
897	1.41581	114	260	#
898	1.41581	115	260	#
899	1.41581	116	260	#
900	1.41581	117	260	#
901	1.41581	118	260	#
902	1.41581	119	260	#
903	1.41581	120	260	#
904	1.41581	121	260	#
905	1.41581	122	260	#
906	1.41581	123	260	#
907	1.41581	124	260	#
908	1.41581	125	260	#
909	1.41581	126	260	#
910	1.41581	127	260	#
911	1.41581	128	260	#
912	1.41581	129	260	#
913	1.41581	130	260	#
914	1.41581	131	260	#
915	1.41581	132	260	#
916	1.41581	133	260	#
917	1.41581	134	260	#
918	1.41581	135	260	#
919	1.41581	136	260	#
920	1.41581	137	260	#
921	1.41581	138	260	#
922	1.41581	139	260	#
923	1.41581	140	260	#
924	1.41581	141	260	#
925	1.41581	142	260	#
926	1.41581	143	260	#
927	1.41581	144	260	#
928	1.41581	145	260	#
929	1.41581	146	260	#
930	1.41581	147	260	#
931	1.41581	148	260	#
932	1.41581	149	260	#
933	1.41581	150	260	#
934	1.41581	151	260	#
935	1.41581	152	260	#
936	1.41581	153	260	#
937	1.41581	154	260	#
938	1.41581	155	260	#
939	1.41581	156	260	#
940	1.41581	157	260	#
941	1.41581	158	260	#
942	1.41581	159	260	#
943	1.41581	160	260	#
944	1.41581	161	260	#
945	1.41581	162	260	#
946	1.41581	163	260	#
947	1.41581	164	260	#
948	1.41581	165	260	#
949	1.41581	166	260	#
950	1.41581	167	260	#
951	1.41581	168	260	#
952	1.41581	169	260	#
953	1.41581	170	260	#
954	1.41581	171	260	#
955	1.41581	172	260	#
956	1.41581	173	260	#
957	1.41581	174	260	#
958	1.41581	175	260	#
959	1.41581	176	260	#
960	1.41581	177	260	#
961	1.41581	178	260	#
962	1.41581	179	260	#
963	1.41581	180	260	#
964	1.41581	181	260	#
965	1.685	0	1	261	#
966	1.685	1	2	261	#
967	1.685	2	3	261	#
968	1.685	3	4	261	#
969	1.685	4	5	261	#
970	1.685	5	6	261	#
971	1.685	6	7	261	#
972	1.685	7	8	261	#
973	1.685	8	9	261	#
974	1.685	9	10	261	#
975	1.685	10	11	261	#
976	1.685	11	12	261	#
977	1.685	12	13	261	#
978	1.685	13	14	261	#
979	1.685	14	15	261	#
980	1.685	15	16	261	#
981	1.685	16	17	261	#
982	1.685	17	18	261	#
983	1.685	18	19	261	#
984	1.685	19	20	261	#
985	1.685	20	21	261	#
986	1.685	21	22	261	#
987	1.685	22	23	261	#
988	1.685	23	24	261	#
989	1.685	24	25	261	#
990	1.685	25	26	261	#
991	1.685	26	27	261	#
992	1.685	27	28	261	#
993	1.685	28	29	261	#
994	1.685	29	30	261	#
995	1.685	30	31	261	#
996	1.685	31	32	261	#
997	1.685	32	33	261	#
998	1.685	33	34	261	#
999	1.685	34	35	261	#
1000	1.685	35	36	261	#
1001	1.685	36	37	261	#
1002	1.685	37	38	261	#
1003	1.685	38	39	261	#
1004	1.685	39	40	261	#
1005	1.685	40	41	261	#
1006	1.685	41	42	261	#
1007	1.685	42	43	261	#
1008	1.685	43	44	261	#
1009	1.685	44	45	261	#
1010	1.685	45	46	261	#
1011	1.685	46	47	261	#
1012	1.685	47	48	261	#
1013	1.685	48	49	261	#
1014	1.685	49	50	261	#
1015	1.685	50	51	261	#
1016	1.685	51	52	261	#
1017	1.685	52	53	261	#
1018	1.685	53	54	261	#
1019	1.685	54	55	261	#
1020	1.685	55	56	261	#
1021	1.685	56	57	261	#
1022	1.685	57	58	261	#
1023	1.685	58	59	261	#
1024	1.685	59	60	261	#
1025	1.685	60	61	261	#
1026	1.685	61	62	261	#
1027	1.685	62	63	261	#
1028	1.685	63	64	261	#
1029	1.685	64	65	261	#
1030	1.685	65	66	261	#
1031	1.685	66	67	261	#
1032	1.685	67	68	261	#
1033	1.685	68	69	261	#
1034	1.685	69	70	261	#
1035	1.685	70	71	261	#
1036	1.685	71	72	261	#
1037	1.685	72	73	261	#
1038	1.685	73	74	261	#
1039	1.685	74	75	261	#
1040	1.685	75	76	261	#
1041	1.685	76	77	261	#
