%% File generated by CATS v.2.1Thu May  9 13:09:15 2024

%% The CATS webpage is http://robotics.stanford.edu/CATS

%% PARAMETER SETTINGS:
% Goods: 256; Bids: 1000; Distribution: scheduling; Runs: 1; Seed: 94
% Scheduling Distribution Parameters:
% max_length                = 10
% deviation                 = 0.500000
% prob_additional_deadline  = 0.700000
% additivity                = 0.200000



goods 256
bids 1089
dummy 5

0	12.2501	0	1	2	3	4	5	6	7	256	#
1	12.2501	1	2	3	4	5	6	7	8	256	#
2	12.2501	2	3	4	5	6	7	8	9	256	#
3	12.2501	3	4	5	6	7	8	9	10	256	#
4	12.2501	4	5	6	7	8	9	10	11	256	#
5	12.2501	5	6	7	8	9	10	11	12	256	#
6	12.2501	6	7	8	9	10	11	12	13	256	#
7	12.2501	7	8	9	10	11	12	13	14	256	#
8	12.2501	8	9	10	11	12	13	14	15	256	#
9	12.2501	9	10	11	12	13	14	15	16	256	#
10	12.2501	10	11	12	13	14	15	16	17	256	#
11	12.2501	11	12	13	14	15	16	17	18	256	#
12	12.2501	12	13	14	15	16	17	18	19	256	#
13	12.2501	13	14	15	16	17	18	19	20	256	#
14	12.2501	14	15	16	17	18	19	20	21	256	#
15	12.2501	15	16	17	18	19	20	21	22	256	#
16	12.2501	16	17	18	19	20	21	22	23	256	#
17	12.2501	17	18	19	20	21	22	23	24	256	#
18	12.2501	18	19	20	21	22	23	24	25	256	#
19	12.2501	19	20	21	22	23	24	25	26	256	#
20	12.2501	20	21	22	23	24	25	26	27	256	#
21	12.2501	21	22	23	24	25	26	27	28	256	#
22	12.2501	22	23	24	25	26	27	28	29	256	#
23	12.2501	23	24	25	26	27	28	29	30	256	#
24	12.2501	24	25	26	27	28	29	30	31	256	#
25	12.2501	25	26	27	28	29	30	31	32	256	#
26	12.2501	26	27	28	29	30	31	32	33	256	#
27	12.2501	27	28	29	30	31	32	33	34	256	#
28	12.2501	28	29	30	31	32	33	34	35	256	#
29	12.2501	29	30	31	32	33	34	35	36	256	#
30	12.2501	30	31	32	33	34	35	36	37	256	#
31	12.2501	31	32	33	34	35	36	37	38	256	#
32	12.2501	32	33	34	35	36	37	38	39	256	#
33	12.2501	33	34	35	36	37	38	39	40	256	#
34	12.2501	34	35	36	37	38	39	40	41	256	#
35	12.2501	35	36	37	38	39	40	41	42	256	#
36	12.2501	36	37	38	39	40	41	42	43	256	#
37	12.2501	37	38	39	40	41	42	43	44	256	#
38	12.2501	38	39	40	41	42	43	44	45	256	#
39	12.2501	39	40	41	42	43	44	45	46	256	#
40	12.2501	40	41	42	43	44	45	46	47	256	#
41	12.2501	41	42	43	44	45	46	47	48	256	#
42	12.2501	42	43	44	45	46	47	48	49	256	#
43	12.2501	43	44	45	46	47	48	49	50	256	#
44	12.2501	44	45	46	47	48	49	50	51	256	#
45	12.2501	45	46	47	48	49	50	51	52	256	#
46	12.2501	46	47	48	49	50	51	52	53	256	#
47	12.2501	47	48	49	50	51	52	53	54	256	#
48	12.2501	48	49	50	51	52	53	54	55	256	#
49	12.2501	49	50	51	52	53	54	55	56	256	#
50	12.2501	50	51	52	53	54	55	56	57	256	#
51	12.2501	51	52	53	54	55	56	57	58	256	#
52	12.2501	52	53	54	55	56	57	58	59	256	#
53	12.2501	53	54	55	56	57	58	59	60	256	#
54	12.2501	54	55	56	57	58	59	60	61	256	#
55	12.2501	55	56	57	58	59	60	61	62	256	#
56	12.2501	56	57	58	59	60	61	62	63	256	#
57	12.2501	57	58	59	60	61	62	63	64	256	#
58	12.2501	58	59	60	61	62	63	64	65	256	#
59	12.2501	59	60	61	62	63	64	65	66	256	#
60	12.2501	60	61	62	63	64	65	66	67	256	#
61	12.2501	61	62	63	64	65	66	67	68	256	#
62	12.2501	62	63	64	65	66	67	68	69	256	#
63	12.2501	63	64	65	66	67	68	69	70	256	#
64	12.2501	64	65	66	67	68	69	70	71	256	#
65	12.2501	65	66	67	68	69	70	71	72	256	#
66	12.2501	66	67	68	69	70	71	72	73	256	#
67	12.2501	67	68	69	70	71	72	73	74	256	#
68	12.2501	68	69	70	71	72	73	74	75	256	#
69	12.2501	69	70	71	72	73	74	75	76	256	#
70	12.2501	70	71	72	73	74	75	76	77	256	#
71	12.2501	71	72	73	74	75	76	77	78	256	#
72	12.2501	72	73	74	75	76	77	78	79	256	#
73	12.2501	73	74	75	76	77	78	79	80	256	#
74	12.2501	74	75	76	77	78	79	80	81	256	#
75	12.2501	75	76	77	78	79	80	81	82	256	#
76	12.2501	76	77	78	79	80	81	82	83	256	#
77	12.2501	77	78	79	80	81	82	83	84	256	#
78	12.2501	78	79	80	81	82	83	84	85	256	#
79	12.2501	79	80	81	82	83	84	85	86	256	#
80	12.2501	80	81	82	83	84	85	86	87	256	#
81	12.2501	81	82	83	84	85	86	87	88	256	#
82	12.2501	82	83	84	85	86	87	88	89	256	#
83	12.2501	83	84	85	86	87	88	89	90	256	#
84	12.2501	84	85	86	87	88	89	90	91	256	#
85	12.2501	85	86	87	88	89	90	91	92	256	#
86	7.88117	86	87	88	89	90	91	92	93	256	#
87	7.88117	87	88	89	90	91	92	93	94	256	#
88	7.88117	88	89	90	91	92	93	94	95	256	#
89	7.88117	89	90	91	92	93	94	95	96	256	#
90	7.88117	90	91	92	93	94	95	96	97	256	#
91	7.88117	91	92	93	94	95	96	97	98	256	#
92	7.88117	92	93	94	95	96	97	98	99	256	#
93	7.88117	93	94	95	96	97	98	99	100	256	#
94	7.88117	94	95	96	97	98	99	100	101	256	#
95	7.88117	95	96	97	98	99	100	101	102	256	#
96	7.88117	96	97	98	99	100	101	102	103	256	#
97	7.88117	97	98	99	100	101	102	103	104	256	#
98	7.88117	98	99	100	101	102	103	104	105	256	#
99	7.88117	99	100	101	102	103	104	105	106	256	#
100	7.88117	100	101	102	103	104	105	106	107	256	#
101	7.88117	101	102	103	104	105	106	107	108	256	#
102	7.88117	102	103	104	105	106	107	108	109	256	#
103	7.88117	103	104	105	106	107	108	109	110	256	#
104	7.88117	104	105	106	107	108	109	110	111	256	#
105	7.88117	105	106	107	108	109	110	111	112	256	#
106	7.88117	106	107	108	109	110	111	112	113	256	#
107	7.88117	107	108	109	110	111	112	113	114	256	#
108	7.88117	108	109	110	111	112	113	114	115	256	#
109	7.88117	109	110	111	112	113	114	115	116	256	#
110	7.88117	110	111	112	113	114	115	116	117	256	#
111	7.88117	111	112	113	114	115	116	117	118	256	#
112	7.88117	112	113	114	115	116	117	118	119	256	#
113	7.88117	113	114	115	116	117	118	119	120	256	#
114	7.88117	114	115	116	117	118	119	120	121	256	#
115	7.88117	115	116	117	118	119	120	121	122	256	#
116	7.88117	116	117	118	119	120	121	122	123	256	#
117	7.88117	117	118	119	120	121	122	123	124	256	#
118	7.88117	118	119	120	121	122	123	124	125	256	#
119	7.88117	119	120	121	122	123	124	125	126	256	#
120	7.88117	120	121	122	123	124	125	126	127	256	#
121	7.88117	121	122	123	124	125	126	127	128	256	#
122	7.88117	122	123	124	125	126	127	128	129	256	#
123	7.88117	123	124	125	126	127	128	129	130	256	#
124	7.88117	124	125	126	127	128	129	130	131	256	#
125	7.88117	125	126	127	128	129	130	131	132	256	#
126	7.88117	126	127	128	129	130	131	132	133	256	#
127	7.88117	127	128	129	130	131	132	133	134	256	#
128	7.88117	128	129	130	131	132	133	134	135	256	#
129	7.88117	129	130	131	132	133	134	135	136	256	#
130	7.88117	130	131	132	133	134	135	136	137	256	#
131	7.88117	131	132	133	134	135	136	137	138	256	#
132	7.88117	132	133	134	135	136	137	138	139	256	#
133	7.88117	133	134	135	136	137	138	139	140	256	#
134	7.88117	134	135	136	137	138	139	140	141	256	#
135	7.88117	135	136	137	138	139	140	141	142	256	#
136	7.88117	136	137	138	139	140	141	142	143	256	#
137	4.83694	137	138	139	140	141	142	143	144	256	#
138	4.83694	138	139	140	141	142	143	144	145	256	#
139	4.83694	139	140	141	142	143	144	145	146	256	#
140	4.83694	140	141	142	143	144	145	146	147	256	#
141	4.83694	141	142	143	144	145	146	147	148	256	#
142	4.83694	142	143	144	145	146	147	148	149	256	#
143	4.83694	143	144	145	146	147	148	149	150	256	#
144	4.83694	144	145	146	147	148	149	150	151	256	#
145	4.83694	145	146	147	148	149	150	151	152	256	#
146	4.83694	146	147	148	149	150	151	152	153	256	#
147	4.83694	147	148	149	150	151	152	153	154	256	#
148	4.83694	148	149	150	151	152	153	154	155	256	#
149	4.83694	149	150	151	152	153	154	155	156	256	#
150	4.83694	150	151	152	153	154	155	156	157	256	#
151	4.83694	151	152	153	154	155	156	157	158	256	#
152	4.83694	152	153	154	155	156	157	158	159	256	#
153	4.83694	153	154	155	156	157	158	159	160	256	#
154	4.83694	154	155	156	157	158	159	160	161	256	#
155	4.83694	155	156	157	158	159	160	161	162	256	#
156	4.83694	156	157	158	159	160	161	162	163	256	#
157	4.83694	157	158	159	160	161	162	163	164	256	#
158	4.83694	158	159	160	161	162	163	164	165	256	#
159	4.83694	159	160	161	162	163	164	165	166	256	#
160	4.83694	160	161	162	163	164	165	166	167	256	#
161	4.83694	161	162	163	164	165	166	167	168	256	#
162	4.83694	162	163	164	165	166	167	168	169	256	#
163	4.83694	163	164	165	166	167	168	169	170	256	#
164	4.83694	164	165	166	167	168	169	170	171	256	#
165	4.83694	165	166	167	168	169	170	171	172	256	#
166	4.83694	166	167	168	169	170	171	172	173	256	#
167	4.83694	167	168	169	170	171	172	173	174	256	#
168	4.83694	168	169	170	171	172	173	174	175	256	#
169	4.83694	169	170	171	172	173	174	175	176	256	#
170	4.83694	170	171	172	173	174	175	176	177	256	#
171	4.83694	171	172	173	174	175	176	177	178	256	#
172	4.83694	172	173	174	175	176	177	178	179	256	#
173	4.83694	173	174	175	176	177	178	179	180	256	#
174	4.83694	174	175	176	177	178	179	180	181	256	#
175	4.83694	175	176	177	178	179	180	181	182	256	#
176	4.83694	176	177	178	179	180	181	182	183	256	#
177	4.83694	177	178	179	180	181	182	183	184	256	#
178	4.83694	178	179	180	181	182	183	184	185	256	#
179	4.83694	179	180	181	182	183	184	185	186	256	#
180	4.83694	180	181	182	183	184	185	186	187	256	#
181	4.83694	181	182	183	184	185	186	187	188	256	#
182	4.83694	182	183	184	185	186	187	188	189	256	#
183	4.83694	183	184	185	186	187	188	189	190	256	#
184	4.83694	184	185	186	187	188	189	190	191	256	#
185	4.83694	185	186	187	188	189	190	191	192	256	#
186	4.83694	186	187	188	189	190	191	192	193	256	#
187	4.83694	187	188	189	190	191	192	193	194	256	#
188	4.83694	188	189	190	191	192	193	194	195	256	#
189	4.83694	189	190	191	192	193	194	195	196	256	#
190	4.83694	190	191	192	193	194	195	196	197	256	#
191	4.83694	191	192	193	194	195	196	197	198	256	#
192	4.83694	192	193	194	195	196	197	198	199	256	#
193	4.83694	193	194	195	196	197	198	199	200	256	#
194	4.83694	194	195	196	197	198	199	200	201	256	#
195	4.83694	195	196	197	198	199	200	201	202	256	#
196	4.83694	196	197	198	199	200	201	202	203	256	#
197	4.83694	197	198	199	200	201	202	203	204	256	#
198	4.83694	198	199	200	201	202	203	204	205	256	#
199	4.83694	199	200	201	202	203	204	205	206	256	#
200	4.83694	200	201	202	203	204	205	206	207	256	#
201	4.83694	201	202	203	204	205	206	207	208	256	#
202	4.83694	202	203	204	205	206	207	208	209	256	#
203	4.83694	203	204	205	206	207	208	209	210	256	#
204	4.83694	204	205	206	207	208	209	210	211	256	#
205	4.83694	205	206	207	208	209	210	211	212	256	#
206	4.83694	206	207	208	209	210	211	212	213	256	#
207	4.83694	207	208	209	210	211	212	213	214	256	#
208	4.83694	208	209	210	211	212	213	214	215	256	#
209	4.83694	209	210	211	212	213	214	215	216	256	#
210	4.83694	210	211	212	213	214	215	216	217	256	#
211	4.83694	211	212	213	214	215	216	217	218	256	#
212	4.83694	212	213	214	215	216	217	218	219	256	#
213	4.83694	213	214	215	216	217	218	219	220	256	#
214	4.83694	214	215	216	217	218	219	220	221	256	#
215	4.83694	215	216	217	218	219	220	221	222	256	#
216	4.83694	216	217	218	219	220	221	222	223	256	#
217	4.83694	217	218	219	220	221	222	223	224	256	#
218	4.83694	218	219	220	221	222	223	224	225	256	#
219	4.83694	219	220	221	222	223	224	225	226	256	#
220	4.83694	220	221	222	223	224	225	226	227	256	#
221	4.83694	221	222	223	224	225	226	227	228	256	#
222	4.83694	222	223	224	225	226	227	228	229	256	#
223	4.83694	223	224	225	226	227	228	229	230	256	#
224	4.83694	224	225	226	227	228	229	230	231	256	#
225	4.83694	225	226	227	228	229	230	231	232	256	#
226	4.83694	226	227	228	229	230	231	232	233	256	#
227	4.79577	227	228	229	230	231	232	233	234	256	#
228	4.79577	228	229	230	231	232	233	234	235	256	#
229	4.41964	229	230	231	232	233	234	235	236	256	#
230	4.41964	230	231	232	233	234	235	236	237	256	#
231	4.41964	231	232	233	234	235	236	237	238	256	#
232	4.41964	232	233	234	235	236	237	238	239	256	#
233	4.41964	233	234	235	236	237	238	239	240	256	#
234	4.41964	234	235	236	237	238	239	240	241	256	#
235	4.41964	235	236	237	238	239	240	241	242	256	#
236	4.41964	236	237	238	239	240	241	242	243	256	#
237	4.41964	237	238	239	240	241	242	243	244	256	#
238	4.41964	238	239	240	241	242	243	244	245	256	#
239	4.41964	239	240	241	242	243	244	245	246	256	#
240	4.41964	240	241	242	243	244	245	246	247	256	#
241	4.41964	241	242	243	244	245	246	247	248	256	#
242	4.41964	242	243	244	245	246	247	248	249	256	#
243	4.41964	243	244	245	246	247	248	249	250	256	#
244	4.41964	244	245	246	247	248	249	250	251	256	#
245	4.41964	245	246	247	248	249	250	251	252	256	#
246	4.41964	246	247	248	249	250	251	252	253	256	#
247	4.41964	247	248	249	250	251	252	253	254	256	#
248	4.41964	248	249	250	251	252	253	254	255	256	#
249	9.18212	0	1	2	3	4	257	#
250	9.18212	1	2	3	4	5	257	#
251	9.18212	2	3	4	5	6	257	#
252	9.18212	3	4	5	6	7	257	#
253	9.18212	4	5	6	7	8	257	#
254	9.18212	5	6	7	8	9	257	#
255	9.18212	6	7	8	9	10	257	#
256	9.18212	7	8	9	10	11	257	#
257	9.18212	8	9	10	11	12	257	#
258	9.18212	9	10	11	12	13	257	#
259	9.18212	10	11	12	13	14	257	#
260	9.18212	11	12	13	14	15	257	#
261	9.18212	12	13	14	15	16	257	#
262	9.18212	13	14	15	16	17	257	#
263	9.18212	14	15	16	17	18	257	#
264	9.18212	15	16	17	18	19	257	#
265	9.18212	16	17	18	19	20	257	#
266	9.18212	17	18	19	20	21	257	#
267	9.18212	18	19	20	21	22	257	#
268	9.18212	19	20	21	22	23	257	#
269	9.18212	20	21	22	23	24	257	#
270	9.18212	21	22	23	24	25	257	#
271	9.18212	22	23	24	25	26	257	#
272	9.18212	23	24	25	26	27	257	#
273	9.18212	24	25	26	27	28	257	#
274	9.18212	25	26	27	28	29	257	#
275	9.18212	26	27	28	29	30	257	#
276	9.18212	27	28	29	30	31	257	#
277	9.18212	28	29	30	31	32	257	#
278	9.18212	29	30	31	32	33	257	#
279	9.18212	30	31	32	33	34	257	#
280	9.18212	31	32	33	34	35	257	#
281	9.18212	32	33	34	35	36	257	#
282	9.18212	33	34	35	36	37	257	#
283	9.18212	34	35	36	37	38	257	#
284	9.18212	35	36	37	38	39	257	#
285	9.18212	36	37	38	39	40	257	#
286	9.18212	37	38	39	40	41	257	#
287	9.18212	38	39	40	41	42	257	#
288	9.18212	39	40	41	42	43	257	#
289	9.18212	40	41	42	43	44	257	#
290	9.18212	41	42	43	44	45	257	#
291	9.18212	42	43	44	45	46	257	#
292	9.18212	43	44	45	46	47	257	#
293	9.18212	44	45	46	47	48	257	#
294	9.18212	45	46	47	48	49	257	#
295	9.18212	46	47	48	49	50	257	#
296	9.18212	47	48	49	50	51	257	#
297	9.18212	48	49	50	51	52	257	#
298	9.18212	49	50	51	52	53	257	#
299	9.18212	50	51	52	53	54	257	#
300	9.18212	51	52	53	54	55	257	#
301	9.18212	52	53	54	55	56	257	#
302	9.18212	53	54	55	56	57	257	#
303	9.18212	54	55	56	57	58	257	#
304	9.18212	55	56	57	58	59	257	#
305	9.18212	56	57	58	59	60	257	#
306	9.18212	57	58	59	60	61	257	#
307	9.18212	58	59	60	61	62	257	#
308	9.18212	59	60	61	62	63	257	#
309	9.18212	60	61	62	63	64	257	#
310	9.18212	61	62	63	64	65	257	#
311	9.18212	62	63	64	65	66	257	#
312	9.18212	63	64	65	66	67	257	#
313	9.18212	64	65	66	67	68	257	#
314	9.18212	65	66	67	68	69	257	#
315	9.18212	66	67	68	69	70	257	#
316	9.18212	67	68	69	70	71	257	#
317	9.18212	68	69	70	71	72	257	#
318	9.18212	69	70	71	72	73	257	#
319	9.18212	70	71	72	73	74	257	#
320	9.18212	71	72	73	74	75	257	#
321	9.18212	72	73	74	75	76	257	#
322	9.18212	73	74	75	76	77	257	#
323	9.18212	74	75	76	77	78	257	#
324	9.18212	75	76	77	78	79	257	#
325	9.18212	76	77	78	79	80	257	#
326	9.18212	77	78	79	80	81	257	#
327	9.18212	78	79	80	81	82	257	#
328	9.18212	79	80	81	82	83	257	#
329	9.18212	80	81	82	83	84	257	#
330	9.18212	81	82	83	84	85	257	#
331	9.18212	82	83	84	85	86	257	#
332	9.18212	83	84	85	86	87	257	#
333	9.18212	84	85	86	87	88	257	#
334	9.18212	85	86	87	88	89	257	#
335	9.18212	86	87	88	89	90	257	#
336	9.18212	87	88	89	90	91	257	#
337	9.18212	88	89	90	91	92	257	#
338	9.18212	89	90	91	92	93	257	#
339	9.18212	90	91	92	93	94	257	#
340	9.18212	91	92	93	94	95	257	#
341	9.18212	92	93	94	95	96	257	#
342	9.18212	93	94	95	96	97	257	#
343	9.18212	94	95	96	97	98	257	#
344	9.18212	95	96	97	98	99	257	#
345	9.18212	96	97	98	99	100	257	#
346	9.18212	97	98	99	100	101	257	#
347	9.18212	98	99	100	101	102	257	#
348	9.18212	99	100	101	102	103	257	#
349	9.18212	100	101	102	103	104	257	#
350	9.18212	101	102	103	104	105	257	#
351	9.18212	102	103	104	105	106	257	#
352	9.18212	103	104	105	106	107	257	#
353	9.18212	104	105	106	107	108	257	#
354	9.18212	105	106	107	108	109	257	#
355	9.18212	106	107	108	109	110	257	#
356	9.18212	107	108	109	110	111	257	#
357	9.18212	108	109	110	111	112	257	#
358	9.18212	109	110	111	112	113	257	#
359	9.18212	110	111	112	113	114	257	#
360	9.18212	111	112	113	114	115	257	#
361	9.18212	112	113	114	115	116	257	#
362	9.18212	113	114	115	116	117	257	#
363	9.18212	114	115	116	117	118	257	#
364	9.18212	115	116	117	118	119	257	#
365	9.18212	116	117	118	119	120	257	#
366	9.18212	117	118	119	120	121	257	#
367	9.18212	118	119	120	121	122	257	#
368	9.18212	119	120	121	122	123	257	#
369	9.18212	120	121	122	123	124	257	#
370	9.18212	121	122	123	124	125	257	#
371	9.18212	122	123	124	125	126	257	#
372	5.14199	123	124	125	126	127	257	#
373	5.14199	124	125	126	127	128	257	#
374	5.14199	125	126	127	128	129	257	#
375	5.14199	126	127	128	129	130	257	#
376	5.14199	127	128	129	130	131	257	#
377	5.14199	128	129	130	131	132	257	#
378	5.14199	129	130	131	132	133	257	#
379	5.14199	130	131	132	133	134	257	#
380	5.14199	131	132	133	134	135	257	#
381	5.14199	132	133	134	135	136	257	#
382	5.14199	133	134	135	136	137	257	#
383	5.14199	134	135	136	137	138	257	#
384	5.14199	135	136	137	138	139	257	#
385	5.14199	136	137	138	139	140	257	#
386	5.14199	137	138	139	140	141	257	#
387	5.14199	138	139	140	141	142	257	#
388	5.14199	139	140	141	142	143	257	#
389	5.14199	140	141	142	143	144	257	#
390	5.14199	141	142	143	144	145	257	#
391	5.14199	142	143	144	145	146	257	#
392	5.14199	143	144	145	146	147	257	#
393	5.14199	144	145	146	147	148	257	#
394	5.14199	145	146	147	148	149	257	#
395	5.14199	146	147	148	149	150	257	#
396	5.14199	147	148	149	150	151	257	#
397	5.14199	148	149	150	151	152	257	#
398	5.14199	149	150	151	152	153	257	#
399	5.14199	150	151	152	153	154	257	#
400	5.14199	151	152	153	154	155	257	#
401	5.14199	152	153	154	155	156	257	#
402	5.14199	153	154	155	156	157	257	#
403	5.14199	154	155	156	157	158	257	#
404	5.14199	155	156	157	158	159	257	#
405	5.14199	156	157	158	159	160	257	#
406	5.14199	157	158	159	160	161	257	#
407	5.14199	158	159	160	161	162	257	#
408	5.14199	159	160	161	162	163	257	#
409	5.14199	160	161	162	163	164	257	#
410	5.14199	161	162	163	164	165	257	#
411	5.14199	162	163	164	165	166	257	#
412	5.14199	163	164	165	166	167	257	#
413	5.14199	164	165	166	167	168	257	#
414	5.14199	165	166	167	168	169	257	#
415	5.14199	166	167	168	169	170	257	#
416	5.14199	167	168	169	170	171	257	#
417	5.14199	168	169	170	171	172	257	#
418	5.14199	169	170	171	172	173	257	#
419	5.14199	170	171	172	173	174	257	#
420	5.14199	171	172	173	174	175	257	#
421	5.14199	172	173	174	175	176	257	#
422	5.14199	173	174	175	176	177	257	#
423	5.14199	174	175	176	177	178	257	#
424	5.14199	175	176	177	178	179	257	#
425	5.14199	176	177	178	179	180	257	#
426	5.14199	177	178	179	180	181	257	#
427	5.14199	178	179	180	181	182	257	#
428	5.14199	179	180	181	182	183	257	#
429	5.14199	180	181	182	183	184	257	#
430	5.14199	181	182	183	184	185	257	#
431	5.14199	182	183	184	185	186	257	#
432	5.14199	183	184	185	186	187	257	#
433	5.14199	184	185	186	187	188	257	#
434	5.14199	185	186	187	188	189	257	#
435	5.14199	186	187	188	189	190	257	#
436	5.14199	187	188	189	190	191	257	#
437	5.14199	188	189	190	191	192	257	#
438	5.14199	189	190	191	192	193	257	#
439	5.14199	190	191	192	193	194	257	#
440	5.14199	191	192	193	194	195	257	#
441	5.14199	192	193	194	195	196	257	#
442	5.14199	193	194	195	196	197	257	#
443	5.14199	194	195	196	197	198	257	#
444	5.14199	195	196	197	198	199	257	#
445	5.14199	196	197	198	199	200	257	#
446	5.14199	197	198	199	200	201	257	#
447	5.14199	198	199	200	201	202	257	#
448	5.14199	199	200	201	202	203	257	#
449	5.14199	200	201	202	203	204	257	#
450	5.14199	201	202	203	204	205	257	#
451	5.14199	202	203	204	205	206	257	#
452	5.14199	203	204	205	206	207	257	#
453	5.14199	204	205	206	207	208	257	#
454	5.14199	205	206	207	208	209	257	#
455	5.14199	206	207	208	209	210	257	#
456	5.14199	207	208	209	210	211	257	#
457	5.14199	208	209	210	211	212	257	#
458	5.14199	209	210	211	212	213	257	#
459	5.14199	210	211	212	213	214	257	#
460	5.14199	211	212	213	214	215	257	#
461	5.14199	212	213	214	215	216	257	#
462	5.14199	213	214	215	216	217	257	#
463	5.14199	214	215	216	217	218	257	#
464	5.14199	215	216	217	218	219	257	#
465	5.14199	216	217	218	219	220	257	#
466	5.14199	217	218	219	220	221	257	#
467	5.14199	218	219	220	221	222	257	#
468	5.14199	219	220	221	222	223	257	#
469	5.14199	220	221	222	223	224	257	#
470	5.14199	221	222	223	224	225	257	#
471	9.22069	0	1	2	3	4	5	6	7	8	9	258	#
472	9.22069	1	2	3	4	5	6	7	8	9	10	258	#
473	9.22069	2	3	4	5	6	7	8	9	10	11	258	#
474	9.22069	3	4	5	6	7	8	9	10	11	12	258	#
475	9.22069	4	5	6	7	8	9	10	11	12	13	258	#
476	9.22069	5	6	7	8	9	10	11	12	13	14	258	#
477	9.22069	6	7	8	9	10	11	12	13	14	15	258	#
478	9.22069	7	8	9	10	11	12	13	14	15	16	258	#
479	9.22069	8	9	10	11	12	13	14	15	16	17	258	#
480	9.22069	9	10	11	12	13	14	15	16	17	18	258	#
481	9.22069	10	11	12	13	14	15	16	17	18	19	258	#
482	9.22069	11	12	13	14	15	16	17	18	19	20	258	#
483	9.22069	12	13	14	15	16	17	18	19	20	21	258	#
484	9.22069	13	14	15	16	17	18	19	20	21	22	258	#
485	9.22069	14	15	16	17	18	19	20	21	22	23	258	#
486	9.22069	15	16	17	18	19	20	21	22	23	24	258	#
487	9.22069	16	17	18	19	20	21	22	23	24	25	258	#
488	9.22069	17	18	19	20	21	22	23	24	25	26	258	#
489	9.22069	18	19	20	21	22	23	24	25	26	27	258	#
490	9.22069	19	20	21	22	23	24	25	26	27	28	258	#
491	9.22069	20	21	22	23	24	25	26	27	28	29	258	#
492	9.22069	21	22	23	24	25	26	27	28	29	30	258	#
493	9.22069	22	23	24	25	26	27	28	29	30	31	258	#
494	9.22069	23	24	25	26	27	28	29	30	31	32	258	#
495	9.22069	24	25	26	27	28	29	30	31	32	33	258	#
496	9.22069	25	26	27	28	29	30	31	32	33	34	258	#
497	9.22069	26	27	28	29	30	31	32	33	34	35	258	#
498	9.22069	27	28	29	30	31	32	33	34	35	36	258	#
499	9.22069	28	29	30	31	32	33	34	35	36	37	258	#
500	9.22069	29	30	31	32	33	34	35	36	37	38	258	#
501	9.22069	30	31	32	33	34	35	36	37	38	39	258	#
502	9.22069	31	32	33	34	35	36	37	38	39	40	258	#
503	9.22069	32	33	34	35	36	37	38	39	40	41	258	#
504	9.22069	33	34	35	36	37	38	39	40	41	42	258	#
505	9.22069	34	35	36	37	38	39	40	41	42	43	258	#
506	9.22069	35	36	37	38	39	40	41	42	43	44	258	#
507	9.22069	36	37	38	39	40	41	42	43	44	45	258	#
508	9.22069	37	38	39	40	41	42	43	44	45	46	258	#
509	9.22069	38	39	40	41	42	43	44	45	46	47	258	#
510	9.22069	39	40	41	42	43	44	45	46	47	48	258	#
511	9.22069	40	41	42	43	44	45	46	47	48	49	258	#
512	9.22069	41	42	43	44	45	46	47	48	49	50	258	#
513	9.22069	42	43	44	45	46	47	48	49	50	51	258	#
514	9.22069	43	44	45	46	47	48	49	50	51	52	258	#
515	9.22069	44	45	46	47	48	49	50	51	52	53	258	#
516	9.22069	45	46	47	48	49	50	51	52	53	54	258	#
517	9.22069	46	47	48	49	50	51	52	53	54	55	258	#
518	9.22069	47	48	49	50	51	52	53	54	55	56	258	#
519	9.22069	48	49	50	51	52	53	54	55	56	57	258	#
520	9.22069	49	50	51	52	53	54	55	56	57	58	258	#
521	9.22069	50	51	52	53	54	55	56	57	58	59	258	#
522	9.22069	51	52	53	54	55	56	57	58	59	60	258	#
523	9.22069	52	53	54	55	56	57	58	59	60	61	258	#
524	9.22069	53	54	55	56	57	58	59	60	61	62	258	#
525	9.22069	54	55	56	57	58	59	60	61	62	63	258	#
526	9.22069	55	56	57	58	59	60	61	62	63	64	258	#
527	9.22069	56	57	58	59	60	61	62	63	64	65	258	#
528	9.22069	57	58	59	60	61	62	63	64	65	66	258	#
529	9.22069	58	59	60	61	62	63	64	65	66	67	258	#
530	9.22069	59	60	61	62	63	64	65	66	67	68	258	#
531	9.22069	60	61	62	63	64	65	66	67	68	69	258	#
532	9.22069	61	62	63	64	65	66	67	68	69	70	258	#
533	9.22069	62	63	64	65	66	67	68	69	70	71	258	#
534	9.22069	63	64	65	66	67	68	69	70	71	72	258	#
535	9.22069	64	65	66	67	68	69	70	71	72	73	258	#
536	9.22069	65	66	67	68	69	70	71	72	73	74	258	#
537	9.22069	66	67	68	69	70	71	72	73	74	75	258	#
538	9.22069	67	68	69	70	71	72	73	74	75	76	258	#
539	9.22069	68	69	70	71	72	73	74	75	76	77	258	#
540	9.22069	69	70	71	72	73	74	75	76	77	78	258	#
541	9.22069	70	71	72	73	74	75	76	77	78	79	258	#
542	9.22069	71	72	73	74	75	76	77	78	79	80	258	#
543	9.22069	72	73	74	75	76	77	78	79	80	81	258	#
544	9.22069	73	74	75	76	77	78	79	80	81	82	258	#
545	9.22069	74	75	76	77	78	79	80	81	82	83	258	#
546	9.22069	75	76	77	78	79	80	81	82	83	84	258	#
547	9.22069	76	77	78	79	80	81	82	83	84	85	258	#
548	9.22069	77	78	79	80	81	82	83	84	85	86	258	#
549	9.22069	78	79	80	81	82	83	84	85	86	87	258	#
550	9.22069	79	80	81	82	83	84	85	86	87	88	258	#
551	9.22069	80	81	82	83	84	85	86	87	88	89	258	#
552	9.22069	81	82	83	84	85	86	87	88	89	90	258	#
553	9.22069	82	83	84	85	86	87	88	89	90	91	258	#
554	9.22069	83	84	85	86	87	88	89	90	91	92	258	#
555	9.22069	84	85	86	87	88	89	90	91	92	93	258	#
556	9.22069	85	86	87	88	89	90	91	92	93	94	258	#
557	9.22069	86	87	88	89	90	91	92	93	94	95	258	#
558	9.22069	87	88	89	90	91	92	93	94	95	96	258	#
559	9.22069	88	89	90	91	92	93	94	95	96	97	258	#
560	9.22069	89	90	91	92	93	94	95	96	97	98	258	#
561	9.22069	90	91	92	93	94	95	96	97	98	99	258	#
562	9.22069	91	92	93	94	95	96	97	98	99	100	258	#
563	9.22069	92	93	94	95	96	97	98	99	100	101	258	#
564	9.22069	93	94	95	96	97	98	99	100	101	102	258	#
565	9.22069	94	95	96	97	98	99	100	101	102	103	258	#
566	9.22069	95	96	97	98	99	100	101	102	103	104	258	#
567	9.22069	96	97	98	99	100	101	102	103	104	105	258	#
568	9.22069	97	98	99	100	101	102	103	104	105	106	258	#
569	9.22069	98	99	100	101	102	103	104	105	106	107	258	#
570	9.22069	99	100	101	102	103	104	105	106	107	108	258	#
571	9.22069	100	101	102	103	104	105	106	107	108	109	258	#
572	9.22069	101	102	103	104	105	106	107	108	109	110	258	#
573	9.22069	102	103	104	105	106	107	108	109	110	111	258	#
574	9.22069	103	104	105	106	107	108	109	110	111	112	258	#
575	9.22069	104	105	106	107	108	109	110	111	112	113	258	#
576	9.22069	105	106	107	108	109	110	111	112	113	114	258	#
577	9.22069	106	107	108	109	110	111	112	113	114	115	258	#
578	9.22069	107	108	109	110	111	112	113	114	115	116	258	#
579	9.22069	108	109	110	111	112	113	114	115	116	117	258	#
580	9.22069	109	110	111	112	113	114	115	116	117	118	258	#
581	9.22069	110	111	112	113	114	115	116	117	118	119	258	#
582	9.22069	111	112	113	114	115	116	117	118	119	120	258	#
583	9.22069	112	113	114	115	116	117	118	119	120	121	258	#
584	9.22069	113	114	115	116	117	118	119	120	121	122	258	#
585	9.22069	114	115	116	117	118	119	120	121	122	123	258	#
586	9.22069	115	116	117	118	119	120	121	122	123	124	258	#
587	9.22069	116	117	118	119	120	121	122	123	124	125	258	#
588	9.22069	117	118	119	120	121	122	123	124	125	126	258	#
589	9.22069	118	119	120	121	122	123	124	125	126	127	258	#
590	9.22069	119	120	121	122	123	124	125	126	127	128	258	#
591	9.22069	120	121	122	123	124	125	126	127	128	129	258	#
592	9.22069	121	122	123	124	125	126	127	128	129	130	258	#
593	9.22069	122	123	124	125	126	127	128	129	130	131	258	#
594	9.22069	123	124	125	126	127	128	129	130	131	132	258	#
595	9.22069	124	125	126	127	128	129	130	131	132	133	258	#
596	9.22069	125	126	127	128	129	130	131	132	133	134	258	#
597	9.22069	126	127	128	129	130	131	132	133	134	135	258	#
598	9.22069	127	128	129	130	131	132	133	134	135	136	258	#
599	9.22069	128	129	130	131	132	133	134	135	136	137	258	#
600	9.22069	129	130	131	132	133	134	135	136	137	138	258	#
601	9.22069	130	131	132	133	134	135	136	137	138	139	258	#
602	9.22069	131	132	133	134	135	136	137	138	139	140	258	#
603	9.22069	132	133	134	135	136	137	138	139	140	141	258	#
604	9.22069	133	134	135	136	137	138	139	140	141	142	258	#
605	9.22069	134	135	136	137	138	139	140	141	142	143	258	#
606	9.22069	135	136	137	138	139	140	141	142	143	144	258	#
607	9.22069	136	137	138	139	140	141	142	143	144	145	258	#
608	9.22069	137	138	139	140	141	142	143	144	145	146	258	#
609	9.22069	138	139	140	141	142	143	144	145	146	147	258	#
610	9.22069	139	140	141	142	143	144	145	146	147	148	258	#
611	9.22069	140	141	142	143	144	145	146	147	148	149	258	#
612	9.22069	141	142	143	144	145	146	147	148	149	150	258	#
613	9.22069	142	143	144	145	146	147	148	149	150	151	258	#
614	9.22069	143	144	145	146	147	148	149	150	151	152	258	#
615	9.22069	144	145	146	147	148	149	150	151	152	153	258	#
616	9.22069	145	146	147	148	149	150	151	152	153	154	258	#
617	9.22069	146	147	148	149	150	151	152	153	154	155	258	#
618	9.22069	147	148	149	150	151	152	153	154	155	156	258	#
619	9.22069	148	149	150	151	152	153	154	155	156	157	258	#
620	9.22069	149	150	151	152	153	154	155	156	157	158	258	#
621	9.22069	150	151	152	153	154	155	156	157	158	159	258	#
622	9.22069	151	152	153	154	155	156	157	158	159	160	258	#
623	9.22069	152	153	154	155	156	157	158	159	160	161	258	#
624	9.22069	153	154	155	156	157	158	159	160	161	162	258	#
625	9.22069	154	155	156	157	158	159	160	161	162	163	258	#
626	9.22069	155	156	157	158	159	160	161	162	163	164	258	#
627	9.22069	156	157	158	159	160	161	162	163	164	165	258	#
628	9.22069	157	158	159	160	161	162	163	164	165	166	258	#
629	9.22069	158	159	160	161	162	163	164	165	166	167	258	#
630	9.22069	159	160	161	162	163	164	165	166	167	168	258	#
631	9.22069	160	161	162	163	164	165	166	167	168	169	258	#
632	9.22069	161	162	163	164	165	166	167	168	169	170	258	#
633	9.22069	162	163	164	165	166	167	168	169	170	171	258	#
634	9.22069	163	164	165	166	167	168	169	170	171	172	258	#
635	9.22069	164	165	166	167	168	169	170	171	172	173	258	#
636	9.22069	165	166	167	168	169	170	171	172	173	174	258	#
637	9.22069	166	167	168	169	170	171	172	173	174	175	258	#
638	9.22069	167	168	169	170	171	172	173	174	175	176	258	#
639	9.22069	168	169	170	171	172	173	174	175	176	177	258	#
640	9.22069	169	170	171	172	173	174	175	176	177	178	258	#
641	9.22069	170	171	172	173	174	175	176	177	178	179	258	#
642	9.22069	171	172	173	174	175	176	177	178	179	180	258	#
643	9.22069	172	173	174	175	176	177	178	179	180	181	258	#
644	9.22069	173	174	175	176	177	178	179	180	181	182	258	#
645	9.22069	174	175	176	177	178	179	180	181	182	183	258	#
646	9.22069	175	176	177	178	179	180	181	182	183	184	258	#
647	9.22069	176	177	178	179	180	181	182	183	184	185	258	#
648	9.22069	177	178	179	180	181	182	183	184	185	186	258	#
649	9.22069	178	179	180	181	182	183	184	185	186	187	258	#
650	9.22069	179	180	181	182	183	184	185	186	187	188	258	#
651	9.22069	180	181	182	183	184	185	186	187	188	189	258	#
652	9.22069	181	182	183	184	185	186	187	188	189	190	258	#
653	9.22069	182	183	184	185	186	187	188	189	190	191	258	#
654	9.22069	183	184	185	186	187	188	189	190	191	192	258	#
655	9.22069	184	185	186	187	188	189	190	191	192	193	258	#
656	9.22069	185	186	187	188	189	190	191	192	193	194	258	#
657	9.22069	186	187	188	189	190	191	192	193	194	195	258	#
658	9.22069	187	188	189	190	191	192	193	194	195	196	258	#
659	9.22069	188	189	190	191	192	193	194	195	196	197	258	#
660	9.22069	189	190	191	192	193	194	195	196	197	198	258	#
661	9.22069	190	191	192	193	194	195	196	197	198	199	258	#
662	9.22069	191	192	193	194	195	196	197	198	199	200	258	#
663	9.22069	192	193	194	195	196	197	198	199	200	201	258	#
664	9.22069	193	194	195	196	197	198	199	200	201	202	258	#
665	9.22069	194	195	196	197	198	199	200	201	202	203	258	#
666	9.22069	195	196	197	198	199	200	201	202	203	204	258	#
667	9.22069	196	197	198	199	200	201	202	203	204	205	258	#
668	9.22069	197	198	199	200	201	202	203	204	205	206	258	#
669	9.22069	198	199	200	201	202	203	204	205	206	207	258	#
670	9.22069	199	200	201	202	203	204	205	206	207	208	258	#
671	9.22069	200	201	202	203	204	205	206	207	208	209	258	#
672	9.22069	201	202	203	204	205	206	207	208	209	210	258	#
673	9.22069	202	203	204	205	206	207	208	209	210	211	258	#
674	9.22069	203	204	205	206	207	208	209	210	211	212	258	#
675	9.22069	204	205	206	207	208	209	210	211	212	213	258	#
676	9.22069	205	206	207	208	209	210	211	212	213	214	258	#
677	9.22069	206	207	208	209	210	211	212	213	214	215	258	#
678	9.22069	207	208	209	210	211	212	213	214	215	216	258	#
679	13.4039	0	1	2	3	4	5	6	259	#
680	13.4039	1	2	3	4	5	6	7	259	#
681	13.4039	2	3	4	5	6	7	8	259	#
682	13.4039	3	4	5	6	7	8	9	259	#
683	13.4039	4	5	6	7	8	9	10	259	#
684	13.4039	5	6	7	8	9	10	11	259	#
685	13.4039	6	7	8	9	10	11	12	259	#
686	13.4039	7	8	9	10	11	12	13	259	#
687	13.4039	8	9	10	11	12	13	14	259	#
688	13.4039	9	10	11	12	13	14	15	259	#
689	13.4039	10	11	12	13	14	15	16	259	#
690	13.4039	11	12	13	14	15	16	17	259	#
691	13.4039	12	13	14	15	16	17	18	259	#
692	13.4039	13	14	15	16	17	18	19	259	#
693	13.4039	14	15	16	17	18	19	20	259	#
694	13.4039	15	16	17	18	19	20	21	259	#
695	13.4039	16	17	18	19	20	21	22	259	#
696	13.4039	17	18	19	20	21	22	23	259	#
697	13.4039	18	19	20	21	22	23	24	259	#
698	13.4039	19	20	21	22	23	24	25	259	#
699	13.4039	20	21	22	23	24	25	26	259	#
700	13.4039	21	22	23	24	25	26	27	259	#
701	13.4039	22	23	24	25	26	27	28	259	#
702	13.4039	23	24	25	26	27	28	29	259	#
703	13.4039	24	25	26	27	28	29	30	259	#
704	13.4039	25	26	27	28	29	30	31	259	#
705	13.4039	26	27	28	29	30	31	32	259	#
706	13.4039	27	28	29	30	31	32	33	259	#
707	13.4039	28	29	30	31	32	33	34	259	#
708	13.4039	29	30	31	32	33	34	35	259	#
709	13.4039	30	31	32	33	34	35	36	259	#
710	13.4039	31	32	33	34	35	36	37	259	#
711	3.32847	32	33	34	35	36	37	38	259	#
712	3.32847	33	34	35	36	37	38	39	259	#
713	3.32847	34	35	36	37	38	39	40	259	#
714	3.32847	35	36	37	38	39	40	41	259	#
715	3.32847	36	37	38	39	40	41	42	259	#
716	3.32847	37	38	39	40	41	42	43	259	#
717	3.32847	38	39	40	41	42	43	44	259	#
718	3.32847	39	40	41	42	43	44	45	259	#
719	3.32847	40	41	42	43	44	45	46	259	#
720	3.32847	41	42	43	44	45	46	47	259	#
721	3.32847	42	43	44	45	46	47	48	259	#
722	3.32847	43	44	45	46	47	48	49	259	#
723	3.32847	44	45	46	47	48	49	50	259	#
724	3.32847	45	46	47	48	49	50	51	259	#
725	3.32847	46	47	48	49	50	51	52	259	#
726	3.32847	47	48	49	50	51	52	53	259	#
727	3.32847	48	49	50	51	52	53	54	259	#
728	3.32847	49	50	51	52	53	54	55	259	#
729	3.32847	50	51	52	53	54	55	56	259	#
730	3.32847	51	52	53	54	55	56	57	259	#
731	3.32847	52	53	54	55	56	57	58	259	#
732	3.32847	53	54	55	56	57	58	59	259	#
733	3.32847	54	55	56	57	58	59	60	259	#
734	3.32847	55	56	57	58	59	60	61	259	#
735	3.32847	56	57	58	59	60	61	62	259	#
736	3.32847	57	58	59	60	61	62	63	259	#
737	3.32847	58	59	60	61	62	63	64	259	#
738	3.32847	59	60	61	62	63	64	65	259	#
739	3.32847	60	61	62	63	64	65	66	259	#
740	3.32847	61	62	63	64	65	66	67	259	#
741	3.32847	62	63	64	65	66	67	68	259	#
742	3.32847	63	64	65	66	67	68	69	259	#
743	3.32847	64	65	66	67	68	69	70	259	#
744	3.32847	65	66	67	68	69	70	71	259	#
745	3.32847	66	67	68	69	70	71	72	259	#
746	3.32847	67	68	69	70	71	72	73	259	#
747	3.32847	68	69	70	71	72	73	74	259	#
748	3.32847	69	70	71	72	73	74	75	259	#
749	3.32847	70	71	72	73	74	75	76	259	#
750	3.32847	71	72	73	74	75	76	77	259	#
751	3.32847	72	73	74	75	76	77	78	259	#
752	3.32847	73	74	75	76	77	78	79	259	#
753	3.32847	74	75	76	77	78	79	80	259	#
754	3.32847	75	76	77	78	79	80	81	259	#
755	3.32847	76	77	78	79	80	81	82	259	#
756	3.32847	77	78	79	80	81	82	83	259	#
757	3.32847	78	79	80	81	82	83	84	259	#
758	3.32847	79	80	81	82	83	84	85	259	#
759	3.32847	80	81	82	83	84	85	86	259	#
760	3.32847	81	82	83	84	85	86	87	259	#
761	3.32847	82	83	84	85	86	87	88	259	#
762	3.32847	83	84	85	86	87	88	89	259	#
763	3.32847	84	85	86	87	88	89	90	259	#
764	3.32847	85	86	87	88	89	90	91	259	#
765	3.32847	86	87	88	89	90	91	92	259	#
766	3.32847	87	88	89	90	91	92	93	259	#
767	3.32847	88	89	90	91	92	93	94	259	#
768	3.32847	89	90	91	92	93	94	95	259	#
769	3.32847	90	91	92	93	94	95	96	259	#
770	3.32847	91	92	93	94	95	96	97	259	#
771	3.32847	92	93	94	95	96	97	98	259	#
772	3.32847	93	94	95	96	97	98	99	259	#
773	3.32847	94	95	96	97	98	99	100	259	#
774	3.32847	95	96	97	98	99	100	101	259	#
775	3.32847	96	97	98	99	100	101	102	259	#
776	3.32847	97	98	99	100	101	102	103	259	#
777	3.32847	98	99	100	101	102	103	104	259	#
778	3.32847	99	100	101	102	103	104	105	259	#
779	3.32847	100	101	102	103	104	105	106	259	#
780	3.32847	101	102	103	104	105	106	107	259	#
781	3.32847	102	103	104	105	106	107	108	259	#
782	3.32847	103	104	105	106	107	108	109	259	#
783	3.32847	104	105	106	107	108	109	110	259	#
784	3.32847	105	106	107	108	109	110	111	259	#
785	3.32847	106	107	108	109	110	111	112	259	#
786	3.32847	107	108	109	110	111	112	113	259	#
787	3.32847	108	109	110	111	112	113	114	259	#
788	3.32847	109	110	111	112	113	114	115	259	#
789	3.32847	110	111	112	113	114	115	116	259	#
790	3.32847	111	112	113	114	115	116	117	259	#
791	3.32847	112	113	114	115	116	117	118	259	#
792	3.32847	113	114	115	116	117	118	119	259	#
793	3.32847	114	115	116	117	118	119	120	259	#
794	3.32847	115	116	117	118	119	120	121	259	#
795	3.32847	116	117	118	119	120	121	122	259	#
796	3.32847	117	118	119	120	121	122	123	259	#
797	3.32847	118	119	120	121	122	123	124	259	#
798	3.32847	119	120	121	122	123	124	125	259	#
799	3.32847	120	121	122	123	124	125	126	259	#
800	3.32847	121	122	123	124	125	126	127	259	#
801	3.32847	122	123	124	125	126	127	128	259	#
802	3.32847	123	124	125	126	127	128	129	259	#
803	3.32847	124	125	126	127	128	129	130	259	#
804	3.32847	125	126	127	128	129	130	131	259	#
805	3.32847	126	127	128	129	130	131	132	259	#
806	3.32847	127	128	129	130	131	132	133	259	#
807	3.32847	128	129	130	131	132	133	134	259	#
808	3.32847	129	130	131	132	133	134	135	259	#
809	3.32847	130	131	132	133	134	135	136	259	#
810	3.32847	131	132	133	134	135	136	137	259	#
811	3.32847	132	133	134	135	136	137	138	259	#
812	3.32847	133	134	135	136	137	138	139	259	#
813	3.32847	134	135	136	137	138	139	140	259	#
814	3.32847	135	136	137	138	139	140	141	259	#
815	3.32847	136	137	138	139	140	141	142	259	#
816	3.32847	137	138	139	140	141	142	143	259	#
817	3.32847	138	139	140	141	142	143	144	259	#
818	3.32847	139	140	141	142	143	144	145	259	#
819	3.32847	140	141	142	143	144	145	146	259	#
820	3.32847	141	142	143	144	145	146	147	259	#
821	3.32847	142	143	144	145	146	147	148	259	#
822	3.32847	143	144	145	146	147	148	149	259	#
823	2.95204	144	145	146	147	148	149	150	259	#
824	2.95204	145	146	147	148	149	150	151	259	#
825	2.95204	146	147	148	149	150	151	152	259	#
826	2.95204	147	148	149	150	151	152	153	259	#
827	2.95204	148	149	150	151	152	153	154	259	#
828	2.95204	149	150	151	152	153	154	155	259	#
829	2.95204	150	151	152	153	154	155	156	259	#
830	2.95204	151	152	153	154	155	156	157	259	#
831	2.95204	152	153	154	155	156	157	158	259	#
832	2.95204	153	154	155	156	157	158	159	259	#
833	2.95204	154	155	156	157	158	159	160	259	#
834	2.95204	155	156	157	158	159	160	161	259	#
835	2.95204	156	157	158	159	160	161	162	259	#
836	2.95204	157	158	159	160	161	162	163	259	#
837	2.95204	158	159	160	161	162	163	164	259	#
838	2.95204	159	160	161	162	163	164	165	259	#
839	2.95204	160	161	162	163	164	165	166	259	#
840	2.95204	161	162	163	164	165	166	167	259	#
841	2.95204	162	163	164	165	166	167	168	259	#
842	13.2731	0	1	2	3	4	5	6	260	#
843	13.2731	1	2	3	4	5	6	7	260	#
844	13.2731	2	3	4	5	6	7	8	260	#
845	13.2731	3	4	5	6	7	8	9	260	#
846	13.2731	4	5	6	7	8	9	10	260	#
847	13.2731	5	6	7	8	9	10	11	260	#
848	13.2731	6	7	8	9	10	11	12	260	#
849	13.2731	7	8	9	10	11	12	13	260	#
850	13.2731	8	9	10	11	12	13	14	260	#
851	13.2731	9	10	11	12	13	14	15	260	#
852	13.2731	10	11	12	13	14	15	16	260	#
853	13.2731	11	12	13	14	15	16	17	260	#
854	13.2731	12	13	14	15	16	17	18	260	#
855	13.2731	13	14	15	16	17	18	19	260	#
856	13.2731	14	15	16	17	18	19	20	260	#
857	13.2731	15	16	17	18	19	20	21	260	#
858	13.2731	16	17	18	19	20	21	22	260	#
859	13.2731	17	18	19	20	21	22	23	260	#
860	13.2731	18	19	20	21	22	23	24	260	#
861	13.2731	19	20	21	22	23	24	25	260	#
862	13.2731	20	21	22	23	24	25	26	260	#
863	13.2731	21	22	23	24	25	26	27	260	#
864	13.2731	22	23	24	25	26	27	28	260	#
865	13.2731	23	24	25	26	27	28	29	260	#
866	13.2731	24	25	26	27	28	29	30	260	#
867	13.2731	25	26	27	28	29	30	31	260	#
868	13.2731	26	27	28	29	30	31	32	260	#
869	13.2731	27	28	29	30	31	32	33	260	#
870	13.2731	28	29	30	31	32	33	34	260	#
871	13.2731	29	30	31	32	33	34	35	260	#
872	13.2731	30	31	32	33	34	35	36	260	#
873	13.2731	31	32	33	34	35	36	37	260	#
874	13.2731	32	33	34	35	36	37	38	260	#
875	13.2731	33	34	35	36	37	38	39	260	#
876	13.2731	34	35	36	37	38	39	40	260	#
877	13.2731	35	36	37	38	39	40	41	260	#
878	13.2731	36	37	38	39	40	41	42	260	#
879	13.2731	37	38	39	40	41	42	43	260	#
880	13.2731	38	39	40	41	42	43	44	260	#
881	13.2731	39	40	41	42	43	44	45	260	#
882	13.2731	40	41	42	43	44	45	46	260	#
883	13.2731	41	42	43	44	45	46	47	260	#
884	13.2731	42	43	44	45	46	47	48	260	#
885	13.2731	43	44	45	46	47	48	49	260	#
886	13.2731	44	45	46	47	48	49	50	260	#
887	13.2731	45	46	47	48	49	50	51	260	#
888	13.2731	46	47	48	49	50	51	52	260	#
889	13.2731	47	48	49	50	51	52	53	260	#
890	13.2731	48	49	50	51	52	53	54	260	#
891	13.2731	49	50	51	52	53	54	55	260	#
892	13.2731	50	51	52	53	54	55	56	260	#
893	13.2731	51	52	53	54	55	56	57	260	#
894	13.2731	52	53	54	55	56	57	58	260	#
895	13.2731	53	54	55	56	57	58	59	260	#
896	13.2731	54	55	56	57	58	59	60	260	#
897	13.2731	55	56	57	58	59	60	61	260	#
898	13.2731	56	57	58	59	60	61	62	260	#
899	13.2731	57	58	59	60	61	62	63	260	#
900	13.2731	58	59	60	61	62	63	64	260	#
901	13.2731	59	60	61	62	63	64	65	260	#
902	13.2731	60	61	62	63	64	65	66	260	#
903	13.2731	61	62	63	64	65	66	67	260	#
904	13.2731	62	63	64	65	66	67	68	260	#
905	13.2731	63	64	65	66	67	68	69	260	#
906	13.2731	64	65	66	67	68	69	70	260	#
907	13.2731	65	66	67	68	69	70	71	260	#
908	13.2731	66	67	68	69	70	71	72	260	#
909	13.2731	67	68	69	70	71	72	73	260	#
910	13.2731	68	69	70	71	72	73	74	260	#
911	13.2731	69	70	71	72	73	74	75	260	#
912	13.2731	70	71	72	73	74	75	76	260	#
913	13.2731	71	72	73	74	75	76	77	260	#
914	13.2731	72	73	74	75	76	77	78	260	#
915	13.2731	73	74	75	76	77	78	79	260	#
916	13.2731	74	75	76	77	78	79	80	260	#
917	13.2731	75	76	77	78	79	80	81	260	#
918	13.2731	76	77	78	79	80	81	82	260	#
919	13.2731	77	78	79	80	81	82	83	260	#
920	13.2731	78	79	80	81	82	83	84	260	#
921	13.2731	79	80	81	82	83	84	85	260	#
922	13.2731	80	81	82	83	84	85	86	260	#
923	13.2731	81	82	83	84	85	86	87	260	#
924	13.2731	82	83	84	85	86	87	88	260	#
925	13.2731	83	84	85	86	87	88	89	260	#
926	13.2731	84	85	86	87	88	89	90	260	#
927	13.2731	85	86	87	88	89	90	91	260	#
928	13.2731	86	87	88	89	90	91	92	260	#
929	13.2731	87	88	89	90	91	92	93	260	#
930	13.2731	88	89	90	91	92	93	94	260	#
931	13.2731	89	90	91	92	93	94	95	260	#
932	13.2731	90	91	92	93	94	95	96	260	#
933	13.2731	91	92	93	94	95	96	97	260	#
934	13.2731	92	93	94	95	96	97	98	260	#
935	13.2731	93	94	95	96	97	98	99	260	#
936	13.2731	94	95	96	97	98	99	100	260	#
937	13.2731	95	96	97	98	99	100	101	260	#
938	13.2731	96	97	98	99	100	101	102	260	#
939	13.2731	97	98	99	100	101	102	103	260	#
940	13.2731	98	99	100	101	102	103	104	260	#
941	13.2731	99	100	101	102	103	104	105	260	#
942	13.2731	100	101	102	103	104	105	106	260	#
943	13.2731	101	102	103	104	105	106	107	260	#
944	13.2731	102	103	104	105	106	107	108	260	#
945	13.2731	103	104	105	106	107	108	109	260	#
946	13.2731	104	105	106	107	108	109	110	260	#
947	13.2731	105	106	107	108	109	110	111	260	#
948	13.2731	106	107	108	109	110	111	112	260	#
949	13.2731	107	108	109	110	111	112	113	260	#
950	13.2731	108	109	110	111	112	113	114	260	#
951	13.2731	109	110	111	112	113	114	115	260	#
952	13.2731	110	111	112	113	114	115	116	260	#
953	13.2731	111	112	113	114	115	116	117	260	#
954	13.2731	112	113	114	115	116	117	118	260	#
955	13.2731	113	114	115	116	117	118	119	260	#
956	13.2731	114	115	116	117	118	119	120	260	#
957	13.2731	115	116	117	118	119	120	121	260	#
958	13.2731	116	117	118	119	120	121	122	260	#
959	13.2731	117	118	119	120	121	122	123	260	#
960	13.2731	118	119	120	121	122	123	124	260	#
961	13.2731	119	120	121	122	123	124	125	260	#
962	13.2731	120	121	122	123	124	125	126	260	#
963	13.2731	121	122	123	124	125	126	127	260	#
964	13.2731	122	123	124	125	126	127	128	260	#
965	13.2731	123	124	125	126	127	128	129	260	#
966	13.2731	124	125	126	127	128	129	130	260	#
967	13.2731	125	126	127	128	129	130	131	260	#
968	13.2731	126	127	128	129	130	131	132	260	#
969	13.2731	127	128	129	130	131	132	133	260	#
970	13.2731	128	129	130	131	132	133	134	260	#
971	13.2731	129	130	131	132	133	134	135	260	#
972	13.2731	130	131	132	133	134	135	136	260	#
973	13.2731	131	132	133	134	135	136	137	260	#
974	13.2731	132	133	134	135	136	137	138	260	#
975	13.2731	133	134	135	136	137	138	139	260	#
976	13.2731	134	135	136	137	138	139	140	260	#
977	13.2731	135	136	137	138	139	140	141	260	#
978	13.2731	136	137	138	139	140	141	142	260	#
979	13.2731	137	138	139	140	141	142	143	260	#
980	13.2731	138	139	140	141	142	143	144	260	#
981	13.2731	139	140	141	142	143	144	145	260	#
982	13.2731	140	141	142	143	144	145	146	260	#
983	13.2731	141	142	143	144	145	146	147	260	#
984	13.2731	142	143	144	145	146	147	148	260	#
985	13.2731	143	144	145	146	147	148	149	260	#
986	13.2731	144	145	146	147	148	149	150	260	#
987	13.2731	145	146	147	148	149	150	151	260	#
988	13.2731	146	147	148	149	150	151	152	260	#
989	13.2731	147	148	149	150	151	152	153	260	#
990	13.2731	148	149	150	151	152	153	154	260	#
991	13.2731	149	150	151	152	153	154	155	260	#
992	13.2731	150	151	152	153	154	155	156	260	#
993	13.2731	151	152	153	154	155	156	157	260	#
994	13.2731	152	153	154	155	156	157	158	260	#
995	13.2731	153	154	155	156	157	158	159	260	#
996	13.2731	154	155	156	157	158	159	160	260	#
997	13.2731	155	156	157	158	159	160	161	260	#
998	13.2731	156	157	158	159	160	161	162	260	#
999	13.2731	157	158	159	160	161	162	163	260	#
1000	13.2731	158	159	160	161	162	163	164	260	#
1001	13.2731	159	160	161	162	163	164	165	260	#
1002	13.2731	160	161	162	163	164	165	166	260	#
1003	13.2731	161	162	163	164	165	166	167	260	#
1004	13.2731	162	163	164	165	166	167	168	260	#
1005	13.2731	163	164	165	166	167	168	169	260	#
1006	13.2731	164	165	166	167	168	169	170	260	#
1007	13.2731	165	166	167	168	169	170	171	260	#
1008	13.2731	166	167	168	169	170	171	172	260	#
1009	13.2731	167	168	169	170	171	172	173	260	#
1010	13.2731	168	169	170	171	172	173	174	260	#
1011	13.2731	169	170	171	172	173	174	175	260	#
1012	13.2731	170	171	172	173	174	175	176	260	#
1013	13.2731	171	172	173	174	175	176	177	260	#
1014	13.2731	172	173	174	175	176	177	178	260	#
1015	13.2731	173	174	175	176	177	178	179	260	#
1016	13.2731	174	175	176	177	178	179	180	260	#
1017	13.2731	175	176	177	178	179	180	181	260	#
1018	13.2731	176	177	178	179	180	181	182	260	#
1019	13.2731	177	178	179	180	181	182	183	260	#
1020	13.2731	178	179	180	181	182	183	184	260	#
1021	13.2731	179	180	181	182	183	184	185	260	#
1022	13.2731	180	181	182	183	184	185	186	260	#
1023	13.2731	181	182	183	184	185	186	187	260	#
1024	13.2731	182	183	184	185	186	187	188	260	#
1025	13.2731	183	184	185	186	187	188	189	260	#
1026	13.2731	184	185	186	187	188	189	190	260	#
1027	13.2731	185	186	187	188	189	190	191	260	#
1028	13.2731	186	187	188	189	190	191	192	260	#
1029	13.2731	187	188	189	190	191	192	193	260	#
1030	13.2731	188	189	190	191	192	193	194	260	#
1031	13.2731	189	190	191	192	193	194	195	260	#
1032	13.2731	190	191	192	193	194	195	196	260	#
1033	13.2731	191	192	193	194	195	196	197	260	#
1034	13.2731	192	193	194	195	196	197	198	260	#
1035	13.2731	193	194	195	196	197	198	199	260	#
1036	13.2731	194	195	196	197	198	199	200	260	#
1037	13.2731	195	196	197	198	199	200	201	260	#
1038	13.2731	196	197	198	199	200	201	202	260	#
1039	13.2731	197	198	199	200	201	202	203	260	#
1040	13.2731	198	199	200	201	202	203	204	260	#
1041	13.2731	199	200	201	202	203	204	205	260	#
1042	13.2731	200	201	202	203	204	205	206	260	#
1043	13.2731	201	202	203	204	205	206	207	260	#
1044	13.2731	202	203	204	205	206	207	208	260	#
1045	13.2731	203	204	205	206	207	208	209	260	#
1046	13.2731	204	205	206	207	208	209	210	260	#
1047	13.2731	205	206	207	208	209	210	211	260	#
1048	13.2731	206	207	208	209	210	211	212	260	#
1049	13.2731	207	208	209	210	211	212	213	260	#
1050	13.2731	208	209	210	211	212	213	214	260	#
1051	13.2731	209	210	211	212	213	214	215	260	#
1052	13.2731	210	211	212	213	214	215	216	260	#
1053	13.2731	211	212	213	214	215	216	217	260	#
1054	13.2731	212	213	214	215	216	217	218	260	#
1055	13.2731	213	214	215	216	217	218	219	260	#
1056	13.2731	214	215	216	217	218	219	220	260	#
1057	13.2731	215	216	217	218	219	220	221	260	#
1058	13.2731	216	217	218	219	220	221	222	260	#
1059	13.2731	217	218	219	220	221	222	223	260	#
1060	13.2731	218	219	220	221	222	223	224	260	#
1061	13.2731	219	220	221	222	223	224	225	260	#
1062	13.2731	220	221	222	223	224	225	226	260	#
1063	13.2731	221	222	223	224	225	226	227	260	#
1064	13.2731	222	223	224	225	226	227	228	260	#
1065	13.2731	223	224	225	226	227	228	229	260	#
1066	13.2731	224	225	226	227	228	229	230	260	#
1067	13.2731	225	226	227	228	229	230	231	260	#
1068	12.2154	226	227	228	229	230	231	232	260	#
1069	12.2154	227	228	229	230	231	232	233	260	#
1070	12.2154	228	229	230	231	232	233	234	260	#
1071	12.2154	229	230	231	232	233	234	235	260	#
1072	12.2154	230	231	232	233	234	235	236	260	#
1073	12.2154	231	232	233	234	235	236	237	260	#
1074	12.2154	232	233	234	235	236	237	238	260	#
1075	12.2154	233	234	235	236	237	238	239	260	#
1076	12.2154	234	235	236	237	238	239	240	260	#
1077	12.2154	235	236	237	238	239	240	241	260	#
1078	12.2154	236	237	238	239	240	241	242	260	#
1079	12.2154	237	238	239	240	241	242	243	260	#
1080	12.2154	238	239	240	241	242	243	244	260	#
1081	12.2154	239	240	241	242	243	244	245	260	#
1082	12.2154	240	241	242	243	244	245	246	260	#
1083	12.2154	241	242	243	244	245	246	247	260	#
1084	12.2154	242	243	244	245	246	247	248	260	#
1085	12.2154	243	244	245	246	247	248	249	260	#
1086	12.2154	244	245	246	247	248	249	250	260	#
1087	12.2154	245	246	247	248	249	250	251	260	#
1088	12.167	246	247	248	249	250	251	252	260	#
