%% File generated by CATS v.2.1Thu May  9 12:38:58 2024

%% The CATS webpage is http://robotics.stanford.edu/CATS

%% PARAMETER SETTINGS:
% Goods: 20; Bids: 50; Distribution: arbitrary; Runs: 1; Seed: 85
% Arbitrary Distribution Parameters:
% Max Substitutable Bids = 5
% Removing HV Neighbor   = 0.1
% Adding DIAG Neighbor   = 0.2
% Additional Location    = 0.9
% Additivity             = 0.2
% Budget Factor          = 1.5
% Resale Factor          = 0.5
% Uniform Private Value:
%   Deviation            = 0.5
%   Max Good Value       = 100



goods 20
bids 52
dummy 10

0	54.0944	14	#
1	249.482	1	13	19	20	#
2	257.381	2	9	19	20	#
3	217.991	1	9	16	20	#
4	200.592	2	13	19	20	#
5	304.793	10	13	19	21	#
6	256.617	13	14	16	21	#
7	251.514	0	10	19	21	#
8	225.654	7	8	10	21	#
9	80.0042	0	5	22	#
10	68.4809	0	13	22	#
11	82.113	17	#
12	235.285	2	15	17	23	#
13	238.258	1	3	17	23	#
14	193.315	5	15	17	23	#
15	181.528	2	3	17	23	#
16	386.484	2	4	5	6	8	9	17	24	#
17	537.806	2	7	9	11	15	16	17	24	#
18	534.077	2	5	9	11	15	16	17	24	#
19	491.176	4	6	7	16	17	18	19	24	#
20	485.911	2	8	9	13	15	18	19	24	#
21	473.063	2	4	7	11	15	16	17	24	#
22	1021.71	0	1	2	3	4	5	6	7	8	9	10	11	12	13	14	15	16	18	19	25	#
23	1068.69	0	1	2	3	4	5	6	7	8	9	10	11	12	13	14	15	17	18	19	25	#
24	1042.39	0	1	2	3	4	5	6	7	8	9	10	11	12	13	15	16	17	18	19	25	#
25	1027.35	0	1	2	3	4	5	6	7	8	10	11	12	13	14	15	16	17	18	19	25	#
26	1014.72	1	2	3	4	5	6	7	8	9	10	11	12	13	14	15	16	17	18	19	25	#
27	1012.24	0	1	2	3	4	5	6	7	8	9	10	11	12	13	14	15	16	17	19	25	#
28	357.827	1	4	7	8	11	14	16	26	#
29	435.216	3	4	5	11	12	16	19	26	#
30	364.973	3	4	7	8	10	11	14	26	#
31	352.059	3	5	8	9	11	12	16	26	#
32	331.319	3	4	5	7	12	14	17	26	#
33	316.037	3	4	5	6	7	14	16	26	#
34	510.085	2	9	13	14	15	17	19	27	#
35	559.411	1	9	10	13	14	15	19	27	#
36	547.421	1	2	6	9	12	16	17	27	#
37	538.993	1	2	8	9	13	14	16	27	#
38	516.895	0	1	2	5	9	14	17	27	#
39	493.339	0	6	10	12	13	14	15	27	#
40	457.522	0	3	5	6	9	10	12	28	#
41	526.514	1	5	10	12	13	16	18	28	#
42	518.076	5	9	11	12	13	15	16	28	#
43	497.619	3	4	5	9	10	17	18	28	#
44	483.343	0	2	9	10	11	18	19	28	#
45	459.294	4	5	6	8	9	12	14	28	#
46	798.746	1	3	4	7	8	9	10	11	12	13	14	16	18	29	#
47	901.951	1	3	6	8	9	10	11	12	13	14	16	18	19	29	#
48	833.15	1	3	4	8	9	10	11	12	13	15	16	17	18	29	#
49	829.41	1	3	4	6	8	9	10	12	15	16	17	18	19	29	#
50	815.831	3	4	6	8	10	11	12	13	14	15	16	18	19	29	#
51	743.85	0	1	3	4	8	9	11	12	13	14	15	16	19	29	#
