%% File generated by CATS v.2.1Thu May  9 12:38:58 2024

%% The CATS webpage is http://robotics.stanford.edu/CATS

%% PARAMETER SETTINGS:
% Goods: 20; Bids: 50; Distribution: arbitrary; Runs: 1; Seed: 70
% Arbitrary Distribution Parameters:
% Max Substitutable Bids = 5
% Removing HV Neighbor   = 0.1
% Adding DIAG Neighbor   = 0.2
% Additional Location    = 0.9
% Additivity             = 0.2
% Budget Factor          = 1.5
% Resale Factor          = 0.5
% Normal Private Value:
%   Mean                 = 0
%   Standard Deviation   = 30



goods 20
bids 50
dummy 9

0	211.322	6	7	9	11	13	18	20	#
1	266.193	6	8	9	11	12	13	20	#
2	256.098	0	3	9	11	12	17	20	#
3	520.892	0	6	7	8	9	10	11	12	13	16	21	#
4	607.685	0	1	2	3	4	6	9	10	12	13	21	#
5	604.186	0	2	4	6	8	10	12	13	16	18	21	#
6	594.212	1	2	4	6	7	8	10	12	13	18	21	#
7	591.62	0	2	3	4	6	8	10	12	15	16	21	#
8	581.544	0	2	4	6	8	9	10	12	13	16	21	#
9	116.296	1	#
10	297.246	2	7	16	18	19	22	#
11	338.371	2	7	12	13	18	22	#
12	311.141	4	10	11	16	18	22	#
13	238.259	3	8	10	14	16	22	#
14	217.262	0	7	10	11	13	22	#
15	4.25427	19	#
16	795.939	1	2	4	5	6	7	8	9	10	11	12	13	15	16	17	18	19	23	#
17	908.488	0	1	2	3	4	5	6	7	8	9	10	11	12	14	15	16	17	23	#
18	897.579	0	1	2	4	5	6	7	8	10	11	12	13	14	15	16	17	19	23	#
19	896.594	0	1	2	3	4	5	6	7	8	10	12	13	14	15	16	17	19	23	#
20	875.319	1	2	3	4	5	6	7	8	10	11	13	14	15	16	17	18	19	23	#
21	853.278	0	1	2	3	4	5	6	7	8	9	10	11	14	15	16	17	18	23	#
22	628.278	0	2	3	4	5	7	11	12	13	15	16	17	19	24	#
23	766.332	0	1	4	6	7	8	10	11	12	13	15	17	19	24	#
24	737.135	0	1	4	5	6	8	10	11	12	13	16	17	19	24	#
25	733.928	1	4	5	6	7	8	11	12	13	15	16	18	19	24	#
26	732.464	0	1	3	4	6	7	8	11	12	15	17	18	19	24	#
27	730.93	1	3	5	6	7	8	11	13	14	16	17	18	19	24	#
28	78.5949	12	#
29	1055.6	0	1	2	3	4	5	6	7	8	9	10	11	12	13	14	15	16	17	18	19	#
30	846.513	1	2	4	5	6	7	8	10	11	13	14	17	19	25	#
31	836.804	0	1	2	5	6	7	10	11	13	15	16	17	18	25	#
32	776.577	0	1	2	4	5	9	10	11	12	14	16	17	19	25	#
33	772.342	1	2	3	5	6	8	9	11	12	13	14	17	18	25	#
34	771.609	0	1	2	5	7	8	9	10	11	12	14	15	16	25	#
35	763.128	1	2	5	6	7	9	10	12	13	15	16	18	19	25	#
36	599.482	1	5	11	12	14	15	17	18	26	#
37	560.066	0	1	2	10	11	12	14	17	26	#
38	509.367	0	2	11	12	13	14	16	17	26	#
39	501.291	1	4	5	8	10	13	14	17	26	#
40	495.358	2	4	9	10	11	12	15	19	26	#
41	476.046	1	3	8	10	11	14	15	18	26	#
42	343.873	7	8	10	11	17	18	19	27	#
43	487.792	3	7	8	10	11	12	14	27	#
44	458.747	1	2	9	12	14	17	18	27	#
45	437.809	0	2	4	5	7	12	17	27	#
46	388.965	0	4	6	10	13	15	18	27	#
47	374.545	1	2	8	12	13	18	19	27	#
48	99.8206	0	11	18	28	#
49	144.513	7	14	18	28	#
