%% File generated by CATS v.2.1Thu May  9 12:49:01 2024

%% The CATS webpage is http://robotics.stanford.edu/CATS

%% PARAMETER SETTINGS:
% Goods: 20; Bids: 50; Distribution: paths; Runs: 1; Seed: 51
% Paths Distribution Parameters:
% Initial connections:       = 2
% Edge density:              = 3.000000
% Shipping cost factor:      = 1.500000
% Max bid set size:          = 5
% Building penalty:          = 1.700000



goods 20
bids 51
dummy 17

0	0.855696	13	20	#
1	0.855696	1	16	20	#
2	0.855696	8	12	20	#
3	0.855696	1	3	12	20	#
4	0.920525	17	21	#
5	0.920525	5	9	21	#
6	1.0427	9	15	22	#
7	1.0427	2	8	9	22	#
8	1.0427	3	4	9	22	#
9	1.0427	1	2	3	9	22	#
10	1.0427	0	11	22	#
11	0.829998	6	19	23	#
12	0.829998	7	8	23	#
13	0.829998	1	14	23	#
14	0.829998	1	3	7	23	#
15	0.829998	5	6	8	23	#
16	1.00698	10	24	#
17	1.00698	0	18	24	#
18	1.04476	18	25	#
19	1.04476	10	0	25	#
20	0.819438	8	9	0	#
21	0.995592	7	15	26	#
22	0.995592	6	19	2	26	#
23	0.995592	7	8	2	26	#
24	0.995592	6	5	15	26	#
25	0.995592	14	4	26	#
26	0.820807	9	0	#
27	0.510387	15	27	#
28	0.510387	2	8	27	#
29	0.373628	4	28	#
30	0.373628	2	1	28	#
31	0.295134	2	#
32	0.654549	7	29	#
33	0.654549	5	6	29	#
34	0.289506	8	#
35	0.931918	17	30	#
36	0.931918	5	9	30	#
37	0.957348	18	31	#
38	0.957348	10	0	31	#
39	0.863317	14	32	#
40	0.863317	7	3	32	#
41	0.863317	6	5	3	32	#
42	0.863317	6	19	1	32	#
43	0.863317	7	8	1	32	#
44	0.92866	17	33	#
45	0.92866	9	5	33	#
46	0.123325	1	#
47	0.162161	1	#
48	0.301872	5	#
49	0.623753	13	34	#
50	0.623753	1	16	34	#
