%% File generated by CATS v.2.1Thu May  9 12:49:01 2024

%% The CATS webpage is http://robotics.stanford.edu/CATS

%% PARAMETER SETTINGS:
% Goods: 20; Bids: 50; Distribution: paths; Runs: 1; Seed: 2
% Paths Distribution Parameters:
% Initial connections:       = 2
% Edge density:              = 3.000000
% Shipping cost factor:      = 1.500000
% Max bid set size:          = 5
% Building penalty:          = 1.700000



goods 20
bids 50
dummy 17

0	0.975275	8	12	17	23	#
1	0.163965	8	#
2	0.674663	16	20	#
3	0.674663	0	5	20	#
4	0.674663	1	10	20	#
5	0.674663	7	18	20	#
6	0.674663	0	4	7	20	#
7	0.384802	3	#
8	0.683712	9	13	21	#
9	0.683712	7	9	10	21	#
10	0.356305	10	#
11	0.530426	12	#
12	0.370382	0	#
13	0.420822	0	#
14	0.673455	8	12	#
15	0.875801	15	22	#
16	0.875801	1	9	22	#
17	0.360482	2	#
18	0.975275	3	12	23	#
19	0.975275	6	14	23	#
20	0.975275	2	6	19	23	#
21	0.975275	2	4	12	23	#
22	0.656994	0	2	#
23	0.368452	3	#
24	0.436069	0	#
25	0.895617	9	10	11	#
26	0.308637	6	#
27	0.341131	0	#
28	0.244185	7	#
29	0.725271	11	10	24	#
30	0.725271	8	13	24	#
31	0.725271	8	7	10	24	#
32	0.725271	8	4	19	24	#
33	0.7223	19	9	25	#
34	0.7223	5	10	9	25	#
35	1.02783	1	6	26	#
36	1.02783	0	19	6	26	#
37	1.02783	18	12	26	#
38	1.02783	0	4	12	26	#
39	1.02783	16	10	6	26	#
40	0.868996	9	10	11	27	#
41	0.868996	9	13	8	27	#
42	0.868996	9	10	7	8	27	#
43	0.548116	13	28	#
44	0.548116	7	10	28	#
45	0.61365	15	#
46	0.701505	14	29	#
47	0.701505	19	2	29	#
48	0.880732	3	12	#
49	0.149283	8	#
