%% File generated by CATS v.2.1Thu May  9 12:49:01 2024

%% The CATS webpage is http://robotics.stanford.edu/CATS

%% PARAMETER SETTINGS:
% Goods: 20; Bids: 50; Distribution: paths; Runs: 1; Seed: 17
% Paths Distribution Parameters:
% Initial connections:       = 2
% Edge density:              = 3.000000
% Shipping cost factor:      = 1.500000
% Max bid set size:          = 5
% Building penalty:          = 1.700000



goods 20
bids 50
dummy 17

0	1.14306	19	20	#
1	1.14306	0	17	20	#
2	1.14306	5	10	20	#
3	1.14306	0	2	5	20	#
4	0.432568	3	#
5	0.969631	16	21	#
6	0.969631	0	3	21	#
7	0.969631	1	4	21	#
8	0.835068	8	18	22	#
9	0.835068	1	7	22	#
10	0.835068	1	6	8	22	#
11	0.854153	12	23	#
12	0.854153	8	15	23	#
13	0.840919	4	6	8	25	#
14	0.7309	16	#
15	0.715271	10	24	#
16	0.715271	0	2	24	#
17	0.471463	5	#
18	0.218977	6	#
19	0.264409	2	#
20	0.840919	9	25	#
21	0.840919	8	14	25	#
22	0.840919	4	7	25	#
23	0.918459	13	26	#
24	0.918459	7	11	26	#
25	1.40876	17	15	27	#
26	1.40876	5	11	6	27	#
27	1.40876	5	2	15	27	#
28	1.40876	17	12	8	27	#
29	1.40876	5	13	8	27	#
30	1.40876	15	17	28	#
31	1.40876	6	11	5	28	#
32	1.40876	15	2	5	28	#
33	1.40876	8	12	17	28	#
34	1.40876	8	13	5	28	#
35	0.923356	15	29	#
36	0.923356	12	8	29	#
37	0.923356	0	18	29	#
38	1.04262	19	30	#
39	1.04262	17	0	30	#
40	1.04262	5	10	30	#
41	1.04262	5	2	0	30	#
42	0.893891	12	31	#
43	0.893891	15	8	31	#
44	0.351812	0	#
45	0.442346	0	#
46	0.809458	16	32	#
47	0.809458	3	0	32	#
48	0.566812	10	33	#
49	0.566812	0	2	33	#
