%% File generated by CATS v.2.1Thu May  9 12:49:02 2024

%% The CATS webpage is http://robotics.stanford.edu/CATS

%% PARAMETER SETTINGS:
% Goods: 20; Bids: 50; Distribution: paths; Runs: 1; Seed: 76
% Paths Distribution Parameters:
% Initial connections:       = 2
% Edge density:              = 3.000000
% Shipping cost factor:      = 1.500000
% Max bid set size:          = 5
% Building penalty:          = 1.700000



goods 20
bids 50
dummy 13

0	0.598883	5	6	#
1	0.572381	5	6	#
2	0.93965	2	14	25	#
3	1.01278	17	21	#
4	1.01278	4	16	21	#
5	1.01278	7	19	21	#
6	1.01278	4	7	15	21	#
7	1.01278	1	8	21	#
8	0.93965	3	6	25	#
9	0.485493	9	#
10	1.08198	20	22	#
11	1.08198	12	15	22	#
12	1.08198	0	9	12	22	#
13	1.08198	2	19	22	#
14	1.08198	2	4	15	22	#
15	0.579258	1	23	#
16	0.579258	0	7	23	#
17	0.636719	15	24	#
18	0.636719	0	9	24	#
19	0.164864	6	#
20	0.203369	0	#
21	0.190567	0	#
22	0.93965	13	25	#
23	1.01278	1	8	27	#
24	0.667828	12	26	#
25	0.667828	2	4	26	#
26	1.01278	17	27	#
27	1.01278	4	16	27	#
28	1.01278	7	19	27	#
29	1.01278	4	7	15	27	#
30	1.01278	17	28	#
31	1.01278	4	16	28	#
32	1.01278	7	19	28	#
33	1.01278	4	7	15	28	#
34	1.01278	1	8	28	#
35	0.605355	5	6	#
36	0.566562	12	29	#
37	0.566562	2	4	29	#
38	1.01278	17	30	#
39	1.01278	4	16	30	#
40	1.01278	7	19	30	#
41	1.01278	4	7	15	30	#
42	1.01278	1	8	30	#
43	0.828241	6	10	31	#
44	0.828241	5	9	31	#
45	1.31865	12	16	32	#
46	1.31865	2	17	32	#
47	1.31865	11	18	32	#
48	0.747116	13	33	#
49	0.747116	3	6	33	#
