%% File generated by CATS v.2.1Thu May  9 12:49:01 2024

%% The CATS webpage is http://robotics.stanford.edu/CATS

%% PARAMETER SETTINGS:
% Goods: 20; Bids: 50; Distribution: paths; Runs: 1; Seed: 28
% Paths Distribution Parameters:
% Initial connections:       = 2
% Edge density:              = 3.000000
% Shipping cost factor:      = 1.500000
% Max bid set size:          = 5
% Building penalty:          = 1.700000



goods 20
bids 50
dummy 18

0	0.973632	7	13	22	#
1	0.719827	13	20	#
2	0.719827	1	3	20	#
3	0.719827	2	14	20	#
4	0.719827	1	2	11	20	#
5	0.719827	3	4	9	20	#
6	1.19058	16	21	#
7	1.19058	9	12	21	#
8	1.19058	4	6	14	21	#
9	1.19058	6	9	11	21	#
10	1.19058	1	4	12	21	#
11	0.973632	1	5	11	22	#
12	0.973632	4	18	22	#
13	0.786183	5	19	#
14	0.973632	1	17	22	#
15	0.973632	5	14	22	#
16	0.39958	1	#
17	0.471736	3	23	#
18	0.471736	2	11	23	#
19	0.500119	8	24	#
20	0.500119	4	10	24	#
21	1.31613	5	15	25	#
22	1.31613	2	7	15	25	#
23	1.31613	0	17	25	#
24	0.887531	15	#
25	0.496821	7	26	#
26	0.496821	2	5	26	#
27	1.17539	19	14	27	#
28	1.17539	19	11	1	27	#
29	1.17539	19	2	13	27	#
30	1.17539	19	2	3	1	27	#
31	1.17539	19	11	9	4	27	#
32	1.34663	15	5	28	#
33	1.34663	15	2	7	28	#
34	1.34663	0	17	28	#
35	1.34663	0	11	5	28	#
36	1.34663	0	3	7	28	#
37	1.17064	6	14	29	#
38	1.17064	12	1	29	#
39	1.17064	6	11	1	29	#
40	1.17064	6	2	13	29	#
41	1.17064	6	2	3	1	29	#
42	1.03858	2	15	30	#
43	1.03858	3	0	30	#
44	0.888665	2	15	#
45	1.18835	12	31	#
46	1.18835	11	6	31	#
47	1.18835	3	2	6	31	#
48	0.52249	19	2	#
49	0.353395	3	#
