%% File generated by CATS v.2.1Thu May  9 12:49:01 2024

%% The CATS webpage is http://robotics.stanford.edu/CATS

%% PARAMETER SETTINGS:
% Goods: 20; Bids: 50; Distribution: paths; Runs: 1; Seed: 60
% Paths Distribution Parameters:
% Initial connections:       = 2
% Edge density:              = 3.000000
% Shipping cost factor:      = 1.500000
% Max bid set size:          = 5
% Building penalty:          = 1.700000



goods 20
bids 51
dummy 17

0	0.0694454	0	#
1	0.704713	1	20	#
2	0.704713	0	6	20	#
3	0.638217	6	27	#
4	0.591456	10	21	#
5	0.591456	9	14	21	#
6	0.553252	11	22	#
7	0.553252	5	9	22	#
8	0.553252	8	16	22	#
9	0.553252	7	9	16	22	#
10	0.553252	5	7	8	22	#
11	0.739014	17	23	#
12	0.739014	0	12	23	#
13	0.323889	4	24	#
14	0.323889	3	7	24	#
15	0.638217	0	1	27	#
16	0.470758	11	#
17	0.050088	7	#
18	0.463833	16	25	#
19	0.463833	5	7	25	#
20	0.898951	15	26	#
21	0.898951	3	6	8	26	#
22	0.898951	4	6	9	26	#
23	0.898951	3	6	7	9	26	#
24	0.898951	0	13	26	#
25	0.696487	6	8	28	#
26	0.696487	6	7	9	28	#
27	0.696487	0	19	28	#
28	0.287862	3	#
29	0.618915	6	29	#
30	0.618915	0	1	29	#
31	0.72857	1	9	30	#
32	0.72857	7	19	30	#
33	0.72857	0	6	9	30	#
34	0.72857	1	7	8	30	#
35	0.72857	0	6	7	8	30	#
36	0.948993	18	31	#
37	0.948993	2	12	31	#
38	0.655707	9	6	#
39	0.164177	9	#
40	0.672062	12	#
41	0.189969	2	#
42	0.62278	19	#
43	0.370408	4	32	#
44	0.370408	7	3	32	#
45	0.199005	2	#
46	0.496635	6	#
47	0.170064	8	33	#
48	0.170064	9	7	33	#
49	0.750785	1	34	#
50	0.750785	0	6	34	#
