%% File generated by CATS v.2.1Thu May  9 13:09:06 2024

%% The CATS webpage is http://robotics.stanford.edu/CATS

%% PARAMETER SETTINGS:
% Goods: 20; Bids: 50; Distribution: scheduling; Runs: 1; Seed: 49
% Scheduling Distribution Parameters:
% max_length                = 10
% deviation                 = 0.500000
% prob_additional_deadline  = 0.700000
% additivity                = 0.200000



goods 20
bids 51
dummy 3

0	5.38235	0	1	2	3	4	20	#
1	5.38235	1	2	3	4	5	20	#
2	5.38235	2	3	4	5	6	20	#
3	5.38235	3	4	5	6	7	20	#
4	5.38235	4	5	6	7	8	20	#
5	5.38235	5	6	7	8	9	20	#
6	5.38235	6	7	8	9	10	20	#
7	5.38235	7	8	9	10	11	20	#
8	5.38235	8	9	10	11	12	20	#
9	5.38235	9	10	11	12	13	20	#
10	5.38235	10	11	12	13	14	20	#
11	5.38235	11	12	13	14	15	20	#
12	5.38235	12	13	14	15	16	20	#
13	5.38235	13	14	15	16	17	20	#
14	3.05666	0	1	21	#
15	3.05666	1	2	21	#
16	3.05666	2	3	21	#
17	3.05666	3	4	21	#
18	3.05666	4	5	21	#
19	3.05666	5	6	21	#
20	3.05666	6	7	21	#
21	3.05666	7	8	21	#
22	1.63022	8	9	21	#
23	1.63022	9	10	21	#
24	1.63022	10	11	21	#
25	1.63022	11	12	21	#
26	1.63022	12	13	21	#
27	1.63022	13	14	21	#
28	1.63022	14	15	21	#
29	1.35852	15	16	21	#
30	1.35852	16	17	21	#
31	1.35852	17	18	21	#
32	1.28702	18	19	21	#
33	2.19049	0	1	2	22	#
34	2.19049	1	2	3	22	#
35	2.19049	2	3	4	22	#
36	1.09524	3	4	5	22	#
37	1.09524	4	5	6	22	#
38	1.09524	5	6	7	22	#
39	1.09524	6	7	8	22	#
40	0.461156	7	8	9	22	#
41	0.461156	8	9	10	22	#
42	0.461156	9	10	11	22	#
43	0.461156	10	11	12	22	#
44	0.461156	11	12	13	22	#
45	0.461156	12	13	14	22	#
46	0.461156	13	14	15	22	#
47	0.461156	14	15	16	22	#
48	0.461156	15	16	17	22	#
49	0.461156	16	17	18	22	#
50	0.461156	17	18	19	22	#
