%% File generated by CATS v.2.1Thu May  9 13:09:06 2024

%% The CATS webpage is http://robotics.stanford.edu/CATS

%% PARAMETER SETTINGS:
% Goods: 20; Bids: 50; Distribution: scheduling; Runs: 1; Seed: 75
% Scheduling Distribution Parameters:
% max_length                = 10
% deviation                 = 0.500000
% prob_additional_deadline  = 0.700000
% additivity                = 0.200000



goods 20
bids 52
dummy 5

0	2.25096	0	1	20	#
1	2.25096	1	2	20	#
2	2.25096	2	3	20	#
3	2.25096	3	4	20	#
4	2.25096	4	5	20	#
5	2.25096	5	6	20	#
6	2.25096	6	7	20	#
7	2.25096	7	8	20	#
8	1.00043	8	9	20	#
9	1.00043	9	10	20	#
10	1.00043	10	11	20	#
11	1.00043	11	12	20	#
12	1.00043	12	13	20	#
13	1.00043	13	14	20	#
14	1.00043	14	15	20	#
15	1.00043	15	16	20	#
16	1.00043	16	17	20	#
17	1.00043	17	18	20	#
18	5.74992	0	1	2	3	4	21	#
19	5.74992	1	2	3	4	5	21	#
20	5.74992	2	3	4	5	6	21	#
21	10.0845	0	1	2	3	4	5	6	7	8	9	22	#
22	10.0845	1	2	3	4	5	6	7	8	9	10	22	#
23	10.0845	2	3	4	5	6	7	8	9	10	11	22	#
24	7.39532	3	4	5	6	7	8	9	10	11	12	22	#
25	7.39532	4	5	6	7	8	9	10	11	12	13	22	#
26	7.39532	5	6	7	8	9	10	11	12	13	14	22	#
27	7.39532	6	7	8	9	10	11	12	13	14	15	22	#
28	6.16277	7	8	9	10	11	12	13	14	15	16	22	#
29	6.16277	8	9	10	11	12	13	14	15	16	17	22	#
30	6.16277	9	10	11	12	13	14	15	16	17	18	22	#
31	7.11281	0	1	2	3	4	5	6	7	23	#
32	7.11281	1	2	3	4	5	6	7	8	23	#
33	7.11281	2	3	4	5	6	7	8	9	23	#
34	7.11281	3	4	5	6	7	8	9	10	23	#
35	7.11281	4	5	6	7	8	9	10	11	23	#
36	7.11281	5	6	7	8	9	10	11	12	23	#
37	4.74188	6	7	8	9	10	11	12	13	23	#
38	4.74188	7	8	9	10	11	12	13	14	23	#
39	4.74188	8	9	10	11	12	13	14	15	23	#
40	4.74188	9	10	11	12	13	14	15	16	23	#
41	4.74188	10	11	12	13	14	15	16	17	23	#
42	4.74188	11	12	13	14	15	16	17	18	23	#
43	4.4923	12	13	14	15	16	17	18	19	23	#
44	1.24155	0	24	#
45	1.24155	1	24	#
46	1.24155	2	24	#
47	1.24155	3	24	#
48	1.24155	4	24	#
49	1.24155	5	24	#
50	1.24155	6	24	#
51	1.24155	7	24	#
