%% File generated by CATS v.2.1Thu May  9 13:09:06 2024

%% The CATS webpage is http://robotics.stanford.edu/CATS

%% PARAMETER SETTINGS:
% Goods: 20; Bids: 50; Distribution: scheduling; Runs: 1; Seed: 41
% Scheduling Distribution Parameters:
% max_length                = 10
% deviation                 = 0.500000
% prob_additional_deadline  = 0.700000
% additivity                = 0.200000



goods 20
bids 58
dummy 4

0	3.26122	0	1	2	20	#
1	3.26122	1	2	3	20	#
2	3.26122	2	3	4	20	#
3	3.26122	3	4	5	20	#
4	3.26122	4	5	6	20	#
5	3.26122	5	6	7	20	#
6	3.26122	6	7	8	20	#
7	3.26122	7	8	9	20	#
8	2.66827	8	9	10	20	#
9	2.66827	9	10	11	20	#
10	1.95673	10	11	12	20	#
11	1.95673	11	12	13	20	#
12	1.95673	12	13	14	20	#
13	1.95673	13	14	15	20	#
14	11.9836	0	1	2	3	4	5	6	7	8	21	#
15	11.9836	1	2	3	4	5	6	7	8	9	21	#
16	11.9836	2	3	4	5	6	7	8	9	10	21	#
17	11.9836	3	4	5	6	7	8	9	10	11	21	#
18	11.9836	4	5	6	7	8	9	10	11	12	21	#
19	11.9836	5	6	7	8	9	10	11	12	13	21	#
20	11.9836	6	7	8	9	10	11	12	13	14	21	#
21	8.83006	7	8	9	10	11	12	13	14	15	21	#
22	8.83006	8	9	10	11	12	13	14	15	16	21	#
23	8.83006	9	10	11	12	13	14	15	16	17	21	#
24	8.83006	10	11	12	13	14	15	16	17	18	21	#
25	8.83006	11	12	13	14	15	16	17	18	19	21	#
26	0.669219	0	22	#
27	0.669219	1	22	#
28	0.669219	2	22	#
29	0.669219	3	22	#
30	0.669219	4	22	#
31	0.669219	5	22	#
32	0.669219	6	22	#
33	0.669219	7	22	#
34	0.669219	8	22	#
35	0.669219	9	22	#
36	0.669219	10	22	#
37	0.669219	11	22	#
38	0.669219	12	22	#
39	0.669219	13	22	#
40	0.669219	14	22	#
41	0.624604	15	22	#
42	0.551121	16	22	#
43	0.551121	17	22	#
44	0.520503	18	22	#
45	0.493108	19	22	#
46	13.6485	0	1	2	3	4	5	6	23	#
47	13.6485	1	2	3	4	5	6	7	23	#
48	13.6485	2	3	4	5	6	7	8	23	#
49	13.6485	3	4	5	6	7	8	9	23	#
50	13.6485	4	5	6	7	8	9	10	23	#
51	13.6485	5	6	7	8	9	10	11	23	#
52	8.83137	6	7	8	9	10	11	12	23	#
53	8.83137	7	8	9	10	11	12	13	23	#
54	8.83137	8	9	10	11	12	13	14	23	#
55	8.83137	9	10	11	12	13	14	15	23	#
56	8.83137	10	11	12	13	14	15	16	23	#
57	8.83137	11	12	13	14	15	16	17	23	#
