%% File generated by CATS v.2.1Thu May  9 13:09:07 2024

%% The CATS webpage is http://robotics.stanford.edu/CATS

%% PARAMETER SETTINGS:
% Goods: 20; Bids: 50; Distribution: scheduling; Runs: 1; Seed: 86
% Scheduling Distribution Parameters:
% max_length                = 10
% deviation                 = 0.500000
% prob_additional_deadline  = 0.700000
% additivity                = 0.200000



goods 20
bids 56
dummy 4

0	9.46749	0	1	2	3	4	5	20	#
1	9.46749	1	2	3	4	5	6	20	#
2	9.46749	2	3	4	5	6	7	20	#
3	9.46749	3	4	5	6	7	8	20	#
4	9.46749	4	5	6	7	8	9	20	#
5	9.46749	5	6	7	8	9	10	20	#
6	9.46749	6	7	8	9	10	11	20	#
7	9.46749	7	8	9	10	11	12	20	#
8	9.46749	8	9	10	11	12	13	20	#
9	9.46749	9	10	11	12	13	14	20	#
10	9.46749	10	11	12	13	14	15	20	#
11	8.87577	11	12	13	14	15	16	20	#
12	8.35367	12	13	14	15	16	17	20	#
13	7.47434	13	14	15	16	17	18	20	#
14	7.47434	14	15	16	17	18	19	20	#
15	8.98252	0	1	2	3	4	5	6	7	21	#
16	8.98252	1	2	3	4	5	6	7	8	21	#
17	8.98252	2	3	4	5	6	7	8	9	21	#
18	8.98252	3	4	5	6	7	8	9	10	21	#
19	8.98252	4	5	6	7	8	9	10	11	21	#
20	8.98252	5	6	7	8	9	10	11	12	21	#
21	7.18602	6	7	8	9	10	11	12	13	21	#
22	7.18602	7	8	9	10	11	12	13	14	21	#
23	7.18602	8	9	10	11	12	13	14	15	21	#
24	6.3406	9	10	11	12	13	14	15	16	21	#
25	6.3406	10	11	12	13	14	15	16	17	21	#
26	5.98835	11	12	13	14	15	16	17	18	21	#
27	5.67317	12	13	14	15	16	17	18	19	21	#
28	11.4321	0	1	2	3	4	5	6	7	8	9	22	#
29	11.4321	1	2	3	4	5	6	7	8	9	10	22	#
30	11.4321	2	3	4	5	6	7	8	9	10	11	22	#
31	11.4321	3	4	5	6	7	8	9	10	11	12	22	#
32	11.4321	4	5	6	7	8	9	10	11	12	13	22	#
33	11.4321	5	6	7	8	9	10	11	12	13	14	22	#
34	11.4321	6	7	8	9	10	11	12	13	14	15	22	#
35	11.4321	7	8	9	10	11	12	13	14	15	16	22	#
36	11.4321	8	9	10	11	12	13	14	15	16	17	22	#
37	11.4321	9	10	11	12	13	14	15	16	17	18	22	#
38	2.62325	0	1	2	23	#
39	2.62325	1	2	3	23	#
40	2.62325	2	3	4	23	#
41	2.62325	3	4	5	23	#
42	2.62325	4	5	6	23	#
43	2.62325	5	6	7	23	#
44	1.02015	6	7	8	23	#
45	1.02015	7	8	9	23	#
46	1.02015	8	9	10	23	#
47	1.02015	9	10	11	23	#
48	1.02015	10	11	12	23	#
49	1.02015	11	12	13	23	#
50	1.02015	12	13	14	23	#
51	1.02015	13	14	15	23	#
52	1.02015	14	15	16	23	#
53	1.02015	15	16	17	23	#
54	1.02015	16	17	18	23	#
55	0.966461	17	18	19	23	#
