%% File generated by CATS v.2.1Thu May  9 13:09:06 2024

%% The CATS webpage is http://robotics.stanford.edu/CATS

%% PARAMETER SETTINGS:
% Goods: 20; Bids: 50; Distribution: scheduling; Runs: 1; Seed: 20
% Scheduling Distribution Parameters:
% max_length                = 10
% deviation                 = 0.500000
% prob_additional_deadline  = 0.700000
% additivity                = 0.200000



goods 20
bids 51
dummy 4

0	19.0684	0	1	2	3	4	5	6	7	8	20	#
1	19.0684	1	2	3	4	5	6	7	8	9	20	#
2	19.0684	2	3	4	5	6	7	8	9	10	20	#
3	10.5935	3	4	5	6	7	8	9	10	11	20	#
4	10.5935	4	5	6	7	8	9	10	11	12	20	#
5	10.5935	5	6	7	8	9	10	11	12	13	20	#
6	10.5935	6	7	8	9	10	11	12	13	14	20	#
7	10.5935	7	8	9	10	11	12	13	14	15	20	#
8	10.5935	8	9	10	11	12	13	14	15	16	20	#
9	10.5935	9	10	11	12	13	14	15	16	17	20	#
10	10.5935	10	11	12	13	14	15	16	17	18	20	#
11	10.036	11	12	13	14	15	16	17	18	19	20	#
12	9.339	0	1	2	3	4	5	6	7	8	21	#
13	9.339	1	2	3	4	5	6	7	8	9	21	#
14	9.339	2	3	4	5	6	7	8	9	10	21	#
15	9.339	3	4	5	6	7	8	9	10	11	21	#
16	9.339	4	5	6	7	8	9	10	11	12	21	#
17	9.339	5	6	7	8	9	10	11	12	13	21	#
18	9.339	6	7	8	9	10	11	12	13	14	21	#
19	9.339	7	8	9	10	11	12	13	14	15	21	#
20	9.339	8	9	10	11	12	13	14	15	16	21	#
21	12.4349	0	1	2	3	4	5	6	7	22	#
22	12.4349	1	2	3	4	5	6	7	8	22	#
23	12.4349	2	3	4	5	6	7	8	9	22	#
24	12.4349	3	4	5	6	7	8	9	10	22	#
25	12.4349	4	5	6	7	8	9	10	11	22	#
26	12.4349	5	6	7	8	9	10	11	12	22	#
27	12.4349	6	7	8	9	10	11	12	13	22	#
28	12.4349	7	8	9	10	11	12	13	14	22	#
29	12.4349	8	9	10	11	12	13	14	15	22	#
30	11.6577	9	10	11	12	13	14	15	16	22	#
31	9.81699	10	11	12	13	14	15	16	17	22	#
32	9.81699	11	12	13	14	15	16	17	18	22	#
33	9.81699	12	13	14	15	16	17	18	19	22	#
34	3.31918	0	1	2	3	23	#
35	3.31918	1	2	3	4	23	#
36	3.31918	2	3	4	5	23	#
37	3.31918	3	4	5	6	23	#
38	3.31918	4	5	6	7	23	#
39	3.31918	5	6	7	8	23	#
40	3.31918	6	7	8	9	23	#
41	3.31918	7	8	9	10	23	#
42	3.31918	8	9	10	11	23	#
43	3.31918	9	10	11	12	23	#
44	3.31918	10	11	12	13	23	#
45	3.31918	11	12	13	14	23	#
46	3.31918	12	13	14	15	23	#
47	2.6204	13	14	15	16	23	#
48	2.6204	14	15	16	17	23	#
49	2.6204	15	16	17	18	23	#
50	2.6204	16	17	18	19	23	#
