%% File generated by CATS v.2.1Thu May  9 12:38:58 2024

%% The CATS webpage is http://robotics.stanford.edu/CATS

%% PARAMETER SETTINGS:
% Goods: 24; Bids: 50; Distribution: arbitrary; Runs: 1; Seed: 92
% Arbitrary Distribution Parameters:
% Max Substitutable Bids = 5
% Removing HV Neighbor   = 0.1
% Adding DIAG Neighbor   = 0.2
% Additional Location    = 0.9
% Additivity             = 0.2
% Budget Factor          = 1.5
% Resale Factor          = 0.5
% Uniform Private Value:
%   Deviation            = 0.5
%   Max Good Value       = 100



goods 24
bids 51
dummy 9

0	634.567	1	2	3	4	6	10	11	12	15	19	23	24	#
1	678.899	2	3	6	9	10	11	13	15	19	21	23	24	#
2	660.684	0	2	3	6	9	11	13	15	18	19	22	24	#
3	649.964	4	6	9	11	13	15	17	19	21	22	23	24	#
4	600.04	0	1	4	6	9	11	15	18	19	21	23	24	#
5	597.337	2	4	5	6	8	9	12	13	15	21	23	24	#
6	627.712	0	1	4	8	10	11	12	21	23	25	#
7	723.891	0	4	8	10	12	13	17	22	23	25	#
8	637.803	0	2	4	5	10	12	17	20	23	25	#
9	585.434	0	4	5	8	12	13	14	17	21	25	#
10	567.972	0	1	4	7	10	12	13	14	21	25	#
11	563.245	1	7	8	9	11	12	17	21	23	25	#
12	68.0983	23	#
13	159.332	11	12	13	26	#
14	184.018	1	6	13	26	#
15	138.036	3	12	15	26	#
16	75.7158	9	11	14	26	#
17	373.018	3	6	7	9	11	17	23	27	#
18	473.925	3	7	9	12	14	17	21	27	#
19	471.059	2	9	11	13	15	19	23	27	#
20	457.893	3	7	9	12	15	16	23	27	#
21	447.711	2	7	11	12	19	22	23	27	#
22	442.406	0	7	9	13	19	21	23	27	#
23	135.887	6	8	10	20	21	28	#
24	200.908	5	6	7	11	20	28	#
25	164.695	8	15	16	20	21	28	#
26	937.998	0	1	2	3	4	5	6	7	8	9	10	11	12	13	14	15	16	17	18	19	20	21	22	23	#
27	326.028	2	4	6	8	13	18	22	29	#
28	435.415	6	12	14	16	17	18	22	29	#
29	403.578	2	4	6	8	9	14	16	29	#
30	380.632	2	5	6	12	14	19	22	29	#
31	362.767	4	7	13	14	16	19	22	29	#
32	277.502	0	6	7	8	12	15	21	29	#
33	397.84	7	9	11	15	20	21	23	30	#
34	481.291	2	3	9	11	14	15	20	30	#
35	407.297	3	4	5	7	9	11	15	30	#
36	402.71	9	12	14	15	17	21	22	30	#
37	396.536	6	9	11	15	17	18	23	30	#
38	388.125	2	4	11	14	18	20	22	30	#
39	1067.64	0	2	4	5	6	7	8	9	11	13	14	17	18	19	20	21	22	23	31	#
40	1141.86	0	2	4	5	6	7	8	9	11	12	13	14	16	17	18	19	22	23	31	#
41	1115.35	0	1	2	3	4	5	6	7	8	9	11	13	14	17	18	19	22	23	31	#
42	1096.35	0	2	4	5	6	7	8	9	11	14	15	16	17	18	19	20	22	23	31	#
43	1092.29	0	2	4	5	6	7	8	9	11	12	14	16	17	18	19	21	22	23	31	#
44	1091.46	0	1	2	4	5	6	7	8	11	13	14	16	17	18	19	21	22	23	31	#
45	543.966	0	1	3	11	16	17	18	20	21	32	#
46	698.764	0	6	9	11	14	15	17	21	23	32	#
47	675.621	0	2	4	7	8	11	14	16	17	32	#
48	624.674	0	1	6	7	8	9	10	17	21	32	#
49	603.961	0	2	3	4	7	9	11	20	23	32	#
50	543.837	0	1	2	4	5	14	16	20	21	32	#
