%% File generated by CATS v.2.1Thu May  9 12:38:58 2024

%% The CATS webpage is http://robotics.stanford.edu/CATS

%% PARAMETER SETTINGS:
% Goods: 24; Bids: 50; Distribution: arbitrary; Runs: 1; Seed: 34
% Arbitrary Distribution Parameters:
% Max Substitutable Bids = 5
% Removing HV Neighbor   = 0.1
% Adding DIAG Neighbor   = 0.2
% Additional Location    = 0.9
% Additivity             = 0.2
% Budget Factor          = 1.5
% Resale Factor          = 0.5
% Normal Private Value:
%   Mean                 = 0
%   Standard Deviation   = 30



goods 24
bids 50
dummy 10

0	214.898	3	7	16	24	#
1	284.49	12	16	21	24	#
2	233.883	3	4	6	24	#
3	83.8167	2	7	20	24	#
4	270.45	5	7	8	11	25	#
5	222.966	5	6	8	20	25	#
6	203.984	5	10	14	21	25	#
7	116.23	3	7	11	13	25	#
8	411.202	4	5	10	12	14	19	20	26	#
9	472.075	3	6	10	11	13	19	21	26	#
10	388.142	4	7	11	12	19	20	22	26	#
11	384.194	2	3	7	11	14	20	22	26	#
12	370.863	3	8	12	15	16	20	22	26	#
13	354.977	10	13	15	16	17	19	22	26	#
14	1208.56	0	1	2	4	5	7	8	9	10	11	12	13	15	16	17	18	20	21	22	23	27	#
15	1228.56	0	1	2	3	4	7	8	9	10	11	12	13	14	15	16	17	18	19	21	23	27	#
16	1224.15	0	1	2	4	5	6	7	8	9	12	13	14	15	16	17	18	19	20	21	23	27	#
17	1211.76	0	1	2	4	5	7	8	9	10	11	12	13	14	15	17	18	19	21	22	23	27	#
18	1192.56	0	1	2	4	5	6	7	8	9	10	11	12	13	14	15	17	18	20	21	22	27	#
19	1159.74	0	1	2	3	4	6	7	8	9	10	13	14	15	17	18	19	20	21	22	23	27	#
20	551.184	0	1	2	3	8	9	13	15	18	23	28	#
21	774.56	0	2	3	5	7	9	10	14	15	16	28	#
22	772.283	2	5	6	7	9	10	12	13	15	22	28	#
23	708.639	3	5	6	7	10	13	14	15	21	22	28	#
24	630.648	0	1	3	7	9	10	14	15	19	21	28	#
25	589.511	0	5	6	9	10	11	17	18	19	21	28	#
26	276.299	0	5	9	12	20	29	#
27	327.483	2	5	8	12	19	29	#
28	300.442	1	7	9	11	23	29	#
29	289.539	3	5	10	12	23	29	#
30	244.819	1	5	8	18	20	29	#
31	207.889	0	1	14	21	23	29	#
32	66.6276	4	#
33	224.435	5	6	13	14	16	17	19	30	#
34	323.35	0	4	5	6	8	15	21	30	#
35	306.28	9	14	15	17	19	20	23	30	#
36	66.7292	1	15	31	#
37	77.6054	10	15	31	#
38	285.819	0	9	14	15	23	32	#
39	333.837	4	7	8	12	15	32	#
40	318.806	0	1	9	16	22	32	#
41	282.628	5	9	11	13	22	32	#
42	167.409	3	6	15	18	23	32	#
43	46.6992	9	#
44	1085.17	0	1	2	3	4	5	6	7	8	9	10	11	12	13	14	15	17	18	19	20	21	22	23	33	#
45	1171.85	0	1	2	3	4	5	6	7	8	9	10	11	12	13	14	15	16	17	18	20	21	22	23	33	#
46	1158.14	0	1	2	3	4	5	6	7	8	9	10	11	12	13	14	15	16	17	18	19	21	22	23	33	#
47	1157.34	0	1	2	3	4	5	6	7	8	9	10	11	13	14	15	16	17	18	19	20	21	22	23	33	#
48	1152.51	0	1	2	3	4	5	6	7	8	9	10	11	12	13	14	15	16	17	18	19	20	21	23	33	#
49	1150.72	1	2	3	4	5	6	7	8	9	10	11	12	13	14	15	16	17	18	19	20	21	22	23	33	#
