%% File generated by CATS v.2.1Thu May  9 12:38:58 2024

%% The CATS webpage is http://robotics.stanford.edu/CATS

%% PARAMETER SETTINGS:
% Goods: 24; Bids: 50; Distribution: arbitrary; Runs: 1; Seed: 78
% Arbitrary Distribution Parameters:
% Max Substitutable Bids = 5
% Removing HV Neighbor   = 0.1
% Adding DIAG Neighbor   = 0.2
% Additional Location    = 0.9
% Additivity             = 0.2
% Budget Factor          = 1.5
% Resale Factor          = 0.5
% Normal Private Value:
%   Mean                 = 0
%   Standard Deviation   = 30



goods 24
bids 52
dummy 10

0	150.6	16	#
1	334.807	0	6	17	19	22	24	#
2	461.724	2	5	19	20	22	24	#
3	438.409	3	6	17	19	22	24	#
4	418.115	0	3	6	11	22	24	#
5	405.333	2	13	18	19	21	24	#
6	266.978	5	6	8	11	15	24	#
7	339.43	3	12	14	20	22	25	#
8	380.232	5	14	16	19	20	25	#
9	334.196	3	6	14	19	22	25	#
10	317.247	1	3	5	14	18	25	#
11	186.603	5	10	12	18	21	25	#
12	546.521	3	7	9	10	11	21	22	23	26	#
13	564.376	1	3	7	8	10	11	16	19	26	#
14	526.288	2	10	11	13	16	19	20	23	26	#
15	417.801	2	3	6	7	11	12	19	23	26	#
16	410.076	1	6	7	12	14	16	19	22	26	#
17	368.302	0	3	10	11	12	13	22	23	26	#
18	106.343	0	4	11	27	#
19	121.777	4	6	7	27	#
20	622.925	0	1	4	7	9	11	12	13	16	17	18	21	22	28	#
21	783.587	0	1	4	7	11	13	14	15	16	17	18	20	21	28	#
22	762.763	1	2	3	4	14	15	16	17	18	19	20	22	23	28	#
23	758.459	0	2	4	7	9	11	13	14	16	17	18	20	21	28	#
24	750.158	0	2	3	4	7	11	13	14	15	16	20	21	23	28	#
25	723.112	2	7	9	11	13	14	15	16	18	20	21	22	23	28	#
26	767.324	2	3	4	7	10	11	13	16	18	19	29	#
27	830.484	4	5	7	11	13	16	18	20	21	23	29	#
28	800.951	0	2	6	7	9	11	13	18	19	20	29	#
29	746.606	3	5	7	9	12	13	18	19	20	21	29	#
30	686.371	1	7	8	9	10	11	13	18	19	21	29	#
31	685.719	1	2	3	4	5	7	11	16	19	21	29	#
32	996.555	0	2	5	6	11	13	14	15	16	17	18	20	21	23	30	#
33	968.823	0	2	3	5	6	7	10	13	14	15	16	18	19	20	30	#
34	930.383	0	1	2	3	4	5	7	10	11	13	16	17	19	20	30	#
35	914.063	0	1	2	3	4	6	11	12	13	14	16	17	18	20	30	#
36	883.151	2	3	4	5	6	7	10	13	14	16	17	18	19	21	30	#
37	877.276	0	1	2	3	5	6	7	13	14	16	17	19	21	23	30	#
38	581.496	2	7	8	10	11	15	18	20	31	#
39	540.328	0	4	7	8	10	11	15	20	31	#
40	490.796	4	6	7	8	11	12	19	20	31	#
41	452.892	0	4	8	10	15	18	20	23	31	#
42	378.033	6	8	10	14	15	16	19	22	31	#
43	353.155	2	4	6	7	10	13	16	18	31	#
44	162.675	12	19	32	#
45	192.78	3	19	32	#
46	976.819	0	4	5	6	7	10	11	12	13	14	16	17	18	20	33	#
47	1124.31	1	2	3	4	11	12	14	15	16	17	18	20	22	23	33	#
48	1063.58	0	1	2	4	5	8	11	14	16	17	18	20	22	23	33	#
49	1040.09	1	3	4	5	10	11	12	14	16	17	18	20	21	22	33	#
50	1016.28	1	2	3	4	6	10	12	13	14	16	17	18	20	23	33	#
51	997.09	1	2	3	4	6	7	8	10	11	13	14	16	18	20	33	#
