%% File generated by CATS v.2.1Thu May  9 12:38:58 2024

%% The CATS webpage is http://robotics.stanford.edu/CATS

%% PARAMETER SETTINGS:
% Goods: 24; Bids: 50; Distribution: arbitrary; Runs: 1; Seed: 93
% Arbitrary Distribution Parameters:
% Max Substitutable Bids = 5
% Removing HV Neighbor   = 0.1
% Adding DIAG Neighbor   = 0.2
% Additional Location    = 0.9
% Additivity             = 0.2
% Budget Factor          = 1.5
% Resale Factor          = 0.5
% Uniform Private Value:
%   Deviation            = 0.5
%   Max Good Value       = 100



goods 24
bids 51
dummy 10

0	304.007	11	15	17	23	24	#
1	329.95	9	11	12	23	24	#
2	310.292	4	8	9	17	24	#
3	190.901	8	11	15	22	24	#
4	185.501	0	11	15	20	24	#
5	63.9609	4	#
6	133.942	5	10	14	19	25	#
7	159.433	0	10	11	14	25	#
8	269.689	1	4	18	26	#
9	205.822	1	16	20	26	#
10	183.905	0	4	11	26	#
11	176.025	10	14	18	26	#
12	1446.96	0	1	3	4	5	6	7	8	9	11	12	13	14	15	16	18	19	21	22	23	27	#
13	1441.46	0	1	3	4	5	6	7	8	9	12	13	14	15	16	17	18	19	21	22	23	27	#
14	1412.07	0	1	3	4	5	6	8	9	11	12	13	14	15	16	18	19	20	21	22	23	27	#
15	1397.3	0	1	2	3	4	5	6	8	9	12	14	15	16	17	18	19	20	21	22	23	27	#
16	1395.28	0	1	2	3	4	5	8	9	10	11	12	13	14	15	16	18	19	21	22	23	27	#
17	1388.67	0	1	2	3	4	5	7	8	9	11	12	14	15	16	18	19	20	21	22	23	27	#
18	233.63	1	10	11	28	#
19	260.436	1	3	15	28	#
20	184.789	11	13	16	28	#
21	120.669	10	15	19	28	#
22	205.075	5	20	22	29	#
23	266.161	4	20	23	29	#
24	186.324	5	17	22	29	#
25	183.753	5	19	22	29	#
26	1441.68	0	1	3	4	5	6	7	8	10	11	12	13	14	15	16	17	18	20	21	23	30	#
27	1413.96	0	1	2	4	5	6	7	8	10	11	12	14	15	16	17	18	20	21	22	23	30	#
28	1413.3	0	1	4	5	6	7	8	10	11	12	13	14	15	16	17	18	20	21	22	23	30	#
29	1399.08	0	1	2	3	4	5	6	8	9	10	11	12	15	16	17	18	20	21	22	23	30	#
30	1391.96	0	1	2	3	4	5	6	8	10	11	12	14	15	16	17	18	20	21	22	23	30	#
31	1383.29	0	1	2	3	4	5	6	7	8	10	12	14	15	16	17	18	20	21	22	23	30	#
32	623.438	2	4	9	11	15	21	23	31	#
33	669.15	1	2	4	6	7	8	21	31	#
34	656.882	2	4	6	11	15	17	20	31	#
35	648.618	2	12	13	15	17	21	23	31	#
36	630.037	0	4	7	9	12	15	17	31	#
37	578.526	0	2	3	4	12	13	21	31	#
38	929.19	0	2	7	8	13	16	18	19	20	21	22	32	#
39	1020.11	0	2	3	6	8	12	16	17	19	20	21	32	#
40	1014.17	0	2	6	8	12	13	16	18	19	20	21	32	#
41	929.816	0	2	4	8	15	16	18	19	20	21	23	32	#
42	891.603	0	2	7	15	16	17	18	19	20	21	22	32	#
43	865.495	0	2	6	8	11	16	17	18	19	20	22	32	#
44	1495.95	14	8	17	6	11	5	1	18	20	10	13	16	2	0	3	21	23	15	22	4	19	7	9	12	#
45	1044.52	2	5	6	7	8	9	12	13	14	15	20	21	22	23	33	#
46	1164.58	1	2	3	5	6	9	11	12	14	15	18	19	20	21	33	#
47	1080.63	0	2	4	5	6	9	11	12	16	17	19	20	21	23	33	#
48	1049.53	2	5	6	8	9	12	13	14	16	17	19	20	21	22	33	#
49	1035.37	2	3	5	6	7	8	9	10	11	15	18	20	21	22	33	#
50	1024.98	0	2	5	6	9	10	11	12	14	16	17	19	21	22	33	#
