%% File generated by CATS v.2.1Thu May  9 12:38:58 2024

%% The CATS webpage is http://robotics.stanford.edu/CATS

%% PARAMETER SETTINGS:
% Goods: 24; Bids: 50; Distribution: arbitrary; Runs: 1; Seed: 4
% Arbitrary Distribution Parameters:
% Max Substitutable Bids = 5
% Removing HV Neighbor   = 0.1
% Adding DIAG Neighbor   = 0.2
% Additional Location    = 0.9
% Additivity             = 0.2
% Budget Factor          = 1.5
% Resale Factor          = 0.5
% Uniform Private Value:
%   Deviation            = 0.5
%   Max Good Value       = 100



goods 24
bids 52
dummy 9

0	608.74	0	4	5	9	12	18	19	24	#
1	628.417	1	9	10	14	15	18	22	24	#
2	601.376	0	1	4	6	11	14	16	24	#
3	577.226	2	4	10	14	16	18	19	24	#
4	558.495	0	4	9	10	11	18	21	24	#
5	487.956	0	5	6	8	14	15	21	24	#
6	1503.89	5	19	4	13	3	20	22	14	21	6	1	17	15	16	23	0	10	8	18	11	7	12	2	9	#
7	865.309	0	1	3	4	6	7	8	10	12	13	14	15	16	18	19	20	21	22	23	25	#
8	1060.77	0	1	2	3	4	5	6	7	9	10	11	13	14	15	16	18	19	22	23	25	#
9	1053.63	0	1	2	3	4	5	6	7	8	9	10	11	12	14	16	18	19	22	23	25	#
10	1039.83	0	1	3	4	5	6	7	9	10	11	12	14	16	18	19	20	21	22	23	25	#
11	986.932	0	1	3	4	5	6	7	8	9	11	14	15	16	18	19	20	21	22	23	25	#
12	985.946	0	1	3	4	5	6	7	8	9	10	12	14	15	16	18	20	21	22	23	25	#
13	78.6809	14	#
14	466.323	1	7	12	13	14	15	19	21	26	#
15	652.823	1	4	7	10	16	17	20	23	26	#
16	621.536	1	5	8	10	11	15	16	18	26	#
17	576.786	4	8	10	11	17	19	22	23	26	#
18	558.13	0	7	8	10	14	15	17	19	26	#
19	523.403	8	9	10	12	13	14	15	20	26	#
20	510.591	3	4	6	10	16	21	27	#
21	551.556	3	4	6	10	16	20	27	#
22	428.154	4	12	14	16	20	22	27	#
23	381.402	3	4	5	7	12	19	27	#
24	377.698	4	5	6	19	21	23	27	#
25	318.972	0	4	6	16	18	21	27	#
26	376.769	0	8	12	16	18	20	21	23	28	#
27	537.737	5	8	11	13	15	16	20	23	28	#
28	517.288	1	10	13	15	16	18	21	23	28	#
29	509.533	2	3	14	15	18	19	21	22	28	#
30	405.369	1	4	7	8	16	17	19	21	28	#
31	194.349	0	14	29	#
32	104.544	8	14	29	#
33	84.1145	0	6	29	#
34	872.036	2	4	8	10	13	14	15	16	17	18	19	22	30	#
35	933.714	4	6	8	9	10	11	14	15	16	18	19	22	30	#
36	897.251	2	4	6	8	10	11	13	14	15	16	18	22	30	#
37	851.861	3	4	8	9	11	13	14	15	17	18	19	22	30	#
38	797.419	4	6	8	9	10	11	14	16	18	20	21	22	30	#
39	796.618	8	9	10	13	14	15	16	17	18	20	21	22	30	#
40	559.602	5	10	11	17	19	21	31	#
41	616.899	10	11	16	17	19	21	31	#
42	474.562	2	5	7	16	17	19	31	#
43	473.486	2	12	16	18	19	20	31	#
44	454.551	9	11	16	17	21	22	31	#
45	420.111	1	7	11	17	20	21	31	#
46	624.12	1	2	4	5	8	9	11	14	18	21	32	#
47	764.335	1	3	4	9	14	15	17	18	19	21	32	#
48	726.596	1	3	4	5	7	9	12	14	21	23	32	#
49	711.036	1	2	4	7	9	12	14	19	21	23	32	#
50	704.926	1	2	4	9	11	13	14	18	21	23	32	#
51	686.429	2	3	4	5	9	13	14	16	19	21	32	#
