%% File generated by CATS v.2.1Thu May  9 12:38:58 2024

%% The CATS webpage is http://robotics.stanford.edu/CATS

%% PARAMETER SETTINGS:
% Goods: 24; Bids: 50; Distribution: arbitrary; Runs: 1; Seed: 67
% Arbitrary Distribution Parameters:
% Max Substitutable Bids = 5
% Removing HV Neighbor   = 0.1
% Adding DIAG Neighbor   = 0.2
% Additional Location    = 0.9
% Additivity             = 0.2
% Budget Factor          = 1.5
% Resale Factor          = 0.5
% Normal Private Value:
%   Mean                 = 0
%   Standard Deviation   = 30



goods 24
bids 52
dummy 9

0	70.5303	4	#
1	95.9318	18	#
2	254.685	7	16	18	24	#
3	281.849	1	5	16	24	#
4	267.005	18	19	23	24	#
5	80.5793	2	4	7	24	#
6	635.517	1	6	11	16	18	19	21	23	25	#
7	697.428	0	3	6	7	11	14	18	22	25	#
8	647.232	1	7	8	12	13	15	18	19	25	#
9	645.378	0	1	4	7	8	18	21	23	25	#
10	630.903	0	6	9	13	15	17	19	22	25	#
11	542.006	1	9	10	12	17	18	19	21	25	#
12	536.12	1	2	4	7	11	12	16	18	20	22	23	26	#
13	802.016	4	5	6	9	10	14	18	19	20	22	23	26	#
14	781.223	6	8	9	12	13	14	16	17	19	20	23	26	#
15	776.823	3	4	6	8	10	11	12	15	16	18	21	26	#
16	763.597	0	1	2	3	5	8	9	10	13	16	19	26	#
17	741.796	3	5	6	7	8	11	12	14	18	20	22	26	#
18	1414.92	0	1	2	3	4	5	6	7	8	9	10	11	12	13	14	15	16	17	18	19	20	21	22	23	#
19	122.767	6	#
20	1406.17	0	1	2	3	4	6	7	8	9	10	11	12	13	14	15	16	17	18	19	20	21	22	23	27	#
21	1429.96	0	1	2	3	4	5	6	7	8	9	10	11	12	13	14	15	16	18	19	20	21	22	23	27	#
22	1425.78	0	1	2	3	4	5	6	8	9	10	11	12	13	14	15	16	17	18	19	20	21	22	23	27	#
23	1412.57	0	1	2	3	4	5	6	7	8	9	11	12	13	14	15	16	17	18	19	20	21	22	23	27	#
24	1406.83	0	1	2	3	5	6	7	8	9	10	11	12	13	14	15	16	17	18	19	20	21	22	23	27	#
25	1398.72	0	1	2	3	4	5	6	7	8	9	10	11	12	14	15	16	17	18	19	20	21	22	23	27	#
26	311.928	1	2	4	16	17	28	#
27	411.035	0	1	16	20	22	28	#
28	305.152	4	15	17	18	20	28	#
29	295.789	2	6	7	17	22	28	#
30	218.14	11	14	17	21	22	28	#
31	805.782	0	1	3	4	8	9	10	16	18	19	21	23	29	#
32	815.932	0	3	4	6	7	8	12	16	18	19	21	22	29	#
33	768.827	0	3	4	5	6	7	10	12	18	19	20	22	29	#
34	758.221	1	2	3	5	10	12	13	14	16	19	20	23	29	#
35	748.423	1	2	3	4	5	8	9	10	12	16	19	21	29	#
36	738.271	1	4	5	7	8	12	13	14	16	20	22	23	29	#
37	721.212	2	3	5	7	15	18	19	21	22	30	#
38	667.224	1	2	3	8	14	15	19	20	22	30	#
39	650.292	1	2	7	12	14	15	18	20	23	30	#
40	628.685	0	1	7	9	10	12	14	18	19	30	#
41	626.339	0	2	5	6	11	19	21	22	23	30	#
42	621.58	0	5	9	12	13	14	18	21	23	30	#
43	168.181	9	14	21	31	#
44	181.122	9	15	17	31	#
45	119.623	4	12	21	31	#
46	521.782	0	6	7	8	10	17	18	19	22	32	#
47	605.594	0	1	4	6	7	8	14	21	22	32	#
48	601.313	1	3	4	6	7	9	17	19	22	32	#
49	596.098	1	5	7	8	16	18	20	21	23	32	#
50	591.542	4	5	6	7	8	11	12	13	22	32	#
51	589.413	5	8	9	11	14	17	19	21	23	32	#
