%% File generated by CATS v.2.1Thu May  9 12:49:02 2024

%% The CATS webpage is http://robotics.stanford.edu/CATS

%% PARAMETER SETTINGS:
% Goods: 24; Bids: 50; Distribution: paths; Runs: 1; Seed: 48
% Paths Distribution Parameters:
% Initial connections:       = 2
% Edge density:              = 3.000000
% Shipping cost factor:      = 1.500000
% Max bid set size:          = 5
% Building penalty:          = 1.700000



goods 24
bids 50
dummy 16

0	1.00991	9	12	24	#
1	1.00991	2	17	24	#
2	1.00991	2	3	9	24	#
3	1.00991	4	10	12	24	#
4	1.00991	2	3	4	10	24	#
5	0.749457	19	25	#
6	0.749457	4	15	25	#
7	0.749457	7	21	25	#
8	0.749457	4	5	7	25	#
9	1.20031	1	16	26	#
10	1.20031	2	8	20	26	#
11	1.20031	0	1	2	20	26	#
12	1.20031	12	13	26	#
13	1.20031	2	3	13	26	#
14	0.617372	10	27	#
15	0.617372	4	9	27	#
16	0.839948	20	28	#
17	0.839948	3	21	28	#
18	0.839948	3	4	5	28	#
19	0.839948	2	12	21	28	#
20	0.839948	2	4	5	12	28	#
21	0.501652	9	#
22	1.21477	22	29	#
23	1.21477	11	23	29	#
24	1.21477	6	10	15	29	#
25	1.21477	6	7	23	29	#
26	1.21477	6	9	19	29	#
27	0.483238	10	#
28	0.971119	0	20	30	#
29	0.971119	3	14	30	#
30	0.971119	3	4	18	30	#
31	0.552248	9	#
32	0.59891	8	31	#
33	0.59891	0	1	31	#
34	0.460294	21	32	#
35	0.460294	4	5	32	#
36	1.1397	7	8	33	#
37	1.1397	7	0	1	33	#
38	0.971119	20	0	34	#
39	0.971119	3	14	34	#
40	0.971119	3	4	18	34	#
41	0.971119	2	16	34	#
42	0.971119	3	21	0	34	#
43	0.59099	15	#
44	0.79766	11	0	#
45	0.52603	15	#
46	1.0884	10	15	35	#
47	1.0884	23	7	35	#
48	1.0884	9	19	35	#
49	1.0884	9	4	15	35	#
