%% File generated by CATS v.2.1Thu May  9 12:49:02 2024

%% The CATS webpage is http://robotics.stanford.edu/CATS

%% PARAMETER SETTINGS:
% Goods: 24; Bids: 50; Distribution: paths; Runs: 1; Seed: 69
% Paths Distribution Parameters:
% Initial connections:       = 2
% Edge density:              = 3.000000
% Shipping cost factor:      = 1.500000
% Max bid set size:          = 5
% Building penalty:          = 1.700000



goods 24
bids 50
dummy 17

0	1.11869	2	11	33	#
1	1.14772	2	17	24	#
2	1.14772	4	14	24	#
3	1.14772	2	4	16	24	#
4	1.18787	1	20	25	#
5	1.18787	1	5	7	25	#
6	1.18787	1	4	13	25	#
7	1.18787	0	1	5	6	25	#
8	1.18787	0	1	4	18	25	#
9	0.142169	4	#
10	0.955375	19	#
11	0.680977	18	#
12	1.18713	1	20	26	#
13	1.18713	1	5	7	26	#
14	1.18713	1	4	13	26	#
15	1.18713	0	1	5	6	26	#
16	0.744793	5	6	27	#
17	0.744793	4	18	27	#
18	0.969975	14	28	#
19	0.969975	2	16	28	#
20	1.17713	17	29	#
21	1.17713	4	16	29	#
22	1.17713	2	4	14	29	#
23	0.211083	0	#
24	0.433036	1	#
25	0.934767	16	#
26	0.22283	0	#
27	1.11869	19	33	#
28	0.669168	8	30	#
29	0.669168	4	5	30	#
30	0.51794	22	#
31	1.11328	16	31	#
32	1.11328	2	14	31	#
33	1.11328	4	17	31	#
34	1.17001	2	3	9	22	32	#
35	1.17001	9	21	32	#
36	1.17001	9	10	22	32	#
37	1.17001	3	15	32	#
38	1.17001	2	10	15	32	#
39	1.0716	12	34	#
40	1.0716	6	23	34	#
41	1.29121	9	1	20	#
42	1.1676	13	1	35	#
43	1.1676	18	0	1	35	#
44	1.1676	4	20	1	35	#
45	1.1676	8	7	1	35	#
46	1.1676	4	5	7	1	35	#
47	0.889887	9	22	36	#
48	0.889887	15	2	36	#
49	0.24174	0	#
