%% File generated by CATS v.2.1Thu May  9 12:50:15 2024

%% The CATS webpage is http://robotics.stanford.edu/CATS

%% PARAMETER SETTINGS:
% Goods: 24; Bids: 50; Distribution: regions; Runs: 1; Seed: 16
% Regions Distribution Parameters:
% Max Substitutable Bids = 5
% Removing HV Neighbor   = 0.1
% Adding DIAG Neighbor   = 0.2
% Additional Location    = 0.9
% Jump Probability       = 0.05
% Additivity             = 0.2
% Budget Factor          = 1.5
% Resale Factor          = 0.5
% Uniform Private Value:
%   Deviation            = 0.5
%   Max Good Value       = 100



goods 24
bids 52
dummy 8

0	971.22	0	1	2	3	4	5	6	7	8	9	10	11	12	13	14	15	24	#
1	1046.81	0	1	2	3	4	5	6	7	8	9	11	13	14	15	22	23	24	#
2	1034.51	0	1	2	3	4	5	6	7	8	9	11	12	13	14	20	21	24	#
3	1013.43	0	1	2	3	4	5	6	7	8	9	11	12	13	14	15	23	24	#
4	1012.42	0	1	2	3	4	5	6	7	8	9	11	12	13	14	15	17	24	#
5	1004.6	0	1	2	3	4	5	6	7	8	9	10	11	13	14	15	22	24	#
6	90.5588	16	#
7	624.727	4	6	7	8	9	10	11	13	14	15	25	#
8	621.494	4	5	6	7	8	9	10	11	13	14	25	#
9	578.343	3	4	6	7	8	9	10	11	13	15	25	#
10	548.064	1	4	5	6	8	9	10	13	14	15	25	#
11	540.742	2	6	7	8	9	10	11	13	14	15	25	#
12	539.151	2	3	4	7	8	9	10	11	12	13	25	#
13	1085.49	0	1	2	3	4	5	6	7	8	9	10	11	12	13	14	15	19	20	26	#
14	1139.65	0	1	2	3	4	5	6	7	8	9	10	11	12	13	14	17	18	21	26	#
15	1130.97	0	1	2	3	4	5	6	7	8	9	10	11	12	13	14	15	20	21	26	#
16	1109.61	1	2	3	4	5	6	7	8	9	10	11	12	13	14	15	17	18	20	26	#
17	1101.07	0	1	2	3	4	5	6	7	8	9	10	11	12	13	14	15	20	22	26	#
18	1085.9	0	1	2	3	4	5	6	7	8	9	10	11	12	13	14	15	17	20	26	#
19	83.2368	23	#
20	56.0897	17	#
21	101.133	0	#
22	97.0153	19	#
23	789.836	3	5	7	9	10	11	12	14	15	16	17	21	27	#
24	834.309	4	5	6	7	8	9	10	11	12	13	14	16	27	#
25	825.919	0	1	3	5	6	7	9	10	11	13	14	16	27	#
26	817.153	0	1	2	3	4	5	6	7	9	10	11	14	27	#
27	809.117	0	1	2	3	5	6	7	9	10	11	13	14	27	#
28	795.381	1	2	3	4	5	6	7	8	9	10	11	14	27	#
29	352.878	2	4	5	6	28	#
30	331.852	4	5	9	10	28	#
31	305.437	4	5	8	9	28	#
32	300.549	2	5	6	9	28	#
33	148.727	0	1	2	5	28	#
34	71.2137	18	#
35	1013.38	1	2	3	4	5	6	7	8	9	10	11	12	13	14	15	16	29	#
36	1024.03	0	1	2	3	4	5	6	7	9	10	11	13	14	15	16	23	29	#
37	1022.89	1	2	3	4	5	6	7	8	9	10	11	13	14	15	16	20	29	#
38	1005.97	0	1	2	3	4	5	6	7	8	9	10	11	13	14	15	17	29	#
39	1005.93	0	1	2	3	4	5	6	7	8	9	10	11	13	14	15	16	29	#
40	994.457	0	1	2	3	4	5	6	7	8	9	10	11	12	13	14	15	29	#
41	290.692	9	10	11	13	30	#
42	364.723	5	9	10	14	30	#
43	265.973	8	9	13	14	30	#
44	261.556	7	11	14	15	30	#
45	239.053	4	5	8	9	30	#
46	482.714	0	1	2	5	6	10	11	31	#
47	526.921	6	8	9	10	11	13	14	31	#
48	486.542	5	6	9	10	11	14	15	31	#
49	473.678	0	1	2	5	6	10	12	31	#
50	465.415	5	9	10	11	13	14	15	31	#
51	444.427	0	1	2	5	6	9	10	31	#
