%% File generated by CATS v.2.1Thu May  9 12:50:15 2024

%% The CATS webpage is http://robotics.stanford.edu/CATS

%% PARAMETER SETTINGS:
% Goods: 24; Bids: 50; Distribution: regions; Runs: 1; Seed: 86
% Regions Distribution Parameters:
% Max Substitutable Bids = 5
% Removing HV Neighbor   = 0.1
% Adding DIAG Neighbor   = 0.2
% Additional Location    = 0.9
% Jump Probability       = 0.05
% Additivity             = 0.2
% Budget Factor          = 1.5
% Resale Factor          = 0.5
% Normal Private Value:
%   Mean                 = 0
%   Standard Deviation   = 30



goods 24
bids 52
dummy 9

0	684.881	0	4	5	6	7	8	9	10	12	13	16	24	#
1	684.351	2	5	6	7	8	9	10	11	13	14	15	24	#
2	664.236	2	4	5	6	7	8	9	10	12	13	14	24	#
3	645.603	0	1	2	4	5	6	7	9	10	13	14	24	#
4	626.914	1	4	5	6	8	9	10	12	13	14	15	24	#
5	605.111	1	4	5	6	7	8	9	10	12	13	14	24	#
6	43.6978	22	#
7	1024.49	0	1	3	4	5	6	7	8	9	10	11	12	13	14	15	17	18	25	#
8	1060.95	0	1	3	4	5	6	7	8	9	10	11	12	13	14	15	16	17	25	#
9	1060.26	0	1	3	4	5	6	7	8	9	10	11	12	13	14	15	16	19	25	#
10	1055.9	0	1	3	4	5	6	7	8	9	10	11	12	13	14	15	18	21	25	#
11	1052.39	0	1	3	4	5	6	7	8	9	10	11	12	13	14	15	16	22	25	#
12	1048.53	0	1	3	4	5	6	7	8	9	10	11	12	13	14	15	16	23	25	#
13	119.511	21	#
14	1196.92	0	1	2	3	4	5	6	7	8	9	10	11	12	13	14	15	18	21	26	#
15	1162.26	0	1	2	3	4	5	6	7	8	9	10	11	12	13	14	15	19	21	26	#
16	1139.27	0	1	2	3	4	5	6	7	8	9	10	11	12	13	14	17	18	21	26	#
17	1128.77	0	1	2	3	4	5	6	7	8	9	10	11	12	13	14	15	20	21	26	#
18	1101.74	0	1	2	3	4	5	6	7	8	9	10	11	12	13	14	15	16	18	26	#
19	1083.32	0	1	2	3	4	5	6	7	8	9	10	11	12	13	14	15	17	18	26	#
20	1.73478	20	#
21	1033.89	0	1	2	3	4	5	6	7	8	9	10	11	12	13	14	15	27	#
22	1056.2	0	1	2	3	4	5	6	7	8	9	10	12	13	14	15	19	27	#
23	1038.11	0	1	2	3	4	5	6	7	9	10	11	12	13	14	15	17	27	#
24	984.496	0	1	2	3	4	5	6	7	8	9	10	11	13	14	15	16	27	#
25	949.121	0	1	2	3	4	5	6	7	8	9	10	12	13	14	15	20	27	#
26	918.705	0	1	2	3	4	5	6	7	8	9	10	11	12	13	14	18	27	#
27	70.4239	18	#
28	269.379	0	1	4	5	8	28	#
29	325.588	0	4	5	9	13	28	#
30	270.255	0	1	4	5	6	28	#
31	211.381	1	2	3	5	6	28	#
32	83.4482	16	#
33	173.454	1	4	5	8	29	#
34	244.85	1	5	8	12	29	#
35	223.734	4	5	8	15	29	#
36	110.751	8	9	10	12	29	#
37	261.394	3	7	11	30	#
38	187.379	3	7	10	30	#
39	117.635	3	5	6	30	#
40	733.926	1	2	3	4	5	6	7	8	9	10	11	12	13	31	#
41	894.453	3	5	6	7	8	9	10	11	12	13	14	15	21	31	#
42	887.908	2	3	5	6	7	8	9	10	11	12	13	14	15	31	#
43	871.173	3	4	5	6	7	8	9	10	11	12	13	14	15	31	#
44	854.958	2	3	4	5	6	7	8	9	10	11	12	13	14	31	#
45	826.218	1	2	3	4	5	6	7	9	10	11	12	13	14	31	#
46	516.361	1	2	3	4	5	6	7	8	9	32	#
47	621.392	3	6	7	9	10	11	12	13	14	32	#
48	584.772	1	2	3	5	6	7	9	11	13	32	#
49	563.186	3	5	6	7	9	10	11	12	13	32	#
50	527.586	0	1	2	3	5	6	7	9	10	32	#
51	520.124	1	2	3	5	6	7	9	10	11	32	#
