%% File generated by CATS v.2.1Thu May  9 12:50:15 2024

%% The CATS webpage is http://robotics.stanford.edu/CATS

%% PARAMETER SETTINGS:
% Goods: 24; Bids: 50; Distribution: regions; Runs: 1; Seed: 71
% Regions Distribution Parameters:
% Max Substitutable Bids = 5
% Removing HV Neighbor   = 0.1
% Adding DIAG Neighbor   = 0.2
% Additional Location    = 0.9
% Jump Probability       = 0.05
% Additivity             = 0.2
% Budget Factor          = 1.5
% Resale Factor          = 0.5
% Normal Private Value:
%   Mean                 = 0
%   Standard Deviation   = 30



goods 24
bids 51
dummy 10

0	930.372	0	1	2	3	4	6	7	8	9	10	11	12	13	14	15	24	#
1	951.346	0	1	2	3	6	7	8	9	10	11	13	14	15	16	21	24	#
2	939.968	0	1	2	4	6	7	8	9	10	11	12	13	14	15	23	24	#
3	895.766	0	2	3	4	6	7	8	9	10	11	12	13	14	15	22	24	#
4	763.447	1	2	3	4	5	6	7	9	19	20	25	#
5	747.632	1	2	3	4	5	6	7	9	10	14	25	#
6	726.645	0	1	2	3	4	5	6	7	8	9	25	#
7	718.322	1	2	4	5	6	7	10	11	15	20	25	#
8	707.135	0	1	2	3	4	5	6	7	10	19	25	#
9	702.316	0	1	4	5	6	9	10	13	16	19	25	#
10	562.87	2	3	6	10	11	12	13	14	15	20	26	#
11	663.536	0	1	2	4	6	7	10	11	14	15	26	#
12	639.936	2	4	6	8	10	11	12	13	14	15	26	#
13	579.497	1	2	3	6	7	10	11	14	15	22	26	#
14	578.099	0	4	6	8	10	11	12	13	14	15	26	#
15	574.938	6	7	8	10	11	12	13	14	15	20	26	#
16	357.358	0	1	4	8	27	#
17	498.248	8	9	10	11	27	#
18	415.178	0	4	8	9	27	#
19	293.091	0	1	4	5	27	#
20	67.5976	18	#
21	12.619	17	#
22	335.077	0	1	8	9	12	14	28	#
23	393.631	8	9	11	12	14	15	28	#
24	364.489	0	1	4	6	8	9	28	#
25	320.114	9	10	12	13	14	15	28	#
26	313.706	8	9	12	13	14	15	28	#
27	280.016	0	1	4	5	6	8	28	#
28	18.7294	22	#
29	921.12	0	1	2	3	4	5	6	7	8	9	10	11	12	13	14	15	29	#
30	881.29	0	1	2	3	4	5	6	8	9	10	11	12	13	14	15	22	29	#
31	858.497	1	2	3	4	5	6	7	8	9	10	11	12	13	14	15	21	29	#
32	358.224	2	6	9	10	30	#
33	285.856	6	9	10	14	30	#
34	274.808	1	2	6	9	30	#
35	201.665	1	2	5	6	30	#
36	860.923	0	1	2	3	4	5	6	7	8	10	11	12	13	14	15	22	31	#
37	941.902	0	1	2	3	4	5	6	7	8	10	11	12	13	14	15	18	31	#
38	918.436	0	1	2	3	4	5	6	7	10	11	12	13	14	15	18	19	31	#
39	900.478	0	1	2	3	4	5	6	7	8	10	11	12	13	14	15	16	31	#
40	896.093	0	1	2	3	4	5	6	7	8	10	11	12	13	14	15	19	31	#
41	852.074	0	1	2	3	4	5	6	7	8	9	10	11	12	13	14	15	31	#
42	163.033	0	4	32	#
43	167.558	4	8	32	#
44	102.672	19	#
45	1147.11	0	1	2	3	4	5	6	7	8	9	10	11	12	13	14	15	20	33	#
46	1153.79	0	1	2	3	4	5	6	7	8	9	10	11	12	13	14	15	18	33	#
47	1152.45	0	1	2	3	4	5	6	7	8	9	10	11	13	14	18	20	21	33	#
48	1146.81	0	1	2	3	4	5	6	7	8	9	10	11	12	13	14	15	16	33	#
49	1048.17	0	1	2	3	4	5	6	7	8	9	10	11	12	13	14	15	21	33	#
50	1047.36	0	1	2	3	4	5	6	7	8	9	10	11	12	13	14	15	22	33	#
