%% File generated by CATS v.2.1Thu May  9 13:09:07 2024

%% The CATS webpage is http://robotics.stanford.edu/CATS

%% PARAMETER SETTINGS:
% Goods: 24; Bids: 50; Distribution: scheduling; Runs: 1; Seed: 43
% Scheduling Distribution Parameters:
% max_length                = 10
% deviation                 = 0.500000
% prob_additional_deadline  = 0.700000
% additivity                = 0.200000



goods 24
bids 53
dummy 4

0	7.12287	0	1	2	3	24	#
1	7.12287	1	2	3	4	24	#
2	7.12287	2	3	4	5	24	#
3	7.12287	3	4	5	6	24	#
4	7.12287	4	5	6	7	24	#
5	7.12287	5	6	7	8	24	#
6	7.12287	6	7	8	9	24	#
7	7.12287	7	8	9	10	24	#
8	6.47533	8	9	10	11	24	#
9	13.3489	0	1	2	3	4	5	6	7	8	25	#
10	13.3489	1	2	3	4	5	6	7	8	9	25	#
11	13.3489	2	3	4	5	6	7	8	9	10	25	#
12	1.8985	0	1	26	#
13	1.8985	1	2	26	#
14	1.8985	2	3	26	#
15	1.8985	3	4	26	#
16	1.8985	4	5	26	#
17	1.8985	5	6	26	#
18	1.8985	6	7	26	#
19	1.8985	7	8	26	#
20	1.8985	8	9	26	#
21	1.8985	9	10	26	#
22	1.8985	10	11	26	#
23	1.8985	11	12	26	#
24	1.8985	12	13	26	#
25	1.8985	13	14	26	#
26	1.8985	14	15	26	#
27	1.8985	15	16	26	#
28	1.8985	16	17	26	#
29	1.8985	17	18	26	#
30	1.8985	18	19	26	#
31	1.8985	19	20	26	#
32	1.65087	20	21	26	#
33	1.65087	21	22	26	#
34	1.65087	22	23	26	#
35	10.8899	0	1	2	3	4	5	6	27	#
36	10.8899	1	2	3	4	5	6	7	27	#
37	10.8899	2	3	4	5	6	7	8	27	#
38	10.8899	3	4	5	6	7	8	9	27	#
39	10.8899	4	5	6	7	8	9	10	27	#
40	10.8899	5	6	7	8	9	10	11	27	#
41	10.8899	6	7	8	9	10	11	12	27	#
42	10.8899	7	8	9	10	11	12	13	27	#
43	10.8899	8	9	10	11	12	13	14	27	#
44	10.8899	9	10	11	12	13	14	15	27	#
45	10.8899	10	11	12	13	14	15	16	27	#
46	10.8899	11	12	13	14	15	16	17	27	#
47	10.8899	12	13	14	15	16	17	18	27	#
48	10.8899	13	14	15	16	17	18	19	27	#
49	10.8899	14	15	16	17	18	19	20	27	#
50	10.8899	15	16	17	18	19	20	21	27	#
51	10.8899	16	17	18	19	20	21	22	27	#
52	10.4164	17	18	19	20	21	22	23	27	#
