%% File generated by CATS v.2.1Thu May  9 13:09:07 2024

%% The CATS webpage is http://robotics.stanford.edu/CATS

%% PARAMETER SETTINGS:
% Goods: 24; Bids: 50; Distribution: scheduling; Runs: 1; Seed: 34
% Scheduling Distribution Parameters:
% max_length                = 10
% deviation                 = 0.500000
% prob_additional_deadline  = 0.700000
% additivity                = 0.200000



goods 24
bids 60
dummy 4

0	1.61627	0	1	24	#
1	0.0808133	1	2	24	#
2	0.0808133	2	3	24	#
3	0.0808133	3	4	24	#
4	0.0808133	4	5	24	#
5	0.0808133	5	6	24	#
6	0.0808133	6	7	24	#
7	0.0808133	7	8	24	#
8	0.0808133	8	9	24	#
9	0.0808133	9	10	24	#
10	0.0808133	10	11	24	#
11	0.0808133	11	12	24	#
12	0.0808133	12	13	24	#
13	0.0808133	13	14	24	#
14	0.0808133	14	15	24	#
15	0.0808133	15	16	24	#
16	0.0808133	16	17	24	#
17	0.0808133	17	18	24	#
18	0.0808133	18	19	24	#
19	0.0808133	19	20	24	#
20	0.0702724	20	21	24	#
21	0.0702724	21	22	24	#
22	0.0702724	22	23	24	#
23	16.5536	0	1	2	3	4	5	6	7	25	#
24	16.5536	1	2	3	4	5	6	7	8	25	#
25	16.5536	2	3	4	5	6	7	8	9	25	#
26	16.5536	3	4	5	6	7	8	9	10	25	#
27	16.5536	4	5	6	7	8	9	10	11	25	#
28	16.5536	5	6	7	8	9	10	11	12	25	#
29	16.5536	6	7	8	9	10	11	12	13	25	#
30	16.5536	7	8	9	10	11	12	13	14	25	#
31	16.5536	8	9	10	11	12	13	14	15	25	#
32	16.5536	9	10	11	12	13	14	15	16	25	#
33	16.5536	10	11	12	13	14	15	16	17	25	#
34	16.5536	11	12	13	14	15	16	17	18	25	#
35	16.5536	12	13	14	15	16	17	18	19	25	#
36	16.5536	13	14	15	16	17	18	19	20	25	#
37	16.5536	14	15	16	17	18	19	20	21	25	#
38	11.4154	0	1	2	3	4	5	6	7	8	26	#
39	11.4154	1	2	3	4	5	6	7	8	9	26	#
40	11.4154	2	3	4	5	6	7	8	9	10	26	#
41	11.4154	3	4	5	6	7	8	9	10	11	26	#
42	11.4154	4	5	6	7	8	9	10	11	12	26	#
43	11.4154	5	6	7	8	9	10	11	12	13	26	#
44	7.49925	0	1	2	3	4	5	6	7	8	27	#
45	7.49925	1	2	3	4	5	6	7	8	9	27	#
46	7.49925	2	3	4	5	6	7	8	9	10	27	#
47	7.49925	3	4	5	6	7	8	9	10	11	27	#
48	7.49925	4	5	6	7	8	9	10	11	12	27	#
49	7.49925	5	6	7	8	9	10	11	12	13	27	#
50	7.49925	6	7	8	9	10	11	12	13	14	27	#
51	7.49925	7	8	9	10	11	12	13	14	15	27	#
52	7.49925	8	9	10	11	12	13	14	15	16	27	#
53	7.49925	9	10	11	12	13	14	15	16	17	27	#
54	7.49925	10	11	12	13	14	15	16	17	18	27	#
55	7.49925	11	12	13	14	15	16	17	18	19	27	#
56	7.49925	12	13	14	15	16	17	18	19	20	27	#
57	7.49925	13	14	15	16	17	18	19	20	21	27	#
58	6.84714	14	15	16	17	18	19	20	21	22	27	#
59	6.84714	15	16	17	18	19	20	21	22	23	27	#
