%% File generated by CATS v.2.1Thu May  9 12:38:58 2024

%% The CATS webpage is http://robotics.stanford.edu/CATS

%% PARAMETER SETTINGS:
% Goods: 16; Bids: 50; Distribution: arbitrary; Runs: 1; Seed: 90
% Arbitrary Distribution Parameters:
% Max Substitutable Bids = 5
% Removing HV Neighbor   = 0.1
% Adding DIAG Neighbor   = 0.2
% Additional Location    = 0.9
% Additivity             = 0.2
% Budget Factor          = 1.5
% Resale Factor          = 0.5
% Normal Private Value:
%   Mean                 = 0
%   Standard Deviation   = 30



goods 16
bids 55
dummy 10

0	465.879	3	7	8	10	11	13	15	16	#
1	459.053	0	3	4	6	12	13	15	16	#
2	457.227	2	3	4	6	7	8	11	16	#
3	454.364	0	2	3	4	6	8	12	16	#
4	450.451	0	5	7	10	12	13	15	16	#
5	428.467	0	3	10	11	12	13	15	16	#
6	600.865	0	2	3	4	6	7	10	11	12	13	14	15	17	#
7	754.112	0	2	4	5	6	8	10	11	12	13	14	15	17	#
8	725.833	0	2	3	4	5	6	8	10	12	13	14	15	17	#
9	701.918	0	2	5	6	7	8	10	11	12	13	14	15	17	#
10	700.801	0	2	3	5	6	8	9	10	11	13	14	15	17	#
11	674.381	0	2	3	5	6	8	9	10	11	12	14	15	17	#
12	989.818	0	1	2	3	4	5	6	7	8	9	10	11	12	13	14	15	#
13	358.295	0	2	4	10	18	#
14	293.619	3	4	10	14	18	#
15	277.216	8	10	11	13	18	#
16	225.169	2	10	11	12	18	#
17	166.009	0	3	10	12	18	#
18	83.0369	12	15	#
19	76.4384	5	9	11	19	#
20	6.9814	9	11	13	19	#
21	180.106	3	7	10	15	20	#
22	202.969	0	3	12	14	20	#
23	192.372	6	8	9	10	20	#
24	185.54	0	2	12	15	20	#
25	153.528	7	9	12	14	20	#
26	334.565	2	5	9	10	13	21	#
27	423.244	0	2	7	8	15	21	#
28	371.603	0	2	6	9	15	21	#
29	351.944	0	2	8	10	12	21	#
30	342.934	6	7	9	13	15	21	#
31	285.865	5	7	9	10	12	21	#
32	337.275	0	1	4	6	7	11	15	22	#
33	420.003	0	2	4	7	10	12	13	22	#
34	372.12	3	4	6	9	10	12	13	22	#
35	365.252	0	3	6	10	11	12	13	22	#
36	337.28	1	6	8	9	13	14	15	22	#
37	314.703	0	1	2	3	9	11	15	22	#
38	25.6159	6	#
39	597.228	0	1	3	4	6	7	8	9	11	12	13	14	15	23	#
40	771.625	0	2	4	5	6	7	8	9	11	12	13	14	15	23	#
41	720.793	0	1	2	4	5	6	7	8	11	12	13	14	15	23	#
42	717.091	0	1	2	3	4	5	7	8	9	12	13	14	15	23	#
43	674.904	0	1	3	4	5	6	7	8	9	11	13	14	15	23	#
44	661.539	0	1	2	4	6	7	8	9	10	12	13	14	15	23	#
45	223.713	0	9	15	24	#
46	207.574	9	14	15	24	#
47	152.475	2	3	15	24	#
48	77.8819	14	#
49	521.604	0	7	8	10	12	14	15	25	#
50	495.318	2	5	6	7	10	13	15	25	#
51	474.731	2	4	7	9	10	13	15	25	#
52	468.628	0	2	3	5	9	12	15	25	#
53	468.563	0	3	7	8	10	12	13	25	#
54	449.829	0	1	2	4	7	12	15	25	#
