%% File generated by CATS v.2.1Thu May  9 12:38:58 2024

%% The CATS webpage is http://robotics.stanford.edu/CATS

%% PARAMETER SETTINGS:
% Goods: 16; Bids: 50; Distribution: arbitrary; Runs: 1; Seed: 87
% Arbitrary Distribution Parameters:
% Max Substitutable Bids = 5
% Removing HV Neighbor   = 0.1
% Adding DIAG Neighbor   = 0.2
% Additional Location    = 0.9
% Additivity             = 0.2
% Budget Factor          = 1.5
% Resale Factor          = 0.5
% Normal Private Value:
%   Mean                 = 0
%   Standard Deviation   = 30



goods 16
bids 55
dummy 10

0	185.209	10	13	15	16	#
1	269.422	3	10	11	16	#
2	243.694	3	11	15	16	#
3	165.131	0	5	13	16	#
4	22.9198	13	15	#
5	383.984	4	6	8	11	12	17	#
6	389.444	0	4	6	11	12	17	#
7	346.959	0	6	8	9	15	17	#
8	273.708	8	9	11	13	15	17	#
9	212.965	5	7	8	9	13	17	#
10	1055.27	0	1	2	3	4	5	6	7	8	9	10	11	12	13	14	15	#
11	873.354	1	2	3	4	5	6	7	8	9	10	11	12	13	14	15	18	#
12	896.054	0	1	2	3	4	5	6	8	9	10	11	12	13	14	15	18	#
13	889.331	0	1	2	3	4	6	7	8	9	10	11	12	13	14	15	18	#
14	888.055	0	1	2	3	4	5	6	7	8	9	11	12	13	14	15	18	#
15	862.071	0	1	2	3	4	5	6	7	8	10	11	12	13	14	15	18	#
16	857.707	0	1	2	3	5	6	7	8	9	10	11	12	13	14	15	18	#
17	782.744	0	1	2	3	4	7	8	11	13	15	19	#
18	809.93	0	1	3	4	5	7	8	11	12	14	19	#
19	784.582	0	2	3	4	5	6	8	11	13	14	19	#
20	783.492	0	1	2	4	5	7	8	11	12	15	19	#
21	750.074	0	3	4	5	7	11	12	13	14	15	19	#
22	730.292	2	3	4	5	6	7	8	11	12	13	19	#
23	331.378	6	7	9	12	14	20	#
24	361.702	5	6	7	12	14	20	#
25	360.137	2	3	7	12	14	20	#
26	338.381	0	2	11	12	13	20	#
27	290.129	1	6	7	8	12	20	#
28	202.037	7	9	10	12	15	20	#
29	100.469	1	#
30	543.851	0	1	2	3	5	9	11	14	15	21	#
31	641.611	0	4	6	7	9	11	12	13	14	21	#
32	579.551	0	2	5	6	7	9	12	13	15	21	#
33	577.518	0	1	2	6	7	11	12	13	15	21	#
34	549.567	1	2	6	7	8	9	11	13	14	21	#
35	536.98	2	3	4	5	6	9	10	11	14	21	#
36	163.44	5	14	22	#
37	148.181	5	15	22	#
38	137.315	1	14	22	#
39	118.833	8	#
40	137.649	2	3	23	#
41	166.279	3	12	23	#
42	107.163	2	7	23	#
43	612.619	0	1	3	5	6	7	8	10	12	13	14	24	#
44	685.984	0	2	3	4	5	6	10	12	13	14	15	24	#
45	679.106	0	1	2	3	5	6	8	12	13	14	15	24	#
46	678.136	0	1	3	4	5	6	8	12	13	14	15	24	#
47	676.99	0	2	3	4	5	6	8	11	12	13	14	24	#
48	658.861	0	1	2	3	4	6	7	10	12	14	15	24	#
49	615.701	0	2	3	4	5	6	7	10	11	12	13	15	25	#
50	742.48	0	1	2	3	5	6	8	10	11	12	13	15	25	#
51	729.44	0	1	2	3	5	8	10	11	12	13	14	15	25	#
52	711.958	0	1	2	3	5	6	10	11	12	13	14	15	25	#
53	706.965	0	1	2	3	4	5	6	8	11	12	14	15	25	#
54	702.93	0	1	2	3	4	6	10	11	12	13	14	15	25	#
