%% File generated by CATS v.2.1Thu May  9 12:38:57 2024

%% The CATS webpage is http://robotics.stanford.edu/CATS

%% PARAMETER SETTINGS:
% Goods: 16; Bids: 50; Distribution: arbitrary; Runs: 1; Seed: 21
% Arbitrary Distribution Parameters:
% Max Substitutable Bids = 5
% Removing HV Neighbor   = 0.1
% Adding DIAG Neighbor   = 0.2
% Additional Location    = 0.9
% Additivity             = 0.2
% Budget Factor          = 1.5
% Resale Factor          = 0.5
% Uniform Private Value:
%   Deviation            = 0.5
%   Max Good Value       = 100



goods 16
bids 53
dummy 11

0	972.04	0	1	2	3	4	5	9	10	11	12	14	15	16	#
1	1009.55	0	1	2	3	5	6	8	9	10	11	12	14	16	#
2	1005.2	0	1	2	3	5	8	9	10	11	12	14	15	16	#
3	994.375	0	1	2	3	4	5	8	9	10	11	12	14	16	#
4	987.348	0	1	2	3	5	6	8	9	10	12	14	15	16	#
5	980.337	0	1	2	3	5	8	9	10	12	13	14	15	16	#
6	142.861	8	10	13	17	#
7	191.053	3	12	13	17	#
8	160.929	2	6	10	17	#
9	154.838	1	8	15	17	#
10	390.424	1	2	9	10	18	#
11	400.037	0	2	7	9	18	#
12	387.923	3	4	8	9	18	#
13	337.136	1	4	7	11	18	#
14	256.969	2	5	10	14	18	#
15	212.651	1	11	13	19	#
16	224.835	0	1	7	19	#
17	190.633	7	13	14	19	#
18	175.088	6	11	14	19	#
19	966.296	0	1	2	3	4	5	6	7	8	9	10	11	12	13	14	15	#
20	261.341	0	1	15	20	#
21	283.266	0	1	14	20	#
22	234.037	0	13	15	20	#
23	204.362	1	8	15	20	#
24	303.988	2	8	13	14	15	21	#
25	409.959	1	4	8	11	14	21	#
26	346.135	1	7	9	13	15	21	#
27	337.124	1	7	11	12	13	21	#
28	332.419	1	4	8	14	15	21	#
29	119.33	3	15	22	#
30	117.962	10	15	22	#
31	297.49	0	5	11	23	#
32	326.488	5	10	11	23	#
33	315.525	0	1	11	23	#
34	277.941	10	11	15	23	#
35	719.678	0	1	2	5	7	8	10	11	12	14	24	#
36	803.279	0	1	2	3	5	8	9	10	11	14	24	#
37	783.118	0	1	2	4	5	8	9	10	11	12	24	#
38	768.551	1	3	4	5	8	9	10	11	12	14	24	#
39	748.424	0	1	2	4	5	7	8	10	11	14	24	#
40	667.029	1	2	4	5	8	9	11	12	13	14	24	#
41	417.148	4	9	10	11	15	25	#
42	394.865	2	4	9	11	15	25	#
43	372.467	2	4	9	10	15	25	#
44	311.39	2	5	7	10	15	25	#
45	287.886	2	4	11	13	15	25	#
46	265.488	2	4	10	13	15	25	#
47	613.513	1	2	3	4	8	11	15	26	#
48	642.845	2	3	5	7	8	14	15	26	#
49	626.135	2	3	4	8	9	11	12	26	#
50	600.082	2	3	4	11	12	14	15	26	#
51	554.674	1	4	5	7	11	13	15	26	#
52	508.121	1	4	5	6	8	11	13	26	#
