%% File generated by CATS v.2.1Thu May  9 12:49:01 2024

%% The CATS webpage is http://robotics.stanford.edu/CATS

%% PARAMETER SETTINGS:
% Goods: 16; Bids: 50; Distribution: paths; Runs: 1; Seed: 8
% Paths Distribution Parameters:
% Initial connections:       = 2
% Edge density:              = 3.000000
% Shipping cost factor:      = 1.500000
% Max bid set size:          = 5
% Building penalty:          = 1.700000



goods 16
bids 50
dummy 24

0	0.313926	7	#
1	0.776491	13	16	#
2	0.776491	10	12	16	#
3	0.776491	7	15	16	#
4	0.776491	2	11	16	#
5	0.776491	1	2	10	16	#
6	0.0864352	3	#
7	0.684446	3	15	17	#
8	0.684446	4	6	17	#
9	0.684446	0	3	10	17	#
10	0.684446	3	5	6	17	#
11	0.684446	0	4	14	17	#
12	0.0956457	3	#
13	0.0996784	3	#
14	0.361942	4	#
15	0.3488	9	18	#
16	0.3488	0	8	18	#
17	0.557124	15	3	#
18	0.243574	8	#
19	0.386367	12	19	#
20	0.386367	1	2	19	#
21	0.386367	0	7	19	#
22	0.0860769	3	#
23	0.685046	14	1	20	#
24	0.685046	6	0	1	20	#
25	0.190073	1	#
26	0.192712	2	#
27	0.0946733	3	#
28	0.662269	15	21	#
29	0.662269	10	0	21	#
30	0.662269	5	6	21	#
31	0.438253	4	22	#
32	0.438253	3	5	22	#
33	0.561462	10	23	#
34	0.561462	15	0	23	#
35	0.82366	11	24	#
36	0.82366	10	1	24	#
37	0.82366	15	0	1	24	#
38	0.82366	5	14	1	24	#
39	0.82366	5	6	0	1	24	#
40	0.528863	15	25	#
41	0.528863	10	0	25	#
42	0.122729	3	#
43	0.776491	13	26	#
44	0.776491	10	12	26	#
45	0.776491	15	7	26	#
46	0.776491	11	2	26	#
47	0.776491	10	1	2	26	#
48	0.778362	11	3	27	#
49	0.778362	1	10	3	27	#
