%% File generated by CATS v.2.1Thu May  9 12:49:01 2024

%% The CATS webpage is http://robotics.stanford.edu/CATS

%% PARAMETER SETTINGS:
% Goods: 16; Bids: 50; Distribution: paths; Runs: 1; Seed: 30
% Paths Distribution Parameters:
% Initial connections:       = 2
% Edge density:              = 3.000000
% Shipping cost factor:      = 1.500000
% Max bid set size:          = 5
% Building penalty:          = 1.700000



goods 16
bids 54
dummy 13

0	0.626936	6	16	#
1	0.626936	0	1	16	#
2	0.595018	12	17	#
3	0.595018	3	5	17	#
4	0.595018	2	4	5	17	#
5	1.30709	0	8	15	19	#
6	0.559712	8	#
7	1.30709	8	14	19	#
8	0.973373	11	18	#
9	0.973373	4	8	18	#
10	0.973373	3	7	18	#
11	0.973373	2	4	7	18	#
12	0.973373	5	13	18	#
13	1.30709	9	19	#
14	0.399664	4	#
15	1.28593	9	20	#
16	1.28593	8	14	20	#
17	1.28593	0	8	15	20	#
18	0.971611	13	21	#
19	0.971611	5	11	21	#
20	0.971611	4	5	8	21	#
21	0.971611	7	12	21	#
22	0.971611	3	5	7	21	#
23	0.678126	14	#
24	0.534118	4	5	#
25	0.908238	13	22	#
26	0.908238	5	11	22	#
27	0.908238	4	5	8	22	#
28	0.657412	7	#
29	0.134094	0	#
30	0.590127	1	#
31	0.568387	1	#
32	0.670332	6	23	#
33	0.670332	0	1	23	#
34	0.532502	3	24	#
35	0.532502	2	4	24	#
36	0.395791	4	#
37	0.410723	4	5	#
38	1.30709	9	25	#
39	1.30709	8	14	25	#
40	1.30709	0	8	15	25	#
41	1.30709	7	10	25	#
42	0.973373	11	26	#
43	0.973373	8	4	26	#
44	0.973373	7	3	26	#
45	0.973373	7	2	4	26	#
46	0.973373	13	5	26	#
47	0.396161	4	5	#
48	0.213316	2	#
49	1.30709	9	27	#
50	1.30709	14	8	27	#
51	1.30709	0	15	8	27	#
52	1.30709	10	7	27	#
53	1.30709	14	2	7	27	#
