%% File generated by CATS v.2.1Thu May  9 12:50:14 2024

%% The CATS webpage is http://robotics.stanford.edu/CATS

%% PARAMETER SETTINGS:
% Goods: 16; Bids: 50; Distribution: regions; Runs: 1; Seed: 17
% Regions Distribution Parameters:
% Max Substitutable Bids = 5
% Removing HV Neighbor   = 0.1
% Adding DIAG Neighbor   = 0.2
% Additional Location    = 0.9
% Jump Probability       = 0.05
% Additivity             = 0.2
% Budget Factor          = 1.5
% Resale Factor          = 0.5
% Uniform Private Value:
%   Deviation            = 0.5
%   Max Good Value       = 100



goods 16
bids 50
dummy 10

0	162.884	2	6	7	16	#
1	139.569	2	3	5	16	#
2	116.177	5	6	10	16	#
3	115.775	6	7	11	16	#
4	82.8846	13	#
5	388.8	8	9	12	13	14	17	#
6	408.164	4	8	9	12	13	17	#
7	370.177	4	5	6	9	13	17	#
8	261.767	6	9	10	12	14	17	#
9	194.594	9	11	13	14	15	17	#
10	143.715	12	13	18	#
11	116.423	8	12	18	#
12	426.155	5	6	9	10	12	13	14	19	#
13	509.415	6	8	9	10	11	13	14	19	#
14	496.007	4	5	10	11	13	14	15	19	#
15	491.228	8	9	10	12	13	14	15	19	#
16	490.628	6	7	8	9	10	11	13	19	#
17	460.432	6	9	10	11	13	14	15	19	#
18	449.347	0	1	5	8	9	10	20	#
19	450.994	5	6	7	9	11	12	20	#
20	429.257	5	8	9	10	12	14	20	#
21	427.999	3	5	8	9	10	12	20	#
22	382.213	0	1	5	9	10	11	20	#
23	356.883	0	1	5	6	10	14	20	#
24	47.4115	3	#
25	1013.03	0	1	2	3	4	5	6	7	8	9	10	11	12	13	14	15	#
26	149.856	6	7	10	11	15	21	#
27	185.902	2	5	6	10	15	21	#
28	181.602	12	13	14	15	22	#
29	236.946	8	12	13	14	22	#
30	184.556	7	11	14	15	22	#
31	164.777	5	10	11	14	22	#
32	711.094	0	1	2	4	5	6	7	8	9	10	12	13	14	15	23	#
33	712.667	0	2	3	4	5	6	7	8	9	10	12	13	14	15	23	#
34	712.663	0	1	2	3	4	5	6	7	8	9	10	13	14	15	23	#
35	687.165	0	2	4	5	6	7	8	9	10	11	12	13	14	15	23	#
36	671.773	0	1	2	3	4	5	6	8	9	10	12	13	14	15	23	#
37	658.348	0	1	2	3	4	5	6	7	8	9	10	12	14	15	23	#
38	775.172	0	1	2	3	4	5	6	7	8	9	10	11	12	13	24	#
39	818.418	0	1	2	3	4	5	6	7	8	9	10	12	13	14	24	#
40	783.252	0	1	2	4	5	6	7	8	9	10	11	13	14	15	24	#
41	781.685	0	1	2	4	5	6	7	8	9	10	11	12	13	14	24	#
42	777.688	0	1	4	5	6	7	8	9	10	11	12	13	14	15	24	#
43	776.776	0	1	2	3	4	5	6	8	9	10	12	13	14	15	24	#
44	296.295	5	6	7	9	11	13	14	15	25	#
45	354.088	0	1	2	5	6	7	11	15	25	#
46	343.339	6	7	9	11	12	13	14	15	25	#
47	304.697	6	7	9	10	11	12	13	14	25	#
48	298.491	3	6	8	9	10	12	13	14	25	#
49	286.16	7	9	10	11	12	13	14	15	25	#
