%% File generated by CATS v.2.1Thu May  9 12:50:14 2024

%% The CATS webpage is http://robotics.stanford.edu/CATS

%% PARAMETER SETTINGS:
% Goods: 16; Bids: 50; Distribution: regions; Runs: 1; Seed: 86
% Regions Distribution Parameters:
% Max Substitutable Bids = 5
% Removing HV Neighbor   = 0.1
% Adding DIAG Neighbor   = 0.2
% Additional Location    = 0.9
% Jump Probability       = 0.05
% Additivity             = 0.2
% Budget Factor          = 1.5
% Resale Factor          = 0.5
% Normal Private Value:
%   Mean                 = 0
%   Standard Deviation   = 30



goods 16
bids 50
dummy 11

0	1019.19	0	1	2	3	4	5	6	7	8	9	10	11	12	13	14	16	#
1	953.872	1	2	3	4	5	6	7	8	9	10	11	12	13	14	15	16	#
2	912.991	0	1	2	4	5	6	7	8	9	10	12	13	14	17	#
3	986.694	0	1	2	6	7	8	9	10	11	12	13	14	15	17	#
4	978.674	0	4	5	6	7	8	9	10	11	12	13	14	15	17	#
5	939.721	0	2	4	5	6	7	8	9	10	11	12	13	14	17	#
6	934.673	2	4	5	6	7	8	9	10	11	12	13	14	15	17	#
7	894.4	0	1	2	4	5	6	8	9	10	12	13	14	15	17	#
8	819.625	1	2	3	4	5	6	7	8	9	10	11	12	13	14	15	18	#
9	762.875	0	1	2	3	4	5	6	7	8	9	10	11	12	13	14	18	#
10	18.3404	6	#
11	480.319	2	3	4	5	6	9	10	13	19	#
12	524.985	6	8	9	10	11	13	14	15	19	#
13	497.051	1	2	3	5	6	7	10	11	19	#
14	489.738	1	2	6	7	9	10	13	15	19	#
15	481.404	3	4	5	6	7	9	10	11	19	#
16	461.114	3	4	5	6	7	8	9	10	19	#
17	988.473	0	1	2	3	4	5	6	7	8	9	10	11	12	13	14	15	#
18	119.747	9	10	13	20	#
19	164.101	6	7	10	20	#
20	155.429	10	12	13	20	#
21	108.713	5	6	9	20	#
22	250.379	0	4	8	12	21	#
23	266.656	4	5	8	12	21	#
24	237.103	4	8	12	13	21	#
25	189.857	0	1	2	4	21	#
26	43.5535	5	6	9	22	#
27	60.9898	2	6	9	22	#
28	463.615	2	3	6	7	10	11	12	13	23	#
29	452.092	4	5	6	7	9	10	11	13	23	#
30	449.028	1	2	3	5	6	7	10	11	23	#
31	438.819	3	5	6	7	9	10	11	13	23	#
32	408.719	1	3	5	6	7	9	10	11	23	#
33	390.06	1	2	3	6	7	9	10	11	23	#
34	224.768	9	13	14	24	#
35	305.495	13	14	15	24	#
36	297.792	12	13	15	24	#
37	556.181	0	1	2	3	5	6	9	14	15	25	#
38	584.141	0	1	2	3	4	5	6	7	8	25	#
39	576.812	0	1	2	3	5	6	7	8	9	25	#
40	536.406	0	1	2	3	6	7	8	9	10	25	#
41	518.26	0	1	2	3	5	6	8	9	10	25	#
42	497.427	0	1	2	3	6	7	9	10	13	25	#
43	572.003	0	1	3	4	5	6	7	10	11	14	26	#
44	631.222	3	5	6	7	9	10	11	13	14	15	26	#
45	591.147	0	1	4	5	8	9	10	13	14	15	26	#
46	588.227	1	2	3	4	5	6	7	10	13	14	26	#
47	490.815	0	1	4	5	6	7	8	12	13	14	26	#
48	463.376	2	3	5	6	7	8	9	10	11	13	26	#
49	76.7414	3	#
