%% File generated by CATS v.2.1Thu May  9 12:50:14 2024

%% The CATS webpage is http://robotics.stanford.edu/CATS

%% PARAMETER SETTINGS:
% Goods: 16; Bids: 50; Distribution: regions; Runs: 1; Seed: 50
% Regions Distribution Parameters:
% Max Substitutable Bids = 5
% Removing HV Neighbor   = 0.1
% Adding DIAG Neighbor   = 0.2
% Additional Location    = 0.9
% Jump Probability       = 0.05
% Additivity             = 0.2
% Budget Factor          = 1.5
% Resale Factor          = 0.5
% Normal Private Value:
%   Mean                 = 0
%   Standard Deviation   = 30



goods 16
bids 50
dummy 10

0	446.662	6	7	11	15	16	#
1	374.225	7	11	14	15	16	#
2	352.267	11	13	14	15	16	#
3	336.469	1	4	5	6	16	#
4	323.069	1	2	3	7	16	#
5	424.843	2	4	5	6	7	8	9	10	11	12	17	#
6	496.294	0	2	3	4	5	6	7	8	10	11	17	#
7	482.987	2	3	5	6	7	10	11	13	14	15	17	#
8	481.116	2	3	4	5	6	7	10	11	14	15	17	#
9	474.668	0	2	3	4	5	6	7	10	11	14	17	#
10	435.615	3	4	6	7	8	9	10	11	12	15	17	#
11	112.441	3	7	18	#
12	149.673	6	7	18	#
13	54.7229	2	3	18	#
14	125.889	6	#
15	207.556	13	14	15	19	#
16	294.873	6	10	15	19	#
17	228.245	10	13	14	19	#
18	800.388	0	1	2	3	4	5	7	8	9	10	11	12	13	14	15	20	#
19	823.207	0	1	2	3	4	5	6	7	8	9	10	11	13	14	15	20	#
20	768.959	0	1	2	3	4	5	6	7	8	9	10	11	12	13	14	15	#
21	127.667	4	8	12	21	#
22	152.701	8	9	12	21	#
23	53.5582	1	#
24	16.1905	8	12	#
25	681.032	1	2	3	4	5	6	7	9	10	11	13	14	15	22	#
26	694.547	1	2	3	6	7	8	9	10	11	12	13	14	15	22	#
27	675.234	0	1	2	3	4	6	7	9	10	11	13	14	15	22	#
28	673.232	0	2	3	4	5	6	7	9	10	11	13	14	15	22	#
29	663.916	0	1	2	3	4	6	7	8	10	11	12	14	15	22	#
30	641.446	1	2	3	5	6	7	8	9	10	11	13	14	15	22	#
31	143.187	5	#
32	653.531	0	1	2	3	4	5	6	7	9	10	11	13	14	15	23	#
33	728.367	0	1	2	3	4	5	6	7	8	9	10	13	14	15	23	#
34	722.65	0	2	3	4	5	6	7	8	9	10	12	13	14	15	23	#
35	721.361	1	2	3	4	5	6	7	8	9	10	12	13	14	15	23	#
36	694.954	0	1	2	3	4	5	6	7	8	9	12	13	14	15	23	#
37	694.417	1	2	3	4	5	6	7	8	9	10	11	13	14	15	23	#
38	402.603	2	3	6	7	10	11	15	24	#
39	555.883	5	6	7	9	10	11	14	24	#
40	546.921	5	6	7	10	11	14	15	24	#
41	500.117	3	4	5	6	7	10	11	24	#
42	476.002	6	7	8	10	11	14	15	24	#
43	362.109	8	10	11	12	13	14	15	24	#
44	311.536	4	5	6	8	10	25	#
45	381.812	5	6	8	9	10	25	#
46	348.035	1	5	6	10	11	25	#
47	299.07	4	5	8	9	13	25	#
48	275.846	4	5	8	9	12	25	#
49	246.292	1	4	5	8	9	25	#
