%% File generated by CATS v.2.1Thu May  9 12:50:14 2024

%% The CATS webpage is http://robotics.stanford.edu/CATS

%% PARAMETER SETTINGS:
% Goods: 16; Bids: 50; Distribution: regions; Runs: 1; Seed: 96
% Regions Distribution Parameters:
% Max Substitutable Bids = 5
% Removing HV Neighbor   = 0.1
% Adding DIAG Neighbor   = 0.2
% Additional Location    = 0.9
% Jump Probability       = 0.05
% Additivity             = 0.2
% Budget Factor          = 1.5
% Resale Factor          = 0.5
% Uniform Private Value:
%   Deviation            = 0.5
%   Max Good Value       = 100



goods 16
bids 52
dummy 10

0	982.749	0	1	2	3	4	5	6	7	8	9	10	11	12	13	14	15	#
1	18.0286	1	#
2	627.51	3	6	7	8	9	10	11	12	13	14	15	16	#
3	675.314	3	4	7	8	9	10	11	12	13	14	15	16	#
4	623.598	2	4	5	6	7	8	9	10	11	12	13	16	#
5	622.939	3	4	6	7	8	9	10	11	12	14	15	16	#
6	603.702	4	6	7	8	9	10	11	12	13	14	15	16	#
7	575.293	4	5	7	8	9	10	11	12	13	14	15	16	#
8	349.501	0	1	2	5	6	7	17	#
9	411.725	1	5	6	7	11	15	17	#
10	365.479	3	5	6	7	11	15	17	#
11	341.959	0	1	2	5	6	10	17	#
12	340.348	0	1	5	6	10	15	17	#
13	598.731	0	1	3	4	5	6	7	8	9	11	15	18	#
14	714.233	1	4	5	6	8	9	11	12	13	14	15	18	#
15	713.349	1	4	5	6	7	8	9	11	13	14	15	18	#
16	673.191	1	3	4	5	6	7	9	11	13	14	15	18	#
17	639.668	0	1	4	5	6	7	8	11	13	14	15	18	#
18	624.954	0	1	4	5	6	7	8	9	11	14	15	18	#
19	413.454	1	4	5	6	10	19	#
20	447.23	4	5	6	9	10	19	#
21	427.473	5	6	9	10	13	19	#
22	418.206	1	2	4	5	8	19	#
23	369.155	0	1	4	5	6	19	#
24	86.7777	7	#
25	232.644	12	13	#
26	324	9	10	11	12	13	14	15	20	#
27	483.828	7	8	9	11	12	13	15	20	#
28	437.478	4	8	9	12	13	14	15	20	#
29	405.043	1	5	6	9	10	12	13	20	#
30	375.49	1	9	10	12	13	14	15	20	#
31	374.214	0	9	11	12	13	14	15	20	#
32	317.989	0	4	5	6	10	14	21	#
33	437.086	0	4	8	9	10	14	21	#
34	426.55	0	4	5	6	7	11	21	#
35	399.229	3	5	6	7	10	11	21	#
36	381.162	0	4	6	7	11	15	21	#
37	346.656	6	7	9	10	13	14	21	#
38	254.737	1	2	5	6	7	22	#
39	364.725	4	5	6	7	11	22	#
40	270.642	6	7	11	14	15	22	#
41	253.454	5	6	7	10	11	22	#
42	210.64	0	1	2	5	6	22	#
43	96.912	3	7	11	15	23	#
44	141.215	2	7	11	15	23	#
45	116.554	3	5	6	7	23	#
46	214.717	3	6	7	24	#
47	137.734	5	6	10	24	#
48	114.058	9	#
49	242.111	5	6	8	9	10	14	25	#
50	257.694	6	7	8	9	10	14	25	#
51	254.306	1	5	6	9	10	14	25	#
