%% File generated by CATS v.2.1Thu May  9 12:50:14 2024

%% The CATS webpage is http://robotics.stanford.edu/CATS

%% PARAMETER SETTINGS:
% Goods: 16; Bids: 50; Distribution: regions; Runs: 1; Seed: 32
% Regions Distribution Parameters:
% Max Substitutable Bids = 5
% Removing HV Neighbor   = 0.1
% Adding DIAG Neighbor   = 0.2
% Additional Location    = 0.9
% Jump Probability       = 0.05
% Additivity             = 0.2
% Budget Factor          = 1.5
% Resale Factor          = 0.5
% Uniform Private Value:
%   Deviation            = 0.5
%   Max Good Value       = 100



goods 16
bids 54
dummy 11

0	623.664	0	1	4	5	8	9	10	12	13	14	15	16	#
1	771.242	0	1	4	5	7	8	10	11	12	13	14	16	#
2	744.711	0	1	5	6	7	8	9	10	13	14	15	16	#
3	712.837	0	3	4	6	7	10	11	12	13	14	15	16	#
4	712.784	0	1	3	4	5	7	8	9	10	12	13	16	#
5	702.124	0	1	6	8	9	10	11	12	13	14	15	16	#
6	126.355	1	2	6	17	#
7	184.655	2	6	10	17	#
8	95.2601	0	#
9	266.958	0	4	8	9	18	#
10	278.742	7	9	10	11	18	#
11	251.446	0	4	5	8	18	#
12	249.735	0	4	8	12	18	#
13	226.988	0	2	4	10	18	#
14	990.483	0	1	2	3	4	5	6	7	8	9	10	11	12	13	14	15	#
15	494.347	1	2	6	7	10	11	14	19	#
16	584.773	2	3	6	7	10	11	14	19	#
17	545.095	2	3	6	7	9	10	11	19	#
18	539.995	1	2	3	5	6	7	11	19	#
19	487.113	7	9	10	11	12	13	14	19	#
20	447.859	3	7	9	10	11	14	15	19	#
21	81.1154	10	#
22	227.014	10	13	14	20	#
23	253.435	8	9	10	20	#
24	197.172	12	13	14	20	#
25	122.032	13	14	15	20	#
26	302.551	2	3	7	11	21	#
27	392.405	6	7	10	11	21	#
28	377.233	3	6	7	10	21	#
29	326.156	2	3	6	7	21	#
30	269.694	1	2	3	6	21	#
31	973.239	0	1	2	3	4	5	6	7	8	9	10	11	12	13	22	#
32	1018.75	0	1	3	4	5	6	7	8	9	10	11	12	13	14	22	#
33	1009.98	0	1	3	4	5	6	7	8	9	10	11	13	14	15	22	#
34	1001.01	0	3	4	5	6	7	8	9	10	11	12	13	14	15	22	#
35	957.184	0	1	2	3	4	5	6	7	8	9	11	12	13	14	22	#
36	915.602	0	1	4	5	6	7	8	9	10	11	12	13	14	15	22	#
37	169.381	0	1	2	3	5	23	#
38	227.392	1	2	3	5	6	23	#
39	564.342	1	2	3	5	6	7	9	10	11	14	24	#
40	606.243	0	1	2	4	5	6	8	9	10	11	24	#
41	595.057	1	2	5	6	9	10	11	13	14	15	24	#
42	593.04	1	2	4	5	6	7	8	9	10	11	24	#
43	547.212	0	1	2	4	5	6	9	10	13	14	24	#
44	545.694	1	2	5	6	7	9	10	11	14	15	24	#
45	122.895	6	7	25	#
46	144.045	2	6	25	#
47	141.708	7	11	25	#
48	597.749	0	1	2	3	4	5	7	9	10	11	26	#
49	690.144	2	3	4	5	7	8	9	10	11	14	26	#
50	681.49	1	2	3	4	5	6	7	8	10	11	26	#
51	668.658	0	4	5	7	8	9	10	11	12	14	26	#
52	661.381	0	4	5	6	7	8	9	10	11	12	26	#
53	650.394	2	4	5	6	7	8	9	10	11	14	26	#
