%% File generated by CATS v.2.1Thu May  9 12:50:14 2024

%% The CATS webpage is http://robotics.stanford.edu/CATS

%% PARAMETER SETTINGS:
% Goods: 16; Bids: 50; Distribution: regions; Runs: 1; Seed: 76
% Regions Distribution Parameters:
% Max Substitutable Bids = 5
% Removing HV Neighbor   = 0.1
% Adding DIAG Neighbor   = 0.2
% Additional Location    = 0.9
% Jump Probability       = 0.05
% Additivity             = 0.2
% Budget Factor          = 1.5
% Resale Factor          = 0.5
% Uniform Private Value:
%   Deviation            = 0.5
%   Max Good Value       = 100



goods 16
bids 54
dummy 12

0	241.626	5	8	9	12	16	#
1	278.579	0	4	8	12	16	#
2	211.76	5	8	12	13	16	#
3	203.46	4	8	9	12	16	#
4	202.787	9	10	11	15	16	#
5	99.4693	13	14	15	17	#
6	125.65	12	13	14	17	#
7	104.37	11	#
8	245.896	9	10	18	#
9	153.22	10	11	18	#
10	132.032	6	9	18	#
11	95.1232	1	2	19	#
12	114.1	2	6	19	#
13	86.0237	6	7	20	#
14	117.99	3	7	20	#
15	105.79	6	9	20	#
16	333.593	0	4	5	8	9	12	21	#
17	448.492	4	8	9	10	12	13	21	#
18	394.864	9	10	12	13	14	15	21	#
19	394.21	8	9	10	12	13	14	21	#
20	353.356	0	1	4	8	12	13	21	#
21	308.431	0	1	2	3	4	5	21	#
22	166.04	4	5	8	22	#
23	220.817	5	8	9	22	#
24	390.294	0	1	2	6	10	11	23	#
25	330.892	0	1	2	5	6	10	23	#
26	320.85	0	1	2	3	6	9	23	#
27	293.904	2	6	9	10	13	14	23	#
28	280.627	2	6	10	11	14	15	23	#
29	277.446	0	1	4	5	8	9	23	#
30	38.9697	13	#
31	83.6723	4	5	8	#
32	866.426	0	1	2	3	4	5	6	7	8	9	10	11	12	13	14	15	#
33	204.264	6	7	11	24	#
34	262.402	6	7	10	24	#
35	152.852	3	6	7	24	#
36	60.1459	4	5	#
37	329.743	2	6	7	9	11	25	#
38	302.947	0	4	5	9	10	25	#
39	272.545	2	3	6	7	9	25	#
40	262.876	2	3	7	11	15	25	#
41	149.958	2	3	5	6	7	25	#
42	513.457	3	5	6	7	8	9	10	11	12	13	26	#
43	605.181	3	4	6	7	8	9	10	11	12	13	26	#
44	564.385	0	3	4	6	7	8	9	11	12	13	26	#
45	540.184	3	6	7	8	9	10	11	12	13	15	26	#
46	536.003	2	4	5	6	8	9	10	11	12	13	26	#
47	534.199	3	4	6	7	8	9	10	11	12	15	26	#
48	558.579	0	1	2	5	6	7	8	10	11	12	27	#
49	488.261	1	4	5	6	7	8	10	11	12	13	27	#
50	485.555	5	6	7	8	10	11	12	13	14	15	27	#
51	452.085	1	4	5	6	8	9	10	12	13	14	27	#
52	440.574	1	2	5	6	8	10	12	13	14	15	27	#
53	433.324	0	1	4	5	6	7	8	9	10	14	27	#
