%% File generated by CATS v.2.1Thu May  9 13:09:06 2024

%% The CATS webpage is http://robotics.stanford.edu/CATS

%% PARAMETER SETTINGS:
% Goods: 16; Bids: 50; Distribution: scheduling; Runs: 1; Seed: 86
% Scheduling Distribution Parameters:
% max_length                = 10
% deviation                 = 0.500000
% prob_additional_deadline  = 0.700000
% additivity                = 0.200000



goods 16
bids 52
dummy 5

0	9.46749	0	1	2	3	4	5	16	#
1	9.46749	1	2	3	4	5	6	16	#
2	9.46749	2	3	4	5	6	7	16	#
3	9.46749	3	4	5	6	7	8	16	#
4	9.46749	4	5	6	7	8	9	16	#
5	9.46749	5	6	7	8	9	10	16	#
6	9.46749	6	7	8	9	10	11	16	#
7	9.46749	7	8	9	10	11	12	16	#
8	9.46749	8	9	10	11	12	13	16	#
9	9.46749	9	10	11	12	13	14	16	#
10	9.46749	10	11	12	13	14	15	16	#
11	8.874	0	1	2	3	4	5	6	17	#
12	8.874	1	2	3	4	5	6	7	17	#
13	8.874	2	3	4	5	6	7	8	17	#
14	8.874	3	4	5	6	7	8	9	17	#
15	8.874	4	5	6	7	8	9	10	17	#
16	8.874	5	6	7	8	9	10	11	17	#
17	8.874	6	7	8	9	10	11	12	17	#
18	8.874	7	8	9	10	11	12	13	17	#
19	4.17007	0	1	2	3	18	#
20	4.17007	1	2	3	4	18	#
21	4.17007	2	3	4	5	18	#
22	4.17007	3	4	5	6	18	#
23	4.17007	4	5	6	7	18	#
24	4.17007	5	6	7	8	18	#
25	4.17007	6	7	8	9	18	#
26	4.17007	7	8	9	10	18	#
27	4.17007	8	9	10	11	18	#
28	4.17007	9	10	11	12	18	#
29	4.17007	10	11	12	13	18	#
30	3.87221	11	12	13	14	18	#
31	3.61406	12	13	14	15	18	#
32	2.72145	0	1	19	#
33	2.72145	1	2	19	#
34	2.72145	2	3	19	#
35	2.72145	3	4	19	#
36	2.72145	4	5	19	#
37	2.72145	5	6	19	#
38	2.72145	6	7	19	#
39	2.72145	7	8	19	#
40	1.97924	8	9	19	#
41	1.97924	9	10	19	#
42	1.97924	10	11	19	#
43	1.37936	0	20	#
44	1.37936	1	20	#
45	1.37936	2	20	#
46	1.37936	3	20	#
47	1.37936	4	20	#
48	1.37936	5	20	#
49	1.37936	6	20	#
50	1.37936	7	20	#
51	1.37936	8	20	#
