%% File generated by CATS v.2.1Thu May  9 13:09:06 2024

%% The CATS webpage is http://robotics.stanford.edu/CATS

%% PARAMETER SETTINGS:
% Goods: 16; Bids: 50; Distribution: scheduling; Runs: 1; Seed: 87
% Scheduling Distribution Parameters:
% max_length                = 10
% deviation                 = 0.500000
% prob_additional_deadline  = 0.700000
% additivity                = 0.200000



goods 16
bids 51
dummy 6

0	4.43954	0	1	2	3	16	#
1	4.43954	1	2	3	4	16	#
2	4.43954	2	3	4	5	16	#
3	4.43954	3	4	5	6	16	#
4	4.43954	4	5	6	7	16	#
5	4.43954	5	6	7	8	16	#
6	4.43954	6	7	8	9	16	#
7	2.85399	7	8	9	10	16	#
8	2.85399	8	9	10	11	16	#
9	2.85399	9	10	11	12	16	#
10	2.85399	10	11	12	13	16	#
11	2.85399	11	12	13	14	16	#
12	17.9838	0	1	2	3	4	5	6	7	8	17	#
13	15.9856	1	2	3	4	5	6	7	8	9	17	#
14	13.0791	2	3	4	5	6	7	8	9	10	17	#
15	13.0791	3	4	5	6	7	8	9	10	11	17	#
16	9.59136	4	5	6	7	8	9	10	11	12	17	#
17	9.59136	5	6	7	8	9	10	11	12	13	17	#
18	9.59136	6	7	8	9	10	11	12	13	14	17	#
19	9.59136	7	8	9	10	11	12	13	14	15	17	#
20	13.694	0	1	2	3	4	5	6	7	18	#
21	13.694	1	2	3	4	5	6	7	8	18	#
22	4.10595	0	1	2	3	19	#
23	4.10595	1	2	3	4	19	#
24	4.10595	2	3	4	5	19	#
25	4.10595	3	4	5	6	19	#
26	4.10595	4	5	6	7	19	#
27	4.10595	5	6	7	8	19	#
28	4.10595	6	7	8	9	19	#
29	4.10595	7	8	9	10	19	#
30	4.10595	8	9	10	11	19	#
31	4.10595	9	10	11	12	19	#
32	4.10595	10	11	12	13	19	#
33	3.81267	11	12	13	14	19	#
34	3.55849	12	13	14	15	19	#
35	5.57717	0	1	2	20	#
36	5.57717	1	2	3	20	#
37	1.94776	0	1	2	21	#
38	1.94776	1	2	3	21	#
39	1.94776	2	3	4	21	#
40	1.94776	3	4	5	21	#
41	1.94776	4	5	6	21	#
42	1.94776	5	6	7	21	#
43	1.94776	6	7	8	21	#
44	1.94776	7	8	9	21	#
45	1.94776	8	9	10	21	#
46	1.94776	9	10	11	21	#
47	1.94776	10	11	12	21	#
48	1.94776	11	12	13	21	#
49	1.94776	12	13	14	21	#
50	1.81791	13	14	15	21	#
