%% File generated by CATS v.2.1Thu May  9 13:09:06 2024

%% The CATS webpage is http://robotics.stanford.edu/CATS

%% PARAMETER SETTINGS:
% Goods: 16; Bids: 50; Distribution: scheduling; Runs: 1; Seed: 89
% Scheduling Distribution Parameters:
% max_length                = 10
% deviation                 = 0.500000
% prob_additional_deadline  = 0.700000
% additivity                = 0.200000



goods 16
bids 51
dummy 6

0	9.0926	0	1	2	3	4	16	#
1	9.0926	1	2	3	4	5	16	#
2	9.0926	2	3	4	5	6	16	#
3	9.0926	3	4	5	6	7	16	#
4	9.0926	4	5	6	7	8	16	#
5	9.0926	5	6	7	8	9	16	#
6	7.4394	6	7	8	9	10	16	#
7	7.4394	7	8	9	10	11	16	#
8	2.79728	0	1	2	3	17	#
9	2.79728	1	2	3	4	17	#
10	2.79728	2	3	4	5	17	#
11	2.79728	3	4	5	6	17	#
12	2.79728	4	5	6	7	17	#
13	2.79728	5	6	7	8	17	#
14	2.79728	6	7	8	9	17	#
15	2.79728	7	8	9	10	17	#
16	2.79728	8	9	10	11	17	#
17	2.79728	9	10	11	12	17	#
18	2.79728	10	11	12	13	17	#
19	2.79728	11	12	13	14	17	#
20	1.42813	0	18	#
21	1.42813	1	18	#
22	1.42813	2	18	#
23	1.42813	3	18	#
24	1.42813	4	18	#
25	0.816074	5	18	#
26	0.816074	6	18	#
27	0.816074	7	18	#
28	5.10115	0	1	2	3	4	5	19	#
29	5.10115	1	2	3	4	5	6	19	#
30	3.82587	2	3	4	5	6	7	19	#
31	3.82587	3	4	5	6	7	8	19	#
32	14.8298	0	1	2	3	4	5	6	7	20	#
33	14.8298	1	2	3	4	5	6	7	8	20	#
34	14.8298	2	3	4	5	6	7	8	9	20	#
35	14.8298	3	4	5	6	7	8	9	10	20	#
36	14.8298	4	5	6	7	8	9	10	11	20	#
37	11.652	5	6	7	8	9	10	11	12	20	#
38	11.652	6	7	8	9	10	11	12	13	20	#
39	11.652	7	8	9	10	11	12	13	14	20	#
40	10.8752	8	9	10	11	12	13	14	15	20	#
41	7.43195	0	1	2	3	21	#
42	7.43195	1	2	3	4	21	#
43	7.43195	2	3	4	5	21	#
44	3.09664	3	4	5	6	21	#
45	3.09664	4	5	6	7	21	#
46	3.09664	5	6	7	8	21	#
47	3.09664	6	7	8	9	21	#
48	3.09664	7	8	9	10	21	#
49	3.09664	8	9	10	11	21	#
50	3.09664	9	10	11	12	21	#
