%% File generated by CATS v.2.1Thu May  9 13:09:06 2024

%% The CATS webpage is http://robotics.stanford.edu/CATS

%% PARAMETER SETTINGS:
% Goods: 16; Bids: 50; Distribution: scheduling; Runs: 1; Seed: 38
% Scheduling Distribution Parameters:
% max_length                = 10
% deviation                 = 0.500000
% prob_additional_deadline  = 0.700000
% additivity                = 0.200000



goods 16
bids 56
dummy 6

0	3.46927	0	1	2	3	16	#
1	3.46927	1	2	3	4	16	#
2	3.46927	2	3	4	5	16	#
3	3.46927	3	4	5	6	16	#
4	3.46927	4	5	6	7	16	#
5	3.46927	5	6	7	8	16	#
6	3.46927	6	7	8	9	16	#
7	3.46927	7	8	9	10	16	#
8	2.66867	8	9	10	11	16	#
9	2.66867	9	10	11	12	16	#
10	2.66867	10	11	12	13	16	#
11	2.31284	11	12	13	14	16	#
12	2.31284	12	13	14	15	16	#
13	10.3054	0	1	2	3	4	5	6	7	17	#
14	10.3054	1	2	3	4	5	6	7	8	17	#
15	10.3054	2	3	4	5	6	7	8	9	17	#
16	10.3054	3	4	5	6	7	8	9	10	17	#
17	8.58784	4	5	6	7	8	9	10	11	17	#
18	8.58784	5	6	7	8	9	10	11	12	17	#
19	12.4527	0	1	2	3	4	5	18	#
20	12.4527	1	2	3	4	5	6	18	#
21	12.4527	2	3	4	5	6	7	18	#
22	7.26405	3	4	5	6	7	8	18	#
23	7.26405	4	5	6	7	8	9	18	#
24	7.26405	5	6	7	8	9	10	18	#
25	7.26405	6	7	8	9	10	11	18	#
26	7.26405	7	8	9	10	11	12	18	#
27	3.10166	0	1	2	19	#
28	3.10166	1	2	3	19	#
29	3.10166	2	3	4	19	#
30	3.10166	3	4	5	19	#
31	3.10166	4	5	6	19	#
32	3.10166	5	6	7	19	#
33	3.10166	6	7	8	19	#
34	3.10166	7	8	9	19	#
35	3.10166	8	9	10	19	#
36	2.58472	9	10	11	19	#
37	2.58472	10	11	12	19	#
38	2.21547	11	12	13	19	#
39	2.21547	12	13	14	19	#
40	2.06777	13	14	15	19	#
41	12.0588	0	1	2	3	4	5	6	7	8	20	#
42	12.0588	1	2	3	4	5	6	7	8	9	20	#
43	8.34841	2	3	4	5	6	7	8	9	10	20	#
44	8.34841	3	4	5	6	7	8	9	10	11	20	#
45	8.34841	4	5	6	7	8	9	10	11	12	20	#
46	8.34841	5	6	7	8	9	10	11	12	13	20	#
47	7.23529	6	7	8	9	10	11	12	13	14	20	#
48	7.23529	7	8	9	10	11	12	13	14	15	20	#
49	13.936	0	1	2	3	4	5	6	21	#
50	13.936	1	2	3	4	5	6	7	21	#
51	13.936	2	3	4	5	6	7	8	21	#
52	13.936	3	4	5	6	7	8	9	21	#
53	10.452	4	5	6	7	8	9	10	21	#
54	10.452	5	6	7	8	9	10	11	21	#
55	10.452	6	7	8	9	10	11	12	21	#
