%% File generated by CATS v.2.1Thu May  9 12:39:16 2024

%% The CATS webpage is http://robotics.stanford.edu/CATS

%% PARAMETER SETTINGS:
% Goods: 100; Bids: 200; Distribution: arbitrary; Runs: 1; Seed: 68
% Arbitrary Distribution Parameters:
% Max Substitutable Bids = 5
% Removing HV Neighbor   = 0.1
% Adding DIAG Neighbor   = 0.2
% Additional Location    = 0.9
% Additivity             = 0.2
% Budget Factor          = 1.5
% Resale Factor          = 0.5
% Uniform Private Value:
%   Deviation            = 0.5
%   Max Good Value       = 100



goods 100
bids 202
dummy 36

0	5.35223	54	#
1	1592.26	0	1	6	14	19	20	22	24	28	29	31	33	37	45	60	61	74	77	79	81	87	88	90	94	98	100	#
2	1911.33	0	1	2	4	7	10	14	20	21	22	26	28	29	31	33	35	53	57	63	74	79	82	86	93	94	100	#
3	1859.2	1	4	6	12	16	22	24	28	29	38	43	57	61	63	65	69	74	75	81	82	86	87	90	97	99	100	#
4	1855.02	1	2	6	8	9	19	22	28	33	34	45	57	63	65	66	76	79	82	83	91	92	93	94	95	97	100	#
5	1824.21	0	1	3	11	16	20	28	29	39	42	46	53	57	61	74	75	77	79	80	83	85	89	90	94	99	100	#
6	1799.43	1	16	19	29	33	34	35	36	42	43	46	48	49	56	57	61	64	65	66	76	77	80	83	88	93	100	#
7	692.448	2	6	10	54	75	82	91	93	95	99	101	#
8	758.55	6	30	32	40	43	63	64	80	93	99	101	#
9	698.272	3	4	6	21	44	69	70	73	75	90	101	#
10	676.293	24	39	46	48	72	84	86	88	95	96	101	#
11	639.947	22	24	25	27	32	52	69	70	98	99	101	#
12	634.19	2	5	8	21	40	42	73	75	82	90	101	#
13	892.552	0	6	7	18	22	24	29	34	38	58	69	72	75	81	84	91	102	#
14	1224.83	1	21	33	37	38	43	50	56	59	69	70	77	80	81	86	93	102	#
15	1169.32	0	6	8	11	18	22	24	32	33	39	67	68	69	70	79	88	102	#
16	1153.9	4	7	8	23	26	29	36	38	41	49	60	76	78	84	86	95	102	#
17	1131.35	5	11	18	19	26	28	32	34	47	54	76	78	79	81	88	94	102	#
18	1113.31	0	4	27	43	44	55	58	60	61	67	73	78	79	81	84	94	102	#
19	806.808	9	14	19	22	28	32	58	60	64	65	68	71	80	83	87	103	#
20	1097.97	0	4	14	27	32	35	44	57	60	63	64	65	78	93	99	103	#
21	1011.11	1	17	19	21	25	28	40	43	57	61	65	76	85	88	90	103	#
22	976.087	12	14	20	23	24	25	28	30	44	56	58	64	71	72	91	103	#
23	975.192	13	17	22	24	26	27	58	61	65	68	69	76	87	90	94	103	#
24	967.637	0	3	26	33	36	39	60	69	80	82	88	93	96	97	98	103	#
25	550.872	1	11	31	34	46	59	63	66	97	104	#
26	737.589	0	1	7	27	52	57	77	83	94	104	#
27	701.726	7	8	49	63	66	71	73	92	95	104	#
28	661.883	18	38	42	46	49	63	67	75	97	104	#
29	628.314	16	30	34	52	58	78	80	83	92	104	#
30	610.528	0	14	28	29	31	46	52	89	98	104	#
31	1369.96	4	10	15	22	23	30	34	37	39	41	48	49	52	71	72	81	82	83	91	96	105	#
32	1661.38	1	10	23	24	26	29	32	37	39	53	68	76	79	81	83	85	87	94	95	96	105	#
33	1563.59	1	11	13	14	15	22	23	24	28	29	30	31	39	50	56	64	81	83	87	96	105	#
34	1496.57	2	3	7	11	13	17	22	28	31	37	39	42	48	53	55	84	86	88	90	97	105	#
35	1469.72	6	10	14	17	22	24	30	32	38	40	48	52	53	66	71	79	83	87	90	96	105	#
36	1467.67	2	3	10	22	24	28	30	35	37	39	41	47	53	58	61	66	67	88	90	97	105	#
37	86.029	17	29	106	#
38	102.515	29	58	106	#
39	739.35	5	14	22	25	28	39	61	67	75	98	107	#
40	807.085	7	22	31	38	44	49	56	67	78	86	107	#
41	803.895	8	18	28	40	53	61	65	78	92	93	107	#
42	774.609	4	16	41	48	67	77	78	79	96	98	107	#
43	734.842	14	34	39	44	47	57	60	79	81	93	107	#
44	633.491	6	28	37	44	47	56	59	60	75	86	107	#
45	1078.47	1	2	3	13	24	30	43	46	55	56	58	59	63	99	108	#
46	1124.59	8	13	14	17	26	28	33	55	56	57	58	75	91	99	108	#
47	1102.73	3	8	14	18	24	26	28	30	34	57	63	70	83	91	108	#
48	1062.44	2	12	19	24	27	28	35	38	60	71	85	92	95	99	108	#
49	1013.26	5	24	26	29	32	33	35	38	53	60	61	70	71	99	108	#
50	949.105	34	35	50	53	57	62	63	67	71	75	80	83	87	90	108	#
51	743.336	2	4	7	15	46	47	51	70	84	85	86	88	109	#
52	1032.29	7	26	29	32	46	49	52	53	76	79	80	84	109	#
53	934.561	2	21	28	33	39	46	47	53	59	67	72	76	109	#
54	925.389	3	12	18	30	36	39	46	59	62	67	70	78	109	#
55	900.983	2	4	7	37	44	52	57	59	64	81	83	92	109	#
56	821.584	5	23	37	46	63	65	70	71	83	85	95	98	109	#
57	604.27	24	25	33	35	36	50	57	65	81	93	110	#
58	825.406	18	26	33	34	42	44	45	55	65	99	110	#
59	819.554	14	25	33	38	51	55	77	81	93	95	110	#
60	709.108	20	24	33	44	46	51	65	79	80	95	110	#
61	709.008	13	26	27	34	36	43	57	78	85	93	110	#
62	703.987	2	13	24	33	36	39	57	63	87	93	110	#
63	471.667	5	31	34	45	60	61	70	71	95	98	111	#
64	681.99	0	19	30	40	69	73	80	83	94	98	111	#
65	587.221	11	13	19	28	29	46	60	62	84	92	111	#
66	581.325	5	17	21	31	38	60	66	71	83	86	111	#
67	542.96	5	33	34	38	50	53	54	61	71	95	111	#
68	490.027	5	6	11	17	19	33	34	35	55	96	111	#
69	388.902	11	28	45	54	55	77	83	88	112	#
70	479.588	2	30	36	74	77	79	81	98	112	#
71	458.108	11	16	17	20	45	53	54	92	112	#
72	440.537	16	17	45	49	58	70	78	83	112	#
73	382.268	4	10	11	19	77	81	82	96	112	#
74	364.945	3	5	20	49	59	82	84	88	112	#
75	505.712	15	30	39	42	56	78	89	113	#
76	571.008	4	25	54	56	71	78	99	113	#
77	562.428	8	21	37	45	56	64	89	113	#
78	498.781	5	16	39	42	45	90	94	113	#
79	440.123	2	6	17	30	56	89	99	113	#
80	436.478	9	16	26	32	39	51	66	113	#
81	727.932	4	27	39	48	57	68	70	77	79	93	114	#
82	838.252	4	6	26	39	49	52	57	79	85	86	114	#
83	772.209	4	14	31	37	38	42	48	76	92	95	114	#
84	739.174	3	5	21	32	39	42	56	76	78	84	114	#
85	712.937	4	14	25	29	31	41	47	52	56	93	114	#
86	712.621	26	33	38	44	49	57	60	91	93	96	114	#
87	680.832	0	4	11	12	18	22	29	44	45	52	79	89	96	115	#
88	889.927	11	19	28	39	40	42	50	52	58	66	69	79	81	115	#
89	876.749	4	13	30	31	34	52	54	66	77	81	86	89	93	115	#
90	873.316	7	12	23	50	54	69	76	80	81	87	89	92	96	115	#
91	838.325	0	3	8	18	26	57	63	64	66	69	76	80	90	115	#
92	835.832	4	19	28	44	45	50	54	63	72	81	86	87	93	115	#
93	55.265	42	#
94	270.589	9	63	79	116	#
95	201.583	9	49	85	116	#
96	184.513	15	63	98	116	#
97	153.498	31	79	81	116	#
98	207.301	1	53	61	92	117	#
99	305.618	1	12	16	29	117	#
100	277.043	3	27	53	76	117	#
101	130.503	4	47	61	68	117	#
102	609.946	3	5	33	53	65	77	86	118	#
103	682.638	40	42	46	50	53	56	59	118	#
104	470.067	21	32	36	60	65	79	82	118	#
105	432.726	6	24	33	41	61	63	86	118	#
106	419.869	5	7	16	24	46	49	81	118	#
107	414.936	3	16	39	50	58	81	95	118	#
108	1175.23	7	8	10	15	21	24	29	33	39	40	46	48	49	53	65	77	89	95	119	#
109	1336.18	7	10	23	24	28	46	51	53	57	65	72	75	76	78	82	91	93	94	119	#
110	1268.5	7	9	21	42	46	47	53	54	56	57	59	66	76	81	83	94	96	99	119	#
111	1261.21	5	8	14	16	37	49	53	57	63	65	71	75	80	81	86	93	96	99	119	#
112	1222.05	1	7	22	32	36	37	40	49	51	54	57	59	77	81	85	87	89	95	119	#
113	1188.48	3	4	5	9	10	11	23	46	47	48	54	59	61	65	82	95	96	98	119	#
114	1649.64	4	11	14	16	18	19	27	31	40	41	53	67	83	85	88	91	92	93	94	97	98	99	120	#
115	1704.46	4	7	11	12	22	23	29	30	31	32	37	41	46	47	63	73	75	83	87	94	95	99	120	#
116	1649.46	2	5	7	12	14	18	27	29	34	40	47	53	56	58	64	69	75	77	80	83	88	99	120	#
117	1638.04	4	10	11	16	19	22	31	32	40	42	46	47	56	63	64	67	74	89	94	96	97	99	120	#
118	1633.96	14	16	17	18	29	32	40	41	45	46	47	63	72	75	77	80	88	91	94	96	97	99	120	#
119	1608.67	4	11	12	16	18	22	27	32	38	41	42	56	58	59	67	75	78	81	87	97	98	99	120	#
120	756.368	2	5	10	27	49	57	64	65	67	77	83	88	91	121	#
121	961.798	4	10	12	19	39	53	56	57	63	67	75	88	90	121	#
122	871.117	0	12	14	18	19	36	38	39	46	55	77	88	91	121	#
123	833.273	1	6	9	17	27	29	38	50	51	53	55	83	92	121	#
124	812.734	0	1	29	35	41	57	64	66	80	82	83	88	97	121	#
125	800.725	6	17	19	23	27	32	39	51	55	56	84	90	97	121	#
126	53.3062	13	#
127	398.369	2	10	23	44	64	67	77	122	#
128	596.303	28	37	44	51	67	71	72	122	#
129	570.818	23	26	29	50	53	78	92	122	#
130	562.52	27	28	37	40	64	75	79	122	#
131	490.473	10	25	26	51	62	67	83	122	#
132	483.62	2	13	19	56	72	76	92	122	#
133	1279.56	2	6	9	10	13	26	38	45	46	47	48	49	52	56	58	73	76	78	80	86	91	93	123	#
134	1581.9	2	6	8	14	15	16	18	26	35	43	44	45	47	52	56	59	63	65	68	69	73	93	123	#
135	1571.64	12	14	18	21	29	35	37	39	42	46	47	51	52	62	63	72	74	75	80	82	84	91	123	#
136	1522.2	1	2	3	10	11	13	14	18	25	47	52	58	60	63	65	73	79	81	88	91	92	95	123	#
137	1500.43	2	3	10	21	22	25	35	39	47	49	52	58	59	63	68	69	73	78	80	84	88	93	123	#
138	1496.16	2	7	12	15	20	21	26	32	37	42	60	63	73	77	79	80	86	87	89	92	95	99	123	#
139	2132.45	1	5	8	12	23	26	35	38	40	42	43	44	47	48	57	58	60	61	64	66	67	69	73	79	80	81	83	92	95	96	124	#
140	2433.69	2	5	7	11	12	13	14	22	23	29	37	39	42	46	52	53	59	60	67	70	72	74	79	84	86	90	93	95	96	99	124	#
141	2233.57	5	12	13	14	19	21	22	24	29	31	35	37	42	43	46	50	55	57	60	70	72	73	74	79	82	84	88	92	93	97	124	#
142	2220.17	16	19	23	26	31	33	37	38	39	42	44	46	50	52	53	58	60	67	70	82	83	85	88	89	90	91	93	95	98	99	124	#
143	2208.21	5	8	12	14	17	19	21	25	27	30	33	37	38	40	43	53	55	57	58	59	60	73	77	79	84	89	92	95	97	99	124	#
144	2186.19	1	5	8	11	12	14	16	19	21	22	23	27	33	38	42	47	48	52	57	58	60	61	73	79	80	87	89	91	93	99	124	#
145	200.384	4	11	90	125	#
146	205.567	11	20	34	125	#
147	125.173	58	62	90	125	#
148	58.5113	4	61	88	125	#
149	189.606	11	29	79	126	#
150	192.619	29	44	58	126	#
151	33.7209	11	16	24	126	#
152	594.819	18	20	40	48	64	79	81	98	127	#
153	514.309	14	25	40	48	60	68	76	93	127	#
154	501.168	8	14	26	58	61	75	79	98	127	#
155	500.194	17	18	19	32	56	89	90	92	127	#
156	476.325	6	14	29	40	56	87	95	98	127	#
157	472.253	2	24	33	37	38	45	64	85	127	#
158	721.334	23	32	44	54	59	66	74	90	94	98	128	#
159	848.382	0	18	23	29	32	51	54	66	76	94	128	#
160	708.56	7	18	36	39	46	54	59	61	69	72	128	#
161	701.904	4	13	23	25	40	43	50	70	72	94	128	#
162	626.03	7	27	33	35	44	66	70	76	79	99	128	#
163	621.965	0	4	13	21	29	32	47	51	71	90	128	#
164	201.23	27	42	44	129	#
165	264.309	19	27	71	129	#
166	246.365	36	42	46	129	#
167	174.642	24	44	88	129	#
168	174.358	49	63	89	130	#
169	199.204	38	60	63	130	#
170	161.251	49	76	91	130	#
171	102.394	27	36	89	130	#
172	907.535	12	13	21	26	35	39	45	51	63	66	72	75	76	77	131	#
173	1143.48	4	11	21	22	37	40	45	55	56	66	68	73	90	97	131	#
174	1038.09	10	14	19	30	47	56	73	76	77	80	83	89	93	94	131	#
175	978.836	1	8	11	12	14	16	23	35	47	66	71	75	76	83	131	#
176	966.697	1	11	17	22	30	33	40	45	49	51	63	64	73	86	131	#
177	963.239	5	21	23	26	29	49	63	66	68	73	77	78	83	88	131	#
178	347.424	0	28	31	44	92	132	#
179	486.583	2	21	29	40	92	132	#
180	473.249	18	28	71	82	89	132	#
181	395.259	0	16	47	92	93	132	#
182	264.759	1	31	38	70	81	132	#
183	220.18	2	7	18	44	62	132	#
184	1592.43	0	1	11	15	17	18	19	29	31	32	33	37	39	49	55	57	59	71	81	82	83	85	89	91	95	98	133	#
185	2012.7	0	5	11	18	19	20	24	25	28	30	32	41	44	51	59	61	66	71	73	78	81	86	92	94	97	99	133	#
186	1928.87	1	2	3	18	19	20	24	25	31	33	34	35	47	49	51	53	56	61	66	67	71	77	78	85	94	97	133	#
187	1919.84	0	1	3	6	15	18	23	24	38	41	45	46	53	61	63	73	74	83	91	92	93	94	95	96	97	99	133	#
188	1907.48	6	11	17	18	22	24	31	33	36	43	49	51	53	61	63	66	70	71	76	79	83	85	86	88	95	97	133	#
189	1897.27	0	2	3	6	18	20	22	31	32	33	41	44	46	55	58	60	66	77	78	79	87	90	92	94	95	97	133	#
190	532.641	3	12	15	35	39	48	55	81	96	134	#
191	764.722	23	26	32	33	39	69	72	86	93	134	#
192	683.469	3	13	26	33	37	51	61	93	95	134	#
193	658.261	3	5	13	21	56	72	81	83	98	134	#
194	586.445	2	3	15	21	55	59	66	71	75	134	#
195	520.894	12	15	24	32	52	60	72	75	97	134	#
196	768.862	34	39	49	54	59	62	69	77	79	81	92	135	#
197	871.012	4	6	29	34	40	49	50	63	79	86	90	135	#
198	831.839	33	35	41	50	57	65	77	90	95	96	99	135	#
199	820.21	17	29	34	41	43	45	46	57	63	64	86	135	#
200	799.54	4	12	31	43	49	51	73	75	83	92	93	135	#
201	784.353	5	6	12	29	31	61	67	69	75	85	90	135	#
