%% File generated by CATS v.2.1Thu May  9 12:39:13 2024

%% The CATS webpage is http://robotics.stanford.edu/CATS

%% PARAMETER SETTINGS:
% Goods: 100; Bids: 200; Distribution: arbitrary; Runs: 1; Seed: 24
% Arbitrary Distribution Parameters:
% Max Substitutable Bids = 5
% Removing HV Neighbor   = 0.1
% Adding DIAG Neighbor   = 0.2
% Additional Location    = 0.9
% Additivity             = 0.2
% Budget Factor          = 1.5
% Resale Factor          = 0.5
% Uniform Private Value:
%   Deviation            = 0.5
%   Max Good Value       = 100



goods 100
bids 204
dummy 39

0	821.075	21	27	29	30	31	33	39	52	67	70	80	96	99	100	#
1	981.516	1	2	8	16	19	36	40	47	52	57	58	91	99	100	#
2	940.499	7	8	11	12	31	35	51	63	78	87	94	98	99	100	#
3	879.646	3	11	16	22	31	39	40	70	73	78	80	85	97	100	#
4	863.832	2	7	8	19	31	34	37	47	51	76	83	90	94	100	#
5	858.08	7	9	18	19	30	34	44	47	51	56	57	60	73	100	#
6	740.447	7	16	23	28	30	39	45	53	68	79	83	88	101	#
7	928.703	7	13	22	29	44	68	70	75	81	86	91	93	101	#
8	881.375	7	23	25	29	34	40	43	45	81	84	89	91	101	#
9	874.449	8	13	16	28	30	58	60	66	67	79	80	88	101	#
10	870.564	16	23	43	48	52	69	80	82	85	86	88	89	101	#
11	831.44	1	9	29	30	34	36	37	54	58	76	77	81	101	#
12	302.375	4	9	18	21	46	102	#
13	392.359	4	34	38	58	60	102	#
14	362.653	18	22	38	46	52	102	#
15	332.152	20	21	67	68	92	102	#
16	258.195	11	46	75	78	92	102	#
17	234.456	9	17	46	85	98	102	#
18	214.456	71	74	103	#
19	194.157	9	74	103	#
20	154.194	54	71	103	#
21	1559.82	3	7	8	11	13	15	18	23	28	32	37	38	42	43	49	50	52	53	55	75	79	83	93	95	104	#
22	1921.48	3	14	15	20	26	28	31	36	37	38	44	47	49	50	56	72	76	78	79	85	88	89	93	95	104	#
23	1769.32	6	11	12	13	17	18	22	28	32	33	34	36	38	49	50	57	67	72	75	79	83	88	92	97	104	#
24	1705.22	0	17	18	26	31	32	37	43	44	48	54	55	56	65	68	72	75	76	77	79	85	88	91	97	104	#
25	1648.88	0	4	13	17	18	21	26	30	36	37	38	45	49	52	60	67	69	71	72	75	77	79	82	83	104	#
26	1605.13	0	1	5	6	8	12	14	15	26	28	36	44	45	47	55	60	69	72	74	77	79	91	94	98	104	#
27	127.451	82	#
28	102.079	58	#
29	275.097	43	65	86	105	#
30	279.767	1	63	65	105	#
31	258.934	27	63	86	105	#
32	198.256	6	42	43	105	#
33	464.708	5	11	37	57	78	82	106	#
34	481.095	5	8	32	34	37	88	106	#
35	480.27	5	8	23	57	83	90	106	#
36	451.547	1	11	16	65	83	94	106	#
37	445.39	5	11	43	63	78	81	106	#
38	344.488	7	9	69	72	82	89	106	#
39	329.866	6	39	47	53	86	96	107	#
40	478.814	6	15	39	60	67	69	107	#
41	421.765	2	47	65	84	86	99	107	#
42	394.298	11	22	41	65	93	96	107	#
43	308.986	18	35	52	79	84	86	107	#
44	288.881	6	24	28	69	87	94	107	#
45	715.236	4	24	25	43	54	72	74	78	81	90	108	#
46	826.982	14	16	25	32	45	51	57	78	79	92	108	#
47	786.027	1	6	36	37	43	61	62	64	72	92	108	#
48	762.83	5	8	24	44	49	58	59	62	81	91	108	#
49	728.498	4	20	41	51	52	57	62	66	78	85	108	#
50	706.646	7	8	16	26	36	58	65	78	90	96	108	#
51	246.336	7	49	89	96	109	#
52	241.631	36	40	49	94	109	#
53	238.77	23	76	89	98	109	#
54	225.774	7	18	86	96	109	#
55	205.958	3	7	36	66	109	#
56	1121.19	2	3	7	8	10	22	33	35	46	49	55	56	60	61	71	86	91	96	99	110	#
57	1560.96	2	14	19	22	40	43	49	52	54	56	60	64	65	70	78	85	90	93	99	110	#
58	1466.05	1	5	7	9	15	23	30	33	41	46	48	49	54	56	57	60	80	83	90	110	#
59	1392.4	3	7	8	22	23	32	36	40	42	45	48	54	56	57	60	71	75	84	96	110	#
60	1335.83	1	5	10	20	22	23	24	40	45	50	60	64	77	85	88	89	91	96	97	110	#
61	1319.76	2	4	9	10	13	24	28	38	40	43	45	49	55	56	71	81	83	87	90	110	#
62	747.735	9	22	23	27	43	53	60	83	87	111	#
63	839.223	1	9	14	20	23	26	43	54	58	111	#
64	799.114	8	9	26	45	66	83	85	87	95	111	#
65	723.758	29	35	37	46	56	67	75	77	87	111	#
66	592.187	0	3	4	18	22	39	54	61	66	111	#
67	574.593	18	30	53	55	60	69	88	92	95	111	#
68	317.745	26	51	57	72	90	98	112	#
69	416.186	25	45	54	56	57	87	112	#
70	392.737	7	25	26	27	51	87	112	#
71	383.622	38	47	48	53	72	90	112	#
72	293.205	13	43	64	70	71	98	112	#
73	224.834	4	49	51	55	62	90	112	#
74	370.289	13	19	24	54	74	113	#
75	471.28	1	24	31	32	72	113	#
76	406.231	6	8	54	69	71	113	#
77	323.365	13	42	44	53	54	113	#
78	320.674	13	19	35	49	54	113	#
79	216.026	10	46	62	74	95	113	#
80	281.353	44	48	54	89	114	#
81	348.7	25	44	78	84	114	#
82	272.026	48	54	57	98	114	#
83	258.308	45	48	58	89	114	#
84	171.181	36	54	89	95	114	#
85	413.851	22	27	28	47	77	87	115	#
86	420.509	6	15	21	64	71	77	115	#
87	400.437	16	22	65	67	71	94	115	#
88	369.641	37	40	47	69	86	90	115	#
89	346.532	5	28	34	44	74	89	115	#
90	325.909	17	26	32	51	87	94	115	#
91	206.941	15	61	88	116	#
92	272.62	15	24	78	116	#
93	170.849	35	61	88	116	#
94	164.405	61	77	88	116	#
95	877.087	1	11	15	25	31	35	41	43	44	51	54	56	68	84	85	117	#
96	1251.29	9	12	14	24	25	27	28	37	38	43	48	59	68	72	80	117	#
97	1245.88	1	14	25	28	33	38	39	50	52	56	61	63	76	85	92	117	#
98	1093.84	2	10	13	14	16	23	25	33	38	51	56	59	61	67	83	117	#
99	1070.17	11	14	16	22	31	38	39	40	43	47	53	61	72	75	77	117	#
100	1058.61	4	8	38	40	42	50	53	59	60	61	68	72	73	89	93	117	#
101	279.743	25	67	78	118	#
102	253.33	18	25	67	118	#
103	242.145	29	63	78	118	#
104	135.272	25	87	90	118	#
105	135.231	30	58	69	119	#
106	151.001	44	58	95	119	#
107	89.5643	68	69	83	119	#
108	346.374	24	56	61	74	86	120	#
109	394.669	31	32	59	61	80	120	#
110	343.411	13	56	79	88	96	120	#
111	301.761	51	75	79	86	92	120	#
112	217.287	13	21	24	36	61	120	#
113	215.838	10	35	51	69	74	120	#
114	114.861	12	68	121	#
115	164.295	68	85	121	#
116	159.794	18	23	27	41	79	122	#
117	220.466	0	1	22	27	45	122	#
118	215.05	6	18	45	64	65	122	#
119	214.51	0	22	35	79	85	122	#
120	168.612	0	32	41	42	76	122	#
121	1058.93	8	14	26	38	39	45	56	62	71	72	79	85	94	123	#
122	1105.33	8	18	19	31	40	43	50	51	55	56	62	72	91	123	#
123	987.488	8	14	15	18	19	43	45	46	50	60	75	88	94	123	#
124	933.366	10	23	24	40	41	45	52	56	60	74	84	95	97	123	#
125	932.136	6	18	26	42	43	49	56	70	72	81	86	88	94	123	#
126	925.256	2	6	8	14	16	37	47	58	62	65	68	79	99	123	#
127	464.597	7	53	60	63	65	82	124	#
128	507.075	3	23	30	63	70	98	124	#
129	472.996	16	22	26	65	78	91	124	#
130	454.957	7	15	24	25	60	68	124	#
131	439.726	17	18	63	71	82	86	124	#
132	333.97	7	18	37	44	53	69	124	#
133	168.757	6	63	125	#
134	145.076	6	7	125	#
135	131.64	29	63	125	#
136	515.631	10	18	19	20	26	46	47	62	74	126	#
137	723.92	5	8	10	22	31	54	61	82	85	126	#
138	677.817	19	30	32	41	49	66	71	80	97	126	#
139	608.756	2	26	30	44	60	61	63	69	91	126	#
140	568.612	2	12	39	40	46	70	80	94	99	126	#
141	544.975	7	10	18	20	31	39	66	74	83	126	#
142	1610.08	3	5	13	16	17	21	24	29	30	35	41	44	52	62	67	69	72	76	77	90	91	92	93	95	97	99	127	#
143	1939.77	8	13	15	18	22	24	28	30	34	35	38	44	45	47	48	54	60	62	73	80	84	85	91	92	95	97	127	#
144	1824.48	1	5	13	15	16	18	31	32	33	34	35	36	38	39	41	45	54	62	67	74	79	80	86	89	91	99	127	#
145	1812.67	3	9	15	16	24	25	28	30	34	35	38	40	42	45	48	52	54	55	62	75	80	81	84	87	89	98	127	#
146	1784.76	3	4	8	13	23	36	38	42	47	48	54	55	63	66	72	73	76	78	79	80	84	85	86	87	95	96	127	#
147	1783.8	15	17	23	24	30	33	35	36	43	45	52	53	60	62	64	66	67	70	73	79	80	84	87	92	95	99	127	#
148	695.534	8	24	28	53	57	66	71	80	82	94	128	#
149	809.478	14	21	24	31	41	44	63	64	72	91	128	#
150	752.119	1	22	23	44	45	53	61	72	79	94	128	#
151	717.628	3	20	22	26	28	44	53	70	80	87	128	#
152	644.008	9	16	21	31	32	46	82	83	84	99	128	#
153	634.851	28	36	37	39	45	67	70	83	94	95	128	#
154	234.681	4	40	129	#
155	231.13	40	78	129	#
156	159.056	4	31	129	#
157	401.047	3	21	29	44	58	66	75	130	#
158	579.349	14	57	62	75	77	86	90	130	#
159	512.763	3	50	67	71	79	87	94	130	#
160	401.942	6	15	28	39	60	62	66	130	#
161	397.297	14	21	27	42	58	74	86	130	#
162	369.777	14	32	34	44	51	55	81	130	#
163	146.086	62	72	131	#
164	170.077	72	91	131	#
165	77.1911	29	62	131	#
166	492.79	4	24	37	50	87	94	132	#
167	402.283	1	14	65	75	92	94	132	#
168	394.023	4	7	48	56	63	69	132	#
169	372.795	10	17	37	57	74	99	132	#
170	361.182	1	9	17	47	69	87	132	#
171	346.657	2	18	25	41	50	69	132	#
172	490.471	3	7	15	21	27	46	63	95	96	133	#
173	664.956	5	22	28	35	68	71	80	95	97	133	#
174	636.722	5	14	24	34	46	63	67	80	89	133	#
175	625.449	25	27	31	33	46	70	71	72	80	133	#
176	591.746	7	35	53	54	56	79	80	89	97	133	#
177	589.948	3	14	31	33	63	67	78	83	94	133	#
178	331.269	15	21	61	67	89	134	#
179	408.01	15	25	33	40	53	134	#
180	353.553	3	59	67	71	85	134	#
181	299.447	28	51	61	72	87	134	#
182	279.174	20	21	22	70	95	134	#
183	265.856	0	15	67	78	89	134	#
184	140.219	57	65	135	#
185	87.9789	55	57	135	#
186	1845.27	1	5	6	8	9	10	14	37	40	43	44	52	53	58	65	68	69	71	77	78	82	89	95	136	#
187	1818.79	2	6	9	11	14	25	29	38	40	54	62	65	67	69	71	72	74	78	82	85	89	92	98	136	#
188	1786.74	2	3	5	6	8	14	26	37	43	44	46	48	56	62	65	69	70	72	73	78	82	85	91	136	#
189	1718.31	10	11	12	14	18	25	29	31	32	37	42	43	56	60	62	65	67	68	76	83	85	92	95	136	#
190	1704.3	1	6	11	15	21	28	30	32	35	38	40	41	42	54	65	70	76	77	78	81	82	85	95	136	#
191	1684.37	6	8	9	10	11	21	25	29	34	37	38	40	42	47	54	67	69	72	76	77	78	85	88	136	#
192	870.268	21	23	31	38	44	46	48	51	63	80	84	92	137	#
193	1005.89	10	12	14	15	18	21	24	63	80	85	94	95	137	#
194	872.121	3	16	21	23	24	28	44	52	54	63	76	98	137	#
195	870.176	0	14	16	23	28	31	44	62	71	81	94	97	137	#
196	798.613	4	5	18	32	34	36	62	66	85	92	94	99	137	#
197	773.14	15	16	23	28	39	48	52	66	67	73	76	90	137	#
198	1682.36	1	8	11	17	18	21	26	32	33	36	41	42	43	56	62	65	66	74	77	80	84	88	90	93	97	138	#
199	1978.92	0	4	16	18	23	26	27	30	31	36	43	47	50	52	57	59	62	65	66	67	69	74	78	88	93	138	#
200	1968.35	0	6	8	10	13	19	23	26	27	30	33	47	50	56	57	62	65	67	69	72	75	82	88	89	96	138	#
201	1905.13	1	4	11	14	15	17	18	22	31	32	36	40	41	42	48	50	51	58	59	60	69	75	87	88	89	138	#
202	1844.27	10	15	19	20	28	31	32	40	42	43	47	48	52	54	59	62	66	69	70	74	88	93	94	96	97	138	#
203	1834.08	4	14	18	25	28	30	31	34	35	36	40	42	50	59	60	64	66	74	75	78	84	87	88	92	99	138	#
