%% File generated by CATS v.2.1Thu May  9 12:49:04 2024

%% The CATS webpage is http://robotics.stanford.edu/CATS

%% PARAMETER SETTINGS:
% Goods: 100; Bids: 200; Distribution: paths; Runs: 1; Seed: 9
% Paths Distribution Parameters:
% Initial connections:       = 2
% Edge density:              = 3.000000
% Shipping cost factor:      = 1.500000
% Max bid set size:          = 5
% Building penalty:          = 1.700000



goods 100
bids 201
dummy 102

0	0.836951	2	98	100	#
1	0.836951	11	20	56	62	100	#
2	0.836951	7	11	20	40	56	100	#
3	0.369566	34	44	#
4	0.570503	14	21	65	101	#
5	0.570503	13	21	32	65	101	#
6	0.570503	7	8	14	65	101	#
7	0.570503	38	50	101	#
8	0.570503	7	8	13	32	65	101	#
9	0.73469	28	44	69	102	#
10	0.73469	11	44	47	69	102	#
11	0.73469	34	53	102	#
12	0.413163	3	10	103	#
13	0.413163	2	10	20	103	#
14	0.830384	23	27	91	104	#
15	0.830384	30	44	54	94	104	#
16	0.830384	23	27	30	44	67	104	#
17	0.830384	30	44	73	77	104	#
18	0.830384	13	23	27	30	44	94	104	#
19	0.98606	13	72	#
20	0.674648	5	17	94	#
21	0.960681	7	83	97	105	#
22	0.960681	12	18	98	105	#
23	0.960681	19	82	83	105	#
24	0.960681	7	19	37	45	83	105	#
25	0.960681	3	18	62	83	105	#
26	0.558616	4	59	#
27	1.0124	40	66	106	#
28	1.0124	7	62	66	106	#
29	0.859562	2	98	107	#
30	0.859562	11	20	56	62	107	#
31	0.859562	7	11	20	40	56	107	#
32	0.859562	2	3	11	56	62	107	#
33	0.859562	12	20	62	83	107	#
34	0.317179	25	42	#
35	0.306007	25	84	#
36	0.722157	41	55	108	#
37	0.722157	7	26	41	42	92	108	#
38	0.722157	21	26	41	42	68	108	#
39	0.801225	28	90	109	#
40	0.801225	11	47	90	109	#
41	0.666259	5	68	81	110	#
42	0.666259	5	8	16	64	110	#
43	0.751346	13	45	50	111	#
44	0.751346	32	65	82	111	#
45	0.751346	7	32	37	45	65	111	#
46	0.751346	21	32	46	65	111	#
47	0.751346	13	14	65	82	111	#
48	0.47036	20	70	112	#
49	0.47036	8	20	40	112	#
50	0.47036	20	21	62	112	#
51	0.47036	2	3	70	112	#
52	0.47036	2	3	8	40	112	#
53	0.973671	3	34	40	44	64	113	#
54	0.973671	3	7	34	44	62	64	113	#
55	0.973671	2	20	34	40	44	64	113	#
56	0.973671	3	9	10	15	30	34	44	113	#
57	0.973671	3	10	35	93	113	#
58	0.847757	74	114	#
59	0.847757	41	42	61	114	#
60	0.847757	26	41	42	46	68	114	#
61	0.847757	41	55	82	114	#
62	0.847757	7	37	41	45	55	114	#
63	0.418065	41	42	#
64	0.636674	55	62	115	#
65	0.636674	7	40	55	115	#
66	0.492866	77	116	#
67	0.492866	32	94	116	#
68	0.492866	14	67	116	#
69	0.492866	13	32	67	116	#
70	0.492866	13	14	94	116	#
71	0.442494	96	#
72	0.93193	45	52	117	#
73	0.93193	27	33	45	50	117	#
74	0.93193	23	24	27	45	50	117	#
75	0.93193	14	27	33	65	82	117	#
76	0.93193	13	27	32	33	65	82	117	#
77	0.983502	87	118	#
78	0.983502	43	53	118	#
79	0.983502	41	89	118	#
80	0.983502	26	28	41	42	63	118	#
81	0.983502	28	34	43	44	69	118	#
82	0.404952	41	42	#
83	0.451386	3	9	10	#
84	0.463734	26	81	119	#
85	0.463734	16	58	119	#
86	0.463734	25	29	81	119	#
87	0.463734	17	25	84	119	#
88	0.463734	16	25	30	84	119	#
89	0.799419	89	#
90	0.160851	41	#
91	0.734517	4	5	15	17	120	#
92	0.734517	4	5	15	16	30	120	#
93	0.734517	4	9	93	120	#
94	0.794035	49	#
95	0.356101	12	31	#
96	0.400575	97	#
97	1.02019	28	30	69	90	#
98	0.512241	11	56	#
99	1.05472	13	72	121	#
100	1.05472	14	32	72	121	#
101	1.05472	14	39	95	121	#
102	1.05472	13	32	39	95	121	#
103	1.05472	14	47	90	96	121	#
104	0.92801	31	78	122	#
105	0.92801	23	27	31	80	122	#
106	0.92801	13	31	54	80	122	#
107	0.92801	12	31	73	96	122	#
108	0.92801	4	24	49	122	#
109	0.964416	20	41	55	62	123	#
110	0.964416	7	20	40	41	55	123	#
111	0.964416	2	3	41	55	62	123	#
112	0.964416	2	3	7	40	41	55	123	#
113	0.964416	20	26	40	41	42	92	123	#
114	0.745671	19	86	#
115	0.0821426	11	#
116	0.889013	25	33	88	#
117	0.347148	4	5	#
118	0.721303	14	27	33	65	124	#
119	0.721303	13	27	32	33	65	124	#
120	0.721303	24	65	73	124	#
121	0.721303	24	32	54	65	124	#
122	0.721303	23	33	65	73	124	#
123	0.81988	20	40	44	64	#
124	0.784383	11	26	63	125	#
125	0.784383	11	58	69	125	#
126	0.784383	11	25	29	63	125	#
127	0.784383	11	25	30	69	84	125	#
128	0.784383	26	28	47	63	125	#
129	0.668387	79	126	#
130	0.668387	9	10	45	99	126	#
131	0.668387	9	10	37	40	45	126	#
132	0.668387	15	86	126	#
133	0.668387	9	10	62	82	126	#
134	0.214019	6	#
135	0.809796	28	63	127	#
136	0.809796	11	47	63	127	#
137	0.809796	26	28	58	69	127	#
138	0.809796	16	28	69	81	127	#
139	0.809796	11	26	47	58	69	127	#
140	0.232428	3	#
141	0.165266	36	128	#
142	0.165266	11	12	128	#
143	0.999922	31	71	129	#
144	0.999922	0	31	75	129	#
145	0.999922	22	31	60	129	#
146	0.999922	0	1	31	60	129	#
147	0.999922	1	22	31	75	129	#
148	0.379404	9	10	40	#
149	0.972576	18	47	98	130	#
150	0.972576	7	48	97	130	#
151	0.972576	7	28	56	97	130	#
152	0.379828	20	40	131	#
153	0.379828	2	3	40	131	#
154	0.822992	2	22	51	76	#
155	0.503314	9	10	70	132	#
156	0.503314	8	9	10	40	132	#
157	0.503314	9	10	21	62	132	#
158	0.499584	13	80	#
159	0.114461	14	133	#
160	0.114461	13	32	133	#
161	0.577839	42	61	#
162	1.04967	32	72	134	#
163	1.04967	39	95	134	#
164	1.04967	13	14	72	134	#
165	1.04967	47	90	96	134	#
166	1.04967	11	28	90	96	134	#
167	0.999922	31	71	135	#
168	0.999922	0	31	75	135	#
169	0.999922	22	31	60	135	#
170	0.999922	0	1	31	60	135	#
171	0.999922	1	22	31	75	135	#
172	1.10247	6	37	66	#
173	0.687582	60	#
174	0.762002	7	37	48	136	#
175	0.762002	7	28	37	56	136	#
176	0.762002	7	11	37	47	56	136	#
177	0.762002	21	38	48	136	#
178	0.762002	21	28	38	56	136	#
179	0.392841	97	#
180	0.13088	47	#
181	0.582953	27	67	137	#
182	0.582953	13	27	94	137	#
183	0.582953	14	27	77	137	#
184	0.582953	13	27	32	77	137	#
185	0.810693	53	138	#
186	0.810693	28	34	44	69	138	#
187	0.810693	11	34	44	47	69	138	#
188	0.810693	12	31	47	57	138	#
189	0.810693	4	12	31	35	47	138	#
190	0.745296	13	45	50	139	#
191	0.745296	32	65	82	139	#
192	0.745296	7	32	37	45	65	139	#
193	0.745296	21	32	46	65	139	#
194	0.954246	42	85	#
195	0.681829	48	7	37	140	#
196	0.681829	28	56	7	37	140	#
197	0.220363	12	47	#
198	0.516532	25	59	141	#
199	0.516532	29	81	5	141	#
200	0.516532	84	17	5	141	#
