%% File generated by CATS v.2.1Thu May  9 12:49:04 2024

%% The CATS webpage is http://robotics.stanford.edu/CATS

%% PARAMETER SETTINGS:
% Goods: 100; Bids: 200; Distribution: paths; Runs: 1; Seed: 31
% Paths Distribution Parameters:
% Initial connections:       = 2
% Edge density:              = 3.000000
% Shipping cost factor:      = 1.500000
% Max bid set size:          = 5
% Building penalty:          = 1.700000



goods 100
bids 200
dummy 76

0	0.378557	7	8	#
1	0.702693	47	97	100	#
2	0.702693	2	10	53	73	100	#
3	0.702693	2	10	47	48	73	100	#
4	1.22652	3	9	43	59	70	101	#
5	1.22652	3	55	75	101	#
6	0.841833	32	51	53	64	102	#
7	0.841833	32	47	48	51	64	102	#
8	0.841833	10	53	81	102	#
9	0.841833	10	51	53	66	102	#
10	0.841833	9	32	51	53	76	102	#
11	0.160466	27	#
12	0.868627	25	31	39	43	44	94	103	#
13	0.868627	43	58	96	103	#
14	0.868627	25	26	31	39	43	44	90	103	#
15	0.868627	24	31	35	39	43	44	94	103	#
16	0.868627	24	43	74	96	103	#
17	0.815662	10	21	82	86	104	#
18	0.815662	10	14	21	53	86	104	#
19	0.815662	10	15	21	48	86	104	#
20	0.815662	10	14	21	47	48	86	104	#
21	0.815662	10	15	21	47	53	86	104	#
22	0.102568	10	#
23	0.370494	39	60	#
24	0.0718907	33	#
25	1.04655	1	28	36	38	54	80	131	#
26	0.572473	31	39	94	105	#
27	0.572473	26	31	39	90	105	#
28	0.568404	79	#
29	0.329425	10	42	#
30	1.04377	36	73	75	106	#
31	1.04377	2	36	54	73	106	#
32	1.04377	2	10	36	59	73	106	#
33	1.04377	26	36	59	60	85	106	#
34	1.04377	2	9	36	50	59	73	106	#
35	0.449579	19	25	107	#
36	0.449579	18	25	43	107	#
37	0.449579	19	24	35	107	#
38	0.449579	18	24	35	43	107	#
39	0.583638	31	39	94	108	#
40	0.583638	26	31	39	90	108	#
41	0.925862	14	87	109	#
42	0.925862	15	27	97	109	#
43	0.925862	14	27	47	97	109	#
44	0.925862	15	47	87	109	#
45	0.925862	2	10	27	73	82	109	#
46	1.06406	31	44	65	110	#
47	1.06406	1	36	38	54	95	110	#
48	1.06406	1	36	38	54	71	96	110	#
49	1.06406	36	38	57	59	110	#
50	1.06406	1	10	36	38	59	95	110	#
51	0.446296	51	99	111	#
52	0.446296	5	30	33	52	111	#
53	0.446296	6	31	32	45	51	111	#
54	0.742826	2	10	27	73	112	#
55	0.742826	37	83	112	#
56	0.742826	9	13	83	112	#
57	0.742826	49	60	85	112	#
58	0.742826	26	27	60	85	112	#
59	0.987129	1	36	38	54	80	113	#
60	0.987129	1	10	36	38	59	80	113	#
61	0.987129	0	36	38	75	80	113	#
62	0.987129	1	9	36	38	50	59	80	113	#
63	0.987129	0	2	36	38	54	80	113	#
64	0.583969	10	48	86	114	#
65	0.583969	10	47	53	86	114	#
66	1.03113	3	59	64	115	#
67	1.03113	3	9	59	76	115	#
68	1.03113	39	60	84	115	#
69	1.03113	31	44	72	93	115	#
70	1.03113	30	31	44	88	115	#
71	0.16015	37	116	#
72	0.16015	9	13	116	#
73	0.772631	8	31	39	41	60	#
74	1.00792	35	61	117	#
75	1.00792	24	25	61	117	#
76	1.00792	12	42	91	117	#
77	1.00792	11	40	42	91	117	#
78	1.00792	11	24	62	117	#
79	0.533598	37	59	118	#
80	0.533598	9	13	59	118	#
81	0.745826	31	39	79	#
82	0.724977	3	75	119	#
83	0.724977	2	3	54	119	#
84	0.724977	2	3	10	59	119	#
85	0.963928	41	69	120	#
86	0.963928	8	32	39	41	51	60	120	#
87	0.963928	20	21	69	120	#
88	0.963928	8	20	21	32	39	51	60	120	#
89	0.963928	16	17	21	69	120	#
90	0.423781	59	#
91	0.394677	94	121	#
92	0.394677	26	90	121	#
93	0.0960305	51	#
94	0.989807	1	5	36	54	80	122	#
95	0.989807	1	5	10	36	59	80	122	#
96	0.989807	4	88	122	#
97	0.989807	3	36	88	122	#
98	0.989807	1	36	46	54	71	122	#
99	0.72695	31	35	39	44	94	123	#
100	0.72695	74	96	123	#
101	0.72695	26	31	35	39	44	90	123	#
102	0.72695	24	25	31	39	44	94	123	#
103	0.72695	44	45	74	123	#
104	0.601212	2	73	124	#
105	0.601212	0	1	73	124	#
106	0.601212	2	7	26	60	124	#
107	1.04655	1	10	29	36	59	80	131	#
108	0.787103	22	31	79	#
109	0.666341	30	33	92	125	#
110	0.666341	33	40	93	125	#
111	0.666341	11	63	125	#
112	0.666341	30	34	44	92	125	#
113	0.666341	33	46	92	96	125	#
114	1.09297	9	59	70	126	#
115	1.09297	50	54	70	126	#
116	1.09297	13	37	59	70	126	#
117	1.09297	10	50	59	70	126	#
118	1.09297	24	54	91	126	#
119	0.654114	31	39	94	127	#
120	0.654114	26	31	39	90	127	#
121	0.654114	31	32	68	127	#
122	0.526396	3	9	59	#
123	0.227088	39	#
124	0.486269	1	95	128	#
125	0.486269	1	71	96	128	#
126	0.740301	0	23	56	129	#
127	0.740301	0	23	40	78	129	#
128	0.740301	2	23	40	42	129	#
129	0.740301	0	12	22	78	129	#
130	0.927716	21	69	130	#
131	0.927716	8	21	32	39	51	60	130	#
132	0.927716	31	32	45	51	98	130	#
133	0.927716	33	52	67	130	#
134	0.927716	20	41	69	130	#
135	1.04655	1	29	36	54	80	131	#
136	0.273429	10	53	132	#
137	0.273429	10	47	48	132	#
138	0.770834	24	70	133	#
139	0.770834	50	91	133	#
140	0.770834	25	35	70	133	#
141	0.770834	9	10	91	133	#
142	0.608374	8	31	39	60	#
143	0.172149	18	#
144	0.573075	31	39	60	134	#
145	0.573075	45	71	77	134	#
146	0.961115	88	135	#
147	0.961115	1	3	5	54	80	135	#
148	0.961115	5	72	78	80	135	#
149	0.961115	1	3	5	10	59	80	135	#
150	0.961115	40	72	92	135	#
151	0.87253	8	31	39	41	60	136	#
152	0.87253	8	20	21	31	39	60	136	#
153	0.87253	20	45	98	136	#
154	0.87253	20	44	67	136	#
155	0.87253	20	44	96	98	136	#
156	0.775991	8	32	39	60	137	#
157	0.775991	51	69	137	#
158	0.677849	25	43	90	138	#
159	0.677849	24	35	43	90	138	#
160	0.677849	25	26	43	94	138	#
161	0.677849	24	26	35	43	94	138	#
162	0.847653	16	41	89	#
163	0.837439	43	70	139	#
164	0.837439	55	2	50	139	#
165	0.338405	85	#
166	0.18869	2	#
167	0.609893	3	54	140	#
168	0.609893	3	59	10	140	#
169	0.164557	15	141	#
170	0.164557	47	14	141	#
171	0.629752	0	56	23	142	#
172	0.629752	0	78	40	23	142	#
173	0.7857	55	2	143	#
174	0.7857	43	70	50	143	#
175	0.7857	43	24	91	143	#
176	1.15519	56	0	55	18	144	#
177	1.15519	62	19	144	#
178	1.15519	40	78	0	55	18	144	#
179	1.15519	62	43	18	144	#
180	1.15519	40	42	2	55	18	144	#
181	0.801835	3	72	12	#
182	0.985644	12	72	4	38	145	#
183	0.985644	12	72	3	36	38	145	#
184	0.985644	11	40	72	4	38	145	#
185	0.985644	11	40	72	3	36	38	145	#
186	0.985644	12	42	54	36	38	145	#
187	0.628252	35	94	39	31	#
188	0.330091	94	#
189	1.20288	23	40	42	91	146	#
190	1.20288	23	62	24	146	#
191	1.20288	22	61	35	146	#
192	1.20288	23	40	42	50	70	24	146	#
193	1.20288	22	61	25	24	146	#
194	0.72695	35	94	39	31	44	147	#
195	0.72695	74	96	147	#
196	0.72695	35	90	26	39	31	44	147	#
197	0.72695	24	25	94	39	31	44	147	#
198	0.72695	74	45	44	147	#
199	0.661977	70	#
