%% File generated by CATS v.2.1Thu May  9 12:49:04 2024

%% The CATS webpage is http://robotics.stanford.edu/CATS

%% PARAMETER SETTINGS:
% Goods: 100; Bids: 200; Distribution: paths; Runs: 1; Seed: 43
% Paths Distribution Parameters:
% Initial connections:       = 2
% Edge density:              = 3.000000
% Shipping cost factor:      = 1.500000
% Max bid set size:          = 5
% Building penalty:          = 1.700000



goods 100
bids 201
dummy 87

0	0.937727	29	56	66	100	#
1	0.937727	1	29	66	95	100	#
2	0.937727	30	41	56	66	100	#
3	0.937727	31	56	89	100	#
4	0.912954	22	23	28	30	76	101	#
5	0.912954	21	22	23	28	45	60	101	#
6	0.912954	22	23	28	29	41	76	101	#
7	0.912954	0	22	23	28	41	56	101	#
8	0.960823	22	50	#
9	0.564684	9	54	102	#
10	0.564684	9	25	94	102	#
11	0.564684	8	19	54	102	#
12	0.564684	9	18	24	25	39	102	#
13	0.564684	9	17	24	25	39	44	102	#
14	1.04832	26	78	86	103	#
15	1.04832	26	47	73	103	#
16	1.04832	6	26	72	86	103	#
17	1.04832	10	37	78	86	103	#
18	1.04832	8	10	63	78	103	#
19	0.89682	27	31	39	44	92	104	#
20	0.89682	17	18	27	31	39	92	104	#
21	0.89682	39	75	81	104	#
22	0.220499	29	84	105	#
23	0.220499	21	41	105	#
24	0.220499	21	29	30	105	#
25	1.02859	9	12	20	21	46	54	106	#
26	1.02859	9	12	20	21	25	46	94	106	#
27	1.02859	12	21	24	25	39	55	106	#
28	1.02859	8	12	19	20	21	46	54	106	#
29	1.02859	9	12	18	20	21	24	25	39	46	106	#
30	0.717504	31	92	#
31	0.209129	9	17	107	#
32	0.209129	8	17	19	107	#
33	0.209129	9	18	44	107	#
34	0.212827	35	#
35	0.241548	14	#
36	0.585714	9	12	54	108	#
37	0.585714	9	12	25	94	108	#
38	0.585714	8	12	19	54	108	#
39	0.585714	9	12	18	24	25	39	108	#
40	0.585714	9	12	17	24	25	39	44	108	#
41	0.962557	22	32	39	44	92	109	#
42	0.962557	27	28	31	39	44	92	109	#
43	0.962557	17	18	22	32	39	92	109	#
44	0.501796	29	95	110	#
45	0.501796	60	84	110	#
46	0.501796	21	30	60	110	#
47	0.501796	1	29	56	110	#
48	0.501796	21	29	41	60	110	#
49	0.564708	10	44	75	111	#
50	0.564708	9	17	63	111	#
51	0.17423	13	#
52	0.868293	9	12	20	46	54	112	#
53	0.868293	9	12	20	25	46	94	112	#
54	0.868293	12	24	25	39	55	112	#
55	0.868293	8	12	19	20	46	54	112	#
56	0.868293	9	12	18	20	24	25	39	46	112	#
57	0.829911	16	80	113	#
58	0.829911	15	45	80	113	#
59	0.829911	0	85	113	#
60	0.829911	16	26	48	113	#
61	0.829911	15	26	45	48	113	#
62	0.922166	5	26	64	99	114	#
63	0.922166	23	26	49	96	114	#
64	0.922166	23	26	32	64	96	114	#
65	0.922166	10	68	96	114	#
66	0.922166	22	23	28	81	96	114	#
67	1.03164	4	97	115	#
68	1.03164	13	70	115	#
69	1.03164	5	13	57	99	115	#
70	1.03164	14	23	71	96	115	#
71	1.03164	5	64	82	99	115	#
72	0.739595	8	72	116	#
73	0.739595	6	8	78	116	#
74	0.545954	37	49	117	#
75	0.545954	32	37	64	117	#
76	0.550711	93	#
77	0.486581	37	86	118	#
78	0.486581	8	63	118	#
79	0.76456	19	47	78	#
80	1.06059	16	48	82	119	#
81	1.06059	15	45	48	82	119	#
82	1.06059	0	53	82	119	#
83	1.06059	11	13	16	37	48	119	#
84	1.06059	0	1	15	48	82	119	#
85	1.21059	50	120	#
86	1.21059	23	30	98	120	#
87	1.21059	23	29	41	98	120	#
88	1.21059	8	20	21	23	46	72	120	#
89	0.574519	1	90	91	#
90	0.646648	9	46	94	121	#
91	0.646648	9	18	24	39	46	121	#
92	0.646648	9	17	24	39	44	46	121	#
93	0.646648	8	19	46	94	121	#
94	0.646648	8	18	19	24	39	46	121	#
95	0.580243	32	44	92	#
96	0.296217	44	83	#
97	0.550252	29	76	122	#
98	0.550252	0	56	122	#
99	0.550252	45	95	122	#
100	0.550252	15	16	95	122	#
101	0.550252	29	45	60	84	122	#
102	0.616802	25	65	123	#
103	0.616802	12	43	93	123	#
104	0.616802	24	25	33	90	123	#
105	0.703013	9	20	46	94	124	#
106	0.703013	24	39	55	124	#
107	0.703013	9	18	20	24	39	46	124	#
108	0.703013	9	17	20	24	39	44	46	124	#
109	0.703013	8	19	20	46	94	124	#
110	0.993608	28	34	87	125	#
111	0.993608	28	43	58	125	#
112	0.993608	28	33	43	87	125	#
113	1.31217	6	50	61	126	#
114	1.31217	17	19	59	78	126	#
115	1.31217	36	77	78	86	126	#
116	1.31217	6	22	50	52	126	#
117	1.31217	18	19	67	78	126	#
118	1.00096	22	24	32	39	44	92	127	#
119	1.00096	17	22	32	92	94	127	#
120	1.00096	24	27	28	31	39	44	92	127	#
121	1.00096	28	62	81	127	#
122	1.00096	17	18	22	24	32	39	92	127	#
123	0.709984	78	128	#
124	0.709984	6	72	128	#
125	1.17151	22	28	50	#
126	0.680435	17	33	45	83	91	#
127	0.654677	39	44	92	129	#
128	0.654677	17	18	39	92	129	#
129	1.05368	35	66	76	130	#
130	1.05368	23	30	61	76	130	#
131	1.05368	21	23	45	60	61	130	#
132	1.05368	23	29	41	61	76	130	#
133	1.05368	0	23	41	56	61	130	#
134	0.383159	1	91	131	#
135	0.383159	0	45	91	131	#
136	0.176463	13	#
137	1.07887	32	50	132	#
138	1.07887	17	19	72	92	132	#
139	1.07887	64	72	86	132	#
140	1.07887	18	19	44	72	92	132	#
141	1.07887	8	9	17	72	92	132	#
142	1.12983	47	69	133	#
143	1.12983	6	7	69	133	#
144	0.097178	1	#
145	0.725808	44	75	83	134	#
146	0.725808	10	74	134	#
147	0.880966	3	9	46	54	135	#
148	0.880966	2	9	12	46	54	135	#
149	0.880966	3	9	25	46	94	135	#
150	0.880966	2	9	12	25	46	94	135	#
151	0.880966	3	8	19	46	54	135	#
152	0.371627	15	51	136	#
153	0.371627	34	91	136	#
154	0.750293	20	29	40	42	46	84	137	#
155	0.750293	20	21	40	41	42	46	137	#
156	0.750293	4	20	21	46	96	137	#
157	0.750293	20	21	29	30	40	42	46	137	#
158	0.750293	4	5	20	29	42	46	84	137	#
159	1.0111	9	20	46	54	84	138	#
160	1.0111	24	25	39	88	138	#
161	1.0111	9	20	25	46	84	94	138	#
162	1.0111	24	25	39	55	84	138	#
163	1.0111	9	20	21	30	46	54	138	#
164	1.26404	23	40	41	42	79	139	#
165	1.26404	4	23	79	96	139	#
166	1.26404	23	29	30	40	42	79	139	#
167	0.532098	49	140	#
168	0.532098	32	64	140	#
169	0.532735	30	76	141	#
170	0.532735	21	45	60	141	#
171	0.532735	29	41	76	141	#
172	0.532735	0	41	56	141	#
173	0.532735	0	29	30	56	141	#
174	0.126553	5	#
175	0.74621	67	142	#
176	0.74621	44	59	142	#
177	0.74621	31	35	44	92	142	#
178	0.74621	17	18	59	142	#
179	1.03164	4	97	143	#
180	1.03164	13	70	143	#
181	1.03164	5	13	57	99	143	#
182	1.03164	14	23	71	96	143	#
183	1.03164	5	64	82	99	143	#
184	0.525573	15	29	95	144	#
185	0.525573	15	60	84	144	#
186	0.525573	15	21	30	60	144	#
187	0.525573	1	15	29	56	144	#
188	0.525573	15	21	29	41	60	144	#
189	1.0995	37	73	145	#
190	1.0995	10	26	73	145	#
191	1.0995	37	47	78	86	145	#
192	1.0995	8	47	63	78	145	#
193	1.0995	7	37	72	86	145	#
194	0.525573	15	29	95	146	#
195	0.525573	15	60	84	146	#
196	0.525573	15	21	30	60	146	#
197	0.525573	1	15	29	56	146	#
198	0.525573	15	21	29	41	60	146	#
199	1.13315	72	77	86	147	#
200	1.13315	37	38	72	86	147	#
