%% File generated by CATS v.2.1Thu May  9 12:50:47 2024

%% The CATS webpage is http://robotics.stanford.edu/CATS

%% PARAMETER SETTINGS:
% Goods: 100; Bids: 200; Distribution: regions; Runs: 1; Seed: 49
% Regions Distribution Parameters:
% Max Substitutable Bids = 5
% Removing HV Neighbor   = 0.1
% Adding DIAG Neighbor   = 0.2
% Additional Location    = 0.9
% Jump Probability       = 0.05
% Additivity             = 0.2
% Budget Factor          = 1.5
% Resale Factor          = 0.5
% Uniform Private Value:
%   Deviation            = 0.5
%   Max Good Value       = 100



goods 100
bids 205
dummy 39

0	1195.16	27	29	36	37	38	39	46	48	49	57	58	68	69	78	79	89	98	99	100	#
1	1312.31	55	56	57	58	64	65	67	68	69	74	75	77	78	79	88	89	98	99	100	#
2	1309.17	35	38	39	45	46	47	48	49	56	57	58	59	67	68	69	72	78	79	100	#
3	1270.62	14	16	24	25	26	27	36	37	38	46	48	49	56	58	79	83	89	93	100	#
4	1249.14	57	58	59	66	67	68	69	71	79	80	81	87	88	89	96	97	98	99	100	#
5	1245.98	27	38	48	49	55	56	57	58	68	69	78	79	87	88	89	97	98	99	100	#
6	236.927	49	59	69	101	#
7	190.667	29	39	49	101	#
8	144.269	59	68	69	101	#
9	1034.48	24	25	33	34	35	36	37	43	44	45	46	54	55	102	#
10	1274.49	32	35	36	42	43	44	45	54	55	63	64	76	86	102	#
11	1128.1	0	41	42	43	44	51	52	54	55	56	64	86	96	102	#
12	1127.59	31	34	35	40	41	42	43	44	46	51	53	54	55	102	#
13	1108.59	32	33	34	35	41	42	43	44	53	54	55	56	66	102	#
14	1089.79	21	23	24	35	36	43	44	45	54	55	63	64	74	102	#
15	228.588	52	81	103	#
16	223.329	41	52	103	#
17	183.447	81	91	103	#
18	1056.97	54	61	64	70	71	72	73	74	80	81	82	91	92	104	#
19	1242.83	40	41	42	43	51	52	62	71	72	81	82	91	92	104	#
20	1209.45	43	52	53	54	61	62	63	64	71	72	73	74	84	104	#
21	1197.49	20	30	40	62	63	70	71	72	73	80	81	82	83	104	#
22	1181.38	6	52	62	71	72	73	74	81	82	84	85	91	92	104	#
23	1155.04	63	71	72	73	74	81	82	83	84	91	92	93	94	104	#
24	257.035	50	51	60	74	84	105	#
25	383.467	73	74	84	85	86	105	#
26	282.945	41	50	51	60	61	105	#
27	281.432	50	51	52	60	61	105	#
28	895.815	23	24	25	26	35	36	45	46	55	91	106	#
29	864.717	25	26	35	36	45	46	53	54	55	65	106	#
30	822.745	5	14	15	16	25	26	27	35	36	45	106	#
31	770.856	14	24	25	26	27	34	35	36	45	54	106	#
32	758.261	24	25	26	27	36	38	45	55	65	97	106	#
33	755.914	27	28	36	37	38	39	45	46	55	65	106	#
34	844.347	19	27	28	29	36	37	38	39	49	58	59	69	79	107	#
35	1209.35	56	58	59	66	67	69	76	77	78	79	88	89	99	107	#
36	1084.6	39	46	47	49	56	57	58	59	67	69	79	88	89	107	#
37	1047.46	27	28	33	37	43	46	53	55	56	57	65	66	76	107	#
38	1042.8	19	29	39	49	57	58	59	67	69	77	79	89	99	107	#
39	966.139	46	48	49	56	57	58	59	66	67	68	69	78	79	107	#
40	1417.26	12	20	21	22	23	32	33	34	40	41	42	43	44	45	53	54	55	63	64	108	#
41	1594.38	45	54	55	61	62	63	64	65	66	72	73	74	75	76	83	84	86	87	93	108	#
42	1489.69	0	1	2	3	4	5	10	12	14	15	16	20	21	22	32	33	34	41	42	108	#
43	1476.69	34	35	44	45	54	55	56	62	63	64	65	66	72	73	74	75	76	82	83	108	#
44	1459.78	20	21	22	23	29	32	33	34	42	43	44	45	46	53	54	56	57	58	63	108	#
45	1445.79	12	20	21	22	23	32	33	34	42	43	44	45	54	55	65	66	75	76	77	108	#
46	2023.46	2	4	13	14	15	16	17	24	25	26	35	36	46	53	55	56	60	61	62	63	64	65	72	73	74	75	76	85	86	95	109	#
47	2304.28	10	20	21	31	32	38	41	42	43	48	50	51	52	53	61	62	63	64	70	71	73	74	80	81	83	84	85	86	94	95	109	#
48	2303.79	35	36	38	45	46	48	51	53	55	56	57	58	59	61	62	67	68	69	71	72	77	78	79	80	81	88	90	91	92	98	109	#
49	2265.64	24	25	26	35	36	43	44	45	46	54	55	56	57	59	64	65	67	68	69	74	75	76	77	78	79	80	81	84	86	90	109	#
50	2252.78	10	20	21	30	31	32	41	42	43	51	52	53	60	61	62	63	64	65	69	70	71	72	73	74	76	81	82	84	86	94	109	#
51	2232.04	2	3	4	11	12	13	14	22	23	24	25	31	35	36	41	45	51	52	59	61	62	67	68	69	76	77	78	79	86	88	109	#
52	1326.76	0	1	10	11	12	20	21	22	23	30	31	32	33	34	40	41	43	51	61	70	110	#
53	1492.76	15	25	34	36	37	42	43	44	45	54	55	63	64	73	74	83	84	85	86	87	110	#
54	1443.19	0	1	10	11	12	18	20	21	27	31	37	38	41	48	49	57	58	67	68	77	110	#
55	1435.89	0	1	10	11	12	20	21	22	30	31	32	33	40	41	42	43	52	62	83	84	110	#
56	1425.2	0	1	10	11	12	20	21	22	30	31	32	33	34	40	41	42	43	44	52	62	110	#
57	1415.81	20	31	32	33	34	40	41	42	51	52	61	62	70	71	72	80	81	82	88	92	110	#
58	747.134	23	33	34	65	78	87	88	95	96	97	98	111	#
59	1012.9	5	6	43	53	58	67	68	77	78	88	98	111	#
60	929.937	57	58	67	68	77	78	79	87	88	89	97	111	#
61	904.579	56	57	67	68	69	77	78	79	87	88	98	111	#
62	902.831	58	59	68	69	77	78	79	87	88	98	99	111	#
63	870.479	64	73	74	78	85	86	87	88	96	97	98	111	#
64	1314.84	43	53	54	61	62	71	72	73	74	80	81	82	83	84	90	91	92	93	112	#
65	1492.77	51	52	61	62	63	71	72	73	81	82	83	84	85	86	93	95	96	97	112	#
66	1426.79	4	42	52	61	62	63	64	70	71	72	73	82	83	84	92	93	94	95	112	#
67	1419.56	20	30	31	36	40	41	43	44	45	46	51	52	53	54	56	60	61	62	112	#
68	1392.38	52	61	62	71	72	73	74	82	83	84	85	86	92	93	94	95	96	97	112	#
69	1343.74	41	51	52	61	62	70	71	72	73	74	80	81	82	83	84	85	90	93	112	#
70	39.8364	83	#
71	2128.35	4	5	6	7	8	9	14	17	18	19	26	27	28	29	35	36	37	38	39	45	48	49	55	58	59	64	65	67	68	69	75	77	78	87	88	98	113	#
72	2485.55	22	31	32	34	35	36	37	38	41	43	44	45	50	51	52	53	54	55	56	58	59	61	62	63	64	65	66	67	68	69	70	72	75	77	78	79	113	#
73	2472.59	49	52	53	55	56	58	59	61	62	63	65	66	67	68	69	72	73	77	78	79	80	81	83	84	85	87	88	89	90	91	92	93	96	97	98	99	113	#
74	2411.67	17	27	28	38	45	52	54	55	56	58	59	62	65	66	67	69	72	73	75	77	78	79	83	84	85	86	87	88	89	93	94	95	96	97	98	99	113	#
75	2314.94	9	18	19	27	28	34	35	36	37	38	40	41	43	44	45	46	47	48	50	51	52	53	54	55	56	60	61	62	65	66	70	71	72	75	80	83	113	#
76	2302.58	0	3	4	5	6	7	8	9	10	13	14	15	17	18	19	20	21	22	23	27	28	29	30	31	32	35	36	37	38	39	45	46	51	52	56	62	113	#
77	247.289	23	32	33	42	114	#
78	370.524	42	43	44	54	114	#
79	368.724	33	43	54	64	114	#
80	295.523	2	12	22	32	114	#
81	229.496	22	23	31	32	114	#
82	1039.15	27	37	38	39	46	47	48	49	58	59	69	78	79	115	#
83	1104.28	58	66	69	76	77	78	79	86	87	88	89	98	99	115	#
84	1086.98	38	39	47	48	49	58	59	69	77	78	79	87	88	115	#
85	1081.14	27	36	37	46	56	65	66	76	77	86	87	88	98	115	#
86	1022.83	27	30	35	36	37	38	40	46	48	50	59	96	97	115	#
87	1022.35	22	39	48	49	59	69	78	79	87	88	89	98	99	115	#
88	463.942	1	2	13	23	46	116	#
89	441.85	1	2	12	13	14	116	#
90	398.526	2	3	13	14	23	116	#
91	375.252	44	45	46	54	56	116	#
92	349.192	2	13	23	24	33	116	#
93	281.311	1	2	8	17	18	116	#
94	584.042	48	57	58	67	68	69	77	88	117	#
95	722.426	33	34	35	47	57	67	77	80	117	#
96	635.951	67	68	69	77	78	79	88	89	117	#
97	626.356	68	77	78	87	88	89	98	99	117	#
98	596.015	7	57	58	67	68	69	78	87	117	#
99	583.441	57	67	76	77	85	86	87	96	117	#
100	18.7444	60	#
101	245.703	34	35	44	118	#
102	242.291	34	44	54	118	#
103	211.744	34	35	36	118	#
104	932.664	3	4	5	6	14	15	24	25	26	34	35	36	37	38	39	119	#
105	1224.66	0	1	2	3	4	5	10	11	12	14	20	21	22	43	54	119	#
106	1166.22	4	14	24	25	34	35	36	44	45	46	55	56	64	65	66	119	#
107	1150.91	24	25	33	34	35	41	42	43	44	45	52	54	55	64	65	119	#
108	1146.85	3	4	5	6	14	24	37	46	55	56	57	58	59	68	69	119	#
109	1112.36	4	14	24	25	26	33	34	35	36	37	42	43	44	46	56	119	#
110	1647.22	0	1	2	3	4	5	6	10	12	13	14	15	16	20	23	24	25	26	31	32	33	35	36	37	120	#
111	1969.85	1	2	3	4	5	10	13	14	15	20	23	31	32	33	34	40	41	42	43	44	51	52	53	62	120	#
112	1856.47	2	10	13	18	20	23	31	32	33	34	35	36	41	42	43	44	45	51	52	53	54	62	64	65	120	#
113	1853.54	0	1	2	10	11	20	23	25	30	31	32	33	34	35	40	41	42	44	45	46	50	51	52	62	120	#
114	1843.51	4	5	14	15	16	18	25	26	27	28	34	35	36	37	38	39	44	47	48	49	57	58	67	69	120	#
115	1809.22	2	3	4	5	12	13	14	15	16	18	23	24	25	26	27	28	34	35	36	45	67	77	78	88	120	#
116	291.48	84	85	94	121	#
117	271.556	76	85	86	121	#
118	250.471	84	93	94	121	#
119	142.322	72	73	122	#
120	95.2394	63	73	122	#
121	254.402	82	83	92	123	#
122	278.242	6	83	84	123	#
123	168.182	91	92	93	123	#
124	1635.74	39	49	55	57	58	59	63	64	65	66	67	68	69	75	76	77	78	88	98	124	#
125	1746.4	29	39	40	41	47	49	57	58	59	66	67	68	69	75	76	77	78	79	88	124	#
126	1656.62	47	55	57	58	63	64	65	66	67	68	73	74	75	76	77	78	84	88	94	124	#
127	1650.05	37	45	46	53	54	55	56	57	63	64	65	66	67	75	76	77	78	88	89	124	#
128	1622.97	0	36	45	53	54	55	56	57	58	63	64	65	66	67	68	69	76	77	78	124	#
129	1621.31	36	45	46	47	54	55	56	57	58	63	64	65	66	67	68	69	76	77	78	124	#
130	2193.68	25	27	34	35	36	37	38	44	45	47	48	49	53	54	55	56	57	58	62	63	64	66	67	68	69	76	78	79	82	92	93	125	#
131	2493.92	4	11	20	21	22	30	31	32	33	40	41	42	44	51	52	53	54	55	56	57	60	61	62	63	64	65	67	71	72	73	82	125	#
132	2464.92	21	22	23	24	31	32	33	35	36	42	45	47	50	51	52	53	57	60	61	62	67	70	71	72	73	75	76	77	78	88	89	125	#
133	2393.55	32	33	34	35	42	43	44	45	50	51	52	53	54	55	56	57	60	61	62	63	64	65	70	71	72	73	75	80	83	84	93	125	#
134	2388.65	22	23	31	32	33	42	50	51	52	53	60	61	62	63	64	65	70	71	72	73	75	76	80	82	83	84	85	86	93	94	95	125	#
135	2358.51	20	21	22	30	31	32	33	41	43	44	50	51	52	53	54	60	61	62	63	64	70	71	72	73	74	82	83	84	85	93	94	125	#
136	229.137	45	55	56	126	#
137	253.069	55	56	57	126	#
138	156.382	25	36	45	126	#
139	473.048	3	4	5	6	13	14	127	#
140	533.785	2	3	12	13	14	22	127	#
141	508.236	3	4	5	15	16	26	127	#
142	431.484	3	4	5	6	14	37	127	#
143	417.021	4	5	13	14	15	39	127	#
144	407.864	0	1	2	13	14	23	127	#
145	630.01	54	55	56	57	64	65	66	67	76	128	#
146	740.586	57	58	67	69	76	77	78	79	88	128	#
147	707.027	34	42	43	44	45	54	55	64	65	128	#
148	677.915	45	47	53	54	55	56	57	64	65	128	#
149	651.35	55	64	65	73	74	83	84	85	93	128	#
150	640.268	47	55	56	57	65	66	76	77	88	128	#
151	347.565	3	11	12	13	23	129	#
152	419.153	3	4	11	12	13	129	#
153	398.91	2	3	12	13	23	129	#
154	362.876	3	4	13	14	94	129	#
155	334.286	12	13	22	23	24	129	#
156	235.139	10	11	20	21	31	129	#
157	330.252	3	4	13	130	#
158	198.395	2	12	13	130	#
159	308.85	85	94	95	96	131	#
160	329.419	84	94	95	96	131	#
161	277.668	73	74	95	96	131	#
162	238.666	37	94	95	96	131	#
163	235.384	25	36	37	85	131	#
164	1121.82	10	12	20	21	22	23	30	31	40	41	42	43	44	50	132	#
165	1254.02	40	41	50	51	52	61	62	63	70	71	72	85	86	95	132	#
166	1231.69	40	41	42	43	44	50	52	53	60	61	62	63	70	72	132	#
167	1148.06	10	20	21	30	31	40	41	42	50	51	52	61	62	70	132	#
168	1083.13	10	12	20	21	22	23	30	31	32	33	40	41	42	52	132	#
169	1061.84	30	31	32	40	41	42	50	51	52	60	61	62	63	72	132	#
170	431.385	38	47	48	49	58	68	133	#
171	489.095	47	49	57	78	79	89	133	#
172	461.868	37	38	47	48	49	57	133	#
173	438.514	37	38	47	48	49	59	133	#
174	429.929	5	65	66	67	68	78	133	#
175	399.58	28	39	47	48	49	57	133	#
176	283.008	0	1	2	10	13	134	#
177	333.113	0	1	2	3	13	134	#
178	314.465	0	1	10	20	31	134	#
179	302.502	0	1	2	10	20	134	#
180	294.298	0	1	2	12	13	134	#
181	498.93	33	43	45	53	54	55	64	135	#
182	582.343	21	22	43	53	62	63	64	135	#
183	544.236	35	43	45	53	54	55	64	135	#
184	541.751	54	55	56	57	58	63	64	135	#
185	524.513	33	41	42	43	44	53	54	135	#
186	517.485	53	62	63	64	72	73	74	135	#
187	1024.74	50	51	53	54	60	61	62	63	64	70	71	72	73	80	81	136	#
188	1392.18	34	42	43	44	45	52	53	54	55	61	62	63	64	71	72	136	#
189	1355.46	41	42	43	52	53	54	61	62	64	70	71	72	73	80	83	136	#
190	1329.11	43	53	54	60	61	62	71	72	73	74	82	83	84	85	93	136	#
191	1294.72	41	42	43	52	61	62	70	71	72	73	74	80	81	90	91	136	#
192	1286.28	30	31	40	41	42	43	50	52	54	55	60	61	62	71	72	136	#
193	624.121	2	3	4	12	13	14	23	24	137	#
194	768.605	0	1	2	3	10	11	12	13	137	#
195	766.438	0	1	2	3	11	12	13	84	137	#
196	647.957	3	4	5	12	13	14	42	43	137	#
197	610.221	2	3	4	13	23	24	33	34	137	#
198	551.524	2	3	4	5	13	14	15	24	137	#
199	1375.13	38	39	63	64	67	72	73	74	76	83	84	85	86	87	93	94	95	138	#
200	1526.29	75	76	77	78	79	84	85	86	87	88	89	94	95	96	97	98	99	138	#
201	1397.88	73	74	76	77	78	84	85	86	87	88	89	94	95	96	97	98	99	138	#
202	1379.89	66	74	76	77	78	79	84	85	86	87	88	89	94	95	96	97	99	138	#
203	1368.59	56	66	67	74	75	76	77	85	86	87	88	89	94	95	96	97	98	138	#
204	1343.79	53	54	63	64	74	78	82	83	84	85	86	87	92	93	95	96	97	138	#
