%% File generated by CATS v.2.1Thu May  9 13:09:08 2024

%% The CATS webpage is http://robotics.stanford.edu/CATS

%% PARAMETER SETTINGS:
% Goods: 100; Bids: 200; Distribution: scheduling; Runs: 1; Seed: 12
% Scheduling Distribution Parameters:
% max_length                = 10
% deviation                 = 0.500000
% prob_additional_deadline  = 0.700000
% additivity                = 0.200000



goods 100
bids 211
dummy 3

0	15.0588	0	1	2	3	4	5	6	100	#
1	15.0588	1	2	3	4	5	6	7	100	#
2	15.0588	2	3	4	5	6	7	8	100	#
3	15.0588	3	4	5	6	7	8	9	100	#
4	15.0588	4	5	6	7	8	9	10	100	#
5	15.0588	5	6	7	8	9	10	11	100	#
6	15.0588	6	7	8	9	10	11	12	100	#
7	15.0588	7	8	9	10	11	12	13	100	#
8	15.0588	8	9	10	11	12	13	14	100	#
9	15.0588	9	10	11	12	13	14	15	100	#
10	15.0588	10	11	12	13	14	15	16	100	#
11	15.0588	11	12	13	14	15	16	17	100	#
12	15.0588	12	13	14	15	16	17	18	100	#
13	15.0588	13	14	15	16	17	18	19	100	#
14	15.0588	14	15	16	17	18	19	20	100	#
15	15.0588	15	16	17	18	19	20	21	100	#
16	15.0588	16	17	18	19	20	21	22	100	#
17	15.0588	17	18	19	20	21	22	23	100	#
18	15.0588	18	19	20	21	22	23	24	100	#
19	15.0588	19	20	21	22	23	24	25	100	#
20	15.0588	20	21	22	23	24	25	26	100	#
21	15.0588	21	22	23	24	25	26	27	100	#
22	15.0588	22	23	24	25	26	27	28	100	#
23	15.0588	23	24	25	26	27	28	29	100	#
24	15.0588	24	25	26	27	28	29	30	100	#
25	15.0588	25	26	27	28	29	30	31	100	#
26	15.0588	26	27	28	29	30	31	32	100	#
27	15.0588	27	28	29	30	31	32	33	100	#
28	15.0588	28	29	30	31	32	33	34	100	#
29	15.0588	29	30	31	32	33	34	35	100	#
30	15.0588	30	31	32	33	34	35	36	100	#
31	15.0588	31	32	33	34	35	36	37	100	#
32	15.0588	32	33	34	35	36	37	38	100	#
33	15.0588	33	34	35	36	37	38	39	100	#
34	15.0588	34	35	36	37	38	39	40	100	#
35	15.0588	35	36	37	38	39	40	41	100	#
36	15.0588	36	37	38	39	40	41	42	100	#
37	15.0588	37	38	39	40	41	42	43	100	#
38	15.0588	38	39	40	41	42	43	44	100	#
39	15.0588	39	40	41	42	43	44	45	100	#
40	15.0588	40	41	42	43	44	45	46	100	#
41	15.0588	41	42	43	44	45	46	47	100	#
42	15.0588	42	43	44	45	46	47	48	100	#
43	15.0588	43	44	45	46	47	48	49	100	#
44	15.0588	44	45	46	47	48	49	50	100	#
45	15.0588	45	46	47	48	49	50	51	100	#
46	15.0588	46	47	48	49	50	51	52	100	#
47	15.0588	47	48	49	50	51	52	53	100	#
48	15.0588	48	49	50	51	52	53	54	100	#
49	15.0588	49	50	51	52	53	54	55	100	#
50	15.0588	50	51	52	53	54	55	56	100	#
51	15.0588	51	52	53	54	55	56	57	100	#
52	15.0588	52	53	54	55	56	57	58	100	#
53	15.0588	53	54	55	56	57	58	59	100	#
54	15.0588	54	55	56	57	58	59	60	100	#
55	15.0588	55	56	57	58	59	60	61	100	#
56	15.0588	56	57	58	59	60	61	62	100	#
57	10.2599	57	58	59	60	61	62	63	100	#
58	10.2599	58	59	60	61	62	63	64	100	#
59	10.2599	59	60	61	62	63	64	65	100	#
60	10.2599	60	61	62	63	64	65	66	100	#
61	10.2599	61	62	63	64	65	66	67	100	#
62	10.2599	62	63	64	65	66	67	68	100	#
63	10.2599	63	64	65	66	67	68	69	100	#
64	10.2599	64	65	66	67	68	69	70	100	#
65	10.2599	65	66	67	68	69	70	71	100	#
66	10.2599	66	67	68	69	70	71	72	100	#
67	10.2599	67	68	69	70	71	72	73	100	#
68	10.2599	68	69	70	71	72	73	74	100	#
69	10.2599	69	70	71	72	73	74	75	100	#
70	10.2599	70	71	72	73	74	75	76	100	#
71	10.2599	71	72	73	74	75	76	77	100	#
72	10.2599	72	73	74	75	76	77	78	100	#
73	10.2599	73	74	75	76	77	78	79	100	#
74	10.2599	74	75	76	77	78	79	80	100	#
75	10.2599	75	76	77	78	79	80	81	100	#
76	10.2599	76	77	78	79	80	81	82	100	#
77	10.2599	77	78	79	80	81	82	83	100	#
78	10.2599	78	79	80	81	82	83	84	100	#
79	10.2599	79	80	81	82	83	84	85	100	#
80	10.2599	80	81	82	83	84	85	86	100	#
81	10.2599	81	82	83	84	85	86	87	100	#
82	10.2599	82	83	84	85	86	87	88	100	#
83	10.2599	83	84	85	86	87	88	89	100	#
84	10.2599	84	85	86	87	88	89	90	100	#
85	10.2599	85	86	87	88	89	90	91	100	#
86	10.1483	86	87	88	89	90	91	92	100	#
87	9.93242	87	88	89	90	91	92	93	100	#
88	9.93242	88	89	90	91	92	93	94	100	#
89	9.43078	89	90	91	92	93	94	95	100	#
90	9.43078	90	91	92	93	94	95	96	100	#
91	9.43078	91	92	93	94	95	96	97	100	#
92	9.43078	92	93	94	95	96	97	98	100	#
93	9.43078	93	94	95	96	97	98	99	100	#
94	22.3083	0	1	2	3	4	5	6	7	8	9	101	#
95	22.3083	1	2	3	4	5	6	7	8	9	10	101	#
96	22.3083	2	3	4	5	6	7	8	9	10	11	101	#
97	22.3083	3	4	5	6	7	8	9	10	11	12	101	#
98	22.3083	4	5	6	7	8	9	10	11	12	13	101	#
99	22.3083	5	6	7	8	9	10	11	12	13	14	101	#
100	22.3083	6	7	8	9	10	11	12	13	14	15	101	#
101	22.3083	7	8	9	10	11	12	13	14	15	16	101	#
102	22.3083	8	9	10	11	12	13	14	15	16	17	101	#
103	22.3083	9	10	11	12	13	14	15	16	17	18	101	#
104	22.3083	10	11	12	13	14	15	16	17	18	19	101	#
105	22.3083	11	12	13	14	15	16	17	18	19	20	101	#
106	22.3083	12	13	14	15	16	17	18	19	20	21	101	#
107	22.3083	13	14	15	16	17	18	19	20	21	22	101	#
108	8.9233	14	15	16	17	18	19	20	21	22	23	101	#
109	8.9233	15	16	17	18	19	20	21	22	23	24	101	#
110	8.9233	16	17	18	19	20	21	22	23	24	25	101	#
111	8.9233	17	18	19	20	21	22	23	24	25	26	101	#
112	8.9233	18	19	20	21	22	23	24	25	26	27	101	#
113	8.9233	19	20	21	22	23	24	25	26	27	28	101	#
114	8.9233	20	21	22	23	24	25	26	27	28	29	101	#
115	8.9233	21	22	23	24	25	26	27	28	29	30	101	#
116	8.9233	22	23	24	25	26	27	28	29	30	31	101	#
117	8.9233	23	24	25	26	27	28	29	30	31	32	101	#
118	8.9233	24	25	26	27	28	29	30	31	32	33	101	#
119	8.9233	25	26	27	28	29	30	31	32	33	34	101	#
120	8.9233	26	27	28	29	30	31	32	33	34	35	101	#
121	8.9233	27	28	29	30	31	32	33	34	35	36	101	#
122	8.9233	28	29	30	31	32	33	34	35	36	37	101	#
123	8.9233	29	30	31	32	33	34	35	36	37	38	101	#
124	8.9233	30	31	32	33	34	35	36	37	38	39	101	#
125	8.9233	31	32	33	34	35	36	37	38	39	40	101	#
126	8.9233	32	33	34	35	36	37	38	39	40	41	101	#
127	8.9233	33	34	35	36	37	38	39	40	41	42	101	#
128	8.9233	34	35	36	37	38	39	40	41	42	43	101	#
129	8.9233	35	36	37	38	39	40	41	42	43	44	101	#
130	8.9233	36	37	38	39	40	41	42	43	44	45	101	#
131	8.9233	37	38	39	40	41	42	43	44	45	46	101	#
132	8.9233	38	39	40	41	42	43	44	45	46	47	101	#
133	8.9233	39	40	41	42	43	44	45	46	47	48	101	#
134	8.9233	40	41	42	43	44	45	46	47	48	49	101	#
135	8.9233	41	42	43	44	45	46	47	48	49	50	101	#
136	8.9233	42	43	44	45	46	47	48	49	50	51	101	#
137	8.9233	43	44	45	46	47	48	49	50	51	52	101	#
138	8.9233	44	45	46	47	48	49	50	51	52	53	101	#
139	8.9233	45	46	47	48	49	50	51	52	53	54	101	#
140	8.9233	46	47	48	49	50	51	52	53	54	55	101	#
141	7.11278	47	48	49	50	51	52	53	54	55	56	101	#
142	7.11278	48	49	50	51	52	53	54	55	56	57	101	#
143	7.11278	49	50	51	52	53	54	55	56	57	58	101	#
144	7.11278	50	51	52	53	54	55	56	57	58	59	101	#
145	7.11278	51	52	53	54	55	56	57	58	59	60	101	#
146	7.11278	52	53	54	55	56	57	58	59	60	61	101	#
147	7.11278	53	54	55	56	57	58	59	60	61	62	101	#
148	7.11278	54	55	56	57	58	59	60	61	62	63	101	#
149	7.11278	55	56	57	58	59	60	61	62	63	64	101	#
150	7.11278	56	57	58	59	60	61	62	63	64	65	101	#
151	7.11278	57	58	59	60	61	62	63	64	65	66	101	#
152	7.11278	58	59	60	61	62	63	64	65	66	67	101	#
153	7.11278	59	60	61	62	63	64	65	66	67	68	101	#
154	7.11278	60	61	62	63	64	65	66	67	68	69	101	#
155	6.00637	0	1	2	3	4	5	6	102	#
156	6.00637	1	2	3	4	5	6	7	102	#
157	6.00637	2	3	4	5	6	7	8	102	#
158	6.00637	3	4	5	6	7	8	9	102	#
159	6.00637	4	5	6	7	8	9	10	102	#
160	6.00637	5	6	7	8	9	10	11	102	#
161	6.00637	6	7	8	9	10	11	12	102	#
162	6.00637	7	8	9	10	11	12	13	102	#
163	6.00637	8	9	10	11	12	13	14	102	#
164	6.00637	9	10	11	12	13	14	15	102	#
165	6.00637	10	11	12	13	14	15	16	102	#
166	6.00637	11	12	13	14	15	16	17	102	#
167	6.00637	12	13	14	15	16	17	18	102	#
168	6.00637	13	14	15	16	17	18	19	102	#
169	6.00637	14	15	16	17	18	19	20	102	#
170	6.00637	15	16	17	18	19	20	21	102	#
171	6.00637	16	17	18	19	20	21	22	102	#
172	6.00637	17	18	19	20	21	22	23	102	#
173	6.00637	18	19	20	21	22	23	24	102	#
174	6.00637	19	20	21	22	23	24	25	102	#
175	6.00637	20	21	22	23	24	25	26	102	#
176	6.00637	21	22	23	24	25	26	27	102	#
177	6.00637	22	23	24	25	26	27	28	102	#
178	6.00637	23	24	25	26	27	28	29	102	#
179	6.00637	24	25	26	27	28	29	30	102	#
180	6.00637	25	26	27	28	29	30	31	102	#
181	6.00637	26	27	28	29	30	31	32	102	#
182	6.00637	27	28	29	30	31	32	33	102	#
183	6.00637	28	29	30	31	32	33	34	102	#
184	6.00637	29	30	31	32	33	34	35	102	#
185	6.00637	30	31	32	33	34	35	36	102	#
186	6.00637	31	32	33	34	35	36	37	102	#
187	6.00637	32	33	34	35	36	37	38	102	#
188	6.00637	33	34	35	36	37	38	39	102	#
189	6.00637	34	35	36	37	38	39	40	102	#
190	6.00637	35	36	37	38	39	40	41	102	#
191	6.00637	36	37	38	39	40	41	42	102	#
192	6.00637	37	38	39	40	41	42	43	102	#
193	6.00637	38	39	40	41	42	43	44	102	#
194	6.00637	39	40	41	42	43	44	45	102	#
195	6.00637	40	41	42	43	44	45	46	102	#
196	6.00637	41	42	43	44	45	46	47	102	#
197	6.00637	42	43	44	45	46	47	48	102	#
198	6.00637	43	44	45	46	47	48	49	102	#
199	6.00637	44	45	46	47	48	49	50	102	#
200	6.00637	45	46	47	48	49	50	51	102	#
201	6.00637	46	47	48	49	50	51	52	102	#
202	6.00637	47	48	49	50	51	52	53	102	#
203	6.00637	48	49	50	51	52	53	54	102	#
204	6.00637	49	50	51	52	53	54	55	102	#
205	6.00637	50	51	52	53	54	55	56	102	#
206	6.00637	51	52	53	54	55	56	57	102	#
207	6.00637	52	53	54	55	56	57	58	102	#
208	6.00637	53	54	55	56	57	58	59	102	#
209	6.00637	54	55	56	57	58	59	60	102	#
210	6.00637	55	56	57	58	59	60	61	102	#
