%% File generated by CATS v.2.1Thu May  9 13:09:08 2024

%% The CATS webpage is http://robotics.stanford.edu/CATS

%% PARAMETER SETTINGS:
% Goods: 100; Bids: 200; Distribution: scheduling; Runs: 1; Seed: 58
% Scheduling Distribution Parameters:
% max_length                = 10
% deviation                 = 0.500000
% prob_additional_deadline  = 0.700000
% additivity                = 0.200000



goods 100
bids 273
dummy 4

0	17.2939	0	1	2	3	4	5	6	7	100	#
1	17.2939	1	2	3	4	5	6	7	8	100	#
2	17.2939	2	3	4	5	6	7	8	9	100	#
3	17.2939	3	4	5	6	7	8	9	10	100	#
4	17.2939	4	5	6	7	8	9	10	11	100	#
5	17.2939	5	6	7	8	9	10	11	12	100	#
6	17.2939	6	7	8	9	10	11	12	13	100	#
7	17.2939	7	8	9	10	11	12	13	14	100	#
8	17.2939	8	9	10	11	12	13	14	15	100	#
9	17.2939	9	10	11	12	13	14	15	16	100	#
10	17.2939	10	11	12	13	14	15	16	17	100	#
11	17.2939	11	12	13	14	15	16	17	18	100	#
12	17.2939	12	13	14	15	16	17	18	19	100	#
13	17.2939	13	14	15	16	17	18	19	20	100	#
14	17.2939	14	15	16	17	18	19	20	21	100	#
15	17.2939	15	16	17	18	19	20	21	22	100	#
16	17.2939	16	17	18	19	20	21	22	23	100	#
17	17.2939	17	18	19	20	21	22	23	24	100	#
18	17.2939	18	19	20	21	22	23	24	25	100	#
19	7.94616	0	1	2	3	4	5	101	#
20	7.94616	1	2	3	4	5	6	101	#
21	7.94616	2	3	4	5	6	7	101	#
22	7.94616	3	4	5	6	7	8	101	#
23	7.94616	4	5	6	7	8	9	101	#
24	7.94616	5	6	7	8	9	10	101	#
25	7.94616	6	7	8	9	10	11	101	#
26	7.94616	7	8	9	10	11	12	101	#
27	7.94616	8	9	10	11	12	13	101	#
28	7.94616	9	10	11	12	13	14	101	#
29	7.94616	10	11	12	13	14	15	101	#
30	7.94616	11	12	13	14	15	16	101	#
31	7.94616	12	13	14	15	16	17	101	#
32	7.94616	13	14	15	16	17	18	101	#
33	7.94616	14	15	16	17	18	19	101	#
34	7.94616	15	16	17	18	19	20	101	#
35	7.94616	16	17	18	19	20	21	101	#
36	7.94616	17	18	19	20	21	22	101	#
37	7.94616	18	19	20	21	22	23	101	#
38	7.94616	19	20	21	22	23	24	101	#
39	7.94616	20	21	22	23	24	25	101	#
40	7.94616	21	22	23	24	25	26	101	#
41	7.94616	22	23	24	25	26	27	101	#
42	7.94616	23	24	25	26	27	28	101	#
43	7.94616	24	25	26	27	28	29	101	#
44	7.94616	25	26	27	28	29	30	101	#
45	7.94616	26	27	28	29	30	31	101	#
46	7.94616	27	28	29	30	31	32	101	#
47	7.94616	28	29	30	31	32	33	101	#
48	7.94616	29	30	31	32	33	34	101	#
49	7.94616	30	31	32	33	34	35	101	#
50	7.94616	31	32	33	34	35	36	101	#
51	7.94616	32	33	34	35	36	37	101	#
52	7.94616	33	34	35	36	37	38	101	#
53	7.94616	34	35	36	37	38	39	101	#
54	7.94616	35	36	37	38	39	40	101	#
55	7.94616	36	37	38	39	40	41	101	#
56	7.94616	37	38	39	40	41	42	101	#
57	7.94616	38	39	40	41	42	43	101	#
58	7.94616	39	40	41	42	43	44	101	#
59	7.94616	40	41	42	43	44	45	101	#
60	7.94616	41	42	43	44	45	46	101	#
61	7.94616	42	43	44	45	46	47	101	#
62	7.94616	43	44	45	46	47	48	101	#
63	7.94616	44	45	46	47	48	49	101	#
64	7.94616	45	46	47	48	49	50	101	#
65	7.94616	46	47	48	49	50	51	101	#
66	7.94616	47	48	49	50	51	52	101	#
67	7.94616	48	49	50	51	52	53	101	#
68	7.94616	49	50	51	52	53	54	101	#
69	7.94616	50	51	52	53	54	55	101	#
70	7.94616	51	52	53	54	55	56	101	#
71	7.94616	52	53	54	55	56	57	101	#
72	7.94616	53	54	55	56	57	58	101	#
73	7.94616	54	55	56	57	58	59	101	#
74	7.94616	55	56	57	58	59	60	101	#
75	7.94616	56	57	58	59	60	61	101	#
76	7.94616	57	58	59	60	61	62	101	#
77	7.94616	58	59	60	61	62	63	101	#
78	7.94616	59	60	61	62	63	64	101	#
79	7.94616	60	61	62	63	64	65	101	#
80	7.94616	61	62	63	64	65	66	101	#
81	7.94616	62	63	64	65	66	67	101	#
82	7.94616	63	64	65	66	67	68	101	#
83	7.94616	64	65	66	67	68	69	101	#
84	7.94616	65	66	67	68	69	70	101	#
85	7.94616	66	67	68	69	70	71	101	#
86	7.94616	67	68	69	70	71	72	101	#
87	7.94616	68	69	70	71	72	73	101	#
88	17.3947	0	1	2	3	4	5	6	7	102	#
89	17.3947	1	2	3	4	5	6	7	8	102	#
90	17.3947	2	3	4	5	6	7	8	9	102	#
91	17.3947	3	4	5	6	7	8	9	10	102	#
92	17.3947	4	5	6	7	8	9	10	11	102	#
93	17.3947	5	6	7	8	9	10	11	12	102	#
94	17.3947	6	7	8	9	10	11	12	13	102	#
95	17.3947	7	8	9	10	11	12	13	14	102	#
96	17.3947	8	9	10	11	12	13	14	15	102	#
97	17.3947	9	10	11	12	13	14	15	16	102	#
98	17.3947	10	11	12	13	14	15	16	17	102	#
99	17.3947	11	12	13	14	15	16	17	18	102	#
100	17.3947	12	13	14	15	16	17	18	19	102	#
101	17.3947	13	14	15	16	17	18	19	20	102	#
102	17.3947	14	15	16	17	18	19	20	21	102	#
103	17.3947	15	16	17	18	19	20	21	22	102	#
104	17.3947	16	17	18	19	20	21	22	23	102	#
105	17.3947	17	18	19	20	21	22	23	24	102	#
106	17.3947	18	19	20	21	22	23	24	25	102	#
107	17.3947	19	20	21	22	23	24	25	26	102	#
108	17.3947	20	21	22	23	24	25	26	27	102	#
109	17.3947	21	22	23	24	25	26	27	28	102	#
110	17.3947	22	23	24	25	26	27	28	29	102	#
111	17.3947	23	24	25	26	27	28	29	30	102	#
112	17.3947	24	25	26	27	28	29	30	31	102	#
113	17.3947	25	26	27	28	29	30	31	32	102	#
114	17.3947	26	27	28	29	30	31	32	33	102	#
115	17.3947	27	28	29	30	31	32	33	34	102	#
116	17.3947	28	29	30	31	32	33	34	35	102	#
117	17.3947	29	30	31	32	33	34	35	36	102	#
118	17.3947	30	31	32	33	34	35	36	37	102	#
119	17.3947	31	32	33	34	35	36	37	38	102	#
120	17.3947	32	33	34	35	36	37	38	39	102	#
121	17.3947	33	34	35	36	37	38	39	40	102	#
122	17.3947	34	35	36	37	38	39	40	41	102	#
123	17.3947	35	36	37	38	39	40	41	42	102	#
124	17.3947	36	37	38	39	40	41	42	43	102	#
125	17.3947	37	38	39	40	41	42	43	44	102	#
126	17.3947	38	39	40	41	42	43	44	45	102	#
127	17.3947	39	40	41	42	43	44	45	46	102	#
128	17.3947	40	41	42	43	44	45	46	47	102	#
129	17.3947	41	42	43	44	45	46	47	48	102	#
130	17.3947	42	43	44	45	46	47	48	49	102	#
131	17.3947	43	44	45	46	47	48	49	50	102	#
132	17.3947	44	45	46	47	48	49	50	51	102	#
133	17.3947	45	46	47	48	49	50	51	52	102	#
134	17.3947	46	47	48	49	50	51	52	53	102	#
135	17.3947	47	48	49	50	51	52	53	54	102	#
136	17.3947	48	49	50	51	52	53	54	55	102	#
137	17.3947	49	50	51	52	53	54	55	56	102	#
138	17.3947	50	51	52	53	54	55	56	57	102	#
139	17.3947	51	52	53	54	55	56	57	58	102	#
140	17.3947	52	53	54	55	56	57	58	59	102	#
141	17.3947	53	54	55	56	57	58	59	60	102	#
142	17.3947	54	55	56	57	58	59	60	61	102	#
143	17.3947	55	56	57	58	59	60	61	62	102	#
144	17.3947	56	57	58	59	60	61	62	63	102	#
145	17.3947	57	58	59	60	61	62	63	64	102	#
146	17.3947	58	59	60	61	62	63	64	65	102	#
147	17.3947	59	60	61	62	63	64	65	66	102	#
148	17.3947	60	61	62	63	64	65	66	67	102	#
149	17.3947	61	62	63	64	65	66	67	68	102	#
150	17.3947	62	63	64	65	66	67	68	69	102	#
151	12.1236	63	64	65	66	67	68	69	70	102	#
152	12.1236	64	65	66	67	68	69	70	71	102	#
153	12.1236	65	66	67	68	69	70	71	72	102	#
154	12.1236	66	67	68	69	70	71	72	73	102	#
155	12.1236	67	68	69	70	71	72	73	74	102	#
156	12.1236	68	69	70	71	72	73	74	75	102	#
157	12.1236	69	70	71	72	73	74	75	76	102	#
158	12.1236	70	71	72	73	74	75	76	77	102	#
159	12.1236	71	72	73	74	75	76	77	78	102	#
160	12.1236	72	73	74	75	76	77	78	79	102	#
161	12.1236	73	74	75	76	77	78	79	80	102	#
162	12.1236	74	75	76	77	78	79	80	81	102	#
163	12.1236	75	76	77	78	79	80	81	82	102	#
164	12.1236	76	77	78	79	80	81	82	83	102	#
165	12.1236	77	78	79	80	81	82	83	84	102	#
166	12.1236	78	79	80	81	82	83	84	85	102	#
167	12.1236	79	80	81	82	83	84	85	86	102	#
168	12.1236	80	81	82	83	84	85	86	87	102	#
169	12.1236	81	82	83	84	85	86	87	88	102	#
170	12.1236	82	83	84	85	86	87	88	89	102	#
171	12.1236	83	84	85	86	87	88	89	90	102	#
172	12.1236	84	85	86	87	88	89	90	91	102	#
173	12.1236	85	86	87	88	89	90	91	92	102	#
174	12.1236	86	87	88	89	90	91	92	93	102	#
175	12.1236	87	88	89	90	91	92	93	94	102	#
176	12.1236	88	89	90	91	92	93	94	95	102	#
177	12.1236	89	90	91	92	93	94	95	96	102	#
178	12.1236	90	91	92	93	94	95	96	97	102	#
179	12.1236	91	92	93	94	95	96	97	98	102	#
180	12.1236	92	93	94	95	96	97	98	99	102	#
181	6.55628	0	1	2	3	103	#
182	6.55628	1	2	3	4	103	#
183	6.55628	2	3	4	5	103	#
184	6.55628	3	4	5	6	103	#
185	6.55628	4	5	6	7	103	#
186	6.55628	5	6	7	8	103	#
187	6.55628	6	7	8	9	103	#
188	6.55628	7	8	9	10	103	#
189	6.55628	8	9	10	11	103	#
190	6.55628	9	10	11	12	103	#
191	6.55628	10	11	12	13	103	#
192	6.55628	11	12	13	14	103	#
193	6.55628	12	13	14	15	103	#
194	6.55628	13	14	15	16	103	#
195	6.55628	14	15	16	17	103	#
196	6.55628	15	16	17	18	103	#
197	6.55628	16	17	18	19	103	#
198	6.55628	17	18	19	20	103	#
199	6.55628	18	19	20	21	103	#
200	6.55628	19	20	21	22	103	#
201	6.55628	20	21	22	23	103	#
202	6.55628	21	22	23	24	103	#
203	6.55628	22	23	24	25	103	#
204	6.55628	23	24	25	26	103	#
205	6.55628	24	25	26	27	103	#
206	6.55628	25	26	27	28	103	#
207	6.55628	26	27	28	29	103	#
208	6.55628	27	28	29	30	103	#
209	6.55628	28	29	30	31	103	#
210	6.55628	29	30	31	32	103	#
211	6.55628	30	31	32	33	103	#
212	6.55628	31	32	33	34	103	#
213	6.55628	32	33	34	35	103	#
214	6.55628	33	34	35	36	103	#
215	6.55628	34	35	36	37	103	#
216	6.55628	35	36	37	38	103	#
217	6.55628	36	37	38	39	103	#
218	6.55628	37	38	39	40	103	#
219	6.55628	38	39	40	41	103	#
220	6.55628	39	40	41	42	103	#
221	6.55628	40	41	42	43	103	#
222	6.55628	41	42	43	44	103	#
223	6.55628	42	43	44	45	103	#
224	6.55628	43	44	45	46	103	#
225	6.55628	44	45	46	47	103	#
226	6.55628	45	46	47	48	103	#
227	6.55628	46	47	48	49	103	#
228	6.55628	47	48	49	50	103	#
229	6.55628	48	49	50	51	103	#
230	6.55628	49	50	51	52	103	#
231	6.55628	50	51	52	53	103	#
232	6.55628	51	52	53	54	103	#
233	6.55628	52	53	54	55	103	#
234	6.55628	53	54	55	56	103	#
235	6.55628	54	55	56	57	103	#
236	6.55628	55	56	57	58	103	#
237	6.55628	56	57	58	59	103	#
238	6.55628	57	58	59	60	103	#
239	6.55628	58	59	60	61	103	#
240	6.55628	59	60	61	62	103	#
241	6.55628	60	61	62	63	103	#
242	6.55628	61	62	63	64	103	#
243	6.55628	62	63	64	65	103	#
244	6.55628	63	64	65	66	103	#
245	6.55628	64	65	66	67	103	#
246	6.55628	65	66	67	68	103	#
247	6.55628	66	67	68	69	103	#
248	6.55628	67	68	69	70	103	#
249	6.55628	68	69	70	71	103	#
250	6.55628	69	70	71	72	103	#
251	6.55628	70	71	72	73	103	#
252	6.55628	71	72	73	74	103	#
253	6.55628	72	73	74	75	103	#
254	6.55628	73	74	75	76	103	#
255	6.55628	74	75	76	77	103	#
256	6.55628	75	76	77	78	103	#
257	6.55628	76	77	78	79	103	#
258	6.55628	77	78	79	80	103	#
259	6.55628	78	79	80	81	103	#
260	6.55628	79	80	81	82	103	#
261	6.55628	80	81	82	83	103	#
262	6.55628	81	82	83	84	103	#
263	6.55628	82	83	84	85	103	#
264	6.55628	83	84	85	86	103	#
265	6.55628	84	85	86	87	103	#
266	6.55628	85	86	87	88	103	#
267	6.55628	86	87	88	89	103	#
268	6.55628	87	88	89	90	103	#
269	6.55628	88	89	90	91	103	#
270	6.55628	89	90	91	92	103	#
271	6.41679	90	91	92	93	103	#
272	6.41679	91	92	93	94	103	#
