%% File generated by CATS v.2.1Thu May  9 12:39:09 2024

%% The CATS webpage is http://robotics.stanford.edu/CATS

%% PARAMETER SETTINGS:
% Goods: 76; Bids: 200; Distribution: arbitrary; Runs: 1; Seed: 65
% Arbitrary Distribution Parameters:
% Max Substitutable Bids = 5
% Removing HV Neighbor   = 0.1
% Adding DIAG Neighbor   = 0.2
% Additional Location    = 0.9
% Additivity             = 0.2
% Budget Factor          = 1.5
% Resale Factor          = 0.5
% Uniform Private Value:
%   Deviation            = 0.5
%   Max Good Value       = 100



goods 76
bids 204
dummy 37

0	2084.88	0	1	6	9	11	14	18	19	20	24	28	31	32	37	38	41	44	45	47	52	53	55	57	59	63	64	65	66	67	71	72	74	76	#
1	2487.5	0	7	9	13	14	15	18	19	24	26	28	29	30	34	40	41	42	44	45	52	53	55	56	61	64	65	66	67	68	69	70	72	76	#
2	2476.99	1	2	5	7	12	13	15	18	20	21	25	26	29	34	44	45	51	52	53	54	55	56	57	59	61	63	64	65	66	67	69	73	76	#
3	2445.64	4	5	6	9	12	14	15	18	20	21	23	26	28	38	39	40	44	45	51	53	55	57	59	61	63	64	66	67	68	72	73	75	76	#
4	2428.51	1	4	5	7	9	10	11	13	14	15	18	21	22	29	30	31	33	34	40	41	44	46	53	56	57	59	61	64	65	68	72	73	76	#
5	2423.93	1	4	9	12	13	14	15	18	21	22	23	26	29	30	31	34	35	37	40	43	44	45	46	53	54	55	65	68	69	70	72	73	76	#
6	896.567	2	4	7	9	14	31	59	68	69	71	72	74	75	77	#
7	958.801	1	3	6	9	11	16	40	43	56	67	68	69	75	77	#
8	945.18	1	4	10	11	30	36	38	50	54	56	59	63	67	77	#
9	919.554	1	4	10	18	26	30	31	32	44	53	57	58	60	77	#
10	918.461	9	16	36	38	43	56	58	60	62	63	67	69	72	77	#
11	908.713	26	38	44	45	46	57	59	65	68	69	71	73	75	77	#
12	49.4382	73	#
13	527.236	20	27	30	32	36	43	57	64	65	70	78	#
14	761.9	2	5	8	17	25	36	51	55	58	66	78	#
15	750.698	1	5	35	36	41	45	50	55	62	64	78	#
16	741.329	8	17	32	33	39	41	58	61	64	65	78	#
17	726.588	8	14	25	29	32	41	52	54	58	74	78	#
18	711.656	3	5	6	30	34	39	47	55	58	62	78	#
19	507.747	2	14	16	27	29	37	60	65	75	79	#
20	739.084	8	12	19	28	29	37	59	72	75	79	#
21	649.784	12	27	34	45	54	62	64	66	70	79	#
22	644.958	9	14	15	17	21	37	39	42	66	79	#
23	637.078	16	28	31	39	48	58	65	66	68	79	#
24	612.003	10	15	16	23	36	65	68	74	75	79	#
25	96.2038	1	#
26	136.533	18	30	80	#
27	137.406	18	46	80	#
28	93.2932	30	50	80	#
29	118.823	21	#
30	29.4295	75	#
31	2100.15	1	2	6	9	11	12	13	14	15	18	23	28	32	34	35	37	38	46	48	49	53	54	57	61	65	66	68	81	#
32	2247.32	1	2	4	5	9	11	13	15	18	23	24	28	29	31	33	34	36	48	49	53	54	56	59	61	66	70	75	81	#
33	2136.27	1	5	6	9	10	13	20	23	24	28	29	32	34	37	44	46	48	54	55	59	60	62	66	70	71	72	75	81	#
34	2118.09	2	5	6	9	10	13	22	23	29	30	31	33	36	37	39	40	41	48	49	53	54	55	59	65	71	74	75	81	#
35	2037.8	1	2	5	6	9	11	12	14	19	20	29	30	32	34	35	38	46	49	53	54	55	59	60	70	71	74	75	81	#
36	1997.58	6	8	9	12	20	23	24	28	29	32	33	46	48	50	53	54	55	57	59	60	62	66	67	68	70	74	75	81	#
37	282.804	37	46	65	69	82	#
38	305.146	46	58	63	70	82	#
39	296.835	37	42	54	67	82	#
40	283.641	49	62	65	73	82	#
41	221.878	55	65	69	71	82	#
42	513.39	11	40	41	43	45	49	57	67	68	71	74	83	#
43	747.641	5	32	35	42	45	49	55	57	59	70	71	83	#
44	716.422	5	6	7	9	35	42	49	56	57	61	67	83	#
45	664.116	14	29	31	35	37	47	55	59	60	70	71	83	#
46	599.727	2	14	32	36	37	43	52	61	68	71	75	83	#
47	588.707	3	5	11	16	20	32	33	45	55	66	70	83	#
48	37.0628	22	#
49	457.917	5	24	27	34	50	60	84	#
50	453.202	5	23	24	27	41	50	84	#
51	424.939	2	3	24	36	50	64	84	#
52	401.15	16	27	33	34	45	73	84	#
53	394.325	5	24	43	44	57	71	84	#
54	391.094	3	20	33	34	52	53	84	#
55	250.812	18	32	41	59	85	#
56	292.362	26	33	41	75	85	#
57	200.735	4	18	29	46	85	#
58	169.909	16	28	32	61	85	#
59	440.18	9	27	42	43	46	63	73	86	#
60	560.107	19	23	39	42	48	73	75	86	#
61	540.202	21	34	35	46	52	59	73	86	#
62	510.436	5	39	43	46	51	57	75	86	#
63	505.917	9	24	32	43	45	62	75	86	#
64	494.554	5	11	19	30	43	45	62	86	#
65	1925.32	1	2	4	5	6	8	12	13	14	15	16	18	23	35	41	48	49	51	54	55	60	61	64	68	74	75	87	#
66	2152.84	2	3	4	7	8	12	14	15	20	24	25	26	33	37	40	41	43	48	54	55	62	64	68	72	73	74	87	#
67	2077.81	1	2	3	6	8	10	13	15	18	20	26	29	33	35	37	38	43	44	46	51	54	62	64	66	68	72	87	#
68	2041.4	0	1	2	4	6	7	8	11	12	14	15	25	26	33	35	38	40	43	51	53	54	58	68	69	72	74	87	#
69	2028.11	1	2	12	14	18	20	25	26	28	32	35	37	41	42	44	45	53	54	55	56	58	59	64	72	73	74	87	#
70	1882.17	1	2	4	10	12	15	17	18	22	27	28	30	38	41	44	45	48	53	54	55	56	58	61	64	71	72	87	#
71	109.912	16	23	68	88	#
72	164.275	16	58	72	88	#
73	141.234	10	21	23	88	#
74	307.553	32	66	72	89	#
75	289.018	55	62	72	89	#
76	279.999	32	63	70	89	#
77	275.951	44	55	66	89	#
78	166.743	15	54	90	#
79	132.136	1	15	90	#
80	371.219	11	27	35	66	73	91	#
81	407.804	33	35	39	74	75	91	#
82	244.647	25	27	69	70	73	91	#
83	234.832	1	16	34	73	75	91	#
84	217.038	17	28	49	66	69	91	#
85	190.352	9	11	30	45	62	91	#
86	1117.4	1	5	6	13	22	24	26	28	39	46	54	63	65	66	70	73	92	#
87	1143.12	2	9	10	13	22	29	39	45	46	52	53	56	64	68	70	75	92	#
88	1140.09	2	5	11	12	13	21	23	25	26	34	35	38	40	60	64	70	92	#
89	1113.03	5	10	12	13	15	20	25	30	33	38	46	56	60	64	67	68	92	#
90	1106.64	2	5	11	12	21	24	27	38	41	45	48	50	54	56	62	75	92	#
91	1098.06	6	10	11	19	22	24	39	41	46	48	56	59	63	66	71	75	92	#
92	1410.88	2	5	8	9	11	13	16	21	22	24	28	31	32	38	41	42	47	49	53	63	66	75	93	#
93	1882.84	1	2	3	4	5	8	13	20	27	29	39	40	43	47	48	51	52	53	54	66	67	70	93	#
94	1714.6	2	3	4	8	9	19	21	23	28	31	35	36	38	39	41	42	47	52	54	58	64	75	93	#
95	1712.47	0	1	2	4	7	9	12	13	22	24	26	35	36	37	39	40	41	43	53	62	69	75	93	#
96	1645.64	0	2	3	8	9	11	12	13	14	22	26	27	28	35	36	41	43	47	52	64	66	70	93	#
97	1634.36	1	3	4	8	13	28	40	41	43	46	51	52	53	54	55	56	57	60	61	68	69	74	93	#
98	359.131	5	29	30	32	94	#
99	328.76	5	9	11	54	94	#
100	319.316	5	30	45	53	94	#
101	273.96	1	29	30	55	94	#
102	238.685	9	21	32	38	94	#
103	748.875	7	18	27	30	32	34	38	40	72	73	75	95	#
104	935.97	18	19	21	34	40	44	48	65	66	68	75	95	#
105	916.344	7	10	11	28	30	34	35	42	64	68	74	95	#
106	850.039	2	3	5	18	19	25	39	41	63	64	73	95	#
107	794.479	7	18	19	30	42	49	61	70	72	74	75	95	#
108	775.573	12	16	19	25	31	34	44	50	63	64	72	95	#
109	1849.23	1	3	5	8	12	13	16	17	19	20	22	27	29	31	32	33	34	39	41	46	54	55	57	58	61	63	66	69	70	71	73	74	96	#
110	2254.64	1	3	5	8	15	16	19	20	21	22	27	30	32	34	35	39	41	48	50	52	53	55	56	57	61	63	65	66	68	71	73	75	96	#
111	2241.79	1	3	4	5	8	9	12	16	17	20	21	23	29	30	31	32	34	39	40	43	44	47	52	55	56	57	63	65	67	71	73	74	96	#
112	2167.92	1	3	9	13	15	16	17	21	22	23	25	29	30	31	32	33	34	39	45	48	52	53	56	57	58	61	63	65	66	68	73	75	96	#
113	2125.93	1	5	7	8	9	13	16	20	21	23	29	31	32	33	34	35	37	39	44	49	55	58	60	61	64	65	66	67	70	71	72	74	96	#
114	2114.29	1	2	16	19	20	21	22	23	28	29	31	32	33	34	39	41	45	48	51	52	54	55	64	65	66	67	68	69	70	71	73	74	96	#
115	51.7137	55	#
116	382.554	0	13	47	63	65	97	#
117	416.524	2	13	32	67	72	97	#
118	395.084	7	45	48	56	63	97	#
119	387.661	8	28	44	47	51	97	#
120	323.212	4	9	42	44	65	97	#
121	379.449	3	11	17	20	45	55	67	69	98	#
122	538.24	4	5	17	44	55	57	70	74	98	#
123	525.644	2	17	44	46	48	61	67	70	98	#
124	425.318	3	7	18	27	32	34	35	68	98	#
125	305.948	10	11	28	38	49	61	67	73	98	#
126	1114.32	1	7	8	27	29	34	43	54	56	58	63	70	73	74	99	#
127	1185.08	1	8	13	20	22	24	27	35	38	40	47	53	55	63	99	#
128	1146.89	4	9	15	27	34	35	36	55	56	60	69	72	73	75	99	#
129	1122.15	1	3	8	9	15	18	22	27	30	38	40	64	73	74	99	#
130	1086.84	2	9	11	15	20	29	34	35	47	52	58	59	63	69	99	#
131	1057.96	5	8	12	24	27	33	39	43	53	58	62	66	73	74	99	#
132	2513.22	0	2	4	7	10	11	13	16	18	20	22	25	28	30	33	34	35	36	37	41	42	45	47	48	51	54	60	62	64	65	66	68	70	71	72	74	75	100	#
133	3042.12	2	4	5	11	15	19	20	21	22	24	25	33	34	35	36	37	38	39	40	41	42	43	46	48	52	54	58	59	60	61	64	65	66	67	70	71	75	100	#
134	2997.17	1	2	7	11	13	15	18	19	20	22	24	30	32	33	34	35	36	37	38	39	43	47	48	51	52	54	60	61	63	64	65	67	68	70	72	73	74	100	#
135	2933.33	1	2	4	5	7	11	13	15	18	19	20	21	22	24	33	35	36	38	39	41	42	45	47	48	53	54	55	62	63	64	67	68	71	72	73	74	75	100	#
136	2911.1	2	4	5	10	13	14	15	19	20	21	22	23	24	28	30	32	34	35	36	38	39	43	45	46	47	48	58	62	63	64	65	66	67	68	69	70	72	100	#
137	2898.91	1	2	4	9	10	11	13	16	19	20	21	22	24	27	30	33	35	36	39	40	43	45	46	48	49	52	54	60	61	64	65	67	70	71	72	73	74	100	#
138	774.438	12	20	26	27	33	38	42	55	58	60	72	73	101	#
139	1089.31	1	3	12	20	26	28	37	53	55	63	66	73	101	#
140	975.691	6	12	38	42	53	54	55	56	58	63	66	67	101	#
141	910.121	1	6	8	20	26	32	34	35	58	60	66	75	101	#
142	898.182	2	9	18	19	22	27	28	32	53	60	73	75	101	#
143	863.445	1	19	21	24	28	32	33	38	40	47	53	69	101	#
144	72.9731	60	#
145	1564.25	6	9	10	13	15	21	31	34	41	43	45	50	51	54	56	57	59	70	73	74	102	#
146	1652.89	1	2	9	12	13	14	15	24	34	35	38	46	47	51	53	55	56	70	72	73	102	#
147	1602.89	2	4	5	10	13	22	31	33	35	38	41	46	50	51	53	55	58	59	64	69	102	#
148	1581.95	2	5	9	11	12	14	20	25	27	33	41	50	51	58	59	64	65	68	70	72	102	#
149	1544.43	4	5	6	10	15	21	33	34	35	38	41	43	50	55	56	60	62	68	69	74	102	#
150	1534.78	5	13	22	25	26	31	33	34	35	41	45	51	54	56	59	66	69	70	71	73	102	#
151	1470.21	0	1	5	15	17	18	19	26	28	35	38	43	51	56	57	60	66	71	73	75	103	#
152	1594.15	0	7	8	12	18	20	26	27	28	32	34	42	43	53	55	57	58	70	74	75	103	#
153	1585.51	4	16	17	18	21	27	28	32	33	38	39	40	43	44	48	49	51	58	63	73	103	#
154	1569.12	0	5	18	22	24	26	28	32	33	35	38	40	43	44	48	51	58	62	66	71	103	#
155	1565.59	0	1	5	8	12	13	14	21	26	27	32	43	51	55	57	61	68	70	73	74	103	#
156	1525.31	7	10	11	12	15	31	32	35	40	43	51	54	55	57	58	62	63	70	72	73	103	#
157	799.012	1	7	14	20	29	40	53	54	71	74	104	#
158	802.54	3	17	20	29	33	38	53	56	63	65	104	#
159	713.055	10	24	29	33	36	52	56	68	74	75	104	#
160	698.322	1	5	16	26	52	55	61	62	71	74	104	#
161	678.771	3	16	19	27	34	36	45	50	56	71	104	#
162	669.427	0	1	20	29	34	38	52	54	61	74	104	#
163	252.926	0	22	25	40	41	54	61	71	75	105	#
164	358.761	10	22	31	40	47	48	61	62	67	105	#
165	1004.25	1	3	5	10	15	18	19	32	46	50	55	56	60	67	71	106	#
166	1417.27	1	4	5	8	17	18	19	20	29	56	58	64	67	68	72	106	#
167	1352.68	2	5	11	15	27	32	35	36	38	46	47	56	65	72	75	106	#
168	1225.58	2	3	5	13	18	20	21	27	50	51	56	58	67	68	70	106	#
169	1185.47	5	11	15	18	22	29	31	32	50	56	63	64	71	73	75	106	#
170	1171.86	1	5	10	11	18	22	24	32	33	36	47	56	63	66	70	106	#
171	302.664	19	33	39	60	107	#
172	416.648	34	39	54	66	107	#
173	372.535	13	19	22	67	107	#
174	320.628	1	12	33	40	107	#
175	199.417	43	49	60	66	107	#
176	250.097	29	37	54	108	#
177	327.088	4	37	48	108	#
178	200.545	29	51	59	108	#
179	106.677	30	31	54	108	#
180	3402.83	0	1	2	3	4	8	9	10	11	12	13	14	16	18	19	20	21	23	24	25	26	29	31	33	35	36	37	39	40	41	42	46	48	50	51	52	54	55	56	58	63	66	67	70	71	72	73	74	75	109	#
181	3629.08	0	1	3	5	8	10	12	13	15	16	17	18	19	20	21	23	24	25	26	27	28	29	30	32	33	35	36	37	40	41	43	48	50	51	52	54	55	56	57	58	59	63	65	66	68	69	72	73	75	109	#
182	3622.87	0	1	2	3	8	9	11	12	13	14	15	16	17	18	19	20	21	23	24	25	26	27	28	33	34	35	36	40	41	44	46	48	50	52	54	55	56	58	61	65	66	67	68	69	70	72	73	74	75	109	#
183	3622.1	0	2	6	8	10	11	12	13	15	16	17	18	19	20	21	25	27	28	29	32	33	34	35	36	37	39	40	43	48	50	51	52	53	54	55	56	58	59	60	61	63	66	67	69	70	72	73	74	75	109	#
184	3568.4	0	2	3	8	9	10	11	12	13	14	15	16	18	19	20	21	22	23	25	26	27	28	29	32	33	34	35	36	37	39	40	42	43	44	48	50	52	54	55	56	57	58	63	65	66	67	70	73	74	109	#
185	3565.94	0	1	2	3	8	9	10	11	13	14	15	16	17	19	20	21	23	25	26	27	28	32	33	34	39	40	41	42	43	44	45	48	49	50	51	52	54	55	56	58	59	63	65	66	68	69	70	72	73	109	#
186	585.106	4	8	36	39	43	57	69	74	110	#
187	708.122	4	8	23	33	37	44	59	65	110	#
188	637.145	7	26	36	43	50	53	56	61	110	#
189	635.67	8	34	44	46	52	61	64	74	110	#
190	608.153	4	6	7	33	37	49	69	72	110	#
191	569.891	11	15	36	40	43	44	49	60	110	#
192	1430.04	0	9	14	18	20	21	25	30	36	44	45	47	48	50	53	54	61	64	66	71	73	111	#
193	1720.33	0	4	6	9	10	15	16	19	22	29	32	34	36	39	40	45	52	57	64	71	74	111	#
194	1704.57	1	7	9	10	15	25	29	35	36	38	39	56	58	59	60	61	64	65	66	70	74	111	#
195	1694.93	0	2	3	8	9	25	28	29	30	34	35	40	41	52	55	58	59	61	65	67	68	111	#
196	1694.54	4	8	13	14	19	22	28	32	38	39	44	48	51	52	53	54	65	66	68	71	72	111	#
197	1645.98	10	14	22	28	29	30	34	36	39	45	46	49	50	54	55	56	58	64	65	67	68	111	#
198	571.869	2	8	13	23	41	46	47	60	63	65	112	#
199	842.408	5	13	14	18	26	32	51	56	59	63	112	#
200	817.052	2	14	15	16	21	34	37	47	59	71	112	#
201	691.976	1	4	28	29	39	46	49	58	60	66	112	#
202	646.439	25	28	29	33	37	39	47	62	65	68	112	#
203	603.415	0	2	4	9	23	29	52	63	67	69	112	#
