%% File generated by CATS v.2.1Thu May  9 12:39:07 2024

%% The CATS webpage is http://robotics.stanford.edu/CATS

%% PARAMETER SETTINGS:
% Goods: 76; Bids: 200; Distribution: arbitrary; Runs: 1; Seed: 31
% Arbitrary Distribution Parameters:
% Max Substitutable Bids = 5
% Removing HV Neighbor   = 0.1
% Adding DIAG Neighbor   = 0.2
% Additional Location    = 0.9
% Additivity             = 0.2
% Budget Factor          = 1.5
% Resale Factor          = 0.5
% Normal Private Value:
%   Mean                 = 0
%   Standard Deviation   = 30



goods 76
bids 204
dummy 37

0	105.119	41	#
1	811.734	0	7	11	22	35	56	61	63	68	70	76	#
2	876.941	1	11	14	27	43	48	63	68	73	74	76	#
3	793.812	12	16	17	25	27	31	45	48	54	56	76	#
4	735.783	23	34	41	45	53	55	60	65	66	70	76	#
5	712.036	5	7	12	17	19	26	33	42	56	74	76	#
6	704.467	0	14	27	29	30	31	46	49	52	69	76	#
7	134.195	30	46	77	#
8	146.85	30	48	77	#
9	142.48	22	46	77	#
10	567.702	1	10	14	24	28	36	46	57	62	68	69	78	#
11	793.587	5	12	14	17	26	32	48	52	65	66	72	78	#
12	732.171	1	7	15	17	30	35	41	42	57	71	74	78	#
13	721.575	1	4	9	13	14	25	28	32	34	36	66	78	#
14	688.68	7	8	21	28	35	42	48	65	66	68	70	78	#
15	672.349	1	17	43	57	62	66	68	69	71	72	75	78	#
16	280.411	1	42	61	79	#
17	303.794	29	42	70	79	#
18	250.025	32	61	65	79	#
19	182.347	1	46	74	79	#
20	1154.32	1	3	8	12	19	21	24	26	29	30	32	39	50	52	56	61	63	71	75	80	#
21	1482.15	3	6	13	19	21	22	27	28	29	30	32	42	44	48	59	61	62	64	71	80	#
22	1465.6	0	3	10	18	19	20	29	37	38	42	45	46	48	51	59	60	61	65	68	80	#
23	1365.85	0	5	7	12	13	18	20	21	30	45	50	51	53	55	61	64	65	69	74	80	#
24	1360.02	3	8	11	15	18	20	23	27	28	29	30	31	35	37	41	50	63	69	70	80	#
25	1276.62	1	3	13	16	17	21	22	27	30	31	33	34	37	40	46	51	53	66	75	80	#
26	99.8523	40	#
27	200.726	19	21	64	67	81	#
28	212.848	18	44	51	64	81	#
29	190.073	0	6	19	68	81	#
30	163.454	21	39	44	57	81	#
31	119.643	6	10	67	72	81	#
32	636.798	2	4	10	11	25	33	35	47	54	69	73	82	#
33	938.114	0	14	20	25	36	37	40	48	54	68	69	82	#
34	836.037	2	3	4	7	8	25	40	52	61	67	69	82	#
35	723.826	2	3	4	7	10	14	17	30	31	46	49	82	#
36	717.461	0	6	14	29	39	40	50	56	67	72	73	82	#
37	684.581	13	15	22	29	35	36	37	45	48	54	69	82	#
38	976.978	2	3	4	5	7	8	16	17	25	32	38	44	47	50	52	56	58	62	75	83	#
39	1414.17	1	2	5	8	9	12	26	29	32	34	41	54	55	61	63	64	73	74	75	83	#
40	1342.22	1	2	3	8	11	26	28	31	34	37	41	47	49	51	52	55	64	67	68	83	#
41	1318.12	3	6	11	12	13	14	19	28	36	37	40	44	47	52	55	58	66	67	74	83	#
42	1292.01	1	3	4	7	12	15	32	42	44	46	48	49	51	55	56	60	73	74	75	83	#
43	1259.27	0	1	3	6	7	8	9	12	17	36	42	44	45	48	49	52	53	61	68	83	#
44	890.087	8	12	15	22	24	27	37	38	41	42	44	50	57	59	67	72	73	74	84	#
45	1307.95	1	12	19	20	25	26	28	29	31	42	44	50	58	59	60	66	68	74	84	#
46	1288.92	2	3	4	10	13	15	19	29	33	34	36	39	45	57	64	68	71	74	84	#
47	1271.99	0	13	16	18	21	23	25	27	33	34	40	41	42	49	55	67	68	74	84	#
48	1223.26	6	7	10	11	15	20	22	26	33	39	49	57	61	65	66	70	73	75	84	#
49	1173.89	1	2	7	12	15	17	18	20	21	24	29	38	40	49	50	51	61	74	84	#
50	1124.63	0	5	11	16	20	36	54	56	59	65	68	69	73	74	85	#
51	1102.99	3	5	11	18	25	29	44	47	50	59	63	66	69	74	85	#
52	1093.21	1	9	20	21	28	32	44	49	55	61	63	68	73	74	85	#
53	1077.41	0	3	8	11	12	20	21	32	34	44	56	61	65	74	85	#
54	1005.14	4	5	12	25	29	32	37	39	53	55	58	65	70	74	85	#
55	994.681	8	11	16	21	29	44	47	50	51	55	62	65	66	69	85	#
56	1424.66	2	8	16	23	24	27	28	31	33	34	38	42	51	52	54	56	63	64	67	68	73	86	#
57	1640.42	0	1	2	4	7	8	14	20	24	26	30	34	36	40	41	44	45	55	61	70	75	86	#
58	1617.3	6	8	13	16	21	27	32	33	37	38	40	44	52	54	61	65	67	68	70	73	74	86	#
59	1614.26	1	3	10	12	13	14	23	24	36	37	38	40	41	44	50	51	57	62	64	66	74	86	#
60	1582.49	8	9	10	11	15	27	29	36	45	49	50	53	56	57	58	64	67	70	73	74	75	86	#
61	1576.76	6	7	10	11	13	16	28	33	42	44	53	55	56	58	60	61	67	70	73	74	75	86	#
62	65.8959	32	#
63	271.723	9	37	45	46	57	60	74	87	#
64	396.017	15	34	35	38	48	60	68	87	#
65	375.14	5	9	15	29	32	45	55	87	#
66	360.083	17	46	47	54	57	61	70	87	#
67	338.033	23	46	57	60	63	69	72	87	#
68	312.708	6	7	19	23	37	38	54	87	#
69	111.074	6	16	20	28	88	#
70	157.67	4	16	23	66	88	#
71	84.1504	6	15	27	28	88	#
72	694.582	5	20	24	26	27	29	34	37	43	50	89	#
73	855.34	2	3	10	20	30	31	36	45	47	54	89	#
74	754.423	1	10	21	26	28	29	39	41	43	65	89	#
75	734.886	1	15	28	29	45	51	58	71	74	75	89	#
76	692.556	8	20	25	29	50	55	56	58	65	73	89	#
77	657.479	12	18	25	26	27	37	38	40	44	59	89	#
78	371.351	15	16	18	21	38	41	70	90	#
79	538.281	6	15	20	27	44	60	74	90	#
80	491	3	6	16	28	40	67	70	90	#
81	442.529	18	25	43	47	58	69	75	90	#
82	438.633	9	12	20	28	41	56	58	90	#
83	321.868	5	21	24	37	42	44	69	90	#
84	337.227	6	8	9	11	22	29	39	40	46	52	#
85	290.752	26	39	50	58	72	91	#
86	346.917	11	14	58	70	72	91	#
87	342.24	21	25	29	34	58	91	#
88	341.712	14	29	50	52	56	91	#
89	269.81	23	26	52	53	65	91	#
90	142.344	2	39	49	55	62	91	#
91	77.484	9	32	92	#
92	76.0329	9	20	92	#
93	70.2892	10	32	92	#
94	220.096	8	30	52	93	#
95	298.3	26	30	55	93	#
96	183.298	10	29	52	93	#
97	166.071	8	33	73	93	#
98	641.001	1	3	4	12	23	45	46	52	53	62	67	72	94	#
99	924.66	1	10	27	29	30	39	43	47	55	57	62	67	94	#
100	917.54	5	8	11	21	27	45	49	53	61	68	73	75	94	#
101	911.567	0	1	7	9	18	19	29	46	48	60	64	73	94	#
102	891.739	10	12	15	19	20	21	40	47	51	57	60	61	94	#
103	829.368	5	11	15	16	23	25	40	41	43	52	53	61	94	#
104	123.973	42	46	95	#
105	148.53	42	47	95	#
106	115.987	46	49	95	#
107	1015.59	3	13	19	29	30	41	42	52	54	58	61	67	74	96	#
108	1180.67	0	16	25	30	33	36	41	46	49	54	64	68	70	96	#
109	1037.42	3	7	10	18	25	29	30	36	39	43	51	52	64	96	#
110	1031.17	1	3	11	12	13	30	39	43	50	58	61	64	73	96	#
111	964.855	3	11	29	31	40	44	47	64	65	67	68	72	75	96	#
112	958.729	2	8	20	49	54	58	61	64	65	66	67	72	74	96	#
113	1952.22	0	1	2	3	6	7	10	13	19	21	23	24	26	31	32	36	42	44	45	51	52	53	56	57	58	59	60	65	67	68	70	75	97	#
114	2103.95	1	3	7	8	13	16	22	23	24	30	31	34	35	36	38	39	41	42	45	47	51	52	53	55	58	60	61	64	65	72	73	74	97	#
115	2066.92	1	6	7	9	11	15	20	22	24	25	28	29	34	36	39	40	41	43	44	45	47	50	52	53	56	59	60	61	64	66	68	72	97	#
116	2049.24	1	2	3	4	6	9	10	13	14	19	20	21	25	29	30	34	36	38	39	42	47	51	52	54	58	61	67	68	70	71	72	73	97	#
117	2042.12	1	9	10	11	16	19	21	22	24	25	26	32	33	36	38	42	44	45	46	48	49	52	53	54	57	60	68	70	71	72	73	75	97	#
118	2015.83	0	1	2	3	4	6	9	11	12	13	14	17	19	20	21	22	23	24	26	29	41	47	49	52	53	55	60	62	68	69	70	73	97	#
119	811.388	4	7	14	16	21	23	24	31	35	41	65	66	69	98	#
120	1027.12	1	2	7	16	21	31	40	44	55	58	63	65	75	98	#
121	1012.94	4	16	18	20	23	31	32	34	42	44	50	52	69	98	#
122	966.261	6	12	15	18	20	29	33	37	42	52	54	65	68	98	#
123	904.063	2	22	31	38	40	49	51	62	66	68	69	70	71	98	#
124	832.283	4	7	9	12	13	48	50	52	58	63	69	70	75	98	#
125	261.623	54	56	59	72	99	#
126	240.309	26	45	59	72	99	#
127	237.988	22	35	51	56	99	#
128	236.653	5	35	40	54	99	#
129	137.747	16	26	46	72	99	#
130	702.207	3	7	8	21	22	35	37	39	52	70	100	#
131	693.118	5	7	19	28	41	42	55	56	64	74	100	#
132	661.673	0	25	30	50	51	52	54	55	56	61	100	#
133	657.868	5	6	8	13	34	40	45	61	71	72	100	#
134	601.754	7	20	35	39	41	47	60	63	70	71	100	#
135	546.404	22	26	28	35	39	40	51	58	65	74	100	#
136	921.424	8	27	31	47	49	51	52	54	55	59	60	69	74	101	#
137	1225.8	9	20	25	28	29	42	45	58	60	65	67	74	75	101	#
138	1059.14	1	3	7	9	16	32	34	35	41	44	54	71	74	101	#
139	985.312	0	24	26	27	30	43	47	49	53	55	59	68	74	101	#
140	954.865	9	10	12	25	32	35	42	50	52	58	65	71	74	101	#
141	954.438	0	28	34	42	43	44	47	49	58	67	68	69	73	101	#
142	644.244	4	13	28	34	35	40	47	53	65	66	67	68	102	#
143	938.495	3	6	10	12	13	33	37	41	44	48	57	64	102	#
144	912.859	6	8	13	19	27	34	36	40	50	61	72	73	102	#
145	863.102	2	12	14	15	27	30	40	43	46	61	66	67	102	#
146	803.988	3	4	8	25	35	50	53	54	55	58	66	72	102	#
147	778.05	1	2	4	5	6	8	11	24	33	53	54	63	102	#
148	1308.05	1	2	4	8	12	16	19	25	26	27	28	39	40	44	49	60	64	67	103	#
149	1293.11	0	4	5	6	8	10	19	25	30	35	43	44	46	49	50	60	64	67	103	#
150	1227.24	1	12	17	21	25	31	33	36	39	43	44	48	52	58	60	64	68	74	103	#
151	1164.03	4	6	12	24	31	32	33	35	38	40	47	49	52	54	64	66	68	69	103	#
152	1141.64	6	8	12	19	24	26	28	34	35	43	48	49	60	62	68	69	70	72	103	#
153	1130.84	3	4	5	9	12	16	26	30	37	40	42	44	45	48	59	62	65	72	103	#
154	108.497	9	28	104	#
155	144.136	27	28	104	#
156	1167.97	3	6	10	11	14	17	20	21	29	32	40	42	45	56	58	67	72	105	#
157	1409.32	1	2	3	4	8	16	25	33	34	36	42	49	51	54	61	71	75	105	#
158	1295.16	1	3	5	7	16	20	25	28	29	34	45	46	49	50	62	70	71	105	#
159	1246.13	1	6	10	11	21	25	26	43	45	49	50	53	54	55	66	70	73	105	#
160	1233.29	0	1	5	10	12	16	32	35	37	40	41	51	56	61	64	67	69	105	#
161	1181.19	3	4	5	7	13	21	23	39	40	42	48	56	58	60	61	70	73	105	#
162	86.5219	21	#
163	1592.31	8	11	12	13	16	18	22	24	25	28	29	35	48	49	51	53	56	58	60	61	65	66	67	71	72	73	75	106	#
164	1989.2	1	6	11	12	13	16	18	21	22	27	29	30	38	41	42	44	45	47	48	53	55	56	58	60	64	65	69	106	#
165	1748.67	0	3	4	5	7	8	11	13	14	15	16	17	21	24	27	31	38	41	43	48	53	54	55	64	65	72	75	106	#
166	1627	0	1	2	4	6	7	12	13	18	21	22	27	28	29	31	35	38	42	43	51	54	55	56	68	70	71	74	106	#
167	1609.95	0	1	2	4	6	7	12	17	18	21	23	32	34	38	41	42	43	45	47	48	58	59	60	62	65	66	67	106	#
168	1601.34	1	2	4	6	15	16	17	22	28	29	31	32	34	39	43	45	48	52	55	56	57	60	64	66	68	71	75	106	#
169	776.646	10	13	16	19	20	28	29	34	35	40	46	53	57	59	64	67	72	107	#
170	1115.15	5	8	12	14	17	22	24	28	31	40	42	48	53	61	64	71	74	107	#
171	1095.34	3	8	10	19	22	30	35	36	37	47	49	57	62	65	67	69	74	107	#
172	1086.49	4	10	18	23	27	32	36	47	48	52	53	59	64	65	68	69	75	107	#
173	1075.23	1	3	16	17	24	28	34	37	38	40	41	49	55	58	61	64	72	107	#
174	1064.19	0	4	12	13	23	24	26	31	38	46	47	56	59	60	66	68	70	107	#
175	371.82	9	16	22	31	42	54	55	108	#
176	410.177	7	9	10	18	38	57	68	108	#
177	407.597	26	30	44	55	61	71	73	108	#
178	367.835	5	16	25	26	38	63	65	108	#
179	357.057	6	14	30	37	42	45	67	108	#
180	347.143	6	15	22	25	43	50	57	108	#
181	310.731	12	24	35	51	52	109	#
182	263.908	8	16	31	52	64	109	#
183	256.086	12	18	19	24	74	109	#
184	255.988	18	25	51	69	70	109	#
185	249.073	2	35	40	52	56	109	#
186	220.212	15	17	24	33	51	109	#
187	73.2615	38	58	#
188	935.758	6	29	34	36	37	42	50	54	60	66	75	110	#
189	934.291	3	9	14	23	31	34	42	45	50	61	66	110	#
190	855.239	3	15	21	23	26	33	43	47	60	65	75	110	#
191	788.354	6	15	25	37	40	44	51	52	59	60	74	110	#
192	785.2	0	21	23	34	42	47	57	61	63	68	70	110	#
193	675.821	3	8	34	36	47	49	51	55	62	63	69	110	#
194	123.255	7	8	111	#
195	143.078	2	8	111	#
196	113.643	7	67	111	#
197	42.0033	23	58	#
198	439.283	11	36	37	42	54	63	69	112	#
199	501.814	4	10	17	44	50	54	58	112	#
200	476.168	3	11	13	15	53	58	59	112	#
201	398.911	15	27	29	34	36	63	73	112	#
202	354.991	15	28	33	38	42	54	71	112	#
203	350.946	22	31	38	43	46	64	69	112	#
