%% File generated by CATS v.2.1Thu May  9 12:39:06 2024

%% The CATS webpage is http://robotics.stanford.edu/CATS

%% PARAMETER SETTINGS:
% Goods: 76; Bids: 200; Distribution: arbitrary; Runs: 1; Seed: 12
% Arbitrary Distribution Parameters:
% Max Substitutable Bids = 5
% Removing HV Neighbor   = 0.1
% Adding DIAG Neighbor   = 0.2
% Additional Location    = 0.9
% Additivity             = 0.2
% Budget Factor          = 1.5
% Resale Factor          = 0.5
% Uniform Private Value:
%   Deviation            = 0.5
%   Max Good Value       = 100



goods 76
bids 201
dummy 35

0	269.437	10	20	29	42	55	76	#
1	363.696	5	11	15	42	60	76	#
2	315.797	28	29	32	45	67	76	#
3	279.771	20	24	43	63	70	76	#
4	193.953	9	10	43	44	52	76	#
5	133.062	38	52	55	60	75	76	#
6	704.607	8	10	11	12	18	19	37	41	46	61	69	77	#
7	912.324	1	2	5	16	18	22	24	29	32	41	74	77	#
8	806.132	8	18	21	24	41	48	59	66	69	73	75	77	#
9	804.12	4	7	8	14	22	43	50	54	61	64	66	77	#
10	803.254	2	8	11	14	19	26	29	31	46	48	58	77	#
11	801.559	6	12	13	27	28	29	37	52	56	59	63	77	#
12	454.323	9	18	21	33	35	57	67	78	#
13	555.844	7	15	25	35	42	54	73	78	#
14	512.501	5	27	33	48	57	64	67	78	#
15	505.544	2	14	15	33	50	51	58	78	#
16	428.956	9	21	24	27	45	57	68	78	#
17	425.319	9	30	42	49	54	64	72	78	#
18	579.363	3	11	23	36	45	61	63	74	79	#
19	640.677	1	6	8	28	29	51	61	66	79	#
20	557.249	8	13	21	38	45	46	73	74	79	#
21	555.066	3	4	10	25	44	45	51	55	79	#
22	537.974	10	11	13	38	44	46	58	73	79	#
23	495.232	9	20	25	26	36	46	54	66	79	#
24	113.832	33	#
25	1740.63	0	5	7	9	10	12	16	19	20	24	32	34	36	37	41	43	51	53	55	56	57	58	60	63	68	70	71	73	74	80	#
26	2153.6	3	4	8	9	11	14	15	16	19	23	27	28	29	38	40	42	43	44	46	48	54	56	58	59	62	66	71	74	75	80	#
27	2076.95	2	3	4	7	8	11	12	14	15	16	21	24	25	26	27	37	41	44	46	50	51	57	63	64	70	71	72	74	75	80	#
28	2011.54	2	7	9	11	14	16	19	23	24	25	26	28	30	36	37	41	42	43	45	46	50	51	54	57	58	63	68	70	71	80	#
29	1999.81	0	7	8	9	12	16	17	19	20	21	27	32	38	40	44	45	50	51	53	55	56	57	59	62	63	64	70	72	74	80	#
30	1992.45	1	3	4	5	7	11	16	22	24	25	26	28	29	30	31	32	37	41	42	45	46	48	50	51	52	54	68	73	74	80	#
31	796.146	3	7	8	25	26	32	33	35	37	38	46	47	63	71	72	73	81	#
32	1147.76	2	3	9	14	22	26	32	35	37	38	52	53	66	71	72	73	81	#
33	1126.99	13	14	16	24	25	35	39	47	50	55	63	65	66	68	71	72	81	#
34	1126.58	2	3	6	12	13	14	15	25	35	39	49	65	70	72	73	74	81	#
35	1115.2	10	14	19	22	30	34	35	39	51	54	58	65	66	68	70	71	81	#
36	1091.16	4	10	11	15	22	24	26	29	32	33	34	36	57	58	65	68	81	#
37	784.878	15	16	26	29	31	38	39	44	52	62	75	82	#
38	900.093	0	2	12	33	49	50	52	55	63	64	75	82	#
39	834.272	9	10	16	18	32	33	38	44	47	50	65	82	#
40	814.034	4	8	9	10	18	22	23	29	44	52	64	82	#
41	796.525	14	20	21	22	25	28	29	33	39	41	73	82	#
42	793.968	11	17	29	30	32	44	45	46	49	50	74	82	#
43	1723.23	2	3	5	13	16	18	19	24	27	31	34	38	40	46	49	58	59	61	65	68	69	73	83	#
44	1616.06	5	9	12	13	16	20	24	25	27	29	34	48	54	57	61	62	66	67	69	71	72	73	83	#
45	1590.97	3	5	13	14	18	24	25	27	29	34	38	39	42	46	48	51	55	57	62	65	68	69	83	#
46	1577.31	5	9	12	13	15	18	20	24	27	31	33	34	36	37	38	49	54	58	61	66	71	72	83	#
47	1495.36	3	5	13	15	17	19	21	27	38	46	50	52	53	57	58	61	62	65	71	72	73	74	83	#
48	1477.21	8	12	13	14	19	22	24	27	30	31	32	37	40	46	48	51	55	59	61	65	66	72	83	#
49	773.754	26	28	30	33	42	48	49	50	53	54	61	84	#
50	866.142	2	5	13	19	33	36	42	52	61	63	73	84	#
51	831.137	12	16	18	28	33	34	47	52	63	67	68	84	#
52	783.333	5	12	17	29	33	48	53	55	64	68	75	84	#
53	725.415	2	5	8	18	21	53	56	66	68	73	75	84	#
54	669.487	9	14	30	37	44	45	46	54	61	69	73	84	#
55	1945.77	0	1	2	5	6	7	8	9	12	17	23	24	27	28	32	33	34	40	58	60	61	64	68	70	73	74	85	#
56	2238.21	0	5	8	11	12	16	17	18	19	20	27	32	34	36	40	42	48	56	57	58	61	64	70	71	73	74	85	#
57	2111.72	0	6	8	11	12	16	18	19	20	25	27	31	32	34	39	48	55	56	61	62	63	64	69	70	73	74	85	#
58	2101.09	0	6	7	16	18	19	20	24	25	27	28	29	32	36	45	47	51	56	58	61	63	66	68	71	73	74	85	#
59	2082.27	0	5	6	8	15	16	18	19	25	27	28	29	32	36	40	47	48	50	56	58	60	61	63	64	66	73	85	#
60	2079.08	0	1	2	3	5	6	8	10	11	12	16	18	20	29	32	34	36	40	47	50	57	63	64	66	69	70	85	#
61	358.56	52	65	74	75	86	#
62	381.671	8	54	63	65	86	#
63	300.903	7	14	35	52	86	#
64	259.953	35	57	69	75	86	#
65	201.575	7	31	53	74	86	#
66	1129.37	2	5	16	17	22	23	26	32	35	42	47	48	55	59	65	71	87	#
67	1304.72	14	16	17	18	26	32	37	42	46	48	54	58	60	63	71	72	87	#
68	1204.67	4	17	21	22	24	26	28	34	35	36	42	45	47	66	67	72	87	#
69	1117.56	1	3	12	14	16	22	26	27	37	38	42	47	51	58	60	63	87	#
70	1103.56	10	13	15	21	23	24	26	42	46	48	54	59	60	64	66	68	87	#
71	1088.06	2	8	16	19	23	24	32	34	35	38	40	45	51	61	66	75	87	#
72	2350.46	2	6	7	9	10	11	12	13	16	19	23	27	28	30	31	32	34	35	36	38	39	40	41	42	44	51	53	58	59	60	61	64	65	66	68	69	70	72	73	74	75	88	#
73	2873.86	2	4	6	7	8	9	10	12	13	14	16	20	23	25	26	27	28	29	30	32	33	34	35	36	38	39	41	42	44	48	52	56	58	59	61	65	66	67	69	74	75	88	#
74	2836.86	2	4	6	7	8	9	10	11	12	13	16	20	23	26	27	28	30	32	34	35	36	38	39	40	41	42	44	48	50	53	54	57	58	59	61	64	65	66	69	72	74	88	#
75	2820.25	2	4	6	7	8	9	10	12	13	16	20	22	23	26	27	28	29	30	31	32	33	34	35	36	38	39	40	41	44	45	50	52	55	56	59	63	65	66	69	73	75	88	#
76	2776.89	1	2	4	6	7	8	12	13	14	20	22	23	26	27	28	30	32	33	34	35	36	38	39	40	41	42	44	48	52	55	59	60	61	63	65	66	67	69	72	73	75	88	#
77	2773.33	1	4	6	7	8	11	12	14	15	18	19	23	25	26	27	28	29	30	32	33	34	35	36	38	39	40	41	44	48	52	58	59	61	63	64	65	66	69	72	73	74	88	#
78	438.886	17	20	30	41	58	74	89	#
79	609.482	0	3	30	45	62	65	89	#
80	505.776	17	19	46	58	65	68	89	#
81	440.847	6	17	46	47	58	68	89	#
82	379.644	13	17	41	44	74	75	89	#
83	335.381	9	20	24	44	55	74	89	#
84	537.935	1	17	24	28	30	34	45	90	#
85	595.585	11	26	30	33	51	62	66	90	#
86	554.384	1	15	17	20	24	28	75	90	#
87	554.143	1	26	28	38	56	65	66	90	#
88	522.281	2	17	25	45	48	66	67	90	#
89	499.094	15	23	24	27	29	34	62	90	#
90	121.36	1	41	49	91	#
91	69.6555	1	5	55	91	#
92	279.193	26	46	48	66	68	92	#
93	351.581	27	35	58	66	70	92	#
94	275.903	20	28	50	61	68	92	#
95	213.599	6	10	16	48	74	92	#
96	165.565	34	40	46	55	70	92	#
97	278.574	1	11	25	45	46	93	#
98	349.103	1	22	45	57	71	93	#
99	310.127	25	57	59	60	63	93	#
100	286.282	1	11	33	36	45	93	#
101	168.267	24	37	43	46	67	93	#
102	161.745	10	30	45	55	69	93	#
103	830.263	1	7	19	23	28	30	38	40	41	44	50	55	56	71	72	94	#
104	1121.29	1	5	7	8	9	14	19	23	31	57	58	61	65	71	74	94	#
105	1022.86	5	7	11	13	14	18	30	33	41	47	65	66	67	68	74	94	#
106	1012.17	1	4	17	25	38	40	44	48	49	58	61	67	71	72	75	94	#
107	1007.47	0	7	12	13	16	18	32	44	45	48	49	58	60	63	71	94	#
108	1000.92	2	5	11	18	28	36	40	44	49	51	55	58	59	60	74	94	#
109	127.792	62	#
110	799.175	10	18	23	34	39	42	46	65	66	72	75	95	#
111	869.449	6	24	29	30	34	36	39	41	57	69	74	95	#
112	835.226	3	10	14	18	31	34	39	49	54	58	66	95	#
113	834.99	0	6	9	11	16	18	29	40	56	57	65	95	#
114	764.954	6	11	16	23	37	46	54	61	62	66	72	95	#
115	706.521	23	27	28	29	46	49	50	57	58	61	69	95	#
116	260.599	26	29	39	40	51	96	#
117	354.668	1	7	12	29	51	96	#
118	305.22	8	22	32	39	44	96	#
119	240.084	11	37	40	65	69	96	#
120	237.599	1	23	26	39	56	96	#
121	909.767	3	12	13	15	27	42	43	52	56	66	68	97	#
122	929.83	3	16	17	27	34	37	41	44	55	64	74	97	#
123	890.283	0	3	23	30	31	32	34	55	56	64	75	97	#
124	879.878	13	17	24	34	35	38	45	58	60	64	68	97	#
125	862.474	2	3	7	9	17	23	42	43	44	48	75	97	#
126	843.227	0	3	14	33	35	38	44	56	59	63	69	97	#
127	288.633	14	41	64	70	98	#
128	340.36	5	41	45	67	98	#
129	312.359	10	12	40	64	98	#
130	303.273	24	40	45	70	98	#
131	245.129	14	52	54	55	98	#
132	432.544	3	35	38	41	49	99	#
133	413.538	2	41	49	58	60	99	#
134	395.225	32	35	36	56	60	99	#
135	359.129	3	4	9	12	56	99	#
136	331.639	12	13	31	49	67	99	#
137	227.592	22	35	38	47	71	99	#
138	648.072	9	12	13	56	57	65	66	100	#
139	737.692	11	12	14	52	54	66	75	100	#
140	610.178	14	17	20	36	44	65	66	100	#
141	605.733	13	18	30	33	56	57	66	100	#
142	531.745	9	10	12	17	20	22	23	100	#
143	466.447	9	13	23	24	41	50	75	100	#
144	422.109	16	21	25	56	61	63	101	#
145	515.673	24	52	63	64	68	70	101	#
146	426.572	20	25	31	40	45	52	101	#
147	422.59	1	9	14	16	18	68	101	#
148	392.254	39	41	45	59	61	75	101	#
149	382.183	6	26	39	55	56	63	101	#
150	1675.73	2	3	4	6	7	8	10	13	17	18	25	27	30	37	38	39	47	48	50	52	53	57	65	67	73	75	102	#
151	2001.23	1	2	5	12	17	18	20	24	28	30	33	34	37	38	47	53	54	57	61	62	63	64	65	71	72	73	102	#
152	1977.52	1	2	6	10	12	18	24	27	33	34	38	40	44	45	46	48	51	55	56	57	58	62	65	68	69	73	102	#
153	1917.04	2	3	5	10	11	13	22	24	25	28	30	33	34	36	37	38	39	45	51	58	60	63	65	67	69	73	102	#
154	1906.78	2	3	6	10	13	17	22	24	25	28	30	32	33	34	37	38	39	46	51	52	56	57	59	62	67	69	102	#
155	1887.15	2	5	6	9	10	17	18	20	22	24	25	27	28	33	37	38	39	40	45	48	50	59	65	71	72	73	102	#
156	596.118	3	18	29	51	63	74	103	#
157	458.791	3	7	30	32	61	74	103	#
158	441.357	3	7	9	11	24	51	103	#
159	405.52	10	12	18	58	61	69	103	#
160	381.693	4	27	29	35	59	69	103	#
161	368.977	9	25	60	64	67	74	103	#
162	1337.45	3	5	13	18	20	22	27	28	31	33	38	39	45	49	53	55	56	65	104	#
163	1510.43	0	5	6	8	14	18	21	22	33	39	44	45	52	58	62	69	73	74	104	#
164	1422.9	3	10	13	14	18	19	21	25	31	33	34	41	45	47	51	58	59	62	104	#
165	1362.5	4	6	11	13	17	18	22	30	32	33	34	43	44	55	58	63	73	74	104	#
166	1323.38	4	5	7	14	18	20	25	33	35	39	41	44	52	54	59	61	69	73	104	#
167	1322.47	1	6	8	13	16	29	31	35	38	45	49	52	53	57	58	62	66	73	104	#
168	233.886	21	35	67	72	105	#
169	292.916	21	52	74	75	105	#
170	273.654	25	26	36	67	105	#
171	188.82	10	24	47	72	105	#
172	597.94	22	30	31	33	35	43	45	55	64	71	106	#
173	710.637	11	13	20	30	35	36	43	59	64	68	106	#
174	694.578	6	8	22	30	31	33	40	50	51	68	106	#
175	647.92	6	16	28	29	30	33	43	46	50	70	106	#
176	637.144	4	5	11	33	35	43	46	47	68	71	106	#
177	604.157	0	4	7	10	20	23	31	47	54	66	106	#
178	639.618	4	18	21	24	35	41	44	68	107	#
179	678.181	5	20	33	38	41	66	69	71	107	#
180	580.27	3	15	21	35	44	66	69	72	107	#
181	560.735	0	18	24	42	53	71	74	75	107	#
182	558.333	0	12	15	18	23	31	42	46	107	#
183	558.172	5	18	25	32	36	46	49	68	107	#
184	300.048	4	23	27	44	63	108	#
185	442.044	5	8	27	33	66	108	#
186	408.24	28	35	54	56	63	108	#
187	305.691	0	4	11	29	45	108	#
188	297.513	23	28	42	61	63	108	#
189	289.141	4	12	44	55	65	108	#
190	1000.81	9	16	18	21	22	23	24	35	36	40	42	51	57	58	63	73	75	109	#
191	1314.48	2	3	4	9	12	15	17	20	22	24	26	30	42	43	48	62	68	109	#
192	1260.26	4	8	11	18	20	22	24	28	29	30	34	45	52	53	57	62	63	109	#
193	1235.49	3	11	15	17	21	22	26	29	35	48	51	57	63	66	67	72	73	109	#
194	1199.09	9	11	21	26	30	32	45	48	51	52	62	63	64	66	71	72	75	109	#
195	1140.91	3	9	12	22	23	28	29	35	44	47	48	51	57	59	62	65	74	109	#
196	64.324	46	68	#
197	160.742	30	47	62	110	#
198	185.661	7	62	73	110	#
199	133.647	26	47	71	110	#
200	108.016	30	35	43	110	#
