%% File generated by CATS v.2.1Thu May  9 12:49:04 2024

%% The CATS webpage is http://robotics.stanford.edu/CATS

%% PARAMETER SETTINGS:
% Goods: 76; Bids: 200; Distribution: paths; Runs: 1; Seed: 97
% Paths Distribution Parameters:
% Initial connections:       = 2
% Edge density:              = 3.000000
% Shipping cost factor:      = 1.500000
% Max bid set size:          = 5
% Building penalty:          = 1.700000



goods 76
bids 200
dummy 91

0	0.759483	22	71	76	#
1	0.759483	20	70	76	#
2	1.09356	18	53	77	#
3	1.09356	19	33	53	77	#
4	1.09356	5	13	18	36	46	60	77	#
5	0.0742034	13	#
6	0.374735	12	14	24	78	#
7	0.374735	32	46	78	#
8	0.192398	32	79	#
9	0.192398	24	31	79	#
10	0.591482	5	50	80	#
11	0.591482	10	64	80	#
12	0.591482	5	10	15	80	#
13	0.591482	4	6	10	80	#
14	0.591482	3	9	64	80	#
15	1.06028	0	1	7	22	71	81	#
16	1.06028	0	1	8	70	81	#
17	1.06028	0	1	7	20	70	81	#
18	1.06028	2	26	59	66	81	#
19	1.06028	2	7	34	43	81	#
20	0.690012	24	72	82	#
21	0.690012	37	47	82	#
22	0.690012	25	32	60	82	#
23	0.690012	16	17	32	60	82	#
24	0.690012	24	25	31	60	82	#
25	1.16364	2	56	83	#
26	1.16364	0	1	22	31	62	83	#
27	1.16364	0	1	23	32	62	83	#
28	1.16364	0	1	22	24	32	62	83	#
29	1.16364	0	1	69	73	83	#
30	0.0300161	24	#
31	0.964485	27	58	84	#
32	0.964485	26	37	58	84	#
33	0.964485	24	26	38	58	84	#
34	0.889388	12	71	85	#
35	0.889388	11	22	71	85	#
36	0.889388	11	20	70	85	#
37	0.889388	12	24	27	75	85	#
38	0.889388	12	26	38	75	85	#
39	1.20676	7	13	36	48	109	#
40	0.50946	44	#
41	0.426368	7	16	49	#
42	0.453005	12	13	14	24	86	#
43	0.453005	13	32	46	86	#
44	0.453005	13	24	31	46	86	#
45	0.453005	13	23	69	86	#
46	0.453005	13	22	24	69	86	#
47	0.429363	3	64	87	#
48	0.429363	3	5	15	87	#
49	0.429363	3	4	6	87	#
50	0.728102	13	18	36	69	88	#
51	0.728102	11	13	14	18	36	88	#
52	0.728102	13	19	33	36	69	88	#
53	0.211469	32	89	#
54	0.211469	24	31	89	#
55	1.08896	35	61	90	#
56	1.08896	0	1	22	29	40	90	#
57	1.08896	28	34	61	90	#
58	1.08896	1	22	28	40	54	90	#
59	1.08896	28	38	40	59	90	#
60	0.486727	15	60	#
61	0.0860905	3	#
62	0.445563	13	18	36	91	#
63	0.445563	13	19	33	36	91	#
64	0.781831	39	92	#
65	0.781831	0	1	13	29	69	92	#
66	0.781831	0	1	11	13	14	29	92	#
67	0.781831	1	13	28	54	69	92	#
68	0.781831	1	11	13	14	28	54	92	#
69	0.3868	5	25	93	#
70	0.3868	5	16	17	93	#
71	0.83167	33	37	58	94	#
72	0.83167	24	33	38	58	94	#
73	0.83167	12	13	14	18	36	38	94	#
74	0.83167	12	13	14	18	24	36	37	94	#
75	0.83167	13	18	32	36	37	46	94	#
76	0.787758	2	26	59	68	#
77	0.447974	34	54	95	#
78	0.447974	0	2	34	95	#
79	0.447974	0	29	35	95	#
80	0.6244	47	#
81	0.889388	12	71	96	#
82	0.889388	11	22	71	96	#
83	0.889388	11	20	70	96	#
84	0.889388	12	24	27	75	96	#
85	0.889388	12	26	38	75	96	#
86	0.96788	1	22	40	97	#
87	0.96788	1	23	24	40	97	#
88	0.96788	1	3	15	22	31	60	97	#
89	0.96788	1	3	15	23	32	60	97	#
90	0.96788	1	3	15	22	24	32	60	97	#
91	0.833242	57	#
92	0.647804	10	44	98	#
93	0.647804	3	9	44	98	#
94	1.05302	30	45	99	#
95	1.05302	30	36	44	99	#
96	1.05302	13	36	73	99	#
97	1.05302	18	30	51	99	#
98	1.05302	19	30	33	51	99	#
99	0.651072	3	7	74	#
100	1.0379	34	43	100	#
101	1.0379	26	59	75	100	#
102	1.0379	7	26	59	66	100	#
103	1.0379	28	35	43	100	#
104	1.0379	1	22	54	71	100	#
105	0.738746	17	67	101	#
106	0.738746	16	25	67	101	#
107	0.710268	42	102	#
108	0.710268	5	25	68	102	#
109	0.710268	5	16	17	68	102	#
110	0.710268	26	47	102	#
111	0.642374	12	13	14	24	36	103	#
112	0.642374	13	32	36	46	103	#
113	0.569206	17	50	104	#
114	0.569206	10	15	17	104	#
115	0.569206	16	25	50	104	#
116	0.569206	10	15	16	25	104	#
117	0.278693	22	31	105	#
118	0.278693	23	32	105	#
119	0.278693	22	24	32	105	#
120	0.950343	1	22	40	106	#
121	0.950343	1	23	24	40	106	#
122	0.950343	1	3	15	22	31	60	106	#
123	1.03329	65	107	#
124	1.03329	18	41	107	#
125	1.03329	16	18	52	107	#
126	1.03329	13	16	18	36	55	107	#
127	1.03329	19	33	41	107	#
128	1.04398	0	1	70	#
129	0.774728	3	15	67	108	#
130	0.774728	12	40	108	#
131	0.086016	7	#
132	1.20676	8	36	57	109	#
133	1.20676	7	20	36	57	109	#
134	0.215509	9	#
135	1.02654	33	63	110	#
136	1.02654	21	30	33	51	110	#
137	0.766164	58	111	#
138	0.766164	19	36	13	14	12	24	111	#
139	0.766164	33	18	36	13	14	12	24	111	#
140	0.766164	19	36	13	46	32	111	#
141	0.707665	51	33	112	#
142	0.707665	45	19	112	#
143	0.707665	45	18	33	112	#
144	0.707665	44	36	19	112	#
145	0.707665	44	36	18	33	112	#
146	0.169253	19	113	#
147	0.169253	18	33	113	#
148	0.881081	31	71	114	#
149	0.881081	32	24	71	114	#
150	0.881081	32	27	75	114	#
151	0.881081	32	37	26	75	114	#
152	0.689736	32	60	17	115	#
153	0.689736	24	72	16	115	#
154	0.689736	37	47	16	115	#
155	0.689736	24	31	60	17	115	#
156	0.689736	32	60	25	16	115	#
157	0.601366	7	74	#
158	0.832823	39	35	116	#
159	0.832823	13	69	1	54	34	116	#
160	0.832823	13	14	11	1	54	34	116	#
161	0.673167	72	117	#
162	0.673167	25	60	31	117	#
163	0.673167	16	17	60	31	117	#
164	0.673167	47	38	117	#
165	0.673167	47	37	24	117	#
166	0.116538	20	#
167	0.6962	3	74	7	#
168	0.860398	37	58	118	#
169	0.860398	38	24	58	118	#
170	0.860398	38	12	14	13	36	19	118	#
171	0.860398	37	24	12	14	13	36	19	118	#
172	0.860398	38	12	14	13	36	18	33	118	#
173	0.609543	26	59	28	#
174	0.662777	29	0	1	22	31	119	#
175	0.662777	28	59	37	32	119	#
176	0.662777	28	54	1	22	31	119	#
177	0.662777	29	0	1	23	32	119	#
178	0.662777	29	0	1	22	24	32	119	#
179	0.763684	7	71	24	120	#
180	0.763684	66	27	120	#
181	0.763684	7	75	27	120	#
182	0.763684	66	26	37	120	#
183	0.763684	7	75	26	37	120	#
184	1.15606	61	121	#
185	1.15606	34	54	1	22	40	121	#
186	1.15606	34	59	38	40	121	#
187	1.15606	34	59	37	24	40	121	#
188	1.15606	34	54	1	23	24	40	121	#
189	0.584607	16	47	#
190	1.03513	0	1	22	71	122	#
191	1.03513	0	1	70	20	122	#
192	1.03513	2	34	43	122	#
193	1.03513	2	59	26	75	122	#
194	1.03513	0	1	23	24	71	122	#
195	1.26977	56	21	123	#
196	1.26977	59	37	32	62	21	123	#
197	1.26977	54	1	22	31	62	21	123	#
198	1.26977	59	38	31	62	21	123	#
199	1.26977	59	37	24	31	62	21	123	#
