%% File generated by CATS v.2.1Thu May  9 12:49:03 2024

%% The CATS webpage is http://robotics.stanford.edu/CATS

%% PARAMETER SETTINGS:
% Goods: 76; Bids: 200; Distribution: paths; Runs: 1; Seed: 13
% Paths Distribution Parameters:
% Initial connections:       = 2
% Edge density:              = 3.000000
% Shipping cost factor:      = 1.500000
% Max bid set size:          = 5
% Building penalty:          = 1.700000



goods 76
bids 200
dummy 97

0	0.55747	18	61	#
1	1.0058	25	38	#
2	0.262461	62	76	#
3	0.262461	16	17	76	#
4	0.262461	11	12	17	76	#
5	0.811076	28	45	77	#
6	0.811076	11	30	55	77	#
7	0.811076	23	24	45	77	#
8	0.454937	3	62	78	#
9	0.454937	3	16	17	78	#
10	0.454937	3	11	12	17	78	#
11	0.738075	2	4	5	20	79	#
12	0.738075	2	15	73	79	#
13	0.738075	0	1	2	73	79	#
14	0.509125	50	80	#
15	0.509125	4	5	13	80	#
16	0.60461	63	81	#
17	0.60461	31	45	81	#
18	1.045	0	27	37	61	67	82	#
19	1.045	1	13	20	27	61	67	82	#
20	1.045	19	27	36	82	#
21	1.045	74	75	82	#
22	1.045	5	13	61	70	82	#
23	0.948131	2	35	#
24	0.630716	5	20	69	83	#
25	0.630716	2	3	5	20	83	#
26	0.509492	11	43	84	#
27	0.509492	11	19	24	84	#
28	0.296768	69	85	#
29	0.296768	2	3	85	#
30	0.564906	37	61	#
31	0.757796	1	49	67	86	#
32	0.757796	1	17	67	69	86	#
33	0.757796	1	2	3	17	67	86	#
34	0.757796	0	57	67	86	#
35	0.757796	0	15	49	67	86	#
36	1.26273	59	87	#
37	1.26273	32	51	87	#
38	1.26273	34	64	87	#
39	1.26273	29	34	65	87	#
40	1.26273	26	32	39	87	#
41	0.437911	13	14	#
42	1.10864	40	46	88	#
43	1.10864	12	24	40	88	#
44	1.10864	11	16	24	40	88	#
45	1.10864	35	49	88	#
46	1.10864	17	35	69	88	#
47	1.22739	27	53	89	#
48	1.22739	31	51	89	#
49	1.22739	26	31	39	89	#
50	1.22739	30	31	65	89	#
51	0.432099	14	23	#
52	0.867023	11	44	90	#
53	0.867023	3	12	17	74	90	#
54	0.867023	3	11	62	74	90	#
55	0.867023	11	27	47	90	#
56	0.867023	3	11	16	17	74	90	#
57	0.82555	20	54	#
58	0.508856	20	49	91	#
59	0.508856	17	20	69	91	#
60	0.508856	2	3	17	20	91	#
61	0.409035	27	67	#
62	0.952708	26	71	92	#
63	0.952708	9	10	26	92	#
64	0.952708	6	26	68	92	#
65	0.952708	30	41	92	#
66	1.0961	29	42	93	#
67	1.0961	18	29	37	61	93	#
68	1.0961	13	15	18	20	29	61	93	#
69	1.0961	0	1	13	18	20	29	61	93	#
70	1.0961	14	18	19	29	37	93	#
71	1.09891	32	38	94	#
72	1.09891	7	26	32	71	94	#
73	1.09891	33	58	94	#
74	0.439591	22	25	95	#
75	0.439591	8	21	25	95	#
76	0.973399	38	96	#
77	0.973399	7	26	71	96	#
78	0.973399	7	9	10	26	96	#
79	0.919265	1	66	69	97	#
80	0.919265	21	25	69	72	97	#
81	0.919265	1	2	3	66	97	#
82	0.919265	2	3	21	25	72	97	#
83	0.919265	8	22	25	69	72	97	#
84	0.802073	6	50	98	#
85	0.802073	4	5	6	13	98	#
86	0.802073	7	48	98	#
87	0.035238	0	#
88	0.174059	3	#
89	0.735457	37	61	99	#
90	0.735457	13	15	20	61	99	#
91	0.735457	0	1	13	20	61	99	#
92	0.735457	14	19	37	99	#
93	0.563228	19	46	100	#
94	0.563228	12	43	100	#
95	0.563228	12	19	24	100	#
96	0.563228	11	16	43	100	#
97	0.563228	11	16	19	24	100	#
98	0.9255	4	5	6	20	69	101	#
99	0.9255	2	3	4	5	6	20	101	#
100	0.9255	1	60	69	101	#
101	0.9255	1	2	3	60	101	#
102	0.457866	8	72	#
103	0.169099	13	#
104	0.75682	4	5	6	20	102	#
105	0.75682	1	60	102	#
106	0.75682	6	15	73	102	#
107	0.75682	0	1	6	73	102	#
108	0.75682	0	15	60	102	#
109	0.440113	4	6	#
110	0.591465	66	#
111	1.06023	11	14	24	48	103	#
112	1.06023	1	16	49	66	103	#
113	1.06023	16	21	25	49	72	103	#
114	1.06023	1	62	66	69	103	#
115	1.06023	21	25	62	69	72	103	#
116	0.962608	40	104	#
117	0.962608	6	10	56	104	#
118	0.431862	17	46	105	#
119	0.431862	12	17	24	105	#
120	0.431862	11	24	62	105	#
121	0.431862	11	16	17	24	105	#
122	0.181399	3	#
123	0.712142	14	37	106	#
124	0.712142	13	14	15	20	106	#
125	0.712142	0	1	13	14	20	106	#
126	0.563038	9	26	#
127	1.06798	13	18	20	30	31	61	#
128	1.10913	11	24	40	107	#
129	1.10913	52	55	107	#
130	0.630157	63	108	#
131	0.630157	31	45	108	#
132	0.579611	43	109	#
133	0.579611	24	19	109	#
134	0.579611	28	23	19	109	#
135	0.326633	26	#
136	1.17999	51	110	#
137	1.17999	26	39	110	#
138	1.17999	30	65	110	#
139	1.16311	70	4	6	10	111	#
140	1.16311	39	9	111	#
141	0.447155	14	24	11	#
142	0.681716	48	#
143	0.37003	22	25	112	#
144	0.37003	8	21	25	112	#
145	1.01508	38	113	#
146	1.01508	7	71	26	113	#
147	1.01508	7	10	9	26	113	#
148	1.01508	7	6	68	26	113	#
149	1.01508	58	31	113	#
150	0.95804	10	60	114	#
151	0.95804	10	6	73	0	114	#
152	0.95804	35	1	114	#
153	0.2843	15	2	115	#
154	0.2843	0	1	2	115	#
155	0.770137	23	14	37	116	#
156	0.770137	23	14	13	20	15	116	#
157	0.770137	23	14	13	20	1	0	116	#
158	0.770137	28	12	57	116	#
159	0.770137	28	12	49	15	116	#
160	1.13298	29	41	7	#
161	0.810825	71	26	117	#
162	0.810825	10	9	26	117	#
163	0.810825	6	68	26	117	#
164	0.820505	28	45	118	#
165	0.820505	11	55	30	118	#
166	0.820505	24	23	45	118	#
167	0.820505	43	18	30	118	#
168	0.820505	24	19	18	30	118	#
169	0.257703	24	11	#
170	1.36916	32	38	25	21	119	#
171	1.36916	32	26	71	7	25	21	119	#
172	1.36916	32	38	25	22	8	119	#
173	0.74908	6	50	120	#
174	0.74908	6	4	5	13	120	#
175	0.412017	30	31	#
176	0.372425	25	22	121	#
177	0.372425	25	21	8	121	#
178	0.551621	18	29	34	#
179	0.0337203	11	#
180	0.868334	32	26	71	#
181	0.867023	11	44	122	#
182	0.867023	12	17	3	74	122	#
183	0.867023	11	62	3	74	122	#
184	0.867023	11	47	27	122	#
185	0.867023	11	16	17	3	74	122	#
186	1.14513	34	29	42	123	#
187	1.14513	32	30	42	123	#
188	1.14513	34	29	18	61	37	123	#
189	1.14513	32	30	18	61	37	123	#
190	0.17041	22	124	#
191	0.17041	21	8	124	#
192	0.882257	28	63	125	#
193	0.882257	28	45	31	125	#
194	0.882257	11	55	30	31	125	#
195	0.882257	24	23	63	125	#
196	0.882257	24	23	45	31	125	#
197	0.694376	6	4	5	126	#
198	0.694376	6	50	13	126	#
199	0.695238	23	56	#
