%% File generated by CATS v.2.1Thu May  9 12:50:36 2024

%% The CATS webpage is http://robotics.stanford.edu/CATS

%% PARAMETER SETTINGS:
% Goods: 76; Bids: 200; Distribution: regions; Runs: 1; Seed: 68
% Regions Distribution Parameters:
% Max Substitutable Bids = 5
% Removing HV Neighbor   = 0.1
% Adding DIAG Neighbor   = 0.2
% Additional Location    = 0.9
% Jump Probability       = 0.05
% Additivity             = 0.2
% Budget Factor          = 1.5
% Resale Factor          = 0.5
% Uniform Private Value:
%   Deviation            = 0.5
%   Max Good Value       = 100



goods 76
bids 204
dummy 36

0	400.84	17	25	33	34	41	42	76	#
1	483.373	24	25	32	33	40	41	76	#
2	467.255	29	30	40	41	49	57	76	#
3	441.489	16	24	25	32	40	48	76	#
4	396.264	25	33	34	35	41	42	76	#
5	367.066	9	17	24	25	33	41	76	#
6	449.883	2	3	10	11	18	26	77	#
7	574.238	1	2	3	10	18	69	77	#
8	430.66	1	2	3	9	10	11	77	#
9	423.424	1	2	3	4	10	11	77	#
10	382.682	10	18	19	27	28	56	77	#
11	346.4	18	19	26	33	34	42	77	#
12	1052.69	28	29	30	36	37	38	44	45	46	47	52	53	54	61	62	63	73	78	#
13	1240.56	14	15	22	23	29	30	31	38	44	45	46	52	53	54	61	62	66	78	#
14	1187.08	12	18	19	20	27	28	29	30	31	38	46	49	50	53	54	61	62	78	#
15	1136.37	23	28	29	30	31	38	43	44	45	46	51	52	53	54	61	62	63	78	#
16	1134.89	22	23	29	30	31	36	37	38	39	44	45	47	52	53	54	61	62	78	#
17	1123.29	1	2	9	10	18	19	44	45	51	52	53	54	55	59	61	62	63	78	#
18	630.954	0	1	2	8	9	10	11	16	24	79	#
19	771.922	0	1	8	9	16	24	41	42	50	79	#
20	727.581	0	1	8	9	16	24	32	40	41	79	#
21	677.062	0	1	8	9	10	16	18	24	33	79	#
22	654.318	0	8	16	24	32	39	40	41	47	79	#
23	651.882	0	1	2	8	9	10	11	18	26	79	#
24	361.196	42	43	50	51	59	80	#
25	416.41	32	40	41	42	50	80	#
26	310.059	41	42	49	50	58	80	#
27	287.584	43	44	51	52	59	80	#
28	286.984	35	43	51	52	59	80	#
29	283.284	31	35	41	42	43	80	#
30	210.972	14	15	21	22	81	#
31	253.377	14	15	22	23	81	#
32	226.416	15	21	22	23	81	#
33	189.243	6	14	15	23	81	#
34	174.745	15	21	22	30	81	#
35	791.047	20	28	29	36	37	44	45	52	53	54	60	61	62	82	#
36	996.081	29	36	37	43	44	45	51	52	53	60	61	62	64	82	#
37	993.094	29	36	37	38	42	43	44	45	50	51	52	53	58	82	#
38	953.227	28	34	36	37	41	42	43	44	49	52	53	65	68	82	#
39	924.952	36	37	38	42	43	44	45	51	52	53	59	60	61	82	#
40	917.442	2	3	24	38	39	46	47	52	53	54	61	62	63	82	#
41	582.557	27	34	35	36	37	40	41	43	44	49	51	52	60	83	#
42	809.305	24	32	33	34	40	41	48	49	50	56	57	58	72	83	#
43	762.933	29	36	37	38	42	43	44	52	53	54	55	60	62	83	#
44	756.533	36	43	44	51	52	53	54	55	60	61	62	63	72	83	#
45	752.915	18	26	33	34	35	40	41	48	49	50	56	58	59	83	#
46	737.185	24	25	26	32	33	34	35	40	41	48	49	56	57	83	#
47	207.787	64	73	84	#
48	191.325	31	64	84	#
49	146.65	40	73	84	#
50	912.154	20	23	27	28	29	30	31	36	37	38	39	44	47	55	85	#
51	1041.07	28	29	36	37	38	42	43	44	45	50	51	52	53	58	85	#
52	984.03	20	22	23	28	29	30	31	36	37	38	39	44	51	52	85	#
53	900.691	20	21	22	23	27	28	29	30	31	36	37	38	39	50	85	#
54	890.416	7	15	20	21	22	23	28	29	30	31	36	37	38	39	85	#
55	887.785	19	20	23	28	30	31	36	37	38	39	43	44	47	51	85	#
56	1276.8	5	6	7	13	14	15	19	20	21	22	23	27	28	29	30	31	37	38	39	45	46	52	53	54	60	61	62	63	86	#
57	1577.63	3	4	5	6	7	9	10	13	14	15	18	21	22	23	26	30	31	33	34	37	38	39	42	45	46	54	62	63	86	#
58	1500.61	6	7	15	23	30	31	34	36	37	38	39	42	45	46	47	50	51	52	53	54	55	58	59	60	61	62	63	74	86	#
59	1480.51	20	26	27	28	31	34	35	36	37	38	39	42	43	45	46	47	50	51	52	53	54	55	58	59	60	61	62	63	86	#
60	1441.04	4	5	6	7	13	14	15	20	22	23	28	30	31	36	37	38	39	45	46	47	52	53	54	55	61	62	63	66	86	#
61	1424.29	3	4	5	6	7	10	11	13	14	15	18	21	22	23	26	30	31	37	38	39	45	46	47	53	54	55	62	63	86	#
62	251.59	14	15	22	23	31	87	#
63	263.872	5	6	7	13	14	87	#
64	259.285	15	22	23	30	31	87	#
65	243.392	15	21	22	23	31	87	#
66	227.327	14	15	22	23	75	87	#
67	430.986	14	15	22	23	30	31	88	#
68	598.124	21	22	23	30	31	38	88	#
69	542.831	22	23	30	31	38	46	88	#
70	505.544	10	15	22	23	30	38	88	#
71	459.734	15	22	23	30	31	46	88	#
72	453.382	23	30	31	38	46	54	88	#
73	309.566	3	4	5	11	89	#
74	347.9	3	10	11	61	89	#
75	167.939	4	5	6	13	89	#
76	107.256	5	6	13	14	89	#
77	1443.55	3	4	5	6	7	11	12	13	14	15	18	19	20	21	22	23	30	31	38	51	58	59	90	#
78	1696.8	1	2	3	4	5	9	10	11	24	25	33	34	42	48	49	50	51	52	56	58	59	69	90	#
79	1540.06	3	4	5	6	7	10	11	13	14	15	18	19	20	21	22	23	30	31	37	38	45	53	90	#
80	1451.3	3	4	5	9	10	11	12	13	14	17	18	19	20	21	22	27	30	31	35	51	59	73	90	#
81	1397.55	0	1	6	7	9	10	11	12	13	15	17	18	19	20	24	25	27	28	34	36	37	45	90	#
82	1390.96	3	4	5	6	7	10	11	12	13	14	15	18	19	20	21	22	23	28	30	31	38	39	90	#
83	349.103	45	46	53	54	55	61	62	91	#
84	435.448	36	43	44	45	46	53	54	91	#
85	402.894	31	39	46	47	53	54	62	91	#
86	386.588	44	45	46	52	53	54	62	91	#
87	385.408	10	36	46	53	54	61	62	91	#
88	349.039	29	36	37	45	46	53	54	91	#
89	806.112	4	5	6	7	12	13	15	20	21	22	23	28	30	31	92	#
90	1041.27	3	4	5	6	7	15	22	36	37	44	45	52	53	60	92	#
91	1005.08	15	16	21	22	23	24	25	28	29	30	31	36	37	67	92	#
92	997.344	20	27	28	29	36	37	42	43	44	45	52	53	60	61	92	#
93	921.267	3	4	11	12	19	20	27	28	29	36	37	44	45	52	92	#
94	879.559	5	6	7	14	15	21	22	30	31	40	41	42	50	58	92	#
95	428.127	23	30	31	38	39	93	#
96	422.57	30	31	38	39	47	93	#
97	381.18	22	30	31	38	39	93	#
98	363.896	22	23	30	31	38	93	#
99	1038.5	4	5	6	7	14	15	21	22	23	27	28	29	30	31	36	37	38	39	44	46	47	94	#
100	1406.39	7	15	22	23	26	27	28	29	30	31	34	36	37	38	42	43	44	51	52	53	60	94	#
101	1365.21	23	28	29	30	31	34	35	36	37	41	42	43	44	45	50	51	52	58	60	61	62	94	#
102	1313.73	23	27	28	29	30	31	35	36	37	38	39	43	44	46	51	52	53	58	59	60	61	94	#
103	1306.34	23	28	29	30	31	37	38	39	44	45	46	47	51	52	53	54	55	61	62	63	67	94	#
104	1305.25	18	19	26	27	28	29	30	34	35	36	37	38	42	43	44	51	52	53	60	61	64	94	#
105	249.816	51	52	58	59	95	#
106	317.535	43	51	52	53	95	#
107	316.743	34	50	58	59	95	#
108	300.667	44	52	60	61	95	#
109	407.87	0	7	8	15	21	22	23	96	#
110	459.777	5	7	13	15	21	22	23	96	#
111	441.383	6	7	15	21	22	23	31	96	#
112	381.54	0	8	9	16	24	25	32	96	#
113	380.699	5	7	15	22	23	29	30	96	#
114	373.773	4	5	6	13	21	22	23	96	#
115	73.576	19	#
116	49.5376	70	#
117	146.773	43	51	97	#
118	178.704	42	43	97	#
119	41.9679	63	#
120	32.7369	68	#
121	472.013	25	33	41	42	49	50	57	58	98	#
122	645.799	2	3	10	18	25	26	33	34	98	#
123	610.53	24	32	40	41	42	49	50	57	98	#
124	578.191	32	33	34	40	41	42	48	50	98	#
125	551.823	16	24	25	32	33	40	41	60	98	#
126	492.049	33	34	41	42	43	49	50	58	98	#
127	120.748	73	#
128	1270.37	17	24	25	27	32	33	34	35	40	41	42	43	48	49	50	51	52	57	58	60	99	#
129	1324.14	1	9	16	17	24	25	32	33	34	40	41	42	43	48	49	50	56	57	58	68	99	#
130	1304.87	0	1	2	3	4	8	9	10	11	12	13	17	24	25	26	33	34	40	41	42	99	#
131	1298.08	10	12	29	30	36	37	38	39	42	43	44	45	46	51	52	53	58	59	60	61	99	#
132	1295.38	17	24	25	28	29	32	34	35	36	37	40	41	42	43	44	45	48	50	51	59	99	#
133	1273.98	1	2	8	9	16	17	24	25	26	33	34	35	41	42	43	49	50	51	57	58	99	#
134	912.832	7	15	22	27	28	29	30	35	36	38	42	43	46	51	54	55	72	100	#
135	1214.13	21	22	23	28	29	30	37	38	46	47	52	53	54	55	61	62	63	100	#
136	1123.53	2	18	19	24	26	32	33	34	40	41	42	48	49	56	57	66	72	100	#
137	1058.92	27	35	42	43	44	46	47	50	51	52	53	54	55	59	61	62	63	100	#
138	1051.27	22	29	30	31	33	34	35	37	38	43	44	45	51	52	53	61	74	100	#
139	1009.2	28	29	30	37	38	42	43	44	45	46	47	49	50	51	52	58	59	100	#
140	270.566	0	1	8	101	#
141	275.924	1	2	9	101	#
142	228.891	0	8	9	101	#
143	386.21	5	6	7	13	14	15	21	22	23	102	#
144	545.226	5	7	13	14	15	21	22	23	31	102	#
145	501.221	3	4	5	7	13	14	15	21	22	102	#
146	490.025	5	6	13	14	44	45	53	61	67	102	#
147	478.171	3	4	5	6	7	13	14	15	21	102	#
148	469.068	1	2	3	4	5	6	13	14	21	102	#
149	2820.98	0	1	2	3	4	6	7	8	9	11	12	13	14	15	16	17	19	20	24	25	26	27	28	29	30	31	33	34	35	36	37	38	39	41	42	43	44	45	46	47	51	52	53	54	55	59	60	61	62	63	75	103	#
150	3035.05	0	1	2	3	4	8	9	10	11	12	13	16	17	18	19	20	24	25	26	27	28	29	30	31	32	33	34	35	36	37	38	39	41	42	43	45	46	47	48	49	52	53	54	55	56	57	60	61	62	63	65	103	#
151	3033.41	0	1	2	3	4	8	9	10	11	12	13	14	15	16	17	18	19	20	23	24	25	26	27	28	29	30	31	33	34	35	36	37	38	39	41	42	43	44	45	46	47	51	52	53	54	55	56	57	60	61	63	103	#
152	3026.73	0	1	2	3	6	7	8	9	10	11	12	13	14	15	16	17	18	19	20	24	25	26	27	28	29	30	32	33	34	35	36	37	38	39	40	41	42	43	45	46	47	48	49	50	52	53	54	55	56	57	64	103	#
153	3019.93	0	1	2	3	4	5	6	7	8	9	10	11	12	13	14	15	16	17	18	19	20	23	24	25	26	28	29	30	31	32	33	34	35	36	37	38	39	41	45	46	47	48	49	50	53	54	55	56	57	61	62	103	#
154	3005.01	0	2	4	5	6	7	8	9	10	12	13	14	15	16	17	18	19	20	21	22	23	24	25	26	28	29	30	31	33	34	36	37	38	39	43	45	46	47	50	51	52	53	54	55	58	59	60	61	62	63	71	103	#
155	75.5988	69	#
156	69.605	44	#
157	514.462	41	42	50	51	52	60	61	104	#
158	548.173	42	49	50	52	53	61	68	104	#
159	547.391	41	42	43	44	51	52	60	104	#
160	493.698	52	54	55	60	61	62	63	104	#
161	492.568	52	53	54	60	61	62	63	104	#
162	472.82	34	40	41	42	48	49	50	104	#
163	266.23	41	42	69	105	#
164	240.622	33	34	42	105	#
165	223.276	26	34	41	105	#
166	217.056	52	60	69	105	#
167	102.961	64	#
168	68.1369	28	#
169	582.104	29	30	31	37	38	39	46	47	53	54	55	106	#
170	869.987	29	37	42	43	44	45	50	51	52	53	60	106	#
171	666.469	31	37	38	39	44	45	46	47	53	54	55	106	#
172	659.615	41	42	43	44	45	46	51	53	54	55	62	106	#
173	655.527	29	37	45	46	52	53	54	55	62	63	64	106	#
174	652.008	28	29	30	31	36	37	44	45	46	53	54	106	#
175	94.1264	20	#
176	95.0003	4	#
177	222.485	44	66	107	#
178	171.97	51	66	107	#
179	120.816	44	45	107	#
180	1062.91	6	7	14	15	22	23	34	41	42	45	49	50	53	54	56	57	108	#
181	1203.31	25	26	33	34	35	40	41	42	43	48	49	50	51	56	57	58	108	#
182	1198.98	25	26	33	34	37	40	41	42	43	44	45	48	49	50	52	58	108	#
183	1189.85	25	33	36	40	41	42	43	44	48	49	50	51	56	57	58	59	108	#
184	1181.68	25	26	32	33	34	39	40	41	42	43	48	49	50	51	56	57	108	#
185	1137.13	16	17	24	25	32	33	34	40	41	42	43	48	49	50	56	57	108	#
186	937.804	1	6	8	9	16	17	18	24	25	26	32	33	34	40	41	42	109	#
187	1138.03	4	8	9	16	17	18	24	25	26	32	33	34	40	41	42	43	109	#
188	1099.74	0	1	2	3	8	9	10	16	17	24	32	34	40	41	62	74	109	#
189	1089.77	0	1	2	3	4	8	9	10	12	13	16	17	18	24	25	26	109	#
190	1077.71	0	1	2	8	9	10	16	18	19	24	26	27	32	35	40	41	109	#
191	1020.54	0	1	2	8	9	10	16	17	18	24	25	26	32	34	40	48	109	#
192	852.307	33	34	41	42	43	49	51	52	53	54	58	59	60	61	62	110	#
193	1052.46	16	23	25	29	30	31	33	39	46	47	53	54	55	62	63	110	#
194	1039.94	15	23	29	30	31	38	45	46	47	52	53	54	55	61	62	110	#
195	933.521	28	29	30	36	43	44	51	52	53	54	58	59	60	61	62	110	#
196	892.859	29	36	37	39	45	46	47	52	53	54	55	60	61	62	68	110	#
197	888.055	29	36	37	44	45	47	51	52	53	54	55	60	61	62	63	110	#
198	993.636	1	2	8	9	10	16	17	18	19	24	25	26	33	34	35	64	111	#
199	1265.48	10	18	26	33	34	35	36	40	41	42	43	44	49	50	51	52	111	#
200	1184.42	24	25	26	31	32	34	38	39	40	41	42	43	47	50	51	73	111	#
201	1041.63	18	19	25	26	27	33	34	35	40	41	42	43	44	50	58	69	111	#
202	1037.13	1	2	8	9	10	17	18	19	24	25	26	27	34	35	43	64	111	#
203	1035.47	0	1	2	5	6	8	9	10	16	18	19	26	27	36	44	52	111	#
