%% File generated by CATS v.2.1Thu May  9 12:50:32 2024

%% The CATS webpage is http://robotics.stanford.edu/CATS

%% PARAMETER SETTINGS:
% Goods: 76; Bids: 200; Distribution: regions; Runs: 1; Seed: 37
% Regions Distribution Parameters:
% Max Substitutable Bids = 5
% Removing HV Neighbor   = 0.1
% Adding DIAG Neighbor   = 0.2
% Additional Location    = 0.9
% Jump Probability       = 0.05
% Additivity             = 0.2
% Budget Factor          = 1.5
% Resale Factor          = 0.5
% Uniform Private Value:
%   Deviation            = 0.5
%   Max Good Value       = 100



goods 76
bids 201
dummy 38

0	188.376	25	33	76	#
1	185.137	17	25	76	#
2	113.145	66	#
3	280.276	33	34	42	43	77	#
4	320.777	26	32	33	34	77	#
5	280.239	32	33	34	40	77	#
6	220.161	34	35	36	43	77	#
7	169.75	34	41	42	49	77	#
8	1639.91	2	9	10	12	13	17	18	19	20	21	26	27	28	29	32	33	34	35	36	40	43	44	45	46	48	51	54	55	56	72	78	#
9	2174.44	5	6	7	10	12	13	14	15	17	18	19	20	21	22	26	27	28	29	30	32	33	34	35	36	38	39	43	44	46	47	78	#
10	2025.73	0	1	2	3	5	6	7	9	10	11	12	13	14	15	17	18	19	20	21	22	26	27	28	30	33	34	35	36	43	44	78	#
11	2015.9	0	1	2	6	8	9	10	14	17	18	19	20	21	22	26	27	28	30	31	34	35	36	38	39	43	44	47	50	51	58	78	#
12	2005.3	2	3	4	5	6	7	9	10	12	13	14	17	18	19	20	21	26	27	28	29	30	33	34	35	36	38	42	43	44	70	78	#
13	1996.24	0	1	2	5	6	7	9	10	12	13	14	15	17	18	19	20	21	22	26	27	28	29	30	34	35	36	43	44	67	73	78	#
14	1864.75	13	14	19	20	21	22	27	28	29	33	34	35	37	38	40	41	42	43	44	45	46	47	48	49	51	52	53	54	56	57	59	60	71	79	#
15	2206.41	2	12	17	19	20	21	22	25	26	27	28	29	33	35	37	38	41	42	43	44	45	46	47	48	49	51	52	53	54	56	57	62	63	79	#
16	2161.89	2	3	5	6	7	9	10	12	13	14	15	17	19	20	21	22	23	27	28	29	30	35	37	38	42	43	44	45	46	51	52	60	61	79	#
17	2140.48	1	2	3	9	10	12	13	16	17	18	19	20	21	26	27	28	33	34	35	36	37	41	42	43	44	45	47	48	49	51	52	57	66	79	#
18	2133.58	1	2	3	4	5	6	8	9	10	12	13	14	17	18	19	20	21	22	23	26	27	28	29	35	37	38	43	44	45	46	47	53	54	79	#
19	2053.53	1	2	3	4	5	6	7	8	9	10	11	12	13	14	15	17	18	19	20	21	22	23	25	26	27	28	31	46	53	54	61	62	63	79	#
20	210.922	44	45	46	53	61	80	#
21	311.301	18	26	45	46	53	80	#
22	264.11	27	28	36	44	52	80	#
23	232.14	44	45	46	47	54	80	#
24	221.525	28	36	44	45	68	80	#
25	270.154	2	4	28	36	81	#
26	374.288	2	9	10	11	81	#
27	276.443	3	4	11	12	81	#
28	190.228	20	28	29	36	81	#
29	554.269	19	27	28	29	30	33	34	35	75	82	#
30	686.084	23	29	30	31	38	39	46	47	55	82	#
31	660.324	25	29	30	38	50	56	57	58	75	82	#
32	648.018	24	32	33	34	42	49	50	57	58	82	#
33	646.951	12	13	19	20	21	27	29	30	38	82	#
34	613.633	27	28	34	35	42	50	51	57	58	82	#
35	1775.93	2	3	8	9	10	11	16	17	24	25	26	29	32	35	36	37	40	41	42	43	44	49	50	51	52	57	58	59	66	83	#
36	1872.7	2	3	4	5	6	7	10	11	13	14	20	21	22	23	28	29	30	31	32	35	36	37	40	41	42	48	49	57	66	83	#
37	1846.14	0	1	2	3	4	8	9	10	11	12	13	16	17	20	21	24	25	26	28	29	33	35	36	37	40	41	42	44	52	83	#
38	1841.43	3	4	11	20	21	23	28	29	30	31	32	35	36	37	38	40	41	42	43	44	45	49	50	51	52	53	57	61	70	83	#
39	1805.01	0	1	2	3	4	6	8	9	10	11	14	15	16	17	21	24	25	26	29	32	33	40	41	42	49	50	56	57	58	83	#
40	1767.75	0	1	2	8	9	10	16	17	24	25	26	32	33	35	36	40	41	42	43	44	48	49	50	51	52	56	57	66	74	83	#
41	349.879	2	3	9	10	11	12	84	#
42	463.72	2	10	11	18	19	26	84	#
43	454.894	10	11	12	18	26	31	84	#
44	400.397	2	10	11	12	18	19	84	#
45	382.16	2	3	4	5	11	12	84	#
46	301.831	1	8	9	10	11	12	84	#
47	300.398	1	2	8	9	10	85	#
48	337.898	9	10	18	19	26	85	#
49	279.847	2	3	11	12	20	85	#
50	263.02	2	3	9	10	11	85	#
51	201.354	1	8	16	24	32	85	#
52	195.934	1	8	9	16	24	85	#
53	219.118	50	56	57	58	86	#
54	209.831	49	50	57	58	86	#
55	160.3	43	51	58	59	86	#
56	112.044	48	49	56	57	86	#
57	1159.45	13	14	20	21	27	28	29	30	35	37	38	43	44	45	46	47	53	55	60	61	62	63	87	#
58	1325.53	2	8	9	10	11	16	17	18	22	25	26	30	31	37	38	41	45	46	47	53	55	63	87	#
59	1305.39	2	5	6	17	18	26	28	30	31	34	36	37	38	42	43	44	45	46	51	52	53	61	87	#
60	1302.84	2	9	10	11	16	17	18	26	27	28	34	35	41	42	43	44	51	57	58	59	68	69	87	#
61	1254.99	34	35	36	37	38	43	44	45	46	47	50	51	52	53	54	55	57	58	59	61	62	63	87	#
62	1216.94	3	4	5	8	9	10	11	12	13	14	16	17	18	20	21	25	27	28	35	42	43	51	87	#
63	62.4601	74	#
64	857.005	22	23	30	31	36	37	38	39	45	46	47	88	#
65	922.136	4	21	22	23	30	31	38	39	45	46	47	88	#
66	870.042	11	12	13	19	20	21	22	23	30	31	38	88	#
67	840.685	22	23	30	31	37	38	39	45	46	47	53	88	#
68	820.11	13	21	22	23	29	30	31	38	39	47	55	88	#
69	798.434	22	23	24	25	30	31	32	33	38	39	41	88	#
70	265.596	17	25	33	89	#
71	265.959	16	25	33	89	#
72	221.299	17	18	19	89	#
73	485.379	18	26	51	52	59	60	90	#
74	521.903	17	18	26	33	34	41	90	#
75	458.917	44	52	58	59	60	61	90	#
76	435.113	18	19	20	27	28	29	90	#
77	425.375	44	52	53	60	61	62	90	#
78	420.958	42	50	51	52	58	60	90	#
79	492.81	1	9	16	17	24	25	26	64	91	#
80	700.127	6	9	14	17	21	22	29	30	91	#
81	489.407	9	16	17	18	24	25	26	33	91	#
82	483.984	1	8	9	16	17	24	25	32	91	#
83	463.21	21	22	23	29	30	56	57	64	91	#
84	425.765	10	11	16	17	18	24	25	32	91	#
85	336.851	10	17	18	25	92	#
86	472.632	17	18	25	26	92	#
87	353.513	9	14	16	17	92	#
88	259.882	2	8	9	10	92	#
89	228.603	16	17	24	25	92	#
90	124.867	41	49	93	#
91	131.413	42	49	93	#
92	124.537	41	42	93	#
93	97.7085	72	#
94	1811.8	1	8	9	10	12	13	17	18	20	21	27	28	29	30	31	33	37	38	39	41	42	45	46	47	49	52	53	54	55	60	61	62	94	#
95	2258.14	4	5	7	12	13	17	18	20	21	25	26	28	29	30	31	32	33	34	36	37	38	45	46	47	52	53	54	55	60	61	62	71	94	#
96	1977.99	0	1	8	9	10	13	20	21	23	25	26	28	29	30	31	36	37	38	45	46	47	50	52	53	54	55	58	59	60	61	62	63	94	#
97	1965.75	10	11	13	14	18	19	20	21	25	26	28	29	30	33	34	36	37	38	43	44	45	46	47	52	53	54	55	59	60	61	62	63	94	#
98	1925.14	4	5	6	7	11	12	13	14	19	20	21	27	28	29	30	31	35	36	37	38	45	46	47	52	53	54	55	59	60	61	62	63	94	#
99	1911.59	0	1	4	8	9	10	11	12	18	24	25	26	30	32	33	34	38	42	43	46	49	50	51	52	53	54	55	58	59	60	61	62	94	#
100	126.665	15	18	95	#
101	156.07	18	26	95	#
102	1917.11	0	1	3	4	5	6	7	8	9	10	11	12	13	14	15	16	17	18	19	20	21	24	25	26	27	28	29	34	37	42	45	96	#
103	2123.18	2	3	6	7	9	10	11	12	13	14	17	18	19	20	21	26	27	28	29	34	35	36	37	39	42	43	45	46	47	63	71	96	#
104	2050.85	1	2	3	5	6	7	9	10	11	12	13	14	15	17	18	19	20	21	24	25	26	27	28	29	30	34	37	38	45	46	64	96	#
105	2029.26	2	3	9	10	12	13	17	18	19	20	21	26	27	28	29	30	34	36	37	38	39	42	44	45	46	47	52	53	60	61	66	96	#
106	1989.06	0	1	2	3	4	5	6	7	9	10	11	12	13	14	15	16	17	18	19	20	21	24	25	26	27	28	29	30	34	42	74	96	#
107	1951.91	0	1	2	3	8	9	10	11	12	13	16	17	18	19	21	23	24	25	26	27	28	29	30	31	32	36	37	38	39	45	46	96	#
108	1162.73	0	1	8	9	10	11	16	17	18	30	38	46	54	55	62	63	70	97	#
109	1328.01	1	2	9	10	11	12	17	18	19	20	26	27	28	32	33	41	46	97	#
110	1274.46	12	13	14	19	20	22	23	29	30	31	38	39	46	47	54	62	63	97	#
111	1272.4	0	1	2	8	9	10	11	12	16	17	18	19	26	27	33	34	35	97	#
112	1251.73	29	30	37	38	41	42	46	47	50	51	52	54	55	60	61	62	63	97	#
113	1198.79	0	1	8	9	10	16	18	26	30	33	34	35	38	39	46	47	54	97	#
114	734.839	0	1	9	10	11	17	18	19	20	26	98	#
115	752.238	3	9	10	11	12	17	19	20	28	36	98	#
116	702.799	2	3	10	11	12	17	19	27	35	43	98	#
117	677.535	3	4	10	11	12	13	17	18	19	20	98	#
118	660.636	3	4	10	11	12	19	20	21	22	27	98	#
119	644.742	2	3	4	5	6	11	12	13	19	20	98	#
120	1119.81	0	8	16	24	27	32	33	34	35	36	40	41	42	43	44	50	51	52	56	57	58	59	60	61	62	99	#
121	1655.55	2	4	8	9	10	11	12	13	14	16	18	19	26	27	34	35	51	52	54	55	57	58	59	60	62	99	#
122	1573.18	2	10	11	18	19	29	30	37	38	39	44	45	46	47	50	51	53	54	55	58	59	60	61	62	63	99	#
123	1545.57	3	4	5	10	11	12	13	14	15	19	22	26	34	35	36	37	38	42	43	44	50	51	58	59	60	99	#
124	1500.74	7	10	11	12	14	15	18	19	22	23	30	32	40	41	42	43	45	49	50	51	52	53	57	59	60	99	#
125	1485.77	4	10	11	12	18	19	26	29	32	33	34	35	36	37	40	41	42	43	49	50	51	57	58	59	60	99	#
126	402.161	29	35	36	37	43	45	100	#
127	455.576	29	37	42	45	46	50	100	#
128	446.698	2	29	37	45	53	54	100	#
129	442.049	20	21	29	35	36	37	100	#
130	424.023	25	35	43	50	51	52	100	#
131	366.719	35	36	37	45	53	55	100	#
132	82.9437	69	#
133	332.627	33	34	41	48	49	101	#
134	450.762	24	26	32	33	34	101	#
135	361.32	32	33	34	35	41	101	#
136	277.8	24	25	32	40	41	101	#
137	262.846	32	40	41	48	49	101	#
138	202.903	42	48	49	56	57	101	#
139	642.141	36	37	38	42	43	44	45	50	51	52	59	60	61	102	#
140	907.773	1	9	10	17	18	25	26	41	42	50	51	59	60	102	#
141	848.997	31	38	39	44	45	46	50	51	52	53	59	60	61	102	#
142	795.843	22	28	29	30	31	38	39	46	47	53	54	55	56	102	#
143	751.597	19	27	28	29	30	35	36	38	44	45	52	60	61	102	#
144	748.945	20	21	22	28	29	30	35	36	44	50	51	52	60	102	#
145	1091.03	4	27	28	35	36	37	38	39	41	42	43	44	45	51	52	53	59	60	61	103	#
146	1388.7	13	17	18	19	20	21	22	25	26	27	28	32	33	35	36	43	51	59	70	103	#
147	1382.63	17	25	28	33	34	35	36	37	38	42	43	44	50	51	52	53	59	60	61	103	#
148	1332.05	17	18	19	20	25	26	27	33	34	35	36	37	43	50	51	53	59	60	61	103	#
149	1325.24	15	30	31	35	36	37	38	39	43	44	45	51	52	53	59	60	61	62	63	103	#
150	1286.65	17	20	25	28	32	33	34	35	36	37	38	42	43	44	45	49	50	51	59	103	#
151	98.1242	68	#
152	484.745	0	1	9	16	17	18	104	#
153	580.615	9	10	17	18	26	34	104	#
154	576.369	9	10	17	18	19	26	104	#
155	554.033	0	1	9	10	17	18	104	#
156	443.129	0	1	8	9	22	23	104	#
157	431.113	0	1	8	9	10	17	104	#
158	280.585	11	12	13	19	21	105	#
159	354.516	3	12	13	66	70	105	#
160	269.715	11	18	19	27	35	105	#
161	254.957	3	11	12	19	20	105	#
162	178.809	10	11	18	19	20	105	#
163	163.912	19	20	21	22	23	105	#
164	652.499	3	4	11	12	13	20	21	28	29	32	36	40	106	#
165	722.62	2	3	4	5	10	11	17	18	19	27	47	72	106	#
166	681.727	2	3	10	11	18	19	25	26	27	28	29	34	106	#
167	666.249	13	17	20	21	28	29	35	36	37	44	52	60	106	#
168	649.458	17	25	32	33	34	35	40	41	43	48	51	52	106	#
169	645.003	4	27	28	29	35	36	37	44	45	46	52	60	106	#
170	475.942	25	32	33	34	35	40	41	73	107	#
171	591.095	3	4	5	11	12	13	20	73	107	#
172	553.261	26	32	33	34	35	41	42	43	107	#
173	520.413	2	3	32	40	41	42	49	57	107	#
174	501.911	24	26	32	34	40	41	42	43	107	#
175	495.864	16	25	26	32	33	34	35	43	107	#
176	178.603	2	3	10	108	#
177	240.947	3	4	5	108	#
178	439.15	29	30	35	37	43	44	45	73	109	#
179	473.65	1	8	9	10	32	40	73	74	109	#
180	442.385	37	44	45	52	53	59	60	61	109	#
181	429.314	35	37	43	44	45	51	52	60	109	#
182	421.133	33	34	35	43	46	51	52	54	109	#
183	416.087	13	19	20	21	22	23	29	31	109	#
184	160.294	21	22	30	110	#
185	240.083	22	30	31	110	#
186	100.027	20	21	22	110	#
187	330.781	10	16	17	18	24	49	65	111	#
188	476.897	2	3	10	11	12	17	18	111	#
189	441.124	23	30	31	39	47	65	73	111	#
190	425.685	10	16	17	18	25	26	33	111	#
191	375.219	2	8	9	10	16	17	18	111	#
192	336.472	0	1	8	16	17	24	25	111	#
193	952.922	16	24	28	32	33	34	35	36	37	40	41	42	43	44	45	48	49	50	51	57	58	59	60	66	112	#
194	1351.98	2	3	4	7	10	12	13	14	15	17	19	20	24	25	27	28	32	36	43	44	48	49	50	57	112	#
195	1346.73	9	10	14	15	17	23	25	27	28	30	31	33	34	35	36	37	38	39	42	43	44	49	50	57	112	#
196	1324.84	2	3	9	10	11	12	13	14	15	17	20	24	25	32	34	40	42	43	48	49	50	51	56	57	112	#
197	1308.51	13	20	21	28	29	30	31	34	35	36	38	42	43	44	45	47	49	50	51	52	55	57	59	60	112	#
198	1247.47	2	5	6	10	17	24	25	32	33	34	40	42	43	48	49	50	51	52	53	56	57	58	59	60	112	#
199	29.6231	44	45	113	#
200	26.3466	43	44	113	#
