%% File generated by CATS v.2.1Thu May  9 12:50:34 2024

%% The CATS webpage is http://robotics.stanford.edu/CATS

%% PARAMETER SETTINGS:
% Goods: 76; Bids: 200; Distribution: regions; Runs: 1; Seed: 52
% Regions Distribution Parameters:
% Max Substitutable Bids = 5
% Removing HV Neighbor   = 0.1
% Adding DIAG Neighbor   = 0.2
% Additional Location    = 0.9
% Jump Probability       = 0.05
% Additivity             = 0.2
% Budget Factor          = 1.5
% Resale Factor          = 0.5
% Uniform Private Value:
%   Deviation            = 0.5
%   Max Good Value       = 100



goods 76
bids 205
dummy 36

0	396.372	35	42	43	48	49	50	51	52	76	#
1	582.464	30	34	35	38	42	43	51	66	76	#
2	479.221	15	28	35	36	37	43	44	45	76	#
3	421.377	34	35	41	42	43	44	51	52	76	#
4	384.054	42	43	44	45	50	51	52	60	76	#
5	325.677	41	42	43	48	49	50	51	58	76	#
6	1493.6	6	7	10	11	12	13	14	15	18	19	20	21	22	23	27	28	29	30	31	36	37	38	39	44	45	46	47	53	54	55	61	62	72	77	#
7	1921.61	3	4	5	6	7	8	9	10	11	12	13	14	15	17	19	20	21	22	23	24	25	28	29	30	31	34	36	37	38	39	47	65	69	77	#
8	1885.88	0	1	3	4	5	6	7	8	9	10	11	12	13	14	15	17	18	19	21	22	24	25	26	27	28	29	30	31	34	36	37	40	44	77	#
9	1884.98	3	4	8	9	10	11	12	13	17	19	20	22	23	24	25	26	27	28	29	30	31	34	36	37	38	39	44	47	50	51	58	59	60	77	#
10	1873.2	3	4	9	10	11	12	13	14	17	19	20	21	22	23	24	25	26	27	28	29	30	31	33	34	36	37	38	39	41	46	47	49	68	77	#
11	1863.83	3	4	6	8	9	12	13	14	15	17	22	24	25	29	30	31	34	35	36	37	38	39	44	45	46	51	53	54	55	60	61	62	63	77	#
12	974.275	17	36	44	45	46	51	52	54	55	58	59	60	62	63	78	#
13	890.276	3	4	8	10	11	12	16	17	18	19	20	25	26	27	78	#
14	884	31	36	38	39	44	45	46	47	51	52	54	55	60	62	78	#
15	874.333	7	10	15	42	43	44	45	49	50	51	52	58	59	60	78	#
16	856.501	35	36	41	42	43	44	45	49	50	51	52	58	59	60	78	#
17	845.998	31	36	37	38	39	43	44	45	46	47	51	52	53	60	78	#
18	120.022	6	14	21	22	79	#
19	150.473	21	22	29	30	79	#
20	149.771	21	22	30	38	79	#
21	81.5463	6	14	15	22	79	#
22	752.69	1	2	8	9	10	16	18	19	20	24	46	52	53	54	80	#
23	1037.9	16	24	38	39	43	44	45	46	47	50	51	52	53	60	80	#
24	1031.77	31	38	39	42	43	44	45	46	47	50	51	52	53	63	80	#
25	989.627	37	38	39	44	45	46	47	51	52	53	54	60	62	63	80	#
26	985.625	5	29	37	38	39	45	46	47	52	53	54	60	62	63	80	#
27	796.161	2	3	8	9	10	11	17	18	19	20	25	27	52	60	80	#
28	621.954	11	16	17	18	19	24	25	26	27	32	33	34	81	#
29	868.325	3	9	10	11	12	16	17	18	19	24	26	32	81	#
30	818.986	1	2	3	10	11	12	16	17	18	19	20	26	81	#
31	773.852	16	17	18	24	26	27	32	33	40	41	49	57	81	#
32	766.614	10	17	18	19	26	27	28	29	30	31	37	38	81	#
33	760.38	2	3	6	10	12	13	17	18	19	20	21	27	81	#
34	721.934	22	23	28	30	31	36	37	38	39	45	46	82	#
35	970.252	23	30	31	36	38	44	45	46	47	52	60	82	#
36	901.233	23	30	31	38	45	46	47	54	55	62	63	82	#
37	865.001	23	30	31	36	37	38	45	46	47	54	55	82	#
38	803.997	22	23	30	31	38	45	46	54	55	62	63	82	#
39	802.174	23	28	30	31	36	37	38	39	46	47	65	82	#
40	865.758	2	3	6	7	10	11	12	13	14	15	19	20	21	22	23	29	31	83	#
41	1001.09	1	2	5	6	10	11	12	13	14	36	44	45	46	51	52	53	61	83	#
42	949.869	6	13	14	21	22	23	31	38	39	44	45	46	53	54	55	62	63	83	#
43	905.934	2	3	4	5	6	10	11	12	13	18	19	20	21	26	27	28	63	83	#
44	861.396	3	5	6	7	11	12	13	20	21	28	29	30	36	37	38	46	71	83	#
45	840.171	5	13	14	21	22	27	28	29	36	37	38	44	46	50	51	54	68	83	#
46	77.543	50	#
47	246.821	29	54	55	62	63	84	#
48	352.685	46	47	53	54	55	84	#
49	337.445	46	54	55	62	63	84	#
50	312.659	46	54	55	61	62	84	#
51	171.618	22	29	30	31	34	84	#
52	714.25	17	24	25	26	32	33	34	40	41	42	48	49	85	#
53	812.618	3	4	5	11	12	24	25	26	32	33	34	41	85	#
54	812.06	3	4	5	12	17	24	25	26	32	33	34	35	85	#
55	764.422	2	8	9	10	11	17	18	25	26	33	34	75	85	#
56	738.603	0	8	9	10	17	18	19	25	26	33	41	49	85	#
57	716.276	31	38	39	41	46	47	48	49	53	54	60	61	85	#
58	57.8598	64	#
59	19.9571	56	#
60	945.896	29	36	37	38	43	44	46	47	51	52	53	58	59	60	61	67	86	#
61	1019.83	9	15	16	17	18	23	24	25	26	29	30	34	38	39	46	47	86	#
62	872.43	31	36	37	38	39	42	43	44	47	49	50	51	52	58	64	67	86	#
63	863.396	6	14	15	21	22	23	28	29	30	31	36	37	38	39	46	47	86	#
64	859.33	8	16	17	36	39	44	45	46	50	51	52	53	58	59	60	61	86	#
65	818.115	37	38	39	45	46	47	51	52	53	54	58	59	60	61	62	63	86	#
66	96.7228	66	#
67	6.43043	15	#
68	389.952	1	2	3	10	11	87	#
69	440.209	2	3	4	10	11	87	#
70	335.768	3	10	11	18	19	87	#
71	334.67	3	10	11	12	20	87	#
72	232.574	0	1	57	58	59	87	#
73	408.675	0	1	2	8	9	16	17	88	#
74	567.521	8	16	17	18	24	25	26	88	#
75	472.798	0	1	2	8	10	11	12	88	#
76	467.112	8	16	17	18	42	50	58	88	#
77	461.353	0	8	16	17	24	25	44	88	#
78	431.466	0	2	8	9	10	17	25	88	#
79	94.3625	5	13	89	#
80	38.9767	4	5	89	#
81	866.521	3	4	6	7	10	11	12	13	14	15	19	20	22	23	31	90	#
82	1078.44	0	9	10	11	16	17	18	19	20	24	25	26	33	34	35	90	#
83	930.073	0	1	2	3	4	8	9	10	11	12	16	17	20	24	25	90	#
84	922.808	9	10	11	12	19	20	36	44	45	51	52	53	58	59	61	90	#
85	916.965	2	3	4	5	8	9	10	11	12	16	19	20	30	31	66	90	#
86	883.214	14	22	23	30	31	36	37	38	39	44	45	46	51	52	53	90	#
87	1203.28	3	4	5	6	7	11	12	13	14	15	19	21	22	27	28	29	30	37	38	46	52	53	91	#
88	1391.29	3	4	5	6	12	13	14	15	19	20	21	37	38	44	46	47	52	53	54	55	62	63	91	#
89	1359.27	2	3	10	11	12	13	14	19	20	21	27	28	29	36	37	38	44	52	59	60	61	74	91	#
90	1354.22	12	16	17	24	28	29	30	36	37	38	39	41	44	46	49	50	51	52	53	58	59	60	91	#
91	1353.06	0	2	3	4	5	6	7	9	10	11	12	13	14	15	17	19	20	21	22	29	30	31	91	#
92	1313.26	3	4	5	6	7	11	12	13	14	15	19	20	21	22	28	29	30	31	36	38	46	53	91	#
93	303.606	11	17	18	19	92	#
94	336.248	16	17	18	24	92	#
95	292.892	16	17	18	19	92	#
96	222.827	17	18	19	27	92	#
97	84.3001	11	19	20	27	92	#
98	1029.4	15	23	29	30	31	38	39	45	46	47	51	52	53	60	61	93	#
99	1091.01	18	25	26	29	30	31	35	36	37	38	39	45	46	52	53	93	#
100	1075.84	23	29	31	36	37	38	39	45	46	47	51	53	59	60	61	93	#
101	1000.72	29	30	36	37	42	43	44	45	50	51	52	53	59	60	61	93	#
102	995.018	21	23	29	30	31	36	37	38	39	45	46	47	53	60	61	93	#
103	988.26	31	38	39	44	45	46	47	51	52	53	55	59	60	61	62	93	#
104	1153.38	4	5	6	7	11	12	13	14	15	19	20	21	22	23	27	28	29	30	31	37	38	39	44	45	46	54	55	62	63	94	#
105	1492.89	6	7	14	15	21	22	23	28	29	30	31	33	34	35	36	37	38	39	40	41	42	43	46	50	54	55	62	63	72	94	#
106	1465.44	0	1	2	4	5	7	8	9	10	11	12	14	15	16	17	18	19	20	21	22	23	28	30	31	38	39	46	64	72	94	#
107	1459.05	10	11	12	18	19	20	21	22	23	26	30	34	37	38	39	44	45	46	50	52	53	54	55	58	59	60	61	62	63	94	#
108	1458.62	7	14	15	22	28	30	33	34	38	39	40	41	42	43	44	45	46	50	51	52	54	55	57	58	59	60	61	62	63	94	#
109	1454.92	0	1	2	6	8	9	10	11	12	14	15	17	18	19	20	21	22	23	25	26	27	28	29	30	31	33	34	37	41	94	#
110	253.023	24	25	33	34	41	42	95	#
111	376.724	17	24	25	26	33	34	95	#
112	361.301	17	25	26	34	58	59	95	#
113	354.108	17	18	24	25	26	34	95	#
114	316.701	19	20	24	25	32	40	95	#
115	254.47	24	32	40	41	42	48	95	#
116	1069.66	28	36	37	44	45	46	48	49	50	51	52	53	54	55	56	58	59	60	62	63	96	#
117	1256.75	17	18	25	26	33	34	35	41	42	44	45	50	51	52	53	54	55	58	59	60	96	#
118	1204.27	17	24	25	28	33	34	35	36	40	41	42	44	48	49	50	51	52	58	59	60	96	#
119	1189.77	8	17	25	26	27	33	34	40	41	42	44	48	49	50	51	52	56	58	60	63	96	#
120	1171.2	3	4	5	11	12	18	19	42	43	44	45	46	47	51	52	53	54	60	62	63	96	#
121	1170.79	28	29	36	39	42	44	45	46	47	50	51	52	53	54	55	58	59	60	62	63	96	#
122	645.029	2	5	9	10	12	19	20	27	49	50	58	97	#
123	797.002	0	1	2	8	9	10	17	18	19	26	27	97	#
124	792.576	0	5	8	9	10	12	13	14	17	18	19	97	#
125	792.466	0	2	8	9	10	11	16	17	19	26	27	97	#
126	751.767	3	4	12	13	14	17	18	19	20	26	27	97	#
127	723.832	28	35	36	43	44	50	51	52	57	58	59	97	#
128	268.523	0	9	16	17	98	#
129	375.901	16	17	24	69	98	#
130	257.159	0	8	16	17	98	#
131	174.929	0	1	8	9	98	#
132	171.749	9	17	18	32	98	#
133	645.024	3	5	10	11	12	13	18	19	20	21	26	27	99	#
134	924.722	0	8	10	11	12	13	17	18	19	20	21	22	99	#
135	900.146	0	2	8	9	10	11	12	13	17	18	19	20	99	#
136	795.098	0	4	6	7	8	10	11	12	13	18	19	20	99	#
137	790.862	3	4	8	9	10	11	12	13	17	20	21	29	99	#
138	775.228	0	8	16	17	18	19	24	25	33	34	41	42	99	#
139	501.594	2	5	10	13	14	17	19	50	51	100	#
140	541.703	5	6	13	14	21	29	30	37	66	100	#
141	488.482	42	44	50	51	52	53	58	60	61	100	#
142	438.909	35	42	43	48	50	51	56	57	58	100	#
143	438.156	19	20	25	26	27	28	33	34	65	100	#
144	404.958	9	10	17	18	19	25	26	32	34	100	#
145	3030.88	0	1	2	3	4	5	6	7	8	9	10	11	12	13	14	15	16	17	18	19	20	21	22	23	24	25	26	27	28	29	30	31	32	33	34	35	36	37	38	39	40	41	42	43	44	45	46	47	48	49	50	51	52	53	54	55	56	57	58	59	60	61	62	63	66	101	#
146	3327.67	0	1	2	3	4	5	6	7	8	9	11	12	13	14	16	17	18	19	20	21	22	23	24	25	26	27	28	29	30	31	32	33	34	35	36	37	38	39	40	41	42	43	44	45	46	47	48	50	51	52	53	54	55	56	57	58	59	60	61	62	65	66	68	72	73	101	#
147	3324.16	0	1	2	3	4	5	6	7	8	9	10	11	12	13	14	16	17	18	19	20	21	22	23	24	25	26	27	28	29	30	31	32	33	34	35	36	37	38	39	40	41	42	43	44	45	46	47	48	50	51	52	53	54	55	56	57	58	59	60	61	62	63	69	71	72	101	#
148	3309.16	0	1	2	3	4	5	6	7	8	9	10	11	12	13	14	16	17	18	19	20	21	22	23	24	25	26	27	28	29	30	31	32	33	34	35	36	37	38	39	40	41	42	43	44	45	46	47	48	50	51	52	53	54	55	56	57	58	59	60	61	62	63	64	66	72	101	#
149	3306.25	0	1	2	3	4	5	6	7	8	9	10	11	12	13	14	16	17	18	19	20	21	22	23	24	25	26	27	28	29	30	31	32	33	34	35	36	37	38	39	40	41	42	43	44	45	46	47	48	50	51	52	53	54	55	56	57	58	59	60	61	62	63	68	69	72	101	#
150	3225.3	0	1	2	3	4	5	6	7	8	9	10	11	12	13	14	16	17	18	19	20	21	22	23	24	25	26	27	28	29	30	31	32	33	34	35	36	37	38	39	40	41	42	43	44	45	46	47	48	50	51	52	53	54	55	56	57	58	59	60	61	62	63	68	70	72	101	#
151	706.946	8	16	24	25	26	27	28	29	32	33	36	37	44	102	#
152	888.473	0	9	16	17	24	25	26	33	34	35	41	49	75	102	#
153	856.63	0	8	9	16	17	24	25	32	33	40	41	48	49	102	#
154	842.277	0	8	9	16	17	18	24	25	26	32	33	34	35	102	#
155	799.594	0	8	9	16	17	18	26	27	28	41	49	57	67	102	#
156	794.43	0	8	9	16	17	18	24	25	26	32	33	34	41	102	#
157	534.959	7	15	22	23	28	29	30	31	38	46	103	#
158	711.908	28	29	30	31	36	37	38	39	44	46	103	#
159	643.492	22	23	29	30	31	36	37	38	39	46	103	#
160	504.4	15	22	23	28	29	30	31	38	39	46	103	#
161	456.666	16	21	22	29	30	36	37	38	39	44	103	#
162	455.565	6	7	13	14	15	21	22	23	30	31	103	#
163	480.487	6	7	11	12	13	14	15	19	20	104	#
164	604.281	3	4	6	11	12	13	19	21	29	104	#
165	584.071	3	5	6	7	11	12	13	15	21	104	#
166	572.984	3	11	12	16	19	24	26	27	32	104	#
167	571.708	3	4	5	11	12	13	18	19	27	104	#
168	502.228	3	4	10	11	12	18	19	20	27	104	#
169	216.482	22	23	31	105	#
170	272.46	23	30	31	105	#
171	160.039	28	36	#
172	261.153	43	51	52	106	#
173	242.685	35	43	51	106	#
174	204.991	43	44	51	106	#
175	201.367	51	52	59	106	#
176	34.2743	54	73	107	#
177	27.2785	53	54	107	#
178	3.34421	65	#
179	868.786	38	39	42	43	46	50	51	52	53	54	56	57	58	60	64	108	#
180	975.181	13	21	22	28	29	30	36	38	39	44	46	52	53	54	60	108	#
181	948.24	3	4	5	6	12	13	38	41	42	46	50	56	57	58	65	108	#
182	948.214	0	8	22	30	31	36	37	38	44	46	52	53	54	60	61	108	#
183	928.813	6	14	21	22	30	38	39	46	47	52	53	54	60	62	63	108	#
184	910.566	8	17	24	25	32	33	42	43	44	49	50	51	52	58	60	108	#
185	88.2755	6	7	#
186	94.0121	71	#
187	471.643	54	55	59	60	61	62	63	109	#
188	563.408	55	59	60	61	62	63	72	109	#
189	453.421	52	54	55	60	61	62	63	109	#
190	437.167	42	43	51	52	59	60	61	109	#
191	423.933	25	26	27	34	46	54	62	109	#
192	401.004	46	53	54	55	61	62	63	109	#
193	1688.5	0	8	9	14	17	18	22	24	25	26	27	32	33	34	35	42	43	44	45	46	48	49	50	51	52	53	58	59	60	61	110	#
194	1910.15	0	1	6	8	9	11	12	13	14	16	17	18	19	24	25	26	32	33	34	35	40	41	42	43	48	49	50	51	52	59	110	#
195	1891.75	0	1	8	9	11	12	16	17	18	19	20	24	25	26	27	32	33	34	35	37	42	43	46	48	49	50	51	52	53	59	110	#
196	1832.17	0	8	9	11	12	16	17	18	19	24	25	26	27	33	34	35	40	41	42	43	46	48	49	50	51	52	53	56	57	59	110	#
197	1822.62	0	1	2	3	4	5	6	7	8	9	10	11	12	13	14	16	17	18	19	20	21	22	24	25	26	27	28	33	34	35	110	#
198	1796.21	0	1	2	4	5	6	7	8	9	11	12	13	16	17	18	19	20	21	22	24	25	26	27	28	33	34	44	51	52	59	110	#
199	751.287	0	1	3	4	8	9	11	16	17	18	19	24	25	26	27	28	33	34	40	41	42	49	111	#
200	1118.99	18	23	24	26	27	28	29	30	31	37	38	39	44	45	46	47	51	52	53	59	60	67	111	#
201	1104.89	28	29	30	31	36	37	38	41	42	44	45	46	47	49	50	51	52	53	57	58	59	60	111	#
202	1086	0	1	2	3	4	5	8	9	10	11	12	13	14	16	17	18	19	22	24	26	30	38	111	#
203	1073.08	0	1	2	3	4	5	7	8	9	10	11	12	13	14	15	16	17	22	23	24	25	74	111	#
204	1054.05	2	7	10	14	15	21	22	23	28	29	30	31	37	38	39	46	47	53	54	55	61	67	111	#
