%% File generated by CATS v.2.1Thu May  9 12:50:37 2024

%% The CATS webpage is http://robotics.stanford.edu/CATS

%% PARAMETER SETTINGS:
% Goods: 76; Bids: 200; Distribution: regions; Runs: 1; Seed: 85
% Regions Distribution Parameters:
% Max Substitutable Bids = 5
% Removing HV Neighbor   = 0.1
% Adding DIAG Neighbor   = 0.2
% Additional Location    = 0.9
% Jump Probability       = 0.05
% Additivity             = 0.2
% Budget Factor          = 1.5
% Resale Factor          = 0.5
% Uniform Private Value:
%   Deviation            = 0.5
%   Max Good Value       = 100



goods 76
bids 202
dummy 36

0	213.769	6	13	14	22	76	#
1	315.403	14	15	22	23	76	#
2	271.47	14	15	22	30	76	#
3	223.037	12	13	14	22	76	#
4	430.415	26	27	33	58	59	77	#
5	423.992	17	25	26	33	35	77	#
6	338.115	18	26	27	34	35	77	#
7	318.205	26	27	35	36	43	77	#
8	315.55	42	50	51	58	59	77	#
9	49.5225	21	#
10	866.778	16	25	26	33	35	36	41	42	43	44	49	50	57	66	78	#
11	1044.77	26	33	41	42	43	44	48	49	50	51	56	57	58	59	78	#
12	992.091	26	33	35	41	42	43	47	49	50	51	54	55	57	58	78	#
13	937.382	0	1	8	9	10	16	17	18	25	26	33	41	59	70	78	#
14	876.048	38	42	43	49	50	51	54	55	56	57	58	59	62	66	78	#
15	841.439	0	8	9	16	17	18	24	25	26	33	34	41	42	71	78	#
16	528.205	26	32	33	41	42	48	49	56	57	58	79	#
17	688.62	26	42	48	49	50	56	57	58	60	61	79	#
18	666.3	5	6	13	14	21	22	29	30	32	33	79	#
19	655.801	34	42	48	49	50	51	56	57	58	59	79	#
20	632.878	16	17	18	24	25	26	33	34	35	42	79	#
21	619.849	2	16	17	25	26	33	34	39	41	42	79	#
22	161.157	38	46	57	58	80	#
23	228.884	30	31	38	39	80	#
24	198.168	31	38	45	46	80	#
25	537.154	39	46	47	53	54	55	61	62	63	81	#
26	704.238	46	47	52	53	54	55	60	61	63	81	#
27	629.75	46	47	52	53	54	55	60	61	62	81	#
28	628.489	46	52	53	54	55	60	61	62	63	81	#
29	572.456	29	37	39	46	47	53	54	55	63	81	#
30	571.969	8	16	17	24	25	39	47	55	63	81	#
31	48.5633	60	#
32	164.834	0	1	82	#
33	171.413	1	9	82	#
34	450.52	0	1	2	8	10	16	24	25	83	#
35	649.295	0	1	8	16	17	25	26	68	83	#
36	641.721	8	16	17	20	24	25	26	27	83	#
37	622.829	0	1	2	8	16	17	25	26	83	#
38	560.404	16	17	20	24	25	26	27	35	83	#
39	519.676	0	1	8	9	16	17	24	25	83	#
40	198.611	26	27	36	84	#
41	249.699	17	26	34	84	#
42	64.396	27	28	36	84	#
43	2303.62	1	8	9	16	17	18	19	24	25	26	27	28	32	33	34	35	37	38	41	42	43	44	45	46	48	49	50	51	53	54	56	57	58	59	85	#
44	2315.52	1	8	9	11	12	13	16	17	18	19	20	24	25	26	27	28	33	34	35	37	38	39	41	42	43	44	45	46	47	49	50	51	53	54	85	#
45	2267.57	0	1	8	9	14	15	16	17	22	24	25	26	29	30	31	32	33	35	37	38	39	41	42	43	44	45	46	47	50	51	53	54	55	59	85	#
46	2250.16	1	2	8	9	10	11	12	13	17	18	19	20	23	25	26	27	28	34	35	37	38	41	42	43	44	45	46	50	51	53	56	57	58	59	85	#
47	2236.14	0	8	9	11	12	13	16	17	19	20	25	26	27	28	32	33	35	37	38	39	41	42	43	44	45	46	47	50	51	53	56	57	58	59	85	#
48	2234.45	0	1	4	5	6	8	9	10	11	12	13	14	16	17	18	19	20	21	25	26	27	28	34	35	37	42	43	44	45	46	50	51	53	59	85	#
49	739.414	7	14	15	22	23	29	30	31	38	86	#
50	723.609	7	13	14	15	22	23	29	30	31	86	#
51	716.328	22	23	28	29	30	31	36	37	38	86	#
52	685.355	20	23	28	29	30	31	36	37	38	86	#
53	683.022	7	13	14	15	22	23	49	50	51	86	#
54	600.884	6	7	14	15	22	23	30	31	38	86	#
55	97.2957	73	#
56	248.886	9	10	11	17	18	87	#
57	360.929	11	17	18	19	26	87	#
58	350.731	9	16	17	18	26	87	#
59	328.171	1	6	9	14	15	87	#
60	300.605	11	17	18	19	20	87	#
61	189.255	1	2	9	10	17	87	#
62	400.097	16	17	18	24	25	32	67	88	#
63	520.396	16	17	18	19	25	26	35	88	#
64	473.898	9	17	18	24	25	26	33	88	#
65	462.707	16	17	18	24	25	26	32	88	#
66	462.345	8	16	25	26	34	35	42	88	#
67	429.283	46	53	54	55	61	62	67	88	#
68	959.117	4	5	6	7	11	12	13	14	15	19	20	21	22	23	28	29	30	61	62	89	#
69	1369.29	1	9	17	20	21	25	26	28	29	30	37	43	44	45	46	53	54	62	64	89	#
70	1302.87	6	7	13	14	19	20	21	22	23	28	29	30	37	43	44	45	46	53	54	89	#
71	1233.62	6	7	8	13	14	15	16	17	18	19	20	21	22	23	25	26	28	29	30	89	#
72	1106.91	3	8	9	10	11	17	18	19	20	25	26	28	29	32	33	36	37	43	44	89	#
73	1104.15	6	7	11	12	13	14	15	17	18	19	20	21	22	23	25	28	29	30	36	89	#
74	501.411	4	6	12	13	14	15	20	21	22	23	31	38	39	90	#
75	696.27	4	5	11	12	13	14	15	20	21	22	28	29	30	90	#
76	660.785	4	5	13	14	15	21	22	23	28	29	30	31	37	90	#
77	628.938	4	6	7	12	13	14	15	20	22	23	28	29	36	90	#
78	622.867	4	5	6	7	11	12	13	14	15	20	22	27	28	90	#
79	585.485	4	5	6	7	11	12	13	14	15	20	21	54	62	90	#
80	227.631	48	49	50	56	91	#
81	274.183	41	42	48	49	91	#
82	263.256	17	26	34	49	91	#
83	236.256	34	42	49	50	91	#
84	150.151	48	56	57	58	91	#
85	133.646	71	#
86	125.882	55	62	63	75	92	#
87	165.723	46	54	62	75	92	#
88	2329.62	0	1	8	9	16	17	18	20	21	24	25	26	27	29	30	32	33	34	35	36	37	38	40	41	42	43	44	45	46	49	51	53	54	57	58	59	67	93	#
89	2432.8	0	1	5	8	9	16	17	18	19	20	24	25	26	27	32	33	34	35	36	38	40	41	42	43	44	45	46	47	48	49	51	56	57	58	59	68	70	93	#
90	2423.55	8	9	16	17	18	20	21	23	24	25	26	27	29	31	33	34	35	36	37	38	41	42	43	44	45	46	47	48	49	51	52	53	54	55	61	62	63	93	#
91	2421.04	1	8	9	11	12	13	16	17	18	20	24	25	26	27	32	33	34	35	36	41	42	43	44	45	46	48	49	50	51	52	53	54	56	57	58	59	60	93	#
92	2416.39	8	9	14	16	17	18	20	24	25	26	27	31	32	33	34	35	36	37	38	40	41	42	43	44	45	46	48	49	50	51	53	54	55	56	57	58	59	93	#
93	2371.54	0	1	8	9	16	17	18	20	21	24	25	26	27	29	32	33	34	35	36	40	41	42	43	44	45	46	47	48	49	51	53	54	55	56	57	58	59	93	#
94	972.142	29	30	36	37	38	39	44	45	46	47	52	53	54	55	60	61	62	63	94	#
95	1066.81	16	17	25	26	29	34	37	38	39	45	46	47	52	53	54	60	61	62	94	#
96	1057.48	4	5	12	13	14	20	21	22	23	29	36	37	43	44	45	52	53	54	94	#
97	1045.34	1	2	3	11	12	19	20	21	27	29	36	37	38	39	45	46	47	54	94	#
98	1043.99	15	22	23	29	34	36	37	38	39	42	43	44	45	46	47	51	53	59	94	#
99	997.751	26	29	34	36	37	38	39	42	43	44	45	46	47	53	54	61	62	63	94	#
100	83.7237	43	#
101	661.153	2	3	8	9	10	11	12	17	18	19	20	26	28	36	95	#
102	900.897	10	11	12	16	17	18	19	26	34	35	45	52	53	61	95	#
103	799.353	2	3	5	10	11	12	13	14	15	17	18	19	21	51	95	#
104	791.594	1	2	3	8	9	10	11	14	16	17	18	24	26	34	95	#
105	768.064	1	2	8	9	10	11	12	13	16	17	18	24	25	26	95	#
106	764.045	3	5	9	10	11	12	13	16	17	18	24	25	26	34	95	#
107	418.405	45	46	47	53	54	55	96	#
108	471.603	45	46	47	54	55	68	96	#
109	447.186	45	46	47	54	55	63	96	#
110	441.286	38	45	46	47	54	55	96	#
111	403.355	45	47	53	54	55	63	96	#
112	370.297	36	43	44	45	46	53	96	#
113	290.23	13	14	22	97	#
114	338.811	14	22	23	97	#
115	231.186	14	15	22	97	#
116	114.185	5	12	13	97	#
117	1448.25	4	5	8	13	16	19	20	21	23	24	25	26	27	31	32	34	35	36	37	38	44	45	46	47	53	98	#
118	1650.9	4	12	20	25	26	27	28	29	31	33	34	35	36	37	38	44	45	46	47	53	54	55	61	62	63	98	#
119	1649.86	13	15	17	20	21	22	23	26	27	28	29	30	31	36	37	38	44	45	46	47	54	55	61	62	63	98	#
120	1645.88	8	13	16	17	18	19	20	21	25	26	27	28	29	30	33	36	37	38	39	41	44	45	53	54	62	98	#
121	1644.52	2	3	18	20	21	23	25	26	27	28	29	30	31	33	35	36	37	38	44	45	46	47	53	60	64	98	#
122	1605.78	8	16	17	18	19	20	25	26	27	28	29	32	33	35	36	37	44	45	46	47	53	54	55	62	63	98	#
123	57.654	64	#
124	35.4737	35	42	#
125	231.428	4	10	11	12	13	20	99	#
126	298.848	4	12	13	14	20	27	99	#
127	253.141	2	3	11	12	20	28	99	#
128	253.074	6	7	13	14	15	22	99	#
129	414.369	22	29	30	31	37	100	#
130	406.094	22	29	30	37	45	100	#
131	374.419	15	23	30	31	38	100	#
132	363.228	7	15	22	23	31	100	#
133	329.103	29	37	38	45	53	100	#
134	210.349	20	21	28	29	30	100	#
135	295.807	8	16	25	101	#
136	299.038	0	8	16	101	#
137	251.888	16	17	25	101	#
138	202.929	8	16	24	101	#
139	481.944	0	1	2	10	17	18	25	102	#
140	498.421	0	1	2	10	17	18	26	102	#
141	465.275	0	1	2	8	10	18	19	102	#
142	409.951	17	18	24	25	26	34	35	102	#
143	399.93	1	2	9	10	11	18	19	102	#
144	396.044	10	11	12	18	19	20	26	102	#
145	81.6302	20	21	#
146	744.526	0	1	8	9	16	17	18	19	26	34	41	42	50	103	#
147	881.366	33	34	35	41	42	43	44	45	46	48	49	50	57	103	#
148	873.294	0	8	9	17	18	19	20	26	33	41	42	48	49	103	#
149	832.013	18	19	26	30	33	34	35	36	41	42	48	49	50	103	#
150	798.952	0	8	9	16	17	24	25	26	33	34	35	54	60	103	#
151	766.388	33	34	35	41	42	43	44	49	50	51	53	57	58	103	#
152	68.578	19	#
153	331.676	31	37	38	39	45	46	47	104	#
154	457.367	37	38	39	46	47	55	63	104	#
155	456.571	37	39	46	47	54	55	63	104	#
156	451.886	22	23	27	28	29	30	31	104	#
157	371.973	15	22	23	30	31	46	47	104	#
158	354.888	37	38	39	45	46	47	55	104	#
159	950.563	0	1	2	3	8	9	10	11	12	13	16	17	18	24	25	26	34	35	42	73	105	#
160	1313.98	0	1	4	5	8	9	16	17	18	24	25	26	34	35	42	50	56	57	58	59	105	#
161	1201.72	8	9	10	16	17	18	20	25	26	27	28	34	35	41	42	43	44	50	51	59	105	#
162	1181.31	6	9	17	20	26	27	34	35	37	41	42	43	44	45	49	50	57	58	59	73	105	#
163	1168.49	18	23	26	28	33	34	35	36	41	42	43	44	45	48	50	51	53	56	58	59	105	#
164	1164.54	16	17	18	20	24	25	26	27	32	34	35	41	42	43	44	49	50	51	58	59	105	#
165	438.251	17	19	20	26	27	33	106	#
166	434.691	17	25	26	27	33	41	106	#
167	375.475	3	11	18	19	26	27	106	#
168	327.966	18	19	26	32	33	34	106	#
169	299.43	18	26	32	33	35	41	106	#
170	276.485	11	12	13	19	20	37	106	#
171	613.254	27	29	36	37	38	45	46	47	54	55	62	63	72	107	#
172	900.998	0	1	3	9	10	11	17	18	19	26	34	42	72	107	#
173	879.624	22	30	31	38	44	45	52	53	54	55	60	62	63	107	#
174	876.3	0	1	2	8	9	16	17	26	46	47	54	55	63	107	#
175	843.601	25	26	34	42	49	50	51	55	57	58	59	62	63	107	#
176	790.98	12	15	17	20	22	25	26	27	34	35	36	37	44	107	#
177	277.048	23	31	38	39	46	108	#
178	329.978	29	30	31	37	38	108	#
179	292.868	15	23	30	31	38	108	#
180	290.847	31	37	38	45	46	108	#
181	265.681	31	37	38	39	46	108	#
182	265.582	15	22	23	30	31	108	#
183	274.845	2	3	9	10	11	18	109	#
184	384.041	2	8	9	10	11	17	109	#
185	381.979	10	11	17	18	19	20	109	#
186	363.11	2	8	9	10	16	18	109	#
187	336.773	2	10	11	18	19	65	109	#
188	312.501	10	11	19	20	27	62	109	#
189	401.706	26	35	41	42	43	50	110	#
190	422.978	18	26	27	33	35	41	110	#
191	417.432	25	26	33	34	35	41	110	#
192	382.024	26	33	35	41	42	43	110	#
193	349.738	34	35	42	43	50	58	110	#
194	310.312	34	35	36	43	44	61	110	#
195	106.511	13	#
196	360.268	13	14	22	30	71	111	#
197	385.443	23	29	30	31	53	111	#
198	380.45	23	31	38	39	71	111	#
199	254.665	7	14	15	22	23	111	#
200	215.75	6	14	15	22	23	111	#
201	172.906	5	6	13	14	22	111	#
