%% File generated by CATS v.2.1Thu May  9 13:09:08 2024

%% The CATS webpage is http://robotics.stanford.edu/CATS

%% PARAMETER SETTINGS:
% Goods: 76; Bids: 200; Distribution: scheduling; Runs: 1; Seed: 52
% Scheduling Distribution Parameters:
% max_length                = 10
% deviation                 = 0.500000
% prob_additional_deadline  = 0.700000
% additivity                = 0.200000



goods 76
bids 234
dummy 4

0	10.2843	0	1	2	3	4	5	6	76	#
1	10.2843	1	2	3	4	5	6	7	76	#
2	10.2843	2	3	4	5	6	7	8	76	#
3	10.2843	3	4	5	6	7	8	9	76	#
4	10.2843	4	5	6	7	8	9	10	76	#
5	10.2843	5	6	7	8	9	10	11	76	#
6	10.2843	6	7	8	9	10	11	12	76	#
7	10.2843	7	8	9	10	11	12	13	76	#
8	10.2843	8	9	10	11	12	13	14	76	#
9	10.2843	9	10	11	12	13	14	15	76	#
10	10.2843	10	11	12	13	14	15	16	76	#
11	10.2843	11	12	13	14	15	16	17	76	#
12	10.2843	12	13	14	15	16	17	18	76	#
13	10.2843	13	14	15	16	17	18	19	76	#
14	10.2843	14	15	16	17	18	19	20	76	#
15	10.2843	15	16	17	18	19	20	21	76	#
16	10.2843	16	17	18	19	20	21	22	76	#
17	10.2843	17	18	19	20	21	22	23	76	#
18	10.2843	18	19	20	21	22	23	24	76	#
19	10.2843	19	20	21	22	23	24	25	76	#
20	10.2843	20	21	22	23	24	25	26	76	#
21	10.2843	21	22	23	24	25	26	27	76	#
22	10.2843	22	23	24	25	26	27	28	76	#
23	10.2843	23	24	25	26	27	28	29	76	#
24	10.2843	24	25	26	27	28	29	30	76	#
25	10.2843	25	26	27	28	29	30	31	76	#
26	10.2843	26	27	28	29	30	31	32	76	#
27	10.2843	27	28	29	30	31	32	33	76	#
28	10.2843	28	29	30	31	32	33	34	76	#
29	10.2843	29	30	31	32	33	34	35	76	#
30	10.2843	30	31	32	33	34	35	36	76	#
31	10.2843	31	32	33	34	35	36	37	76	#
32	10.2843	32	33	34	35	36	37	38	76	#
33	10.2843	33	34	35	36	37	38	39	76	#
34	10.2843	34	35	36	37	38	39	40	76	#
35	10.2843	35	36	37	38	39	40	41	76	#
36	10.2843	36	37	38	39	40	41	42	76	#
37	10.2843	37	38	39	40	41	42	43	76	#
38	10.2843	38	39	40	41	42	43	44	76	#
39	10.2843	39	40	41	42	43	44	45	76	#
40	10.2843	40	41	42	43	44	45	46	76	#
41	10.2843	41	42	43	44	45	46	47	76	#
42	10.2843	42	43	44	45	46	47	48	76	#
43	10.2843	43	44	45	46	47	48	49	76	#
44	10.2843	44	45	46	47	48	49	50	76	#
45	10.2843	45	46	47	48	49	50	51	76	#
46	10.2843	46	47	48	49	50	51	52	76	#
47	10.2843	47	48	49	50	51	52	53	76	#
48	10.2843	48	49	50	51	52	53	54	76	#
49	10.2843	49	50	51	52	53	54	55	76	#
50	10.2843	50	51	52	53	54	55	56	76	#
51	10.2843	51	52	53	54	55	56	57	76	#
52	10.2843	52	53	54	55	56	57	58	76	#
53	10.2843	53	54	55	56	57	58	59	76	#
54	10.2843	54	55	56	57	58	59	60	76	#
55	10.2843	55	56	57	58	59	60	61	76	#
56	10.2843	56	57	58	59	60	61	62	76	#
57	10.2843	57	58	59	60	61	62	63	76	#
58	10.2843	58	59	60	61	62	63	64	76	#
59	10.2843	59	60	61	62	63	64	65	76	#
60	10.2843	60	61	62	63	64	65	66	76	#
61	12.3499	0	1	2	3	4	5	6	77	#
62	12.3499	1	2	3	4	5	6	7	77	#
63	12.3499	2	3	4	5	6	7	8	77	#
64	12.3499	3	4	5	6	7	8	9	77	#
65	12.3499	4	5	6	7	8	9	10	77	#
66	12.3499	5	6	7	8	9	10	11	77	#
67	12.3499	6	7	8	9	10	11	12	77	#
68	12.3499	7	8	9	10	11	12	13	77	#
69	12.3499	8	9	10	11	12	13	14	77	#
70	12.3499	9	10	11	12	13	14	15	77	#
71	12.3499	10	11	12	13	14	15	16	77	#
72	12.3499	11	12	13	14	15	16	17	77	#
73	12.3499	12	13	14	15	16	17	18	77	#
74	12.3499	13	14	15	16	17	18	19	77	#
75	12.3499	14	15	16	17	18	19	20	77	#
76	12.3499	15	16	17	18	19	20	21	77	#
77	12.3499	16	17	18	19	20	21	22	77	#
78	12.3499	17	18	19	20	21	22	23	77	#
79	7.89023	18	19	20	21	22	23	24	77	#
80	7.89023	19	20	21	22	23	24	25	77	#
81	7.89023	20	21	22	23	24	25	26	77	#
82	7.89023	21	22	23	24	25	26	27	77	#
83	7.89023	22	23	24	25	26	27	28	77	#
84	7.89023	23	24	25	26	27	28	29	77	#
85	7.89023	24	25	26	27	28	29	30	77	#
86	7.89023	25	26	27	28	29	30	31	77	#
87	7.89023	26	27	28	29	30	31	32	77	#
88	7.89023	27	28	29	30	31	32	33	77	#
89	7.89023	28	29	30	31	32	33	34	77	#
90	7.89023	29	30	31	32	33	34	35	77	#
91	7.89023	30	31	32	33	34	35	36	77	#
92	7.17269	0	1	2	3	4	5	78	#
93	7.17269	1	2	3	4	5	6	78	#
94	7.17269	2	3	4	5	6	7	78	#
95	7.17269	3	4	5	6	7	8	78	#
96	7.17269	4	5	6	7	8	9	78	#
97	7.17269	5	6	7	8	9	10	78	#
98	7.17269	6	7	8	9	10	11	78	#
99	7.17269	7	8	9	10	11	12	78	#
100	7.17269	8	9	10	11	12	13	78	#
101	7.17269	9	10	11	12	13	14	78	#
102	7.17269	10	11	12	13	14	15	78	#
103	7.17269	11	12	13	14	15	16	78	#
104	7.17269	12	13	14	15	16	17	78	#
105	7.17269	13	14	15	16	17	18	78	#
106	7.17269	14	15	16	17	18	19	78	#
107	7.17269	15	16	17	18	19	20	78	#
108	7.17269	16	17	18	19	20	21	78	#
109	7.17269	17	18	19	20	21	22	78	#
110	7.17269	18	19	20	21	22	23	78	#
111	7.17269	19	20	21	22	23	24	78	#
112	7.17269	20	21	22	23	24	25	78	#
113	7.17269	21	22	23	24	25	26	78	#
114	7.17269	22	23	24	25	26	27	78	#
115	7.17269	23	24	25	26	27	28	78	#
116	7.17269	24	25	26	27	28	29	78	#
117	7.17269	25	26	27	28	29	30	78	#
118	7.17269	26	27	28	29	30	31	78	#
119	7.17269	27	28	29	30	31	32	78	#
120	7.17269	28	29	30	31	32	33	78	#
121	7.17269	29	30	31	32	33	34	78	#
122	7.17269	30	31	32	33	34	35	78	#
123	7.17269	31	32	33	34	35	36	78	#
124	7.17269	32	33	34	35	36	37	78	#
125	7.17269	33	34	35	36	37	38	78	#
126	7.17269	34	35	36	37	38	39	78	#
127	7.17269	35	36	37	38	39	40	78	#
128	7.17269	36	37	38	39	40	41	78	#
129	7.17269	37	38	39	40	41	42	78	#
130	7.17269	38	39	40	41	42	43	78	#
131	7.00967	39	40	41	42	43	44	78	#
132	6.42553	40	41	42	43	44	45	78	#
133	6.42553	41	42	43	44	45	46	78	#
134	6.42553	42	43	44	45	46	47	78	#
135	6.42553	43	44	45	46	47	48	78	#
136	4.53567	44	45	46	47	48	49	78	#
137	4.53567	45	46	47	48	49	50	78	#
138	4.53567	46	47	48	49	50	51	78	#
139	4.53567	47	48	49	50	51	52	78	#
140	4.53567	48	49	50	51	52	53	78	#
141	4.53567	49	50	51	52	53	54	78	#
142	4.53567	50	51	52	53	54	55	78	#
143	4.53567	51	52	53	54	55	56	78	#
144	4.53567	52	53	54	55	56	57	78	#
145	4.53567	53	54	55	56	57	58	78	#
146	4.53567	54	55	56	57	58	59	78	#
147	4.53567	55	56	57	58	59	60	78	#
148	4.53567	56	57	58	59	60	61	78	#
149	4.53567	57	58	59	60	61	62	78	#
150	4.53567	58	59	60	61	62	63	78	#
151	4.53567	59	60	61	62	63	64	78	#
152	4.53567	60	61	62	63	64	65	78	#
153	4.53567	61	62	63	64	65	66	78	#
154	4.53567	62	63	64	65	66	67	78	#
155	4.53567	63	64	65	66	67	68	78	#
156	4.22501	64	65	66	67	68	69	78	#
157	4.22501	65	66	67	68	69	70	78	#
158	4.22501	66	67	68	69	70	71	78	#
159	4.22501	67	68	69	70	71	72	78	#
160	4.22501	68	69	70	71	72	73	78	#
161	4.11234	69	70	71	72	73	74	78	#
162	4.11234	70	71	72	73	74	75	78	#
163	9.08987	0	1	2	3	4	5	79	#
164	9.08987	1	2	3	4	5	6	79	#
165	9.08987	2	3	4	5	6	7	79	#
166	9.08987	3	4	5	6	7	8	79	#
167	9.08987	4	5	6	7	8	9	79	#
168	9.08987	5	6	7	8	9	10	79	#
169	9.08987	6	7	8	9	10	11	79	#
170	9.08987	7	8	9	10	11	12	79	#
171	9.08987	8	9	10	11	12	13	79	#
172	9.08987	9	10	11	12	13	14	79	#
173	9.08987	10	11	12	13	14	15	79	#
174	9.08987	11	12	13	14	15	16	79	#
175	9.08987	12	13	14	15	16	17	79	#
176	9.08987	13	14	15	16	17	18	79	#
177	9.08987	14	15	16	17	18	19	79	#
178	9.08987	15	16	17	18	19	20	79	#
179	9.08987	16	17	18	19	20	21	79	#
180	9.08987	17	18	19	20	21	22	79	#
181	9.08987	18	19	20	21	22	23	79	#
182	9.08987	19	20	21	22	23	24	79	#
183	9.08987	20	21	22	23	24	25	79	#
184	9.08987	21	22	23	24	25	26	79	#
185	9.08987	22	23	24	25	26	27	79	#
186	9.08987	23	24	25	26	27	28	79	#
187	9.08987	24	25	26	27	28	29	79	#
188	9.08987	25	26	27	28	29	30	79	#
189	9.08987	26	27	28	29	30	31	79	#
190	9.08987	27	28	29	30	31	32	79	#
191	9.08987	28	29	30	31	32	33	79	#
192	9.08987	29	30	31	32	33	34	79	#
193	9.08987	30	31	32	33	34	35	79	#
194	9.08987	31	32	33	34	35	36	79	#
195	9.08987	32	33	34	35	36	37	79	#
196	9.08987	33	34	35	36	37	38	79	#
197	9.08987	34	35	36	37	38	39	79	#
198	9.08987	35	36	37	38	39	40	79	#
199	9.08987	36	37	38	39	40	41	79	#
200	9.08987	37	38	39	40	41	42	79	#
201	9.08987	38	39	40	41	42	43	79	#
202	9.08987	39	40	41	42	43	44	79	#
203	9.08987	40	41	42	43	44	45	79	#
204	9.08987	41	42	43	44	45	46	79	#
205	5.88921	42	43	44	45	46	47	79	#
206	5.88921	43	44	45	46	47	48	79	#
207	5.88921	44	45	46	47	48	49	79	#
208	5.88921	45	46	47	48	49	50	79	#
209	5.88921	46	47	48	49	50	51	79	#
210	5.88921	47	48	49	50	51	52	79	#
211	5.88921	48	49	50	51	52	53	79	#
212	5.88921	49	50	51	52	53	54	79	#
213	5.88921	50	51	52	53	54	55	79	#
214	5.88921	51	52	53	54	55	56	79	#
215	5.88921	52	53	54	55	56	57	79	#
216	5.88921	53	54	55	56	57	58	79	#
217	5.88921	54	55	56	57	58	59	79	#
218	5.88921	55	56	57	58	59	60	79	#
219	5.88921	56	57	58	59	60	61	79	#
220	5.88921	57	58	59	60	61	62	79	#
221	5.88921	58	59	60	61	62	63	79	#
222	5.88921	59	60	61	62	63	64	79	#
223	5.88921	60	61	62	63	64	65	79	#
224	5.88921	61	62	63	64	65	66	79	#
225	5.88921	62	63	64	65	66	67	79	#
226	5.88921	63	64	65	66	67	68	79	#
227	5.88921	64	65	66	67	68	69	79	#
228	5.88921	65	66	67	68	69	70	79	#
229	5.88921	66	67	68	69	70	71	79	#
230	5.72786	67	68	69	70	71	72	79	#
231	5.72786	68	69	70	71	72	73	79	#
232	5.57512	69	70	71	72	73	74	79	#
233	5.57512	70	71	72	73	74	75	79	#
