%% File generated by CATS v.2.1Thu May  9 13:09:08 2024

%% The CATS webpage is http://robotics.stanford.edu/CATS

%% PARAMETER SETTINGS:
% Goods: 76; Bids: 200; Distribution: scheduling; Runs: 1; Seed: 88
% Scheduling Distribution Parameters:
% max_length                = 10
% deviation                 = 0.500000
% prob_additional_deadline  = 0.700000
% additivity                = 0.200000



goods 76
bids 217
dummy 4

0	3.99833	0	1	2	3	4	76	#
1	3.99833	1	2	3	4	5	76	#
2	3.99833	2	3	4	5	6	76	#
3	3.99833	3	4	5	6	7	76	#
4	3.99833	4	5	6	7	8	76	#
5	3.99833	5	6	7	8	9	76	#
6	3.99833	6	7	8	9	10	76	#
7	3.99833	7	8	9	10	11	76	#
8	3.99833	8	9	10	11	12	76	#
9	3.99833	9	10	11	12	13	76	#
10	3.99833	10	11	12	13	14	76	#
11	3.99833	11	12	13	14	15	76	#
12	3.99833	12	13	14	15	16	76	#
13	3.99833	13	14	15	16	17	76	#
14	3.99833	14	15	16	17	18	76	#
15	3.99833	15	16	17	18	19	76	#
16	3.99833	16	17	18	19	20	76	#
17	3.99833	17	18	19	20	21	76	#
18	3.99833	18	19	20	21	22	76	#
19	3.99833	19	20	21	22	23	76	#
20	3.99833	20	21	22	23	24	76	#
21	3.99833	21	22	23	24	25	76	#
22	3.99833	22	23	24	25	26	76	#
23	3.99833	23	24	25	26	27	76	#
24	3.99833	24	25	26	27	28	76	#
25	3.99833	25	26	27	28	29	76	#
26	3.99833	26	27	28	29	30	76	#
27	3.99833	27	28	29	30	31	76	#
28	3.99833	28	29	30	31	32	76	#
29	3.99833	29	30	31	32	33	76	#
30	3.99833	30	31	32	33	34	76	#
31	3.99833	31	32	33	34	35	76	#
32	3.99833	32	33	34	35	36	76	#
33	3.99833	33	34	35	36	37	76	#
34	3.99833	34	35	36	37	38	76	#
35	3.99833	35	36	37	38	39	76	#
36	3.99833	36	37	38	39	40	76	#
37	3.99833	37	38	39	40	41	76	#
38	3.99833	38	39	40	41	42	76	#
39	3.99833	39	40	41	42	43	76	#
40	3.99833	40	41	42	43	44	76	#
41	3.99833	41	42	43	44	45	76	#
42	3.99833	42	43	44	45	46	76	#
43	3.99833	43	44	45	46	47	76	#
44	3.99833	44	45	46	47	48	76	#
45	3.99833	45	46	47	48	49	76	#
46	3.99833	46	47	48	49	50	76	#
47	3.99833	47	48	49	50	51	76	#
48	3.99833	48	49	50	51	52	76	#
49	3.99833	49	50	51	52	53	76	#
50	3.99833	50	51	52	53	54	76	#
51	3.99833	51	52	53	54	55	76	#
52	3.99833	52	53	54	55	56	76	#
53	3.99833	53	54	55	56	57	76	#
54	3.99833	54	55	56	57	58	76	#
55	3.99833	55	56	57	58	59	76	#
56	3.99833	56	57	58	59	60	76	#
57	3.99833	57	58	59	60	61	76	#
58	3.99833	58	59	60	61	62	76	#
59	3.99833	59	60	61	62	63	76	#
60	3.99833	60	61	62	63	64	76	#
61	3.45801	61	62	63	64	65	76	#
62	3.45801	62	63	64	65	66	76	#
63	3.45801	63	64	65	66	67	76	#
64	3.45801	64	65	66	67	68	76	#
65	3.45801	65	66	67	68	69	76	#
66	3.45801	66	67	68	69	70	76	#
67	3.45801	67	68	69	70	71	76	#
68	3.45801	68	69	70	71	72	76	#
69	3.45801	69	70	71	72	73	76	#
70	3.45801	70	71	72	73	74	76	#
71	3.41191	71	72	73	74	75	76	#
72	9.38835	0	1	2	3	4	5	6	77	#
73	9.38835	1	2	3	4	5	6	7	77	#
74	9.38835	2	3	4	5	6	7	8	77	#
75	9.38835	3	4	5	6	7	8	9	77	#
76	9.38835	4	5	6	7	8	9	10	77	#
77	9.38835	5	6	7	8	9	10	11	77	#
78	9.38835	6	7	8	9	10	11	12	77	#
79	9.38835	7	8	9	10	11	12	13	77	#
80	9.38835	8	9	10	11	12	13	14	77	#
81	9.38835	9	10	11	12	13	14	15	77	#
82	9.38835	10	11	12	13	14	15	16	77	#
83	9.38835	11	12	13	14	15	16	17	77	#
84	9.38835	12	13	14	15	16	17	18	77	#
85	9.38835	13	14	15	16	17	18	19	77	#
86	9.38835	14	15	16	17	18	19	20	77	#
87	9.38835	15	16	17	18	19	20	21	77	#
88	9.38835	16	17	18	19	20	21	22	77	#
89	9.38835	17	18	19	20	21	22	23	77	#
90	9.38835	18	19	20	21	22	23	24	77	#
91	9.38835	19	20	21	22	23	24	25	77	#
92	9.38835	20	21	22	23	24	25	26	77	#
93	9.38835	21	22	23	24	25	26	27	77	#
94	9.38835	22	23	24	25	26	27	28	77	#
95	9.38835	23	24	25	26	27	28	29	77	#
96	9.38835	24	25	26	27	28	29	30	77	#
97	9.38835	25	26	27	28	29	30	31	77	#
98	9.38835	26	27	28	29	30	31	32	77	#
99	9.38835	27	28	29	30	31	32	33	77	#
100	9.38835	28	29	30	31	32	33	34	77	#
101	9.38835	29	30	31	32	33	34	35	77	#
102	9.38835	30	31	32	33	34	35	36	77	#
103	9.38835	31	32	33	34	35	36	37	77	#
104	9.38835	32	33	34	35	36	37	38	77	#
105	9.38835	33	34	35	36	37	38	39	77	#
106	9.38835	34	35	36	37	38	39	40	77	#
107	9.38835	35	36	37	38	39	40	41	77	#
108	9.38835	36	37	38	39	40	41	42	77	#
109	9.38835	37	38	39	40	41	42	43	77	#
110	9.38835	38	39	40	41	42	43	44	77	#
111	9.38835	39	40	41	42	43	44	45	77	#
112	9.38835	40	41	42	43	44	45	46	77	#
113	9.38835	41	42	43	44	45	46	47	77	#
114	9.38835	42	43	44	45	46	47	48	77	#
115	9.38835	43	44	45	46	47	48	49	77	#
116	9.38835	44	45	46	47	48	49	50	77	#
117	9.38835	45	46	47	48	49	50	51	77	#
118	9.38835	46	47	48	49	50	51	52	77	#
119	9.38835	47	48	49	50	51	52	53	77	#
120	9.38835	48	49	50	51	52	53	54	77	#
121	9.38835	49	50	51	52	53	54	55	77	#
122	9.38835	50	51	52	53	54	55	56	77	#
123	9.38835	51	52	53	54	55	56	57	77	#
124	9.38835	52	53	54	55	56	57	58	77	#
125	9.38835	53	54	55	56	57	58	59	77	#
126	9.38835	54	55	56	57	58	59	60	77	#
127	9.38835	55	56	57	58	59	60	61	77	#
128	9.38835	56	57	58	59	60	61	62	77	#
129	9.38835	57	58	59	60	61	62	63	77	#
130	9.38835	58	59	60	61	62	63	64	77	#
131	9.38835	59	60	61	62	63	64	65	77	#
132	9.38835	60	61	62	63	64	65	66	77	#
133	9.38835	61	62	63	64	65	66	67	77	#
134	9.38835	62	63	64	65	66	67	68	77	#
135	9.38835	63	64	65	66	67	68	69	77	#
136	9.38835	64	65	66	67	68	69	70	77	#
137	9.38835	65	66	67	68	69	70	71	77	#
138	9.38835	66	67	68	69	70	71	72	77	#
139	9.01281	67	68	69	70	71	72	73	77	#
140	9.01281	68	69	70	71	72	73	74	77	#
141	9.01281	69	70	71	72	73	74	75	77	#
142	13.8135	0	1	2	3	4	5	6	7	8	9	78	#
143	13.8135	1	2	3	4	5	6	7	8	9	10	78	#
144	13.8135	2	3	4	5	6	7	8	9	10	11	78	#
145	13.8135	3	4	5	6	7	8	9	10	11	12	78	#
146	13.8135	4	5	6	7	8	9	10	11	12	13	78	#
147	13.8135	5	6	7	8	9	10	11	12	13	14	78	#
148	13.8135	6	7	8	9	10	11	12	13	14	15	78	#
149	13.8135	7	8	9	10	11	12	13	14	15	16	78	#
150	13.8135	8	9	10	11	12	13	14	15	16	17	78	#
151	13.8135	9	10	11	12	13	14	15	16	17	18	78	#
152	5.49709	0	1	2	3	4	5	79	#
153	5.49709	1	2	3	4	5	6	79	#
154	5.49709	2	3	4	5	6	7	79	#
155	5.49709	3	4	5	6	7	8	79	#
156	5.49709	4	5	6	7	8	9	79	#
157	5.49709	5	6	7	8	9	10	79	#
158	5.49709	6	7	8	9	10	11	79	#
159	5.49709	7	8	9	10	11	12	79	#
160	5.49709	8	9	10	11	12	13	79	#
161	5.49709	9	10	11	12	13	14	79	#
162	5.49709	10	11	12	13	14	15	79	#
163	5.49709	11	12	13	14	15	16	79	#
164	5.49709	12	13	14	15	16	17	79	#
165	5.49709	13	14	15	16	17	18	79	#
166	5.49709	14	15	16	17	18	19	79	#
167	5.49709	15	16	17	18	19	20	79	#
168	5.49709	16	17	18	19	20	21	79	#
169	5.49709	17	18	19	20	21	22	79	#
170	5.49709	18	19	20	21	22	23	79	#
171	5.49709	19	20	21	22	23	24	79	#
172	5.49709	20	21	22	23	24	25	79	#
173	5.49709	21	22	23	24	25	26	79	#
174	5.49709	22	23	24	25	26	27	79	#
175	5.49709	23	24	25	26	27	28	79	#
176	5.49709	24	25	26	27	28	29	79	#
177	5.49709	25	26	27	28	29	30	79	#
178	5.49709	26	27	28	29	30	31	79	#
179	5.49709	27	28	29	30	31	32	79	#
180	5.49709	28	29	30	31	32	33	79	#
181	5.49709	29	30	31	32	33	34	79	#
182	5.49709	30	31	32	33	34	35	79	#
183	5.49709	31	32	33	34	35	36	79	#
184	5.49709	32	33	34	35	36	37	79	#
185	5.49709	33	34	35	36	37	38	79	#
186	5.49709	34	35	36	37	38	39	79	#
187	5.49709	35	36	37	38	39	40	79	#
188	5.49709	36	37	38	39	40	41	79	#
189	5.49709	37	38	39	40	41	42	79	#
190	5.49709	38	39	40	41	42	43	79	#
191	5.49709	39	40	41	42	43	44	79	#
192	5.49709	40	41	42	43	44	45	79	#
193	5.49709	41	42	43	44	45	46	79	#
194	5.49709	42	43	44	45	46	47	79	#
195	5.49709	43	44	45	46	47	48	79	#
196	5.49709	44	45	46	47	48	49	79	#
197	5.49709	45	46	47	48	49	50	79	#
198	5.49709	46	47	48	49	50	51	79	#
199	5.49709	47	48	49	50	51	52	79	#
200	5.49709	48	49	50	51	52	53	79	#
201	5.49709	49	50	51	52	53	54	79	#
202	5.49709	50	51	52	53	54	55	79	#
203	5.49709	51	52	53	54	55	56	79	#
204	5.49709	52	53	54	55	56	57	79	#
205	5.49709	53	54	55	56	57	58	79	#
206	5.49709	54	55	56	57	58	59	79	#
207	5.49709	55	56	57	58	59	60	79	#
208	5.49709	56	57	58	59	60	61	79	#
209	5.49709	57	58	59	60	61	62	79	#
210	5.49709	58	59	60	61	62	63	79	#
211	5.49709	59	60	61	62	63	64	79	#
212	5.49709	60	61	62	63	64	65	79	#
213	5.49709	61	62	63	64	65	66	79	#
214	5.49709	62	63	64	65	66	67	79	#
215	5.49709	63	64	65	66	67	68	79	#
216	5.49709	64	65	66	67	68	69	79	#
